170
131
133
139
842
489
230
286
312
393
493
258
573
604
667
143
173
183
288
298
330
341
457
628
640
706
726
774
120
193
225
247
293
309
735
761
204
244
261
296
331
337
361
381
441
448
626
629
694
848
228
238
269
285
325
329
389
402
592
599
653
89
95
104
106
114
116
119
134
151
154
156
179
212
246
262
266
318
340
352
394
549
569
595
616
673
697
894
93
103
127
136
167
184
267
295
322
332
335
351
362
562
862
92
108
196
222
250
255
256
282
291
311
326
368
422
423
482
491
502
509
593
608
631
718
757
791
836
850
852
874
67
96
113
124
178
205
237
248
289
290
294
308
316
385
387
395
400
401
525
539
571
585
648
690
797
118
152
164
182
203
209
220
233
260
265
271
274
299
305
320
333
369
373
388
392
405
412
471
511
529
532
568
601
635
685
762
817
824
826
864
893
73
142
157
172
200
231
232
279
292
319
339
359
382
417
430
500
501
518
552
580
581
589
644
660
680
684
686
691
714
730
814
900
91
97
122
123
129
141
175
195
257
277
281
356
367
386
404
406
436
540
542
554
566
579
594
602
612
615
675
677
703
719
737
794
895
140
146
153
159
168
171
180
215
241
245
259
263
315
343
353
439
450
453
459
467
485
533
547
563
613
627
633
634
642
645
693
699
732
770
786
819
87
107
158
160
161
169
199
254
276
304
306
307
338
346
364
396
434
452
456
466
476
504
545
551
567
614
621
637
668
700
723
727
741
753
764
803
816
859
886
908
94
105
165
224
251
264
348
378
398
455
475
528
557
597
600
624
651
654
655
666
708
758
812
847
855
884
126
144
149
174
202
211
243
280
301
327
336
342
375
424
435
442
458
465
474
486
496
535
546
591
681
707
713
716
724
738
739
744
749
769
810
820
920
60
68
207
214
217
221
226
253
270
272
273
324
349
363
366
372
391
415
431
460
483
494
495
499
503
506
508
512
550
598
610
622
670
687
709
715
750
777
778
780
790
807
809
818
832
841
843
849
909
954
77
79
83
90
130
138
148
210
216
234
275
284
347
440
463
513
514
521
555
570
575
606
618
638
663
702
711
721
754
781
827
869
898
902
921
943
953
100
121
125
147
155
162
189
190
235
240
302
303
355
358
399
403
407
408
444
469
507
515
519
520
548
611
674
728
746
759
773
783
796
879
899
923
926
84
98
101
145
150
187
218
223
229
242
345
377
383
390
464
523
531
556
560
605
641
650
662
665
669
682
683
689
731
733
831
838
866
880
889
924
938
63
109
128
197
201
283
314
323
370
380
411
426
516
526
553
582
620
652
657
672
696
748
763
792
801
830
860
881
882
887
890
927
940
38
55
81
166
186
239
300
321
414
416
427
449
451
505
522
524
574
578
617
630
643
756
788
802
806
811
822
829
845
857
861
870
896
910
916
929
52
111
117
132
350
371
397
409
410
438
478
497
534
537
559
564
647
720
725
743
767
833
834
844
865
872
883
62
71
80
110
135
176
185
208
219
428
443
454
480
527
536
543
576
588
607
619
659
676
698
736
747
766
813
825
839
851
868
871
897
906
907
912
917
57
115
137
181
194
198
252
287
310
317
468
477
510
538
587
596
649
701
771
772
799
804
821
823
846
854
903
911
922
931
43
58
297
328
357
432
447
461
488
544
558
572
586
625
705
729
782
785
867
888
891
955
54
70
78
85
249
278
344
354
376
413
565
646
704
712
784
793
798
808
876
913
915
933
942
59
66
69
72
86
313
334
419
445
446
479
541
679
765
787
840
905
918
25
51
99
177
206
227
268
360
481
492
623
639
768
828
835
863
914
928
946
33
75
102
163
192
379
421
490
517
530
609
658
751
779
837
925
934
948
957
34
42
88
188
236
577
603
661
734
760
901
966
213
429
462
498
671
710
722
742
932
936
45
561
632
755
805
19
44
65
82
470
472
473
590
935
937
944
949
64
191
365
433
873
939
112
374
425
664
740
752
800
885
892
980
29
48
61
636
815
853
858
941
49
418
437
584
795
919
945
952
956
53
420
583
775
963
973
20
23
47
678
717
877
484
692
695
745
776
30
36
40
656
789
878
930
950
958
979
31
74
384
904
951
10
875
965
989
688
960
961
76
487
11
976
981
46
975
14
15
21
972
856
22
39
50
16
969
962
964
987
35
37
12
24
27
947
974
971
32
959
970
18
26
41
56
983
984
17
968
982
28
985
967
0
988
992
4
6
977
993
991
978
998
2
9
995
986
994
999
7
13
8
990
997
5
1
3
996
341
604
288
298
131
133
573
595
726
735
842
204
244
640
706
129
154
258
269
286
293
299
325
329
393
581
585
599
637
667
694
127
143
153
158
173
179
183
196
230
330
340
352
489
509
539
592
616
628
732
761
819
836
104
139
170
212
228
245
261
290
312
337
362
448
491
532
549
593
594
622
626
631
638
648
677
714
894
114
124
165
180
184
193
205
224
246
255
262
267
270
282
285
289
292
295
296
308
318
319
320
339
368
467
476
504
511
533
545
569
629
673
690
691
697
699
730
739
852
874
93
106
116
119
136
152
156
169
200
203
238
247
248
250
253
256
259
266
291
306
307
331
361
389
412
474
482
493
525
542
552
568
579
580
589
635
686
707
749
757
762
786
797
826
848
886
895
73
89
96
103
108
118
164
171
172
174
178
182
215
220
225
232
233
237
265
273
304
305
326
333
351
366
381
387
388
394
402
404
422
439
441
471
500
502
546
548
563
582
608
612
621
644
655
660
663
666
703
718
719
733
791
120
141
151
159
160
167
199
207
222
231
252
254
257
260
274
294
309
332
348
385
458
501
518
550
551
560
566
575
605
606
615
633
680
681
684
700
711
727
774
824
864
90
92
95
97
140
145
149
161
162
168
195
209
243
251
280
315
316
322
327
338
342
347
353
364
369
370
386
397
400
424
430
431
436
477
512
519
524
528
529
555
567
571
588
597
600
602
613
642
653
668
685
713
720
723
724
738
753
754
764
769
773
778
790
816
850
859
860
900
67
79
91
105
121
122
126
134
142
146
210
211
217
219
221
226
241
271
275
279
281
321
335
343
363
378
392
398
405
407
417
442
457
459
465
485
488
496
506
507
537
540
557
578
591
598
611
634
643
649
674
687
693
702
708
728
744
758
759
777
781
794
807
847
869
881
893
896
903
954
94
100
123
130
138
148
218
223
229
234
263
276
303
324
336
358
359
367
373
382
395
406
423
438
444
453
456
460
494
505
514
516
521
522
556
559
562
570
576
577
601
607
610
625
627
652
659
665
670
675
682
683
716
737
747
780
838
845
849
854
861
862
887
889
908
81
109
113
117
176
189
214
216
235
272
277
284
345
346
349
356
399
401
408
414
432
435
455
464
466
478
503
526
531
535
538
553
554
574
618
645
654
701
736
750
766
770
783
792
801
814
817
829
831
833
840
882
943
953
110
115
132
202
240
264
287
311
334
375
391
403
416
427
434
452
475
483
495
515
527
558
565
614
620
639
651
715
721
741
746
756
763
788
799
802
803
804
818
822
832
841
884
898
899
902
906
909
911
921
938
66
69
87
98
99
107
144
147
150
155
157
188
201
242
278
283
297
300
302
314
372
411
415
486
497
499
508
536
596
624
657
662
696
698
709
725
748
782
809
810
820
821
827
843
855
871
883
891
929
38
60
77
84
101
166
175
186
198
227
301
310
323
344
350
355
357
380
383
409
426
443
445
447
450
454
469
520
544
547
564
603
617
658
661
676
705
729
731
743
798
823
830
839
851
905
907
916
923
926
58
62
125
128
135
137
187
191
208
213
354
371
390
413
429
449
451
492
513
646
647
672
679
689
742
768
771
787
793
796
806
811
813
844
857
865
867
868
870
910
935
68
82
83
181
192
194
197
239
249
328
410
428
440
479
490
530
543
561
572
586
609
619
630
641
734
765
805
825
834
866
879
917
925
51
52
55
70
78
111
190
376
396
463
510
583
587
650
704
767
812
872
918
920
924
933
934
942
48
59
102
177
206
268
377
481
523
590
623
671
712
722
745
751
772
779
784
846
863
876
912
922
927
42
54
57
71
80
88
163
313
365
419
461
468
472
473
480
534
692
785
808
880
890
892
897
931
941
945
955
43
86
185
421
425
433
517
664
678
710
740
837
901
936
937
948
33
53
63
75
236
317
374
498
541
669
717
752
760
888
914
915
940
49
360
384
418
437
470
632
656
688
695
800
835
873
885
958
966
36
45
61
828
853
858
919
928
932
946
34
64
72
76
487
584
636
913
939
949
952
960
23
25
40
112
379
446
755
815
875
904
65
85
950
957
29
47
462
484
775
789
877
878
956
44
420
930
944
951
15
963
19
46
776
795
856
973
20
31
74
980
35
972
979
14
10
11
975
961
964
39
50
969
989
962
965
976
22
30
947
959
27
974
21
24
56
981
12
37
987
982
17
32
16
971
970
41
983
984
967
985
18
26
968
991
992
0
6
4
998
28
978
988
9
977
993
2
999
990
7
8
995
986
13
994
997
5
1
3
996
604
341
573
129
131
244
288
298
735
819
133
154
204
393
595
667
694
706
726
761
842
143
179
269
325
329
489
539
592
593
622
628
640
127
139
153
158
173
183
196
212
230
258
286
293
299
340
352
467
509
532
533
545
581
585
599
616
631
714
786
141
169
170
180
224
245
292
296
308
319
330
337
448
511
548
568
594
605
637
648
677
690
730
732
739
762
852
886
104
119
149
165
172
184
193
200
205
228
233
238
246
255
256
261
262
267
270
282
285
289
290
326
361
362
474
482
491
493
542
546
549
582
589
626
629
635
638
673
686
691
699
700
703
749
836
874
894
106
114
124
134
136
152
156
160
164
171
178
215
237
248
250
266
291
305
306
312
318
339
364
385
404
471
476
502
504
525
555
557
569
606
655
660
685
697
719
757
797
73
89
93
103
105
108
116
118
120
145
151
159
167
182
199
203
225
247
252
253
259
273
274
295
304
307
320
353
368
387
400
405
458
500
501
518
550
551
552
575
580
621
663
707
718
723
724
733
744
753
773
774
778
790
791
816
826
848
895
96
97
168
174
209
220
231
232
243
257
260
265
331
333
338
366
381
388
389
394
407
412
422
431
439
465
496
506
512
528
529
540
560
563
567
579
602
615
633
642
666
668
681
684
711
727
728
738
754
758
759
764
777
847
864
893
91
92
94
122
138
146
148
162
207
218
219
222
280
281
294
309
315
316
327
332
342
343
347
348
351
367
370
382
386
402
424
430
436
441
477
485
507
519
522
524
537
566
571
578
588
597
600
601
612
613
618
644
654
675
680
682
693
713
756
766
769
794
824
850
859
900
79
81
90
95
109
121
132
140
142
161
189
202
210
211
217
221
229
241
251
254
271
275
276
279
284
297
356
358
369
392
395
397
403
432
444
455
457
459
460
466
469
488
503
515
516
538
554
559
570
591
598
608
611
627
634
643
645
649
652
659
701
720
736
746
747
750
781
802
814
838
845
860
869
881
903
908
110
113
115
130
147
195
214
216
223
226
263
321
335
345
363
375
378
398
401
406
417
453
456
464
483
495
514
521
526
553
556
562
574
576
653
657
665
674
683
687
702
741
763
780
788
792
801
803
805
809
822
829
831
840
841
854
861
862
882
883
896
954
69
100
123
126
155
176
227
234
272
283
287
303
322
334
346
359
372
373
383
408
414
434
435
438
442
494
505
520
527
531
535
596
607
610
614
625
670
708
715
737
783
798
807
817
827
830
832
833
887
889
906
921
943
98
107
117
125
144
175
188
235
240
264
310
314
324
336
349
350
399
423
427
447
454
478
486
564
565
577
639
658
661
662
716
743
804
810
813
834
849
865
870
884
899
902
909
911
929
938
953
66
67
87
99
137
166
277
278
300
301
302
311
416
429
443
445
450
452
475
492
508
536
544
558
617
620
676
696
698
721
731
748
770
799
811
818
820
821
823
871
891
898
38
83
84
101
157
186
194
198
213
242
323
354
355
371
391
409
411
415
440
451
497
513
517
547
583
624
641
646
651
672
689
709
725
729
734
742
768
771
782
793
796
806
839
844
851
857
905
910
917
58
62
70
77
102
128
150
181
187
190
197
201
208
357
377
390
413
426
428
463
479
490
499
523
603
630
647
679
705
722
784
785
843
855
868
907
916
926
934
935
55
60
68
135
191
192
239
344
380
449
510
543
572
650
671
692
745
765
767
772
787
825
901
923
925
52
111
163
249
410
472
530
534
561
586
587
609
619
623
704
751
779
812
846
866
867
872
873
879
880
927
48
51
57
78
82
177
206
268
365
376
384
396
418
437
468
480
481
498
590
688
712
740
837
918
920
924
933
945
54
80
328
433
461
632
678
695
752
808
863
888
922
931
942
34
53
59
86
88
313
419
421
473
487
541
664
755
760
828
835
876
890
912
919
941
948
42
63
71
75
185
236
317
360
374
425
584
669
710
885
892
897
914
915
936
937
33
43
64
76
470
656
800
853
904
932
940
955
958
960
36
49
85
112
462
636
717
858
913
25
45
61
446
815
928
949
952
23
40
379
484
789
878
957
65
72
420
775
795
856
875
946
966
47
939
950
951
956
29
776
944
877
19
20
44
930
963
973
15
35
46
74
14
980
10
31
975
979
30
50
972
961
11
39
947
962
964
969
976
22
959
981
989
965
974
24
56
987
27
37
12
982
17
41
16
21
32
983
971
984
18
970
26
967
985
992
968
977
4
6
991
998
28
0
988
978
9
993
999
7
990
2
8
995
13
997
986
994
5
1
3
996
819
604
129
288
548
595
637
153
154
244
341
581
158
245
585
224
467
165
298
546
735
204
270
545
582
622
732
739
252
474
573
638
329
593
594
605
667
726
273
592
299
539
557
588
640
706
319
504
550
616
677
694
730
733
886
196
269
292
533
542
599
631
711
786
131
179
308
509
532
663
714
141
325
749
773
183
537
575
174
180
253
393
476
477
621
686
703
720
903
143
145
259
340
397
488
643
648
699
852
127
152
188
290
511
606
666
700
836
874
293
431
560
649
761
169
258
339
555
568
577
578
691
173
200
256
305
307
318
500
589
600
762
840
133
149
172
205
321
352
524
580
607
639
655
660
674
707
753
756
801
250
404
439
448
538
552
598
635
742
860
896
104
105
162
212
219
237
248
257
267
289
327
366
370
690
738
778
842
854
156
164
215
230
261
282
304
478
563
626
701
719
124
178
184
191
207
227
306
320
432
506
602
628
629
683
728
736
766
822
159
199
217
233
291
348
387
458
489
491
507
556
559
702
759
911
81
182
203
342
368
521
522
565
579
583
603
618
658
745
826
847
79
223
243
255
337
364
471
512
525
611
612
681
754
768
769
805
894
115
121
171
218
262
295
334
362
526
528
551
574
597
625
652
661
723
747
799
99
286
296
326
347
438
502
514
518
693
724
757
790
797
895
106
110
119
132
228
231
232
266
287
385
516
659
665
684
697
722
777
816
869
882
148
160
412
424
482
496
505
553
566
567
591
644
654
673
682
687
792
807
838
889
161
168
220
238
280
285
297
330
358
388
407
408
464
576
670
713
69
118
136
189
213
221
315
344
361
429
483
549
727
744
746
783
845
861
73
90
109
117
139
274
501
503
519
558
642
718
750
833
97
146
195
216
251
353
430
515
569
633
688
758
781
114
209
246
284
345
460
763
788
804
831
859
53
66
93
211
226
229
275
276
384
403
529
678
881
116
193
367
386
444
492
570
615
627
793
824
829
100
103
108
142
281
316
530
531
613
668
696
802
122
151
176
192
210
350
365
405
414
447
485
495
527
685
899
954
89
92
94
96
167
260
312
338
357
363
378
413
465
520
620
676
698
764
791
823
868
905
906
934
130
214
310
332
608
610
656
657
832
871
891
900
82
140
202
254
383
455
494
535
680
844
138
155
333
400
422
442
445
544
645
646
679
692
134
147
177
234
263
331
517
572
734
787
794
813
864
883
48
222
265
272
303
336
389
394
398
456
490
564
743
825
91
126
235
283
314
369
381
392
459
497
571
780
782
806
809
917
921
943
953
247
278
294
443
487
493
540
839
850
958
70
241
300
416
436
725
740
887
893
909
938
240
324
335
343
671
731
752
771
798
848
867
892
960
102
137
170
417
454
617
647
695
811
827
851
98
201
372
399
427
466
536
634
821
857
910
38
58
186
249
279
374
475
479
664
830
865
898
123
125
426
554
596
849
908
929
935
936
945
76
144
242
356
373
380
395
402
434
499
834
95
135
187
225
435
453
302
322
354
411
452
561
614
630
705
708
942
107
194
371
382
406
441
590
653
729
51
181
409
587
751
803
837
925
351
425
437
451
624
662
716
717
765
870
198
401
601
609
933
87
101
264
271
323
349
375
472
632
672
675
710
715
86
120
150
419
428
469
748
800
858
166
197
346
35
376
415
818
846
918
49
268
301
543
902
78
128
498
586
907
784
163
391
774
873
901
359
481
760
84
513
584
721
779
841
855
937
54
355
390
623
767
808
863
919
111
450
473
885
185
470
547
619
814
862
872
43
206
636
741
820
843
52
208
328
423
440
449
457
510
651
810
785
888
923
33
309
508
948
62
463
23
60
67
433
486
541
40
42
239
418
884
88
421
562
952
77
770
904
926
377
468
641
950
57
61
916
113
236
277
311
828
866
951
36
737
772
941
80
712
878
817
15
689
704
912
55
68
190
890
64
480
75
534
650
112
461
523
835
59
922
879
34
360
914
796
897
775
47
45
65
853
175
815
913
876
927
669
709
856
920
776
789
83
410
484
755
915
969
313
157
964
875
880
812
949
959
71
931
29
396
379
20
955
924
939
932
877
85
966
14
972
957
39
46
462
19
63
317
974
930
956
795
420
962
987
946
947
32
446
25
74
940
10
17
12
963
22
72
998
56
980
44
979
24
967
706
244
170
393
573
595
120
133
154
179
258
352
539
568
640
667
143
204
205
212
288
341
361
482
714
735
786
819
103
129
131
183
228
261
269
293
298
299
340
351
489
585
592
604
842
93
124
171
173
200
215
230
238
247
329
330
337
362
467
491
529
532
533
562
581
593
599
626
631
635
697
699
726
761
852
89
139
141
153
172
196
260
265
267
285
290
308
309
318
325
471
474
493
519
616
690
691
694
703
757
774
816
886
928
92
116
138
158
165
167
193
225
237
245
255
262
276
282
286
289
331
333
364
387
412
457
509
518
545
552
555
580
605
655
673
677
685
686
707
724
732
749
841
850
864
893
894
895
104
119
127
134
152
159
168
169
184
199
224
233
246
250
256
259
270
273
274
284
291
292
294
296
305
307
312
319
338
369
388
402
404
405
422
476
500
502
528
549
551
560
563
569
589
602
606
622
628
629
637
727
728
738
758
778
791
794
797
814
817
848
862
874
883
908
73
95
108
118
149
151
156
164
174
178
180
209
220
226
232
248
251
252
254
257
279
295
306
316
320
322
326
332
343
345
347
349
370
392
394
435
441
448
465
496
501
504
511
525
540
567
582
594
615
621
634
648
660
668
680
684
711
718
723
739
762
766
790
826
836
96
97
114
122
136
148
175
182
203
231
253
266
271
280
315
327
339
353
356
366
385
386
398
400
431
444
458
469
485
526
542
546
559
571
575
579
600
608
617
633
638
644
645
663
681
700
719
733
737
741
744
777
809
831
847
881
954
90
106
140
142
145
146
160
210
219
222
241
243
281
304
342
348
368
375
381
382
389
406
417
430
432
459
477
486
494
507
515
537
557
570
578
591
597
598
601
610
612
613
614
653
666
708
713
730
754
756
769
773
781
802
813
824
827
869
884
887
900
902
903
94
113
121
132
162
214
234
263
264
359
367
395
397
401
407
423
424
434
439
453
456
460
488
495
503
505
506
512
524
548
550
576
588
618
620
625
642
643
649
651
659
682
693
715
716
720
746
753
759
764
780
783
788
792
803
804
834
838
840
845
849
854
859
91
98
105
109
123
126
202
207
211
218
221
223
229
275
297
300
303
323
334
346
358
363
373
378
391
436
438
442
455
463
464
466
483
521
527
538
553
554
566
596
607
611
627
652
654
665
674
675
698
729
747
748
750
763
801
805
806
807
818
829
830
843
861
871
880
882
921
943
79
100
115
137
155
166
186
188
189
195
216
227
235
240
310
321
324
335
354
383
399
408
414
415
445
452
454
475
478
508
514
516
535
547
556
564
574
587
670
676
683
687
701
702
709
725
736
770
772
796
798
799
810
812
832
833
860
889
896
898
906
909
926
938
38
60
69
83
125
128
130
144
147
157
161
176
198
217
272
277
283
287
311
314
336
357
372
403
411
416
429
440
443
447
450
479
513
520
522
531
577
619
624
641
672
771
820
821
822
823
844
855
870
899
953
68
81
99
101
107
150
181
190
201
239
278
301
302
355
371
396
410
492
510
523
534
536
543
558
565
603
639
646
657
661
679
705
734
851
866
867
891
910
929
55
58
67
77
84
117
163
187
192
208
242
313
344
409
427
449
451
499
530
544
572
586
623
650
658
662
704
721
743
784
785
793
811
839
853
857
865
879
905
916
923
925
935
66
87
102
194
213
350
376
377
380
418
425
426
428
480
497
583
689
692
696
731
742
745
888
907
911
917
920
927
931
944
59
62
70
71
110
135
191
197
317
413
462
468
472
517
561
609
630
647
722
765
767
779
782
808
825
872
876
897
922
941
80
360
384
390
437
490
590
669
751
768
837
863
868
873
901
912
919
924
933
937
88
111
177
185
365
421
433
461
481
671
712
740
760
787
835
890
915
918
934
940
948
43
51
52
54
57
82
206
249
268
328
419
473
541
656
664
678
755
789
828
846
913
932
34
63
75
76
78
236
484
487
498
632
688
695
717
752
815
875
885
892
945
955
48
53
64
86
379
420
446
470
584
775
800
856
878
914
936
958
23
33
45
49
85
374
636
710
942
949
956
957
960
42
877
904
946
966
25
36
72
795
939
950
31
61
112
973
65
776
858
951
952
29
40
47
963
44
50
930
975
15
20
74
11
14
46
976
979
980
35
961
19
989
10
30
962
37
947
965
981
964
982
983
27
39
972
21
22
41
969
56
959
971
24
16
26
970
987
18
974
984
12
17
32
985
968
992
6
977
991
967
0
4
978
28
9
7
988
998
993
999
2
995
13
990
994
997
8
986
3
1
5
996
120
706
393
170
595
212
562
244
568
573
351
361
539
154
205
352
640
714
667
133
529
215
269
482
735
103
143
179
309
341
491
592
238
258
261
585
635
786
89
171
340
457
93
124
129
183
200
204
247
265
299
329
362
699
819
893
230
276
293
308
519
533
599
697
816
260
288
298
330
489
532
842
228
318
581
690
778
167
290
337
387
474
593
686
757
814
841
852
141
153
158
165
174
196
255
262
279
284
289
349
388
392
552
555
560
580
631
655
691
864
883
886
895
92
116
119
131
138
173
259
285
545
626
694
707
724
726
732
749
794
850
199
225
267
325
331
333
370
402
405
467
471
493
761
774
817
848
894
908
73
139
172
245
252
270
273
305
412
518
637
680
703
739
758
887
95
148
224
226
237
250
254
286
294
307
338
364
369
528
563
582
602
604
605
606
616
634
677
685
711
718
727
766
797
874
881
104
122
152
159
168
169
256
306
326
343
345
347
394
435
444
476
500
569
621
673
719
728
862
954
178
184
193
209
282
296
312
315
319
386
404
432
458
465
501
504
509
526
578
615
617
628
733
738
754
791
903
127
134
140
145
164
182
231
241
246
251
257
266
295
316
327
332
540
542
546
549
559
597
620
645
660
741
809
831
847
97
149
232
271
274
291
320
322
398
431
477
502
571
588
591
613
622
668
790
902
118
136
146
151
180
203
219
253
280
292
422
485
494
496
515
567
589
633
638
663
769
772
804
826
827
836
861
869
884
90
108
132
210
233
234
248
334
339
342
348
366
375
441
495
511
525
601
608
644
648
649
666
684
708
744
781
792
805
843
845
854
900
106
142
156
220
243
263
281
304
356
357
397
401
488
551
557
575
594
600
612
700
713
715
720
777
783
813
859
882
109
113
121
162
166
188
297
300
353
359
373
417
438
448
459
464
486
579
610
614
651
659
746
756
763
796
806
840
880
943
38
96
98
123
175
207
214
264
321
368
381
382
395
430
434
439
445
456
469
507
548
553
598
607
629
643
652
653
723
725
759
762
799
802
803
824
833
838
849
871
921
198
223
278
313
363
383
400
424
505
506
524
550
570
576
611
625
676
681
687
730
737
773
780
788
798
830
891
929
160
192
201
211
222
310
367
385
407
423
429
453
460
478
527
587
665
701
729
747
801
807
829
834
860
896
909
58
91
99
100
105
195
221
235
240
275
323
335
358
389
399
406
408
537
538
566
618
642
670
748
771
812
820
822
889
898
60
114
115
186
189
216
227
303
336
346
414
415
463
479
522
543
574
596
674
698
709
750
753
764
818
821
823
853
925
926
935
938
68
69
79
84
94
157
229
283
314
355
391
410
442
454
483
503
508
512
514
516
531
577
627
679
682
693
702
716
832
844
851
855
867
899
953
55
83
137
144
161
181
218
287
324
452
475
521
536
554
556
564
639
654
683
870
906
916
923
66
102
126
155
176
202
217
242
378
396
492
646
650
661
736
742
770
811
839
866
905
917
941
77
101
117
125
187
190
213
301
344
354
372
409
416
510
520
535
544
547
558
583
586
603
619
623
907
931
128
150
191
239
277
317
376
411
455
466
572
624
641
704
705
722
793
810
879
911
919
928
130
147
272
371
418
443
450
451
534
565
658
734
745
865
873
888
910
922
927
59
107
425
440
447
449
513
530
672
784
876
890
901
937
67
81
110
163
302
380
384
436
675
743
857
872
920
934
208
311
480
523
590
647
657
662
825
835
948
958
62
350
360
403
413
427
499
692
721
768
856
863
897
912
933
70
87
135
194
428
437
609
696
765
779
782
785
915
918
940
945
53
54
82
88
185
197
490
656
731
751
787
808
837
868
885
892
43
51
76
177
365
426
433
497
678
740
767
34
48
249
472
473
669
695
932
955
956
960
49
64
111
328
419
468
689
877
878
23
45
71
206
421
487
517
630
632
664
815
828
846
936
80
374
377
390
561
671
717
913
52
78
236
481
484
752
760
800
944
966
461
462
914
924
946
950
963
57
75
688
712
875
904
942
949
63
268
498
775
957
789
25
33
36
44
86
541
584
952
379
420
470
636
710
755
951
47
858
40
42
61
85
112
446
979
72
939
29
973
15
35
795
962
65
776
930
31
976
980
46
975
50
74
964
14
20
959
989
947
961
969
972
11
10
19
39
983
981
24
965
982
56
27
37
974
22
21
971
987
41
30
12
32
970
17
967
16
984
968
985
26
991
6
992
18
978
998
0
9
993
4
977
988
999
28
7
990
2
995
994
8
997
13
986
1
5
3
706
393
489
573
595
120
154
244
529
568
640
667
819
133
143
183
204
288
340
361
457
491
532
592
593
604
616
631
714
735
786
124
129
131
170
179
205
212
258
305
325
329
352
533
539
585
599
605
635
686
726
842
141
167
200
215
230
269
293
298
308
337
341
351
362
387
401
404
431
435
467
471
482
493
496
500
537
552
626
690
761
778
864
89
139
153
158
165
173
196
233
260
261
262
267
299
318
338
367
385
405
460
469
476
502
504
509
511
545
555
560
562
569
575
580
581
582
602
606
622
655
694
697
724
814
816
848
886
92
103
119
134
136
138
149
156
169
172
224
228
238
245
259
285
286
291
292
296
330
331
345
402
412
441
448
465
474
494
501
507
519
525
526
528
546
548
557
571
589
617
621
628
629
668
673
677
685
699
703
718
739
749
758
790
791
850
893
93
116
127
142
148
152
164
171
182
184
193
199
209
225
237
247
248
250
256
266
273
276
282
289
290
295
306
309
319
326
375
392
395
422
432
439
440
456
458
485
488
495
503
506
518
542
549
563
567
578
600
634
637
660
691
707
730
732
738
757
762
766
774
794
797
817
852
874
73
105
132
145
151
168
174
178
203
219
231
232
255
257
271
274
284
294
312
315
316
322
333
342
343
348
349
358
364
369
378
381
388
398
400
407
424
430
434
438
444
454
455
464
466
477
512
521
540
550
551
553
559
579
594
598
608
611
613
620
645
648
653
654
666
684
700
711
713
719
723
727
728
754
756
773
792
805
847
862
895
908
96
97
104
106
118
121
159
180
210
214
220
246
251
252
253
263
281
304
307
320
327
332
347
356
366
372
382
383
386
389
394
403
406
417
459
486
515
524
538
547
554
556
566
570
574
576
586
587
588
591
597
601
607
612
615
618
625
638
643
644
659
663
665
674
681
693
698
701
715
733
744
746
747
750
769
777
780
781
802
804
809
813
826
827
836
854
859
861
869
883
894
900
98
108
109
113
122
144
146
155
160
226
243
270
279
280
300
323
339
353
354
359
368
370
397
408
423
429
443
447
453
475
478
483
505
510
535
564
610
624
633
642
651
657
676
680
683
708
741
753
783
788
807
831
838
840
841
954
81
95
114
125
162
166
189
202
207
227
229
240
241
264
265
287
297
303
321
346
391
415
436
442
452
463
479
520
596
627
649
652
661
682
687
716
720
736
748
798
810
812
822
829
832
833
834
845
851
880
881
884
887
889
898
902
903
909
90
94
100
115
123
128
140
161
175
186
188
195
211
218
222
223
234
239
254
275
310
311
314
334
335
336
363
373
411
416
445
462
468
492
499
508
513
514
516
517
522
523
527
531
558
583
609
614
670
672
709
737
759
763
764
784
793
799
801
803
806
818
823
824
830
849
882
906
921
79
91
107
126
130
147
192
216
217
221
283
302
313
324
355
377
399
414
427
428
437
450
451
472
530
534
536
565
577
639
646
725
729
734
743
771
772
843
844
866
870
871
891
899
935
943
83
101
110
157
198
235
272
301
350
357
360
396
421
425
426
449
480
543
603
619
641
658
675
689
702
705
770
796
820
855
860
929
938
38
69
137
150
163
176
181
213
278
344
371
376
390
410
413
544
572
623
630
650
669
692
722
760
765
789
811
821
837
853
867
905
911
920
925
953
55
68
84
99
102
117
185
194
201
208
242
277
317
365
380
384
409
418
473
481
497
541
590
647
662
696
710
721
731
740
742
745
767
768
779
785
825
835
839
888
896
910
926
927
58
60
80
87
135
177
191
197
446
487
561
671
679
704
751
857
863
865
868
872
873
876
890
901
907
913
916
917
922
923
57
59
67
70
77
111
187
190
419
433
461
490
632
656
782
787
808
828
879
897
912
919
933
934
937
941
62
66
71
75
268
328
420
484
498
584
664
678
717
800
885
915
918
928
931
34
43
53
76
236
470
755
846
892
924
940
945
23
52
54
82
88
249
379
636
688
695
712
775
815
856
878
904
948
955
33
48
51
63
64
85
86
206
752
776
795
875
45
49
78
112
374
877
932
936
949
858
944
958
36
65
914
942
956
960
42
61
72
939
951
946
950
952
957
963
25
29
966
973
40
44
47
74
14
15
20
930
31
35
50
980
962
979
10
19
30
46
11
947
22
961
976
981
39
975
989
37
964
982
965
983
24
41
56
959
21
27
972
969
26
971
16
987
974
12
18
32
17
970
985
968
977
984
992
967
6
991
28
4
0
978
998
7
9
999
988
993
2
995
13
994
997
990
8
986
3
1
5
996
457
120
706
604
288
341
622
735
819
129
131
298
548
573
581
637
726
224
595
638
694
730
153
154
158
467
509
545
594
616
180
204
244
325
329
476
511
593
648
667
732
739
842
127
133
245
448
504
532
546
550
592
599
631
677
761
773
114
169
173
196
270
292
319
542
557
582
585
605
628
629
640
703
749
762
143
179
183
258
269
286
293
339
340
393
489
512
537
589
600
681
700
706
836
886
81
165
218
230
253
299
506
575
626
663
714
136
139
152
160
172
184
233
252
273
291
296
306
308
404
439
474
533
539
566
643
691
707
733
852
105
156
207
220
248
256
266
282
312
320
330
337
352
362
368
385
477
488
502
507
524
525
549
565
569
577
598
607
612
642
660
673
686
720
757
759
860
874
106
118
141
149
164
203
217
228
232
243
246
250
255
262
267
285
289
290
295
304
305
318
397
407
424
431
458
478
491
500
521
551
555
556
579
580
588
621
674
690
699
719
753
786
826
854
894
104
108
119
145
178
193
205
237
259
274
307
326
342
366
389
400
436
460
471
560
563
568
578
597
602
611
618
666
683
685
693
702
723
724
747
764
790
840
896
79
94
124
159
162
229
257
261
358
378
387
403
412
493
501
516
535
538
576
633
635
644
655
659
682
684
697
711
713
736
769
777
791
797
801
845
847
73
97
126
161
171
174
176
182
199
212
219
227
275
287
303
327
331
348
353
367
408
422
430
442
483
496
505
514
528
552
553
574
606
639
649
654
670
675
687
718
738
750
756
802
807
906
96
109
110
115
134
151
200
210
216
221
238
280
316
321
364
381
427
441
455
466
482
503
518
558
567
613
625
657
668
696
701
727
728
744
781
824
848
859
864
895
899
99
103
116
117
130
132
168
170
189
215
222
251
297
302
315
338
347
350
361
370
394
406
426
432
465
485
497
522
529
571
591
603
608
610
615
627
652
658
665
778
782
792
799
823
861
869
900
911
69
93
142
146
188
195
202
209
211
223
225
231
272
281
332
333
363
382
386
399
414
438
447
519
526
540
554
559
561
570
583
653
661
742
745
746
788
822
829
832
881
889
903
910
66
89
90
91
100
121
140
147
167
214
247
324
343
344
345
388
395
405
413
417
435
456
499
515
520
531
630
645
688
698
716
734
754
758
763
766
774
780
783
794
816
833
838
882
921
92
138
155
177
191
235
260
263
314
356
369
398
402
416
429
443
459
464
475
490
494
495
517
547
646
692
708
721
731
743
768
805
810
831
857
867
905
953
70
82
148
194
240
265
283
294
335
336
346
372
411
444
454
469
513
527
544
564
620
680
793
804
813
821
834
908
938
87
98
107
137
144
226
241
254
264
277
322
334
380
390
391
423
434
452
453
472
492
530
572
617
624
634
662
671
678
705
712
725
737
740
765
767
787
809
849
850
862
868
871
898
917
954
122
135
150
208
242
249
310
311
323
351
354
371
373
392
481
587
601
609
647
656
672
679
748
751
798
818
827
830
837
839
844
865
870
887
891
893
943
48
67
86
123
128
213
234
271
284
359
365
383
409
415
445
450
451
457
479
508
596
614
729
770
771
785
803
806
817
907
909
925
936
942
101
125
186
187
268
276
300
375
377
401
419
440
536
590
651
664
689
695
710
715
752
808
811
855
883
933
934
935
58
78
95
113
192
197
279
357
384
428
468
470
486
487
510
541
676
717
722
741
775
779
784
814
825
851
866
884
902
924
929
42
52
53
62
77
120
163
166
278
301
309
449
586
619
636
641
704
800
820
841
846
872
897
918
945
51
60
111
198
201
239
355
421
425
437
463
498
562
760
892
923
926
937
38
57
76
80
102
181
190
328
349
374
376
461
650
709
863
916
33
43
55
175
206
473
523
584
632
879
888
901
927
960
36
83
84
236
418
480
534
543
623
912
914
71
75
88
157
185
410
433
669
755
796
828
843
858
875
885
919
49
59
360
462
789
812
853
876
880
913
920
941
948
958
54
61
776
815
873
904
922
939
68
835
950
951
34
35
40
63
65
313
772
890
931
64
112
379
396
420
484
795
856
878
952
955
23
317
446
915
957
85
932
949
15
45
47
72
877
930
928
966
46
940
20
29
946
25
956
972
14
947
969
19
31
39
964
944
74
959
963
973
11
22
50
10
44
962
37
982
30
56
961
980
12
17
21
974
979
987
24
41
975
32
965
971
27
983
18
976
989
967
985
981
984
26
992
16
970
6
998
977
7
978
993
0
968
991
4
9
28
988
999
2
995
990
986
997
8
13
994
3
5
1
996
604
288
341
298
573
637
726
735
819
131
154
244
581
129
153
329
595
158
224
509
585
622
204
245
548
599
616
638
730
269
270
545
592
640
694
732
196
299
504
542
546
594
667
677
127
133
253
258
286
308
319
325
339
448
467
550
593
739
836
842
165
180
183
293
340
476
532
582
631
648
706
179
273
292
511
628
629
663
749
761
773
143
173
230
252
256
318
368
393
439
474
489
539
626
686
714
733
886
136
152
184
259
282
290
295
320
533
537
588
589
666
711
852
894
106
114
156
164
169
207
248
250
296
306
524
557
566
569
600
621
643
691
699
700
719
720
762
860
874
220
228
255
261
266
267
289
291
307
312
330
352
397
549
575
577
580
605
612
660
690
703
707
81
104
139
162
178
182
203
217
233
246
262
304
305
326
337
404
477
488
491
500
525
579
642
673
674
702
826
118
141
145
160
172
174
232
237
257
285
362
366
424
431
458
506
552
563
578
598
644
753
757
786
797
896
73
105
108
124
149
161
193
205
212
218
243
321
327
342
348
385
471
478
502
507
512
521
556
560
607
683
697
769
79
119
195
200
275
381
389
514
551
565
611
635
649
655
681
684
718
759
801
824
903
116
159
171
221
238
274
315
331
358
387
388
407
412
555
568
574
591
597
606
608
618
633
639
682
687
693
701
713
736
764
807
847
854
895
94
96
97
110
117
151
199
215
219
222
223
231
280
287
353
370
394
408
422
436
493
516
518
522
538
558
625
665
670
727
738
777
790
791
840
911
126
140
142
176
211
216
227
229
251
347
361
400
430
441
442
482
505
576
602
615
659
696
723
728
747
90
99
103
121
130
146
168
189
191
209
265
363
378
403
460
497
501
528
535
553
559
567
613
627
652
658
724
756
781
782
833
845
861
881
889
900
93
100
109
115
170
210
281
316
332
386
438
483
531
603
610
654
754
792
799
822
869
882
66
89
188
272
333
335
336
344
364
402
414
485
503
571
653
685
742
750
763
768
778
829
832
848
859
899
906
953
69
82
91
167
225
235
247
254
294
302
303
324
350
367
398
413
427
432
455
459
496
661
668
680
744
746
838
92
132
147
214
334
338
369
399
426
464
466
494
499
526
570
583
675
758
787
816
831
864
868
910
942
134
148
202
226
234
241
263
416
417
465
475
519
527
544
646
657
745
766
783
802
821
839
67
122
123
213
260
283
297
322
373
380
429
443
447
456
490
495
520
529
554
678
688
708
721
731
743
780
788
849
850
943
954
87
177
343
382
395
405
406
411
444
452
453
492
515
530
540
561
620
671
679
716
857
867
905
95
135
155
242
249
314
345
346
392
645
774
793
794
804
823
891
898
921
48
70
78
107
150
240
264
271
279
365
372
536
564
572
601
634
647
725
734
737
871
887
936
938
98
277
310
357
359
409
445
624
630
662
698
805
818
825
844
893
909
933
42
53
86
101
137
138
144
194
201
276
278
284
300
311
351
390
391
423
434
705
740
752
806
813
865
908
917
934
51
186
187
268
356
371
435
609
664
672
676
692
722
770
771
803
809
855
907
935
58
128
192
208
323
383
415
450
454
481
517
547
596
656
729
748
751
765
767
798
830
892
929
52
197
198
328
354
419
457
590
614
617
651
710
712
715
717
827
837
851
923
925
38
60
77
111
125
309
374
428
451
479
508
513
800
810
811
820
862
870
884
926
33
62
102
301
401
470
779
808
846
902
918
945
181
206
355
375
384
425
834
872
883
958
84
120
349
472
541
695
43
113
166
239
449
486
487
498
586
619
689
863
960
49
57
163
376
377
469
510
587
704
741
916
80
636
817
858
897
924
88
421
440
461
473
543
562
641
709
760
784
785
843
914
937
40
61
185
433
468
841
912
54
55
190
584
623
814
866
35
36
76
236
463
632
879
885
939
948
71
68
75
157
888
941
952
175
437
480
775
876
922
950
83
410
523
796
875
901
15
23
59
650
890
920
951
418
828
927
534
47
112
919
931
955
45
63
65
815
972
64
669
878
966
360
772
835
904
812
913
949
957
396
873
755
776
932
46
789
853
915
969
72
34
313
880
930
964
379
484
20
946
29
928
19
25
317
877
85
462
856
39
795
31
940
446
947
959
12
14
420
956
17
74
22
980
11
32
974
56
987
963
10
962
979
944
44
973
982
24
50
37
975
27
965
21
961
967
30
971
998
18
984
6
985
41
978
992
7
16
976
983
970
0
993
989
26
9
4
991
990
2
595
706
393
489
573
457
568
120
133
361
529
640
667
714
735
819
131
143
154
170
204
205
244
258
288
340
493
532
592
593
604
616
631
761
786
124
167
179
183
212
230
325
329
352
362
401
482
491
496
539
599
605
635
724
726
814
842
864
89
129
141
173
200
215
260
261
269
293
298
305
308
337
351
387
404
405
431
435
469
471
500
533
537
562
585
602
617
626
685
686
690
697
778
816
103
119
134
138
139
158
196
225
228
233
238
262
285
286
309
331
338
341
367
385
402
460
467
476
502
504
507
525
528
552
555
560
569
571
580
606
622
629
694
699
774
791
817
848
850
886
92
127
136
149
153
156
169
172
193
199
224
247
266
267
289
291
292
296
299
318
326
330
343
395
441
448
465
501
506
509
511
545
557
575
581
582
589
628
634
655
703
718
730
749
758
762
790
794
862
874
893
908
93
116
142
151
152
165
171
184
209
232
237
245
248
256
259
274
282
294
306
312
316
322
333
345
369
375
392
400
412
422
434
439
456
474
485
494
495
503
518
519
526
546
547
548
549
554
563
567
600
621
648
653
654
660
668
673
677
684
691
719
723
732
739
757
766
797
813
852
859
883
105
106
113
132
148
164
168
178
182
210
220
246
250
255
257
271
273
276
284
290
295
315
342
348
364
372
378
381
382
398
424
430
440
444
458
459
464
466
486
488
512
540
542
551
553
566
578
587
601
608
613
618
637
645
681
693
700
707
713
727
728
738
741
744
747
750
756
773
777
780
781
792
802
805
809
827
895
73
96
97
108
118
144
145
159
160
175
180
203
231
251
263
279
280
307
319
320
323
327
332
349
353
356
358
359
388
389
394
403
406
407
417
423
432
438
454
455
477
513
515
521
535
550
556
559
570
574
576
579
586
591
594
597
598
611
612
615
620
624
643
644
657
663
665
666
698
701
708
711
715
733
746
754
769
826
834
841
847
854
861
869
880
894
900
98
104
109
114
121
146
155
166
174
202
214
219
229
240
243
252
253
264
281
300
303
304
339
346
347
354
366
383
386
408
415
452
453
462
463
483
510
524
538
610
625
638
642
651
659
680
753
783
788
798
804
807
810
812
831
836
881
884
902
954
81
122
125
128
189
207
218
226
227
241
265
270
275
287
297
311
314
368
370
391
429
443
447
475
478
505
520
564
588
607
614
627
633
661
672
674
676
682
683
687
716
736
737
748
763
764
803
818
829
830
832
833
838
840
887
898
94
95
115
123
140
147
162
195
211
222
239
254
283
302
310
321
334
335
336
355
377
397
411
416
436
442
450
468
479
499
514
517
523
531
534
596
609
641
649
652
670
675
709
720
734
759
772
784
793
806
822
824
845
849
851
870
882
889
903
906
909
921
83
90
91
100
107
126
130
161
163
186
216
221
223
234
272
301
313
360
363
373
396
399
414
428
445
492
508
516
522
527
530
536
558
577
583
619
639
646
689
725
729
743
771
785
799
801
820
823
843
844
855
866
871
899
101
137
157
188
217
235
324
350
357
421
426
427
437
451
472
480
630
669
692
765
770
796
837
860
891
913
929
935
938
943
55
79
110
150
176
192
198
277
317
371
376
390
410
413
425
449
543
565
603
623
650
658
671
696
702
705
731
760
767
789
811
821
828
835
853
888
920
925
926
927
953
38
68
69
87
99
181
185
194
197
208
278
344
418
497
541
544
572
590
662
704
721
722
740
742
745
768
779
857
867
873
890
896
897
905
910
916
917
923
58
60
80
84
117
135
187
190
201
213
242
365
380
384
420
446
461
473
481
561
647
679
710
751
755
808
825
839
865
872
876
879
911
912
57
59
67
70
71
77
102
111
177
191
268
409
433
487
632
656
664
782
863
868
901
907
915
919
922
928
931
933
941
62
379
419
484
490
498
787
800
846
885
924
934
937
940
34
43
66
75
85
236
328
470
584
636
678
688
712
717
775
795
918
63
76
86
88
776
815
875
878
33
52
53
54
206
249
695
752
856
877
892
904
932
945
948
955
23
48
51
64
82
944
45
49
65
78
112
374
914
936
949
858
956
960
36
42
61
72
939
942
957
958
29
946
25
950
951
952
963
973
966
44
74
930
20
40
14
31
47
50
15
979
980
10
19
30
35
46
947
962
981
11
22
976
989
37
39
961
975
965
982
983
21
964
41
56
24
959
969
972
27
971
26
16
987
12
18
32
974
17
970
985
968
977
8
992
984
967
6
28
991
0
4
978
7
998
999
988
9
993
995
2
13
997
994
990
986
3
1
5
996
120
604
288
622
735
819
573
726
131
224
298
509
537
548
595
153
341
448
467
489
581
616
637
730
129
158
292
476
504
532
545
593
638
133
154
204
244
329
340
511
575
585
592
594
599
605
631
694
842
196
245
258
286
325
542
546
550
582
589
600
629
640
648
667
677
706
732
761
773
127
169
180
291
293
319
393
404
431
439
488
500
506
507
512
524
557
626
714
739
762
886
81
143
165
173
179
183
253
273
299
305
308
385
477
502
525
533
566
569
579
628
643
663
703
749
114
136
156
184
230
233
269
295
306
320
339
403
424
460
471
491
496
521
577
580
607
681
686
700
720
836
854
105
149
152
218
220
248
256
259
266
270
282
296
304
337
342
378
407
422
458
478
535
552
556
565
576
578
588
598
611
612
618
621
674
693
699
707
733
852
139
141
160
164
207
232
252
261
267
289
312
330
352
358
362
368
387
397
412
436
441
466
474
493
539
549
551
553
555
560
563
568
574
642
655
660
673
683
690
711
713
723
747
786
790
124
145
172
203
205
227
228
229
262
275
285
290
302
318
366
389
408
442
455
465
501
503
528
538
558
606
625
635
654
666
684
697
753
756
777
791
826
860
874
73
106
108
162
178
217
219
237
246
250
257
274
280
287
321
326
331
348
353
361
367
400
430
432
435
438
483
505
529
602
613
639
644
665
685
691
701
719
724
736
757
764
769
797
807
840
894
94
96
118
132
151
159
161
193
199
200
210
243
307
315
345
381
395
417
426
443
482
494
499
514
554
567
571
597
608
633
657
659
668
682
718
728
738
750
792
859
906
119
142
167
182
212
251
303
327
333
338
344
350
363
394
398
406
414
427
447
456
475
485
495
497
516
518
526
559
561
570
583
591
661
687
696
702
727
759
778
781
801
802
832
845
847
861
864
869
896
900
79
97
104
109
110
116
130
155
171
202
209
215
238
255
272
281
316
364
369
372
382
416
429
459
464
517
519
530
603
610
627
649
675
692
788
799
829
881
99
100
103
115
126
134
168
174
189
195
211
216
221
223
231
260
294
347
388
399
402
413
454
522
547
617
624
652
653
658
670
671
688
698
716
734
744
745
746
758
763
766
782
838
848
889
895
899
910
92
93
117
121
147
170
176
188
214
222
225
247
263
297
324
332
343
354
370
375
383
401
405
411
434
452
457
469
472
481
492
520
527
531
609
615
630
646
672
768
774
780
805
813
822
823
833
850
903
911
89
138
146
177
191
235
240
310
314
322
336
386
390
391
423
440
453
486
513
515
540
564
708
740
742
743
754
783
793
804
810
816
824
831
882
908
921
69
128
140
283
323
334
346
377
415
444
468
487
490
510
587
620
634
645
656
678
721
731
737
765
821
830
834
837
857
868
898
90
91
98
144
148
226
264
268
271
300
311
356
365
380
392
421
445
450
536
544
586
601
715
748
767
771
785
794
798
809
818
827
862
871
905
953
954
70
107
135
186
194
213
234
241
277
359
373
425
479
572
662
664
676
680
710
751
787
800
808
817
839
844
849
867
887
891
925
66
82
86
123
125
137
150
239
254
265
276
284
335
351
371
428
451
470
541
619
651
679
689
725
760
779
784
806
851
883
884
893
917
935
938
87
101
113
122
163
192
208
357
384
409
437
449
508
590
596
614
647
705
712
717
722
729
803
814
825
870
892
909
943
120
249
309
355
419
473
562
636
641
752
855
863
865
902
924
926
929
933
936
942
53
67
78
111
166
181
242
279
301
461
463
498
770
775
897
907
48
57
175
187
197
198
376
418
462
480
523
695
704
709
789
872
888
918
80
185
278
328
349
374
410
433
534
584
741
811
820
828
846
912
934
33
58
62
76
77
95
102
201
360
623
632
841
866
875
913
923
937
945
43
51
52
55
236
543
650
669
755
776
876
885
916
939
42
60
71
75
812
880
919
920
927
960
36
38
65
83
84
206
484
815
853
190
446
796
835
843
858
879
901
914
941
948
49
59
61
88
313
379
890
904
950
951
958
23
157
396
420
772
795
856
878
922
54
68
873
915
35
63
112
317
931
955
877
34
40
64
85
949
952
15
45
928
932
957
930
940
947
29
47
72
20
46
946
966
14
956
31
944
964
969
39
74
972
973
19
22
25
50
959
982
37
980
962
963
30
56
10
11
21
44
17
961
979
12
24
965
971
987
18
27
41
975
985
32
983
974
26
976
989
992
967
6
16
981
984
970
978
998
977
7
993
0
968
991
4
28
9
988
999
995
2
990
13
8
986
997
3
994
5
1
996
604
341
288
298
637
726
131
735
129
573
819
153
244
329
509
581
595
622
154
158
204
224
585
638
730
732
245
548
594
616
127
133
196
269
545
592
599
640
667
677
694
836
842
180
270
286
299
339
340
448
467
504
542
593
739
183
253
258
293
319
325
476
546
628
629
631
648
706
230
292
308
489
532
550
582
626
749
761
143
165
173
179
273
295
320
368
393
511
663
762
773
114
169
184
207
256
282
439
539
569
589
714
733
886
894
106
136
139
152
156
252
259
290
291
296
306
312
318
474
524
549
566
588
686
700
703
711
720
852
860
164
220
228
246
248
250
255
266
267
289
330
352
533
537
575
577
579
580
600
612
621
643
666
691
699
826
874
81
104
108
178
203
217
232
233
261
262
304
307
337
397
477
491
500
525
557
605
642
644
660
673
674
690
707
719
896
73
118
160
162
172
182
326
362
366
385
389
404
488
512
521
552
702
753
757
797
105
119
141
145
149
161
193
218
237
257
285
305
381
412
424
458
471
502
507
551
556
563
565
598
607
681
697
764
769
79
116
174
205
212
221
243
274
275
321
327
331
342
348
431
436
478
493
506
514
560
578
608
611
633
635
655
683
684
693
713
759
786
801
824
854
94
96
124
159
195
222
407
422
518
597
639
718
723
736
791
807
895
97
110
117
151
171
200
219
229
238
280
315
353
358
370
387
388
394
408
430
441
516
555
574
576
591
606
618
625
649
682
687
696
727
738
747
790
847
903
93
103
126
140
176
209
211
216
223
231
251
287
332
347
363
378
400
442
497
505
522
535
538
558
568
615
652
659
665
670
701
728
777
782
881
911
99
100
130
142
170
189
199
215
227
265
361
403
414
460
482
528
567
613
627
781
840
869
900
90
91
121
146
168
191
210
272
294
302
316
333
501
531
553
559
602
610
653
654
658
685
724
756
763
832
845
859
889
906
66
109
115
247
281
336
350
364
367
386
402
427
438
459
466
483
485
496
503
570
571
603
668
675
754
768
778
792
799
822
829
833
838
848
861
882
953
67
69
82
89
167
202
225
235
254
303
324
335
344
398
399
413
455
680
750
758
899
942
132
134
147
188
214
234
338
369
416
417
426
432
443
475
499
527
721
731
742
744
745
746
774
787
821
864
868
910
92
241
263
334
373
456
464
465
494
540
554
561
583
657
661
743
780
783
802
816
831
839
78
87
123
148
226
260
283
297
322
346
380
382
406
411
447
453
490
519
520
526
529
544
646
671
688
708
716
766
788
849
943
70
95
122
150
177
213
249
271
314
343
395
405
444
452
495
645
679
737
850
857
867
905
954
135
155
242
392
429
492
515
530
624
678
804
871
891
898
921
48
107
240
276
279
345
359
372
409
423
536
564
601
620
630
634
662
725
734
794
823
887
936
938
42
86
98
101
194
264
277
311
351
390
435
445
450
572
647
698
767
770
793
818
855
865
907
908
933
138
208
268
310
365
371
391
434
672
705
740
748
752
765
803
810
825
830
844
909
917
51
53
60
137
186
187
201
278
284
300
323
354
356
357
415
454
517
547
596
609
712
729
751
771
798
805
806
884
892
893
935
52
77
111
128
144
192
328
481
513
651
664
676
692
710
715
808
809
813
827
925
926
929
934
58
62
197
198
309
383
451
457
508
590
614
656
717
722
800
820
851
862
125
374
375
419
428
479
617
779
811
837
870
918
923
33
181
206
401
470
846
863
902
38
84
102
113
120
301
425
472
541
695
834
945
57
239
349
355
487
619
689
872
883
43
49
377
384
449
469
486
498
636
704
741
785
817
916
924
958
960
163
166
376
461
473
510
586
914
36
80
88
440
543
562
587
709
897
236
421
468
641
760
784
814
912
937
939
948
40
55
61
190
858
879
54
71
185
433
463
584
623
841
843
866
885
410
632
75
76
157
876
35
68
175
480
888
920
941
65
83
775
951
952
59
650
796
875
950
437
523
890
901
922
927
15
418
828
23
112
534
63
931
955
47
64
815
919
972
45
360
669
772
966
878
396
812
949
46
776
835
913
932
957
755
853
904
915
72
313
873
34
484
789
969
379
880
930
964
20
29
946
877
317
928
19
25
31
462
85
856
795
940
39
446
14
947
17
12
420
956
74
959
22
980
56
11
32
963
974
979
987
10
944
962
37
965
973
27
982
975
44
50
21
24
30
961
967
18
971
998
984
985
6
41
978
992
7
16
993
976
970
983
26
0
989
9
4
991
990
2
8
981
706
393
489
573
595
457
529
568
120
640
133
154
170
361
593
604
667
714
735
761
786
819
183
205
212
244
258
340
352
435
491
493
496
592
616
631
726
814
842
124
131
143
167
179
204
230
260
288
293
305
325
329
337
351
362
401
469
471
482
532
533
539
599
605
617
626
635
686
690
697
724
778
864
89
129
139
141
173
200
215
233
261
262
269
308
367
385
387
404
405
431
476
500
502
537
602
629
685
694
816
817
848
103
119
134
138
149
158
169
225
228
238
267
291
296
298
309
330
331
338
341
343
395
402
441
448
460
465
467
501
504
507
511
525
552
555
557
560
562
569
571
575
580
581
585
606
622
699
703
774
794
862
886
893
92
127
136
142
153
156
172
193
196
199
224
247
285
286
292
318
326
400
422
440
506
509
526
528
545
549
582
589
628
648
653
655
668
673
677
730
749
758
762
791
850
908
93
113
116
151
152
165
168
171
184
209
232
237
245
248
256
259
266
274
282
289
299
306
316
322
345
369
375
378
392
398
403
412
430
434
439
444
455
456
474
485
494
495
503
512
518
519
546
547
553
563
567
587
600
618
621
634
654
660
681
684
691
718
719
727
728
738
739
750
757
766
790
797
809
813
859
874
96
97
105
106
132
148
164
178
182
210
220
246
250
255
271
273
276
284
290
294
295
312
315
333
342
348
349
356
358
364
372
381
382
407
417
424
454
458
464
466
488
515
540
542
548
551
554
566
578
579
586
594
597
598
601
608
613
620
624
643
645
657
665
693
698
707
708
713
723
732
741
744
756
773
777
781
792
802
805
827
841
847
852
880
883
894
895
73
98
104
108
118
144
145
159
160
175
180
203
231
240
251
257
263
279
280
281
307
319
323
327
332
347
353
359
386
388
389
394
406
423
432
438
459
462
477
486
513
521
535
550
556
559
574
576
591
611
612
615
637
638
644
651
663
666
700
701
715
733
746
747
754
769
780
783
834
900
902
954
109
114
121
122
146
155
166
174
202
214
219
226
229
243
252
253
297
303
320
339
346
354
366
383
408
415
452
453
463
483
505
510
524
538
564
570
607
610
614
625
627
633
642
659
674
676
680
683
711
716
737
753
788
798
804
807
810
812
826
831
836
854
861
869
884
898
81
123
125
128
189
207
218
227
241
264
265
270
287
300
304
311
368
370
391
397
436
442
443
447
468
475
478
479
520
523
534
641
661
672
675
682
687
709
734
736
748
784
803
818
829
830
832
833
838
840
881
887
909
94
95
115
140
147
162
186
211
222
239
254
272
275
283
302
314
321
334
335
336
355
363
377
411
416
429
445
450
492
499
508
517
531
588
596
609
649
652
670
689
759
763
764
771
772
793
806
822
823
845
849
851
870
882
889
903
906
921
83
90
91
100
107
126
130
157
161
195
216
221
223
234
301
310
324
360
373
396
414
421
427
428
451
472
514
516
522
527
536
558
565
583
619
630
639
646
669
720
725
729
743
785
796
799
801
820
824
843
866
935
101
137
163
198
217
235
313
350
371
399
426
437
480
530
543
577
603
623
692
705
765
767
770
837
844
855
860
871
891
899
913
938
943
55
79
110
150
176
188
192
277
357
390
410
413
425
449
497
572
658
662
671
702
721
760
789
811
821
828
835
853
888
910
926
927
929
953
38
68
69
80
87
99
185
194
197
208
278
317
344
376
418
433
446
481
541
544
561
590
647
650
696
704
722
731
740
857
867
890
896
897
916
920
923
925
58
60
84
102
117
135
181
187
190
201
213
242
365
380
384
409
420
461
679
710
742
745
751
755
768
779
808
825
839
872
873
876
879
901
905
911
912
917
919
922
57
59
67
71
77
177
473
487
490
632
656
782
865
868
915
924
928
931
933
62
70
75
111
191
268
379
419
484
498
664
712
800
846
863
907
940
941
34
43
66
85
236
328
584
678
688
717
775
787
795
815
885
934
937
63
76
86
470
636
856
875
878
918
33
52
53
54
88
206
249
695
752
776
892
904
932
945
948
955
23
48
51
64
82
112
877
944
45
374
914
949
49
65
78
858
936
36
42
61
72
939
942
956
957
958
960
946
25
29
951
952
963
950
966
973
930
20
40
44
74
47
50
14
15
31
19
30
35
979
980
10
11
22
46
947
962
961
976
981
989
37
39
975
982
21
965
983
964
24
41
56
972
959
969
27
971
16
26
987
18
974
12
32
17
970
977
985
968
992
984
967
28
6
991
4
0
978
7
998
988
999
9
993
995
2
13
997
994
986
990
8
3
1
5
996
120
170
604
288
819
573
622
735
131
726
224
298
509
537
548
595
616
637
730
129
153
341
448
467
489
504
593
158
204
340
476
532
545
581
594
599
605
631
638
154
245
286
292
325
329
511
546
550
575
585
592
629
640
648
677
694
761
773
842
127
133
169
196
244
258
393
507
542
557
582
589
600
626
667
706
732
739
762
165
180
183
291
293
308
319
385
404
431
439
488
500
506
512
524
525
533
566
569
628
663
714
749
886
81
136
143
173
179
230
233
253
273
299
305
339
424
460
471
477
502
521
577
579
580
643
681
686
703
720
105
114
149
152
156
184
248
266
269
270
295
306
320
403
491
496
556
598
607
618
621
673
700
733
836
854
218
220
252
256
259
267
282
289
296
304
337
342
362
378
387
407
422
458
466
474
493
503
535
539
549
555
560
563
565
568
576
578
588
611
612
642
660
674
683
690
693
699
723
747
786
790
852
139
141
160
164
207
227
228
232
250
261
262
312
318
352
358
368
389
397
408
412
436
441
478
528
551
552
553
574
606
655
666
707
711
713
753
756
826
106
108
124
145
172
203
205
217
219
229
237
246
257
275
285
290
302
307
326
330
331
361
366
367
400
430
438
501
505
538
602
625
635
639
644
654
684
685
691
697
719
724
736
757
777
791
797
840
860
874
73
96
118
178
193
243
274
280
287
321
345
348
353
381
432
435
442
443
455
465
499
558
567
571
608
613
657
659
665
682
701
718
738
750
764
769
807
894
906
94
119
132
151
159
161
162
182
199
200
209
210
255
315
327
333
338
350
363
395
414
417
447
456
482
483
485
494
497
514
516
517
518
526
529
554
570
583
591
597
633
668
696
702
727
728
778
781
792
802
832
847
859
864
896
97
109
110
130
134
142
167
171
189
202
212
215
238
251
272
281
316
372
406
426
427
429
454
459
464
475
495
530
559
561
617
627
649
661
687
692
759
799
801
829
845
861
869
881
900
79
99
103
104
115
116
126
155
168
195
221
223
231
294
303
344
347
364
369
382
394
398
402
413
416
452
469
519
547
603
610
624
652
653
658
670
671
675
688
698
734
744
745
746
758
763
766
780
782
788
805
838
889
895
93
100
121
147
174
176
188
211
214
216
222
225
260
297
324
332
343
354
370
375
388
399
401
405
411
434
457
481
492
520
522
527
531
540
564
609
615
630
646
672
708
716
768
774
813
816
822
833
848
850
899
903
911
89
92
117
138
146
170
177
191
235
247
283
314
336
346
386
423
440
453
472
513
515
740
742
743
754
783
793
804
810
824
834
910
69
98
128
140
240
263
310
322
323
334
383
391
392
415
444
445
486
490
510
586
587
620
634
645
656
678
721
731
737
818
821
823
831
837
857
868
882
898
908
90
91
107
144
148
239
264
268
271
311
356
365
377
380
390
450
468
487
536
544
601
715
748
751
765
767
771
785
794
798
809
817
827
830
844
849
862
867
871
921
953
954
70
135
186
213
226
234
241
300
335
359
373
421
425
428
451
479
541
572
664
676
680
710
725
787
800
808
839
851
887
891
905
925
938
66
82
101
120
123
125
137
150
163
192
194
265
276
277
284
351
371
384
470
590
596
619
651
662
679
689
705
717
722
729
760
779
784
803
806
825
883
884
917
935
86
87
113
122
208
254
279
309
355
357
409
419
508
562
614
712
752
814
855
865
870
893
909
943
111
166
181
242
249
437
449
461
463
473
498
636
641
647
770
863
892
902
907
926
933
936
942
48
53
67
78
175
187
197
278
301
418
462
480
523
775
789
888
897
929
57
80
198
328
349
376
433
534
584
704
709
741
811
820
828
872
918
924
58
62
95
102
185
374
410
623
632
695
841
846
866
875
912
923
934
937
33
43
52
60
76
77
201
236
360
543
650
669
755
885
913
916
920
42
51
55
71
75
83
84
484
776
812
876
880
939
945
960
36
38
190
206
853
914
919
941
65
88
313
379
796
815
835
843
858
879
901
927
948
49
59
61
446
772
795
890
951
23
157
396
420
856
873
878
904
922
950
958
54
68
112
915
931
35
63
317
34
64
85
877
928
955
40
932
949
952
957
15
45
29
72
930
940
947
20
47
966
14
46
956
31
946
74
944
25
964
972
973
19
22
39
50
969
963
982
37
959
980
30
56
962
10
11
44
979
21
17
12
24
961
965
987
27
41
971
975
18
32
983
985
974
976
26
981
989
16
967
992
6
984
970
977
998
7
978
968
0
991
993
4
28
9
999
988
2
995
990
13
8
994
3
997
986
1
5
996
604
288
341
298
637
131
726
735
129
153
573
581
622
819
158
244
329
509
595
638
154
204
224
548
585
594
616
730
732
133
245
545
599
677
694
836
842
127
180
196
269
270
286
325
339
340
448
467
592
640
667
253
258
299
319
504
542
593
628
629
631
648
739
183
293
308
476
532
546
550
706
761
114
143
165
173
179
230
273
292
295
320
368
393
489
511
582
626
749
762
136
169
184
207
256
439
569
589
663
714
773
886
894
152
156
252
259
282
290
296
306
312
318
524
539
549
566
700
720
733
852
106
139
164
203
220
228
246
248
250
255
266
289
291
330
474
477
533
537
577
579
580
588
600
612
621
666
673
686
691
703
711
826
860
874
108
217
233
261
262
267
304
307
337
352
397
491
525
557
575
605
642
643
660
690
699
707
719
81
104
118
160
162
172
178
182
232
326
362
366
385
389
404
424
488
500
502
512
644
674
702
757
797
896
73
145
161
193
218
237
257
275
285
305
331
381
412
458
471
506
521
551
552
556
563
598
655
681
697
753
764
79
105
116
119
141
149
174
205
212
243
274
321
327
342
422
431
436
493
507
514
560
565
578
607
611
633
635
683
684
693
769
786
854
94
96
124
159
195
221
222
348
353
387
407
478
597
608
713
718
759
801
824
117
151
171
200
219
238
280
315
358
370
388
430
441
442
516
518
555
574
591
606
618
639
649
682
687
696
723
727
736
791
807
895
93
97
103
110
126
176
211
223
229
231
251
287
332
347
363
378
394
400
408
460
505
535
538
625
652
659
701
738
747
777
790
847
903
911
99
130
140
170
189
199
209
215
216
227
265
302
333
361
403
414
497
522
528
558
567
568
576
602
613
615
670
728
781
782
840
845
881
900
90
100
142
168
210
247
272
281
294
316
482
501
553
559
627
654
665
685
756
763
859
869
889
906
91
109
121
146
191
303
324
336
350
364
386
399
402
427
438
459
466
483
503
531
570
571
603
610
653
658
668
724
792
832
861
953
66
67
69
82
89
115
167
225
235
254
335
338
344
367
369
398
413
432
455
485
496
499
675
680
750
754
768
778
799
822
829
833
838
848
882
899
942
134
147
188
202
214
234
416
417
426
443
465
475
527
731
742
744
758
780
821
864
868
910
78
92
132
241
283
334
373
380
382
406
456
464
494
526
540
561
657
661
721
745
746
774
787
788
802
839
87
123
226
249
260
263
322
346
411
447
453
519
544
554
583
646
671
708
716
743
783
831
849
850
122
135
148
177
213
271
297
314
343
395
452
490
520
529
645
688
737
766
816
857
943
954
70
95
150
242
277
372
392
405
409
429
444
492
495
515
530
624
678
679
804
867
898
905
921
938
107
155
279
311
345
445
536
564
601
620
630
634
662
725
794
818
871
891
48
101
240
264
276
351
359
390
423
435
450
572
647
734
770
793
823
865
887
936
42
86
98
194
268
310
356
365
371
391
434
454
672
692
698
705
803
810
825
844
855
907
908
909
917
933
51
137
138
186
187
201
208
278
300
357
415
481
517
547
609
712
715
729
740
748
752
765
767
771
806
830
884
892
893
926
53
60
77
111
128
144
284
323
328
354
419
451
508
590
596
664
751
798
805
808
813
862
925
929
934
935
52
58
62
192
198
309
375
383
457
513
614
651
676
710
809
820
827
125
197
428
656
717
722
779
800
851
918
923
33
120
181
206
374
401
470
479
617
811
837
846
870
38
113
301
355
472
486
619
689
834
863
872
883
902
57
84
102
239
349
425
449
487
498
541
695
916
924
945
49
377
384
461
469
704
817
43
163
166
376
473
510
586
636
709
741
785
914
958
960
36
80
88
421
440
562
587
897
236
468
543
641
760
784
912
937
939
948
40
55
190
463
814
858
879
61
71
185
433
623
841
843
866
54
175
410
584
632
885
75
76
157
888
35
480
650
876
920
941
68
83
523
950
951
59
65
418
437
775
875
952
796
922
927
828
890
901
15
534
23
63
112
931
955
47
45
64
360
669
815
919
966
972
396
772
878
313
812
835
949
957
46
755
789
904
932
484
776
853
913
915
72
873
969
34
379
930
880
946
964
29
20
877
317
928
19
25
31
795
85
462
856
446
940
947
39
14
17
12
420
956
74
959
980
22
56
963
11
974
32
973
979
987
44
982
944
10
37
962
27
965
50
975
21
24
961
30
967
18
985
998
984
971
6
978
41
992
993
970
7
16
976
983
26
989
0
9
991
990
4
2
8
981
489
573
595
706
393
457
529
568
120
133
154
170
361
593
604
640
667
714
735
786
819
183
205
212
244
258
340
352
491
493
532
592
616
631
726
761
814
842
124
131
143
167
179
204
230
288
293
305
325
329
351
362
401
435
469
471
482
496
533
539
599
605
617
626
635
690
697
724
864
89
129
139
141
173
200
215
233
260
261
262
269
308
337
341
385
387
404
405
431
476
500
537
585
629
685
686
694
778
816
817
848
103
119
134
138
158
169
225
228
238
267
285
286
291
296
298
309
331
338
367
402
441
448
460
465
467
501
502
504
507
509
525
528
560
562
569
571
575
581
602
606
622
699
703
774
794
862
886
893
92
127
136
142
149
153
156
172
193
196
199
224
247
292
299
306
318
326
330
343
395
400
440
506
511
545
552
555
557
580
582
589
628
653
655
668
677
730
749
758
762
791
850
908
116
151
152
165
168
171
184
209
232
237
245
248
256
259
266
274
282
289
294
316
322
345
375
378
392
412
422
434
439
444
455
456
466
474
485
494
495
518
519
526
546
547
549
553
554
566
567
587
600
621
634
648
654
660
673
681
684
691
718
719
727
728
738
739
757
766
790
797
809
813
859
874
93
96
97
105
106
113
132
148
164
178
182
203
210
220
246
250
255
257
271
273
276
284
290
295
312
315
333
342
348
349
356
358
364
369
372
381
382
389
398
403
406
407
423
424
430
458
464
488
503
512
515
542
548
551
563
578
579
594
597
598
601
608
613
618
620
624
643
644
645
657
665
693
698
707
713
723
732
741
744
750
773
777
781
792
802
805
841
847
852
880
883
894
895
73
98
104
108
118
144
145
159
160
180
231
251
263
279
280
281
307
319
320
323
327
332
347
353
359
366
383
386
388
394
417
432
438
454
459
477
486
510
513
521
535
540
550
556
559
570
574
576
586
591
611
612
615
637
638
651
663
666
700
701
708
715
733
746
747
754
756
769
780
783
827
834
900
954
109
114
121
122
146
155
166
174
175
202
214
219
226
229
240
243
252
253
264
297
300
303
339
346
408
415
452
453
462
463
478
483
505
524
538
607
610
627
633
642
659
674
676
680
683
711
716
737
753
788
798
804
807
810
812
826
831
836
854
861
869
881
884
898
902
81
123
125
128
189
207
218
227
241
265
270
287
304
311
354
368
370
377
391
397
429
436
442
443
447
468
475
479
520
534
564
614
625
641
661
672
675
682
687
709
736
748
784
803
818
829
830
833
838
840
887
906
909
94
95
115
140
147
162
211
222
239
254
272
275
283
302
314
321
334
335
336
355
411
416
450
492
499
508
523
531
588
596
609
649
652
670
689
734
759
763
764
771
772
793
806
822
823
832
845
849
851
870
882
889
903
921
83
90
91
100
107
126
130
157
161
186
195
216
221
223
234
301
310
324
363
373
396
414
421
427
428
445
472
514
516
517
522
527
536
558
565
583
619
630
639
646
669
720
725
729
743
770
785
796
799
801
820
824
843
866
935
101
137
163
198
217
235
313
350
357
360
371
390
399
426
437
451
480
530
543
577
603
705
765
767
837
844
855
860
871
891
899
913
929
938
943
55
79
110
150
176
188
192
208
277
317
376
410
413
425
449
481
497
572
623
658
662
671
692
702
731
760
789
811
821
828
835
853
888
910
926
927
953
38
80
87
99
185
194
197
278
344
418
446
541
544
561
590
647
650
696
704
721
722
740
857
867
896
897
916
920
923
925
58
60
68
69
84
102
117
135
181
187
190
201
213
242
365
380
384
420
433
461
473
679
710
742
745
751
755
768
779
808
825
839
872
873
876
879
890
905
911
912
917
919
57
59
67
71
77
177
409
487
490
632
656
782
865
868
901
915
922
924
928
931
933
62
70
75
111
191
268
379
419
484
498
664
787
800
846
863
907
937
940
941
34
43
66
85
236
328
470
584
688
712
717
775
795
815
885
918
934
63
76
86
636
678
776
856
904
33
52
53
54
88
206
249
695
752
875
878
892
932
945
948
955
23
48
51
64
82
112
877
944
45
374
914
936
949
49
65
78
858
956
960
36
42
61
72
939
942
958
946
957
25
29
951
952
963
966
950
973
930
20
40
44
74
14
47
50
15
31
10
19
30
35
979
980
11
22
46
947
962
961
976
981
989
39
37
975
982
21
964
965
983
41
24
56
972
27
959
969
971
16
26
987
18
974
12
32
17
968
970
977
985
992
984
967
28
6
991
4
0
978
998
7
988
999
9
993
995
2
13
997
994
990
986
8
3
1
5
996
120
170
604
288
622
819
131
573
735
298
509
537
548
595
726
730
153
224
341
448
467
489
616
637
129
158
204
476
504
532
545
581
593
631
638
154
292
325
329
340
511
546
585
592
594
599
605
629
694
761
773
842
127
133
196
244
245
258
286
393
507
542
550
575
582
589
600
640
648
677
706
732
169
180
291
293
404
431
439
488
500
512
524
525
557
566
569
626
667
714
739
762
81
143
165
173
179
183
230
233
253
273
299
305
308
319
385
424
477
502
506
533
580
628
643
663
686
703
749
886
114
136
156
266
269
295
306
339
403
460
471
496
521
556
577
579
681
700
720
836
854
105
149
152
184
220
248
256
259
270
304
320
337
342
362
378
387
407
422
458
478
491
535
539
549
555
565
578
588
598
607
611
618
621
642
673
674
683
690
693
699
733
852
139
160
164
207
218
228
232
252
262
267
282
289
296
312
352
358
368
389
412
436
466
474
493
503
528
551
552
560
563
568
574
576
612
655
660
707
711
713
723
747
786
790
826
106
108
141
145
172
203
205
227
250
257
261
275
285
290
318
326
330
331
366
367
397
408
430
441
505
553
602
606
625
635
654
666
684
697
724
753
756
777
791
860
73
124
178
217
219
229
237
243
246
274
280
287
302
307
321
348
353
361
400
432
438
442
455
465
501
538
558
639
644
657
659
665
682
685
691
701
719
736
757
764
769
797
807
840
874
894
94
96
118
161
162
182
193
200
345
381
395
417
435
443
447
482
483
494
499
514
516
529
567
571
583
591
597
608
613
633
696
718
728
738
750
778
781
792
802
859
906
119
132
142
151
159
199
209
210
212
238
251
255
315
327
333
338
350
363
372
406
414
426
427
429
456
475
485
495
497
517
518
526
530
554
559
561
570
668
702
727
759
801
832
847
861
864
869
896
79
97
104
109
110
130
134
155
167
171
189
202
215
223
272
281
294
303
316
344
398
416
454
459
464
547
603
610
617
627
649
652
661
675
687
692
734
763
766
799
829
845
881
889
895
900
99
100
103
115
116
121
126
168
176
195
216
221
222
231
332
347
354
364
369
382
388
394
399
401
402
411
413
452
469
519
522
531
609
624
653
658
670
671
688
698
744
745
746
758
780
782
788
805
833
838
850
899
903
92
93
117
147
170
174
188
191
211
214
225
247
260
297
314
324
343
370
375
405
434
453
457
481
492
513
520
527
540
564
615
630
646
672
708
716
768
774
813
816
822
848
911
69
89
128
138
140
146
177
235
263
283
322
334
336
346
386
391
423
440
444
472
486
515
634
721
740
742
743
754
783
793
804
810
823
824
831
834
882
910
98
148
240
310
311
323
356
365
377
380
383
390
392
415
445
487
490
510
586
587
601
620
645
656
678
715
731
737
818
821
830
837
857
868
898
908
70
90
91
107
144
239
264
268
271
421
450
468
536
544
680
748
751
765
767
771
785
794
798
809
817
827
844
849
862
867
871
921
925
953
954
82
125
135
186
194
213
226
234
241
265
300
335
351
359
373
425
428
451
470
479
541
572
664
676
710
725
787
800
808
839
851
887
891
905
938
66
120
123
137
150
163
192
276
277
284
357
371
384
508
590
596
619
651
662
679
689
705
712
717
722
729
760
779
784
803
806
825
883
884
917
935
86
87
101
113
122
208
254
355
409
419
437
449
498
562
614
647
752
814
855
865
870
893
909
943
78
111
166
181
242
249
279
309
461
463
473
636
641
770
863
892
902
907
926
933
936
942
48
53
67
175
187
197
301
376
418
462
480
523
775
789
888
929
57
80
198
278
328
349
433
534
584
704
709
741
811
820
828
872
897
918
924
58
62
95
185
374
410
623
632
695
846
866
875
912
923
934
937
33
43
51
52
76
77
102
201
236
360
543
650
755
841
885
913
916
920
42
55
60
71
75
484
669
776
812
880
939
945
960
36
38
83
84
206
853
876
88
190
313
815
835
843
858
901
914
919
941
948
49
61
65
379
446
796
879
927
59
157
396
420
772
795
856
873
878
890
904
922
950
951
958
23
54
68
112
915
931
35
317
63
64
877
34
40
85
928
932
952
955
15
45
949
957
29
47
72
930
940
947
20
966
14
46
956
31
946
74
944
964
972
19
25
39
969
973
22
50
37
959
963
982
980
30
56
962
10
11
44
979
17
21
12
24
961
965
987
18
27
41
971
975
32
983
985
974
976
26
989
16
967
981
984
992
6
970
998
977
7
978
0
968
991
993
4
28
9
999
2
988
995
990
13
8
994
3
997
986
1
5
996
604
288
341
131
298
637
726
735
573
153
595
622
819
129
154
244
329
509
581
638
158
204
224
548
585
594
616
730
732
133
196
245
286
448
545
599
694
836
842
127
180
269
270
299
319
325
467
592
640
667
677
258
339
340
504
532
542
593
628
629
631
648
739
114
173
183
230
253
293
393
476
489
511
546
550
706
761
143
165
179
273
292
295
308
368
582
589
626
749
762
136
169
184
256
312
320
539
569
663
714
720
733
773
886
894
139
152
164
207
252
266
289
290
291
296
304
306
318
330
439
524
533
549
579
580
600
686
700
852
106
156
203
228
246
248
250
259
261
282
337
352
474
477
525
537
566
577
588
612
621
666
673
691
699
703
711
860
874
104
108
217
220
255
262
267
307
397
491
512
575
605
642
643
660
690
707
719
826
896
73
81
118
160
178
182
232
233
285
305
326
362
366
389
404
412
424
458
488
500
502
521
552
557
563
644
674
681
702
757
797
145
161
162
172
193
218
237
257
275
331
342
381
385
422
471
506
507
551
598
607
655
697
753
764
105
119
124
141
149
195
205
212
219
243
321
387
431
436
514
556
560
565
578
608
611
633
635
683
684
693
713
718
769
854
79
94
96
116
159
174
221
222
274
327
353
407
441
442
478
493
555
597
723
759
786
790
791
801
824
93
110
117
151
171
200
238
280
315
348
358
361
363
370
388
394
430
505
516
518
535
591
606
618
625
639
649
682
687
696
727
736
747
777
807
895
97
99
103
126
140
211
223
229
231
251
332
333
378
400
408
460
497
528
558
568
574
576
602
652
670
738
782
847
900
903
911
100
130
170
176
199
209
215
216
227
265
287
294
302
347
403
414
482
522
538
567
613
615
659
665
685
701
728
756
781
840
845
859
869
881
889
90
91
142
168
189
210
247
272
281
316
344
399
466
501
503
553
559
570
571
627
654
724
763
906
109
121
146
191
225
235
324
336
350
364
369
386
398
402
417
427
438
455
459
483
496
531
603
610
653
658
668
675
799
832
861
953
66
67
69
82
89
115
167
188
202
254
303
335
338
367
413
432
465
475
485
499
527
680
744
754
768
778
792
822
829
833
838
848
864
882
899
942
92
134
147
214
241
373
382
406
416
426
443
494
519
540
721
731
750
774
780
821
850
910
78
132
234
380
395
453
456
464
526
554
561
657
661
708
742
745
746
758
787
788
802
868
87
123
226
249
260
263
271
283
322
334
346
411
447
452
529
544
583
646
716
783
831
839
70
122
135
148
177
213
242
277
314
343
345
405
490
495
520
530
645
671
678
688
737
743
766
804
816
849
857
867
943
954
95
150
155
297
311
372
392
429
444
445
515
624
634
679
887
891
905
921
938
107
264
276
279
310
390
409
423
454
492
536
564
601
630
662
725
734
794
818
871
898
48
101
240
268
356
359
391
434
435
450
517
572
620
672
692
770
793
803
823
844
855
865
907
917
936
42
86
98
194
351
357
415
481
609
647
698
748
810
825
892
908
909
925
933
51
77
137
138
144
186
187
201
208
278
284
300
309
323
354
365
371
547
596
664
705
712
715
729
740
752
765
767
771
830
862
893
926
60
62
111
128
192
375
383
419
451
508
590
614
710
751
798
806
808
827
884
929
935
52
53
181
328
401
457
513
651
676
805
809
813
820
851
918
934
58
120
197
198
355
428
449
470
486
656
717
722
779
800
863
923
113
125
239
301
374
479
617
619
689
811
837
870
872
33
84
206
377
472
487
541
834
846
883
902
945
38
57
102
425
498
562
695
704
817
916
924
163
166
349
384
469
473
510
586
636
709
785
36
43
49
376
421
461
741
914
937
958
960
80
440
897
912
88
236
463
468
587
641
760
784
939
948
55
61
175
185
190
410
543
623
814
879
40
433
841
843
858
866
54
71
76
584
632
650
885
888
920
157
480
876
68
75
418
437
523
875
941
950
35
83
951
59
65
775
796
922
828
952
890
901
927
15
534
955
23
63
112
931
47
966
360
669
919
972
45
64
313
755
812
815
957
396
772
835
789
878
904
932
949
46
776
853
484
913
915
72
379
873
930
969
34
29
880
946
964
317
877
928
20
795
19
25
31
462
856
947
446
85
940
14
39
12
17
420
959
74
956
980
22
56
963
973
974
979
11
44
982
987
32
944
962
10
27
37
50
965
975
21
24
961
985
30
18
967
984
998
971
6
978
41
992
970
993
16
976
7
983
26
989
0
9
991
990
4
2
8
981
489
706
393
568
573
595
457
529
120
133
593
640
667
735
154
170
258
340
361
491
493
604
631
714
761
786
819
842
124
131
143
167
179
183
204
205
212
244
288
325
329
352
401
435
469
471
482
496
532
539
592
599
605
616
635
726
814
864
89
129
141
173
230
260
269
293
305
308
337
351
362
387
405
500
533
537
617
626
685
686
690
694
697
724
778
816
848
103
119
134
138
139
200
215
225
228
233
238
261
262
267
298
331
338
341
367
385
402
404
431
441
460
467
476
501
502
525
560
562
569
571
581
585
602
606
622
629
774
817
886
92
136
149
153
156
158
169
172
193
196
224
247
285
286
291
292
296
309
318
330
343
395
440
448
465
504
507
509
511
528
545
552
555
557
575
580
582
589
628
653
655
668
699
703
730
758
791
794
850
862
893
908
116
127
142
151
165
171
184
199
245
248
256
259
266
274
282
289
299
306
316
322
326
375
392
400
412
422
434
439
456
495
506
518
519
526
546
549
567
621
634
648
654
660
673
677
684
718
739
749
757
762
766
790
797
813
874
93
105
106
113
132
148
152
168
182
209
220
232
237
246
250
255
273
284
290
294
295
312
315
333
345
348
349
358
369
378
381
382
398
403
407
424
430
444
455
458
466
474
485
488
494
503
512
542
547
548
551
553
554
563
566
578
579
587
597
600
608
613
618
645
681
691
693
698
707
713
719
723
727
728
732
738
741
750
773
802
805
809
852
859
883
895
73
96
97
108
118
144
159
164
178
180
203
210
231
251
257
263
271
276
280
319
320
323
327
342
356
359
364
372
389
394
406
417
423
432
438
454
459
464
477
486
513
515
521
535
540
550
556
574
576
586
591
594
598
601
611
612
615
620
624
637
638
643
644
651
657
663
665
700
701
708
715
744
746
747
754
756
769
777
780
781
792
827
834
841
847
880
894
900
98
104
109
114
145
146
155
160
166
174
175
202
214
219
229
240
243
252
253
279
281
303
307
332
346
347
353
366
383
386
388
408
415
462
463
483
510
524
538
559
570
607
610
642
659
666
674
680
711
733
737
783
798
804
807
812
826
831
836
854
861
869
884
902
954
81
121
122
125
128
207
218
226
227
241
264
270
287
297
300
304
311
339
354
368
391
397
436
443
447
452
453
468
475
478
505
564
614
625
627
633
675
676
682
683
687
709
716
736
748
753
788
810
818
830
833
838
840
881
887
898
94
95
123
140
147
162
189
222
239
265
275
283
314
335
336
355
370
377
411
416
429
442
450
479
492
499
508
520
523
531
534
588
609
641
649
661
672
734
759
763
764
771
784
803
806
823
829
832
845
849
851
870
889
903
906
909
921
83
90
100
107
115
126
130
161
186
195
211
216
234
254
272
301
302
310
321
334
363
373
396
427
445
472
514
516
517
522
527
558
583
596
619
652
670
689
720
725
772
785
793
799
820
822
824
843
866
882
91
101
157
163
217
221
223
235
313
324
350
360
399
414
421
426
428
451
480
530
536
565
577
603
630
639
646
669
729
743
770
796
801
837
844
855
860
871
891
899
913
935
938
943
55
79
110
137
150
176
188
192
198
277
357
371
390
410
413
425
437
497
543
623
658
662
692
702
705
760
765
767
789
811
821
835
853
888
926
927
929
953
38
87
99
185
194
197
208
278
317
376
446
449
481
541
544
561
572
650
671
696
704
721
731
740
828
857
867
896
897
910
920
923
925
58
60
68
69
80
84
117
135
181
187
190
201
213
242
344
365
380
384
418
420
433
461
473
590
647
710
722
742
745
751
755
768
779
808
825
839
872
873
876
890
905
911
916
917
57
59
67
71
77
102
177
409
490
679
782
865
868
879
901
912
915
919
922
924
931
933
62
70
111
191
268
379
484
487
498
632
656
664
846
863
907
928
937
940
941
34
43
66
75
85
328
419
470
584
712
717
775
787
795
800
885
934
63
76
236
636
678
688
815
856
918
52
53
54
86
88
206
249
695
752
776
875
878
892
904
932
945
955
23
33
48
51
64
82
877
948
45
112
374
914
944
949
49
65
78
858
936
36
42
61
72
939
942
956
958
960
946
957
25
29
951
952
950
963
966
973
930
20
40
44
74
47
14
15
31
50
19
30
35
979
980
10
11
46
947
962
22
976
981
989
961
37
39
975
982
21
964
965
983
24
41
56
972
959
969
27
971
16
26
987
18
974
12
32
17
970
985
968
977
992
984
967
28
6
991
4
0
978
998
7
988
999
9
993
995
2
13
994
997
986
990
8
3
1
5
996
120
170
604
288
622
819
573
735
131
298
509
537
548
595
726
730
153
224
341
467
616
637
129
158
448
476
489
504
532
545
581
593
631
154
204
292
325
329
340
511
585
592
594
599
605
629
638
694
761
842
127
133
196
244
245
258
286
507
542
546
550
575
582
589
600
640
648
677
732
773
169
180
293
393
404
431
439
488
500
512
524
557
569
626
667
706
714
739
762
81
143
165
173
179
183
230
233
253
273
291
299
305
308
319
385
424
477
502
506
525
533
566
628
643
663
703
749
886
114
136
156
266
269
295
306
339
403
460
471
496
521
556
577
579
580
681
686
700
720
836
854
105
149
152
184
220
248
256
259
270
304
320
337
342
378
387
407
422
458
491
535
539
549
555
565
578
588
598
607
611
618
621
642
673
674
683
690
693
699
733
852
139
160
164
207
218
228
232
252
262
267
282
289
296
312
352
358
362
368
412
436
466
474
478
493
503
551
552
560
563
568
574
576
612
660
707
711
713
723
747
786
790
106
108
141
145
172
203
205
227
250
257
261
275
285
290
318
326
330
331
366
367
389
397
408
430
441
505
528
553
602
606
625
635
654
655
666
684
697
724
753
756
777
791
826
860
73
124
178
217
219
229
237
243
246
274
287
302
307
321
348
353
361
400
432
438
442
455
465
501
538
558
639
644
657
659
665
682
685
691
701
719
736
757
764
769
797
807
840
874
894
94
96
118
161
162
182
193
280
345
381
395
417
435
443
483
494
499
514
516
529
567
571
583
591
597
608
613
633
696
702
718
728
738
750
781
792
802
859
906
119
132
142
151
159
167
199
200
209
210
212
238
251
255
315
327
333
338
363
372
406
414
426
427
447
456
475
482
485
495
497
517
518
526
530
554
559
561
570
668
727
759
778
801
832
847
861
864
869
896
79
97
104
109
110
130
134
155
171
189
195
202
215
223
272
281
294
303
316
344
350
364
382
398
416
429
454
459
464
547
603
610
617
627
649
652
661
675
687
692
734
744
763
766
799
829
845
881
889
895
900
99
100
103
115
116
121
126
168
174
176
216
221
222
225
231
332
347
354
369
388
394
399
402
411
413
452
469
519
520
522
531
609
624
653
658
670
671
688
698
745
746
758
780
782
788
805
833
838
848
850
899
903
89
92
93
117
147
170
188
191
211
214
247
260
297
314
324
343
370
375
386
401
405
434
453
457
481
492
513
527
540
564
615
630
646
672
708
716
768
774
793
813
816
822
911
69
128
138
140
146
177
235
240
263
283
310
322
323
334
336
346
391
440
444
472
515
634
645
656
721
731
740
742
743
754
783
804
810
821
823
824
831
834
837
882
910
90
98
148
271
311
356
365
377
380
383
390
392
415
423
445
468
486
487
490
544
586
587
601
620
678
715
737
748
765
794
798
818
830
857
868
898
908
70
91
107
144
239
241
264
268
300
373
421
425
450
479
510
536
680
751
767
771
785
809
817
827
844
849
862
867
871
921
925
953
954
82
125
135
186
194
213
226
234
265
335
351
359
428
451
541
572
664
676
710
725
760
787
800
806
808
839
851
883
884
887
891
905
935
938
66
86
87
101
120
122
123
137
150
163
192
276
277
284
357
371
384
470
508
590
596
614
619
651
662
679
689
705
712
717
722
729
779
784
803
814
825
917
113
166
208
249
254
279
309
355
409
419
437
449
463
498
562
647
752
770
855
865
870
893
902
907
909
943
53
67
78
111
175
181
197
242
301
462
636
641
775
863
892
926
929
933
936
942
48
187
198
278
349
376
418
461
473
480
523
704
709
741
789
888
897
924
57
62
80
95
185
328
374
433
534
584
695
811
820
828
846
872
912
918
934
33
52
58
76
77
102
201
410
623
632
841
866
875
923
937
42
43
51
55
60
71
236
360
543
650
669
755
812
880
885
913
916
920
945
36
38
75
83
84
206
484
776
876
939
960
190
815
835
853
914
919
941
49
61
65
88
313
379
446
796
843
858
879
901
927
948
59
396
420
772
795
878
890
922
950
951
958
23
54
68
157
856
873
904
931
112
317
915
35
63
64
34
40
85
877
928
932
955
15
949
952
957
45
29
47
72
930
940
947
20
966
14
46
946
956
31
25
74
944
964
972
19
39
969
973
22
50
963
982
37
959
980
30
56
962
10
11
44
979
17
21
12
24
961
965
975
987
27
41
971
18
32
974
983
985
976
26
989
981
16
967
984
992
6
970
977
998
7
978
968
0
993
991
4
28
9
999
988
2
995
990
13
8
994
997
3
986
1
5
996
604
288
341
131
298
637
726
735
573
153
509
622
819
129
244
329
581
595
638
154
158
204
224
286
548
585
594
616
730
732
133
196
245
448
467
545
599
694
842
127
180
269
270
299
319
339
592
640
667
677
836
258
325
340
504
532
542
593
628
629
631
648
739
114
173
183
230
253
293
393
476
489
511
546
550
706
761
143
165
179
184
273
292
295
308
368
582
589
626
749
762
136
169
207
256
312
320
439
539
569
663
700
714
720
733
773
852
886
894
139
152
156
164
252
266
282
289
290
291
296
304
306
318
330
524
533
549
577
579
580
588
600
673
686
106
203
220
228
246
248
250
255
259
261
337
352
474
477
525
537
566
612
621
642
666
691
699
703
711
826
860
874
73
104
108
178
217
262
267
307
362
389
397
404
412
491
512
557
575
605
643
660
690
707
719
896
81
118
160
182
232
233
237
285
305
326
366
385
424
458
488
500
502
521
552
563
644
674
681
702
757
764
797
145
161
162
172
193
218
257
275
331
342
381
422
431
471
506
507
551
598
607
633
655
697
753
854
79
105
119
124
141
149
174
195
205
212
219
243
321
387
436
478
514
556
560
565
578
608
611
635
683
684
693
713
718
769
824
94
96
116
159
221
222
238
274
327
353
363
388
394
407
441
442
493
516
555
639
723
759
786
790
791
801
93
110
117
151
171
200
229
280
315
333
348
358
361
370
408
430
505
518
535
591
597
606
618
625
649
682
687
696
727
736
747
777
807
895
97
99
103
126
140
170
176
209
211
223
231
251
332
378
400
403
460
497
528
558
568
574
576
602
613
652
659
670
738
782
847
900
903
911
100
130
189
199
215
216
227
247
265
281
287
294
302
347
399
414
482
501
522
538
567
615
685
701
728
756
840
845
859
869
881
889
90
91
121
142
168
210
272
316
344
417
427
438
466
503
553
559
570
571
627
654
665
724
763
781
799
832
906
67
109
146
188
191
225
235
324
336
350
364
367
369
386
398
402
432
455
459
475
483
496
531
603
610
658
668
675
829
838
848
861
899
953
66
69
82
89
115
167
202
254
303
335
338
406
413
465
485
494
499
527
653
680
744
754
768
778
792
822
833
864
882
942
134
147
214
234
241
373
382
395
416
426
443
453
519
540
721
742
750
758
774
780
821
850
868
78
92
132
283
334
380
411
447
452
456
464
526
554
561
646
657
661
708
716
731
745
746
787
788
802
910
87
122
123
226
249
260
263
271
314
322
345
346
490
495
529
544
583
678
743
783
831
839
849
954
70
135
148
155
177
213
242
277
297
343
372
392
405
520
530
634
645
671
679
688
737
766
804
816
857
867
905
943
95
150
310
311
390
409
429
444
445
515
601
624
871
887
891
921
938
107
264
276
279
356
391
423
435
454
492
536
564
630
662
725
734
818
823
865
898
907
917
925
48
101
194
240
268
359
434
450
517
572
620
672
692
698
770
793
794
803
810
844
855
936
42
86
98
187
351
357
415
481
547
609
647
712
715
748
752
825
830
892
908
933
51
62
77
111
137
138
144
186
201
208
278
300
309
354
365
371
375
419
596
614
664
705
729
740
751
765
767
771
862
893
909
926
929
60
128
192
284
323
383
451
508
590
710
798
806
808
827
863
884
935
52
53
181
328
401
449
457
513
651
656
676
779
805
809
813
851
918
934
58
120
197
198
239
355
374
428
470
486
717
722
800
820
923
113
125
301
377
472
479
617
619
689
811
837
846
870
872
33
84
206
487
541
562
834
883
902
945
38
57
102
425
498
636
695
704
817
916
924
163
166
349
384
421
461
469
473
510
586
709
785
36
43
49
376
741
912
914
937
958
960
80
236
468
760
897
88
175
440
463
587
641
784
939
948
55
185
190
410
433
543
623
650
814
858
879
920
40
61
841
843
866
888
54
71
76
480
584
632
885
157
437
523
950
68
75
418
875
876
941
951
35
83
796
59
65
775
922
952
828
927
890
901
955
15
534
23
63
112
931
47
966
313
360
669
755
812
815
919
972
45
64
957
396
772
789
835
776
878
904
932
949
46
379
484
853
873
913
915
72
930
969
34
29
880
946
964
317
877
928
20
795
856
19
25
31
462
947
446
85
940
14
39
959
12
17
420
74
956
980
22
963
973
56
974
11
44
979
32
982
987
944
10
50
962
27
37
965
975
21
24
961
985
30
18
967
984
998
971
6
978
41
970
992
993
976
16
7
983
989
26
0
9
991
990
4
2
8
981
489
573
706
393
457
568
595
120
529
133
361
593
604
640
667
714
735
786
819
154
170
205
244
258
340
352
491
493
616
631
726
761
814
842
124
131
143
167
179
183
204
212
230
288
325
329
351
362
401
435
469
471
482
496
532
533
539
592
599
605
617
635
724
864
89
129
141
173
215
233
260
269
293
305
308
337
387
404
405
476
500
537
626
685
686
690
694
697
778
816
848
103
119
134
138
139
200
225
228
238
261
262
267
296
298
309
331
338
341
367
385
402
431
441
448
460
465
467
501
502
507
509
525
528
560
562
569
571
575
581
585
602
606
622
629
699
774
817
862
886
893
92
136
149
153
156
158
169
172
193
196
199
224
247
285
286
291
292
318
330
343
395
400
440
504
506
511
545
552
555
557
580
582
589
628
653
655
668
677
703
730
758
791
794
850
908
116
127
142
151
152
165
171
184
232
237
245
248
256
259
266
274
282
289
299
306
316
322
326
345
375
392
412
422
434
439
456
474
485
494
495
518
519
526
546
547
549
554
567
587
600
621
634
648
654
660
673
681
684
691
718
727
728
739
749
757
762
766
790
797
809
813
859
874
93
96
97
105
106
113
132
148
164
168
182
209
210
220
246
250
255
271
273
276
284
290
294
295
312
315
333
348
349
358
364
369
372
378
381
382
398
403
407
424
430
444
455
458
464
466
486
488
503
512
542
548
551
553
563
566
578
579
594
597
601
608
613
618
624
645
657
665
693
698
707
713
719
723
732
738
741
744
750
773
777
781
792
802
805
841
847
852
880
883
895
73
98
104
108
118
144
145
159
175
178
180
203
231
251
257
263
279
280
319
320
323
327
332
342
356
359
388
389
394
406
417
423
432
438
454
459
477
513
515
521
535
540
550
556
574
576
586
591
598
611
612
615
620
637
638
643
644
651
663
700
701
708
715
746
747
754
756
769
780
827
834
854
894
900
954
109
114
121
146
155
160
166
174
202
214
219
229
240
243
252
253
281
297
303
304
307
339
346
347
353
366
383
386
408
415
452
462
463
483
510
524
538
559
570
607
610
627
633
642
659
666
674
676
680
711
716
733
737
753
783
788
798
804
807
810
812
826
831
836
861
869
884
902
81
122
125
128
207
218
226
227
241
264
265
270
287
300
311
354
368
391
397
429
436
443
447
453
468
475
478
479
505
520
534
564
614
625
641
661
672
675
682
683
687
709
736
748
784
803
818
829
830
833
838
840
881
887
898
94
95
123
140
147
162
189
211
222
239
254
275
283
314
335
336
355
370
377
411
416
442
450
492
499
508
523
531
588
596
609
649
652
720
734
759
763
764
771
806
823
832
845
849
851
870
882
889
903
906
909
921
83
90
100
107
115
126
130
157
161
186
195
216
234
272
301
302
310
321
334
363
373
396
427
428
445
472
514
516
517
522
527
536
558
583
619
630
670
689
725
729
743
772
785
793
796
799
820
822
824
843
866
91
101
137
163
198
217
221
223
235
313
324
350
360
399
414
421
426
437
451
480
530
543
565
577
603
639
646
669
770
801
837
844
855
860
871
891
899
913
935
938
943
55
79
110
150
176
188
192
277
317
357
371
390
410
413
425
497
572
623
658
662
692
702
705
760
765
767
789
811
821
835
853
888
920
926
927
929
953
38
80
87
99
185
194
197
208
278
376
418
446
449
481
541
544
561
650
671
696
704
721
722
731
740
828
857
867
896
897
910
916
923
925
58
60
68
69
84
117
135
181
187
190
201
213
242
344
365
380
384
420
433
461
473
590
647
679
710
742
745
751
755
768
779
808
825
839
872
873
876
879
890
905
911
912
917
57
59
67
71
77
102
177
409
490
782
863
865
868
901
907
915
919
922
924
928
931
933
62
70
75
111
191
268
379
419
484
487
498
632
656
664
846
937
940
941
34
43
66
85
328
470
584
712
717
775
787
795
800
815
885
918
934
63
76
236
636
678
688
856
52
53
54
86
88
206
249
695
752
776
875
878
892
904
932
945
948
955
23
33
48
51
64
82
877
944
45
112
374
914
949
49
65
78
858
936
36
42
61
72
939
942
956
958
960
946
957
25
29
951
952
966
973
950
963
930
20
40
44
74
47
14
15
31
50
19
30
35
979
980
10
11
46
947
962
976
22
981
989
961
37
39
975
982
21
965
983
964
24
41
56
959
969
972
27
971
16
26
987
18
974
12
32
17
970
985
968
977
992
984
967
28
6
991
4
0
978
998
7
988
999
9
993
995
2
13
994
997
986
990
8
3
1
5
996
120
170
604
288
819
622
735
131
548
573
298
509
537
595
726
730
153
224
341
448
467
489
504
616
637
129
158
204
476
532
545
581
593
631
638
154
286
292
325
329
340
511
546
575
585
592
594
599
605
629
677
694
761
773
842
127
133
196
244
245
258
393
439
507
542
550
557
582
589
600
626
640
648
706
732
739
169
180
291
293
319
404
431
477
488
500
506
512
524
525
569
667
714
762
886
81
143
165
173
179
183
230
233
253
273
299
305
308
385
424
502
521
533
566
577
580
628
643
663
686
703
720
749
114
136
149
156
184
248
266
269
295
306
339
403
460
471
496
556
579
607
618
621
681
700
836
854
105
152
218
220
252
256
259
270
282
296
304
320
337
342
362
378
387
407
412
422
458
478
491
503
535
539
549
552
555
560
563
565
576
578
588
598
611
642
660
673
674
683
690
693
699
733
747
786
790
852
139
141
160
164
207
227
228
232
262
267
289
312
352
358
368
389
397
408
436
441
466
474
493
528
551
553
568
574
606
612
655
666
707
711
713
723
826
106
108
124
145
172
203
205
219
229
237
246
250
257
261
275
285
290
302
318
326
330
331
361
366
367
400
430
438
442
501
505
538
602
625
635
639
644
654
684
685
691
697
719
724
736
753
756
757
777
791
797
840
860
874
73
96
118
178
193
217
243
274
280
287
307
321
348
353
381
432
435
455
465
558
567
571
608
613
657
659
665
682
701
718
738
750
764
769
807
894
94
119
132
151
159
161
162
182
199
200
209
210
212
251
315
327
338
345
363
395
406
414
417
443
447
456
482
483
485
494
497
499
514
516
517
518
526
529
554
570
583
591
597
633
668
696
702
727
728
778
781
792
802
832
847
859
864
896
906
97
104
109
110
130
142
167
171
189
202
215
238
255
272
281
294
316
333
344
350
372
398
426
427
429
454
459
464
475
495
530
559
561
617
627
649
661
687
692
759
799
801
829
845
861
869
881
900
79
99
103
115
116
121
126
134
155
168
195
221
223
231
303
332
347
364
369
382
388
394
402
413
416
452
469
519
547
603
609
610
624
652
653
658
670
671
675
688
698
734
744
745
746
758
763
766
780
782
788
805
838
850
889
895
92
93
100
117
147
170
174
176
188
211
214
216
222
225
247
260
297
324
343
354
370
375
399
401
405
411
434
453
457
492
513
520
522
527
531
540
564
615
630
646
672
708
716
768
774
813
816
822
833
848
899
903
911
69
89
128
138
140
146
177
191
263
283
314
322
336
346
386
391
440
444
472
481
515
634
740
742
743
754
783
793
804
810
823
824
831
834
882
910
98
148
235
240
271
310
311
323
334
356
365
377
383
390
392
415
423
445
468
486
487
490
586
587
601
620
645
656
678
715
721
731
737
794
818
821
830
837
857
868
898
908
70
90
91
107
144
239
241
264
268
300
373
380
421
450
510
536
544
680
748
751
765
767
771
785
798
809
817
827
844
849
862
867
871
921
925
953
954
120
123
125
135
186
194
213
226
234
265
335
351
359
425
428
451
479
541
572
664
676
689
710
725
760
787
800
806
808
839
851
883
884
887
891
905
935
938
66
82
87
101
113
122
137
150
163
192
254
276
277
284
357
371
384
470
508
590
596
614
619
651
662
679
705
712
717
722
729
779
784
803
814
825
909
917
86
166
208
249
279
309
355
409
419
437
449
463
498
562
641
647
752
770
855
865
870
893
902
907
926
933
943
67
78
111
175
181
197
242
301
462
480
523
636
775
863
892
929
936
942
48
53
187
198
278
328
349
376
418
433
461
473
584
704
709
741
789
811
872
888
897
924
57
58
62
80
95
185
374
410
534
623
632
695
820
828
846
866
912
918
923
934
937
33
52
76
77
102
201
360
543
650
755
841
875
885
913
916
920
42
43
51
55
60
71
83
84
236
669
812
880
945
36
38
75
190
206
484
776
853
876
939
960
88
313
796
815
835
843
858
879
901
914
919
927
941
948
49
59
61
65
379
396
446
772
890
922
23
68
157
420
795
856
873
878
904
931
950
951
958
54
112
317
915
35
63
64
34
85
877
928
932
955
40
949
952
957
15
45
29
72
930
940
947
20
47
966
14
46
946
956
31
25
74
944
19
39
964
969
972
973
22
50
963
982
37
959
980
11
30
56
962
979
10
21
44
17
12
961
965
24
975
987
18
27
41
971
983
32
974
985
976
26
989
981
16
992
967
984
6
970
977
998
7
978
968
0
991
993
4
28
9
999
988
2
995
990
13
8
994
997
986
3
1
5
996
604
288
341
298
131
637
735
573
726
819
129
153
509
581
595
622
638
154
158
224
244
286
329
548
585
594
730
732
127
133
204
245
448
467
545
599
616
694
196
299
319
592
640
677
836
842
180
269
270
325
339
340
504
532
628
648
667
739
183
230
253
258
293
511
542
546
593
629
631
761
114
143
165
173
179
273
292
368
393
476
489
550
589
626
706
762
136
184
295
308
312
320
569
582
663
700
720
749
773
852
152
164
169
207
256
266
290
291
304
306
439
524
533
539
549
577
579
580
588
600
673
686
714
733
886
894
106
139
156
203
246
248
250
252
259
282
289
296
318
330
337
474
477
525
537
566
612
621
666
699
703
711
826
874
217
220
228
255
261
267
307
352
397
404
458
491
512
552
557
563
575
605
642
660
690
691
707
719
860
73
81
104
108
160
178
182
232
233
262
285
305
326
362
366
389
412
424
488
500
502
643
681
702
757
896
118
161
162
172
193
237
257
275
331
342
381
385
422
431
506
507
521
598
607
644
674
753
764
797
105
145
205
212
218
321
387
436
471
478
551
555
556
565
578
608
611
633
635
655
683
684
693
697
718
769
824
854
79
94
96
116
119
124
141
149
159
174
195
219
221
243
274
327
353
363
388
394
407
441
442
493
514
516
560
713
723
786
790
791
93
117
151
171
200
222
229
238
280
315
333
348
361
370
408
430
505
518
535
591
597
618
625
639
649
682
696
736
747
759
777
801
895
97
99
110
126
140
170
209
223
231
251
332
358
378
403
558
568
574
576
606
652
659
670
687
727
738
782
807
847
900
903
911
100
103
176
189
199
211
227
265
281
287
294
302
347
399
400
414
460
482
497
522
528
538
602
613
615
685
701
728
756
840
845
869
881
889
121
130
168
210
215
216
247
272
316
344
417
438
466
501
503
553
559
567
570
571
627
665
724
763
781
799
859
906
90
91
109
142
146
191
324
364
369
386
398
427
432
455
459
475
483
496
531
610
654
675
829
832
838
861
66
67
69
82
115
188
202
225
235
254
336
350
367
402
406
465
485
494
499
603
653
658
668
680
744
754
792
833
848
899
953
89
167
303
335
338
373
382
395
413
426
443
453
519
527
540
721
750
758
768
774
778
780
822
850
864
868
882
942
78
92
132
134
147
214
234
241
380
416
452
456
526
554
561
657
716
731
742
745
746
787
802
821
910
87
249
260
283
322
334
345
411
447
464
490
495
529
544
583
646
661
708
788
839
849
70
122
123
135
177
226
263
271
277
314
346
392
405
520
530
634
671
678
743
766
783
816
831
857
867
905
943
954
95
148
150
155
213
242
297
310
311
343
372
390
409
429
445
601
645
679
688
737
804
871
887
921
938
107
264
276
279
356
391
423
444
454
492
515
517
536
564
624
630
692
725
734
818
891
898
907
48
240
268
359
434
435
620
662
698
770
794
810
823
865
917
925
936
98
101
187
194
351
357
450
481
572
647
672
712
715
793
803
825
844
855
908
933
42
77
86
111
137
186
201
208
278
300
354
365
371
415
419
547
596
609
614
664
705
740
748
751
752
765
767
771
830
862
892
909
926
929
51
62
128
138
144
284
309
323
375
383
401
451
508
590
729
798
806
827
884
893
52
53
60
181
192
328
449
513
656
710
779
808
809
813
863
918
934
935
58
120
197
198
239
355
428
457
486
651
676
717
722
800
805
820
851
923
113
125
374
377
470
472
479
689
837
870
33
84
206
301
487
562
617
619
811
834
846
872
883
902
945
38
57
102
421
425
498
541
704
817
916
924
166
349
510
586
636
695
785
36
43
49
163
376
384
461
469
473
709
741
912
937
80
468
914
958
960
88
175
236
440
463
587
760
897
939
948
55
185
190
410
433
543
623
641
650
784
814
879
920
40
61
841
858
54
71
480
584
632
843
866
885
888
76
523
950
68
157
418
437
875
876
941
75
83
951
35
59
65
775
796
922
952
828
890
901
927
15
534
955
23
63
931
47
112
966
313
360
669
755
812
972
45
64
815
919
957
772
396
776
789
835
878
904
932
46
949
484
853
873
913
72
379
915
930
969
34
29
946
880
964
317
928
20
877
795
856
25
31
19
462
947
85
446
14
940
39
12
17
959
420
956
74
980
22
963
973
56
974
44
11
979
982
32
987
944
50
10
37
962
965
975
27
21
24
961
985
30
18
967
984
998
971
6
978
41
970
992
993
976
16
7
989
983
26
0
9
991
990
4
2
8
981
