509
768
822
542
832
840
477
493
494
747
536
736
914
419
470
500
570
725
728
729
740
805
843
452
487
507
657
689
695
696
755
764
788
791
831
436
454
492
708
710
750
762
777
789
890
387
514
537
552
722
746
782
813
819
835
845
853
871
879
918
440
441
463
483
498
551
568
593
615
644
693
701
724
751
752
753
756
795
796
798
801
837
460
466
534
559
667
717
727
760
765
794
808
811
829
833
839
849
869
905
909
924
415
519
539
561
605
682
714
731
743
763
792
797
807
812
825
860
866
416
423
427
444
461
482
484
488
491
496
517
541
547
556
558
668
709
711
723
742
761
775
790
793
826
884
204
414
426
446
448
456
469
474
512
513
527
548
589
590
626
672
704
720
726
744
771
778
816
818
847
882
916
139
180
184
207
376
449
451
459
465
468
497
520
529
540
564
567
582
638
642
679
684
705
737
739
741
776
786
802
809
814
880
881
883
899
920
158
345
383
385
389
398
420
421
430
442
447
455
480
481
502
515
565
595
603
646
656
660
676
733
734
749
757
772
774
783
785
800
817
867
872
888
889
903
384
393
400
418
467
476
478
486
511
530
583
633
640
670
677
688
713
719
732
754
759
841
848
870
876
913
921
135
177
277
394
407
443
453
485
503
523
525
533
562
606
707
748
758
769
780
799
821
846
861
863
873
877
891
904
107
127
149
217
339
373
425
428
464
479
495
499
501
532
546
550
587
643
692
715
735
745
820
834
838
844
856
864
874
893
897
898
110
156
175
181
186
193
198
223
240
336
351
408
462
505
516
553
574
624
625
645
651
669
671
678
694
730
738
766
779
803
806
828
842
858
862
910
102
126
131
140
173
190
205
208
255
269
272
330
357
374
380
439
524
528
545
554
560
600
604
620
652
673
685
686
691
697
702
703
718
767
804
854
868
875
901
103
119
152
161
185
220
244
321
369
403
404
409
422
433
471
490
506
555
566
575
578
585
608
612
634
654
663
665
712
823
896
138
150
172
210
335
346
361
372
390
432
434
457
472
489
521
538
543
572
580
588
611
613
614
618
622
637
662
687
700
716
770
787
810
850
851
852
857
859
885
912
915
90
118
189
195
219
326
397
406
522
661
690
830
836
855
892
908
939
950
101
106
148
165
212
230
236
364
368
375
392
402
435
445
450
473
475
510
526
549
598
629
631
650
675
721
824
827
878
887
926
927
941
123
155
179
279
283
285
300
340
362
371
386
399
518
563
569
584
591
599
659
681
699
781
902
907
911
917
933
142
163
192
233
235
337
349
353
355
359
363
366
367
396
411
431
571
577
594
630
639
655
664
894
906
922
935
942
95
109
111
114
141
144
146
153
160
169
214
249
254
275
281
303
304
305
338
356
382
395
417
429
508
601
623
627
648
649
706
815
886
919
925
100
108
122
134
137
200
231
248
252
253
333
350
365
377
378
424
576
616
635
923
931
98
113
197
243
250
311
370
401
437
438
458
535
557
592
596
680
932
944
956
85
88
92
94
157
239
258
265
293
354
405
412
581
617
619
641
647
930
940
83
93
136
166
188
237
261
291
307
327
621
674
865
895
900
79
117
128
159
162
182
183
187
194
196
201
282
287
322
343
410
544
573
597
602
628
773
784
87
151
154
199
206
225
226
247
334
360
381
607
666
96
121
129
130
145
178
213
229
242
256
262
296
310
317
324
328
329
413
504
943
59
133
147
224
228
232
246
274
284
312
342
586
653
658
68
80
104
112
218
222
234
251
259
268
309
344
698
929
65
84
91
124
170
174
211
227
271
306
316
352
391
632
683
928
934
105
120
132
143
267
280
302
308
314
319
323
388
115
125
168
238
313
636
936
954
78
97
99
116
164
257
263
297
325
348
610
958
959
81
176
202
203
215
241
289
379
579
609
953
54
245
288
320
331
945
74
264
270
531
53
63
82
276
315
318
332
71
89
216
298
948
952
967
75
77
86
171
301
341
946
273
292
294
295
949
955
60
221
266
951
260
290
957
965
66
67
76
278
286
191
960
62
64
73
968
971
72
938
982
61
963
57
961
52
51
70
347
947
962
48
209
964
969
970
966
56
937
41
167
40
45
58
69
46
358
37
50
985
49
55
978
975
31
43
44
36
981
983
33
47
26
974
38
42
976
20
27
972
977
979
984
989
23
28
21
25
24
39
990
973
986
991
22
32
35
34
15
12
29
994
30
14
992
17
7
996
995
9
11
10
4
5
16
988
998
2
414
477
551
385
832
330
351
492
507
509
542
570
615
644
321
366
400
416
444
466
476
494
498
500
534
590
657
689
711
729
840
387
415
418
419
423
441
452
464
487
493
519
537
539
552
568
593
605
625
725
736
747
822
426
436
440
491
499
545
547
556
559
567
633
684
708
755
805
825
890
175
319
339
345
368
371
373
384
390
398
420
421
427
432
442
447
448
454
460
461
463
467
468
480
488
520
574
583
589
595
603
612
634
642
667
686
695
710
722
727
750
753
761
762
766
768
775
783
788
791
812
881
207
277
326
362
393
430
434
435
453
462
469
471
474
484
486
514
525
550
608
679
693
696
728
740
743
746
749
764
765
793
794
795
798
819
829
845
871
872
884
139
372
374
391
401
404
408
425
443
445
449
451
455
465
470
472
478
479
482
490
497
517
530
536
555
558
561
562
587
614
620
622
643
645
668
692
724
726
739
748
752
756
772
816
826
831
835
849
860
875
877
882
883
905
914
918
158
181
185
189
303
336
344
356
364
365
370
375
382
411
413
450
459
473
483
489
496
501
502
503
512
513
515
524
529
532
533
538
541
546
572
577
582
591
604
606
618
626
628
646
688
702
704
709
731
741
758
774
782
790
792
797
800
802
807
811
813
817
821
833
839
843
844
847
869
870
880
903
909
924
150
161
184
210
225
255
269
272
304
329
338
350
357
361
376
383
386
389
397
403
407
422
433
446
456
485
510
527
580
600
601
613
624
627
638
640
654
656
662
671
672
678
687
706
707
715
719
737
744
745
760
763
796
799
808
814
818
828
836
837
838
848
857
861
866
867
891
920
107
110
149
172
180
186
204
220
244
253
281
316
328
333
346
349
353
355
360
367
377
380
381
388
394
406
409
410
417
431
438
457
481
504
521
523
540
548
554
565
581
592
598
607
635
650
651
655
675
676
681
697
712
713
717
730
733
734
751
754
786
801
804
809
810
834
846
851
856
858
863
864
873
874
879
889
933
111
119
126
156
173
177
179
187
193
195
223
226
247
250
279
283
285
305
327
340
363
378
392
395
399
428
429
439
495
506
516
518
535
549
560
564
569
575
594
619
621
629
630
631
637
641
648
649
659
660
663
669
673
685
701
703
714
718
720
721
738
742
757
771
777
780
803
806
841
842
850
892
898
901
916
102
135
146
163
169
214
217
224
240
243
252
259
274
300
320
335
337
359
405
424
437
475
508
511
526
528
543
563
566
571
576
584
585
602
611
623
639
670
677
682
691
694
699
705
723
735
769
773
776
778
785
789
820
853
876
894
95
98
109
133
138
140
148
153
157
159
182
183
208
212
230
242
251
293
297
308
309
343
402
412
544
553
573
578
588
597
599
617
632
716
732
815
823
824
852
859
862
865
888
893
896
921
100
106
112
114
122
125
131
142
151
192
194
198
205
218
231
233
239
248
268
291
307
324
354
369
458
586
616
652
653
664
665
666
674
680
767
779
827
868
910
931
932
83
101
103
117
118
127
134
137
144
145
197
201
219
228
236
246
254
256
261
275
284
286
306
311
314
341
352
505
579
596
609
636
661
683
759
770
830
854
855
886
895
899
907
78
79
87
92
108
123
128
152
160
200
229
235
237
258
282
287
302
310
315
318
331
332
334
348
379
396
647
787
878
885
897
902
912
913
919
927
935
941
90
93
96
99
113
116
124
132
147
154
155
165
166
168
171
178
188
190
206
232
249
262
263
265
271
290
298
299
301
312
313
317
342
522
557
690
784
900
906
915
926
929
939
68
88
115
141
199
213
222
238
260
295
325
700
887
904
911
72
74
85
89
104
121
136
162
170
174
211
234
241
245
264
280
292
322
781
908
917
923
80
81
130
196
202
215
288
294
296
323
658
943
956
59
75
94
143
164
266
267
270
289
358
610
698
925
930
950
77
120
129
257
531
944
66
84
86
97
105
176
209
227
347
922
65
273
276
278
928
942
71
91
203
221
62
70
76
82
191
216
940
54
69
167
936
951
53
73
934
945
946
948
60
63
64
965
57
952
55
938
947
954
958
967
67
949
955
959
51
52
56
953
58
961
968
48
61
960
964
31
49
957
963
966
45
937
971
982
46
40
44
50
969
47
962
970
37
42
981
36
26
33
41
985
32
983
43
20
27
972
25
973
23
977
976
22
38
975
990
34
974
978
979
39
989
30
24
986
35
21
29
984
992
988
991
995
28
15
12
14
994
17
996
19
7
8
9
998
0
4
10
987
11
18
5
16
2
509
768
542
822
840
832
494
477
493
536
736
747
914
452
470
500
507
696
725
728
805
843
419
570
695
729
740
755
764
788
791
831
387
436
454
487
689
708
762
777
813
890
492
514
657
710
722
746
751
782
789
845
871
879
918
441
483
537
552
568
750
752
760
819
837
853
905
440
460
463
466
498
593
615
644
667
693
701
724
753
756
795
796
798
801
808
833
835
869
909
924
519
551
559
682
717
731
765
792
797
811
812
839
849
415
427
444
482
534
539
558
561
605
714
727
763
794
807
825
829
860
866
884
416
423
456
474
484
491
496
517
547
556
668
709
711
723
742
743
816
826
916
139
414
426
446
448
461
488
513
527
541
548
589
590
626
642
704
720
726
761
771
775
790
793
818
847
883
920
180
204
207
376
383
421
459
469
512
520
582
638
679
734
744
776
778
786
809
814
867
872
880
881
882
899
903
158
184
385
389
398
418
430
442
449
451
455
465
468
497
540
564
603
646
672
684
732
737
739
741
749
772
774
783
785
802
888
345
393
400
420
447
467
481
486
502
515
529
565
567
595
656
677
705
733
757
758
800
817
841
889
913
921
177
277
384
476
480
485
503
511
640
660
676
688
713
719
759
780
846
848
870
876
877
891
898
135
149
217
373
394
407
428
443
478
479
523
525
532
533
583
606
670
745
748
754
769
821
834
856
861
864
873
904
127
156
175
198
339
453
495
530
562
633
645
707
735
799
838
844
863
874
893
897
110
173
186
374
380
464
499
516
546
550
587
643
678
730
828
842
858
910
107
126
181
190
193
208
223
240
255
321
336
351
372
408
425
462
501
505
545
560
624
625
651
665
692
694
703
715
718
738
803
804
806
820
875
896
912
102
119
150
161
205
210
244
269
272
330
357
369
403
422
439
524
528
553
554
600
652
663
669
673
685
686
691
702
766
767
854
862
868
901
915
131
140
152
172
185
220
390
433
490
555
574
575
578
620
671
697
712
779
823
850
950
103
138
335
361
404
409
432
434
506
538
543
585
588
604
608
613
618
634
654
716
836
857
885
926
939
90
165
212
219
236
368
397
402
457
471
489
522
549
566
572
580
611
612
614
622
662
687
770
787
827
830
851
852
859
887
892
908
941
189
195
230
279
285
326
346
386
406
445
472
521
584
637
650
810
878
902
927
933
101
106
118
179
275
349
362
364
371
375
392
399
435
510
526
594
598
629
631
661
700
721
824
855
907
911
942
123
148
169
300
340
366
396
450
473
475
591
630
675
690
917
935
146
163
192
283
303
305
337
353
363
367
411
431
563
599
655
659
681
699
781
906
922
931
956
95
137
153
155
200
338
359
571
577
639
706
894
919
925
111
142
144
160
214
231
235
249
252
281
304
350
355
356
377
382
395
417
518
623
627
648
664
886
100
122
141
233
243
254
365
424
569
616
635
649
923
940
944
109
239
248
253
333
370
378
401
601
83
88
114
134
237
265
291
293
311
405
412
429
508
535
680
815
895
932
85
94
113
197
258
437
438
458
557
576
581
592
617
647
930
98
117
136
157
182
250
334
354
943
93
108
128
159
187
194
196
261
282
322
327
343
410
596
619
166
188
199
206
213
307
317
324
621
934
92
96
162
225
287
296
310
360
573
674
865
900
929
87
145
178
226
242
247
262
342
602
59
79
183
201
224
229
232
329
597
121
133
151
222
268
274
312
381
773
936
129
256
284
328
628
641
658
68
112
147
154
271
302
309
344
544
586
607
666
784
928
954
130
228
234
413
653
698
959
91
104
218
246
251
306
308
323
352
80
211
259
313
388
958
84
132
143
174
314
316
945
65
227
280
105
267
319
683
125
379
953
967
78
115
116
124
164
170
257
348
504
54
202
203
238
325
632
636
288
289
331
579
955
74
81
99
297
391
609
948
53
263
63
120
270
315
951
952
215
245
264
946
949
965
75
82
86
298
531
71
241
957
968
97
168
610
301
332
89
171
960
294
320
176
292
318
66
216
982
77
221
971
295
67
76
938
963
341
964
60
961
962
266
969
64
970
73
966
278
260
290
52
62
286
276
937
273
48
72
191
51
985
56
975
57
40
45
46
983
37
978
58
44
49
50
981
61
974
31
41
947
36
69
20
42
972
989
984
26
979
43
33
38
27
990
47
55
21
25
22
986
24
28
991
35
992
209
12
15
167
994
29
17
995
14
7
973
9
11
34
10
765
441
4
977
218
23
123
377
282
455
589
502
5
363
792
117
326
1
431
675
538
298
397
202
512
247
390
16
244
552
747
197
414
609
329
636
163
532
516
674
210
603
772
998
883
842
137
568
598
795
848
740
194
303
195
817
825
187
572
731
920
574
658
551
570
254
536
716
311
487
111
489
794
373
709
241
291
584
594
132
686
621
749
325
782
728
398
737
220
274
623
741
549
704
520
755
475
515
563
161
644
723
313
482
466
505
533
126
370
687
656
564
677
725
459
707
100
754
619
732
901
473
764
138
222
838
288
463
184
179
339
996
837
522
654
796
416
243
480
800
234
308
382
393
527
786
571
697
708
729
840
600
625
437
309
872
355
746
366
352
340
546
426
498
903
387
406
604
615
260
724
907
519
164
537
411
217
727
445
588
439
845
876
852
639
147
699
68
98
478
196
156
107
358
189
663
150
602
738
371
569
408
560
834
409
830
528
165
706
608
385
534
683
447
780
578
768
509
542
822
840
832
494
536
914
452
477
493
736
805
843
500
507
696
725
728
747
755
788
831
387
419
454
470
487
570
695
729
740
764
777
791
879
890
436
514
689
708
722
760
762
813
845
441
483
492
568
657
710
746
751
782
789
819
837
871
905
918
460
463
466
537
552
693
701
796
798
801
833
853
869
924
440
498
593
644
667
717
724
731
750
752
753
756
792
795
797
808
811
812
835
839
909
415
427
519
551
558
559
615
682
714
763
765
849
884
416
423
444
456
474
482
484
491
496
534
547
556
605
711
723
727
743
794
807
816
825
829
860
866
916
139
414
426
488
513
517
539
541
548
561
589
642
668
709
742
771
775
793
818
826
847
883
899
920
207
376
383
385
421
446
448
449
459
461
469
527
582
626
638
704
720
726
734
744
761
774
776
778
786
790
814
867
872
881
888
903
158
180
204
389
393
398
418
430
442
451
455
468
481
502
512
520
529
540
564
590
646
679
732
737
739
741
749
783
785
802
809
880
882
889
898
921
177
184
400
420
447
465
467
485
486
497
503
515
565
567
603
640
656
672
677
684
705
713
733
757
758
759
772
800
817
841
846
891
135
277
345
373
384
394
407
428
476
480
511
533
595
719
745
780
821
848
856
870
876
877
913
149
156
193
198
217
339
443
453
478
479
495
523
525
532
562
583
606
660
670
676
688
754
834
838
844
861
863
864
873
874
893
897
904
110
126
127
173
175
321
372
374
464
499
516
530
546
643
645
707
730
735
748
828
842
910
912
107
181
186
190
208
210
223
240
244
255
272
330
351
380
422
425
505
550
560
587
624
633
651
678
692
694
718
738
767
769
799
803
804
858
862
868
875
896
915
102
119
150
152
161
172
185
205
269
336
357
369
390
408
462
501
528
545
575
625
652
663
665
669
673
685
691
703
715
766
806
820
823
850
854
131
138
140
220
335
361
403
409
432
433
434
439
490
524
543
553
554
555
578
585
600
608
613
620
671
686
702
712
779
836
857
885
901
926
950
90
103
165
236
279
368
397
402
404
445
457
471
489
506
538
549
572
574
588
614
618
634
654
697
716
787
827
851
852
887
892
902
939
941
101
179
189
195
212
219
230
275
285
346
349
362
386
392
406
435
472
521
522
526
566
580
584
594
598
604
611
612
622
662
687
721
770
830
855
859
878
907
908
911
927
933
942
106
118
123
169
300
326
364
366
371
375
396
399
431
475
510
629
631
637
650
661
810
824
95
137
146
148
153
155
160
163
192
252
283
303
340
353
359
363
411
438
450
473
563
591
599
630
648
675
681
690
700
906
917
922
931
935
956
144
200
214
231
249
281
305
337
338
350
367
377
382
395
417
518
535
571
577
627
639
655
659
706
781
886
894
919
925
111
122
142
233
235
243
253
304
355
365
370
378
401
424
569
616
623
635
649
664
699
940
944
83
88
100
109
114
141
239
254
265
293
333
356
405
412
429
437
601
680
895
923
932
85
113
117
134
182
197
237
248
291
311
410
458
508
617
647
865
93
94
98
108
128
136
159
187
194
206
225
250
258
261
282
327
334
343
354
557
576
581
592
619
815
929
930
943
145
157
166
178
188
196
199
213
226
242
317
322
324
360
573
900
934
87
92
133
162
183
247
274
287
296
307
310
329
342
413
596
602
621
628
674
773
784
96
121
201
224
229
232
262
268
344
597
607
641
59
79
112
147
151
154
222
256
284
302
309
312
328
352
381
388
544
586
653
658
666
698
936
68
104
129
130
211
218
228
234
246
251
271
306
308
313
316
319
391
91
174
259
323
928
65
80
84
116
125
132
143
170
227
314
348
379
504
683
945
959
78
105
115
124
202
280
331
632
636
954
74
99
164
168
238
257
263
267
288
297
325
579
958
54
81
120
245
264
289
332
531
609
948
953
955
75
86
171
176
203
215
241
298
301
315
318
320
610
967
53
63
71
82
89
97
270
292
294
341
946
951
952
965
77
295
949
66
216
221
290
266
276
957
968
260
286
960
60
72
76
938
67
273
278
64
73
191
982
62
961
963
964
971
209
947
966
962
969
970
52
57
70
937
358
48
51
347
56
61
69
58
167
983
45
55
40
49
46
985
50
31
37
44
981
41
978
47
975
33
42
36
43
974
976
20
26
972
979
27
973
299
977
990
989
23
25
38
984
32
986
21
22
30
24
35
39
992
28
34
991
995
988
994
29
14
15
12
996
17
7
9
19
8
16
0
10
998
18
11
4
980
2
5
987
1
993
997
441
6
765
589
455
502
792
747
123
218
377
282
552
326
363
512
568
740
117
538
536
920
675
883
397
795
431
532
603
731
842
244
516
772
825
728
848
782
390
817
487
570
794
197
210
137
247
298
163
195
725
723
716
202
598
755
704
674
677
709
732
764
111
414
505
741
254
329
572
737
837
303
311
482
564
194
584
768
901
551
609
656
840
903
398
466
636
658
749
796
459
786
184
373
520
533
729
746
876
161
187
291
724
522
527
727
754
838
463
489
707
872
132
220
644
800
907
100
217
515
594
762
822
126
138
708
686
854
879
549
623
722
697
701
393
498
537
687
896
916
771
834
845
852
179
325
480
519
615
862
884
107
339
416
777
832
839
846
165
222
426
475
710
788
313
542
574
588
621
654
779
156
394
454
517
560
657
696
742
757
918
473
534
571
819
882
911
68
439
507
513
528
600
689
738
808
929
477
478
816
924
150
193
241
243
408
483
699
780
785
812
859
870
274
340
382
437
604
663
684
730
871
937
98
196
370
406
409
470
540
547
625
813
820
833
844
866
902
905
941
387
428
578
640
643
693
830
877
885
908
131
447
529
669
694
803
835
234
374
433
605
645
733
850
888
898
899
91
130
479
503
541
619
639
913
914
149
164
212
288
336
385
445
569
718
758
909
910
921
928
189
465
667
735
856
309
372
423
444
452
521
546
585
652
691
999
76
148
230
258
300
352
453
511
608
634
646
711
743
826
827
869
944
147
158
308
371
449
460
563
582
858
127
175
235
252
280
285
321
353
366
376
469
492
509
554
559
798
809
824
897
926
229
231
484
495
558
583
630
648
717
814
829
860
891
103
206
485
602
705
750
799
843
873
875
66
110
312
418
472
647
659
739
806
71
119
166
223
305
461
535
550
567
638
706
789
793
801
912
956
289
399
462
468
481
493
506
575
624
67
811
917
931
54
106
140
173
205
267
345
417
430
688
745
831
939
3
85
112
116
144
172
281
383
458
474
531
622
703
767
823
90
315
384
400
451
464
494
655
787
828
849
287
389
403
614
617
683
906
935
53
115
129
232
359
523
525
586
599
665
855
865
895
900
155
190
322
411
441
490
491
501
543
595
766
791
792
874
878
102
174
268
275
355
606
649
676
714
770
853
886
968
75
109
133
134
213
349
392
555
573
631
635
765
805
881
893
894
145
207
260
365
415
561
591
596
633
668
671
880
904
81
152
261
344
386
616
626
651
747
95
141
357
443
524
774
889
890
971
113
250
576
618
925
930
954
139
160
219
249
514
587
597
810
841
963
87
346
436
660
744
922
37
65
73
157
401
419
579
756
851
892
915
919
936
94
151
225
277
292
456
526
556
86
142
279
421
429
476
486
557
720
761
868
945
259
304
427
455
589
685
753
88
199
323
438
450
679
681
804
943
59
368
759
784
83
262
302
337
362
407
440
502
552
927
932
62
198
224
293
369
378
448
568
590
682
815
942
82
104
307
351
424
432
488
562
751
797
934
74
96
177
263
360
395
296
611
661
680
143
236
264
283
420
530
536
628
672
887
920
79
248
642
883
958
214
167
239
318
592
740
310
343
548
629
99
348
402
405
435
857
933
951
63
320
721
319
334
673
159
257
328
342
653
84
136
180
182
203
208
425
726
825
938
118
123
269
510
580
670
728
186
255
734
146
396
760
962
233
278
284
350
692
331
422
434
940
266
952
80
380
985
504
512
532
607
949
105
124
125
335
377
678
957
114
209
314
326
538
191
330
363
783
56
171
807
44
412
731
950
603
969
566
45
50
89
41
226
244
842
848
282
781
117
972
42
237
273
955
959
974
544
772
338
364
497
960
795
397
966
989
92
201
218
324
650
675
698
52
306
188
211
516
953
286
256
752
64
581
662
817
431
961
982
539
20
487
390
782
794
122
975
327
802
410
48
215
271
128
168
245
381
570
967
43
246
253
240
242
251
664
577
986
297
354
185
981
181
49
990
26
55
301
977
632
748
316
294
22
610
375
637
40
298
35
176
712
33
998
210
170
46
12
303
197
195
29
51
995
31
21
247
723
60
992
863
609
636
58
24
16
702
593
102
109
149
155
184
387
425
468
469
487
496
536
551
572
667
765
788
832
106
123
131
135
137
139
161
170
189
330
345
351
361
409
414
440
441
447
449
463
464
480
500
507
542
547
556
559
570
615
755
783
840
855
101
108
110
111
114
117
119
120
127
128
136
141
142
150
151
166
169
172
173
181
183
185
190
193
197
207
220
223
240
260
316
319
355
357
370
385
389
397
400
407
408
416
426
427
446
452
461
471
473
477
483
491
492
494
498
509
519
528
548
566
567
582
646
738
743
750
757
762
764
766
779
793
796
805
818
819
833
839
843
862
871
877
881
883
90
92
112
121
126
134
147
148
152
153
154
156
159
160
163
180
192
204
205
214
215
217
226
241
244
246
247
253
255
275
277
279
283
284
329
346
362
376
390
411
415
417
419
420
422
423
430
431
432
434
439
450
457
459
460
465
466
467
472
475
486
489
493
499
512
518
520
525
529
534
535
537
538
540
552
562
568
569
574
590
595
599
605
606
607
612
620
623
628
638
642
644
654
679
708
739
749
760
767
775
791
798
802
804
812
816
817
822
825
827
829
835
837
844
845
857
872
873
874
875
890
894
897
909
97
98
100
103
104
107
113
116
118
133
138
144
146
158
168
174
175
177
179
182
186
194
195
198
208
210
218
230
231
233
258
261
272
274
276
282
321
328
332
335
336
338
353
359
364
365
366
368
371
372
373
374
384
392
395
398
401
418
421
428
436
451
453
455
458
462
476
479
482
484
488
502
504
513
514
515
517
532
533
541
545
550
554
555
558
561
563
564
575
577
583
598
600
604
608
611
614
619
624
625
632
634
639
640
641
656
657
663
670
675
684
686
692
693
710
713
729
736
737
744
745
756
777
782
784
785
789
792
794
795
807
811
821
826
828
836
838
842
848
849
851
860
861
863
865
866
867
879
880
884
889
891
892
898
904
905
914
920
75
87
91
93
94
95
99
125
130
132
140
145
157
164
165
167
187
188
199
200
201
202
211
225
228
232
234
236
238
250
251
259
266
268
269
280
281
304
305
311
326
339
343
350
363
375
377
378
386
391
393
399
404
406
413
429
433
435
438
442
444
445
470
481
485
490
501
503
506
510
511
516
521
523
524
526
527
530
539
543
553
565
573
576
581
585
587
589
594
597
601
602
621
627
633
643
669
671
689
695
696
701
706
707
709
711
727
730
731
740
742
747
751
752
754
758
759
768
772
773
776
780
786
790
797
803
808
820
823
831
841
847
850
852
854
869
882
896
903
924
62
65
74
80
81
85
115
122
124
129
171
178
206
212
219
224
235
239
242
243
248
249
252
254
256
262
264
271
285
293
297
300
303
307
309
313
318
325
333
342
369
381
382
383
388
394
410
424
448
454
474
478
495
497
505
546
549
557
578
580
592
603
613
618
622
626
629
630
635
637
645
652
659
660
672
674
676
677
678
681
682
687
690
700
704
705
712
715
718
719
724
725
728
732
733
746
748
753
761
763
770
774
778
781
799
800
801
806
813
814
830
834
856
858
859
870
878
885
888
893
899
901
918
68
77
82
83
88
89
105
176
191
196
213
245
257
263
265
278
286
288
291
292
306
320
324
327
337
344
349
352
354
356
360
367
405
412
437
443
456
508
522
544
560
584
586
588
591
616
631
636
647
655
661
662
666
668
673
685
688
694
702
703
716
717
721
722
723
726
734
741
787
809
824
846
853
864
868
900
902
906
907
911
912
921
929
79
84
143
162
227
237
267
287
290
298
299
301
302
308
310
312
315
317
340
348
380
402
403
571
596
609
617
648
649
664
665
680
683
699
714
720
771
810
886
895
919
927
933
59
60
66
69
70
72
76
78
86
96
209
216
221
222
229
270
289
295
296
314
322
323
347
379
396
531
650
651
653
697
876
887
908
916
932
944
63
64
73
273
331
358
579
658
691
698
735
769
815
910
913
917
926
928
71
334
341
610
915
925
935
54
57
58
61
203
294
923
930
939
41
53
922
931
941
943
950
45
67
934
940
952
49
50
51
56
942
48
52
55
946
951
936
948
39
42
937
945
947
956
37
40
43
46
47
938
949
955
958
961
965
31
953
954
959
34
957
960
963
26
32
36
966
982
33
44
964
968
971
20
22
27
38
962
967
970
23
29
969
981
24
25
30
976
977
985
21
28
35
972
975
978
973
12
983
14
15
990
974
18
986
989
6
9
17
19
7
10
979
984
980
991
988
992
8
16
994
996
11
0
4
987
995
1
5
2
997
13
993
999
998
3
123
765
441
117
218
282
502
536
137
184
455
792
512
589
883
111
197
377
397
431
487
572
920
244
363
538
796
817
126
161
414
568
570
675
747
755
788
837
840
842
848
131
163
194
195
202
220
247
326
329
449
459
463
532
552
764
777
779
782
795
825
100
109
132
155
170
210
217
390
409
480
496
528
551
564
593
598
615
644
740
757
794
822
832
862
107
138
149
150
189
311
357
387
426
439
466
475
477
483
489
505
516
520
533
542
563
574
623
656
708
731
737
738
772
839
901
903
91
102
106
127
142
156
165
193
241
254
447
468
469
473
482
507
519
527
547
638
646
667
686
701
709
723
728
732
749
762
819
845
879
98
148
172
173
187
373
398
408
428
498
511
515
522
537
540
569
594
603
654
674
677
704
729
741
742
754
768
833
835
838
854
855
872
896
897
907
90
103
110
119
130
136
147
166
179
190
215
223
230
234
258
260
274
280
298
325
370
376
389
393
411
416
430
461
465
488
492
513
517
529
534
548
559
582
585
600
604
621
640
663
707
716
725
727
767
780
785
786
805
808
818
830
116
128
139
141
151
164
174
205
231
275
291
303
313
345
355
394
452
464
470
500
509
541
546
556
567
599
605
609
636
639
643
684
710
812
816
844
852
866
912
918
924
68
81
92
108
112
115
144
152
157
175
182
300
336
339
353
374
385
400
423
433
438
440
453
460
478
479
484
493
523
549
554
566
575
578
584
606
620
652
657
689
696
724
730
743
746
750
781
793
802
820
827
849
871
873
876
877
880
884
891
905
909
911
929
62
65
75
94
104
129
134
158
160
196
232
235
243
330
352
371
406
417
425
427
434
446
451
458
462
472
494
521
524
535
555
557
561
595
608
611
619
624
625
634
658
659
669
687
693
718
722
751
803
813
826
841
885
888
898
914
76
85
113
135
140
180
206
208
212
261
268
288
346
359
372
378
382
407
436
445
454
481
491
506
525
550
558
562
571
583
588
602
614
705
733
739
744
766
789
798
800
829
834
843
846
850
853
859
860
863
869
870
882
894
899
902
904
916
921
87
114
133
145
153
167
207
219
224
240
249
257
279
281
283
284
305
307
309
312
321
351
362
365
392
399
415
418
422
432
437
450
467
485
495
560
622
628
630
642
645
697
706
734
745
758
760
770
771
783
791
797
799
806
807
811
875
944
66
95
101
120
159
198
246
253
262
264
277
285
333
361
366
368
384
395
419
444
486
501
503
514
518
526
573
587
590
597
607
626
670
671
679
694
699
711
790
814
823
889
928
74
80
99
199
204
222
252
266
267
293
304
319
335
340
383
420
421
424
429
435
457
490
497
543
576
632
647
660
676
685
688
695
717
720
736
756
759
801
804
828
831
856
858
865
867
874
881
890
892
906
908
913
82
169
181
185
192
214
225
226
229
233
236
250
259
263
287
289
292
308
310
315
316
322
328
354
369
401
471
476
504
577
581
633
635
648
665
682
703
715
776
784
787
809
851
893
910
926
54
59
84
88
93
97
118
146
154
168
177
183
186
191
255
278
318
323
324
332
342
344
364
386
443
499
510
539
553
586
596
617
629
631
655
668
692
712
713
714
735
752
763
821
824
857
878
900
917
941
63
67
71
73
79
86
121
124
125
188
213
239
248
269
276
337
338
381
410
448
456
474
530
531
545
580
591
601
613
616
618
637
649
661
662
672
678
681
683
691
700
721
753
775
861
868
922
105
211
228
302
317
343
349
350
403
442
544
592
612
726
761
774
778
836
847
886
895
919
937
53
60
83
89
122
237
251
272
296
320
348
360
413
565
627
673
680
702
719
748
932
939
41
96
143
162
171
176
200
201
216
221
238
375
380
402
405
412
641
651
690
773
887
925
927
933
935
77
245
256
306
404
666
242
271
286
297
391
396
579
653
769
810
930
931
64
209
301
314
327
367
864
915
943
45
331
334
379
650
664
934
952
50
178
203
270
273
290
388
508
698
815
942
56
61
78
265
347
956
57
356
610
936
940
951
958
42
227
295
950
963
52
358
945
954
72
70
923
938
971
69
957
968
48
58
294
960
949
953
961
43
955
962
37
49
946
965
44
51
341
959
982
20
55
947
967
26
40
966
948
985
46
969
22
33
47
299
975
34
964
970
29
981
972
32
974
989
977
978
31
39
38
21
36
35
986
12
983
15
990
27
14
23
24
30
7
10
973
17
28
984
992
9
25
991
11
979
996
980
16
994
988
995
5
18
4
987
19
998
6
0
2
1
993
976
997
123
496
536
559
593
387
425
447
468
487
500
509
547
548
551
556
570
572
574
595
605
615
646
667
345
414
426
440
441
446
449
461
463
466
469
480
483
494
498
507
519
529
534
537
542
567
568
569
590
638
642
351
385
397
407
408
409
427
450
452
464
467
471
486
492
493
518
520
528
533
550
562
564
566
575
582
583
619
620
628
634
656
684
788
319
330
355
357
361
364
376
389
400
416
419
420
421
428
430
431
432
434
439
451
459
460
473
477
482
484
488
489
491
502
512
513
514
525
532
538
540
541
545
554
555
558
561
563
585
600
602
604
606
611
612
623
624
625
632
640
644
654
657
675
708
755
765
779
184
240
335
336
346
365
370
384
390
392
398
411
417
422
423
436
455
457
462
465
472
475
481
485
499
511
515
517
524
526
530
535
539
543
552
573
577
578
580
581
587
594
597
598
599
601
603
607
608
614
622
627
629
639
643
663
670
671
676
686
693
707
713
737
738
750
757
762
764
783
791
796
149
155
189
190
223
244
255
275
277
279
283
284
304
316
328
329
338
339
353
359
362
363
368
371
372
373
374
375
393
399
401
406
415
418
433
435
442
444
453
454
470
479
495
497
501
503
505
506
510
516
527
553
565
576
586
589
591
592
613
618
621
626
630
631
633
641
645
660
668
679
689
692
695
701
706
710
729
736
743
744
747
749
777
789
793
805
818
819
822
832
840
843
855
135
139
173
193
198
204
205
207
220
230
231
241
246
247
258
259
260
261
269
272
274
276
282
300
311
318
321
326
332
366
369
378
382
383
386
391
394
395
404
413
429
438
448
456
458
474
476
478
490
504
521
522
523
546
549
557
588
596
616
617
635
647
648
652
655
669
672
673
674
677
678
681
682
690
696
700
703
704
705
711
727
730
731
739
740
742
751
756
759
760
767
768
775
782
785
798
802
812
833
837
839
102
109
123
127
131
136
156
161
169
172
180
181
183
185
192
197
214
215
217
226
233
234
238
250
253
254
266
268
303
305
307
313
325
333
337
342
350
356
377
381
405
410
424
437
443
445
508
544
560
571
584
609
636
637
659
661
662
665
685
687
694
702
709
712
715
716
718
721
723
724
725
728
732
733
745
746
752
753
754
758
766
776
794
795
804
807
811
816
817
827
829
835
862
871
890
897
101
106
119
128
137
141
142
148
150
152
160
165
166
170
186
195
208
218
219
232
235
236
248
251
262
264
265
271
280
281
285
293
306
317
324
327
343
344
352
354
360
367
388
403
412
651
664
666
680
683
688
699
714
717
719
722
726
734
770
772
780
781
784
786
790
792
799
801
803
808
821
825
826
841
842
844
845
860
863
866
873
877
879
881
883
889
904
909
914
90
92
107
108
110
114
117
120
121
126
151
153
154
158
163
175
177
179
182
194
199
210
211
225
228
239
242
243
245
249
252
256
263
288
291
297
309
310
312
315
320
340
348
349
380
396
402
531
649
650
653
658
697
720
741
748
761
763
771
778
797
806
813
814
820
831
838
847
848
849
854
857
861
867
869
872
874
875
880
891
892
905
103
111
134
138
140
144
146
147
159
168
174
187
188
200
201
206
224
227
257
278
286
287
290
292
296
302
308
322
379
691
698
773
774
823
828
830
834
851
853
865
884
894
898
918
920
924
94
100
104
113
116
118
133
157
202
212
213
237
267
270
289
295
298
314
347
358
579
610
735
787
800
809
836
850
852
856
858
859
868
870
882
885
888
893
896
899
901
903
921
87
91
93
97
98
112
129
130
132
145
164
176
191
196
229
273
299
323
331
334
824
846
864
878
906
911
912
65
80
85
95
99
115
162
167
171
178
216
221
222
301
341
769
810
887
902
907
916
62
75
81
84
88
122
124
125
815
876
886
900
908
910
913
919
927
944
74
77
79
82
83
105
143
294
895
917
925
926
929
933
59
60
68
89
96
203
928
932
63
76
78
86
209
915
922
935
939
66
70
923
930
950
54
57
64
69
71
72
73
934
940
941
942
943
952
53
61
931
41
58
67
45
936
946
951
51
52
56
948
958
48
49
50
945
949
953
955
956
40
55
937
938
947
954
959
961
965
37
46
957
960
42
47
963
39
43
967
971
982
31
36
962
964
966
968
26
33
27
32
34
38
44
970
20
969
22
23
976
981
985
975
978
977
28
29
30
21
983
24
25
35
972
973
974
990
12
14
15
989
980
984
986
18
979
17
9
19
991
6
7
10
992
988
996
994
16
8
11
0
987
4
995
1
5
2
997
993
999
13
998
3
387
500
509
536
542
551
593
414
440
441
452
463
468
477
487
492
494
496
507
547
556
559
570
615
667
788
832
840
330
345
351
385
400
416
419
425
426
427
446
447
449
460
461
464
466
469
480
483
491
493
498
519
534
537
548
567
568
572
590
605
642
644
646
708
755
765
805
139
149
184
207
357
361
376
389
390
397
407
408
409
415
420
421
423
430
432
434
436
459
465
467
471
482
484
486
488
499
512
513
514
520
525
529
533
541
545
552
558
562
574
582
583
595
620
625
638
657
684
693
729
736
743
750
760
762
764
768
775
783
791
793
796
798
818
819
822
833
839
843
871
890
102
110
135
150
155
161
172
173
180
181
185
189
193
204
220
223
240
244
255
277
279
319
321
339
346
355
362
364
366
368
370
371
372
373
374
384
393
398
411
417
418
422
428
431
439
442
444
450
451
453
454
455
457
462
470
472
473
475
476
479
481
485
489
502
503
515
517
518
527
528
530
532
538
539
540
550
554
555
561
564
566
569
575
577
587
589
600
603
604
606
608
612
614
624
628
633
634
640
643
654
656
679
686
689
695
696
701
710
711
713
725
727
737
738
739
740
744
747
749
751
756
757
766
777
779
782
789
792
795
802
807
811
812
816
817
825
826
829
835
837
844
845
872
877
881
883
905
909
914
106
109
117
119
123
126
127
131
137
152
153
156
158
169
175
177
183
186
190
192
197
198
205
208
210
214
217
226
230
247
253
269
272
275
283
304
316
326
328
329
335
336
338
353
359
363
365
375
377
383
386
392
394
395
399
401
404
406
433
435
443
445
448
456
474
478
490
495
497
501
506
510
511
516
521
523
524
526
535
543
546
563
565
578
580
581
585
594
598
599
601
607
611
613
618
619
622
623
626
627
629
639
645
660
663
668
670
671
672
675
676
678
682
692
704
706
707
709
722
724
728
730
731
742
745
746
752
753
758
767
772
776
780
785
790
794
797
801
804
808
813
821
827
831
841
847
848
849
855
857
860
861
862
863
866
867
869
873
874
875
879
880
884
889
891
897
898
918
920
924
90
101
107
108
111
114
128
136
138
141
142
146
148
151
159
160
163
166
170
179
182
194
195
225
231
233
246
250
258
259
261
274
281
282
284
285
300
303
305
311
333
343
350
369
378
382
391
410
413
424
429
438
458
504
505
522
549
553
560
573
576
588
591
592
597
602
621
630
632
635
637
641
652
659
662
669
673
677
681
685
687
688
702
703
705
712
714
715
717
718
719
721
723
726
732
733
734
741
748
754
759
761
763
774
778
786
799
800
803
806
814
820
823
828
834
836
838
842
850
851
853
856
870
882
892
894
903
904
92
95
98
100
103
112
113
118
120
121
133
134
140
144
145
147
154
157
165
168
174
187
188
199
200
212
215
218
219
224
228
232
234
235
236
238
239
241
242
243
248
249
251
252
254
256
260
262
265
268
280
291
293
306
307
309
313
318
324
327
332
337
340
342
344
349
354
356
360
367
380
381
388
402
403
405
412
437
508
544
557
571
584
586
616
617
631
647
648
650
651
655
661
665
674
680
690
694
700
716
720
770
771
773
781
784
809
830
846
852
854
858
864
865
868
885
888
893
896
899
901
912
921
87
93
94
104
116
122
130
178
201
202
206
211
213
237
263
264
266
271
276
288
297
308
310
312
317
320
325
352
396
596
609
636
649
664
666
683
691
697
699
735
787
810
824
859
878
902
906
907
911
916
933
65
74
75
83
85
88
91
97
99
115
124
125
129
132
162
164
171
196
229
245
257
286
287
290
292
296
298
302
314
315
322
348
379
653
658
769
876
886
887
895
900
910
913
919
927
929
68
77
79
80
81
84
96
105
143
167
176
191
222
227
267
270
278
289
295
301
323
331
334
341
347
531
579
698
815
908
926
932
944
59
62
78
82
89
216
221
273
299
358
610
915
917
925
935
939
60
66
72
86
209
294
922
923
928
930
931
941
943
950
63
64
69
70
71
73
76
203
940
942
54
934
53
57
58
61
952
956
67
936
946
948
951
41
45
49
51
52
56
945
48
50
55
938
947
949
955
958
965
937
953
954
959
961
46
957
960
963
31
37
40
42
47
966
967
968
982
43
964
971
36
39
44
962
26
32
33
970
20
27
34
969
38
22
23
981
976
985
975
977
978
25
30
972
983
21
24
28
29
973
35
974
990
12
14
15
979
986
989
984
18
980
17
19
991
9
988
992
7
6
10
994
996
8
16
0
11
987
995
4
5
1
2
997
993
13
999
998
3
441
768
747
765
792
840
536
725
728
589
740
822
542
552
568
570
755
782
455
487
502
509
729
764
777
795
832
920
477
731
845
696
708
722
746
825
837
723
762
794
796
879
883
454
466
507
644
657
788
387
452
463
470
512
603
689
701
704
724
772
808
903
914
918
123
414
482
493
494
537
709
710
727
741
805
813
817
848
916
483
492
498
551
732
835
905
924
519
527
615
677
736
771
786
819
839
842
871
872
876
884
416
436
459
516
520
532
564
693
737
749
751
833
843
853
126
184
244
326
398
517
534
695
797
800
812
831
849
210
373
393
426
460
488
513
593
656
717
742
780
866
869
909
363
377
390
444
449
500
505
514
533
547
559
605
638
667
734
789
791
798
816
838
846
882
901
217
339
419
423
484
511
515
538
541
558
711
754
801
394
397
400
430
540
582
626
684
707
714
716
743
750
757
785
826
834
899
107
117
156
161
195
376
385
440
474
546
640
646
668
720
733
753
760
809
811
860
870
888
890
896
912
913
921
158
478
480
496
503
523
529
539
548
560
561
584
675
697
756
807
818
829
841
880
898
907
137
139
163
220
383
415
418
428
431
447
461
465
469
479
522
574
598
744
752
758
763
854
856
138
149
175
193
282
303
427
491
549
588
643
645
686
705
735
790
793
814
852
877
941
111
207
374
389
451
453
468
481
489
495
556
572
682
687
688
694
730
738
739
802
844
862
910
127
150
165
179
218
336
345
372
408
448
456
485
497
528
567
578
583
594
600
625
663
669
820
830
850
891
110
131
212
321
357
384
439
555
590
595
606
642
652
679
691
718
726
873
897
911
100
173
223
254
421
433
443
524
608
624
634
654
660
665
745
761
779
803
858
885
902
172
180
291
300
311
340
409
476
525
550
554
562
563
575
585
604
676
774
799
806
863
881
908
119
177
189
197
205
406
446
462
467
486
571
622
633
651
685
703
776
859
889
926
103
140
190
230
277
285
403
445
464
475
521
623
670
672
699
778
783
867
874
875
893
922
939
956
90
102
187
194
208
243
371
382
420
442
587
759
767
823
148
204
247
330
366
407
473
501
506
611
674
678
748
769
828
847
904
944
152
198
219
275
305
490
530
543
565
614
618
630
639
658
770
824
827
917
931
935
98
106
142
240
252
329
349
351
353
369
380
399
411
472
648
659
671
766
787
915
929
186
235
279
434
437
526
569
580
620
631
673
692
706
712
781
821
135
231
281
368
370
386
392
566
591
599
702
715
775
878
95
196
222
255
335
346
378
422
435
499
613
621
655
719
804
851
864
868
68
85
144
155
181
182
269
359
362
417
432
545
637
647
662
861
906
942
132
236
249
258
402
619
160
298
355
425
557
617
629
635
649
661
681
713
855
892
927
109
157
185
202
206
224
229
272
274
283
304
313
337
438
553
616
650
836
919
950
113
293
365
510
535
721
810
857
886
887
925
933
83
88
94
134
141
153
307
309
312
322
333
395
458
636
943
91
118
234
250
287
352
401
602
609
894
895
928
930
130
146
166
213
214
239
253
310
424
450
576
54
59
147
232
261
325
364
396
577
680
145
237
248
268
308
350
354
429
596
932
101
112
122
296
317
338
361
592
936
940
108
115
128
129
133
136
225
324
344
405
457
573
586
865
900
934
954
87
96
199
262
280
334
343
360
79
164
192
233
375
597
53
65
257
267
288
410
412
92
114
151
159
174
302
323
700
71
93
116
289
342
664
945
81
169
200
683
968
104
241
367
381
581
601
75
259
404
471
518
815
958
66
284
315
612
67
80
143
246
74
84
188
226
327
628
690
76
328
579
170
242
937
263
319
607
627
63
82
86
348
162
201
314
971
653
959
203
306
331
951
952
963
99
105
256
265
531
251
264
923
967
124
215
271
953
125
211
957
73
121
316
955
292
949
960
78
178
89
544
962
228
320
938
969
171
260
982
301
318
62
965
297
504
52
278
64
966
985
948
632
961
154
266
245
56
60
48
379
784
773
44
45
50
964
294
970
191
975
216
946
974
37
51
41
989
42
20
40
972
270
981
77
46
221
990
31
986
58
26
149
551
559
102
155
161
240
319
387
425
487
593
667
109
135
139
184
185
189
207
247
330
345
351
355
400
414
468
469
480
496
498
536
542
547
556
570
572
590
783
832
106
110
111
112
114
117
119
123
131
137
141
142
147
151
170
181
183
193
197
217
220
226
246
253
316
361
370
385
389
409
416
440
441
447
449
452
461
464
477
492
499
500
507
519
534
538
548
566
569
582
583
605
612
615
755
762
764
765
766
779
788
805
818
819
839
840
843
855
871
877
98
100
120
121
126
127
128
136
148
150
153
154
156
159
160
163
166
168
169
172
173
186
190
192
195
210
214
218
223
244
255
259
260
277
279
283
328
329
335
346
353
357
390
397
398
407
408
420
426
427
430
432
463
466
467
471
472
473
476
483
486
491
494
509
518
520
525
529
537
550
552
555
558
567
574
595
604
606
607
619
623
624
625
628
632
638
639
642
644
646
654
657
693
708
739
743
750
775
798
804
833
836
844
845
857
862
872
875
881
883
890
90
92
101
103
108
113
116
130
133
134
138
140
152
158
174
175
177
179
180
182
198
201
204
205
208
230
231
233
238
241
250
258
261
266
269
272
274
275
276
282
284
304
321
332
362
364
366
372
373
376
384
386
399
401
411
417
419
423
439
446
450
455
457
482
488
489
502
503
513
514
528
530
533
535
539
540
541
545
554
562
568
577
599
600
608
611
614
627
633
634
656
670
679
686
711
736
737
738
749
757
760
790
791
792
793
794
796
802
811
812
816
817
822
825
826
827
835
860
873
874
894
75
97
104
107
118
124
144
145
146
157
165
167
171
187
188
194
199
200
211
215
224
225
228
232
239
242
243
251
252
254
268
280
281
297
303
305
307
311
318
326
336
338
339
343
359
365
368
371
374
375
378
381
392
395
406
415
418
421
429
431
434
435
436
453
458
459
460
462
465
474
479
484
493
501
504
511
512
515
516
517
521
524
527
532
543
553
561
563
564
565
575
576
580
586
592
594
597
601
602
603
618
620
622
637
640
641
643
645
660
671
675
676
678
684
706
707
710
713
727
729
730
740
744
747
753
756
767
780
781
782
784
789
795
797
807
820
828
829
837
838
841
842
848
849
850
851
852
863
865
867
880
884
892
897
905
909
62
68
74
93
95
99
115
125
164
178
196
202
206
212
213
219
234
236
245
248
256
262
263
271
285
320
350
360
363
369
377
388
391
394
404
413
422
428
433
444
451
454
475
478
481
485
490
497
506
508
510
523
526
573
581
585
587
588
589
591
598
616
626
630
635
655
663
668
669
672
674
677
692
695
696
701
712
719
728
731
742
745
748
754
758
759
768
770
772
773
776
777
785
786
800
801
808
821
834
847
856
861
866
869
879
882
891
898
904
920
65
77
83
85
87
91
122
129
132
235
249
264
265
278
288
290
291
293
295
300
306
309
313
324
325
337
344
349
382
393
405
410
424
437
442
445
448
470
495
546
549
557
560
578
584
613
617
621
629
631
647
652
659
666
673
681
682
687
688
689
690
700
702
703
704
705
715
718
724
725
732
733
734
746
751
752
761
763
774
799
803
806
813
823
831
846
854
858
864
870
878
885
889
893
896
899
900
901
903
914
924
78
80
81
82
88
94
105
143
162
191
222
229
257
267
270
286
292
296
298
299
301
308
310
315
317
327
333
340
342
348
356
367
383
403
412
438
443
456
505
522
544
571
596
609
636
648
661
662
664
680
683
685
694
709
714
716
722
723
726
778
787
809
810
814
824
830
853
859
886
888
911
918
921
929
69
79
84
89
96
176
209
221
227
237
273
312
314
341
347
352
354
402
531
650
651
665
699
717
720
721
741
771
868
902
907
912
919
59
60
66
70
72
73
76
86
216
287
289
302
331
358
379
380
396
579
649
653
697
698
769
815
895
908
916
927
944
64
322
323
334
610
658
735
876
906
910
913
933
63
71
203
294
691
887
926
928
932
935
54
58
61
915
917
925
41
45
49
53
57
923
930
939
943
50
51
56
922
931
934
950
952
48
55
67
941
52
940
942
948
31
39
43
936
946
947
951
37
42
46
47
937
956
945
949
954
32
34
938
953
955
958
959
961
26
36
40
44
963
965
33
38
971
982
22
957
960
966
968
20
27
964
23
962
967
969
25
970
24
29
21
30
35
972
981
28
975
976
977
973
978
985
12
14
15
974
990
18
17
983
989
9
19
984
986
991
6
10
979
7
8
980
988
992
11
994
16
996
0
5
4
1
987
995
2
13
993
997
999
998
3
387
487
507
536
542
551
593
832
840
385
414
440
441
452
463
468
469
477
492
494
496
500
509
519
547
556
559
570
615
667
755
788
805
139
149
184
207
330
345
351
389
400
416
419
420
425
426
427
447
449
460
461
464
466
480
483
491
493
498
520
534
537
548
552
567
568
572
582
590
605
642
644
646
657
708
736
743
750
760
762
764
765
783
791
818
819
822
833
839
843
871
890
102
110
135
150
155
161
180
181
185
189
193
204
220
240
244
277
319
321
339
355
357
361
366
373
376
384
390
397
398
407
408
409
415
418
421
423
430
432
434
436
446
453
459
465
467
471
473
476
482
484
486
488
499
502
512
513
514
517
525
529
533
538
539
540
541
545
555
558
562
566
574
583
595
606
612
620
625
638
656
679
684
689
693
695
696
710
711
727
729
738
739
740
747
749
756
757
766
768
775
777
782
792
793
795
796
798
802
811
812
816
817
825
826
829
835
837
844
845
872
877
881
883
905
106
109
111
117
119
123
126
127
131
137
153
156
158
169
172
173
175
177
183
186
190
192
197
205
208
210
214
217
223
226
247
253
255
269
272
275
279
283
316
329
335
336
346
353
362
364
368
370
371
372
374
386
392
393
401
411
417
422
428
431
435
439
442
444
450
451
454
455
457
462
470
472
474
475
479
481
485
489
497
501
503
515
518
524
527
528
530
532
535
550
554
561
564
565
569
575
577
587
589
600
603
604
607
608
614
623
624
628
633
634
639
640
643
645
654
670
686
692
701
707
713
725
728
731
737
742
744
745
746
751
752
753
758
767
772
779
789
790
794
797
804
807
808
813
821
827
831
836
838
847
848
849
855
857
860
861
862
863
866
867
869
873
874
875
879
880
884
891
897
898
909
914
920
101
107
108
114
128
136
138
140
141
142
146
148
151
152
159
160
163
166
170
179
182
195
198
230
231
233
246
250
258
261
274
281
282
284
285
303
304
305
326
328
338
350
359
363
365
369
375
377
378
383
391
394
395
399
404
406
413
429
433
443
445
448
456
458
478
490
495
506
510
511
516
521
523
526
543
546
549
553
563
578
580
581
585
594
598
599
601
611
613
618
619
622
626
627
629
632
641
660
663
668
669
671
672
675
676
677
678
682
688
704
705
706
709
712
715
717
718
719
722
723
724
726
730
732
733
734
748
754
759
761
763
774
776
780
785
786
800
801
814
820
828
834
841
842
850
851
852
856
870
882
889
892
894
903
918
924
90
92
95
98
100
103
112
113
118
120
121
133
134
144
145
147
154
157
165
168
174
187
188
194
200
201
212
218
219
224
225
228
232
235
236
239
241
242
243
251
252
254
259
260
268
293
300
307
311
332
333
337
343
344
349
356
360
367
381
382
388
410
424
437
438
504
505
508
557
560
573
576
584
588
591
592
597
602
616
621
630
631
635
637
652
655
659
662
673
674
681
685
687
694
702
703
714
716
720
721
741
770
771
773
778
781
784
799
803
806
809
823
830
846
853
854
858
864
865
888
893
896
899
901
904
921
83
87
93
104
116
122
125
130
178
199
202
206
211
213
215
234
238
248
249
256
262
265
266
271
276
280
291
297
306
309
313
318
320
324
327
340
342
352
354
380
402
403
405
412
522
544
571
586
617
647
648
650
651
661
664
665
666
680
690
699
700
787
810
824
859
868
878
885
902
907
911
912
916
68
74
75
85
88
91
94
97
99
115
124
129
132
162
164
171
196
229
237
245
257
263
264
287
288
290
292
296
302
308
310
312
317
325
348
396
596
609
636
649
653
683
691
697
735
769
876
886
895
900
906
910
913
919
927
929
933
65
77
78
79
80
81
96
105
143
167
176
191
222
227
267
270
278
286
295
298
301
314
315
322
323
331
334
341
379
531
579
658
698
815
887
908
926
932
944
59
62
82
84
89
209
216
221
273
289
299
347
610
915
917
925
935
939
60
66
72
86
294
358
923
928
930
931
941
63
64
69
70
71
73
76
203
922
943
950
54
934
940
942
53
57
61
952
58
67
936
946
951
956
41
45
49
51
52
56
945
948
48
50
55
947
937
938
949
953
954
955
958
959
961
965
957
31
37
40
42
46
47
960
963
43
964
966
967
968
971
982
36
39
44
26
32
33
962
20
27
34
969
970
38
22
23
981
976
985
25
30
972
975
977
978
24
29
973
983
21
28
35
974
990
12
14
15
986
989
979
984
17
18
19
980
991
9
988
992
6
7
10
8
994
996
16
11
987
995
0
4
5
1
2
997
993
13
999
998
3
441
768
747
792
840
725
765
536
589
728
740
822
542
552
568
570
755
782
455
509
729
764
777
832
920
477
487
502
731
795
845
696
708
825
837
722
723
746
762
796
879
883
454
466
507
644
788
794
452
470
657
689
701
724
808
914
918
387
463
482
512
537
603
704
709
710
727
772
805
903
123
414
493
494
498
732
741
786
813
817
835
848
916
924
483
492
519
527
551
615
677
771
819
839
842
876
884
905
459
532
564
693
695
736
749
751
833
843
853
871
872
184
244
398
416
436
516
517
520
534
737
780
800
812
831
849
126
210
326
393
426
460
513
593
656
717
742
797
866
373
390
444
449
488
500
505
547
559
605
667
734
789
791
801
816
846
869
882
909
363
377
419
423
511
514
515
533
538
541
558
638
711
754
798
838
901
217
339
394
397
430
484
540
582
626
684
707
714
716
750
757
785
826
834
156
161
376
400
440
646
668
720
733
743
753
760
811
818
860
870
888
890
899
921
107
117
158
195
385
474
478
480
496
503
523
529
539
546
560
561
584
640
697
756
807
809
829
880
896
898
907
912
913
137
139
383
415
418
428
447
465
469
479
548
574
598
675
744
752
758
763
841
854
877
138
163
175
220
282
303
427
431
461
491
522
588
643
645
686
705
790
793
814
852
856
149
193
207
374
389
451
453
468
481
489
549
556
572
682
687
688
694
730
735
738
739
802
830
844
862
910
941
111
127
150
165
179
218
345
372
408
448
456
485
495
497
528
567
578
583
594
600
625
663
669
718
820
850
891
131
321
336
357
384
439
555
590
595
606
642
679
691
803
873
100
110
173
212
223
254
421
443
608
624
652
654
660
726
745
761
774
779
858
881
885
897
902
911
180
300
311
409
433
476
524
525
554
562
563
585
634
665
676
799
806
863
103
119
172
177
197
205
291
340
406
445
446
462
467
550
575
604
622
651
685
699
703
776
859
889
908
926
189
190
230
277
285
403
464
475
486
571
623
633
670
672
778
783
874
875
893
956
90
102
140
194
208
382
420
442
501
521
587
759
767
769
867
922
939
148
187
204
243
247
330
366
371
407
473
565
611
674
678
748
823
828
847
904
152
198
219
275
490
506
543
614
618
630
639
766
770
824
827
944
106
240
252
305
329
349
351
353
369
380
411
472
530
648
658
659
671
787
821
915
917
929
931
935
98
142
186
235
279
368
399
434
437
526
566
580
620
673
692
706
775
95
135
231
281
335
370
435
569
599
613
631
702
712
715
719
781
804
868
878
196
222
255
346
378
386
392
499
545
591
621
637
655
68
144
181
182
269
359
362
417
422
647
662
851
861
864
906
942
85
155
236
249
258
402
432
617
629
855
132
160
185
283
355
425
553
557
619
661
713
157
202
206
229
272
274
298
304
313
337
438
616
635
649
650
681
810
836
892
927
950
109
134
224
293
365
535
721
857
887
919
933
88
94
113
153
234
307
312
322
333
395
510
636
886
894
925
943
91
118
141
214
239
250
309
352
458
576
609
895
928
83
130
146
213
253
287
364
396
401
424
577
602
930
147
166
232
261
310
325
450
680
59
101
145
237
248
268
308
350
354
361
429
596
932
54
122
296
317
324
338
457
900
940
112
129
133
225
344
405
573
586
592
865
934
936
954
87
96
115
128
136
199
262
280
334
343
360
79
108
164
192
233
267
375
597
288
410
412
700
53
92
114
151
159
174
302
323
664
65
71
257
289
342
601
945
93
116
169
200
367
581
815
81
104
241
381
404
471
518
612
683
968
259
958
75
226
246
284
315
690
66
80
188
327
328
579
628
67
76
84
143
74
242
319
627
170
937
82
162
263
348
531
607
86
201
971
63
203
306
314
653
959
331
952
99
256
265
923
951
963
105
251
264
967
124
125
215
271
211
953
957
121
292
316
955
73
544
949
960
78
89
178
228
962
938
320
969
171
260
982
297
301
965
62
318
784
773
278
504
632
64
966
985
52
948
961
245
154
379
266
56
60
48
44
50
964
45
970
975
294
191
974
216
946
37
51
989
41
42
972
221
20
40
981
46
270
990
551
593
319
330
351
387
414
425
464
468
572
102
109
139
149
155
161
184
189
316
345
385
400
447
449
469
480
487
496
500
507
536
547
556
559
570
615
628
667
765
783
788
832
106
110
111
117
123
135
137
150
169
170
181
183
185
207
220
226
247
253
260
329
355
357
361
362
366
370
390
397
409
416
420
426
427
432
434
440
441
452
461
463
466
471
473
477
491
492
498
499
519
525
534
538
542
567
574
590
605
607
612
625
642
644
646
755
766
840
855
877
92
108
112
114
119
120
128
131
136
142
147
148
151
153
159
163
166
172
173
175
182
192
193
197
214
223
240
241
244
246
259
277
279
283
284
321
328
332
346
364
368
371
373
389
391
401
407
408
411
417
421
423
430
431
439
446
450
457
467
472
476
483
486
489
494
509
518
520
528
529
535
537
545
548
552
555
562
566
568
569
577
582
583
595
606
619
620
623
632
634
639
654
686
738
743
749
750
762
764
775
779
793
804
805
817
818
819
833
839
844
857
862
871
875
881
883
890
98
100
101
104
116
121
126
127
133
134
138
141
152
154
156
160
168
174
179
180
186
190
194
195
204
210
215
217
218
225
230
231
233
250
255
261
266
272
274
275
276
282
304
326
335
336
338
339
353
365
372
374
376
377
384
386
392
395
398
399
406
413
415
418
419
422
435
453
455
458
459
460
462
465
475
479
482
484
488
493
502
504
512
513
515
530
532
533
540
541
550
554
558
563
575
581
594
598
599
600
601
604
608
614
624
627
633
638
640
641
656
657
675
679
684
692
693
708
711
713
736
737
739
757
760
767
791
795
796
798
802
812
816
822
825
826
827
829
835
836
837
843
845
865
867
872
873
874
892
894
90
97
99
103
107
113
125
144
145
146
157
158
167
171
177
187
188
198
201
202
205
208
211
224
228
232
238
239
242
243
251
258
268
269
280
281
297
303
305
318
320
333
343
344
350
359
363
375
378
381
382
388
393
404
410
428
429
433
436
438
442
444
445
451
485
490
501
503
510
514
517
521
524
527
539
561
564
573
576
580
585
587
589
592
597
602
611
618
621
622
643
645
663
670
671
706
707
710
727
729
730
744
745
756
772
773
780
782
784
792
794
807
811
821
828
838
842
847
848
849
851
860
861
863
880
884
889
891
897
898
905
909
920
62
74
75
87
93
95
115
118
124
130
132
140
164
165
178
199
200
206
234
235
236
252
254
256
262
263
264
271
285
286
293
306
307
309
311
313
324
325
352
360
394
424
437
448
470
474
478
481
495
497
506
511
516
523
526
543
546
549
553
565
578
586
591
603
613
629
630
635
636
637
659
660
669
674
678
681
687
689
695
696
701
709
712
715
718
731
740
742
747
748
753
754
758
777
785
786
790
797
803
808
820
823
834
841
850
852
866
869
870
879
882
896
901
903
904
914
924
65
68
77
80
81
83
85
89
91
94
122
129
191
212
213
219
245
248
249
265
278
288
290
291
292
298
299
300
301
308
315
327
337
342
349
354
356
367
369
383
405
412
443
454
505
508
544
557
560
571
584
588
609
616
617
626
631
647
648
652
655
662
666
668
672
673
676
677
683
688
702
703
704
705
719
721
724
725
726
728
732
733
734
746
751
752
759
761
763
768
770
774
776
781
789
799
800
801
806
813
814
830
831
854
856
858
859
878
885
893
900
918
929
72
78
79
82
88
105
162
176
196
229
257
295
302
310
312
314
317
340
347
348
403
456
522
596
649
661
664
680
682
685
690
694
699
700
716
722
723
741
778
787
809
810
824
846
864
868
886
888
899
902
907
911
912
919
921
66
69
70
84
86
96
143
209
221
222
227
237
267
270
287
289
296
323
331
341
358
379
380
402
531
579
650
653
665
714
717
720
771
853
895
906
932
933
59
60
73
76
216
273
322
396
651
658
697
698
735
815
887
908
916
927
944
64
334
691
769
876
910
913
926
57
58
63
71
294
610
917
925
928
935
54
61
203
915
923
939
943
41
49
53
922
930
931
941
45
50
51
55
56
67
934
950
952
48
52
940
942
946
951
42
936
937
948
31
39
46
47
945
947
956
37
43
938
961
965
32
34
40
949
955
958
26
36
953
954
959
963
33
44
957
960
966
22
27
38
964
971
982
20
967
968
29
962
23
969
970
25
981
21
24
28
30
35
977
972
976
985
973
975
978
12
14
15
990
974
983
18
17
19
986
989
6
9
10
7
984
979
991
8
980
988
992
11
16
994
0
996
4
5
995
1
987
2
997
13
993
999
998
3
387
487
542
551
832
345
414
441
452
477
492
494
500
507
509
536
559
570
593
667
755
788
840
139
149
207
330
351
385
400
416
419
425
427
440
447
449
463
464
466
468
469
480
483
491
496
498
519
534
547
548
552
556
590
605
615
657
708
736
762
764
765
768
783
791
805
819
822
843
871
135
161
181
184
185
189
220
240
361
373
389
398
407
409
415
420
423
426
430
436
460
461
467
476
482
486
488
493
499
513
514
520
525
529
537
538
558
567
568
572
574
582
583
595
638
642
644
646
693
710
711
729
739
743
747
750
756
760
766
775
792
793
798
812
816
818
825
833
835
839
845
877
881
890
102
110
119
131
150
155
156
172
173
177
180
186
190
193
204
210
217
223
244
253
255
272
277
279
283
319
321
335
339
346
355
357
364
366
370
372
376
384
390
397
408
418
421
432
434
444
446
453
454
455
459
465
470
471
472
473
474
479
484
485
489
502
503
512
515
517
527
528
530
532
533
539
540
541
545
550
555
561
562
564
566
589
600
604
606
608
612
620
624
625
633
640
654
656
679
684
686
689
695
696
701
725
727
728
731
737
738
740
744
749
751
752
753
757
777
779
782
789
790
794
795
796
797
802
804
807
808
811
813
817
826
829
836
837
844
849
855
860
862
869
872
873
875
879
883
884
905
909
914
106
109
111
114
117
123
126
127
137
138
141
142
148
152
153
158
160
163
166
169
175
179
183
192
195
197
198
205
208
214
226
230
246
247
250
258
269
275
282
304
316
326
328
329
336
338
353
362
368
371
374
375
383
386
392
393
394
399
401
404
406
411
417
422
428
431
435
439
442
448
450
451
457
462
478
481
490
497
501
511
516
518
523
524
535
543
553
554
565
569
575
577
580
587
594
603
607
611
614
618
619
622
623
626
627
628
634
639
643
645
660
663
668
669
670
671
672
676
677
678
682
692
704
707
709
712
713
714
719
722
724
730
733
742
745
746
754
758
761
763
767
772
776
780
785
786
800
801
821
827
828
831
834
838
841
842
847
848
852
857
861
863
866
867
874
880
882
891
898
90
98
100
101
103
107
108
112
121
128
134
136
140
144
146
147
151
159
165
170
182
187
194
200
218
219
225
231
233
236
239
243
252
254
259
261
274
281
284
285
303
305
307
311
343
349
350
359
363
365
369
377
378
382
391
395
429
433
443
445
456
458
475
495
504
505
506
510
521
526
546
549
560
563
576
578
581
585
588
591
592
598
599
601
613
629
630
632
637
641
652
673
675
685
687
688
702
703
705
706
715
717
718
723
726
732
734
748
759
770
771
774
778
781
784
799
806
809
814
820
823
846
850
851
853
856
864
865
870
889
892
894
897
899
903
904
918
920
924
92
95
113
118
120
133
145
154
157
168
174
178
188
199
201
206
211
212
215
224
228
232
234
235
238
241
242
248
249
251
256
260
262
265
266
268
271
280
291
293
297
300
306
318
324
332
333
337
340
344
356
360
367
380
381
388
403
405
410
412
413
424
437
438
508
522
557
571
573
584
586
597
602
616
617
631
635
647
648
651
655
659
661
662
664
665
674
681
690
694
700
716
720
721
741
773
803
824
830
854
858
859
868
885
888
893
896
901
921
83
93
104
116
122
125
130
171
196
202
213
237
245
263
264
276
288
309
310
313
317
320
327
342
354
396
402
544
596
621
650
666
680
683
697
699
735
769
787
810
878
886
902
911
912
916
919
68
74
75
85
87
88
91
94
97
99
115
124
129
132
162
164
222
229
257
267
270
278
290
292
295
296
298
301
302
308
312
314
315
325
334
348
352
379
609
636
649
653
691
815
876
900
907
910
913
929
65
77
78
79
80
96
105
143
167
176
191
221
227
286
287
289
322
341
531
579
698
887
895
906
908
926
927
933
935
944
59
62
81
82
84
89
209
216
273
299
323
331
347
610
658
915
917
932
66
86
294
358
923
925
928
930
939
950
60
70
71
72
73
76
203
922
931
941
943
54
63
64
69
934
942
53
940
952
57
58
61
67
936
956
45
49
51
56
948
41
48
50
52
55
945
946
951
947
949
954
955
959
937
938
953
958
965
31
37
46
961
42
43
47
957
960
963
982
40
966
967
968
971
36
39
44
962
964
26
32
33
969
970
20
27
34
38
22
23
981
25
976
30
972
975
978
985
21
24
977
28
973
29
35
974
983
12
990
14
15
984
989
979
18
980
986
991
17
19
9
988
8
10
7
992
6
994
996
11
16
987
995
0
4
1
5
2
993
997
13
999
998
3
441
768
747
765
792
589
725
840
536
728
740
822
455
542
552
568
570
782
920
502
729
755
795
477
487
509
731
764
777
832
845
708
825
837
883
696
722
723
746
794
796
879
512
644
762
903
123
454
466
507
603
657
701
772
788
808
914
387
463
470
482
537
689
704
709
724
727
741
848
916
918
414
452
710
732
805
813
817
842
924
483
492
493
494
498
551
677
786
835
876
905
326
459
519
527
532
564
615
771
819
839
871
872
884
126
398
416
516
520
693
736
737
749
751
780
800
833
853
184
210
244
377
393
426
436
517
534
656
695
742
812
831
843
849
363
373
390
460
488
505
513
593
717
797
838
866
869
882
901
444
449
500
511
533
538
547
559
605
638
667
734
754
789
798
816
846
909
117
217
339
397
423
514
515
541
558
707
711
716
791
801
156
161
195
394
400
419
430
484
540
582
584
626
675
684
750
757
785
834
870
888
896
899
907
912
107
376
385
431
480
523
546
560
598
640
646
668
697
714
720
733
743
753
811
826
860
880
890
898
913
921
137
158
163
282
428
440
447
474
478
503
522
529
539
561
574
756
758
760
809
818
829
854
877
138
139
175
218
220
303
415
418
465
469
479
496
548
588
643
686
687
744
763
807
814
841
852
941
111
193
374
383
461
489
491
549
572
645
705
738
752
793
830
856
910
149
150
165
179
427
451
453
468
481
495
578
594
600
625
663
669
688
694
730
735
739
790
802
844
850
862
127
207
336
372
389
408
439
485
497
528
556
567
583
682
691
718
820
891
911
100
131
212
254
321
345
357
384
448
456
555
590
595
606
642
652
803
858
873
885
897
902
110
173
291
311
433
443
524
563
585
608
624
634
654
665
679
726
745
761
779
908
172
180
197
223
300
340
406
409
421
525
550
554
562
575
604
660
676
774
799
806
859
863
881
103
119
189
205
445
446
462
475
476
571
622
623
651
685
699
703
875
889
926
956
140
177
187
194
230
277
285
382
403
464
467
486
521
633
776
922
939
90
102
190
243
247
371
473
587
670
672
674
759
767
778
783
823
867
874
893
944
148
208
366
420
442
501
611
630
658
769
827
917
929
98
152
198
204
219
275
329
330
407
411
490
506
614
618
639
678
748
787
824
828
847
904
931
935
106
142
235
240
252
305
353
399
437
472
526
530
543
565
648
659
671
766
770
915
231
279
349
351
369
380
569
631
706
68
95
132
186
196
222
281
368
370
434
435
566
580
599
620
621
673
692
715
781
821
878
85
135
182
335
378
386
392
417
591
613
655
702
712
775
804
868
906
144
255
298
346
359
362
422
545
637
647
851
861
155
181
202
236
249
258
269
432
499
557
617
619
662
719
855
864
942
157
160
229
274
313
355
402
438
629
649
109
206
224
283
304
425
535
616
635
636
661
681
892
927
134
185
293
322
337
365
553
609
650
713
721
810
836
886
919
925
950
88
94
113
153
234
272
307
309
312
352
395
458
510
857
887
894
895
928
933
943
83
91
141
287
325
333
576
602
118
130
166
213
214
239
250
253
401
930
54
59
146
147
232
261
308
310
396
424
450
577
680
145
237
268
350
354
364
429
596
932
115
122
248
296
573
865
900
954
101
112
128
129
133
225
280
317
324
338
344
586
592
934
936
940
53
87
96
108
136
164
199
343
360
361
405
79
262
267
288
334
457
597
65
151
192
233
375
71
159
174
257
323
410
412
81
92
116
241
289
302
342
700
945
968
114
601
683
815
93
104
581
664
75
169
200
259
367
381
958
66
67
315
937
76
284
74
80
84
143
226
246
471
628
188
327
328
518
579
170
319
612
690
971
82
86
242
263
404
531
607
348
63
203
314
963
331
653
951
952
959
99
162
201
306
627
264
105
215
256
124
251
967
125
265
957
73
271
953
211
292
923
960
949
955
121
316
89
544
78
320
938
962
260
969
178
171
982
62
301
228
318
965
297
52
985
278
504
64
966
961
784
56
948
266
632
245
48
44
60
50
773
45
975
964
974
970
191
294
154
37
989
216
946
41
51
42
972
20
981
40
46
990
319
414
551
593
109
149
330
345
351
385
387
425
464
468
469
480
487
496
556
559
572
667
832
102
117
139
155
161
170
183
184
185
189
316
329
355
361
370
400
409
416
426
427
440
441
447
449
461
463
477
492
500
507
519
536
547
570
574
590
615
628
765
766
783
788
840
106
110
111
114
119
123
128
131
135
137
150
151
159
166
169
172
173
181
193
197
207
220
226
240
244
247
253
260
321
357
362
366
389
390
397
407
408
411
420
430
431
432
434
450
452
466
467
471
472
473
476
483
486
489
491
494
498
499
520
525
534
538
542
545
548
566
567
568
569
582
595
605
607
612
620
625
642
644
646
654
743
755
775
793
805
818
819
844
855
877
881
883
92
98
101
108
112
120
121
126
136
141
142
147
148
153
154
156
160
163
175
180
182
186
192
210
214
217
218
223
241
246
255
259
272
274
275
277
279
282
283
284
328
332
339
346
353
364
365
368
371
372
373
384
391
392
398
401
415
417
418
419
421
422
423
435
439
446
453
457
460
465
475
488
504
509
512
513
518
528
529
533
535
537
550
552
555
562
577
583
599
600
604
606
608
614
619
623
624
632
634
638
639
657
679
684
686
708
738
739
749
750
757
760
762
764
779
791
796
798
802
804
812
816
817
825
827
833
836
839
843
857
862
871
872
873
875
890
894
90
97
100
104
107
113
116
127
133
134
138
144
145
146
152
158
168
174
177
179
187
190
194
195
198
204
205
208
215
225
228
230
231
233
238
250
251
258
261
266
268
269
276
281
303
304
318
326
335
336
338
343
350
359
374
375
376
377
378
386
393
395
399
404
406
413
428
429
433
436
445
451
455
458
459
462
479
482
484
490
493
501
502
503
514
515
517
524
530
532
539
540
541
554
558
563
564
575
581
585
587
589
594
597
598
601
602
611
627
633
640
641
643
656
663
671
675
692
693
706
710
711
713
727
729
736
737
744
745
756
767
792
795
807
811
821
822
826
828
829
835
837
838
842
845
848
851
860
861
863
865
867
874
880
884
891
892
897
905
909
74
75
95
99
103
115
118
124
125
130
132
140
157
164
165
167
171
188
200
201
202
211
224
232
234
239
242
243
252
256
262
264
280
285
293
297
305
307
309
311
320
333
344
363
381
382
388
410
424
438
442
444
474
478
481
485
497
510
511
516
521
526
527
543
546
549
553
561
565
573
576
580
586
591
592
603
613
618
621
622
629
630
635
645
659
669
670
674
678
689
695
707
712
730
731
740
747
758
772
773
777
780
782
784
785
790
794
797
820
841
847
849
850
852
866
869
879
882
889
898
914
920
62
81
87
91
93
94
122
178
199
206
212
219
235
236
245
248
249
254
263
271
278
286
288
290
291
292
299
300
306
313
324
325
327
337
342
349
352
356
360
367
369
383
394
405
412
437
443
448
454
470
495
506
508
523
557
578
609
616
626
636
637
652
655
660
662
666
668
672
676
681
687
688
696
701
702
704
709
715
718
719
721
725
728
732
733
742
746
748
751
752
753
754
759
761
768
770
774
776
781
786
789
799
800
801
803
806
808
813
823
831
834
854
856
858
870
893
896
901
903
904
918
924
65
68
77
80
83
85
88
89
129
176
191
196
213
257
265
295
298
301
302
308
310
312
315
340
347
348
354
456
505
522
544
560
571
584
588
596
617
631
647
648
661
673
677
680
682
683
685
690
694
700
703
705
716
722
724
726
734
741
763
778
814
824
830
846
859
864
868
878
885
886
888
899
900
902
907
911
929
69
72
78
79
82
84
105
143
162
209
221
227
229
237
267
270
287
314
317
358
379
380
402
403
649
650
653
664
665
699
714
717
720
723
787
809
810
853
895
906
912
919
921
933
59
60
66
70
76
86
96
216
222
273
289
296
322
323
331
341
396
531
579
651
697
771
916
927
932
64
73
334
658
691
698
735
769
815
876
887
908
910
926
944
63
71
294
610
913
917
928
935
57
58
61
203
915
925
54
923
930
931
939
943
41
45
49
51
53
56
922
941
952
50
55
67
934
940
950
48
52
942
951
936
946
948
31
39
42
47
937
945
947
956
37
46
961
34
40
43
938
949
955
958
965
26
32
953
954
959
36
44
957
960
963
966
33
982
20
22
27
38
964
968
971
962
967
23
29
969
970
25
24
30
977
981
21
28
35
972
976
985
973
975
978
12
14
15
990
974
983
18
17
19
986
989
6
9
7
10
984
979
991
8
980
992
988
11
16
994
996
0
4
5
995
1
987
2
997
13
993
999
998
3
387
542
551
593
832
414
440
441
452
477
487
492
494
496
500
507
509
536
547
556
559
570
615
667
755
788
840
139
330
345
351
385
400
416
419
425
426
427
447
449
461
463
464
466
468
469
480
483
491
493
498
519
534
537
548
568
590
605
642
644
646
708
736
762
764
765
783
805
819
822
102
135
149
161
184
185
189
207
321
357
361
373
376
389
390
397
398
407
408
409
415
420
421
423
430
432
434
436
446
460
465
467
471
476
482
484
486
488
499
512
513
514
520
525
529
538
541
545
552
558
567
572
574
582
583
595
612
625
638
657
679
693
695
710
711
729
743
747
749
750
760
766
768
775
791
793
795
796
798
812
816
818
825
833
837
839
843
845
871
877
881
883
890
109
110
119
123
131
150
155
156
158
169
172
173
175
180
181
186
193
204
210
217
220
223
240
244
253
255
272
277
279
319
335
336
339
346
355
362
364
366
368
370
371
372
374
384
392
393
401
411
417
418
422
428
431
435
439
442
444
450
451
453
454
455
457
459
462
470
472
473
474
479
481
485
489
502
503
515
517
518
527
528
530
532
533
539
540
550
555
561
562
564
566
569
575
577
587
589
600
604
606
608
614
620
624
628
633
634
640
643
654
656
684
686
689
692
696
701
713
725
727
728
731
737
738
739
740
744
751
753
756
757
777
779
782
789
792
794
797
802
804
807
808
811
817
821
826
829
831
835
844
849
855
857
860
862
867
869
872
873
874
875
879
884
905
909
914
101
106
107
111
114
117
126
127
128
137
138
142
148
152
153
159
160
163
166
170
177
179
182
183
190
192
195
197
198
205
208
214
226
230
231
247
269
275
283
303
304
316
326
328
329
338
350
353
359
365
375
377
383
386
391
394
395
399
404
406
433
443
445
448
475
478
490
495
497
501
510
511
516
521
523
524
526
535
543
546
554
563
565
580
581
585
594
598
599
601
603
607
611
613
618
619
622
623
626
627
639
645
660
663
668
669
670
671
672
675
676
678
682
704
706
707
709
712
719
722
724
726
730
732
733
742
745
746
752
754
758
759
761
763
767
772
774
776
780
785
786
790
800
801
813
827
828
834
836
838
841
842
847
848
851
861
863
866
880
882
889
891
892
894
897
898
903
918
920
924
90
92
98
100
103
108
112
121
133
134
136
140
141
144
146
147
151
154
165
187
194
200
218
225
233
236
239
241
242
243
246
250
252
258
259
260
261
268
274
281
282
284
285
300
305
311
332
333
343
349
363
369
378
382
388
410
413
424
429
438
456
458
504
505
506
549
553
560
573
576
578
588
591
592
597
602
621
629
630
632
635
637
641
652
659
662
673
677
681
685
687
688
694
702
703
705
714
715
717
718
720
721
723
734
741
748
770
778
784
799
803
806
809
814
820
823
846
850
852
853
854
856
858
864
865
870
888
893
896
899
901
904
95
104
113
116
118
120
122
145
157
168
174
178
188
199
201
202
206
211
212
215
219
224
228
232
234
235
238
248
249
251
254
256
262
265
266
271
276
280
291
293
297
306
307
309
313
318
324
327
337
340
342
344
354
356
360
367
380
381
402
403
405
412
437
508
522
557
571
584
586
616
617
631
647
648
650
655
661
665
666
674
680
690
700
716
771
773
781
787
810
824
830
859
868
878
885
902
912
916
921
83
85
87
93
94
97
99
115
124
125
130
132
164
171
196
213
237
245
263
264
288
302
308
310
312
317
320
325
352
396
544
596
609
636
649
651
664
683
697
699
735
769
876
886
900
906
907
911
919
929
933
65
68
74
75
80
81
88
91
129
162
167
176
222
227
229
257
267
278
286
287
290
292
295
296
298
301
314
315
322
348
379
653
658
691
815
887
895
908
910
913
926
927
932
62
77
78
79
82
84
89
96
105
143
191
221
270
289
299
323
331
334
341
347
531
579
698
915
917
935
944
59
66
72
86
209
216
273
358
610
923
925
928
939
60
70
73
76
203
294
922
930
931
941
943
950
54
63
64
69
71
934
940
942
53
57
952
58
61
67
936
956
51
946
948
951
41
45
48
49
52
55
56
945
50
937
938
947
949
954
955
958
959
965
953
961
46
47
957
960
963
31
37
40
42
964
966
967
968
971
982
43
26
32
33
36
39
44
962
34
969
970
20
27
38
22
23
981
976
985
975
977
978
25
29
30
972
973
983
21
24
28
35
974
990
12
14
15
989
979
986
984
18
19
980
17
991
9
988
992
6
7
10
8
994
996
16
995
0
11
987
4
1
5
2
997
993
13
999
998
3
441
768
747
792
765
840
536
589
725
728
740
822
542
455
552
568
570
755
782
920
487
502
509
729
731
764
777
795
832
477
845
696
708
722
723
746
796
825
837
879
883
762
794
454
466
507
644
701
788
123
470
512
603
657
689
704
709
724
772
808
903
914
918
387
414
452
463
482
537
710
727
741
805
817
848
916
493
494
498
551
732
786
813
835
839
842
905
924
483
492
519
527
532
615
677
771
819
872
876
884
459
516
520
564
693
736
737
749
800
833
853
871
126
184
244
326
398
416
436
517
534
695
751
780
812
843
849
210
373
377
393
426
488
505
513
593
656
717
742
797
831
866
363
390
449
460
533
547
605
667
734
754
816
838
846
869
882
901
909
217
423
444
500
511
514
515
538
558
559
638
789
791
798
801
339
394
397
419
430
484
540
541
582
626
684
707
711
716
757
785
834
888
899
117
156
161
195
376
400
546
584
668
714
720
733
743
750
826
870
896
907
921
107
158
385
440
474
478
480
523
529
560
561
640
646
675
697
753
760
809
811
818
860
880
890
898
912
913
137
163
220
282
303
428
431
447
465
496
503
522
539
548
574
598
744
752
756
758
807
829
841
852
854
877
138
139
175
383
415
418
461
469
479
549
588
643
645
686
687
763
793
814
830
856
941
111
149
193
218
374
427
481
489
491
572
594
600
688
694
705
730
735
738
790
844
862
910
150
165
179
207
345
372
389
408
451
453
468
495
497
528
556
567
578
583
625
663
669
682
739
802
820
850
127
131
212
321
336
357
384
439
448
456
485
555
595
606
691
718
779
803
891
897
911
100
110
254
443
524
590
608
624
634
642
652
654
679
761
858
873
885
173
197
223
291
300
311
340
409
421
433
525
550
554
563
585
604
660
665
676
726
745
774
799
859
881
902
908
119
172
180
189
205
406
462
476
562
571
575
622
651
685
699
806
863
889
926
103
140
177
230
277
285
445
446
475
486
521
623
633
703
776
874
875
893
956
187
190
194
243
247
382
403
464
467
587
670
672
674
783
823
922
939
90
102
208
366
371
442
473
501
759
767
778
867
944
148
152
204
275
330
407
420
506
611
614
618
630
639
658
678
748
769
824
827
828
929
98
106
142
198
219
252
305
329
353
411
472
490
530
543
565
648
659
671
766
770
847
904
915
917
931
935
235
240
349
351
369
380
399
437
526
569
787
186
222
231
279
281
368
386
434
580
620
631
673
692
706
781
821
878
68
95
135
196
370
392
435
566
591
599
621
702
715
804
85
132
144
182
255
335
346
359
378
417
613
637
647
655
712
775
851
864
868
906
258
269
298
362
422
499
545
619
662
719
861
942
155
160
181
202
236
249
355
402
432
557
617
855
157
206
229
274
283
313
425
438
616
629
635
649
661
927
109
185
224
304
337
535
553
636
650
681
810
836
892
88
113
134
234
272
293
309
312
322
365
510
609
713
721
886
919
925
950
91
94
141
153
307
333
352
395
458
857
887
894
928
930
933
943
83
130
239
250
287
325
401
576
602
895
59
118
146
166
213
214
253
261
310
424
450
54
147
232
308
364
396
577
680
145
237
248
268
350
354
429
596
932
101
112
115
122
296
317
338
586
592
900
934
936
87
128
129
133
225
280
324
344
361
573
865
940
954
96
108
136
164
199
262
267
334
343
360
405
457
53
79
288
597
65
174
192
233
257
375
71
151
159
289
302
323
410
412
81
92
114
116
342
700
945
968
241
664
683
93
104
200
259
381
581
601
75
169
315
367
815
958
66
67
246
284
74
76
80
84
143
226
404
471
518
579
937
188
327
328
628
319
170
242
263
82
86
348
607
612
690
971
63
959
963
203
314
531
162
201
306
331
653
952
99
951
256
627
105
251
264
215
953
967
124
265
125
271
957
73
211
955
960
292
949
923
121
316
89
938
78
962
320
544
969
260
171
982
62
178
301
318
228
965
297
278
52
985
966
64
948
961
504
56
266
48
632
44
245
50
45
60
773
975
974
784
964
191
970
216
37
294
989
41
51
379
42
20
972
40
981
46
990
551
149
319
330
345
351
387
414
487
559
593
667
832
102
109
139
155
161
184
185
189
316
385
400
425
464
468
469
480
496
507
536
547
556
570
572
106
111
114
117
123
131
135
137
150
169
170
181
183
207
220
240
247
253
329
355
357
361
370
389
409
416
426
427
430
432
440
441
447
449
452
461
463
473
477
491
492
498
499
500
519
538
542
548
567
574
590
615
628
755
765
766
783
788
840
855
881
92
98
110
112
119
120
121
128
136
141
142
147
148
151
159
160
163
166
172
173
192
193
197
214
217
223
226
244
246
255
260
279
283
321
328
346
353
362
364
366
373
390
397
401
407
408
411
420
423
431
434
450
466
467
471
472
476
483
486
489
494
509
518
520
525
528
529
534
535
537
545
552
555
566
568
569
582
583
595
605
607
612
619
625
642
644
646
654
686
739
743
750
762
764
775
779
793
804
805
816
817
818
819
825
833
836
839
843
844
857
862
871
872
875
877
883
890
100
101
107
108
113
116
126
127
133
134
138
152
153
154
156
168
174
175
177
179
182
186
190
194
195
204
208
210
215
218
225
230
241
250
258
259
266
272
274
275
276
277
282
284
304
332
335
336
338
365
368
371
372
375
376
384
386
391
392
395
398
415
417
418
419
421
422
435
439
446
453
455
457
459
460
462
465
475
479
482
484
488
493
502
504
512
513
514
515
530
532
533
540
541
550
554
558
562
575
577
600
604
606
608
614
620
623
624
627
632
634
638
639
641
657
679
684
693
708
736
737
738
749
757
760
767
791
792
796
798
802
812
822
826
827
829
835
845
867
873
874
891
892
894
905
74
75
90
95
97
103
104
118
124
125
130
140
144
145
146
157
158
171
180
187
198
201
205
224
228
231
233
238
239
242
243
251
261
262
268
269
281
297
303
305
307
318
326
339
343
350
359
360
363
374
377
378
381
388
393
399
404
406
413
428
429
433
436
438
442
444
451
458
481
485
490
501
503
510
511
517
521
524
527
539
543
561
563
564
580
581
585
587
589
594
598
599
601
602
611
633
640
656
660
670
671
675
706
707
710
711
713
727
729
730
744
745
753
756
772
773
784
790
794
795
797
807
811
821
828
837
838
841
842
847
848
849
850
851
852
860
861
863
865
869
880
884
897
898
909
920
62
83
87
91
93
99
115
132
164
165
167
178
188
199
200
202
206
211
232
234
235
236
252
254
256
263
271
278
280
285
288
292
293
300
306
309
311
313
320
324
333
344
382
394
410
424
445
448
470
474
478
495
497
506
508
516
523
526
546
549
553
565
573
576
586
592
597
603
616
618
621
622
626
629
630
635
637
643
645
663
669
672
674
676
678
689
692
695
704
712
719
731
740
747
754
758
768
776
777
780
781
782
785
786
789
808
820
823
834
856
866
870
879
882
889
896
903
914
65
68
77
81
85
88
89
122
129
196
212
213
219
245
248
249
257
264
265
286
290
291
295
299
301
308
325
327
337
340
342
349
354
356
367
369
383
405
412
437
443
454
505
557
560
578
588
591
613
631
636
647
648
652
655
659
662
668
673
677
681
682
683
685
687
688
690
696
701
702
703
705
709
715
716
718
721
724
725
728
732
733
742
746
748
751
752
759
761
763
770
774
799
800
801
803
806
813
814
824
830
831
854
858
859
864
885
893
899
900
901
904
918
924
929
78
79
80
82
84
94
105
143
162
176
191
237
267
298
302
310
312
314
315
317
347
348
352
379
380
403
456
522
544
571
584
596
609
617
661
664
666
680
694
700
714
722
726
734
778
809
810
846
853
868
878
886
888
902
907
911
912
919
921
59
66
69
70
72
86
96
209
221
222
227
229
270
296
331
402
649
650
651
653
665
699
717
720
723
741
771
787
895
906
927
933
60
73
76
216
273
287
289
323
334
341
358
396
531
579
697
735
769
815
908
916
932
64
322
610
658
691
698
876
887
910
913
926
928
944
58
61
63
71
294
917
925
935
54
57
203
915
923
930
939
41
45
49
53
56
922
943
50
51
55
67
931
934
941
950
952
48
52
942
940
39
42
936
946
948
951
31
37
43
46
47
937
945
947
956
40
949
961
26
32
34
938
954
955
958
965
36
953
959
963
33
44
957
966
20
22
27
38
960
971
982
964
968
962
967
23
969
29
970
25
21
24
30
981
28
35
972
976
977
973
975
978
985
12
14
15
18
974
17
983
990
9
19
986
989
6
10
984
7
8
979
980
991
988
992
16
994
0
11
996
4
5
1
987
995
2
993
13
997
999
998
3
387
414
477
487
494
500
507
509
536
542
551
559
570
593
788
832
840
330
345
351
385
400
416
425
427
440
441
447
449
452
463
464
466
468
469
483
491
492
496
498
519
547
556
568
615
667
755
765
783
805
822
139
149
184
207
389
407
415
419
420
421
423
426
430
436
446
460
461
467
480
486
493
499
514
520
525
534
537
548
552
567
572
582
590
595
605
642
644
646
657
693
708
729
736
743
750
760
762
764
768
775
791
793
798
818
819
833
839
843
845
871
890
102
110
135
150
155
161
173
180
181
185
189
193
204
220
223
240
244
255
277
319
321
339
355
357
361
362
366
370
372
373
376
384
390
393
397
398
408
409
418
431
432
434
439
444
451
453
454
455
459
465
470
471
472
473
476
482
484
488
489
502
512
513
515
517
528
529
532
533
538
539
540
541
545
550
555
558
561
562
564
566
574
583
589
606
608
612
620
624
625
638
640
654
656
679
684
686
689
695
696
710
711
713
725
727
728
737
738
739
740
747
749
756
757
766
777
779
782
792
794
795
796
802
804
807
811
812
816
817
825
826
829
835
837
844
872
877
881
883
905
914
106
109
111
117
119
123
126
127
131
137
153
156
158
163
169
172
175
177
183
186
190
192
197
198
205
208
210
214
217
226
230
247
253
269
272
275
279
283
316
326
329
335
336
338
346
353
364
365
368
371
374
375
383
386
392
399
401
404
406
411
417
422
428
433
435
442
445
448
450
457
462
474
475
478
479
481
485
490
497
501
503
511
516
518
524
527
530
535
554
563
565
569
575
577
585
587
594
598
599
600
603
604
607
611
614
619
623
626
627
628
633
634
639
643
645
663
668
670
671
675
692
701
704
707
709
722
724
730
731
742
744
745
746
751
752
753
758
767
772
780
785
786
789
790
797
801
808
813
821
827
828
831
836
838
842
847
848
849
855
857
860
861
862
863
866
867
869
873
874
875
879
880
884
889
891
897
898
909
920
101
107
108
114
128
136
138
140
141
142
146
148
151
152
159
160
166
170
179
182
194
195
225
231
233
236
243
246
250
258
259
261
274
281
282
284
285
303
304
305
328
343
350
359
363
369
377
378
382
391
394
395
413
429
438
443
456
458
495
504
506
510
521
523
526
543
546
549
553
560
576
578
580
581
591
592
601
613
618
622
629
630
632
637
641
652
660
662
669
672
676
677
678
682
687
688
702
705
706
712
714
715
717
718
719
723
726
732
733
734
741
748
754
759
761
763
774
776
778
799
800
803
806
814
820
823
834
841
850
851
852
856
865
870
882
892
894
903
918
924
90
92
95
98
100
103
112
113
118
120
121
133
134
144
145
147
154
157
165
168
174
187
188
200
201
211
212
215
218
219
224
228
232
235
239
241
242
249
251
252
254
260
262
268
280
291
293
300
307
311
318
324
332
333
337
344
349
356
360
367
380
381
388
403
405
410
412
424
437
505
508
522
557
571
573
584
586
588
597
602
616
621
631
635
648
655
659
661
665
673
674
681
685
690
694
700
703
716
720
721
770
771
773
781
784
809
830
846
853
854
858
859
864
868
885
888
893
896
899
901
904
921
83
87
93
104
116
122
125
130
171
178
196
199
202
206
213
234
238
248
256
263
264
265
266
271
276
297
306
309
310
313
317
320
325
327
340
342
352
354
396
402
544
596
617
636
647
649
650
651
664
666
680
697
699
787
810
824
878
886
902
907
911
912
916
74
75
85
88
91
94
97
99
115
124
129
132
162
164
229
237
245
257
286
287
288
290
292
296
301
302
308
312
314
315
348
379
609
653
683
691
735
769
876
887
895
900
906
910
913
919
927
929
933
65
68
77
78
79
80
81
96
105
143
167
176
191
222
227
267
270
278
289
295
298
322
323
331
334
341
531
579
658
698
815
908
926
932
944
59
62
82
84
89
209
216
221
273
299
347
358
610
915
917
925
935
939
60
66
72
86
294
922
923
928
930
931
941
63
64
69
70
71
73
76
203
943
950
54
934
940
942
53
57
61
952
58
67
936
951
956
41
45
49
51
52
56
945
946
948
48
50
55
947
955
958
965
937
938
949
953
954
959
961
957
31
37
40
42
46
47
960
963
43
964
966
967
968
971
982
39
44
26
32
33
36
962
20
27
34
969
970
38
22
23
981
976
985
25
30
975
977
978
24
29
972
973
983
21
28
35
974
990
12
14
15
989
979
984
986
17
18
19
980
991
9
988
992
6
7
10
8
994
996
16
987
995
0
11
4
1
5
2
997
993
13
999
998
3
441
768
747
792
840
725
728
765
536
589
740
822
542
920
552
568
570
755
782
455
509
729
731
764
777
795
832
477
487
502
845
696
708
722
746
825
837
879
723
762
794
796
883
454
466
507
644
788
914
470
512
603
657
689
701
704
724
772
808
903
918
123
387
452
463
482
537
709
710
727
741
805
848
916
924
414
493
494
498
732
786
813
817
835
842
483
492
519
527
551
615
677
771
819
839
871
872
876
884
905
459
520
532
564
693
736
749
751
800
833
843
853
126
184
244
326
398
416
436
516
517
534
695
737
780
812
831
849
210
393
426
488
593
656
717
742
797
866
869
909
363
373
377
390
444
449
460
505
513
547
605
667
734
789
798
816
838
846
882
901
423
500
511
514
515
533
538
558
559
638
754
791
801
217
339
394
397
419
430
484
540
541
582
626
684
707
711
716
750
757
785
899
156
161
376
400
546
668
714
720
733
743
753
811
826
834
860
870
888
890
896
907
912
913
921
107
117
158
195
385
440
474
478
480
523
529
539
560
561
584
640
646
675
697
756
760
809
818
829
880
898
137
139
163
415
428
431
447
465
496
503
522
548
574
598
744
752
758
763
807
841
854
877
138
175
220
282
303
383
418
461
469
479
491
588
643
645
686
793
814
852
856
941
111
149
193
374
427
468
481
489
549
556
572
687
688
694
705
730
735
738
739
790
802
830
844
910
150
165
179
207
218
345
372
389
408
451
453
485
495
497
528
567
578
583
594
600
625
663
669
682
820
850
862
891
911
127
321
336
357
384
439
448
456
555
590
595
606
642
691
718
803
858
873
897
100
110
131
173
212
254
524
608
624
652
654
679
726
761
779
885
902
119
180
223
291
311
409
421
433
443
525
562
563
585
634
660
665
676
745
774
799
806
863
881
908
926
172
189
197
205
300
340
406
446
462
476
550
554
575
604
622
651
685
703
859
889
103
177
230
277
285
445
464
467
475
486
571
623
633
699
776
867
874
875
939
956
140
187
190
194
382
403
521
587
670
672
759
778
783
893
922
90
102
208
243
247
366
371
420
442
473
501
674
678
767
769
823
935
944
148
152
204
219
275
330
407
506
543
611
614
618
630
639
658
748
787
824
827
828
847
904
915
917
929
931
106
198
240
252
305
329
353
411
472
490
530
565
648
659
671
766
770
98
142
235
349
351
369
380
399
437
526
186
231
279
281
368
434
566
569
580
599
620
631
673
692
706
781
821
878
68
95
135
196
222
255
335
346
370
386
392
435
591
613
621
702
712
715
775
804
868
144
182
359
362
378
417
422
499
545
637
647
655
719
851
861
906
942
85
132
155
181
236
249
258
269
432
662
864
160
298
355
402
425
557
617
619
629
855
185
202
206
229
274
283
304
313
438
553
616
635
649
650
661
681
713
892
919
927
950
109
157
224
272
293
337
365
535
721
810
836
886
925
943
88
113
134
312
322
510
636
857
887
895
930
933
94
141
153
234
307
309
333
352
395
458
609
894
928
83
91
118
130
214
239
250
253
287
325
401
576
602
146
166
213
261
310
364
396
424
450
577
59
147
232
237
248
308
350
354
429
596
680
932
54
101
145
268
296
900
936
954
112
122
225
317
324
338
361
573
586
592
865
934
940
79
87
115
128
129
133
136
199
280
334
343
344
360
405
457
96
108
164
262
53
192
233
267
288
375
597
92
151
174
257
410
412
65
71
114
116
159
289
302
323
342
700
945
968
81
93
601
664
104
200
241
581
683
815
958
169
259
367
381
518
75
80
246
284
315
404
471
66
76
226
612
67
74
84
143
188
327
328
579
628
937
690
170
242
319
971
263
82
86
348
607
63
162
314
531
627
952
959
201
203
306
331
653
951
963
99
105
256
967
251
264
265
923
124
125
215
271
953
957
121
211
949
73
292
955
960
78
316
544
89
962
969
938
178
320
171
260
982
228
301
62
318
965
297
784
64
278
966
985
52
504
961
56
948
266
632
245
773
48
50
60
44
45
964
946
970
379
154
975
974
191
294
216
51
37
989
41
42
972
981
20
40
46
990
551
319
330
351
387
414
593
102
109
139
149
155
189
345
385
425
447
464
468
469
480
487
496
500
507
547
556
559
572
615
667
783
832
117
123
135
161
169
170
183
184
185
226
247
260
316
329
355
361
370
397
400
409
416
426
427
440
441
449
452
461
463
471
477
491
492
498
499
519
536
538
542
567
570
574
590
628
646
755
765
766
788
840
106
110
111
112
114
119
120
128
131
137
142
147
150
151
153
159
166
172
173
181
193
197
207
220
223
240
241
244
246
253
279
321
328
357
362
366
389
390
401
407
408
411
417
420
423
430
431
432
434
446
450
466
467
472
473
476
483
486
489
494
509
520
525
534
535
545
548
555
566
568
569
582
583
595
605
607
612
620
625
642
644
654
738
743
775
779
793
805
818
819
833
839
844
855
857
871
877
881
883
92
98
101
108
116
121
126
127
133
134
136
141
148
154
156
160
163
168
174
175
179
180
182
186
190
192
194
195
204
210
214
215
217
218
255
259
266
272
274
275
276
277
282
283
284
304
332
335
338
339
346
353
364
365
368
371
372
373
376
384
391
392
398
415
418
419
421
422
435
439
453
457
459
460
462
465
475
488
502
504
512
513
518
528
529
533
537
541
550
552
562
563
575
577
599
600
601
604
606
608
614
619
623
624
627
632
634
638
639
641
656
657
675
679
684
686
693
708
711
736
739
749
750
757
760
762
764
791
796
798
802
804
812
816
817
822
825
827
836
843
845
862
872
873
874
875
890
894
90
97
100
104
107
113
125
138
144
145
146
152
157
158
177
187
198
201
202
205
208
224
225
228
230
231
233
238
250
251
258
261
268
269
280
281
303
318
326
336
343
350
359
363
374
375
377
378
386
388
393
395
399
404
406
413
428
429
433
436
438
442
444
445
451
455
458
479
482
484
490
493
501
503
510
514
515
517
521
524
530
532
539
540
554
558
561
564
576
581
585
587
589
594
597
598
602
611
621
622
633
640
643
663
670
671
692
706
707
710
713
727
729
730
737
744
745
756
767
792
794
795
807
811
821
826
828
829
835
837
838
842
848
849
851
860
861
863
865
867
880
884
891
892
897
898
905
909
62
74
75
87
95
99
103
115
118
124
130
132
140
164
165
167
171
178
188
199
200
206
211
232
234
236
239
242
243
252
254
256
262
264
285
286
293
297
305
306
307
309
311
313
320
324
333
344
360
381
382
394
410
424
474
478
481
485
497
506
511
516
523
526
527
543
546
549
553
565
573
580
586
591
592
603
613
618
629
630
635
637
645
659
669
674
678
681
687
689
695
712
715
731
740
742
747
753
754
758
772
773
777
780
782
784
785
790
797
808
820
823
841
847
850
852
866
869
870
879
882
889
903
914
920
77
81
83
91
93
94
122
212
219
235
245
248
249
263
271
278
288
290
291
292
299
300
308
325
327
337
342
349
352
356
367
369
383
405
412
437
443
448
454
470
495
508
557
578
588
609
616
626
636
648
652
655
660
662
666
668
672
676
677
688
696
701
702
703
704
705
709
718
719
721
725
728
732
733
746
748
751
752
759
761
768
770
774
776
781
786
789
799
800
801
803
806
813
814
831
834
854
856
858
859
893
896
901
904
918
924
65
68
80
82
85
88
89
129
176
191
196
213
257
265
295
298
301
302
310
312
315
317
340
347
348
354
456
505
522
544
560
571
584
596
617
631
647
661
673
680
682
683
685
690
694
699
700
716
722
723
724
726
734
741
763
778
824
830
846
864
868
878
885
886
888
899
900
902
907
911
912
921
929
66
69
70
72
78
79
84
105
143
162
209
221
227
229
237
267
270
287
296
314
358
379
380
402
403
649
650
653
664
665
714
717
720
787
809
810
853
895
906
919
933
59
60
73
76
86
96
216
222
273
289
322
323
331
341
396
531
579
651
658
697
771
815
916
927
932
944
64
334
691
698
735
769
876
887
908
910
926
63
71
294
610
913
917
925
928
935
57
58
61
203
915
923
939
54
930
931
941
943
41
45
49
50
51
53
56
67
922
952
52
55
934
940
950
48
942
946
951
936
948
31
39
42
47
937
945
947
956
37
43
46
938
961
32
34
40
949
955
958
965
26
36
953
954
959
963
44
957
960
966
22
33
964
971
982
20
27
38
967
968
962
23
29
969
970
25
981
24
30
977
21
28
35
972
976
985
973
975
978
12
14
15
990
974
983
18
17
19
986
989
6
9
7
10
984
979
991
8
980
988
992
11
16
994
0
996
4
5
987
995
1
2
997
13
993
998
999
3
387
542
551
832
414
441
452
477
487
492
494
500
507
509
536
556
559
570
593
667
755
788
330
345
351
385
400
416
419
425
427
440
447
449
461
463
464
466
468
469
480
483
491
493
496
498
519
534
537
547
548
552
567
568
590
615
736
762
764
765
783
805
822
840
139
149
184
185
207
373
389
407
415
420
423
426
430
432
436
459
460
467
476
482
486
488
499
513
514
520
525
529
558
572
574
582
583
595
605
638
642
644
646
657
693
708
710
729
739
743
750
760
768
775
791
793
798
812
819
833
839
843
845
871
890
102
135
150
161
181
189
193
204
220
240
244
255
272
277
279
319
321
335
336
339
346
355
357
361
362
364
366
368
370
372
376
384
390
397
398
408
409
418
421
428
431
434
439
442
444
446
451
453
454
455
465
470
471
472
473
474
479
481
484
485
489
502
503
512
515
517
527
528
530
532
533
538
539
540
541
545
550
555
561
562
564
566
589
600
606
608
612
620
624
625
633
640
654
656
679
684
686
689
695
696
711
725
727
728
731
737
740
746
747
749
753
756
757
766
777
779
782
792
794
795
796
802
804
807
808
811
816
818
825
826
829
835
837
844
872
877
881
883
905
109
110
119
123
131
137
155
156
158
169
172
173
175
177
180
183
186
190
192
198
205
208
210
217
223
226
230
247
253
269
275
283
304
316
328
329
338
353
365
371
374
375
377
383
386
392
393
394
399
401
404
406
411
417
422
435
443
445
448
450
456
457
462
475
490
497
501
511
516
518
523
524
535
543
553
554
565
569
575
577
580
587
594
599
603
604
607
611
614
618
619
623
626
627
628
634
639
643
645
660
663
668
670
671
672
676
678
682
692
701
704
707
709
712
713
719
722
724
730
733
738
742
744
745
751
752
754
758
761
763
767
772
786
789
790
797
801
813
817
821
831
836
847
848
849
855
857
860
861
862
867
869
873
874
875
879
884
909
914
106
107
111
114
117
126
127
138
141
142
148
152
153
159
160
163
166
179
182
195
197
214
231
233
243
246
250
252
258
261
281
282
284
285
303
305
326
343
349
350
359
363
369
378
382
391
395
413
429
433
438
458
478
495
504
505
506
510
521
526
546
549
560
563
578
581
585
591
592
598
601
613
622
629
630
632
637
641
652
669
673
675
677
687
688
702
703
705
706
714
715
717
718
723
726
732
734
748
759
774
776
778
780
785
799
800
814
820
827
828
834
838
841
842
850
851
852
856
863
866
870
880
882
889
891
892
897
898
903
920
90
95
98
100
101
103
108
112
113
121
128
134
136
140
144
145
146
147
151
154
165
170
187
194
200
201
212
218
219
224
225
228
232
235
236
239
242
248
249
251
254
259
260
262
268
274
291
293
300
307
311
318
324
332
333
337
340
344
356
360
367
380
381
388
403
405
410
412
424
437
508
522
557
571
573
576
584
586
588
597
602
616
617
631
635
648
651
655
659
661
662
665
674
681
685
690
694
716
720
721
741
770
771
773
781
784
803
806
809
823
824
830
846
853
854
858
864
865
893
894
896
899
918
924
92
118
120
122
133
157
168
174
178
188
199
202
206
211
213
215
234
238
241
256
263
265
266
271
276
280
288
297
306
309
310
313
317
327
342
354
396
402
544
596
621
647
649
650
664
666
680
683
697
699
700
735
769
787
810
859
868
878
885
888
901
902
904
916
921
74
83
87
93
104
116
124
125
130
132
164
171
196
227
229
237
245
257
264
290
292
295
296
302
308
312
314
315
320
325
348
352
379
609
636
653
691
876
886
900
907
911
912
919
68
75
85
88
91
94
97
99
115
129
143
162
176
222
267
270
278
286
287
289
298
301
322
323
331
334
341
531
579
658
698
815
887
895
906
908
910
913
927
929
933
65
77
78
79
80
81
84
89
96
105
167
191
221
273
299
347
610
917
926
59
62
82
209
216
294
358
915
925
932
935
939
944
66
72
73
76
86
203
922
923
928
930
931
941
950
60
64
70
71
943
53
54
63
69
934
942
57
61
940
952
58
67
936
956
45
51
52
56
946
948
951
41
48
49
50
55
945
947
949
954
955
958
959
965
46
937
938
953
961
31
37
40
42
43
47
957
960
963
966
982
44
964
967
968
971
26
32
36
39
33
962
969
20
27
34
970
22
38
23
981
25
976
21
30
975
978
985
24
28
972
977
29
35
973
983
974
990
12
14
15
989
979
984
986
17
18
19
980
988
991
9
10
6
7
8
994
992
996
16
0
11
987
995
4
1
5
2
993
13
997
999
998
3
441
747
768
792
765
589
725
840
536
728
740
822
542
552
920
455
502
568
570
729
755
782
795
477
487
509
731
764
777
832
845
708
825
837
879
883
696
722
723
746
794
796
762
123
454
466
507
512
603
644
701
788
808
903
463
470
657
689
704
709
724
772
848
914
916
918
387
414
452
482
537
710
727
732
741
805
817
842
924
493
494
498
551
677
786
813
835
839
876
905
326
483
492
519
527
532
615
771
819
871
872
884
126
184
398
459
516
520
564
693
737
749
780
800
812
833
849
853
210
244
377
416
426
436
517
534
656
695
736
742
751
831
843
363
373
390
393
488
513
593
717
797
838
846
866
869
882
901
909
444
449
460
505
533
538
547
605
667
734
754
789
798
816
117
217
339
397
423
500
511
514
515
558
559
638
707
711
716
791
801
907
156
161
195
394
419
430
484
540
541
582
626
684
750
757
785
834
870
888
896
899
107
376
400
546
584
646
675
697
714
720
733
743
826
898
912
913
921
137
158
163
282
385
431
440
474
478
480
523
560
561
598
640
668
753
756
760
809
811
818
854
860
880
890
138
139
218
220
303
415
418
428
447
465
479
496
503
522
529
539
548
574
643
686
744
758
807
814
829
841
852
877
941
111
175
193
383
461
469
549
572
588
645
687
738
752
763
793
830
856
862
149
150
179
374
427
481
489
491
594
600
688
694
705
730
735
790
844
850
910
127
165
207
372
389
408
451
453
468
485
495
528
556
567
578
583
625
663
669
718
739
802
820
891
897
911
100
131
212
254
321
336
345
357
384
439
448
456
497
555
595
606
682
691
779
803
873
110
173
291
311
433
524
563
590
608
624
634
642
652
654
679
858
885
902
908
197
223
300
340
409
421
443
562
585
604
660
665
726
745
761
774
859
863
881
103
119
172
180
189
205
406
445
462
476
525
550
554
571
575
622
623
651
676
685
699
703
799
806
875
889
926
956
140
177
187
194
230
277
285
446
475
486
521
633
776
874
893
939
90
190
243
247
371
382
403
464
467
587
670
672
674
783
823
922
944
102
148
208
366
442
473
501
658
759
767
769
778
827
867
929
98
152
204
275
329
330
407
420
506
611
614
630
639
678
748
824
828
904
917
931
935
106
142
198
219
240
252
305
353
411
437
472
490
543
618
648
659
671
766
770
787
847
915
235
349
351
369
399
526
530
565
569
706
781
68
186
196
222
231
279
281
368
370
380
434
580
599
620
621
631
673
692
878
95
132
386
392
435
566
591
715
804
821
851
868
85
135
144
182
255
298
335
346
359
378
417
613
637
647
655
702
712
775
906
155
202
258
269
362
422
499
545
619
662
719
864
942
181
229
236
249
274
313
355
402
432
557
617
855
861
157
160
206
224
283
304
425
438
616
629
635
636
649
661
927
109
185
293
322
337
365
535
553
609
650
681
810
836
886
892
925
88
94
113
134
153
234
272
307
309
312
352
713
721
919
928
943
950
91
130
141
287
325
333
395
458
510
576
857
887
894
895
930
933
83
166
250
401
602
54
59
118
146
213
214
232
239
253
261
308
310
424
450
145
147
354
364
396
577
596
680
932
115
237
248
268
350
429
936
954
112
122
129
133
225
280
296
324
344
573
586
865
900
934
87
101
128
136
164
317
338
361
592
940
53
79
96
108
199
262
267
288
334
343
360
405
457
65
597
71
151
174
192
233
257
323
375
81
92
116
159
289
302
342
410
412
945
968
114
241
683
700
93
104
601
664
75
200
259
381
581
958
66
67
169
315
367
937
76
284
815
80
246
74
84
143
226
471
518
628
170
188
327
328
579
971
82
86
319
348
242
263
404
531
963
63
607
690
203
314
612
959
99
201
306
331
653
951
952
162
215
256
264
627
105
124
251
953
957
967
125
265
73
271
960
211
292
955
949
938
121
316
89
923
962
78
320
544
969
260
171
982
62
178
228
301
318
965
297
278
985
52
966
504
64
948
961
56
266
48
245
44
50
784
60
45
632
974
975
773
964
191
970
216
989
37
379
294
41
51
42
972
20
981
40
46
990
