249.6
249.8
249.8
249.8
249.8
249.9
249.9
249.9
249.9
249.9
249.9
250.0
250.0
250.0
250.0
250.0
250.0
250.0
250.0
250.1
250.1
250.1
250.1
250.1
250.1
250.1
250.1
250.1
250.1
250.1
250.1
250.1
250.2
250.2
250.2
250.2
250.2
250.2
250.2
250.2
250.2
250.2
250.2
250.3
250.3
250.3
250.3
250.3
250.3
250.3
250.3
250.3
250.3
250.3
250.4
250.4
250.4
250.4
250.4
250.5
250.5
250.5
250.5
250.5
250.5
250.6
250.6
250.6
250.6
250.6
250.6
250.6
250.6
250.6
250.6
250.6
250.7
250.7
250.7
250.7
250.7
250.7
250.7
250.8
250.8
250.8
250.9
250.9
250.9
250.9
250.9
251.1
251.1
251.2
252.2
252.3
252.7
252.9
253.0
253.3
256.8
256.8
256.8
256.8
256.8
256.8
256.8
256.8
256.8
256.8
256.8
256.8
256.8
256.8
256.8
256.8
256.8
256.8
256.8
256.8
256.9
256.9
256.9
256.9
256.9
256.9
256.9
256.9
257.0
257.0
257.0
257.0
257.0
257.0
257.1
257.1
257.2
257.2
257.2
257.3
257.4
257.4
257.4
257.4
257.4
257.4
257.4
257.5
257.5
257.5
257.6
257.6
257.6
257.6
257.6
257.7
257.8
257.8
257.8
257.8
257.8
257.9
257.9
257.9
257.9
257.9
258.0
258.0
258.1
258.2
258.2
258.2
258.2
258.3
258.3
258.3
258.4
258.4
258.4
258.5
258.5
258.6
258.6
258.7
258.7
258.8
258.8
258.8
258.9
258.9
259.0
259.2
259.3
259.8
259.9
259.9
260.0
260.0
260.0
260.2
260.2
260.3
260.3
260.5
260.6
260.7
260.7
260.8
260.9
261.1
261.2
261.3
261.4
261.4
261.4
261.5
261.5
261.6
261.6
261.6
261.6
261.7
261.8
261.8
261.8
261.9
262.0
262.2
262.2
262.5
263.1
263.1
263.2
263.2
263.5
263.7
263.8
264.4
264.5
264.7
264.8
264.8
264.8
264.9
264.9
264.9
265.0
265.2
265.5
265.9
266.3
266.5
266.7
266.8
266.9
267.9
268.1
268.1
268.2
268.2
268.2
268.4
268.5
268.9
269.0
269.0
269.5
269.6
269.6
270.1
270.2
270.5
270.9
270.9
271.4
271.6
271.6
271.9
271.9
272.0
272.0
272.0
272.0
272.1
272.1
272.1
272.1
272.2
272.2
272.2
272.2
272.2
272.2
272.2
272.2
272.2
272.2
272.2
272.2
272.3
272.3
272.3
272.3
272.4
272.4
272.4
272.4
272.4
272.4
272.4
272.5
272.6
272.6
272.6
272.6
272.6
272.6
272.6
272.6
272.7
272.7
272.7
272.7
272.8
272.8
272.8
272.9
272.9
273.0
273.0
273.0
273.0
273.1
273.1
273.1
273.2
273.2
273.2
273.2
273.2
273.3
273.3
273.3
273.3
273.3
273.3
273.3
273.4
273.4
273.5
273.5
273.6
273.6
273.6
273.7
273.7
273.7
273.8
273.8
273.8
273.9
273.9
274.0
274.1
274.4
274.4
274.6
275.1
275.7
275.7
276.1
276.4
276.4
276.4
276.6
276.7
276.8
276.8
277.0
277.0
277.1
277.1
277.1
277.2
277.3
277.4
277.5
277.6
277.7
277.8
277.8
277.8
277.8
277.8
277.8
277.8
277.9
277.9
277.9
278.0
278.0
278.1
278.1
278.1
278.1
278.1
278.1
278.2
278.2
278.2
278.2
278.3
278.3
278.4
278.4
278.4
278.4
278.4
278.4
278.5
278.5
278.5
278.5
278.6
278.6
278.7
278.7
278.7
278.7
278.8
278.8
278.8
278.8
278.8
278.9
278.9
278.9
278.9
278.9
278.9
278.9
278.9
279.0
279.0
279.0
279.0
279.1
279.1
279.2
279.2
279.2
279.3
279.3
279.3
279.4
279.5
279.5
279.5
279.5
279.6
279.6
279.6
279.6
279.7
279.8
279.8
279.9
280.1
280.9
280.9
281.1
281.4
282.2
282.9
283.5
283.6
283.8
283.8
284.0
284.0
284.0
284.2
284.3
284.4
284.5
284.5
284.6
284.7
284.8
284.9
284.9
284.9
285.0
285.0
285.2
285.3
285.3
285.7
285.7
285.7
286.4
286.5
286.7
287.0
287.1
287.6
287.8
287.9
288.3
288.4
288.4
288.7
289.0
289.0
289.0
289.1
289.2
289.5
289.7
289.9
289.9
290.1
290.1
290.1
290.2
290.2
290.2
290.3
290.3
290.4
290.6
290.8
291.0
291.1
291.1
291.4
291.5
291.7
291.9
292.0
292.0
292.1
292.2
292.4
292.5
292.6
292.6
292.7
292.8
293.0
293.1
293.3
293.7
293.8
293.8
294.1
294.1
294.1
294.2
294.7
294.9
294.9
295.1
295.3
295.5
296.3
296.7
297.0
297.1
297.4
298.5
298.9
300.5
300.9
301.6
302.9
303.2
307.9
313.6
314.9
316.9
321.4
322.5
329.5
418.9
419.0
419.0
419.0
419.0
419.1
419.1
419.1
419.1
419.1
419.1
419.1
419.1
419.1
419.1
419.1
419.1
419.1
419.2
419.2
419.2
419.2
419.2
419.2
419.2
419.2
419.2
419.2
419.2
419.2
419.2
419.3
419.3
419.3
419.3
419.3
419.3
419.3
419.3
419.3
419.3
419.3
419.3
419.3
419.3
419.3
419.4
419.4
419.4
419.4
419.4
419.4
419.4
419.4
419.4
419.4
419.4
419.4
419.4
419.4
419.4
419.5
419.5
419.5
419.5
419.5
419.5
419.5
419.5
419.5
419.5
419.5
419.5
419.5
419.5
419.6
419.6
419.6
419.6
419.6
419.6
419.6
419.6
419.7
419.7
419.7
419.7
419.7
419.9
420.0
420.0
420.0
420.2
420.5
420.9
421.1
421.2
421.5
421.6
421.8
425.0
425.0
425.0
425.0
425.0
425.1
425.1
425.1
425.1
425.1
425.1
425.1
425.1
425.1
425.1
425.1
425.1
425.1
425.1
425.2
425.2
425.2
425.2
425.2
425.2
425.2
425.2
425.2
425.2
425.2
425.2
425.2
425.2
425.3
425.3
425.3
425.3
425.3
425.4
425.4
425.4
425.4
425.4
425.4
425.4
425.4
425.5
425.5
425.5
425.6
425.6
425.6
425.6
425.6
425.6
425.6
425.7
425.7
425.7
425.7
425.7
425.7
425.8
425.8
425.8
425.9
426.0
426.0
426.1
426.1
426.1
426.1
426.2
426.2
426.3
426.3
426.3
426.4
426.4
426.5
426.6
426.6
426.7
426.7
426.7
426.9
426.9
426.9
427.0
427.2
427.3
427.5
427.9
428.0
428.4
428.4
428.5
428.6
428.6
428.6
428.8
428.8
428.9
429.0
429.0
429.1
429.1
429.1
429.1
429.1
429.2
429.3
429.3
429.3
429.4
429.4
429.4
429.4
429.4
429.5
429.5
429.5
429.6
429.6
429.7
429.7
429.7
430.0
430.1
430.4
430.4
430.5
431.0
431.4
431.8
431.8
431.8
432.1
432.1
432.5
432.6
432.6
432.6
432.7
432.7
432.7
432.7
433.1
433.2
433.7
433.8
433.8
433.9
433.9
434.2
434.3
434.4
434.4
434.8
434.8
434.8
435.2
435.3
435.4
435.5
435.6
435.6
435.7
435.7
435.9
436.0
436.0
436.2
436.4
436.5
436.6
437.5
437.6
437.6
437.7
437.9
438.2
438.2
438.3
438.3
438.4
438.5
438.8
438.9
439.1
439.1
439.1
439.2
439.3
439.4
439.6
439.7
439.8
439.8
439.8
439.9
440.1
440.1
440.2
440.3
440.3
440.3
440.4
440.4
440.4
440.4
440.5
440.5
440.5
440.5
440.5
440.5
440.5
440.6
440.6
440.6
440.6
440.6
440.6
440.6
440.7
440.7
440.7
440.7
440.7
440.7
440.7
440.7
440.7
440.7
440.8
440.8
440.8
440.8
440.8
440.8
440.8
440.8
440.8
440.8
440.9
440.9
440.9
440.9
440.9
440.9
440.9
441.0
441.0
441.0
441.0
441.0
441.1
441.1
441.2
441.2
441.2
441.2
441.2
441.2
441.3
441.4
441.4
441.4
441.5
441.5
441.6
441.6
441.6
441.7
441.8
441.9
441.9
442.0
442.1
442.4
442.4
442.4
442.5
442.6
442.7
442.8
443.4
443.4
443.7
443.7
443.9
444.2
444.6
444.8
445.2
445.3
445.3
445.5
445.6
445.6
445.6
445.7
445.7
445.8
445.8
445.9
445.9
445.9
446.1
446.1
446.1
446.2
446.2
446.2
446.2
446.3
446.3
446.3
446.4
446.4
446.4
446.5
446.5
446.5
446.5
446.6
446.6
446.6
446.6
446.6
446.6
446.7
446.7
446.7
446.7
446.8
446.8
446.8
446.8
446.8
446.9
446.9
446.9
446.9
446.9
446.9
446.9
447.0
447.0
447.1
447.1
447.1
447.2
447.2
447.2
447.3
447.3
447.3
447.3
447.4
447.4
447.4
447.4
447.4
447.5
447.5
447.5
447.5
447.5
447.5
447.7
447.7
447.7
447.7
447.9
448.0
448.1
448.7
448.7
448.7
448.9
449.5
449.6
449.7
449.8
449.8
450.1
450.2
450.3
450.3
451.1
451.2
453.6
453.7
453.7
454.8
455.3
456.2
460.0
461.0
461.0
461.5
462.0
462.3
463.0
463.0
464.8
465.0
467.3
467.4
469.0
469.5
472.6
474.4
481.3
492.9
510.5
548.4
548.4
548.5
548.5
548.5
548.6
548.6
548.6
548.6
548.6
548.6
548.6
548.7
548.7
548.7
548.7
548.7
548.7
548.7
548.7
548.7
548.8
548.8
548.8
548.8
548.8
548.8
548.8
548.8
548.8
548.8
548.8
548.8
548.8
548.8
548.8
548.8
548.9
548.9
548.9
548.9
548.9
548.9
548.9
548.9
548.9
548.9
548.9
548.9
548.9
549.0
549.0
549.0
549.0
549.0
549.0
549.0
549.0
549.0
549.0
549.1
549.1
549.1
549.1
549.1
549.1
549.2
549.2
549.2
549.2
549.2
549.2
549.2
549.2
549.2
549.2
549.3
549.3
549.3
549.3
549.3
549.3
549.4
549.4
549.4
549.4
549.4
549.4
549.5
549.5
549.5
549.7
549.7
549.8
550.6
550.8
551.2
551.2
551.5
551.8
567.5
567.6
567.6
567.6
567.6
567.6
567.6
567.6
567.6
567.6
567.6
567.6
567.6
567.6
567.6
567.6
567.7
567.7
567.7
567.7
567.7
567.7
567.7
567.7
567.7
567.7
567.7
567.7
567.7
567.7
567.7
567.7
567.8
567.8
567.8
567.9
567.9
567.9
567.9
568.1
568.1
568.2
568.2
568.2
568.2
568.2
568.3
568.3
568.3
568.3
568.4
568.4
568.4
568.4
568.4
568.4
568.5
568.5
568.5
568.5
568.6
568.6
568.6
568.6
568.6
568.6
568.6
568.6
568.6
568.6
568.7
568.7
568.7
568.7
568.7
568.7
568.7
568.8
568.8
568.8
568.8
568.8
568.8
568.8
568.9
568.9
568.9
569.0
569.1
569.2
569.2
569.4
569.8
570.0
570.6
570.6
570.7
570.7
570.7
570.7
570.7
570.9
570.9
570.9
571.2
571.2
571.3
571.4
571.4
571.4
571.4
571.7
571.7
571.7
571.7
571.7
571.8
571.8
571.8
571.8
571.8
571.8
571.9
572.0
572.0
572.0
572.1
572.2
572.5
572.9
573.1
573.7
573.7
573.7
573.7
573.8
574.1
574.1
574.3
574.4
574.8
574.8
574.9
575.0
575.0
575.1
575.2
575.2
575.2
575.3
575.5
575.5
575.6
576.7
576.7
576.7
576.9
576.9
576.9
577.0
577.0
577.3
577.3
577.3
577.4
577.4
577.7
577.8
578.1
578.1
578.2
578.2
578.4
578.7
578.8
578.8
578.9
579.2
579.4
579.8
579.8
579.8
580.3
580.5
580.6
580.7
580.7
580.8
581.2
581.2
581.2
581.3
581.4
581.4
581.5
581.9
581.9
581.9
582.1
582.2
582.3
582.3
582.7
582.8
582.8
582.8
582.8
582.9
582.9
582.9
582.9
583.0
583.2
583.3
583.3
583.3
583.6
583.8
584.0
584.0
584.0
584.1
584.1
584.2
584.3
584.4
584.5
584.9
584.9
585.1
585.2
585.5
585.7
585.7
585.7
585.8
585.9
586.0
586.3
586.4
586.5
586.5
586.5
586.6
586.7
586.7
586.7
586.7
586.7
586.7
586.8
586.9
586.9
586.9
586.9
586.9
586.9
586.9
587.0
587.0
587.0
587.0
587.0
587.0
587.0
587.0
587.1
587.1
587.1
587.1
587.1
587.1
587.2
587.2
587.2
587.2
587.2
587.2
587.2
587.3
587.4
587.4
587.4
587.4
587.4
587.5
587.5
587.5
587.5
587.5
587.5
587.5
587.6
587.6
587.6
587.6
587.6
587.6
587.6
587.7
587.7
587.7
587.8
587.8
587.8
587.8
587.8
587.8
587.8
587.9
587.9
587.9
587.9
587.9
587.9
587.9
588.0
588.0
588.0
588.1
588.1
588.2
588.2
588.3
588.3
588.5
588.6
588.7
588.7
588.7
589.5
589.5
589.5
589.7
589.9
589.9
590.5
590.5
590.5
590.7
590.8
591.0
591.1
591.2
591.3
591.4
591.7
591.7
591.7
591.7
591.8
591.8
591.8
591.9
591.9
592.1
592.1
592.2
592.2
592.2
592.2
592.2
592.3
592.3
592.5
592.8
592.8
593.0
593.0
593.2
593.2
593.5
593.7
593.7
593.8
594.0
594.1
594.1
594.3
594.5
594.5
594.6
594.6
594.6
594.7
594.7
594.8
594.9
594.9
595.0
595.0
595.1
595.1
595.3
595.3
595.3
595.4
595.4
595.5
595.5
595.6
595.6
595.6
595.7
595.7
595.7
595.7
595.7
595.7
595.8
596.0
596.1
596.3
596.3
596.5
596.5
596.6
596.7
596.8
596.9
597.0
597.0
597.1
597.3
597.3
597.3
597.4
597.4
597.5
597.6
597.6
597.6
597.7
597.9
598.0
598.0
598.1
598.1
598.2
598.3
598.4
598.4
598.4
598.5
598.7
598.7
598.7
598.9
599.0
599.1
599.1
599.2
599.3
599.5
599.6
599.8
599.9
600.0
600.1
600.2
600.5
600.6
600.9
601.2
601.3
601.3
601.5
602.4
602.8
603.1
603.1
604.9
605.0
605.9
607.6
607.8
609.6
609.8
609.9
612.2
616.4
617.0
617.4
619.7
623.4
623.5
636.5
640.5
695.4
695.5
695.6
695.6
695.6
695.6
695.6
695.6
695.6
695.6
695.7
695.7
695.7
695.7
695.7
695.7
695.7
695.7
695.8
695.8
695.8
695.8
695.8
695.8
695.8
695.8
695.8
695.8
695.8
695.8
695.8
695.8
695.9
695.9
695.9
695.9
695.9
695.9
695.9
695.9
695.9
695.9
695.9
695.9
695.9
695.9
695.9
696.0
696.0
696.0
696.0
696.0
696.0
696.0
696.0
696.0
696.0
696.0
696.0
696.0
696.1
696.1
696.1
696.1
696.1
696.1
696.1
696.2
696.2
696.2
696.2
696.2
696.2
696.2
696.2
696.2
696.3
696.3
696.3
696.3
696.3
696.3
696.4
696.4
696.4
696.4
696.4
696.4
696.5
696.5
696.5
696.7
696.7
696.8
697.7
697.8
698.2
698.4
698.6
698.8
706.5
706.5
706.5
706.5
706.5
706.5
706.5
706.5
706.5
706.5
706.5
706.5
706.5
706.5
706.5
706.5
706.5
706.5
706.5
706.5
706.5
706.6
706.6
706.6
706.6
706.6
706.6
706.6
706.6
706.6
706.6
706.6
706.6
706.7
706.7
706.7
706.7
706.8
706.8
706.8
706.8
706.9
706.9
706.9
706.9
706.9
706.9
707.0
707.0
707.1
707.1
707.1
707.2
707.2
707.2
707.3
707.3
707.4
707.4
707.4
707.4
707.4
707.4
707.5
707.5
707.5
707.5
707.6
707.8
707.8
707.9
707.9
707.9
707.9
707.9
708.0
708.1
708.1
708.1
708.2
708.2
708.3
708.3
708.4
708.4
708.4
708.5
708.5
708.5
708.6
708.7
708.8
708.9
709.4
709.6
709.6
709.7
709.7
709.7
709.9
709.9
709.9
710.0
710.1
710.3
710.3
710.4
710.5
710.5
710.7
710.9
711.1
711.1
711.1
711.2
711.2
711.3
711.4
711.4
711.4
711.4
711.5
711.5
711.5
711.6
711.7
711.9
711.9
712.2
712.7
712.8
712.9
712.9
713.3
713.5
713.7
713.9
714.0
714.1
714.1
714.3
714.4
714.5
714.5
714.6
714.9
715.1
715.4
715.7
716.2
716.3
716.5
716.7
717.3
717.4
717.4
717.5
717.5
717.6
717.8
717.9
718.2
718.6
718.7
719.4
719.5
719.7
720.5
720.7
720.7
720.7
720.8
720.9
721.3
721.3
721.4
721.8
721.8
721.8
721.9
721.9
721.9
721.9
721.9
721.9
721.9
721.9
721.9
722.0
722.0
722.2
722.2
722.4
722.4
722.4
722.7
722.8
722.8
722.9
724.0
724.1
724.1
724.2
724.3
724.5
724.7
725.0
725.2
725.2
725.2
725.3
725.3
725.4
725.4
725.4
725.5
725.6
725.7
725.7
725.8
725.8
725.8
725.9
726.0
726.0
726.1
726.1
726.2
726.2
726.2
726.3
726.3
726.3
726.3
726.4
726.4
726.4
726.4
726.4
726.4
726.5
726.5
726.5
726.5
726.5
726.5
726.5
726.6
726.6
726.6
726.6
726.6
726.7
726.7
726.7
726.7
726.7
726.7
726.7
726.7
726.7
726.8
726.8
726.8
726.8
726.8
726.8
726.8
726.9
726.9
726.9
726.9
726.9
726.9
727.0
727.0
727.0
727.0
727.1
727.1
727.1
727.1
727.1
727.2
727.2
727.2
727.2
727.2
727.3
727.3
727.3
727.3
727.3
727.4
727.4
727.4
727.4
727.5
727.7
727.8
728.2
728.2
728.4
728.5
728.9
729.3
729.3
729.8
730.0
730.0
730.2
731.0
731.0
731.3
731.4
731.4
731.5
731.6
731.6
731.7
731.7
731.8
731.8
732.2
732.3
732.4
732.7
732.7
732.7
732.7
732.9
733.0
733.0
733.2
733.3
733.3
733.4
733.7
733.8
733.8
733.8
734.0
734.1
734.1
734.3
734.3
734.5
734.6
734.6
734.6
734.6
734.6
734.7
734.7
734.7
734.7
734.8
734.8
734.9
734.9
734.9
734.9
735.0
735.0
735.0
735.1
735.1
735.1
735.1
735.1
735.1
735.2
735.2
735.2
735.2
735.2
735.2
735.2
735.2
735.2
735.2
735.3
735.3
735.3
735.4
735.5
735.5
735.5
735.5
735.5
735.5
735.5
735.5
735.6
735.6
735.6
735.6
735.6
735.6
735.6
735.6
735.7
735.7
735.7
735.7
735.8
735.9
735.9
736.0
736.1
736.1
737.0
737.1
737.2
737.2
737.3
737.5
737.5
737.6
737.7
737.8
738.0
738.2
738.4
738.7
739.1
739.2
739.4
739.5
739.8
739.9
740.2
740.2
740.4
740.6
740.6
741.0
741.1
741.2
741.3
741.6
741.8
741.9
741.9
741.9
741.9
742.0
742.0
742.0
742.0
742.0
742.1
742.1
742.1
742.1
742.1
742.1
742.1
742.1
742.1
742.1
742.1
742.1
742.1
742.1
742.1
742.1
742.1
742.1
742.1
742.1
742.2
742.3
742.3
742.3
742.4
742.4
742.4
742.4
742.4
742.5
742.5
742.5
742.6
742.7
742.7
742.8
742.8
742.9
742.9
742.9
742.9
742.9
742.9
743.0
743.0
743.0
743.2
743.2
743.2
743.2
743.2
743.2
743.3
743.3
743.5
743.5
743.7
743.8
743.9
743.9
744.0
744.0
744.0
744.1
744.1
744.2
744.3
744.7
744.7
744.8
744.9
744.9
744.9
744.9
744.9
745.0
745.0
745.1
745.1
745.1
745.3
745.3
745.4
745.4
745.5
745.8
745.8
745.8
745.9
746.0
746.2
746.2
746.2
746.2
746.2
746.3
746.4
746.4
746.5
746.5
746.6
746.7
746.8
746.8
746.8
746.9
746.9
746.9
747.0
747.0
747.0
747.1
747.1
747.1
747.1
747.2
747.2
747.3
747.4
747.7
747.9
747.9
748.0
748.0
748.3
748.3
748.4
748.5
748.5
748.6
748.6
748.8
748.9
748.9
749.0
749.3
749.4
749.4
749.5
749.6
749.6
749.6
749.7
749.9
749.9
750.1
750.2
750.6
750.6
750.7
750.7
750.7
750.8
750.8
750.9
750.9
750.9
751.0
751.0
751.1
751.2
751.5
751.6
751.6
751.7
752.0
752.2
752.4
752.6
752.7
752.7
752.8
752.9
753.1
753.3
753.4
753.7
753.7
753.9
753.9
754.1
754.1
754.1
754.1
754.2
754.2
754.2
754.2
754.2
754.2
754.3
754.3
754.3
754.4
754.6
754.6
754.8
755.0
755.4
755.5
755.5
755.5
755.7
755.8
755.8
755.8
756.2
756.2
756.3
756.4
756.6
756.7
757.0
757.1
757.1
757.2
757.2
757.3
757.3
757.3
757.3
757.3
757.4
757.4
757.5
757.5
757.5
757.5
757.6
757.6
757.6
757.7
757.7
757.7
757.8
757.8
757.8
757.8
757.8
757.8
757.9
757.9
757.9
758.0
758.0
758.1
758.1
758.1
758.1
758.2
758.2
758.2
758.3
758.4
758.4
758.4
758.5
758.5
758.5
758.6
758.6
758.6
758.7
758.7
758.8
758.8
758.8
758.9
758.9
759.0
759.0
759.0
759.1
759.2
759.2
759.2
759.3
759.3
759.4
759.4
759.5
759.6
759.6
759.6
759.7
759.7
759.8
760.0
760.2
760.4
760.6
760.6
760.7
760.8
761.1
761.2
761.4
761.5
761.5
761.5
761.5
761.8
761.9
762.0
762.0
762.1
762.2
762.3
762.4
762.5
762.5
762.7
762.7
762.8
762.8
762.9
763.1
763.1
763.2
763.2
763.3
763.4
763.4
763.5
763.5
763.6
763.6
763.7
763.7
763.8
763.8
763.8
763.8
763.8
763.9
763.9
763.9
764.0
764.1
764.1
764.2
764.2
764.2
764.3
764.3
764.3
764.4
764.4
764.4
764.5
764.6
764.6
764.6
764.7
764.7
764.8
764.8
764.8
764.9
765.0
765.0
765.1
765.1
765.1
765.1
765.1
765.1
765.1
765.3
765.4
765.5
765.5
765.5
765.6
765.6
765.7
765.9
766.0
766.0
766.0
766.0
766.2
766.4
766.4
766.5
767.0
767.1
767.2
767.2
767.3
767.3
767.5
767.6
767.8
768.3
769.3
769.3
769.4
769.7
770.5
770.5
770.8
771.1
772.0
772.5
772.8
773.0
773.2
773.2
773.3
773.4
773.5
773.6
773.7
773.8
774.4
774.9
775.0
775.2
775.4
775.6
775.9
776.7
776.9
777.2
777.9
778.0
778.3
778.4
778.6
779.1
779.2
779.5
779.9
779.9
779.9
780.1
780.2
781.3
782.1
782.5
782.8
783.0
783.0
783.8
784.1
784.8
785.3
785.6
786.8
788.2
789.3
789.9
790.9
792.0
794.4
795.5
800.8
804.0
808.7
867.6
867.6
867.6
867.7
867.7
867.7
867.7
867.7
867.8
867.8
867.8
867.8
867.8
867.8
867.8
867.8
867.8
867.8
867.8
867.9
867.9
867.9
867.9
867.9
867.9
867.9
867.9
867.9
867.9
867.9
867.9
867.9
867.9
868.0
868.0
868.0
868.0
868.0
868.0
868.0
868.0
868.0
868.0
868.0
868.0
868.0
868.0
868.0
868.0
868.0
868.0
868.0
868.0
868.0
868.1
868.1
868.1
868.1
868.1
868.1
868.1
868.1
868.1
868.1
868.1
868.1
868.1
868.1
868.1
868.1
868.1
868.1
868.1
868.2
868.2
868.2
868.2
868.2
868.2
868.2
868.2
868.2
868.3
868.3
868.3
868.3
868.3
868.3
868.3
868.5
868.6
868.6
868.7
868.7
868.8
869.1
869.5
869.8
869.8
870.0
872.2
872.2
872.2
872.2
872.2
872.2
872.2
872.2
872.2
872.2
872.2
872.2
872.2
872.2
872.2
872.2
872.2
872.2
872.2
872.2
872.2
872.2
872.2
872.2
872.2
872.2
872.2
872.2
872.2
872.2
872.2
872.2
872.2
872.2
872.2
872.3
872.3
872.3
872.3
872.3
872.3
872.3
872.3
872.3
872.3
872.3
872.3
872.3
872.3
872.3
872.3
872.3
872.3
872.3
872.3
872.3
872.4
872.4
872.4
872.4
872.4
872.4
872.4
872.4
872.4
872.4
872.5
872.5
872.5
872.5
872.5
872.6
872.6
872.6
872.6
872.6
872.6
872.6
872.7
872.7
872.8
872.8
872.8
872.9
872.9
873.0
873.2
873.2
873.3
873.6
873.6
873.8
873.9
874.0
874.1
874.2
874.7
874.9
875.0
875.0
875.6
875.6
875.6
875.7
875.8
875.8
875.8
875.9
875.9
876.0
876.2
876.2
876.3
876.6
876.6
876.8
877.0
877.1
877.2
877.4
878.1
878.3
878.5
878.5
879.3
879.6
879.6
879.8
880.1
880.3
880.5
880.7
881.7
882.0
882.2
882.3
882.3
882.6
882.6
883.1
883.6
883.8
884.1
884.3
885.1
885.2
885.7
885.8
886.1
886.2
886.2
886.4
886.6
886.9
887.5
887.6
887.6
887.6
887.6
887.6
887.6
887.6
887.6
887.6
887.6
887.7
887.7
887.7
887.7
887.7
887.7
887.7
887.7
887.7
887.7
887.7
887.7
887.7
887.7
887.8
887.8
887.8
887.8
887.8
887.8
887.8
887.8
887.8
887.8
887.8
887.8
887.8
887.8
887.9
887.9
887.9
887.9
887.9
887.9
887.9
887.9
887.9
887.9
887.9
887.9
887.9
887.9
887.9
887.9
887.9
888.0
888.0
888.0
888.0
888.0
888.0
888.1
888.1
888.1
888.1
888.1
888.1
888.1
888.1
888.2
888.2
888.4
888.5
888.5
888.6
889.0
889.1
890.3
890.6
890.7
890.7
891.4
891.7
891.7
892.0
892.0
892.1
892.2
892.3
892.3
892.4
892.4
892.4
892.4
892.4
892.5
892.5
892.5
892.5
892.5
892.6
892.6
892.6
892.7
892.7
892.7
892.7
892.7
892.8
892.8
892.8
892.8
892.8
892.9
892.9
892.9
892.9
892.9
893.0
893.0
893.0
893.0
893.0
893.1
893.1
893.1
893.1
893.1
893.1
893.1
893.2
893.2
893.2
893.2
893.2
893.2
893.2
893.3
893.3
893.3
893.3
893.4
893.4
893.4
893.5
893.5
893.5
893.5
893.5
893.5
893.5
893.5
893.6
893.6
893.6
893.6
893.6
893.7
893.7
893.7
893.7
893.7
893.7
893.8
893.8
893.8
893.8
893.8
893.8
893.9
894.0
894.1
894.1
894.1
894.2
894.2
894.7
896.4
897.0
897.3
897.9
899.3
899.7
899.8
900.7
901.1
901.3
901.5
901.5
901.6
902.1
902.3
902.6
902.6
902.8
902.8
902.9
902.9
903.2
903.6
903.6
903.8
904.1
904.3
904.3
904.4
904.5
904.6
904.6
904.8
905.3
905.4
905.9
906.1
906.2
906.2
906.5
906.5
906.7
906.9
907.3
907.3
907.4
907.8
907.8
907.8
908.0
908.0
908.1
908.3
908.3
908.4
908.4
908.4
908.5
908.5
908.6
908.7
908.8
908.9
908.9
908.9
909.0
909.0
909.1
909.1
909.2
909.2
909.2
909.3
909.4
909.4
909.4
909.5
909.5
909.5
909.6
909.7
909.7
909.8
909.8
909.8
909.8
909.8
909.8
909.9
909.9
909.9
910.0
910.0
910.0
910.2
910.3
910.3
910.7
910.7
910.8
911.0
912.0
912.4
913.1
914.5
915.2
915.3
915.4
915.4
915.5
915.7
915.8
915.9
916.4
916.4
916.7
917.1
917.4
917.4
917.6
917.8
917.9
918.1
918.2
918.3
918.3
918.4
918.4
918.5
918.5
918.6
918.7
918.9
919.1
919.1
919.1
919.1
919.2
919.2
919.3
919.4
919.4
919.5
919.6
919.6
919.6
919.7
919.7
919.7
919.7
919.7
919.8
919.8
919.8
919.9
919.9
919.9
919.9
919.9
919.9
919.9
920.0
920.0
920.1
920.1
920.1
920.1
920.1
920.1
920.1
920.2
920.2
920.2
920.2
920.2
920.2
920.2
920.2
920.2
920.3
920.3
920.3
920.3
920.3
920.4
920.4
920.4
920.4
920.5
920.6
920.6
920.6
920.6
920.6
920.6
920.7
920.7
920.7
920.8
920.9
921.0
921.1
921.2
921.5
922.2
922.2
922.2
922.2
922.3
922.3
922.3
922.3
922.4
922.4
922.4
922.4
922.4
922.5
922.5
922.5
922.6
922.6
922.6
922.6
922.6
922.6
922.6
922.6
922.7
922.7
922.7
922.7
922.7
922.7
922.7
922.8
922.8
922.8
922.8
922.8
922.8
922.8
922.9
922.9
922.9
922.9
922.9
922.9
922.9
922.9
923.0
923.0
923.1
923.1
923.1
923.1
923.2
923.2
923.2
923.2
923.2
923.2
923.4
923.4
923.6
923.7
923.8
923.9
923.9
924.0
924.4
924.5
924.5
924.6
924.7
924.7
924.8
925.2
925.4
925.4
925.5
925.5
925.6
925.6
925.6
925.6
925.6
925.6
925.7
925.7
925.8
925.8
925.8
925.8
925.8
925.9
926.0
926.2
926.4
926.5
926.6
927.2
927.3
927.5
927.6
927.6
927.7
927.9
927.9
928.2
928.5
928.5
928.6
928.7
928.8
928.8
929.2
929.5
929.6
929.8
930.6
931.0
931.0
931.2
931.3
931.4
931.5
931.5
931.6
931.6
931.7
931.8
931.9
932.2
932.3
932.8
932.8
932.8
932.9
933.5
934.5
934.7
934.7
934.8
934.8
934.9
934.9
935.0
935.1
935.1
935.1
935.4
935.6
935.8
935.8
935.9
936.1
936.2
936.5
936.7
937.3
937.5
937.6
937.6
937.6
937.6
937.7
937.7
937.7
937.7
937.8
937.8
937.8
937.8
937.9
937.9
937.9
937.9
937.9
937.9
937.9
938.0
938.0
938.0
938.0
938.0
938.0
938.1
938.1
938.1
938.2
938.2
938.2
938.2
938.3
938.3
938.4
938.5
938.6
938.6
938.6
938.7
938.8
939.0
939.0
939.0
939.0
939.2
939.2
939.2
939.3
939.3
939.7
939.8
940.2
940.2
941.2
941.3
941.4
941.5
941.6
941.8
942.5
942.5
942.7
942.8
942.8
942.9
942.9
943.0
943.1
943.1
943.1
943.1
943.2
943.2
943.2
943.3
943.3
943.3
943.3
943.3
943.3
943.3
943.3
943.3
943.3
943.4
943.4
943.4
943.4
943.5
943.5
943.5
943.5
943.5
943.5
943.5
943.5
943.5
943.6
943.6
943.6
943.6
943.6
943.7
943.7
943.7
943.7
943.7
943.8
943.8
943.8
943.8
943.8
943.8
943.8
943.9
943.9
943.9
943.9
944.0
944.0
944.0
944.1
944.1
944.2
944.2
944.2
944.2
944.2
944.3
944.3
944.3
944.3
944.3
944.3
944.4
944.4
944.4
944.6
944.6
944.9
944.9
945.0
945.0
945.4
945.5
945.7
945.9
946.2
946.2
946.2
946.5
946.6
946.6
948.5
948.6
948.9
951.4
951.4
952.0
953.2
953.4
953.6
954.0
954.4
954.6
954.7
954.8
955.7
956.4
957.4
957.6
957.6
957.8
958.1
958.3
959.4
959.4
959.7
959.9
960.1
960.3
960.3
960.7
960.8
961.1
961.3
961.4
961.7
961.8
961.9
962.6
962.8
962.9
963.4
963.5
963.5
963.6
963.8
963.8
963.9
964.4
964.8
964.8
965.1
965.6
965.8
966.0
966.2
967.0
967.2
967.5
968.2
968.5
969.2
969.5
969.7
970.5
971.7
972.3
973.8
975.0
975.3
976.4
976.7
977.5
978.1
979.0
981.6
983.6
1041.6
1041.6
1041.6
1041.6
1041.6
1041.6
1041.6
1041.7
1041.7
1041.7
1041.7
1041.7
1041.7
1041.7
1041.7
1041.8
1041.8
1041.8
1041.8
1041.8
1041.8
1041.8
1041.8
1041.8
1041.8
1041.8
1041.8
1041.8
1041.8
1041.8
1041.8
1041.9
1041.9
1041.9
1041.9
1041.9
1041.9
1041.9
1041.9
1041.9
1041.9
1041.9
1041.9
1041.9
1041.9
1041.9
1041.9
1041.9
1042.0
1042.0
1042.0
1042.0
1042.0
1042.0
1042.0
1042.0
1042.0
1042.0
1042.0
1042.0
1042.0
1042.1
1042.1
1042.1
1042.1
1042.1
1042.1
1042.1
1042.1
1042.1
1042.1
1042.1
1042.2
1042.2
1042.2
1042.2
1042.2
1042.2
1042.2
1042.2
1042.2
1042.2
1042.3
1042.3
1042.3
1042.4
1042.4
1042.5
1042.5
1042.7
1042.7
1042.8
1042.9
1043.0
1043.0
1043.2
1043.7
1044.0
1044.0
1044.2
1046.3
1046.3
1046.3
1046.3
1046.3
1046.3
1046.3
1046.3
1046.4
1046.4
1046.4
1046.4
1046.4
1046.4
1046.4
1046.4
1046.4
1046.4
1046.4
1046.4
1046.4
1046.4
1046.4
1046.4
1046.5
1046.5
1046.5
1046.5
1046.5
1046.5
1046.6
1046.6
1046.6
1046.6
1046.6
1046.6
1046.6
1046.6
1046.6
1046.7
1046.7
1046.7
1046.7
1046.7
1046.7
1046.7
1046.7
1046.7
1046.7
1046.8
1046.8
1046.8
1046.8
1046.8
1046.8
1046.8
1046.9
1046.9
1046.9
1046.9
1047.0
1047.0
1047.0
1047.0
1047.0
1047.0
1047.1
1047.1
1047.1
1047.1
1047.2
1047.2
1047.2
1047.2
1047.3
1047.3
1047.3
1047.4
1047.4
1047.4
1047.4
1047.5
1047.6
1047.6
1047.6
1047.7
1047.8
1047.8
1048.2
1048.3
1048.3
1048.6
1048.8
1049.1
1049.1
1049.3
1049.8
1049.9
1050.0
1050.1
1050.1
1050.1
1050.1
1050.1
1050.2
1050.2
1050.3
1050.3
1050.3
1050.4
1050.4
1050.4
1050.4
1050.5
1050.6
1050.6
1050.6
1050.7
1050.8
1050.8
1051.2
1051.3
1051.3
1051.6
1051.8
1052.2
1052.2
1052.4
1053.1
1053.2
1053.5
1053.5
1054.2
1054.3
1054.3
1054.6
1054.9
1055.3
1055.4
1055.5
1056.5
1056.8
1057.0
1057.1
1057.2
1057.3
1057.3
1057.8
1058.2
1058.7
1058.9
1059.0
1060.5
1060.6
1060.7
1060.7
1060.9
1061.3
1061.4
1061.6
1061.7
1061.7
1061.7
1061.8
1061.8
1061.8
1061.8
1061.8
1061.8
1061.8
1061.9
1061.9
1061.9
1061.9
1061.9
1061.9
1061.9
1062.0
1062.0
1062.0
1062.0
1062.0
1062.0
1062.1
1062.1
1062.1
1062.1
1062.1
1062.1
1062.1
1062.1
1062.1
1062.1
1062.1
1062.1
1062.1
1062.2
1062.2
1062.2
1062.2
1062.2
1062.2
1062.2
1062.2
1062.2
1062.2
1062.3
1062.3
1062.3
1062.3
1062.4
1062.4
1062.4
1062.4
1062.4
1062.5
1062.5
1062.5
1062.5
1062.5
1062.5
1062.6
1062.6
1062.7
1062.8
1062.9
1062.9
1063.1
1063.2
1063.3
1063.4
1063.4
1064.9
1065.1
1065.2
1065.7
1066.4
1066.4
1066.4
1066.5
1066.5
1066.5
1066.5
1066.5
1066.6
1066.6
1066.6
1066.6
1066.6
1066.6
1066.7
1066.7
1066.7
1066.8
1066.8
1066.8
1066.8
1066.8
1066.8
1067.0
1067.0
1067.0
1067.0
1067.0
1067.0
1067.0
1067.1
1067.1
1067.1
1067.1
1067.1
1067.2
1067.2
1067.2
1067.2
1067.2
1067.2
1067.2
1067.2
1067.2
1067.3
1067.3
1067.3
1067.3
1067.3
1067.4
1067.4
1067.4
1067.4
1067.4
1067.5
1067.5
1067.5
1067.5
1067.5
1067.5
1067.5
1067.6
1067.6
1067.6
1067.6
1067.7
1067.7
1067.7
1067.7
1067.7
1067.7
1067.7
1067.8
1067.8
1067.8
1067.8
1067.9
1068.0
1068.0
1068.0
1068.0
1068.0
1068.0
1068.0
1068.0
1068.1
1068.1
1068.2
1068.3
1068.3
1068.4
1068.6
1068.8
1068.9
1069.3
1069.4
1071.8
1072.1
1072.6
1074.2
1074.7
1075.4
1075.7
1075.8
1076.1
1076.3
1076.3
1076.5
1076.5
1076.6
1076.7
1077.0
1077.1
1077.3
1077.4
1077.5
1077.6
1078.0
1078.0
1078.2
1078.3
1078.3
1078.8
1079.3
1079.3
1079.7
1080.1
1080.4
1080.4
1080.5
1080.8
1080.9
1081.1
1081.1
1081.3
1081.8
1081.8
1082.2
1082.8
1082.8
1082.9
1082.9
1083.2
1083.2
1083.3
1083.8
1084.1
1084.6
1084.6
1084.7
1084.8
1085.3
1085.7
1086.7
1086.9
1087.5
1087.9
1088.0
1088.1
1088.3
1088.8
1088.8
1089.5
1090.1
1090.6
1091.3
1091.4
1092.0
1092.2
1092.6
1092.8
1093.4
1096.0
1096.5
1099.6
1099.9
1102.1
1105.4
1115.3
1206.8
1206.8
1206.8
1206.8
1206.9
1206.9
1206.9
1206.9
1206.9
1206.9
1206.9
1206.9
1206.9
1206.9
1206.9
1206.9
1206.9
1206.9
1206.9
1206.9
1207.0
1207.0
1207.0
1207.0
1207.0
1207.0
1207.0
1207.0
1207.0
1207.0
1207.0
1207.0
1207.0
1207.0
1207.0
1207.0
1207.0
1207.0
1207.0
1207.0
1207.0
1207.0
1207.0
1207.1
1207.1
1207.1
1207.1
1207.1
1207.1
1207.1
1207.1
1207.1
1207.1
1207.1
1207.1
1207.1
1207.1
1207.1
1207.1
1207.1
1207.1
1207.1
1207.1
1207.1
1207.1
1207.1
1207.1
1207.1
1207.1
1207.1
1207.1
1207.1
1207.1
1207.1
1207.1
1207.1
1207.1
1207.1
1207.1
1207.1
1207.2
1207.2
1207.2
1207.2
1207.2
1207.2
1207.2
1207.2
1207.4
1207.4
1207.4
1207.5
1207.6
1207.7
1207.8
1207.8
1208.1
1208.4
1208.4
1208.6
1210.5
1210.5
1210.5
1210.6
1210.6
1210.6
1210.6
1210.6
1210.6
1210.6
1210.6
1210.6
1210.6
1210.6
1210.6
1210.6
1210.6
1210.6
1210.6
1210.6
1210.6
1210.6
1210.6
1210.6
1210.6
1210.6
1210.6
1210.7
1210.7
1210.7
1210.7
1210.7
1210.7
1210.7
1210.7
1210.7
1210.7
1210.7
1210.7
1210.7
1210.7
1210.7
1210.7
1210.7
1210.7
1210.7
1210.7
1210.7
1210.7
1210.8
1210.8
1210.8
1210.8
1210.8
1210.8
1210.8
1210.8
1210.8
1210.9
1210.9
1210.9
1210.9
1210.9
1210.9
1210.9
1211.0
1211.0
1211.0
1211.0
1211.0
1211.1
1211.1
1211.1
1211.1
1211.2
1211.2
1211.2
1211.3
1211.3
1211.3
1211.3
1211.4
1211.5
1211.5
1211.5
1211.6
1211.7
1211.7
1212.1
1212.1
1212.2
1212.4
1212.5
1212.8
1212.9
1213.0
1213.4
1213.5
1213.6
1213.6
1214.0
1214.0
1214.1
1214.2
1214.2
1214.2
1214.3
1214.3
1214.3
1214.3
1214.4
1214.5
1214.5
1214.5
1214.6
1214.7
1214.7
1215.1
1215.1
1215.2
1215.4
1215.5
1215.9
1216.0
1216.1
1216.7
1216.8
1217.0
1217.1
1218.1
1218.1
1218.2
1218.4
1218.5
1219.0
1219.0
1219.1
1219.8
1220.0
1220.2
1220.3
1221.4
1221.6
1222.1
1222.1
1222.2
1223.1
1223.4
1223.6
1223.7
1224.1
1224.5
1225.0
1225.5
1225.5
1225.6
1225.9
1225.9
1225.9
1226.0
1226.0
1226.0
1226.0
1226.1
1226.1
1226.1
1226.1
1226.1
1226.1
1226.1
1226.1
1226.1
1226.1
1226.1
1226.1
1226.1
1226.1
1226.1
1226.1
1226.2
1226.2
1226.2
1226.2
1226.2
1226.2
1226.2
1226.2
1226.2
1226.2
1226.2
1226.2
1226.2
1226.3
1226.3
1226.3
1226.3
1226.3
1226.3
1226.3
1226.3
1226.4
1226.4
1226.4
1226.4
1226.4
1226.4
1226.4
1226.4
1226.4
1226.4
1226.5
1226.5
1226.5
1226.5
1226.5
1226.5
1226.5
1226.5
1226.6
1226.7
1226.8
1227.2
1227.5
1227.5
1227.5
1227.6
1227.6
1228.3
1228.9
1229.7
1229.7
1229.8
1229.9
1230.1
1230.3
1230.4
1230.5
1230.5
1230.5
1230.5
1230.5
1230.5
1230.5
1230.6
1230.6
1230.6
1230.6
1230.6
1230.7
1230.7
1230.7
1230.7
1230.7
1230.8
1230.8
1230.8
1230.8
1230.8
1230.9
1230.9
1231.0
1231.0
1231.0
1231.1
1231.2
1231.2
1231.2
1231.2
1231.3
1231.3
1231.3
1231.4
1231.4
1231.4
1231.4
1231.4
1231.4
1231.5
1231.5
1231.5
1231.5
1231.5
1231.6
1231.6
1231.6
1231.7
1231.7
1231.7
1231.8
1231.8
1231.9
1231.9
1231.9
1231.9
1231.9
1231.9
1231.9
1232.0
1232.0
1232.0
1232.1
1232.1
1232.1
1232.1
1232.2
1232.2
1232.2
1232.3
1232.3
1232.3
1232.3
1232.3
1232.4
1232.4
1232.4
1232.4
1232.5
1232.5
1232.5
1232.5
1232.6
1232.6
1232.7
1232.8
1232.9
1233.1
1233.2
1233.8
1235.0
1236.5
1236.6
1236.7
1237.1
1238.0
1238.2
1238.4
1238.6
1238.8
1238.9
1239.2
1239.3
1239.5
1239.6
1239.7
1240.5
1240.6
1240.9
1241.6
1241.7
1242.0
1242.1
1242.5
1242.5
1243.1
1243.2
1244.2
1244.4
1244.4
1244.5
1245.2
1245.3
1245.9
1246.6
1246.8
1247.5
1248.0
1248.2
1248.5
1248.9
1249.0
1250.5
1251.4
1253.1
1254.7
1255.0
1255.4
1256.9
1257.4
1257.5
1258.0
1258.1
1258.1
1258.5
1258.7
1259.0
1259.4
1259.5
1259.6
1259.8
1259.9
1260.0
1260.0
1260.0
1260.1
1260.1
1260.2
1260.2
1260.2
1260.3
1260.3
1260.4
1260.4
1260.4
1260.4
1260.4
1260.4
1260.5
1260.5
1260.5
1260.5
1260.5
1260.6
1260.6
1260.6
1260.6
1260.7
1260.7
1260.8
1260.8
1260.8
1260.8
1260.8
1260.9
1260.9
1260.9
1260.9
1260.9
1261.1
1261.1
1261.3
1261.3
1261.3
1261.5
1261.5
1261.6
1261.6
1261.6
1261.6
1261.6
1261.6
1261.7
1261.7
1261.7
1261.7
1261.7
1261.7
1261.8
1261.8
1261.8
1261.8
1261.9
1261.9
1261.9
1261.9
1262.0
1262.0
1262.0
1262.0
1262.1
1262.1
1262.2
1262.2
1262.2
1262.4
1262.5
1262.5
1262.6
1262.6
1262.6
1262.6
1262.9
1262.9
1263.3
1263.9
1264.6
1266.8
1268.5
1268.8
1272.5
1274.6
1274.7
1276.8
1280.6
1280.6
1280.6
1280.7
1280.7
1280.7
1280.8
1280.9
1280.9
1281.1
1281.1
1281.1
1281.2
1281.2
1281.2
1281.3
1281.4
1281.7
1281.9
1282.0
1282.1
1282.2
1282.6
1282.8
1282.9
1282.9
1283.0
1283.1
1283.2
1283.3
1283.3
1283.4
1283.4
1283.8
1285.0
1285.0
1285.1
1285.1
1285.2
1285.3
1285.4
1285.4
1286.1
1286.2
1286.4
1286.5
1286.5
1286.6
1286.7
1286.7
1286.8
1286.9
1287.1
1287.1
1287.2
1287.6
1287.6
1287.7
1288.0
1288.4
1288.9
1289.5
1289.6
1289.8
1289.9
1290.6
1290.7
1290.7
1290.8
1290.8
1291.0
1291.3
1291.4
1291.5
1292.3
1292.3
1292.4
1292.6
1294.4
1294.5
1294.9
1295.1
1295.5
1295.6
1295.9
1296.0
1296.1
1296.4
1297.5
1297.7
1297.9
1298.5
1299.0
1299.2
1299.9
1302.8
1303.4
1303.5
1304.0
1304.1
1305.8
1305.8
1308.4
1311.5
1314.1
1377.6
1377.7
1377.7
1377.7
1377.7
1377.8
1377.8
1377.8
1377.8
1377.8
1377.8
1377.8
1377.8
1377.8
1377.8
1377.8
1377.8
1377.8
1377.8
1377.8
1377.8
1377.9
1377.9
1377.9
1377.9
1377.9
1377.9
1377.9
1377.9
1377.9
1377.9
1377.9
1377.9
1377.9
1377.9
1377.9
1377.9
1377.9
1377.9
1377.9
1377.9
1378.0
1378.0
1378.0
1378.0
1378.0
1378.0
1378.0
1378.0
1378.0
1378.0
1378.0
1378.0
1378.0
1378.0
1378.0
1378.0
1378.0
1378.0
1378.1
1378.1
1378.1
1378.1
1378.1
1378.1
1378.1
1378.1
1378.1
1378.1
1378.1
1378.1
1378.1
1378.1
1378.1
1378.1
1378.1
1378.1
1378.2
1378.2
1378.2
1378.2
1378.2
1378.2
1378.2
1378.3
1378.4
1378.4
1378.5
1378.5
1378.7
1378.7
1378.8
1378.8
1378.9
1379.0
1379.4
1379.7
1380.0
1380.1
1380.3
1381.9
1381.9
1381.9
1381.9
1381.9
1381.9
1381.9
1381.9
1381.9
1381.9
1381.9
1381.9
1381.9
1381.9
1381.9
1381.9
1381.9
1381.9
1381.9
1381.9
1381.9
1381.9
1381.9
1381.9
1381.9
1381.9
1381.9
1381.9
1381.9
1381.9
1381.9
1381.9
1381.9
1381.9
1381.9
1381.9
1381.9
1382.0
1382.0
1382.0
1382.0
1382.0
1382.0
1382.0
1382.0
1382.0
1382.0
1382.0
1382.0
1382.0
1382.0
1382.0
1382.0
1382.0
1382.1
1382.1
1382.1
1382.1
1382.1
1382.1
1382.1
1382.1
1382.2
1382.2
1382.2
1382.2
1382.2
1382.2
1382.3
1382.3
1382.3
1382.3
1382.3
1382.4
1382.4
1382.4
1382.4
1382.5
1382.5
1382.5
1382.5
1382.5
1382.7
1382.7
1382.7
1382.9
1383.1
1383.1
1383.1
1383.5
1383.5
1383.7
1383.9
1383.9
1384.0
1384.2
1384.7
1384.8
1385.0
1385.0
1385.2
1385.3
1385.4
1385.5
1385.5
1385.7
1385.7
1385.7
1385.9
1386.1
1386.1
1386.1
1386.5
1386.5
1386.7
1386.9
1386.9
1387.0
1387.3
1387.9
1388.2
1388.3
1388.4
1389.1
1389.5
1389.5
1389.7
1389.9
1390.0
1390.2
1390.4
1391.3
1391.6
1391.9
1391.9
1392.5
1392.5
1392.8
1393.3
1393.3
1393.5
1393.9
1395.1
1395.2
1395.5
1395.7
1395.8
1395.8
1395.9
1396.4
1397.0
1397.0
1397.2
1397.3
1397.3
1397.3
1397.3
1397.3
1397.3
1397.3
1397.3
1397.3
1397.3
1397.4
1397.4
1397.4
1397.4
1397.4
1397.4
1397.4
1397.4
1397.4
1397.4
1397.4
1397.4
1397.4
1397.4
1397.4
1397.5
1397.5
1397.5
1397.5
1397.5
1397.5
1397.5
1397.5
1397.5
1397.5
1397.5
1397.6
1397.6
1397.6
1397.6
1397.6
1397.6
1397.6
1397.6
1397.6
1397.6
1397.6
1397.6
1397.6
1397.6
1397.6
1397.6
1397.6
1397.7
1397.7
1397.7
1397.7
1397.8
1397.8
1397.8
1397.8
1397.8
1397.9
1398.2
1398.4
1398.6
1399.0
1399.5
1399.8
1399.9
1400.1
1400.5
1400.7
1400.8
1401.0
1401.3
1401.5
1401.5
1401.6
1401.7
1401.7
1401.7
1401.8
1401.8
1401.8
1401.8
1401.8
1401.8
1401.8
1401.9
1401.9
1401.9
1401.9
1402.0
1402.0
1402.0
1402.0
1402.0
1402.1
1402.1
1402.1
1402.2
1402.2
1402.3
1402.3
1402.3
1402.4
1402.4
1402.4
1402.4
1402.5
1402.5
1402.5
1402.5
1402.5
1402.5
1402.5
1402.6
1402.6
1402.6
1402.6
1402.6
1402.6
1402.6
1402.7
1402.7
1402.7
1402.7
1402.8
1402.8
1402.8
1402.9
1402.9
1402.9
1402.9
1403.0
1403.0
1403.0
1403.0
1403.0
1403.0
1403.1
1403.1
1403.1
1403.1
1403.2
1403.2
1403.2
1403.3
1403.3
1403.3
1403.3
1403.3
1403.3
1403.4
1403.4
1403.5
1403.5
1403.5
1403.6
1403.6
1403.6
1403.6
1403.7
1403.8
1404.0
1404.4
1405.6
1405.9
1406.0
1406.9
1407.5
1407.6
1407.8
1408.5
1409.3
1409.7
1409.8
1410.1
1410.1
1410.2
1410.4
1410.6
1410.8
1411.4
1411.5
1412.5
1412.5
1412.6
1412.8
1412.9
1412.9
1413.0
1413.0
1413.1
1413.2
1413.5
1413.7
1413.8
1414.1
1414.4
1414.9
1415.4
1415.6
1416.7
1416.8
1416.9
1417.4
1417.6
1418.6
1418.6
1418.7
1418.8
1418.9
1419.6
1420.1
1421.1
1421.5
1422.0
1422.1
1423.4
1423.5
1423.6
1423.7
1424.9
1425.5
1425.6
1427.3
1428.9
1429.2
1431.0
1433.8
1434.2
1435.4
1440.5
1453.5
1454.6
1543.3
1543.3
1543.3
1543.3
1543.4
1543.4
1543.4
1543.4
1543.4
1543.4
1543.4
1543.4
1543.4
1543.4
1543.4
1543.4
1543.4
1543.4
1543.4
1543.4
1543.4
1543.4
1543.4
1543.4
1543.4
1543.4
1543.4
1543.4
1543.4
1543.4
1543.4
1543.4
1543.5
1543.5
1543.5
1543.5
1543.5
1543.5
1543.5
1543.5
1543.5
1543.5
1543.5
1543.5
1543.5
1543.5
1543.5
1543.5
1543.5
1543.5
1543.5
1543.5
1543.5
1543.5
1543.5
1543.5
1543.5
1543.5
1543.5
1543.5
1543.5
1543.5
1543.5
1543.5
1543.5
1543.5
1543.5
1543.5
1543.5
1543.5
1543.5
1543.6
1543.6
1543.6
1543.6
1543.6
1543.6
1543.6
1543.6
1543.6
1543.6
1543.6
1543.6
1543.6
1543.6
1543.6
1543.6
1543.7
1543.8
1543.8
1543.8
1543.9
1544.0
1544.2
1544.2
1544.3
1544.6
1544.8
1544.9
1545.0
1547.0
1547.0
1547.0
1547.0
1547.0
1547.0
1547.0
1547.0
1547.0
1547.0
1547.0
1547.0
1547.0
1547.0
1547.0
1547.0
1547.0
1547.0
1547.0
1547.0
1547.0
1547.1
1547.1
1547.1
1547.1
1547.1
1547.1
1547.1
1547.1
1547.1
1547.1
1547.1
1547.1
1547.1
1547.1
1547.1
1547.1
1547.1
1547.1
1547.1
1547.1
1547.1
1547.1
1547.1
1547.1
1547.2
1547.2
1547.2
1547.2
1547.2
1547.2
1547.2
1547.2
1547.2
1547.2
1547.2
1547.2
1547.2
1547.3
1547.3
1547.3
1547.3
1547.3
1547.3
1547.3
1547.3
1547.4
1547.4
1547.4
1547.4
1547.5
1547.5
1547.5
1547.5
1547.6
1547.6
1547.7
1547.7
1547.7
1547.7
1547.7
1547.7
1547.9
1547.9
1547.9
1548.0
1548.1
1548.1
1548.5
1548.5
1548.5
1548.8
1548.9
1549.2
1549.3
1549.3
1549.7
1549.8
1550.0
1550.0
1550.4
1550.6
1550.7
1550.7
1550.7
1550.7
1550.7
1550.9
1550.9
1550.9
1551.0
1551.1
1551.1
1551.5
1551.5
1551.5
1551.8
1551.9
1552.3
1552.3
1552.4
1553.0
1553.2
1553.4
1553.4
1554.5
1554.5
1554.5
1554.8
1554.9
1555.4
1555.4
1555.6
1556.3
1556.6
1556.8
1556.8
1557.5
1557.5
1557.8
1558.1
1558.6
1558.7
1558.7
1559.8
1560.1
1560.3
1560.4
1560.5
1560.5
1560.5
1561.1
1561.5
1562.1
1562.2
1562.3
1562.4
1562.4
1562.4
1562.4
1562.4
1562.4
1562.4
1562.5
1562.5
1562.5
1562.5
1562.5
1562.5
1562.5
1562.5
1562.5
1562.5
1562.6
1562.6
1562.6
1562.6
1562.6
1562.6
1562.6
1562.6
1562.6
1562.6
1562.6
1562.6
1562.6
1562.6
1562.6
1562.6
1562.6
1562.7
1562.7
1562.7
1562.7
1562.7
1562.7
1562.7
1562.7
1562.7
1562.7
1562.7
1562.8
1562.8
1562.8
1562.8
1562.8
1562.8
1562.8
1562.8
1562.8
1562.8
1562.8
1562.8
1562.9
1562.9
1562.9
1562.9
1562.9
1562.9
1563.0
1563.0
1563.0
1563.0
1563.2
1563.2
1563.7
1564.0
1564.1
1564.1
1564.2
1564.3
1564.4
1564.9
1565.6
1566.4
1566.4
1566.4
1566.6
1566.6
1566.8
1566.9
1567.0
1567.0
1567.0
1567.0
1567.1
1567.1
1567.1
1567.1
1567.1
1567.1
1567.1
1567.2
1567.2
1567.2
1567.2
1567.2
1567.2
1567.3
1567.4
1567.4
1567.4
1567.4
1567.5
1567.5
1567.5
1567.6
1567.6
1567.7
1567.7
1567.8
1567.8
1567.8
1567.8
1567.9
1567.9
1567.9
1567.9
1567.9
1567.9
1568.0
1568.0
1568.0
1568.0
1568.1
1568.1
1568.1
1568.1
1568.1
1568.2
1568.2
1568.3
1568.3
1568.3
1568.4
1568.4
1568.4
1568.4
1568.5
1568.5
1568.5
1568.5
1568.5
1568.6
1568.6
1568.6
1568.7
1568.7
1568.7
1568.7
1568.8
1568.8
1568.8
1568.8
1568.8
1568.9
1568.9
1568.9
1568.9
1569.0
1569.0
1569.0
1569.1
1569.1
1569.2
1569.2
1569.3
1569.3
1569.3
1569.4
1569.9
1570.0
1570.4
1571.4
1573.0
1573.1
1573.1
1573.2
1574.4
1574.6
1574.9
1575.1
1575.3
1575.4
1576.0
1576.0
1576.2
1576.3
1576.6
1577.2
1577.4
1577.6
1578.0
1578.7
1578.7
1578.9
1579.5
1579.5
1579.6
1579.8
1580.0
1580.2
1580.2
1581.5
1581.8
1582.2
1582.5
1583.4
1585.1
1585.1
1585.6
1585.9
1585.9
1586.4
1587.6
1587.8
1588.4
1589.4
1591.1
1592.3
1594.0
1595.5
1595.6
1595.8
1596.0
1596.4
1596.4
1596.5
1596.5
1596.6
1596.7
1596.7
1596.8
1596.8
1596.9
1597.0
1597.0
1597.0
1597.0
1597.0
1597.0
1597.0
1597.1
1597.1
1597.2
1597.2
1597.2
1597.3
1597.3
1597.3
1597.3
1597.4
1597.4
1597.4
1597.4
1597.4
1597.4
1597.4
1597.4
1597.5
1597.5
1597.6
1597.6
1597.6
1597.6
1597.7
1597.7
1597.7
1597.7
1597.7
1597.8
1597.8
1597.8
1597.9
1597.9
1598.0
1598.1
1598.1
1598.1
1598.2
1598.2
1598.3
1598.3
1598.3
1598.3
1598.3
1598.3
1598.4
1598.4
1598.4
1598.4
1598.5
1598.5
1598.5
1598.6
1598.7
1598.7
1598.7
1598.7
1598.7
1598.8
1598.8
1598.8
1598.8
1598.8
1598.9
1599.0
1599.0
1599.1
1599.2
1599.2
1599.3
1599.3
1599.8
1600.0
1600.1
1600.3
1601.1
1602.2
1602.4
1604.3
1617.2
1617.7
1619.7
1619.7
1619.7
1619.8
1619.9
1619.9
1620.3
1620.6
1620.8
1621.0
1621.1
1621.3
1621.3
1621.6
1621.8
1622.0
1622.5
1622.6
1622.7
1622.9
1624.0
1626.2
1626.6
1627.9
1628.7
1628.8
1628.9
1629.3
1629.3
1629.4
1630.5
1631.1
1631.3
1631.4
1632.2
1632.3
1632.8
1633.6
1637.4
1638.0
1644.0
1713.8
1713.8
1713.8
1713.8
1713.8
1713.9
1713.9
1713.9
1713.9
1713.9
1713.9
1713.9
1713.9
1713.9
1713.9
1713.9
1714.0
1714.0
1714.0
1714.0
1714.0
1714.0
1714.0
1714.0
1714.0
1714.0
1714.0
1714.0
1714.0
1714.0
1714.0
1714.0
1714.0
1714.1
1714.1
1714.1
1714.1
1714.1
1714.1
1714.1
1714.1
1714.1
1714.1
1714.1
1714.1
1714.1
1714.1
1714.1
1714.1
1714.1
1714.1
1714.1
1714.1
1714.1
1714.1
1714.1
1714.1
1714.1
1714.1
1714.2
1714.2
1714.2
1714.2
1714.2
1714.2
1714.2
1714.2
1714.2
1714.2
1714.2
1714.2
1714.3
1714.3
1714.3
1714.3
1714.3
1714.3
1714.3
1714.3
1714.3
1714.4
1714.4
1714.4
1714.4
1714.5
1714.6
1714.6
1714.6
1714.6
1714.9
1715.0
1715.0
1715.0
1715.1
1715.2
1715.6
1716.0
1716.3
1716.3
1716.4
1718.0
1718.0
1718.0
1718.0
1718.0
1718.0
1718.0
1718.0
1718.0
1718.0
1718.0
1718.0
1718.0
1718.0
1718.0
1718.0
1718.0
1718.0
1718.0
1718.0
1718.0
1718.0
1718.0
1718.0
1718.0
1718.0
1718.0
1718.0
1718.0
1718.0
1718.0
1718.0
1718.1
1718.1
1718.1
1718.1
1718.1
1718.1
1718.1
1718.1
1718.1
1718.1
1718.1
1718.1
1718.1
1718.1
1718.1
1718.1
1718.1
1718.1
1718.1
1718.1
1718.1
1718.1
1718.2
1718.2
1718.2
1718.2
1718.2
1718.2
1718.2
1718.2
1718.2
1718.3
1718.3
1718.3
1718.3
1718.3
1718.3
1718.4
1718.4
1718.4
1718.5
1718.5
1718.5
1718.5
1718.5
1718.5
1718.5
1718.5
1718.6
1718.7
1718.7
1718.7
1718.8
1718.9
1719.1
1719.1
1719.3
1719.5
1719.5
1719.8
1720.0
1720.0
1720.1
1720.3
1720.8
1720.9
1721.1
1721.1
1721.5
1721.5
1721.5
1721.6
1721.7
1721.7
1721.7
1721.8
1721.9
1722.1
1722.1
1722.3
1722.5
1722.5
1722.8
1723.0
1723.0
1723.2
1723.4
1724.0
1724.2
1724.4
1724.5
1725.3
1725.5
1725.5
1725.8
1726.0
1726.1
1726.3
1726.5
1727.4
1727.7
1727.9
1728.0
1728.5
1728.5
1728.9
1729.3
1729.4
1729.6
1730.0
1731.3
1731.3
1731.7
1731.8
1731.9
1731.9
1732.1
1732.5
1733.2
1733.2
1733.4
1733.4
1733.4
1733.4
1733.4
1733.4
1733.4
1733.4
1733.4
1733.4
1733.4
1733.4
1733.4
1733.5
1733.5
1733.5
1733.5
1733.5
1733.5
1733.5
1733.5
1733.5
1733.5
1733.5
1733.5
1733.5
1733.6
1733.6
1733.6
1733.6
1733.6
1733.6
1733.6
1733.6
1733.6
1733.6
1733.6
1733.6
1733.7
1733.7
1733.7
1733.7
1733.7
1733.7
1733.7
1733.7
1733.7
1733.7
1733.7
1733.7
1733.7
1733.7
1733.7
1733.7
1733.7
1733.7
1733.8
1733.8
1733.8
1733.8
1733.9
1733.9
1733.9
1733.9
1733.9
1734.1
1734.2
1734.5
1734.6
1735.2
1736.0
1736.0
1736.1
1736.6
1737.0
1737.1
1737.2
1737.2
1737.5
1737.6
1737.7
1737.8
1737.9
1737.9
1737.9
1738.0
1738.0
1738.0
1738.0
1738.1
1738.1
1738.1
1738.1
1738.1
1738.1
1738.1
1738.2
1738.2
1738.2
1738.2
1738.2
1738.3
1738.3
1738.3
1738.4
1738.4
1738.4
1738.4
1738.5
1738.5
1738.5
1738.6
1738.6
1738.6
1738.6
1738.6
1738.7
1738.7
1738.7
1738.7
1738.7
1738.8
1738.8
1738.8
1738.8
1738.8
1738.9
1738.9
1738.9
1738.9
1738.9
1738.9
1739.0
1739.0
1739.1
1739.1
1739.1
1739.2
1739.2
1739.2
1739.2
1739.2
1739.3
1739.3
1739.3
1739.3
1739.4
1739.4
1739.4
1739.4
1739.5
1739.5
1739.5
1739.5
1739.5
1739.5
1739.5
1739.6
1739.6
1739.6
1739.6
1739.6
1739.7
1739.7
1739.9
1739.9
1740.0
1740.0
1740.1
1740.8
1742.3
1742.8
1743.4
1744.6
1744.9
1745.1
1746.0
1746.2
1746.8
1746.8
1747.0
1747.1
1747.3
1747.4
1747.7
1747.7
1748.0
1748.3
1748.7
1749.3
1749.3
1749.5
1749.6
1749.6
1749.8
1750.5
1750.5
1751.0
1751.0
1751.4
1751.5
1752.0
1752.2
1752.3
1752.5
1753.3
1753.3
1753.8
1754.2
1754.5
1755.0
1755.6
1756.3
1756.7
1757.2
1758.7
1758.7
1759.3
1759.8
1761.0
1761.4
1761.9
1763.0
1763.3
1763.4
1763.7
1765.6
1767.4
1770.4
1770.8
1783.3
1785.4
1879.7
1879.7
1879.7
1879.7
1879.7
1879.7
1879.7
1879.7
1879.7
1879.8
1879.8
1879.8
1879.8
1879.8
1879.8
1879.8
1879.8
1879.8
1879.8
1879.8
1879.8
1879.8
1879.8
1879.8
1879.8
1879.8
1879.8
1879.8
1879.8
1879.8
1879.8
1879.8
1879.8
1879.8
1879.8
1879.8
1879.8
1879.8
1879.9
1879.9
1879.9
1879.9
1879.9
1879.9
1879.9
1879.9
1879.9
1879.9
1879.9
1879.9
1879.9
1879.9
1879.9
1879.9
1879.9
1879.9
1879.9
1879.9
1879.9
1879.9
1879.9
1879.9
1879.9
1879.9
1879.9
1879.9
1879.9
1879.9
1879.9
1879.9
1879.9
1879.9
1879.9
1879.9
1879.9
1879.9
1879.9
1879.9
1879.9
1880.0
1880.0
1880.0
1880.0
1880.0
1880.0
1880.0
1880.0
1880.1
1880.2
1880.2
1880.2
1880.4
1880.5
1880.6
1880.7
1880.7
1881.0
1881.3
1881.4
1881.5
1883.5
1883.5
1883.5
1883.5
1883.5
1883.5
1883.5
1883.5
1883.5
1883.5
1883.5
1883.5
1883.5
1883.5
1883.5
1883.5
1883.5
1883.5
1883.5
1883.5
1883.5
1883.5
1883.5
1883.5
1883.5
1883.5
1883.5
1883.5
1883.6
1883.6
1883.6
1883.6
1883.6
1883.6
1883.6
1883.6
1883.6
1883.6
1883.6
1883.6
1883.6
1883.6
1883.6
1883.6
1883.6
1883.6
1883.6
1883.6
1883.6
1883.6
1883.6
1883.6
1883.6
1883.6
1883.6
1883.7
1883.7
1883.7
1883.7
1883.8
1883.8
1883.8
1883.8
1883.8
1883.8
1883.8
1883.9
1883.9
1883.9
1883.9
1883.9
1883.9
1884.0
1884.0
1884.1
1884.1
1884.2
1884.2
1884.2
1884.2
1884.2
1884.2
1884.4
1884.4
1884.4
1884.5
1884.6
1884.6
1885.0
1885.0
1885.1
1885.3
1885.5
1885.7
1885.8
1885.9
1886.3
1886.4
1886.6
1886.6
1886.9
1886.9
1887.1
1887.2
1887.2
1887.2
1887.2
1887.2
1887.4
1887.4
1887.4
1887.5
1887.6
1887.6
1888.0
1888.0
1888.1
1888.3
1888.5
1888.9
1888.9
1889.0
1889.6
1889.8
1890.0
1890.1
1891.0
1891.0
1891.1
1891.3
1891.5
1892.0
1892.0
1892.2
1893.0
1893.2
1893.4
1893.5
1894.0
1894.0
1894.3
1894.7
1895.2
1895.2
1895.3
1896.4
1896.7
1896.9
1897.0
1897.0
1897.0
1897.1
1897.6
1898.1
1898.7
1898.7
1898.8
1898.8
1898.8
1898.8
1898.8
1898.8
1898.9
1898.9
1898.9
1898.9
1898.9
1899.0
1899.0
1899.0
1899.0
1899.0
1899.0
1899.0
1899.0
1899.0
1899.0
1899.0
1899.0
1899.0
1899.0
1899.0
1899.0
1899.0
1899.0
1899.1
1899.1
1899.1
1899.1
1899.1
1899.1
1899.1
1899.1
1899.1
1899.1
1899.2
1899.2
1899.2
1899.2
1899.2
1899.2
1899.2
1899.2
1899.2
1899.2
1899.2
1899.2
1899.3
1899.3
1899.3
1899.3
1899.3
1899.3
1899.3
1899.3
1899.3
1899.4
1899.4
1899.4
1899.4
1899.4
1899.5
1899.7
1899.7
1900.1
1900.5
1900.6
1900.6
1900.7
1900.8
1900.9
1901.4
1902.0
1902.8
1902.9
1902.9
1903.0
1903.1
1903.2
1903.3
1903.4
1903.4
1903.4
1903.4
1903.5
1903.5
1903.5
1903.5
1903.5
1903.5
1903.5
1903.5
1903.6
1903.6
1903.7
1903.7
1903.7
1903.7
1903.8
1903.8
1903.8
1903.9
1903.9
1903.9
1903.9
1904.0
1904.1
1904.1
1904.1
1904.2
1904.2
1904.2
1904.2
1904.3
1904.3
1904.3
1904.4
1904.4
1904.4
1904.4
1904.4
1904.5
1904.5
1904.5
1904.5
1904.6
1904.6
1904.6
1904.6
1904.7
1904.7
1904.7
1904.7
1904.8
1904.8
1904.9
1904.9
1904.9
1904.9
1904.9
1905.0
1905.0
1905.0
1905.1
1905.1
1905.1
1905.1
1905.1
1905.1
1905.2
1905.2
1905.2
1905.3
1905.3
1905.3
1905.3
1905.3
1905.4
1905.4
1905.4
1905.4
1905.4
1905.5
1905.6
1905.6
1905.6
1905.7
1905.7
1905.9
1906.2
1906.3
1906.6
1907.7
1909.1
1909.3
1909.3
1909.4
1910.2
1910.8
1911.0
1911.1
1911.2
1911.3
1911.7
1911.8
1911.8
1911.8
1912.0
1912.6
1912.6
1913.5
1914.0
1914.2
1914.3
1914.3
1914.3
1914.6
1914.7
1914.9
1915.0
1915.3
1915.5
1915.7
1916.0
1917.3
1918.1
1918.9
1919.1
1919.3
1920.0
1920.1
1920.1
1920.5
1922.4
1924.4
1924.4
1925.0
1925.1
1925.8
1927.1
1928.7
1929.2
1930.3
1930.9
1931.3
1931.6
1931.7
1931.7
1931.8
1931.8
1931.9
1931.9
1932.0
1932.0
1932.0
1932.0
1932.1
1932.1
1932.1
1932.2
1932.2
1932.2
1932.2
1932.3
1932.3
1932.3
1932.3
1932.3
1932.4
1932.5
1932.5
1932.5
1932.5
1932.5
1932.6
1932.6
1932.6
1932.6
1932.6
1932.6
1932.6
1932.7
1932.7
1932.7
1932.7
1932.8
1932.8
1932.8
1932.8
1932.9
1932.9
1932.9
1932.9
1932.9
1933.0
1933.0
1933.0
1933.1
1933.1
1933.2
1933.2
1933.2
1933.2
1933.3
1933.3
1933.3
1933.4
1933.5
1933.5
1933.5
1933.7
1933.7
1933.7
1933.7
1933.7
1933.8
1933.8
1933.8
1933.9
1933.9
1934.0
1934.0
1934.1
1934.1
1934.1
1934.2
1934.2
1934.2
1934.2
1934.3
1934.5
1934.5
1934.6
1934.6
1935.1
1935.5
1935.7
1935.7
1936.8
1936.9
1938.2
1939.9
1945.2
1951.1
1951.1
1951.2
1951.2
1951.2
1951.3
1951.5
1951.6
1951.8
1951.8
1951.9
1951.9
1951.9
1952.1
1952.3
1952.3
1952.4
1952.7
1952.7
1952.7
1953.2
1953.3
1953.9
1954.3
1954.5
1954.5
1954.6
1954.6
1954.6
1954.7
1954.7
1955.0
1955.1
1955.2
1956.1
1956.5
1957.3
1957.6
1957.7
1957.8
1957.9
1957.9
1957.9
1957.9
1958.0
1958.2
1958.6
1958.9
1958.9
1959.2
1959.2
1959.3
1960.0
1960.3
1960.4
1960.9
1961.6
1961.7
1961.8
1961.9
1962.4
1962.4
1963.1
1963.5
1964.1
1965.5
1965.5
1965.9
1966.6
1967.2
1967.2
1967.2
1967.9
1969.1
1969.6
1969.8
1970.3
1970.4
1970.4
1970.6
1970.6
1970.9
1971.0
1971.9
1972.0
1974.3
1978.9
1980.3
1981.7
1982.3
1999.0
2050.2
2050.2
2050.2
2050.2
2050.2
2050.2
2050.3
2050.3
2050.3
2050.3
2050.3
2050.3
2050.3
2050.3
2050.3
2050.3
2050.3
2050.3
2050.3
2050.3
2050.3
2050.3
2050.3
2050.3
2050.4
2050.4
2050.4
2050.4
2050.4
2050.4
2050.4
2050.4
2050.4
2050.4
2050.4
2050.4
2050.4
2050.4
2050.4
2050.4
2050.4
2050.4
2050.4
2050.4
2050.4
2050.5
2050.5
2050.5
2050.5
2050.5
2050.5
2050.5
2050.5
2050.5
2050.5
2050.5
2050.5
2050.5
2050.5
2050.5
2050.5
2050.5
2050.5
2050.6
2050.6
2050.6
2050.6
2050.6
2050.6
2050.6
2050.6
2050.6
2050.6
2050.6
2050.6
2050.6
2050.6
2050.7
2050.7
2050.7
2050.7
2050.7
2050.7
2050.7
2050.9
2050.9
2050.9
2050.9
2050.9
2051.2
2051.2
2051.3
2051.3
2051.4
2051.5
2051.9
2052.2
2052.5
2052.5
2052.7
2054.3
2054.3
2054.3
2054.3
2054.3
2054.3
2054.3
2054.3
2054.3
2054.3
2054.3
2054.3
2054.3
2054.3
2054.3
2054.3
2054.3
2054.3
2054.3
2054.3
2054.3
2054.3
2054.3
2054.3
2054.3
2054.3
2054.3
2054.3
2054.3
2054.3
2054.3
2054.3
2054.3
2054.3
2054.3
2054.3
2054.3
2054.3
2054.4
2054.4
2054.4
2054.4
2054.4
2054.4
2054.4
2054.4
2054.4
2054.4
2054.4
2054.4
2054.4
2054.5
2054.5
2054.5
2054.5
2054.5
2054.5
2054.5
2054.5
2054.5
2054.5
2054.5
2054.6
2054.6
2054.6
2054.6
2054.6
2054.6
2054.6
2054.7
2054.7
2054.7
2054.8
2054.8
2054.8
2054.8
2054.8
2054.8
2054.9
2054.9
2054.9
2055.0
2055.1
2055.1
2055.1
2055.3
2055.4
2055.5
2055.6
2055.9
2055.9
2056.1
2056.3
2056.3
2056.4
2056.6
2057.1
2057.2
2057.4
2057.4
2057.7
2057.8
2057.8
2057.8
2057.9
2058.0
2058.1
2058.1
2058.1
2058.3
2058.4
2058.5
2058.6
2058.9
2058.9
2059.1
2059.3
2059.3
2059.5
2059.7
2060.3
2060.6
2060.7
2060.8
2061.6
2061.9
2061.9
2062.1
2062.3
2062.4
2062.6
2062.8
2063.7
2064.0
2064.3
2064.3
2064.9
2064.9
2065.2
2065.6
2065.7
2065.9
2066.3
2067.6
2067.7
2068.1
2068.2
2068.3
2068.4
2068.5
2068.9
2069.6
2069.6
2069.7
2069.7
2069.7
2069.7
2069.7
2069.7
2069.7
2069.7
2069.7
2069.7
2069.7
2069.7
2069.7
2069.7
2069.8
2069.8
2069.8
2069.8
2069.8
2069.8
2069.8
2069.8
2069.8
2069.8
2069.8
2069.8
2069.8
2069.9
2069.9
2069.9
2069.9
2069.9
2069.9
2069.9
2069.9
2069.9
2069.9
2070.0
2070.0
2070.0
2070.0
2070.0
2070.0
2070.0
2070.0
2070.0
2070.0
2070.0
2070.0
2070.0
2070.0
2070.0
2070.0
2070.0
2070.0
2070.0
2070.1
2070.1
2070.1
2070.2
2070.2
2070.2
2070.2
2070.3
2070.3
2070.5
2070.6
2071.0
2071.1
2071.6
2072.4
2072.4
2072.6
2073.0
2073.4
2073.5
2073.6
2073.6
2073.8
2074.0
2074.0
2074.2
2074.2
2074.2
2074.3
2074.3
2074.3
2074.3
2074.4
2074.4
2074.4
2074.4
2074.4
2074.5
2074.5
2074.5
2074.5
2074.5
2074.5
2074.6
2074.6
2074.6
2074.6
2074.6
2074.7
2074.7
2074.7
2074.8
2074.8
2074.8
2074.8
2074.9
2074.9
2074.9
2074.9
2075.0
2075.0
2075.0
2075.0
2075.1
2075.1
2075.1
2075.1
2075.1
2075.1
2075.1
2075.1
2075.1
2075.2
2075.2
2075.2
2075.2
2075.2
2075.3
2075.4
2075.4
2075.4
2075.5
2075.5
2075.5
2075.5
2075.5
2075.5
2075.5
2075.6
2075.7
2075.7
2075.7
2075.7
2075.7
2075.8
2075.8
2075.8
2075.8
2075.8
2075.8
2075.8
2075.8
2075.9
2075.9
2076.0
2076.0
2076.0
2076.1
2076.1
2076.2
2076.2
2076.5
2076.6
2077.2
2078.5
2079.0
2079.2
2080.4
2080.6
2080.7
2081.1
2082.1
2082.6
2083.0
2083.0
2083.3
2083.5
2083.9
2083.9
2083.9
2084.3
2084.3
2084.3
2085.1
2085.3
2085.4
2085.4
2085.6
2085.7
2086.3
2086.5
2086.5
2086.5
2086.5
2086.9
2087.5
2087.8
2087.8
2088.0
2089.1
2089.1
2089.9
2090.3
2090.5
2091.1
2091.8
2092.3
2092.8
2093.0
2093.5
2093.9
2094.4
2095.5
2095.8
2097.3
2098.0
2098.4
2099.2
2100.3
2100.7
2100.7
2101.0
2101.5
2103.9
2107.3
2111.8
2117.2
2216.0
2216.1
2216.1
2216.1
2216.1
2216.1
2216.1
2216.1
2216.1
2216.1
2216.1
2216.1
2216.1
2216.1
2216.1
2216.1
2216.1
2216.1
2216.1
2216.2
2216.2
2216.2
2216.2
2216.2
2216.2
2216.2
2216.2
2216.2
2216.2
2216.2
2216.2
2216.2
2216.2
2216.2
2216.2
2216.2
2216.2
2216.2
2216.2
2216.2
2216.2
2216.2
2216.2
2216.2
2216.2
2216.2
2216.2
2216.2
2216.2
2216.3
2216.3
2216.3
2216.3
2216.3
2216.3
2216.3
2216.3
2216.3
2216.3
2216.3
2216.3
2216.3
2216.3
2216.3
2216.3
2216.3
2216.3
2216.3
2216.3
2216.3
2216.3
2216.3
2216.3
2216.3
2216.3
2216.3
2216.3
2216.3
2216.3
2216.3
2216.3
2216.3
2216.3
2216.3
2216.4
2216.4
2216.4
2216.4
2216.5
2216.6
2216.6
2216.7
2216.8
2216.9
2217.0
2217.0
2217.3
2217.5
2217.6
2217.7
2219.7
2219.7
2219.7
2219.7
2219.7
2219.7
2219.7
2219.7
2219.7
2219.7
2219.7
2219.7
2219.7
2219.8
2219.8
2219.8
2219.8
2219.8
2219.8
2219.8
2219.8
2219.8
2219.8
2219.8
2219.8
2219.8
2219.8
2219.8
2219.8
2219.8
2219.8
2219.8
2219.8
2219.8
2219.8
2219.8
2219.8
2219.8
2219.8
2219.8
2219.8
2219.9
2219.9
2219.9
2219.9
2219.9
2219.9
2219.9
2219.9
2219.9
2219.9
2219.9
2219.9
2219.9
2219.9
2219.9
2220.0
2220.0
2220.0
2220.0
2220.0
2220.0
2220.1
2220.1
2220.1
2220.1
2220.1
2220.2
2220.2
2220.2
2220.2
2220.2
2220.2
2220.2
2220.3
2220.4
2220.4
2220.4
2220.4
2220.4
2220.5
2220.5
2220.6
2220.6
2220.6
2220.7
2220.8
2220.8
2221.2
2221.2
2221.3
2221.5
2221.6
2221.9
2222.0
2222.1
2222.5
2222.6
2222.7
2222.7
2223.1
2223.2
2223.3
2223.4
2223.4
2223.4
2223.4
2223.5
2223.6
2223.6
2223.6
2223.7
2223.8
2223.8
2224.2
2224.2
2224.3
2224.5
2224.6
2225.0
2225.1
2225.2
2225.7
2225.9
2226.1
2226.1
2227.2
2227.2
2227.3
2227.5
2227.7
2228.1
2228.2
2228.3
2229.0
2229.2
2229.4
2229.5
2230.2
2230.5
2230.8
2231.3
2231.3
2231.4
2232.4
2232.7
2232.9
2233.0
2233.2
2233.2
2233.7
2234.2
2234.8
2234.8
2234.9
2235.1
2235.1
2235.1
2235.1
2235.1
2235.2
2235.2
2235.2
2235.2
2235.2
2235.2
2235.2
2235.2
2235.2
2235.2
2235.2
2235.3
2235.3
2235.3
2235.3
2235.3
2235.3
2235.3
2235.3
2235.3
2235.3
2235.3
2235.3
2235.3
2235.3
2235.3
2235.4
2235.4
2235.4
2235.4
2235.4
2235.4
2235.4
2235.4
2235.4
2235.4
2235.4
2235.4
2235.4
2235.4
2235.5
2235.5
2235.5
2235.5
2235.5
2235.5
2235.5
2235.5
2235.5
2235.6
2235.6
2235.6
2235.6
2235.6
2235.6
2235.6
2235.6
2235.6
2235.6
2235.7
2235.7
2235.7
2235.9
2235.9
2236.3
2236.6
2236.7
2236.8
2236.9
2237.0
2237.0
2237.6
2238.3
2239.0
2239.1
2239.2
2239.3
2239.3
2239.6
2239.7
2239.7
2239.7
2239.7
2239.8
2239.8
2239.8
2239.8
2239.9
2239.9
2239.9
2239.9
2239.9
2239.9
2239.9
2239.9
2240.0
2240.0
2240.0
2240.1
2240.2
2240.2
2240.2
2240.2
2240.2
2240.3
2240.3
2240.3
2240.4
2240.4
2240.5
2240.5
2240.5
2240.6
2240.6
2240.6
2240.6
2240.7
2240.7
2240.7
2240.7
2240.7
2240.8
2240.8
2240.8
2240.8
2240.8
2240.9
2240.9
2240.9
2241.0
2241.0
2241.0
2241.0
2241.1
2241.2
2241.2
2241.2
2241.2
2241.2
2241.2
2241.3
2241.3
2241.3
2241.4
2241.4
2241.4
2241.4
2241.4
2241.5
2241.5
2241.5
2241.5
2241.6
2241.6
2241.6
2241.6
2241.6
2241.7
2241.7
2241.7
2241.7
2241.8
2241.8
2241.9
2241.9
2242.0
2242.1
2242.1
2242.2
2242.8
2242.8
2243.2
2244.4
2245.6
2245.8
2246.0
2246.1
2247.1
2247.6
2247.7
2247.9
2248.1
2248.4
2248.7
2248.9
2249.2
2249.3
2249.9
2250.4
2250.5
2250.5
2250.7
2251.4
2251.5
2251.7
2252.2
2252.4
2252.5
2252.9
2253.6
2253.8
2254.1
2254.9
2255.5
2255.6
2256.6
2257.0
2258.1
2258.6
2258.6
2259.4
2261.4
2262.1
2262.8
2263.3
2264.5
2265.1
2265.2
2266.1
2266.9
2267.4
2267.5
2267.5
2267.7
2267.9
2268.0
2268.0
2268.0
2268.0
2268.2
2268.2
2268.2
2268.3
2268.4
2268.4
2268.4
2268.4
2268.4
2268.4
2268.4
2268.5
2268.6
2268.6
2268.6
2268.6
2268.6
2268.6
2268.7
2268.7
2268.7
2268.7
2268.7
2268.7
2268.7
2268.7
2268.8
2268.8
2268.8
2268.8
2268.9
2268.9
2268.9
2269.0
2269.0
2269.0
2269.0
2269.0
2269.0
2269.1
2269.1
2269.1
2269.1
2269.3
2269.4
2269.4
2269.5
2269.5
2269.5
2269.5
2269.6
2269.6
2269.6
2269.7
2269.7
2269.7
2269.7
2269.8
2269.8
2269.8
2269.8
2269.9
2269.9
2270.0
2270.0
2270.1
2270.1
2270.1
2270.2
2270.2
2270.2
2270.3
2270.3
2270.3
2270.4
2270.4
2270.5
2270.5
2270.6
2270.6
2270.7
2270.7
2271.4
2272.0
2272.9
2275.4
2276.7
2277.1
2278.7
2279.5
2285.5
2285.7
2285.9
2285.9
2286.0
2286.0
2286.1
2286.1
2286.1
2286.2
2286.3
2286.3
2286.3
2286.4
2286.5
2286.6
2286.7
2286.8
2286.9
2287.0
2287.0
2287.3
2287.6
2288.0
2288.2
2288.4
2288.4
2288.4
2288.4
2288.5
2288.5
2288.5
2288.7
2288.9
2289.0
2289.2
2289.3
2289.4
2290.9
2290.9
2291.0
2291.1
2291.1
2291.2
2292.0
2292.0
2292.1
2292.1
2292.2
2292.3
2292.6
2293.0
2293.0
2293.1
2293.1
2293.1
2293.2
2293.3
2294.0
2294.3
2294.5
2294.9
2295.0
2295.4
2295.7
2296.5
2296.8
2296.8
2296.9
2297.0
2297.2
2297.2
2297.3
2297.7
2298.0
2298.2
2298.4
2298.8
2299.1
2299.1
2299.1
2300.4
2300.6
2301.4
2302.0
2302.1
2302.3
2302.3
2302.5
2302.5
2302.9
2303.0
2304.7
2306.0
2306.6
2307.7
2308.8
2309.3
2309.6
2316.8
2318.4
2318.5
2333.0
2386.6
2386.6
2386.6
2386.7
2386.7
2386.7
2386.7
2386.7
2386.7
2386.8
2386.8
2386.8
2386.8
2386.8
2386.8
2386.8
2386.8
2386.8
2386.8
2386.8
2386.8
2386.8
2386.8
2386.8
2386.8
2386.8
2386.8
2386.8
2386.8
2386.8
2386.8
2386.8
2386.8
2386.8
2386.9
2386.9
2386.9
2386.9
2386.9
2386.9
2386.9
2386.9
2386.9
2386.9
2386.9
2386.9
2386.9
2386.9
2386.9
2386.9
2386.9
2386.9
2386.9
2386.9
2386.9
2386.9
2386.9
2387.0
2387.0
2387.0
2387.0
2387.0
2387.0
2387.0
2387.0
2387.0
2387.0
2387.0
2387.0
2387.0
2387.0
2387.1
2387.1
2387.1
2387.1
2387.1
2387.1
2387.1
2387.1
2387.1
2387.1
2387.1
2387.1
2387.2
2387.3
2387.3
2387.3
2387.3
2387.4
2387.5
2387.6
2387.6
2387.7
2387.7
2387.8
2388.2
2388.6
2388.9
2388.9
2389.1
2390.7
2390.7
2390.7
2390.7
2390.7
2390.7
2390.7
2390.7
2390.7
2390.7
2390.7
2390.7
2390.7
2390.7
2390.7
2390.7
2390.7
2390.7
2390.7
2390.7
2390.7
2390.7
2390.7
2390.7
2390.7
2390.7
2390.7
2390.7
2390.7
2390.7
2390.7
2390.7
2390.7
2390.7
2390.7
2390.7
2390.7
2390.7
2390.7
2390.7
2390.8
2390.8
2390.8
2390.8
2390.8
2390.8
2390.8
2390.8
2390.8
2390.8
2390.8
2390.8
2390.8
2390.8
2390.8
2390.8
2390.8
2390.8
2390.9
2390.9
2390.9
2390.9
2390.9
2390.9
2390.9
2390.9
2391.0
2391.0
2391.0
2391.0
2391.1
2391.1
2391.1
2391.2
2391.2
2391.2
2391.2
2391.2
2391.3
2391.3
2391.3
2391.3
2391.5
2391.5
2391.5
2391.7
2391.8
2391.9
2391.9
2392.3
2392.3
2392.5
2392.7
2392.7
2392.8
2393.0
2393.5
2393.6
2393.8
2393.8
2394.0
2394.1
2394.2
2394.3
2394.3
2394.5
2394.5
2394.5
2394.7
2394.8
2394.9
2394.9
2395.3
2395.3
2395.5
2395.7
2395.7
2395.8
2396.0
2396.7
2396.9
2397.1
2397.1
2397.9
2398.3
2398.3
2398.5
2398.7
2398.8
2399.0
2399.2
2400.1
2400.4
2400.6
2400.7
2401.3
2401.3
2401.6
2402.0
2402.1
2402.3
2402.7
2404.0
2404.0
2404.4
2404.6
2404.6
2404.7
2404.8
2405.3
2405.9
2406.0
2406.0
2406.0
2406.0
2406.0
2406.0
2406.0
2406.1
2406.1
2406.1
2406.1
2406.1
2406.1
2406.1
2406.1
2406.1
2406.1
2406.1
2406.1
2406.2
2406.2
2406.2
2406.2
2406.2
2406.2
2406.2
2406.2
2406.2
2406.2
2406.2
2406.3
2406.3
2406.3
2406.3
2406.3
2406.3
2406.3
2406.3
2406.3
2406.3
2406.3
2406.3
2406.3
2406.3
2406.4
2406.4
2406.4
2406.4
2406.4
2406.4
2406.4
2406.4
2406.4
2406.4
2406.4
2406.4
2406.4
2406.4
2406.4
2406.4
2406.4
2406.5
2406.5
2406.5
2406.5
2406.6
2406.6
2406.6
2406.7
2406.7
2407.0
2407.3
2407.4
2407.9
2408.6
2408.7
2408.9
2409.2
2409.6
2409.9
2409.9
2410.0
2410.2
2410.3
2410.4
2410.5
2410.6
2410.6
2410.7
2410.7
2410.7
2410.7
2410.7
2410.8
2410.8
2410.8
2410.8
2410.9
2410.9
2410.9
2410.9
2410.9
2410.9
2411.0
2411.0
2411.0
2411.0
2411.0
2411.1
2411.1
2411.2
2411.2
2411.2
2411.2
2411.2
2411.3
2411.3
2411.3
2411.3
2411.4
2411.4
2411.4
2411.4
2411.5
2411.5
2411.5
2411.5
2411.5
2411.5
2411.5
2411.5
2411.6
2411.6
2411.6
2411.6
2411.6
2411.6
2411.6
2411.8
2411.8
2411.8
2411.8
2411.8
2411.9
2411.9
2411.9
2411.9
2411.9
2412.0
2412.0
2412.0
2412.0
2412.1
2412.1
2412.1
2412.2
2412.2
2412.2
2412.2
2412.2
2412.2
2412.2
2412.3
2412.3
2412.3
2412.4
2412.4
2412.4
2412.5
2412.5
2412.6
2412.8
2412.8
2413.5
2415.2
2415.6
2416.1
2417.4
2417.6
2417.7
2419.0
2419.1
2419.5
2419.6
2420.0
2420.1
2420.1
2420.2
2420.4
2420.4
2420.6
2421.0
2421.3
2422.4
2422.5
2422.6
2422.6
2422.7
2422.8
2423.0
2423.4
2423.6
2424.1
2424.3
2424.5
2424.7
2425.4
2425.4
2425.9
2426.2
2426.6
2426.6
2426.9
2427.0
2427.9
2429.1
2429.3
2429.7
2430.1
2430.4
2430.7
2430.7
2430.8
2432.4
2432.6
2433.8
2434.0
2436.0
2436.8
2436.9
2437.0
2437.8
2438.6
2443.0
2443.1
2454.4
2456.0
2552.4
2552.4
2552.4
2552.4
2552.4
2552.4
2552.4
2552.4
2552.5
2552.5
2552.5
2552.5
2552.5
2552.5
2552.5
2552.5
2552.5
2552.5
2552.5
2552.5
2552.5
2552.5
2552.5
2552.5
2552.5
2552.5
2552.5
2552.5
2552.5
2552.5
2552.5
2552.5
2552.5
2552.5
2552.5
2552.5
2552.5
2552.5
2552.6
2552.6
2552.6
2552.6
2552.6
2552.6
2552.6
2552.6
2552.6
2552.6
2552.6
2552.6
2552.6
2552.6
2552.6
2552.6
2552.6
2552.6
2552.6
2552.6
2552.6
2552.6
2552.6
2552.6
2552.6
2552.6
2552.6
2552.6
2552.6
2552.6
2552.6
2552.6
2552.6
2552.6
2552.6
2552.6
2552.6
2552.6
2552.6
2552.6
2552.7
2552.7
2552.7
2552.7
2552.7
2552.7
2552.7
2552.7
2552.7
2552.7
2552.9
2552.9
2552.9
2553.0
2553.1
2553.3
2553.3
2553.4
2553.7
2553.9
2554.0
2554.1
2556.1
2556.1
2556.1
2556.1
2556.1
2556.1
2556.1
2556.1
2556.1
2556.1
2556.1
2556.1
2556.1
2556.1
2556.1
2556.1
2556.1
2556.1
2556.1
2556.1
2556.1
2556.1
2556.1
2556.1
2556.1
2556.1
2556.1
2556.1
2556.2
2556.2
2556.2
2556.2
2556.2
2556.2
2556.2
2556.2
2556.2
2556.2
2556.2
2556.2
2556.2
2556.2
2556.2
2556.2
2556.2
2556.2
2556.2
2556.2
2556.2
2556.2
2556.2
2556.2
2556.2
2556.2
2556.2
2556.3
2556.3
2556.3
2556.3
2556.4
2556.4
2556.4
2556.4
2556.4
2556.4
2556.4
2556.5
2556.5
2556.5
2556.5
2556.5
2556.5
2556.6
2556.6
2556.7
2556.7
2556.7
2556.7
2556.7
2556.8
2556.8
2556.8
2556.9
2557.0
2557.0
2557.1
2557.1
2557.2
2557.5
2557.6
2557.6
2557.8
2558.0
2558.2
2558.4
2558.4
2558.8
2558.9
2559.1
2559.1
2559.5
2559.5
2559.7
2559.7
2559.7
2559.7
2559.8
2559.8
2559.8
2559.9
2560.0
2560.0
2560.1
2560.1
2560.2
2560.5
2560.6
2560.6
2560.8
2561.0
2561.4
2561.4
2561.5
2562.1
2562.3
2562.4
2562.5
2563.5
2563.6
2563.6
2563.8
2564.0
2564.5
2564.5
2564.6
2565.3
2565.6
2565.8
2565.8
2566.5
2566.8
2567.1
2567.6
2567.6
2567.8
2568.7
2569.0
2569.2
2569.3
2569.5
2569.5
2569.6
2570.1
2570.5
2571.1
2571.1
2571.3
2571.4
2571.4
2571.4
2571.4
2571.4
2571.5
2571.5
2571.5
2571.5
2571.5
2571.6
2571.6
2571.6
2571.6
2571.6
2571.6
2571.6
2571.6
2571.6
2571.6
2571.6
2571.6
2571.6
2571.6
2571.6
2571.6
2571.6
2571.7
2571.7
2571.7
2571.7
2571.7
2571.7
2571.7
2571.7
2571.7
2571.8
2571.8
2571.8
2571.8
2571.8
2571.8
2571.8
2571.8
2571.8
2571.8
2571.8
2571.8
2571.8
2571.8
2571.9
2571.9
2571.9
2571.9
2571.9
2571.9
2571.9
2571.9
2571.9
2572.0
2572.0
2572.0
2572.0
2572.0
2572.0
2572.1
2572.2
2572.2
2572.6
2572.9
2573.1
2573.1
2573.2
2573.2
2573.3
2573.8
2574.5
2575.3
2575.4
2575.4
2575.5
2575.7
2575.9
2576.0
2576.0
2576.0
2576.1
2576.1
2576.1
2576.1
2576.1
2576.1
2576.2
2576.2
2576.2
2576.2
2576.2
2576.2
2576.3
2576.3
2576.3
2576.4
2576.4
2576.4
2576.5
2576.5
2576.5
2576.5
2576.5
2576.7
2576.7
2576.7
2576.7
2576.8
2576.8
2576.9
2576.9
2576.9
2576.9
2577.0
2577.0
2577.0
2577.0
2577.0
2577.1
2577.1
2577.1
2577.2
2577.2
2577.2
2577.2
2577.2
2577.3
2577.3
2577.3
2577.3
2577.4
2577.5
2577.5
2577.5
2577.5
2577.5
2577.5
2577.6
2577.6
2577.6
2577.6
2577.6
2577.7
2577.7
2577.7
2577.8
2577.8
2577.8
2577.8
2577.9
2577.9
2577.9
2577.9
2577.9
2578.0
2578.0
2578.0
2578.0
2578.1
2578.1
2578.1
2578.1
2578.2
2578.3
2578.3
2578.4
2578.5
2578.7
2578.8
2579.2
2580.3
2581.9
2582.2
2582.3
2582.4
2583.5
2583.9
2584.0
2584.3
2584.4
2584.5
2585.1
2585.1
2585.2
2585.3
2585.4
2586.1
2586.2
2586.7
2587.4
2587.5
2587.8
2588.0
2588.6
2588.7
2588.8
2589.0
2589.0
2589.2
2589.2
2590.2
2590.5
2590.9
2592.0
2593.0
2594.5
2595.6
2595.7
2595.7
2596.2
2596.2
2597.2
2597.6
2598.4
2599.5
2601.5
2603.5
2603.8
2604.3
2604.4
2604.5
2604.7
2604.9
2605.0
2605.0
2605.0
2605.0
2605.2
2605.2
2605.3
2605.3
2605.3
2605.4
2605.4
2605.4
2605.4
2605.4
2605.4
2605.5
2605.5
2605.6
2605.6
2605.6
2605.6
2605.7
2605.7
2605.7
2605.7
2605.7
2605.8
2605.8
2605.8
2605.8
2605.8
2605.8
2605.8
2605.9
2605.9
2606.0
2606.0
2606.0
2606.0
2606.0
2606.0
2606.1
2606.1
2606.1
2606.2
2606.2
2606.2
2606.3
2606.4
2606.4
2606.5
2606.5
2606.6
2606.6
2606.7
2606.7
2606.7
2606.7
2606.7
2606.8
2606.8
2606.8
2606.8
2606.8
2606.9
2606.9
2607.0
2607.0
2607.0
2607.1
2607.1
2607.1
2607.2
2607.2
2607.2
2607.3
2607.3
2607.3
2607.4
2607.4
2607.4
2607.5
2607.7
2607.7
2607.8
2607.8
2607.9
2608.2
2608.8
2609.5
2611.1
2611.1
2611.3
2619.5
2622.6
2623.7
2624.0
2624.4
2624.5
2624.5
2624.6
2624.6
2624.8
2624.8
2625.0
2625.1
2625.1
2625.2
2625.3
2625.5
2625.6
2625.9
2625.9
2626.1
2626.4
2626.7
2626.9
2627.3
2627.7
2627.9
2628.0
2628.0
2628.0
2628.1
2628.1
2628.4
2628.6
2628.6
2628.8
2630.2
2631.1
2631.3
2631.5
2631.7
2631.8
2631.8
2631.9
2631.9
2632.0
2632.0
2632.1
2633.0
2633.2
2633.3
2633.5
2633.5
2633.6
2633.6
2635.3
2635.7
2637.0
2637.1
2638.0
2639.2
2639.2
2639.8
2639.9
2641.2
2642.7
2643.0
2645.3
2649.7
2652.0
2652.8
2653.7
2653.9
2654.2
2655.6
2658.8
2670.5
2722.8
2722.8
2722.8
2722.8
2722.9
2722.9
2722.9
2722.9
2722.9
2722.9
2722.9
2722.9
2722.9
2722.9
2722.9
2723.0
2723.0
2723.0
2723.0
2723.0
2723.0
2723.0
2723.0
2723.0
2723.0
2723.0
2723.0
2723.0
2723.0
2723.0
2723.0
2723.0
2723.1
2723.1
2723.1
2723.1
2723.1
2723.1
2723.1
2723.1
2723.1
2723.1
2723.1
2723.1
2723.1
2723.1
2723.1
2723.1
2723.1
2723.1
2723.1
2723.1
2723.1
2723.1
2723.1
2723.1
2723.1
2723.1
2723.2
2723.2
2723.2
2723.2
2723.2
2723.2
2723.2
2723.2
2723.2
2723.2
2723.2
2723.2
2723.2
2723.3
2723.3
2723.3
2723.3
2723.3
2723.3
2723.3
2723.3
2723.3
2723.4
2723.4
2723.4
2723.4
2723.5
2723.5
2723.5
2723.6
2723.6
2723.8
2723.9
2723.9
2724.0
2724.1
2724.1
2724.6
2724.9
2725.2
2725.2
2725.4
2726.9
2726.9
2726.9
2726.9
2726.9
2726.9
2726.9
2726.9
2726.9
2726.9
2726.9
2727.0
2727.0
2727.0
2727.0
2727.0
2727.0
2727.0
2727.0
2727.0
2727.0
2727.0
2727.0
2727.0
2727.0
2727.0
2727.0
2727.0
2727.0
2727.0
2727.0
2727.0
2727.0
2727.0
2727.0
2727.0
2727.0
2727.0
2727.0
2727.0
2727.0
2727.0
2727.0
2727.0
2727.0
2727.1
2727.1
2727.1
2727.1
2727.1
2727.1
2727.1
2727.1
2727.1
2727.1
2727.1
2727.1
2727.1
2727.1
2727.2
2727.2
2727.2
2727.2
2727.2
2727.2
2727.2
2727.3
2727.3
2727.3
2727.3
2727.3
2727.4
2727.4
2727.4
2727.5
2727.5
2727.5
2727.5
2727.5
2727.5
2727.6
2727.6
2727.7
2727.7
2727.8
2727.9
2728.1
2728.1
2728.2
2728.5
2728.5
2728.8
2728.9
2729.0
2729.1
2729.2
2729.7
2729.9
2730.0
2730.1
2730.3
2730.4
2730.5
2730.6
2730.6
2730.7
2730.7
2730.8
2730.9
2731.1
2731.1
2731.2
2731.5
2731.5
2731.8
2731.9
2732.0
2732.1
2732.3
2733.0
2733.2
2733.4
2733.4
2734.2
2734.5
2734.5
2734.8
2734.9
2735.1
2735.2
2735.5
2736.4
2736.7
2736.9
2736.9
2737.5
2737.5
2737.9
2738.3
2738.4
2738.5
2738.9
2740.2
2740.3
2740.7
2740.8
2740.9
2740.9
2741.1
2741.6
2742.1
2742.2
2742.3
2742.3
2742.3
2742.3
2742.3
2742.3
2742.3
2742.3
2742.4
2742.4
2742.4
2742.4
2742.4
2742.4
2742.4
2742.4
2742.4
2742.4
2742.4
2742.4
2742.4
2742.5
2742.5
2742.5
2742.5
2742.5
2742.5
2742.5
2742.5
2742.5
2742.5
2742.5
2742.5
2742.6
2742.6
2742.6
2742.6
2742.6
2742.6
2742.6
2742.6
2742.6
2742.6
2742.6
2742.6
2742.6
2742.6
2742.6
2742.6
2742.7
2742.7
2742.7
2742.7
2742.7
2742.7
2742.7
2742.7
2742.7
2742.7
2742.8
2742.8
2742.8
2742.9
2742.9
2742.9
2742.9
2743.0
2743.2
2743.5
2743.7
2744.1
2744.8
2745.0
2745.1
2745.5
2745.8
2746.0
2746.0
2746.2
2746.5
2746.6
2746.6
2746.7
2746.8
2746.8
2746.8
2746.9
2746.9
2746.9
2747.0
2747.0
2747.0
2747.0
2747.0
2747.0
2747.1
2747.1
2747.1
2747.1
2747.1
2747.1
2747.1
2747.2
2747.2
2747.2
2747.3
2747.3
2747.4
2747.4
2747.4
2747.4
2747.5
2747.5
2747.5
2747.6
2747.6
2747.6
2747.6
2747.6
2747.6
2747.6
2747.6
2747.7
2747.8
2747.8
2747.8
2747.8
2747.8
2747.8
2747.8
2747.8
2747.8
2747.9
2747.9
2747.9
2748.0
2748.1
2748.1
2748.1
2748.1
2748.1
2748.1
2748.1
2748.2
2748.2
2748.2
2748.2
2748.3
2748.3
2748.3
2748.4
2748.4
2748.4
2748.4
2748.4
2748.5
2748.5
2748.5
2748.5
2748.5
2748.6
2748.6
2748.6
2748.7
2748.7
2748.8
2748.8
2748.9
2748.9
2749.1
2749.5
2750.8
2751.1
2751.1
2752.3
2752.7
2752.9
2753.1
2753.7
2754.6
2755.0
2755.1
2755.4
2755.5
2755.8
2755.8
2755.8
2756.0
2756.7
2757.1
2757.6
2757.9
2757.9
2758.0
2758.0
2758.1
2758.3
2758.5
2758.6
2758.8
2759.0
2759.0
2759.2
2759.3
2760.5
2760.6
2760.6
2761.8
2762.6
2763.0
2763.2
2763.3
2763.7
2764.9
2765.1
2765.7
2766.1
2766.5
2767.1
2767.3
2768.4
2769.8
2770.6
2771.2
2771.2
2772.2
2773.4
2773.8
2774.7
2775.3
2776.9
2777.6
2783.5
2785.8
2888.7
2888.7
2888.7
2888.7
2888.8
2888.8
2888.8
2888.8
2888.8
2888.8
2888.8
2888.8
2888.8
2888.8
2888.8
2888.8
2888.8
2888.8
2888.8
2888.8
2888.8
2888.8
2888.8
2888.8
2888.8
2888.8
2888.8
2888.9
2888.9
2888.9
2888.9
2888.9
2888.9
2888.9
2888.9
2888.9
2888.9
2888.9
2888.9
2888.9
2888.9
2888.9
2888.9
2888.9
2888.9
2888.9
2888.9
2888.9
2888.9
2888.9
2888.9
2888.9
2888.9
2888.9
2888.9
2889.0
2889.0
2889.0
2889.0
2889.0
2889.0
2889.0
2889.0
2889.0
2889.0
2889.0
2889.0
2889.0
2889.0
2889.0
2889.0
2889.0
2889.0
2889.0
2889.0
2889.0
2889.0
2889.0
2889.0
2889.0
2889.0
2889.1
2889.1
2889.1
2889.1
2889.1
2889.1
2889.1
2889.3
2889.3
2889.3
2889.4
2889.5
2889.7
2889.8
2889.9
2890.1
2890.4
2890.5
2890.6
2892.5
2892.5
2892.5
2892.5
2892.5
2892.5
2892.5
2892.5
2892.5
2892.5
2892.5
2892.5
2892.5
2892.5
2892.5
2892.5
2892.5
2892.5
2892.5
2892.5
2892.5
2892.5
2892.5
2892.5
2892.5
2892.5
2892.5
2892.6
2892.6
2892.6
2892.6
2892.6
2892.6
2892.6
2892.6
2892.6
2892.6
2892.6
2892.6
2892.6
2892.6
2892.6
2892.6
2892.6
2892.6
2892.6
2892.6
2892.6
2892.7
2892.7
2892.7
2892.7
2892.7
2892.7
2892.7
2892.7
2892.7
2892.7
2892.8
2892.8
2892.8
2892.8
2892.8
2892.8
2892.8
2892.9
2892.9
2892.9
2893.0
2893.0
2893.0
2893.0
2893.0
2893.0
2893.1
2893.2
2893.2
2893.2
2893.2
2893.2
2893.3
2893.3
2893.4
2893.4
2893.4
2893.5
2893.6
2893.6
2894.0
2894.0
2894.1
2894.3
2894.5
2894.8
2894.9
2894.9
2895.3
2895.4
2895.6
2895.6
2895.9
2896.0
2896.1
2896.2
2896.2
2896.2
2896.2
2896.3
2896.3
2896.4
2896.4
2896.4
2896.5
2896.6
2896.6
2897.0
2897.0
2897.1
2897.3
2897.5
2897.9
2897.9
2898.1
2898.6
2898.8
2899.0
2899.1
2900.0
2900.0
2900.1
2900.3
2900.5
2901.0
2901.1
2901.2
2902.0
2902.3
2902.5
2902.5
2903.0
2903.0
2903.3
2903.7
2904.2
2904.3
2904.4
2905.5
2905.8
2906.0
2906.1
2906.1
2906.1
2906.1
2906.7
2907.2
2907.7
2907.8
2907.8
2907.8
2907.8
2907.8
2907.8
2907.9
2907.9
2907.9
2907.9
2907.9
2907.9
2908.0
2908.0
2908.0
2908.0
2908.0
2908.0
2908.0
2908.0
2908.0
2908.0
2908.0
2908.0
2908.0
2908.0
2908.0
2908.1
2908.1
2908.1
2908.1
2908.1
2908.1
2908.1
2908.1
2908.1
2908.1
2908.1
2908.1
2908.1
2908.1
2908.2
2908.2
2908.2
2908.2
2908.2
2908.2
2908.2
2908.2
2908.2
2908.2
2908.2
2908.2
2908.3
2908.3
2908.3
2908.3
2908.3
2908.3
2908.3
2908.3
2908.3
2908.4
2908.4
2908.4
2908.4
2908.4
2908.4
2908.4
2908.5
2908.7
2908.7
2909.3
2909.7
2909.7
2909.8
2909.9
2910.1
2910.2
2910.6
2911.2
2911.9
2912.0
2912.1
2912.1
2912.3
2912.3
2912.4
2912.4
2912.5
2912.5
2912.5
2912.6
2912.6
2912.6
2912.6
2912.6
2912.6
2912.6
2912.7
2912.7
2912.7
2912.7
2912.7
2912.7
2912.8
2912.9
2912.9
2912.9
2912.9
2912.9
2912.9
2913.0
2913.0
2913.1
2913.1
2913.1
2913.2
2913.3
2913.3
2913.3
2913.3
2913.3
2913.4
2913.4
2913.4
2913.4
2913.4
2913.5
2913.5
2913.5
2913.6
2913.6
2913.6
2913.6
2913.6
2913.7
2913.7
2913.7
2913.7
2913.7
2913.9
2913.9
2913.9
2913.9
2913.9
2913.9
2913.9
2914.0
2914.0
2914.0
2914.1
2914.1
2914.1
2914.1
2914.2
2914.2
2914.2
2914.2
2914.3
2914.3
2914.3
2914.3
2914.4
2914.4
2914.4
2914.5
2914.5
2914.6
2914.6
2914.6
2914.6
2914.8
2914.8
2914.9
2915.0
2915.1
2915.8
2915.9
2916.2
2917.1
2918.2
2918.3
2918.4
2918.6
2919.3
2919.8
2920.0
2920.2
2920.2
2920.3
2921.0
2921.1
2921.1
2921.2
2921.3
2922.0
2922.0
2922.5
2923.2
2923.4
2923.4
2923.6
2923.8
2923.8
2924.3
2924.4
2924.6
2924.7
2924.9
2925.2
2926.2
2926.4
2928.1
2929.1
2929.1
2929.2
2929.6
2929.9
2930.1
2930.2
2931.7
2933.5
2934.4
2935.4
2935.6
2936.4
2937.1
2937.4
2938.9
2939.2
2939.3
2939.8
2940.2
2940.4
2940.5
2940.5
2940.6
2940.6
2940.7
2940.7
2940.7
2940.7
2940.8
2940.9
2940.9
2940.9
2940.9
2940.9
2941.0
2941.0
2941.0
2941.0
2941.0
2941.0
2941.1
2941.1
2941.1
2941.2
2941.2
2941.2
2941.2
2941.3
2941.3
2941.3
2941.3
2941.3
2941.3
2941.3
2941.3
2941.4
2941.4
2941.5
2941.5
2941.5
2941.5
2941.5
2941.6
2941.6
2941.6
2941.6
2941.7
2941.7
2941.7
2941.7
2941.8
2941.8
2941.9
2941.9
2942.0
2942.0
2942.1
2942.1
2942.1
2942.1
2942.2
2942.3
2942.3
2942.4
2942.4
2942.4
2942.4
2942.5
2942.6
2942.6
2942.6
2942.6
2942.7
2942.7
2942.8
2942.8
2942.8
2942.8
2942.9
2943.0
2943.0
2943.1
2943.2
2943.2
2943.4
2943.5
2943.6
2944.0
2944.6
2945.2
2945.9
2945.9
2946.9
2947.7
2956.5
2957.3
2958.2
2958.3
2958.3
2958.4
2958.4
2958.4
2958.5
2958.5
2958.6
2958.6
2958.7
2958.7
2958.8
2959.0
2959.1
2959.1
2959.2
2959.3
2959.3
2959.4
2960.0
2960.0
2960.2
2960.3
2960.6
2960.8
2960.8
2960.8
2960.8
2960.8
2960.9
2961.0
2961.0
2961.2
2961.2
2961.3
2961.4
2961.7
2962.1
2963.7
2963.8
2963.8
2964.1
2964.3
2964.4
2964.5
2964.5
2964.5
2965.0
2965.1
2965.2
2965.2
2965.2
2965.3
2965.6
2965.6
2966.0
2966.0
2966.2
2966.4
2966.6
2966.7
2966.8
2966.8
2967.0
2967.2
2967.5
2967.5
2967.8
2968.3
2968.6
2968.7
2968.8
2969.1
2969.3
2969.5
2970.2
2970.4
2970.5
2970.8
2970.8
2970.8
2971.1
2972.5
2972.6
2972.8
2973.3
2973.6
2973.6
2973.6
2973.7
2975.8
2976.0
2976.3
2976.5
2976.7
2977.3
2978.3
2978.8
2980.8
2982.8
2985.9
2988.9
2995.6
