246.7
246.7
246.7
246.7
246.7
246.7
246.7
246.7
246.7
246.7
246.7
246.7
246.7
246.7
246.7
246.7
246.7
246.7
246.7
246.7
246.7
246.7
246.7
246.7
246.7
246.7
246.7
246.7
246.7
246.7
246.7
246.8
246.8
246.8
246.8
246.8
246.8
246.8
246.8
246.8
246.8
246.8
246.8
246.8
246.8
246.8
246.9
246.9
246.9
246.9
246.9
246.9
246.9
246.9
246.9
246.9
246.9
246.9
246.9
246.9
246.9
246.9
246.9
246.9
246.9
246.9
246.9
247.0
247.0
247.0
247.0
247.0
247.0
247.0
247.1
247.1
247.1
247.1
247.2
247.4
247.4
247.4
247.4
247.6
247.6
247.6
247.6
247.6
247.7
247.7
247.7
247.9
247.9
248.0
248.1
248.2
248.2
248.2
248.3
248.6
252.7
252.7
252.7
252.7
252.8
252.8
252.8
252.8
252.8
252.8
252.8
252.8
252.8
252.8
252.8
252.8
252.8
252.8
252.9
252.9
252.9
252.9
252.9
252.9
252.9
252.9
252.9
252.9
252.9
252.9
253.0
253.0
253.0
253.0
253.1
253.1
253.1
253.1
253.1
253.1
253.1
253.2
253.2
253.2
253.2
253.2
253.2
253.2
253.2
253.2
253.2
253.2
253.3
253.3
253.3
253.3
253.3
253.3
253.3
253.4
253.4
253.4
253.4
253.4
253.5
253.5
253.5
253.6
253.7
253.7
253.7
253.8
253.9
253.9
254.0
254.0
254.0
254.3
254.3
255.0
255.0
255.2
255.3
255.5
255.6
255.6
255.9
255.9
256.0
256.0
256.2
256.7
256.8
256.8
257.2
257.3
257.3
257.3
257.3
257.4
257.4
257.4
257.4
257.4
257.4
257.4
257.4
257.4
257.4
257.4
257.4
257.5
257.5
257.5
257.5
257.5
257.5
257.5
257.5
257.5
257.5
257.5
257.5
257.6
257.6
257.6
257.6
257.6
257.7
257.7
257.7
257.7
257.7
257.7
257.7
257.7
257.8
257.8
257.8
257.8
257.8
257.8
257.8
257.9
257.9
257.9
258.0
258.0
258.0
258.0
258.0
258.1
258.1
258.1
258.1
258.2
258.2
258.2
258.2
258.3
258.3
258.4
258.4
258.5
258.5
258.5
258.5
258.7
258.7
258.8
258.9
258.9
258.9
258.9
259.0
259.0
259.3
259.4
259.5
260.4
260.5
260.6
260.7
260.8
260.9
261.0
261.4
261.6
261.8
261.8
261.9
261.9
262.0
262.0
262.0
262.0
262.0
262.1
262.1
262.1
262.1
262.2
262.2
262.2
262.2
262.3
262.3
262.3
262.3
262.4
262.4
262.4
262.4
262.4
262.4
262.5
262.5
262.5
262.5
262.5
262.5
262.6
262.6
262.6
262.6
262.6
262.6
262.6
262.6
262.6
262.8
262.8
262.8
262.8
262.9
262.9
262.9
262.9
262.9
262.9
262.9
263.0
263.0
263.1
263.1
263.1
263.2
263.4
263.4
263.4
263.5
263.5
263.5
263.5
263.6
263.7
263.7
264.0
264.2
264.2
264.2
264.2
264.2
264.2
264.2
264.2
264.3
264.5
264.6
264.7
264.8
264.9
265.0
265.3
265.4
265.5
265.6
265.9
266.6
267.0
267.0
267.0
267.2
267.5
268.0
268.0
268.4
268.6
268.8
268.8
268.8
268.8
268.9
268.9
269.1
269.1
269.1
269.2
269.2
269.2
269.3
269.3
269.4
269.4
269.5
269.7
269.7
269.7
269.7
269.8
269.8
269.8
269.8
269.8
269.9
269.9
269.9
269.9
269.9
270.1
270.1
270.1
270.1
270.1
270.2
270.2
270.3
270.3
270.4
270.4
270.4
270.4
270.5
270.5
270.5
270.5
270.6
270.6
270.6
270.7
270.9
270.9
271.1
271.2
271.2
271.2
271.2
271.4
271.4
271.6
271.9
272.1
272.2
272.3
272.4
272.5
272.7
272.8
272.9
272.9
273.3
273.4
273.9
274.2
274.4
275.2
275.3
275.4
275.5
275.5
275.6
276.6
276.7
276.9
277.1
277.8
278.2
278.4
278.6
278.9
279.6
280.9
282.2
287.9
288.4
288.6
292.9
294.2
296.1
301.2
309.4
310.2
315.5
416.5
416.5
416.5
416.5
416.5
416.5
416.5
416.5
416.5
416.5
416.5
416.5
416.5
416.5
416.5
416.5
416.5
416.5
416.5
416.5
416.5
416.5
416.5
416.6
416.6
416.6
416.6
416.6
416.6
416.6
416.6
416.6
416.6
416.6
416.6
416.6
416.6
416.6
416.6
416.6
416.6
416.6
416.6
416.6
416.6
416.6
416.6
416.6
416.6
416.6
416.6
416.6
416.6
416.6
416.6
416.6
416.6
416.6
416.6
416.6
416.7
416.7
416.7
416.7
416.7
416.7
416.7
416.7
416.8
416.8
416.8
416.8
416.9
416.9
416.9
416.9
416.9
417.0
417.0
417.1
417.1
417.2
417.2
417.2
417.2
417.3
417.3
417.3
417.4
417.4
417.5
417.5
417.6
417.6
417.8
417.9
417.9
418.0
418.0
418.0
421.3
421.3
421.3
421.4
421.4
421.4
421.4
421.4
421.4
421.4
421.4
421.4
421.4
421.4
421.4
421.5
421.5
421.5
421.5
421.5
421.5
421.5
421.5
421.5
421.5
421.5
421.5
421.5
421.5
421.5
421.5
421.5
421.5
421.5
421.5
421.5
421.5
421.5
421.5
421.5
421.5
421.5
421.5
421.5
421.5
421.5
421.5
421.5
421.5
421.5
421.6
421.6
421.6
421.6
421.6
421.6
421.6
421.6
421.6
421.6
421.6
421.6
421.7
421.7
421.8
421.8
421.8
421.8
421.9
422.0
422.0
422.1
422.2
422.3
422.3
422.3
422.4
422.4
422.6
422.9
422.9
423.2
423.2
423.2
423.3
423.3
423.5
423.6
423.8
423.8
424.0
424.3
424.5
424.5
425.1
425.3
425.4
425.4
425.5
425.6
425.6
425.6
425.7
425.7
425.7
425.7
425.7
425.7
425.7
425.8
425.8
425.8
425.8
425.8
425.8
425.8
425.8
425.8
425.8
425.8
425.8
425.9
425.9
425.9
425.9
425.9
425.9
425.9
425.9
426.0
426.0
426.0
426.0
426.0
426.0
426.0
426.0
426.0
426.1
426.1
426.1
426.1
426.1
426.1
426.1
426.1
426.2
426.2
426.2
426.2
426.2
426.2
426.2
426.2
426.2
426.3
426.3
426.4
426.4
426.5
426.5
426.5
426.5
426.8
426.8
426.9
426.9
426.9
427.0
427.0
427.1
427.1
427.1
427.2
427.4
427.5
427.5
427.7
428.1
428.6
428.6
428.7
428.8
428.9
429.0
429.2
429.5
429.9
430.1
430.2
430.4
430.4
430.4
430.5
430.5
430.5
430.5
430.6
430.7
430.7
430.7
430.7
430.7
430.7
430.8
430.8
430.8
430.8
430.9
430.9
431.0
431.0
431.0
431.0
431.0
431.1
431.1
431.1
431.1
431.1
431.2
431.2
431.3
431.3
431.3
431.4
431.4
431.4
431.4
431.4
431.5
431.5
431.5
431.5
431.6
431.6
431.6
431.6
431.7
431.7
431.7
431.8
431.8
432.0
432.0
432.0
432.1
432.1
432.1
432.2
432.2
432.3
432.3
432.4
432.6
432.7
432.8
432.9
433.0
433.1
433.3
433.4
433.4
433.5
433.5
433.7
434.0
434.0
434.2
434.4
434.4
434.5
434.6
434.7
435.0
435.3
435.5
435.5
436.9
437.3
438.0
438.0
438.3
438.3
438.8
438.8
439.1
439.2
439.3
439.6
439.8
439.9
440.0
440.0
440.1
440.2
440.3
440.3
440.3
440.5
440.8
441.1
441.1
441.2
441.2
441.3
441.4
441.4
441.4
441.4
441.4
441.7
442.1
442.2
442.3
442.4
442.5
442.6
442.8
442.8
442.9
442.9
443.0
443.2
443.3
443.3
443.3
443.4
443.6
444.1
444.2
444.3
444.4
444.6
444.6
445.0
445.0
445.2
445.7
445.9
445.9
447.0
447.1
447.5
448.0
448.4
448.5
448.7
448.8
449.0
449.3
451.3
452.4
455.0
455.6
456.5
457.0
457.5
458.4
464.6
545.9
546.0
546.0
546.0
546.0
546.0
546.0
546.0
546.0
546.0
546.0
546.0
546.0
546.0
546.0
546.0
546.0
546.0
546.0
546.0
546.0
546.0
546.0
546.0
546.0
546.0
546.0
546.0
546.0
546.0
546.0
546.0
546.0
546.0
546.0
546.0
546.1
546.1
546.1
546.1
546.1
546.1
546.1
546.1
546.1
546.1
546.1
546.1
546.1
546.1
546.1
546.1
546.1
546.1
546.1
546.1
546.1
546.1
546.1
546.1
546.1
546.1
546.1
546.1
546.1
546.1
546.2
546.2
546.2
546.2
546.2
546.2
546.2
546.2
546.2
546.2
546.3
546.3
546.3
546.5
546.5
546.5
546.5
546.6
546.6
546.6
546.7
546.7
546.7
546.7
546.8
546.9
546.9
546.9
547.0
547.1
547.1
547.2
547.2
547.5
552.5
552.5
552.5
552.6
552.6
552.6
552.6
552.6
552.6
552.6
552.6
552.6
552.7
552.7
552.7
552.7
552.7
552.7
552.7
552.7
552.7
552.7
552.7
552.7
552.8
552.8
552.8
552.8
552.8
552.8
552.8
552.9
552.9
552.9
553.0
553.0
553.0
553.0
553.0
553.0
553.1
553.1
553.1
553.1
553.1
553.1
553.1
553.2
553.2
553.2
553.2
553.2
553.2
553.2
553.2
553.2
553.3
553.3
553.3
553.3
553.3
553.4
553.4
553.5
553.5
553.5
553.5
553.6
553.8
553.8
553.8
553.9
554.0
554.0
554.1
554.2
554.2
554.6
554.7
556.0
556.0
556.0
556.3
556.9
557.0
557.1
557.6
557.6
557.8
557.9
558.3
560.1
560.2
560.6
562.2
563.4
563.6
563.9
564.0
564.6
564.6
564.6
564.6
564.6
564.6
564.6
564.6
564.6
564.6
564.6
564.6
564.6
564.6
564.6
564.6
564.6
564.6
564.6
564.6
564.6
564.6
564.6
564.6
564.6
564.6
564.6
564.6
564.6
564.6
564.7
564.7
564.7
564.7
564.7
564.7
564.7
564.7
564.7
564.7
564.7
564.7
564.7
564.7
564.7
564.7
564.7
564.7
564.7
564.7
564.7
564.7
564.7
564.7
564.7
564.7
564.7
564.7
564.7
564.7
564.7
564.7
564.7
564.7
564.7
564.8
564.8
564.8
564.8
564.8
564.9
564.9
565.0
565.1
565.4
565.4
565.5
565.6
565.6
565.6
565.6
565.9
566.0
566.1
566.2
566.4
566.5
566.6
566.6
567.0
567.1
567.2
567.8
568.1
568.1
568.7
568.7
568.7
568.8
568.8
568.8
568.8
568.8
568.8
568.8
568.8
568.8
568.9
568.9
568.9
568.9
568.9
568.9
568.9
569.0
569.0
569.0
569.0
569.0
569.0
569.0
569.1
569.1
569.1
569.1
569.1
569.1
569.1
569.1
569.1
569.2
569.2
569.2
569.2
569.3
569.3
569.3
569.3
569.3
569.3
569.3
569.3
569.3
569.4
569.4
569.4
569.4
569.5
569.5
569.5
569.5
569.6
569.6
569.6
569.7
569.8
569.8
569.8
570.1
570.1
570.1
570.1
570.1
570.4
570.4
570.4
570.6
570.6
570.7
570.8
570.8
570.9
571.2
571.4
571.6
571.8
571.8
571.9
571.9
572.0
572.0
572.1
572.2
572.6
572.8
573.1
573.2
573.3
573.7
573.7
573.8
573.8
573.9
573.9
574.0
574.0
574.0
574.0
574.1
574.1
574.1
574.1
574.1
574.1
574.1
574.3
574.3
574.3
574.3
574.3
574.4
574.4
574.4
574.4
574.4
574.4
574.5
574.5
574.6
574.6
574.6
574.6
574.7
574.7
574.7
574.8
574.8
574.8
574.8
574.9
574.9
574.9
574.9
575.0
575.0
575.0
575.1
575.2
575.2
575.2
575.3
575.3
575.4
575.4
575.5
575.6
575.6
575.6
575.8
575.8
576.0
576.2
576.2
576.3
576.4
576.5
576.5
576.7
576.7
576.8
577.0
577.0
577.1
577.1
577.4
577.4
577.9
577.9
577.9
578.2
578.4
578.6
578.7
578.7
578.7
578.8
578.9
579.1
579.1
579.3
579.6
579.6
579.6
579.7
579.7
579.8
579.9
579.9
579.9
579.9
580.0
580.0
580.0
580.0
580.1
580.1
580.1
580.1
580.1
580.1
580.2
580.2
580.2
580.2
580.2
580.2
580.3
580.3
580.4
580.4
580.4
580.5
580.5
580.5
580.6
580.6
580.6
580.6
580.6
580.7
580.7
580.8
580.8
580.8
580.9
580.9
580.9
580.9
581.0
581.1
581.1
581.1
581.1
581.3
581.3
581.3
581.5
581.6
581.6
581.6
581.6
581.8
581.8
581.8
582.0
582.3
582.4
582.5
582.6
582.7
583.0
583.1
583.2
583.2
583.3
583.7
583.9
583.9
584.0
584.5
584.5
585.0
585.2
585.4
586.4
586.6
586.7
587.0
587.2
587.6
587.6
587.6
587.9
588.0
588.5
588.9
588.9
589.3
590.2
590.6
590.7
591.1
592.0
592.1
592.3
592.5
592.8
592.9
593.0
593.0
593.0
593.2
593.4
593.5
593.5
593.6
593.7
593.8
593.9
593.9
594.1
594.2
594.7
594.7
594.9
595.2
595.3
595.4
595.4
595.4
595.5
595.5
595.6
596.0
596.2
596.4
596.6
596.6
597.2
597.4
597.5
597.6
597.7
599.2
599.2
599.6
599.6
599.6
599.7
599.9
600.0
600.5
600.8
601.2
601.2
601.4
602.2
602.9
603.0
603.4
604.1
604.8
605.9
606.4
607.1
609.2
612.4
613.6
614.6
615.0
693.1
693.1
693.1
693.1
693.1
693.1
693.1
693.1
693.1
693.1
693.1
693.1
693.1
693.1
693.1
693.1
693.1
693.1
693.1
693.1
693.1
693.1
693.1
693.1
693.1
693.1
693.1
693.1
693.1
693.1
693.1
693.1
693.1
693.1
693.1
693.1
693.1
693.1
693.1
693.1
693.1
693.1
693.2
693.2
693.2
693.2
693.2
693.2
693.2
693.2
693.2
693.2
693.2
693.2
693.2
693.2
693.2
693.2
693.2
693.2
693.2
693.2
693.2
693.2
693.2
693.2
693.2
693.2
693.3
693.3
693.3
693.3
693.3
693.3
693.3
693.3
693.3
693.4
693.4
693.5
693.6
693.6
693.6
693.7
693.7
693.7
693.7
693.7
693.7
693.7
693.8
693.9
693.9
694.0
694.1
694.1
694.2
694.2
694.2
694.5
699.8
699.8
699.8
699.8
699.8
699.8
699.8
699.8
699.9
699.9
699.9
699.9
699.9
699.9
699.9
699.9
699.9
699.9
700.0
700.0
700.0
700.0
700.0
700.0
700.0
700.0
700.0
700.0
700.0
700.0
700.1
700.1
700.1
700.1
700.2
700.2
700.2
700.2
700.2
700.2
700.2
700.3
700.3
700.3
700.3
700.3
700.3
700.3
700.3
700.4
700.4
700.4
700.4
700.4
700.4
700.4
700.4
700.4
700.5
700.5
700.5
700.6
700.6
700.6
700.6
700.7
700.7
700.7
700.9
700.9
700.9
701.0
701.0
701.1
701.2
701.2
701.2
701.5
701.5
702.1
702.1
702.1
702.3
702.4
702.4
702.5
702.6
702.6
702.7
702.7
702.9
703.2
703.3
703.3
703.8
704.0
704.1
704.2
704.3
704.7
705.8
705.9
705.9
705.9
705.9
705.9
705.9
705.9
706.0
706.0
706.0
706.0
706.0
706.0
706.0
706.0
706.0
706.0
706.0
706.0
706.0
706.0
706.0
706.0
706.1
706.1
706.1
706.1
706.1
706.2
706.2
706.2
706.2
706.2
706.2
706.3
706.3
706.3
706.3
706.3
706.3
706.3
706.3
706.4
706.4
706.4
706.4
706.5
706.5
706.5
706.5
706.5
706.6
706.6
706.6
706.6
706.7
706.7
706.7
706.7
706.8
706.8
706.8
706.9
707.0
707.1
707.1
707.1
707.2
707.4
707.4
707.4
707.4
707.5
707.6
707.6
707.7
707.8
708.0
708.3
708.5
708.6
708.6
708.6
708.7
708.7
708.9
708.9
708.9
708.9
709.0
709.3
709.6
709.6
709.7
709.7
709.7
709.7
709.7
709.7
709.7
709.8
709.8
709.8
709.8
709.8
709.9
709.9
709.9
709.9
709.9
710.0
710.0
710.0
710.0
710.0
710.0
710.0
710.0
710.0
710.0
710.0
710.1
710.1
710.1
710.1
710.1
710.1
710.1
710.1
710.1
710.1
710.2
710.2
710.2
710.2
710.2
710.2
710.3
710.3
710.4
710.4
710.4
710.4
710.5
710.5
710.5
710.5
710.5
710.6
710.6
710.6
710.6
710.7
710.7
710.7
710.7
710.8
710.8
710.8
710.9
711.1
711.1
711.1
711.1
711.6
711.6
711.9
711.9
711.9
712.0
712.1
712.1
712.3
712.5
712.5
712.9
713.0
713.4
714.0
714.0
714.2
714.2
714.3
714.3
714.5
714.6
714.6
714.7
714.7
714.7
714.8
714.9
714.9
714.9
714.9
714.9
715.0
715.0
715.0
715.0
715.1
715.1
715.1
715.1
715.2
715.2
715.2
715.3
715.3
715.3
715.3
715.4
715.4
715.4
715.4
715.4
715.4
715.5
715.5
715.5
715.5
715.5
715.6
715.6
715.6
715.6
715.6
715.6
715.6
715.6
715.7
715.7
715.7
715.7
715.8
715.8
715.9
715.9
715.9
716.0
716.1
716.1
716.1
716.1
716.1
716.4
716.5
716.5
716.5
716.6
716.6
716.7
716.8
716.8
716.8
716.8
717.1
717.5
717.7
717.7
717.8
717.8
718.0
718.1
718.1
718.3
718.5
718.6
718.6
718.8
719.0
719.2
719.6
720.0
720.1
720.3
720.5
721.8
721.9
722.1
722.4
722.4
722.7
722.9
723.8
724.3
724.6
724.8
724.8
725.2
725.2
725.3
725.4
725.4
725.4
725.4
725.7
725.7
725.9
725.9
726.2
726.2
726.3
726.3
726.4
726.4
726.4
726.5
726.6
726.7
726.8
726.8
727.0
727.1
727.1
727.1
727.6
727.7
727.8
727.9
727.9
728.0
728.4
728.5
728.6
728.6
728.6
728.7
728.7
728.9
728.9
729.0
729.1
729.2
729.2
729.2
729.2
729.3
729.5
729.6
729.7
730.2
730.3
730.4
730.5
730.6
731.3
731.5
731.6
732.1
732.7
733.5
733.5
733.7
734.4
734.4
734.4
734.4
734.5
734.5
734.5
734.6
734.6
734.6
734.6
734.7
734.7
734.8
734.8
734.9
734.9
734.9
735.0
735.0
735.0
735.0
735.0
735.0
735.0
735.1
735.1
735.1
735.1
735.1
735.1
735.1
735.1
735.1
735.1
735.1
735.1
735.1
735.1
735.1
735.1
735.2
735.2
735.2
735.2
735.2
735.2
735.2
735.2
735.2
735.2
735.2
735.2
735.2
735.2
735.2
735.2
735.2
735.2
735.2
735.2
735.2
735.2
735.3
735.3
735.3
735.3
735.3
735.3
735.3
735.3
735.3
735.3
735.3
735.3
735.3
735.3
735.3
735.3
735.4
735.4
735.4
735.5
735.5
735.6
735.6
735.6
735.7
735.7
735.7
735.8
735.9
736.1
736.2
736.4
736.6
737.3
738.7
739.0
739.1
740.3
740.4
740.7
740.8
740.9
741.0
741.0
741.1
741.2
741.2
741.2
741.2
741.2
741.2
741.2
741.2
741.2
741.2
741.3
741.3
741.3
741.3
741.3
741.3
741.3
741.3
741.3
741.3
741.3
741.3
741.3
741.3
741.3
741.4
741.4
741.4
741.4
741.4
741.4
741.4
741.4
741.5
741.5
741.5
741.5
741.5
741.5
741.5
741.5
741.5
741.5
741.6
741.6
741.6
741.6
741.6
741.7
741.7
741.7
741.7
741.7
741.7
741.8
741.8
741.8
741.8
741.8
741.9
741.9
741.9
742.0
742.0
742.1
742.1
742.2
742.2
742.2
742.2
742.2
742.4
742.7
742.8
742.9
742.9
742.9
742.9
743.0
743.0
743.2
743.2
743.3
743.3
743.4
743.4
743.7
743.8
743.9
744.1
744.2
744.8
745.5
745.9
746.0
746.0
746.0
746.0
746.1
746.1
746.2
746.2
746.2
746.2
746.2
746.2
746.3
746.3
746.3
746.4
746.4
746.4
746.5
746.5
746.5
746.5
746.6
746.6
746.6
746.6
746.6
746.6
746.6
746.7
746.7
746.7
746.7
746.7
746.7
746.7
746.7
746.7
746.8
746.8
746.9
746.9
746.9
747.0
747.0
747.0
747.0
747.0
747.0
747.1
747.1
747.1
747.2
747.2
747.2
747.3
747.3
747.3
747.4
747.4
747.4
747.5
747.6
747.6
747.8
747.9
748.0
748.0
748.2
748.2
748.4
748.5
748.9
748.9
750.0
750.4
750.5
750.6
750.9
751.3
751.4
751.4
751.6
751.7
751.9
752.1
752.2
752.2
752.4
752.5
752.5
752.5
752.5
752.5
752.6
752.6
752.7
752.7
752.8
752.8
752.9
752.9
753.0
753.0
753.0
753.0
753.1
753.1
753.1
753.1
753.1
753.2
753.2
753.3
753.3
753.3
753.3
753.3
753.4
753.4
753.4
753.5
753.5
753.5
753.6
753.6
753.6
753.7
753.7
753.7
753.8
753.8
753.8
753.8
753.8
753.8
753.8
753.9
753.9
753.9
753.9
753.9
754.0
754.0
754.1
754.2
754.2
754.3
754.3
754.4
754.4
754.4
754.4
754.5
754.5
754.5
754.5
754.6
754.6
754.6
754.7
754.8
754.9
754.9
755.0
755.1
755.1
755.1
755.3
755.3
755.8
756.0
756.5
756.6
757.1
758.9
759.9
759.9
760.0
760.1
761.0
761.0
761.2
761.2
761.6
762.0
762.0
762.2
762.2
762.6
762.6
762.9
762.9
763.0
763.0
763.3
763.4
763.5
763.5
763.6
763.7
763.8
764.1
764.2
764.3
764.5
764.6
764.6
764.7
764.8
764.8
765.0
765.2
765.5
765.7
765.8
765.9
766.2
766.3
766.4
766.6
766.7
766.9
767.2
767.3
767.6
767.6
767.7
767.8
767.9
768.0
768.1
768.2
768.2
769.2
769.5
769.7
769.7
769.7
770.9
771.7
773.4
773.7
773.9
774.0
774.3
774.8
775.7
776.1
776.7
778.1
778.6
779.3
779.7
781.8
789.6
791.8
863.5
863.5
863.5
863.5
863.5
863.5
863.5
863.5
863.5
863.5
863.5
863.6
863.6
863.6
863.6
863.6
863.6
863.6
863.6
863.6
863.6
863.6
863.6
863.6
863.6
863.6
863.6
863.6
863.6
863.6
863.6
863.6
863.6
863.6
863.6
863.6
863.6
863.6
863.6
863.6
863.6
863.7
863.7
863.7
863.7
863.7
863.7
863.7
863.7
863.7
863.7
863.7
863.7
863.7
863.7
863.7
863.7
863.7
863.7
863.7
863.7
863.7
863.7
863.7
863.7
863.7
863.8
863.8
863.9
863.9
863.9
863.9
864.0
864.0
864.0
864.2
864.2
864.3
864.3
864.3
864.4
864.4
864.4
864.4
864.4
864.6
864.8
865.0
865.1
865.2
865.4
865.5
865.6
865.7
865.8
866.1
866.2
866.3
866.3
866.4
868.1
868.1
868.1
868.1
868.1
868.1
868.1
868.1
868.1
868.1
868.1
868.1
868.1
868.1
868.1
868.1
868.1
868.1
868.1
868.1
868.1
868.1
868.1
868.1
868.1
868.1
868.1
868.1
868.1
868.1
868.1
868.1
868.1
868.1
868.1
868.1
868.1
868.1
868.1
868.1
868.1
868.1
868.1
868.1
868.1
868.1
868.1
868.1
868.1
868.1
868.1
868.1
868.1
868.1
868.1
868.1
868.1
868.1
868.1
868.1
868.1
868.1
868.2
868.2
868.2
868.2
868.2
868.2
868.2
868.2
868.2
868.3
868.3
868.5
868.5
868.5
868.5
868.6
868.6
868.6
868.7
868.7
868.8
868.8
868.9
868.9
869.2
869.3
869.3
869.6
869.8
870.0
870.4
870.5
870.7
871.1
871.4
871.6
871.6
871.8
872.2
872.2
872.2
872.2
872.3
872.3
872.3
872.3
872.3
872.3
872.3
872.3
872.3
872.3
872.3
872.3
872.3
872.3
872.3
872.3
872.3
872.3
872.3
872.3
872.3
872.3
872.3
872.3
872.3
872.3
872.3
872.3
872.3
872.3
872.3
872.3
872.3
872.3
872.3
872.3
872.3
872.3
872.3
872.4
872.4
872.4
872.4
872.4
872.4
872.4
872.4
872.4
872.4
872.4
872.4
872.4
872.4
872.4
872.5
872.5
872.5
872.5
872.6
872.6
872.6
872.6
872.6
872.6
872.6
872.6
872.7
872.7
872.8
873.0
873.0
873.1
873.1
873.3
873.3
873.3
873.3
873.4
873.4
873.4
873.6
873.7
873.9
874.0
874.4
874.5
874.6
874.7
875.6
875.6
876.0
876.2
876.3
876.3
876.3
876.3
876.3
876.4
876.4
876.4
876.4
876.4
876.4
876.4
876.4
876.4
876.5
876.5
876.5
876.5
876.5
876.5
876.5
876.5
876.5
876.5
876.5
876.5
876.5
876.5
876.5
876.5
876.6
876.6
876.6
876.6
876.6
876.6
876.6
876.6
876.6
876.6
876.6
876.6
876.7
876.7
876.7
876.7
876.7
876.7
876.8
876.8
876.8
876.8
876.8
876.8
876.8
876.8
876.9
876.9
876.9
876.9
876.9
876.9
877.0
877.2
877.2
877.2
877.2
877.2
877.3
877.4
877.4
877.5
877.5
877.7
877.7
877.7
877.8
877.8
877.9
878.2
878.2
878.4
878.5
878.6
878.7
878.7
878.8
879.0
879.0
879.6
879.9
880.3
880.6
881.1
881.4
881.6
882.0
882.3
882.3
882.3
882.4
882.4
882.5
882.5
882.5
882.5
882.5
882.6
882.6
882.7
882.7
882.7
882.8
882.8
882.9
882.9
882.9
883.0
883.0
883.0
883.0
883.0
883.1
883.1
883.2
883.2
883.2
883.3
883.3
883.3
883.3
883.3
883.3
883.3
883.3
883.3
883.3
883.4
883.4
883.4
883.6
883.6
883.6
883.6
883.7
883.7
883.7
883.7
883.7
883.8
883.8
883.9
884.0
884.1
884.1
884.1
884.2
884.3
884.3
884.3
884.4
884.6
884.8
885.0
885.0
885.1
885.3
885.5
885.6
885.7
886.1
886.2
886.6
886.6
886.8
886.8
887.2
887.4
887.9
888.1
888.4
888.4
888.6
888.8
889.6
890.7
890.9
891.9
892.7
893.0
896.2
896.4
900.3
901.1
907.4
907.9
907.9
908.0
908.1
908.1
908.1
908.2
908.3
908.3
908.3
908.3
908.3
908.3
908.3
908.3
908.3
908.3
908.4
908.4
908.4
908.4
908.4
908.4
908.4
908.4
908.4
908.4
908.4
908.5
908.5
908.5
908.5
908.5
908.5
908.5
908.5
908.5
908.5
908.5
908.5
908.5
908.5
908.5
908.5
908.6
908.6
908.6
908.6
908.6
908.6
908.6
908.6
908.7
908.7
908.7
908.7
908.7
908.7
908.7
908.7
908.7
908.7
908.7
908.7
908.7
908.7
908.7
908.8
908.9
908.9
909.0
909.0
909.0
909.2
909.2
909.3
909.3
909.4
909.4
909.5
909.5
909.5
909.6
909.8
909.8
909.9
909.9
910.0
910.3
910.3
910.6
910.9
911.0
911.1
911.2
911.2
911.6
911.9
912.0
916.9
917.2
917.3
917.3
917.3
917.3
917.3
917.3
917.3
917.3
917.4
917.4
917.4
917.4
917.4
917.4
917.4
917.4
917.4
917.4
917.4
917.4
917.4
917.4
917.4
917.4
917.4
917.4
917.4
917.4
917.4
917.4
917.4
917.4
917.4
917.4
917.4
917.4
917.4
917.4
917.4
917.4
917.4
917.4
917.4
917.4
917.4
917.4
917.4
917.4
917.5
917.5
917.5
917.5
917.5
917.5
917.5
917.5
917.5
917.5
917.5
917.5
917.5
917.5
917.5
917.5
917.5
917.5
917.5
917.5
917.5
917.6
917.7
917.8
917.8
917.8
917.9
917.9
917.9
918.0
918.0
918.0
918.1
918.1
918.2
918.3
918.3
918.3
918.3
918.3
918.5
918.5
918.6
918.6
918.9
918.9
919.0
919.0
919.1
919.1
921.8
922.0
922.0
922.0
922.0
922.0
922.0
922.1
922.1
922.1
922.1
922.1
922.1
922.1
922.1
922.1
922.1
922.1
922.1
922.1
922.1
922.1
922.1
922.1
922.1
922.2
922.2
922.2
922.2
922.2
922.2
922.2
922.2
922.2
922.2
922.2
922.2
922.2
922.2
922.2
922.2
922.2
922.2
922.2
922.3
922.3
922.3
922.3
922.3
922.3
922.3
922.3
922.3
922.3
922.3
922.3
922.3
922.3
922.4
922.4
922.4
922.4
922.4
922.5
922.5
922.6
922.6
922.6
922.6
922.7
922.7
922.7
922.8
922.8
922.9
923.0
923.0
923.1
923.3
923.4
923.5
923.5
923.5
923.6
923.7
923.9
924.0
924.0
924.0
924.2
924.2
924.5
924.5
924.8
925.1
925.1
925.4
925.6
925.8
925.8
925.9
926.3
926.3
926.4
926.4
926.4
926.4
926.5
926.5
926.5
926.5
926.5
926.5
926.6
926.6
926.6
926.6
926.6
926.6
926.6
926.7
926.7
926.7
926.7
926.7
926.7
926.7
926.8
926.8
926.8
926.8
926.8
926.8
926.9
926.9
926.9
926.9
926.9
926.9
926.9
926.9
927.0
927.0
927.0
927.0
927.0
927.1
927.1
927.2
927.2
927.2
927.2
927.2
927.2
927.2
927.2
927.3
927.4
927.4
927.4
927.5
927.6
927.7
927.8
927.8
927.9
928.0
928.1
928.2
928.2
928.2
928.3
928.3
928.5
928.6
928.7
928.8
929.1
929.5
929.7
929.7
929.8
929.9
929.9
930.3
930.3
930.7
930.9
930.9
931.0
931.1
931.7
932.0
932.1
932.3
932.5
932.6
932.6
932.7
932.7
932.7
932.7
932.8
932.8
932.8
932.8
932.9
932.9
932.9
932.9
933.0
933.0
933.0
933.1
933.2
933.2
933.3
933.3
933.4
933.4
933.4
933.5
933.5
933.5
933.5
933.5
933.5
933.6
933.6
933.6
933.7
933.7
933.7
933.7
933.7
933.7
933.7
933.7
933.7
933.7
933.8
933.8
933.9
933.9
934.0
934.0
934.1
934.1
934.1
934.2
934.3
934.3
934.4
934.4
934.5
934.6
934.6
934.6
934.7
934.7
934.7
934.9
934.9
935.2
935.3
935.3
935.3
935.4
935.7
935.7
936.0
936.5
936.5
936.8
936.9
937.0
937.0
938.0
938.9
939.2
939.7
939.8
940.3
940.3
940.7
941.5
942.7
943.4
943.8
943.8
944.8
945.0
945.1
945.2
945.2
946.0
946.3
947.2
947.4
947.6
947.9
948.0
948.1
948.5
948.6
948.8
948.9
948.9
949.0
949.1
949.2
949.4
949.5
949.7
950.1
950.2
950.3
950.3
950.3
950.3
950.5
950.7
951.2
951.2
951.2
951.3
952.4
952.5
953.0
953.2
953.3
953.4
953.8
954.4
955.3
955.5
955.7
956.1
956.5
956.8
956.9
957.1
958.2
958.9
959.1
959.2
959.5
960.0
960.0
960.7
962.1
964.7
966.1
969.6
972.8
976.0
994.1
1039.0
1039.1
1039.1
1039.1
1039.1
1039.1
1039.1
1039.1
1039.1
1039.1
1039.1
1039.1
1039.1
1039.1
1039.1
1039.2
1039.2
1039.2
1039.2
1039.2
1039.2
1039.2
1039.2
1039.2
1039.2
1039.2
1039.2
1039.2
1039.2
1039.2
1039.2
1039.2
1039.2
1039.2
1039.3
1039.3
1039.3
1039.3
1039.3
1039.3
1039.3
1039.3
1039.3
1039.3
1039.3
1039.3
1039.3
1039.3
1039.3
1039.3
1039.3
1039.3
1039.3
1039.3
1039.4
1039.4
1039.4
1039.4
1039.4
1039.5
1039.5
1039.5
1039.6
1039.6
1039.7
1039.7
1039.7
1039.7
1039.8
1039.8
1039.8
1039.8
1039.9
1040.0
1040.0
1040.2
1040.2
1040.2
1040.2
1040.3
1040.3
1040.3
1040.3
1040.4
1040.4
1040.5
1040.7
1040.7
1040.7
1040.8
1040.9
1040.9
1041.0
1041.1
1041.2
1041.2
1041.3
1041.3
1041.3
1041.3
1043.0
1043.0
1043.0
1043.0
1043.0
1043.0
1043.0
1043.0
1043.0
1043.0
1043.0
1043.0
1043.0
1043.0
1043.1
1043.1
1043.1
1043.1
1043.1
1043.1
1043.1
1043.2
1043.2
1043.2
1043.2
1043.2
1043.2
1043.2
1043.2
1043.2
1043.2
1043.2
1043.2
1043.2
1043.2
1043.3
1043.3
1043.3
1043.3
1043.3
1043.3
1043.3
1043.3
1043.3
1043.3
1043.3
1043.3
1043.4
1043.4
1043.4
1043.4
1043.4
1043.4
1043.4
1043.4
1043.4
1043.5
1043.5
1043.5
1043.6
1043.6
1043.8
1043.8
1043.8
1043.9
1043.9
1043.9
1044.0
1044.0
1044.0
1044.0
1044.2
1044.2
1044.7
1044.7
1044.7
1044.8
1044.9
1044.9
1044.9
1045.0
1045.1
1045.2
1045.2
1045.4
1045.4
1045.7
1045.7
1046.0
1046.0
1046.1
1046.2
1046.5
1046.5
1046.8
1046.8
1046.8
1046.8
1046.8
1046.8
1046.8
1046.8
1046.8
1046.8
1046.9
1046.9
1046.9
1046.9
1046.9
1046.9
1046.9
1046.9
1046.9
1046.9
1047.0
1047.0
1047.0
1047.0
1047.0
1047.0
1047.0
1047.0
1047.0
1047.0
1047.0
1047.0
1047.1
1047.1
1047.1
1047.1
1047.1
1047.1
1047.1
1047.1
1047.1
1047.1
1047.1
1047.1
1047.1
1047.2
1047.2
1047.2
1047.2
1047.2
1047.2
1047.2
1047.2
1047.2
1047.2
1047.3
1047.3
1047.3
1047.3
1047.3
1047.4
1047.4
1047.4
1047.4
1047.6
1047.7
1047.7
1047.7
1047.8
1047.8
1047.9
1047.9
1048.0
1048.0
1048.0
1048.0
1048.2
1048.3
1048.3
1048.8
1048.9
1049.2
1049.2
1049.3
1049.3
1049.5
1049.6
1049.6
1049.7
1049.8
1050.1
1050.4
1050.6
1050.8
1050.9
1050.9
1051.0
1051.0
1051.0
1051.0
1051.0
1051.0
1051.0
1051.0
1051.1
1051.1
1051.1
1051.1
1051.2
1051.2
1051.2
1051.2
1051.2
1051.2
1051.2
1051.2
1051.2
1051.3
1051.3
1051.3
1051.3
1051.3
1051.3
1051.4
1051.4
1051.4
1051.4
1051.5
1051.5
1051.5
1051.5
1051.5
1051.5
1051.6
1051.6
1051.6
1051.6
1051.6
1051.6
1051.6
1051.6
1051.6
1051.6
1051.6
1051.7
1051.7
1051.7
1051.7
1051.8
1051.8
1051.8
1051.9
1051.9
1052.0
1052.0
1052.0
1052.3
1052.3
1052.4
1052.4
1052.4
1052.5
1052.5
1052.6
1052.7
1052.8
1052.8
1052.8
1052.9
1052.9
1052.9
1053.0
1053.0
1053.1
1053.5
1053.5
1053.7
1053.7
1053.9
1054.0
1054.1
1054.8
1054.9
1055.0
1055.1
1055.1
1055.3
1055.4
1055.5
1056.1
1056.3
1056.9
1057.1
1057.1
1057.2
1057.4
1057.4
1057.4
1057.4
1057.4
1057.5
1057.5
1057.5
1057.5
1057.5
1057.5
1057.8
1057.8
1057.8
1057.8
1057.9
1057.9
1057.9
1058.0
1058.0
1058.0
1058.0
1058.1
1058.1
1058.1
1058.2
1058.3
1058.3
1058.3
1058.3
1058.4
1058.4
1058.4
1058.4
1058.4
1058.5
1058.5
1058.5
1058.6
1058.6
1058.7
1058.7
1058.8
1058.9
1058.9
1059.0
1059.0
1059.1
1059.1
1059.2
1059.2
1059.3
1059.5
1059.5
1059.5
1059.6
1059.7
1059.8
1059.8
1059.9
1059.9
1060.1
1060.3
1060.4
1060.6
1060.7
1060.9
1061.0
1061.1
1061.1
1061.6
1062.1
1062.2
1062.9
1063.1
1063.4
1063.7
1063.9
1064.0
1064.7
1065.0
1065.4
1066.5
1067.4
1067.7
1068.9
1069.8
1070.0
1070.1
1070.3
1073.2
1074.1
1074.4
1075.5
1086.8
1205.5
1205.5
1205.5
1205.5
1205.5
1205.5
1205.5
1205.5
1205.5
1205.5
1205.5
1205.5
1205.5
1205.5
1205.5
1205.5
1205.5
1205.5
1205.5
1205.5
1205.5
1205.5
1205.5
1205.5
1205.5
1205.5
1205.5
1205.5
1205.5
1205.5
1205.5
1205.5
1205.5
1205.5
1205.5
1205.5
1205.5
1205.5
1205.5
1205.5
1205.5
1205.5
1205.5
1205.5
1205.5
1205.5
1205.5
1205.5
1205.5
1205.5
1205.5
1205.5
1205.5
1205.6
1205.6
1205.6
1205.6
1205.6
1205.6
1205.6
1205.6
1205.6
1205.6
1205.6
1205.6
1205.6
1205.6
1205.6
1205.6
1205.6
1205.7
1205.7
1205.7
1205.7
1205.7
1205.7
1205.7
1205.7
1205.8
1205.8
1205.8
1205.9
1205.9
1205.9
1205.9
1205.9
1206.0
1206.0
1206.0
1206.0
1206.0
1206.1
1206.1
1206.1
1206.2
1206.3
1206.3
1206.3
1206.3
1206.4
1209.6
1209.6
1209.6
1209.6
1209.6
1209.6
1209.6
1209.6
1209.6
1209.6
1209.6
1209.6
1209.6
1209.6
1209.6
1209.6
1209.6
1209.6
1209.6
1209.6
1209.6
1209.6
1209.6
1209.6
1209.6
1209.6
1209.7
1209.7
1209.7
1209.7
1209.7
1209.7
1209.7
1209.7
1209.7
1209.7
1209.7
1209.7
1209.7
1209.7
1209.7
1209.7
1209.7
1209.7
1209.7
1209.7
1209.7
1209.7
1209.7
1209.7
1209.7
1209.7
1209.7
1209.7
1209.7
1209.7
1209.7
1209.7
1209.7
1209.8
1209.8
1209.8
1209.8
1209.8
1209.8
1209.8
1209.8
1209.9
1209.9
1209.9
1209.9
1210.0
1210.1
1210.2
1210.2
1210.3
1210.3
1210.3
1210.4
1210.5
1210.5
1210.7
1210.7
1210.7
1210.8
1210.8
1210.9
1210.9
1211.1
1211.1
1211.2
1211.3
1211.4
1211.5
1211.7
1211.8
1211.8
1212.0
1212.0
1212.1
1213.2
1213.2
1213.2
1213.3
1213.3
1213.3
1213.3
1213.3
1213.3
1213.3
1213.3
1213.3
1213.3
1213.3
1213.4
1213.4
1213.4
1213.4
1213.4
1213.4
1213.4
1213.4
1213.4
1213.4
1213.4
1213.4
1213.4
1213.4
1213.4
1213.4
1213.4
1213.5
1213.5
1213.5
1213.5
1213.5
1213.5
1213.5
1213.5
1213.5
1213.5
1213.5
1213.5
1213.5
1213.5
1213.5
1213.5
1213.6
1213.6
1213.6
1213.6
1213.6
1213.6
1213.6
1213.6
1213.7
1213.7
1213.7
1213.7
1213.7
1213.8
1213.9
1213.9
1213.9
1213.9
1214.0
1214.1
1214.1
1214.1
1214.1
1214.2
1214.2
1214.5
1214.5
1214.5
1214.7
1214.8
1215.1
1215.2
1215.2
1215.2
1215.3
1215.4
1215.4
1215.7
1215.8
1216.0
1216.1
1216.3
1216.6
1216.8
1217.0
1217.4
1217.5
1217.7
1217.9
1218.0
1218.1
1218.1
1218.1
1218.1
1218.2
1218.2
1218.2
1218.2
1218.2
1218.2
1218.2
1218.2
1218.2
1218.3
1218.3
1218.4
1218.4
1218.4
1218.4
1218.4
1218.4
1218.4
1218.5
1218.5
1218.5
1218.5
1218.5
1218.5
1218.6
1218.6
1218.6
1218.6
1218.6
1218.6
1218.6
1218.6
1218.7
1218.7
1218.7
1218.7
1218.7
1218.7
1218.7
1218.7
1218.8
1218.8
1218.8
1218.9
1218.9
1218.9
1218.9
1218.9
1218.9
1218.9
1219.0
1219.0
1219.0
1219.0
1219.0
1219.1
1219.1
1219.1
1219.2
1219.3
1219.4
1219.5
1219.5
1219.6
1219.6
1219.7
1219.9
1220.0
1220.1
1220.4
1220.4
1220.6
1220.7
1220.7
1221.2
1221.4
1221.7
1221.7
1221.8
1221.9
1222.0
1222.2
1222.5
1222.7
1223.7
1224.2
1224.4
1225.0
1225.0
1226.8
1227.0
1227.1
1227.5
1227.7
1227.7
1227.8
1228.1
1228.3
1228.4
1228.6
1228.6
1228.6
1228.8
1228.8
1228.8
1228.9
1229.0
1229.0
1229.0
1229.0
1229.1
1229.2
1229.5
1229.6
1229.6
1229.7
1229.7
1229.7
1229.9
1229.9
1230.0
1230.0
1230.1
1230.2
1230.4
1230.4
1230.5
1230.5
1230.5
1230.6
1230.7
1230.8
1230.8
1231.1
1231.1
1231.2
1231.3
1231.3
1231.6
1231.7
1231.8
1231.8
1231.9
1232.1
1232.2
1232.6
1232.6
1232.8
1232.9
1233.0
1233.1
1233.3
1234.0
1234.2
1235.3
1236.0
1236.1
1236.3
1236.4
1236.9
1237.0
1237.4
1237.4
1238.2
1240.2
1241.1
1244.6
1257.5
1257.9
1258.7
1258.7
1258.8
1258.8
1258.8
1258.8
1258.8
1258.8
1258.8
1258.8
1258.9
1258.9
1258.9
1258.9
1258.9
1258.9
1258.9
1258.9
1258.9
1258.9
1258.9
1258.9
1258.9
1258.9
1258.9
1258.9
1258.9
1258.9
1258.9
1258.9
1258.9
1258.9
1258.9
1258.9
1258.9
1258.9
1258.9
1258.9
1258.9
1258.9
1258.9
1258.9
1258.9
1258.9
1258.9
1258.9
1258.9
1258.9
1258.9
1258.9
1259.0
1259.0
1259.0
1259.0
1259.0
1259.0
1259.0
1259.0
1259.0
1259.0
1259.0
1259.0
1259.0
1259.0
1259.0
1259.0
1259.0
1259.0
1259.0
1259.0
1259.0
1259.0
1259.1
1259.1
1259.1
1259.1
1259.1
1259.1
1259.1
1259.2
1259.2
1259.2
1259.2
1259.3
1259.3
1259.3
1259.4
1259.4
1259.4
1259.4
1259.5
1259.7
1259.7
1259.7
1259.9
1259.9
1260.0
1260.3
1262.7
1263.4
1265.5
1265.5
1265.6
1265.6
1265.6
1265.6
1265.6
1265.6
1265.7
1265.7
1265.7
1265.7
1265.7
1265.7
1265.7
1265.7
1265.7
1265.7
1265.7
1265.8
1265.8
1265.8
1265.8
1265.8
1265.8
1265.8
1265.8
1265.8
1265.8
1265.8
1265.8
1265.8
1265.9
1265.9
1265.9
1266.0
1266.0
1266.0
1266.0
1266.0
1266.0
1266.1
1266.1
1266.1
1266.1
1266.1
1266.2
1266.2
1266.2
1266.2
1266.2
1266.2
1266.2
1266.2
1266.2
1266.2
1266.3
1266.3
1266.3
1266.3
1266.3
1266.4
1266.4
1266.4
1266.4
1266.5
1266.5
1266.5
1266.6
1266.6
1266.8
1266.9
1267.0
1267.0
1267.1
1267.1
1267.2
1268.2
1268.4
1268.8
1268.9
1268.9
1269.1
1269.2
1270.1
1270.2
1270.3
1270.4
1271.1
1271.4
1271.9
1272.3
1272.6
1272.8
1273.3
1273.4
1273.4
1273.4
1273.4
1273.5
1273.5
1273.5
1273.5
1273.6
1273.6
1273.6
1273.6
1273.6
1273.7
1273.7
1273.7
1273.7
1273.7
1273.8
1273.8
1273.8
1273.8
1273.8
1273.9
1273.9
1273.9
1273.9
1273.9
1273.9
1274.0
1274.0
1274.1
1274.1
1274.1
1274.3
1274.3
1274.5
1274.7
1274.7
1275.1
1275.1
1275.2
1275.2
1275.3
1275.4
1275.5
1275.5
1275.6
1276.2
1276.2
1276.2
1276.3
1276.3
1276.6
1276.7
1276.7
1277.0
1277.1
1277.2
1277.7
1277.7
1277.7
1277.7
1277.7
1277.8
1278.4
1278.4
1278.5
1278.9
1278.9
1279.0
1279.0
1279.2
1279.3
1279.4
1279.4
1279.6
1279.8
1279.8
1279.8
1279.9
1280.1
1280.1
1280.1
1280.2
1280.2
1280.2
1280.3
1280.3
1280.3
1280.3
1280.4
1280.6
1280.8
1280.8
1280.8
1280.9
1280.9
1280.9
1281.1
1281.2
1281.3
1281.4
1281.4
1281.5
1281.5
1281.6
1281.6
1281.6
1281.7
1281.8
1281.9
1281.9
1281.9
1282.0
1282.0
1282.2
1282.5
1282.6
1282.8
1282.9
1283.0
1283.2
1283.3
1283.6
1283.6
1283.6
1284.1
1284.1
1284.3
1284.4
1284.4
1285.3
1285.3
1285.3
1285.5
1285.9
1286.1
1286.2
1286.5
1286.8
1286.8
1287.1
1287.4
1287.7
1287.8
1290.4
1290.5
1290.9
1290.9
1291.8
1291.9
1292.2
1292.9
1293.0
1293.4
1293.4
1293.6
1293.8
1294.2
1294.5
1294.7
1294.9
1295.0
1295.2
1296.1
1296.4
1296.5
1296.9
1297.0
1297.6
1297.6
1299.4
1299.8
1300.3
1301.2
1301.4
1303.2
1303.5
1304.5
1306.8
1306.8
1307.8
1307.8
1309.0
1312.4
1318.8
1322.7
1374.9
1374.9
1374.9
1374.9
1374.9
1374.9
1374.9
1374.9
1374.9
1374.9
1374.9
1374.9
1374.9
1374.9
1374.9
1374.9
1374.9
1374.9
1374.9
1374.9
1374.9
1374.9
1374.9
1374.9
1374.9
1374.9
1374.9
1374.9
1374.9
1374.9
1374.9
1374.9
1374.9
1374.9
1375.0
1375.0
1375.0
1375.0
1375.0
1375.0
1375.0
1375.0
1375.0
1375.0
1375.0
1375.0
1375.0
1375.0
1375.0
1375.0
1375.0
1375.0
1375.0
1375.0
1375.0
1375.0
1375.0
1375.0
1375.0
1375.0
1375.0
1375.0
1375.0
1375.0
1375.0
1375.1
1375.1
1375.1
1375.1
1375.1
1375.2
1375.2
1375.2
1375.2
1375.3
1375.3
1375.4
1375.4
1375.4
1375.4
1375.5
1375.5
1375.5
1375.5
1375.5
1375.6
1375.7
1375.8
1375.8
1376.0
1376.0
1376.1
1376.2
1376.2
1376.2
1376.4
1376.5
1376.6
1376.6
1376.7
1379.0
1379.0
1379.0
1379.0
1379.0
1379.0
1379.0
1379.0
1379.0
1379.0
1379.0
1379.0
1379.0
1379.0
1379.0
1379.0
1379.0
1379.0
1379.0
1379.0
1379.0
1379.0
1379.0
1379.0
1379.0
1379.0
1379.0
1379.0
1379.0
1379.0
1379.0
1379.0
1379.0
1379.0
1379.0
1379.0
1379.0
1379.0
1379.0
1379.0
1379.0
1379.0
1379.0
1379.0
1379.0
1379.0
1379.0
1379.0
1379.0
1379.0
1379.0
1379.0
1379.0
1379.0
1379.0
1379.0
1379.0
1379.1
1379.1
1379.1
1379.1
1379.1
1379.1
1379.1
1379.1
1379.2
1379.2
1379.2
1379.2
1379.2
1379.2
1379.3
1379.3
1379.6
1379.6
1379.6
1379.6
1379.6
1379.7
1379.7
1379.8
1379.8
1379.9
1379.9
1380.0
1380.1
1380.2
1380.3
1380.5
1380.7
1380.8
1380.9
1381.3
1381.3
1381.7
1381.7
1382.0
1382.1
1382.1
1382.3
1382.8
1382.8
1382.8
1382.8
1382.8
1382.8
1382.8
1382.8
1382.8
1382.8
1382.8
1382.8
1382.8
1382.8
1382.8
1382.8
1382.8
1382.9
1382.9
1382.9
1382.9
1382.9
1382.9
1382.9
1382.9
1382.9
1382.9
1382.9
1382.9
1382.9
1382.9
1382.9
1382.9
1382.9
1382.9
1382.9
1382.9
1382.9
1382.9
1382.9
1382.9
1383.0
1383.0
1383.0
1383.0
1383.0
1383.0
1383.0
1383.0
1383.0
1383.0
1383.0
1383.1
1383.1
1383.1
1383.1
1383.1
1383.1
1383.1
1383.1
1383.1
1383.2
1383.2
1383.2
1383.2
1383.2
1383.2
1383.3
1383.3
1383.3
1383.4
1383.4
1383.5
1383.7
1383.7
1383.9
1383.9
1384.0
1384.0
1384.0
1384.1
1384.2
1384.2
1384.2
1384.5
1384.6
1384.7
1384.9
1385.3
1385.5
1385.5
1385.7
1386.4
1386.4
1386.8
1386.9
1386.9
1387.0
1387.0
1387.0
1387.0
1387.0
1387.0
1387.0
1387.0
1387.0
1387.1
1387.1
1387.1
1387.1
1387.1
1387.1
1387.1
1387.1
1387.1
1387.1
1387.1
1387.1
1387.2
1387.2
1387.2
1387.2
1387.2
1387.2
1387.2
1387.2
1387.2
1387.2
1387.2
1387.2
1387.3
1387.3
1387.3
1387.3
1387.3
1387.3
1387.3
1387.4
1387.4
1387.4
1387.4
1387.4
1387.4
1387.4
1387.4
1387.5
1387.5
1387.5
1387.5
1387.5
1387.6
1387.6
1387.6
1387.6
1387.6
1387.6
1387.7
1387.7
1387.8
1387.8
1387.8
1387.8
1387.9
1387.9
1388.0
1388.1
1388.1
1388.1
1388.2
1388.3
1388.5
1388.5
1388.5
1388.6
1388.6
1389.0
1389.1
1389.3
1389.3
1389.5
1389.5
1389.5
1389.5
1389.9
1390.0
1390.6
1391.0
1391.4
1391.6
1392.1
1392.8
1392.9
1392.9
1393.2
1393.2
1393.2
1393.2
1393.3
1393.4
1393.4
1393.4
1393.4
1393.5
1393.5
1393.5
1393.5
1393.5
1393.6
1393.7
1393.7
1393.8
1393.8
1393.8
1393.8
1393.8
1393.9
1394.0
1394.0
1394.0
1394.0
1394.0
1394.1
1394.2
1394.2
1394.2
1394.3
1394.3
1394.3
1394.3
1394.3
1394.3
1394.4
1394.4
1394.4
1394.4
1394.5
1394.5
1394.6
1394.6
1394.7
1394.7
1394.7
1394.7
1394.7
1394.8
1394.8
1394.8
1395.0
1395.0
1395.1
1395.2
1395.3
1395.3
1395.3
1395.5
1395.6
1395.6
1395.8
1395.9
1396.1
1396.1
1396.1
1396.2
1396.4
1396.7
1396.7
1397.0
1397.5
1397.5
1397.7
1397.8
1397.8
1397.9
1398.8
1399.1
1399.3
1399.8
1399.9
1400.1
1400.2
1401.3
1401.6
1401.7
1401.7
1403.6
1405.3
1410.8
1413.2
1413.3
1542.0
1542.0
1542.0
1542.0
1542.0
1542.0
1542.0
1542.0
1542.0
1542.0
1542.0
1542.0
1542.0
1542.0
1542.0
1542.0
1542.0
1542.0
1542.0
1542.0
1542.0
1542.0
1542.0
1542.0
1542.0
1542.0
1542.0
1542.0
1542.0
1542.0
1542.0
1542.0
1542.0
1542.0
1542.0
1542.0
1542.0
1542.0
1542.0
1542.0
1542.0
1542.0
1542.0
1542.0
1542.0
1542.0
1542.0
1542.0
1542.0
1542.0
1542.0
1542.0
1542.0
1542.1
1542.1
1542.1
1542.1
1542.1
1542.1
1542.1
1542.1
1542.1
1542.1
1542.1
1542.1
1542.1
1542.1
1542.1
1542.1
1542.1
1542.1
1542.2
1542.2
1542.2
1542.2
1542.2
1542.2
1542.2
1542.3
1542.3
1542.3
1542.3
1542.4
1542.4
1542.4
1542.4
1542.4
1542.4
1542.5
1542.5
1542.5
1542.5
1542.6
1542.6
1542.7
1542.7
1542.7
1542.7
1542.7
1542.8
1546.1
1546.1
1546.1
1546.1
1546.2
1546.2
1546.2
1546.2
1546.2
1546.2
1546.2
1546.2
1546.2
1546.2
1546.2
1546.2
1546.2
1546.2
1546.2
1546.2
1546.2
1546.2
1546.2
1546.2
1546.2
1546.2
1546.2
1546.2
1546.2
1546.2
1546.2
1546.2
1546.2
1546.2
1546.2
1546.2
1546.2
1546.2
1546.2
1546.2
1546.2
1546.2
1546.2
1546.2
1546.2
1546.2
1546.2
1546.2
1546.2
1546.2
1546.2
1546.2
1546.2
1546.2
1546.2
1546.2
1546.2
1546.2
1546.2
1546.3
1546.3
1546.3
1546.3
1546.3
1546.3
1546.3
1546.3
1546.4
1546.4
1546.4
1546.5
1546.5
1546.6
1546.7
1546.7
1546.8
1546.8
1546.8
1546.9
1547.0
1547.0
1547.1
1547.1
1547.2
1547.3
1547.3
1547.3
1547.3
1547.5
1547.6
1547.6
1547.7
1547.9
1548.0
1548.2
1548.3
1548.3
1548.4
1548.4
1548.5
1549.8
1549.8
1549.8
1549.8
1549.8
1549.8
1549.9
1549.9
1549.9
1549.9
1549.9
1549.9
1549.9
1549.9
1549.9
1549.9
1549.9
1549.9
1549.9
1549.9
1549.9
1550.0
1550.0
1550.0
1550.0
1550.0
1550.0
1550.0
1550.0
1550.0
1550.0
1550.0
1550.0
1550.0
1550.0
1550.0
1550.0
1550.0
1550.0
1550.0
1550.1
1550.1
1550.1
1550.1
1550.1
1550.1
1550.1
1550.1
1550.1
1550.1
1550.1
1550.1
1550.2
1550.2
1550.2
1550.2
1550.2
1550.2
1550.2
1550.2
1550.3
1550.4
1550.4
1550.5
1550.5
1550.5
1550.6
1550.6
1550.6
1550.7
1550.7
1550.8
1551.0
1551.0
1551.0
1551.3
1551.3
1551.6
1551.7
1551.7
1551.7
1551.8
1551.9
1551.9
1552.1
1552.3
1552.5
1552.5
1552.8
1553.0
1553.3
1553.5
1553.9
1553.9
1554.1
1554.4
1554.6
1554.6
1554.7
1554.7
1554.7
1554.7
1554.8
1554.8
1554.8
1554.8
1554.8
1554.8
1554.9
1554.9
1554.9
1554.9
1555.0
1555.0
1555.0
1555.0
1555.0
1555.1
1555.1
1555.1
1555.1
1555.1
1555.1
1555.1
1555.1
1555.2
1555.2
1555.2
1555.2
1555.3
1555.3
1555.3
1555.3
1555.3
1555.3
1555.3
1555.3
1555.3
1555.3
1555.3
1555.3
1555.3
1555.4
1555.4
1555.4
1555.4
1555.5
1555.5
1555.5
1555.5
1555.6
1555.6
1555.6
1555.7
1555.7
1555.7
1555.7
1555.8
1555.8
1555.8
1556.0
1556.0
1556.2
1556.2
1556.2
1556.3
1556.3
1556.5
1556.7
1556.7
1557.0
1557.1
1557.4
1557.4
1557.4
1557.8
1558.1
1558.4
1558.5
1558.7
1558.8
1558.8
1559.1
1559.2
1559.8
1560.7
1561.3
1561.4
1561.9
1562.3
1564.1
1564.3
1564.3
1564.8
1564.9
1565.1
1565.1
1565.3
1565.5
1565.7
1565.7
1565.8
1565.8
1565.9
1566.1
1566.2
1566.2
1566.3
1566.4
1566.5
1566.5
1566.5
1566.6
1566.7
1566.9
1566.9
1567.0
1567.0
1567.2
1567.3
1567.5
1567.6
1567.7
1567.7
1567.9
1568.0
1568.1
1568.1
1568.1
1568.2
1568.2
1568.3
1568.3
1568.3
1568.5
1568.9
1568.9
1569.0
1569.0
1569.1
1569.1
1569.2
1569.4
1569.5
1569.8
1569.8
1570.1
1570.5
1570.5
1570.5
1570.6
1570.8
1570.9
1571.1
1572.4
1573.6
1574.0
1574.8
1574.9
1575.1
1575.4
1576.1
1576.1
1576.3
1576.5
1577.6
1578.7
1589.6
1591.1
1595.2
1595.2
1595.3
1595.4
1595.5
1595.6
1595.6
1595.6
1595.6
1595.6
1595.6
1595.6
1595.6
1595.6
1595.6
1595.6
1595.6
1595.6
1595.6
1595.6
1595.6
1595.6
1595.6
1595.6
1595.6
1595.6
1595.6
1595.6
1595.6
1595.6
1595.6
1595.6
1595.6
1595.6
1595.6
1595.6
1595.6
1595.6
1595.6
1595.6
1595.6
1595.6
1595.6
1595.6
1595.7
1595.7
1595.7
1595.7
1595.7
1595.7
1595.7
1595.7
1595.7
1595.7
1595.7
1595.7
1595.7
1595.7
1595.7
1595.7
1595.7
1595.7
1595.7
1595.7
1595.7
1595.7
1595.7
1595.7
1595.7
1595.7
1595.7
1595.7
1595.8
1595.8
1595.8
1595.8
1595.8
1595.8
1595.8
1595.9
1595.9
1595.9
1596.0
1596.0
1596.0
1596.0
1596.1
1596.1
1596.1
1596.1
1596.2
1596.3
1596.4
1596.4
1596.5
1596.6
1596.6
1596.7
1597.0
1597.1
1601.6
1601.8
1602.0
1602.3
1602.3
1602.3
1602.4
1602.4
1602.4
1602.4
1602.4
1602.4
1602.4
1602.5
1602.5
1602.5
1602.5
1602.5
1602.5
1602.5
1602.5
1602.5
1602.5
1602.5
1602.5
1602.6
1602.6
1602.6
1602.6
1602.6
1602.6
1602.6
1602.6
1602.6
1602.6
1602.6
1602.7
1602.7
1602.7
1602.7
1602.8
1602.8
1602.8
1602.8
1602.9
1602.9
1602.9
1602.9
1602.9
1602.9
1602.9
1602.9
1602.9
1602.9
1602.9
1603.0
1603.0
1603.0
1603.0
1603.1
1603.1
1603.1
1603.1
1603.1
1603.1
1603.2
1603.2
1603.2
1603.3
1603.4
1603.4
1603.5
1603.5
1603.6
1603.6
1603.7
1603.8
1603.8
1603.9
1604.8
1605.1
1605.5
1605.5
1605.6
1605.8
1605.8
1605.9
1606.8
1606.8
1606.8
1607.2
1607.8
1609.0
1609.3
1610.0
1610.1
1610.1
1610.1
1610.1
1610.1
1610.2
1610.2
1610.3
1610.3
1610.3
1610.3
1610.3
1610.3
1610.4
1610.4
1610.4
1610.4
1610.5
1610.5
1610.5
1610.5
1610.5
1610.5
1610.5
1610.6
1610.6
1610.7
1610.7
1610.7
1610.8
1610.8
1610.8
1610.8
1610.9
1611.1
1611.1
1611.1
1611.3
1611.4
1611.5
1611.5
1612.0
1612.0
1612.1
1612.2
1612.3
1612.3
1612.5
1612.6
1612.8
1613.5
1613.6
1613.6
1613.7
1613.8
1613.9
1614.3
1614.3
1614.8
1614.9
1615.0
1615.7
1616.0
1616.0
1616.0
1616.0
1616.1
1617.0
1617.0
1617.3
1617.4
1617.5
1617.5
1617.6
1617.6
1617.6
1617.8
1618.0
1618.0
1618.0
1618.0
1618.0
1618.0
1618.1
1618.1
1618.3
1618.3
1618.4
1618.6
1618.7
1618.7
1618.8
1618.9
1618.9
1619.0
1619.3
1619.3
1619.3
1619.5
1619.6
1619.6
1619.7
1619.7
1619.8
1619.9
1620.2
1620.5
1620.6
1620.6
1621.2
1621.3
1621.4
1621.6
1622.0
1622.2
1622.3
1622.8
1623.2
1623.2
1623.9
1624.2
1624.6
1624.6
1624.9
1625.0
1626.1
1626.2
1626.8
1626.8
1626.9
1627.1
1628.4
1628.6
1628.9
1631.0
1631.3
1632.2
1635.1
1636.1
1637.9
1645.0
1663.4
1711.2
1711.2
1711.2
1711.2
1711.2
1711.2
1711.2
1711.2
1711.2
1711.2
1711.2
1711.2
1711.2
1711.2
1711.2
1711.2
1711.2
1711.2
1711.2
1711.2
1711.3
1711.3
1711.3
1711.3
1711.3
1711.3
1711.3
1711.3
1711.3
1711.3
1711.3
1711.3
1711.3
1711.3
1711.3
1711.3
1711.3
1711.3
1711.3
1711.3
1711.3
1711.3
1711.3
1711.3
1711.3
1711.3
1711.3
1711.3
1711.3
1711.3
1711.3
1711.3
1711.3
1711.3
1711.3
1711.3
1711.3
1711.3
1711.3
1711.3
1711.3
1711.3
1711.3
1711.3
1711.4
1711.4
1711.4
1711.4
1711.4
1711.4
1711.4
1711.5
1711.5
1711.6
1711.6
1711.6
1711.7
1711.7
1711.7
1711.7
1711.7
1711.7
1711.7
1711.8
1711.8
1711.8
1712.0
1712.0
1712.0
1712.2
1712.2
1712.3
1712.4
1712.4
1712.5
1712.6
1712.7
1712.7
1712.7
1712.8
1715.4
1715.4
1715.4
1715.4
1715.4
1715.4
1715.4
1715.4
1715.4
1715.4
1715.4
1715.4
1715.4
1715.4
1715.4
1715.4
1715.4
1715.4
1715.4
1715.4
1715.4
1715.4
1715.4
1715.4
1715.4
1715.4
1715.4
1715.4
1715.4
1715.4
1715.4
1715.4
1715.4
1715.4
1715.4
1715.4
1715.4
1715.4
1715.4
1715.4
1715.4
1715.4
1715.4
1715.4
1715.4
1715.4
1715.4
1715.4
1715.4
1715.4
1715.4
1715.4
1715.4
1715.4
1715.4
1715.4
1715.4
1715.4
1715.4
1715.4
1715.5
1715.5
1715.5
1715.5
1715.5
1715.5
1715.5
1715.5
1715.6
1715.6
1715.6
1715.6
1715.7
1715.9
1715.9
1715.9
1716.0
1716.0
1716.0
1716.0
1716.1
1716.1
1716.2
1716.2
1716.3
1716.3
1716.4
1716.5
1716.7
1716.8
1716.8
1716.9
1717.2
1717.3
1717.7
1717.8
1717.9
1718.0
1718.1
1718.2
1719.0
1719.0
1719.0
1719.0
1719.1
1719.1
1719.1
1719.1
1719.1
1719.1
1719.1
1719.1
1719.1
1719.1
1719.1
1719.1
1719.1
1719.1
1719.1
1719.1
1719.1
1719.1
1719.1
1719.1
1719.1
1719.1
1719.1
1719.1
1719.1
1719.1
1719.1
1719.2
1719.2
1719.2
1719.2
1719.2
1719.2
1719.2
1719.2
1719.2
1719.2
1719.2
1719.2
1719.2
1719.3
1719.3
1719.3
1719.3
1719.3
1719.3
1719.3
1719.3
1719.3
1719.3
1719.4
1719.4
1719.4
1719.4
1719.4
1719.4
1719.4
1719.5
1719.5
1719.5
1719.5
1719.6
1719.6
1719.6
1719.6
1719.6
1719.8
1719.8
1719.8
1719.9
1720.0
1720.2
1720.2
1720.3
1720.3
1720.4
1720.4
1720.5
1720.5
1720.5
1720.8
1720.9
1721.0
1721.1
1721.4
1721.6
1721.7
1721.8
1722.4
1722.4
1723.1
1723.1
1723.1
1723.2
1723.2
1723.2
1723.3
1723.3
1723.3
1723.3
1723.3
1723.3
1723.3
1723.3
1723.3
1723.4
1723.4
1723.4
1723.4
1723.4
1723.4
1723.4
1723.4
1723.4
1723.4
1723.4
1723.5
1723.5
1723.5
1723.5
1723.5
1723.5
1723.5
1723.5
1723.5
1723.6
1723.6
1723.6
1723.6
1723.6
1723.6
1723.6
1723.6
1723.7
1723.7
1723.7
1723.7
1723.8
1723.8
1723.8
1723.8
1723.8
1723.8
1723.8
1723.8
1723.9
1723.9
1723.9
1723.9
1723.9
1724.0
1724.0
1724.0
1724.0
1724.1
1724.1
1724.1
1724.2
1724.2
1724.3
1724.3
1724.3
1724.5
1724.5
1724.5
1724.6
1724.8
1724.9
1724.9
1725.0
1725.0
1725.3
1725.5
1725.6
1725.8
1725.9
1725.9
1725.9
1726.0
1726.4
1726.5
1726.9
1727.4
1727.8
1727.8
1728.2
1728.9
1729.2
1729.3
1729.6
1729.7
1729.7
1729.7
1729.9
1729.9
1729.9
1729.9
1729.9
1730.0
1730.0
1730.0
1730.0
1730.1
1730.1
1730.3
1730.3
1730.3
1730.3
1730.3
1730.3
1730.4
1730.4
1730.4
1730.5
1730.5
1730.6
1730.6
1730.6
1730.6
1730.7
1730.7
1730.8
1730.8
1730.9
1730.9
1730.9
1730.9
1731.0
1731.0
1731.0
1731.0
1731.0
1731.0
1731.1
1731.2
1731.2
1731.3
1731.3
1731.3
1731.4
1731.4
1731.5
1731.5
1731.5
1731.6
1731.7
1731.8
1731.8
1732.0
1732.1
1732.1
1732.1
1732.3
1732.4
1732.4
1732.5
1732.7
1732.9
1732.9
1733.0
1733.1
1733.2
1733.5
1733.6
1734.6
1734.7
1734.8
1734.8
1735.1
1736.0
1736.2
1736.3
1736.7
1736.9
1737.3
1737.3
1737.5
1737.8
1739.4
1739.6
1742.5
1745.0
1751.8
1756.7
1878.3
1878.3
1878.3
1878.3
1878.3
1878.3
1878.3
1878.3
1878.3
1878.3
1878.3
1878.3
1878.3
1878.3
1878.3
1878.3
1878.3
1878.3
1878.3
1878.3
1878.3
1878.3
1878.3
1878.3
1878.3
1878.3
1878.3
1878.3
1878.3
1878.3
1878.3
1878.3
1878.3
1878.3
1878.3
1878.3
1878.3
1878.3
1878.3
1878.3
1878.3
1878.3
1878.4
1878.4
1878.4
1878.4
1878.4
1878.4
1878.4
1878.4
1878.4
1878.4
1878.4
1878.4
1878.4
1878.4
1878.4
1878.4
1878.4
1878.4
1878.4
1878.4
1878.4
1878.4
1878.4
1878.4
1878.4
1878.4
1878.4
1878.5
1878.5
1878.5
1878.5
1878.5
1878.5
1878.5
1878.5
1878.5
1878.6
1878.6
1878.6
1878.7
1878.7
1878.7
1878.7
1878.7
1878.8
1878.8
1878.8
1878.8
1878.8
1878.9
1878.9
1878.9
1879.0
1879.1
1879.1
1879.1
1879.1
1879.2
1882.5
1882.5
1882.5
1882.5
1882.5
1882.5
1882.5
1882.5
1882.5
1882.5
1882.5
1882.5
1882.5
1882.5
1882.5
1882.5
1882.5
1882.5
1882.5
1882.5
1882.5
1882.5
1882.5
1882.5
1882.5
1882.5
1882.5
1882.5
1882.5
1882.5
1882.6
1882.6
1882.6
1882.6
1882.6
1882.6
1882.6
1882.6
1882.6
1882.6
1882.6
1882.6
1882.6
1882.6
1882.6
1882.6
1882.6
1882.6
1882.6
1882.6
1882.6
1882.6
1882.6
1882.6
1882.6
1882.6
1882.6
1882.6
1882.6
1882.6
1882.6
1882.6
1882.7
1882.7
1882.7
1882.7
1882.7
1882.8
1882.8
1882.8
1882.8
1882.9
1883.0
1883.1
1883.1
1883.2
1883.2
1883.2
1883.4
1883.4
1883.4
1883.5
1883.6
1883.6
1883.7
1883.7
1883.7
1883.8
1884.0
1884.0
1884.1
1884.2
1884.3
1884.4
1884.7
1884.7
1884.8
1884.9
1884.9
1885.0
1886.2
1886.2
1886.2
1886.2
1886.2
1886.2
1886.2
1886.2
1886.2
1886.2
1886.3
1886.3
1886.3
1886.3
1886.3
1886.3
1886.3
1886.3
1886.3
1886.3
1886.3
1886.3
1886.3
1886.3
1886.3
1886.3
1886.3
1886.3
1886.3
1886.3
1886.4
1886.4
1886.4
1886.4
1886.4
1886.4
1886.4
1886.4
1886.4
1886.4
1886.4
1886.4
1886.4
1886.4
1886.4
1886.4
1886.4
1886.5
1886.5
1886.5
1886.5
1886.5
1886.5
1886.5
1886.5
1886.6
1886.6
1886.6
1886.6
1886.6
1886.7
1886.8
1886.8
1886.8
1886.8
1886.9
1887.0
1887.0
1887.0
1887.0
1887.0
1887.1
1887.4
1887.4
1887.4
1887.6
1887.7
1888.0
1888.1
1888.1
1888.1
1888.2
1888.3
1888.3
1888.5
1888.7
1888.9
1888.9
1889.2
1889.4
1889.6
1889.9
1890.3
1890.3
1890.5
1890.8
1890.9
1890.9
1891.0
1891.0
1891.0
1891.0
1891.1
1891.1
1891.1
1891.1
1891.1
1891.1
1891.1
1891.1
1891.1
1891.2
1891.2
1891.2
1891.2
1891.2
1891.3
1891.3
1891.3
1891.3
1891.3
1891.3
1891.3
1891.4
1891.4
1891.4
1891.4
1891.4
1891.5
1891.5
1891.5
1891.5
1891.5
1891.5
1891.5
1891.5
1891.5
1891.5
1891.6
1891.6
1891.6
1891.6
1891.6
1891.6
1891.7
1891.7
1891.7
1891.7
1891.8
1891.8
1891.8
1891.8
1891.8
1891.8
1891.9
1891.9
1891.9
1892.0
1892.0
1892.0
1892.1
1892.2
1892.4
1892.4
1892.4
1892.5
1892.5
1892.7
1892.9
1892.9
1893.2
1893.3
1893.5
1893.6
1893.6
1894.0
1894.3
1894.6
1894.7
1894.8
1895.0
1895.0
1895.2
1895.5
1895.8
1896.6
1897.2
1897.4
1897.9
1898.1
1899.6
1899.9
1900.0
1900.2
1900.3
1900.3
1900.4
1900.6
1900.7
1900.8
1900.9
1900.9
1900.9
1901.1
1901.1
1901.1
1901.2
1901.3
1901.3
1901.5
1901.6
1901.6
1901.7
1901.8
1901.8
1901.9
1901.9
1902.2
1902.2
1902.3
1902.3
1902.4
1902.5
1902.5
1902.5
1902.6
1902.7
1902.7
1902.8
1902.8
1902.8
1903.0
1903.1
1903.1
1903.1
1903.2
1903.2
1903.4
1903.4
1903.5
1903.7
1903.7
1903.8
1904.1
1904.3
1904.3
1904.4
1904.5
1904.6
1904.7
1904.9
1905.1
1905.2
1905.4
1905.8
1906.9
1907.0
1907.2
1907.3
1907.4
1907.4
1907.6
1907.6
1907.8
1908.9
1910.0
1910.5
1912.2
1914.4
1914.6
1915.8
1917.1
1917.4
1921.9
1922.1
1929.9
1930.7
1930.8
1930.8
1930.9
1930.9
1930.9
1930.9
1930.9
1930.9
1930.9
1930.9
1930.9
1930.9
1930.9
1930.9
1930.9
1930.9
1930.9
1930.9
1930.9
1930.9
1930.9
1930.9
1930.9
1930.9
1930.9
1930.9
1930.9
1930.9
1930.9
1930.9
1930.9
1930.9
1930.9
1930.9
1930.9
1930.9
1930.9
1930.9
1930.9
1930.9
1930.9
1930.9
1930.9
1930.9
1930.9
1930.9
1931.0
1931.0
1931.0
1931.0
1931.0
1931.0
1931.0
1931.0
1931.0
1931.0
1931.0
1931.0
1931.0
1931.0
1931.0
1931.0
1931.0
1931.0
1931.0
1931.0
1931.0
1931.0
1931.0
1931.0
1931.1
1931.1
1931.1
1931.1
1931.1
1931.1
1931.1
1931.1
1931.1
1931.2
1931.2
1931.3
1931.3
1931.3
1931.4
1931.4
1931.4
1931.4
1931.5
1931.7
1931.7
1931.7
1931.9
1931.9
1932.0
1932.1
1932.2
1932.3
1935.9
1937.5
1937.5
1937.6
1937.6
1937.6
1937.6
1937.6
1937.7
1937.7
1937.7
1937.7
1937.7
1937.7
1937.7
1937.7
1937.7
1937.7
1937.8
1937.8
1937.8
1937.8
1937.8
1937.8
1937.8
1937.8
1937.8
1937.8
1937.8
1937.8
1937.8
1937.9
1937.9
1937.9
1937.9
1938.0
1938.0
1938.0
1938.0
1938.0
1938.0
1938.0
1938.1
1938.1
1938.1
1938.1
1938.1
1938.1
1938.1
1938.1
1938.1
1938.2
1938.2
1938.2
1938.2
1938.2
1938.2
1938.2
1938.2
1938.3
1938.3
1938.3
1938.3
1938.3
1938.4
1938.4
1938.5
1938.5
1938.6
1938.6
1938.7
1938.9
1938.9
1939.0
1939.0
1939.1
1939.1
1939.2
1939.8
1940.1
1940.1
1940.2
1940.7
1940.7
1940.7
1940.9
1941.8
1942.0
1942.0
1942.3
1942.8
1943.8
1943.8
1944.6
1944.7
1944.7
1944.7
1944.7
1944.8
1944.8
1944.9
1944.9
1944.9
1944.9
1944.9
1945.0
1945.0
1945.0
1945.0
1945.0
1945.0
1945.0
1945.1
1945.1
1945.1
1945.1
1945.1
1945.2
1945.2
1945.2
1945.2
1945.2
1945.3
1945.3
1945.3
1945.4
1945.4
1945.4
1945.6
1945.6
1945.7
1945.7
1946.0
1946.1
1946.1
1946.3
1946.5
1946.5
1946.5
1946.6
1946.6
1946.7
1946.9
1947.0
1947.1
1947.7
1947.7
1947.8
1947.9
1948.2
1948.3
1948.3
1948.5
1948.6
1948.7
1948.9
1949.2
1949.3
1949.3
1949.4
1949.4
1950.4
1950.6
1950.6
1950.7
1950.7
1951.0
1951.2
1951.3
1951.3
1951.4
1951.5
1951.7
1951.8
1951.8
1951.9
1951.9
1951.9
1951.9
1952.0
1952.1
1952.1
1952.2
1952.2
1952.4
1952.4
1952.5
1952.6
1952.8
1952.9
1953.0
1953.0
1953.4
1953.6
1953.7
1953.8
1953.8
1954.0
1954.1
1954.1
1954.1
1954.2
1954.2
1954.2
1954.3
1954.4
1954.8
1954.9
1955.2
1955.3
1955.4
1955.7
1955.9
1955.9
1956.3
1956.3
1956.4
1956.5
1956.8
1957.3
1957.5
1957.5
1958.0
1958.5
1958.6
1958.7
1959.3
1960.0
1960.1
1960.8
1961.0
1961.0
1961.2
1962.5
1962.7
1962.8
1963.4
1963.9
1964.6
1966.9
1968.0
1968.5
1973.2
1974.5
1978.7
1978.8
1980.7
2047.6
2047.6
2047.6
2047.6
2047.6
2047.6
2047.6
2047.6
2047.6
2047.6
2047.6
2047.6
2047.6
2047.6
2047.6
2047.6
2047.6
2047.6
2047.6
2047.6
2047.6
2047.6
2047.6
2047.6
2047.7
2047.7
2047.7
2047.7
2047.7
2047.7
2047.7
2047.7
2047.7
2047.7
2047.7
2047.7
2047.7
2047.7
2047.7
2047.7
2047.7
2047.7
2047.7
2047.7
2047.7
2047.7
2047.7
2047.7
2047.7
2047.7
2047.7
2047.7
2047.7
2047.7
2047.7
2047.7
2047.7
2047.7
2047.7
2047.7
2047.7
2047.7
2047.7
2047.7
2047.7
2047.8
2047.8
2047.8
2047.8
2047.8
2047.8
2047.9
2047.9
2047.9
2047.9
2048.0
2048.1
2048.1
2048.1
2048.1
2048.1
2048.1
2048.1
2048.2
2048.2
2048.2
2048.4
2048.4
2048.4
2048.6
2048.6
2048.7
2048.8
2048.8
2048.8
2049.0
2049.1
2049.1
2049.1
2049.2
2051.7
2051.7
2051.7
2051.7
2051.7
2051.7
2051.7
2051.7
2051.7
2051.7
2051.7
2051.7
2051.7
2051.7
2051.7
2051.7
2051.7
2051.7
2051.7
2051.7
2051.7
2051.7
2051.7
2051.7
2051.7
2051.7
2051.7
2051.7
2051.7
2051.7
2051.7
2051.7
2051.7
2051.7
2051.7
2051.7
2051.7
2051.7
2051.7
2051.7
2051.7
2051.7
2051.7
2051.7
2051.7
2051.7
2051.7
2051.7
2051.7
2051.7
2051.7
2051.7
2051.7
2051.7
2051.7
2051.7
2051.7
2051.7
2051.7
2051.7
2051.7
2051.8
2051.8
2051.8
2051.8
2051.8
2051.8
2051.8
2051.8
2051.9
2051.9
2051.9
2052.0
2052.2
2052.2
2052.2
2052.3
2052.3
2052.3
2052.3
2052.4
2052.4
2052.5
2052.6
2052.7
2052.7
2052.8
2052.9
2053.1
2053.2
2053.2
2053.4
2053.7
2053.7
2054.1
2054.2
2054.4
2054.5
2054.5
2054.6
2055.3
2055.3
2055.3
2055.3
2055.3
2055.4
2055.4
2055.4
2055.4
2055.4
2055.4
2055.4
2055.4
2055.4
2055.4
2055.4
2055.4
2055.4
2055.4
2055.4
2055.4
2055.4
2055.4
2055.4
2055.4
2055.4
2055.4
2055.4
2055.4
2055.4
2055.4
2055.4
2055.5
2055.5
2055.5
2055.5
2055.5
2055.5
2055.5
2055.5
2055.5
2055.5
2055.5
2055.5
2055.5
2055.5
2055.5
2055.6
2055.6
2055.6
2055.6
2055.6
2055.6
2055.6
2055.6
2055.6
2055.7
2055.7
2055.7
2055.7
2055.7
2055.7
2055.8
2055.8
2055.8
2055.8
2055.8
2055.9
2055.9
2055.9
2056.0
2056.1
2056.1
2056.2
2056.3
2056.5
2056.5
2056.6
2056.7
2056.7
2056.7
2056.8
2056.8
2056.9
2057.1
2057.3
2057.3
2057.4
2057.8
2058.0
2058.1
2058.2
2058.8
2058.9
2059.4
2059.5
2059.5
2059.6
2059.6
2059.6
2059.6
2059.6
2059.6
2059.6
2059.6
2059.6
2059.6
2059.7
2059.7
2059.7
2059.7
2059.7
2059.7
2059.7
2059.7
2059.7
2059.7
2059.7
2059.7
2059.8
2059.8
2059.8
2059.8
2059.8
2059.8
2059.8
2059.8
2059.9
2059.9
2059.9
2059.9
2059.9
2059.9
2059.9
2059.9
2059.9
2059.9
2060.0
2060.0
2060.0
2060.0
2060.0
2060.0
2060.1
2060.1
2060.1
2060.1
2060.1
2060.1
2060.2
2060.2
2060.2
2060.2
2060.3
2060.3
2060.3
2060.3
2060.3
2060.4
2060.4
2060.5
2060.5
2060.5
2060.6
2060.6
2060.7
2060.7
2060.7
2060.8
2060.9
2061.1
2061.2
2061.2
2061.2
2061.3
2061.6
2061.8
2062.0
2062.1
2062.2
2062.2
2062.3
2062.3
2062.7
2062.8
2063.3
2063.8
2064.2
2064.3
2064.7
2065.5
2065.5
2065.8
2065.9
2066.0
2066.0
2066.1
2066.1
2066.2
2066.2
2066.2
2066.2
2066.3
2066.3
2066.3
2066.3
2066.4
2066.4
2066.5
2066.6
2066.6
2066.7
2066.7
2066.7
2066.7
2066.7
2066.9
2066.9
2066.9
2066.9
2067.0
2067.0
2067.0
2067.1
2067.2
2067.2
2067.2
2067.2
2067.2
2067.2
2067.2
2067.2
2067.3
2067.3
2067.3
2067.3
2067.4
2067.4
2067.5
2067.5
2067.6
2067.6
2067.6
2067.7
2067.7
2067.8
2067.8
2067.9
2068.0
2068.2
2068.2
2068.3
2068.3
2068.4
2068.4
2068.6
2068.7
2068.7
2068.8
2069.0
2069.3
2069.3
2069.4
2069.5
2069.5
2069.8
2070.0
2070.1
2071.0
2071.0
2071.2
2071.2
2071.4
2072.4
2072.8
2072.9
2073.7
2073.8
2074.1
2074.2
2074.4
2074.8
2076.1
2076.9
2079.1
2079.9
2089.1
2102.0
2103.9
2214.7
2214.7
2214.7
2214.7
2214.7
2214.7
2214.7
2214.7
2214.7
2214.7
2214.7
2214.7
2214.7
2214.7
2214.7
2214.7
2214.7
2214.7
2214.8
2214.8
2214.8
2214.8
2214.8
2214.8
2214.8
2214.8
2214.8
2214.8
2214.8
2214.8
2214.8
2214.8
2214.8
2214.8
2214.8
2214.8
2214.8
2214.8
2214.8
2214.8
2214.8
2214.8
2214.8
2214.8
2214.8
2214.8
2214.8
2214.8
2214.8
2214.8
2214.8
2214.8
2214.8
2214.8
2214.8
2214.8
2214.8
2214.8
2214.8
2214.8
2214.8
2214.8
2214.8
2214.8
2214.8
2214.8
2214.8
2214.8
2214.9
2214.9
2214.9
2214.9
2214.9
2214.9
2214.9
2214.9
2214.9
2215.0
2215.0
2215.0
2215.0
2215.1
2215.1
2215.1
2215.1
2215.1
2215.2
2215.2
2215.2
2215.2
2215.2
2215.3
2215.3
2215.3
2215.4
2215.4
2215.5
2215.5
2215.5
2215.5
2218.8
2218.8
2218.9
2218.9
2218.9
2218.9
2218.9
2218.9
2218.9
2218.9
2218.9
2218.9
2218.9
2218.9
2218.9
2218.9
2218.9
2218.9
2218.9
2218.9
2218.9
2218.9
2218.9
2218.9
2218.9
2218.9
2218.9
2218.9
2218.9
2218.9
2218.9
2218.9
2218.9
2218.9
2218.9
2218.9
2218.9
2218.9
2218.9
2218.9
2218.9
2218.9
2218.9
2218.9
2218.9
2218.9
2218.9
2218.9
2218.9
2219.0
2219.0
2219.0
2219.0
2219.0
2219.0
2219.0
2219.0
2219.0
2219.0
2219.0
2219.0
2219.0
2219.0
2219.0
2219.0
2219.1
2219.1
2219.1
2219.1
2219.2
2219.2
2219.2
2219.4
2219.4
2219.4
2219.5
2219.5
2219.6
2219.7
2219.7
2219.7
2219.9
2219.9
2219.9
2220.0
2220.0
2220.0
2220.1
2220.3
2220.3
2220.4
2220.5
2220.6
2220.7
2220.9
2221.0
2221.0
2221.1
2221.2
2221.2
2222.5
2222.5
2222.5
2222.6
2222.6
2222.6
2222.6
2222.6
2222.6
2222.6
2222.6
2222.6
2222.6
2222.6
2222.6
2222.6
2222.7
2222.7
2222.7
2222.7
2222.7
2222.7
2222.7
2222.7
2222.7
2222.7
2222.7
2222.7
2222.7
2222.7
2222.7
2222.7
2222.7
2222.8
2222.8
2222.8
2222.8
2222.8
2222.8
2222.8
2222.8
2222.8
2222.8
2222.8
2222.8
2222.8
2222.8
2222.8
2222.9
2222.9
2222.9
2222.9
2222.9
2222.9
2222.9
2222.9
2222.9
2223.0
2223.0
2223.0
2223.1
2223.2
2223.2
2223.2
2223.2
2223.3
2223.3
2223.4
2223.4
2223.4
2223.4
2223.5
2223.7
2223.7
2223.7
2224.0
2224.0
2224.3
2224.4
2224.4
2224.5
2224.5
2224.6
2224.6
2224.8
2225.0
2225.2
2225.3
2225.5
2225.8
2226.0
2226.2
2226.6
2226.7
2226.9
2227.1
2227.3
2227.3
2227.4
2227.4
2227.4
2227.5
2227.5
2227.5
2227.5
2227.6
2227.6
2227.6
2227.6
2227.6
2227.6
2227.7
2227.7
2227.7
2227.7
2227.8
2227.8
2227.8
2227.8
2227.8
2227.8
2227.8
2227.8
2227.9
2227.9
2227.9
2228.0
2228.0
2228.0
2228.0
2228.0
2228.0
2228.0
2228.0
2228.0
2228.0
2228.1
2228.1
2228.1
2228.1
2228.1
2228.1
2228.1
2228.2
2228.2
2228.2
2228.2
2228.2
2228.2
2228.2
2228.3
2228.3
2228.3
2228.4
2228.4
2228.4
2228.5
2228.5
2228.5
2228.5
2228.7
2228.8
2228.9
2228.9
2229.0
2229.0
2229.0
2229.2
2229.4
2229.5
2229.7
2229.8
2230.1
2230.1
2230.1
2230.5
2230.8
2231.2
2231.2
2231.4
2231.4
2231.5
2231.8
2232.0
2232.5
2233.4
2234.0
2234.0
2234.6
2234.7
2236.9
2236.9
2237.1
2237.4
2237.5
2237.7
2237.7
2238.0
2238.2
2238.3
2238.3
2238.5
2238.6
2238.6
2238.7
2238.8
2238.9
2238.9
2238.9
2239.0
2239.1
2239.1
2239.2
2239.4
2239.6
2239.7
2239.7
2239.7
2239.8
2240.0
2240.0
2240.0
2240.2
2240.4
2240.5
2240.6
2240.7
2240.8
2240.8
2240.8
2240.9
2240.9
2241.0
2241.1
2241.1
2241.2
2241.5
2241.6
2241.7
2241.7
2241.8
2241.9
2241.9
2242.2
2242.2
2242.7
2243.2
2243.3
2243.4
2243.5
2243.6
2243.7
2243.8
2243.9
2245.7
2246.2
2247.0
2247.5
2247.7
2247.7
2248.0
2248.1
2249.2
2249.4
2249.9
2250.2
2252.5
2263.7
2266.3
2266.7
2266.7
2266.7
2266.8
2267.0
2267.0
2267.0
2267.0
2267.0
2267.0
2267.0
2267.0
2267.0
2267.0
2267.0
2267.0
2267.0
2267.0
2267.0
2267.0
2267.0
2267.0
2267.0
2267.0
2267.0
2267.0
2267.0
2267.0
2267.0
2267.0
2267.0
2267.0
2267.0
2267.0
2267.0
2267.0
2267.0
2267.0
2267.0
2267.0
2267.0
2267.0
2267.0
2267.0
2267.0
2267.0
2267.0
2267.0
2267.1
2267.1
2267.1
2267.1
2267.1
2267.1
2267.1
2267.1
2267.1
2267.1
2267.1
2267.1
2267.1
2267.1
2267.1
2267.1
2267.1
2267.1
2267.1
2267.1
2267.1
2267.1
2267.1
2267.1
2267.2
2267.2
2267.2
2267.2
2267.2
2267.2
2267.2
2267.2
2267.3
2267.3
2267.3
2267.4
2267.4
2267.4
2267.5
2267.5
2267.5
2267.6
2267.7
2267.8
2267.8
2267.9
2268.0
2268.0
2268.1
2268.1
2268.4
2273.1
2273.1
2273.7
2273.7
2273.7
2273.7
2273.8
2273.8
2273.8
2273.8
2273.8
2273.8
2273.8
2273.8
2273.9
2273.9
2273.9
2273.9
2273.9
2273.9
2273.9
2273.9
2273.9
2273.9
2273.9
2273.9
2274.0
2274.0
2274.0
2274.0
2274.0
2274.0
2274.0
2274.0
2274.0
2274.0
2274.1
2274.1
2274.1
2274.1
2274.1
2274.2
2274.2
2274.2
2274.2
2274.3
2274.3
2274.3
2274.3
2274.3
2274.3
2274.3
2274.3
2274.3
2274.3
2274.3
2274.3
2274.4
2274.4
2274.4
2274.5
2274.5
2274.5
2274.5
2274.5
2274.5
2274.6
2274.7
2274.8
2274.8
2274.8
2274.9
2274.9
2275.0
2275.0
2275.1
2275.2
2275.2
2275.3
2275.3
2276.1
2276.4
2276.8
2276.9
2277.0
2277.1
2277.3
2278.0
2278.1
2278.2
2278.2
2278.5
2279.0
2279.9
2280.3
2280.6
2280.7
2280.7
2280.7
2280.7
2280.8
2280.8
2280.9
2280.9
2280.9
2280.9
2280.9
2281.0
2281.0
2281.0
2281.0
2281.0
2281.0
2281.1
2281.1
2281.1
2281.1
2281.1
2281.1
2281.2
2281.2
2281.2
2281.3
2281.3
2281.3
2281.3
2281.4
2281.4
2281.4
2281.6
2281.6
2281.6
2281.7
2282.0
2282.0
2282.2
2282.4
2282.5
2282.6
2282.6
2282.7
2282.8
2282.8
2282.9
2283.0
2283.4
2283.5
2283.6
2283.6
2284.0
2284.0
2284.2
2284.2
2284.3
2284.3
2284.8
2284.9
2284.9
2284.9
2284.9
2285.2
2285.8
2285.9
2286.0
2286.0
2286.1
2286.3
2286.5
2286.7
2286.7
2286.7
2286.8
2286.9
2287.0
2287.2
2287.3
2287.3
2287.4
2287.6
2287.6
2287.6
2287.7
2287.8
2287.8
2287.9
2287.9
2288.1
2288.1
2288.2
2288.2
2288.3
2288.4
2288.6
2288.8
2288.9
2289.0
2289.0
2289.1
2289.2
2289.4
2289.4
2289.4
2289.5
2289.5
2289.5
2289.5
2289.7
2289.7
2289.8
2289.8
2290.2
2290.3
2290.5
2291.0
2291.0
2291.1
2291.3
2291.4
2291.6
2291.7
2291.7
2291.8
2292.6
2292.7
2292.8
2293.3
2293.4
2293.9
2294.2
2294.2
2294.3
2294.7
2296.1
2296.2
2296.2
2296.3
2296.3
2296.7
2297.5
2297.7
2298.6
2299.1
2301.0
2302.1
2304.1
2304.1
2304.7
2305.0
2306.1
2306.9
2309.1
2311.6
2313.4
2315.4
2317.4
2318.3
2323.8
2324.2
2384.0
2384.0
2384.0
2384.0
2384.1
2384.1
2384.1
2384.1
2384.1
2384.1
2384.1
2384.1
2384.1
2384.1
2384.1
2384.1
2384.1
2384.1
2384.1
2384.1
2384.1
2384.1
2384.1
2384.1
2384.1
2384.1
2384.1
2384.1
2384.1
2384.1
2384.1
2384.1
2384.1
2384.1
2384.1
2384.1
2384.1
2384.1
2384.1
2384.1
2384.1
2384.1
2384.1
2384.1
2384.1
2384.1
2384.1
2384.1
2384.1
2384.1
2384.1
2384.1
2384.1
2384.1
2384.1
2384.1
2384.1
2384.2
2384.2
2384.2
2384.2
2384.2
2384.2
2384.2
2384.2
2384.2
2384.2
2384.3
2384.3
2384.3
2384.3
2384.3
2384.4
2384.4
2384.4
2384.5
2384.5
2384.5
2384.6
2384.6
2384.6
2384.6
2384.6
2384.6
2384.6
2384.7
2384.8
2384.9
2384.9
2385.1
2385.1
2385.1
2385.3
2385.3
2385.3
2385.5
2385.6
2385.6
2385.6
2385.7
2388.0
2388.0
2388.0
2388.0
2388.0
2388.0
2388.0
2388.0
2388.0
2388.0
2388.0
2388.0
2388.0
2388.0
2388.0
2388.0
2388.0
2388.0
2388.0
2388.0
2388.0
2388.0
2388.0
2388.0
2388.0
2388.0
2388.0
2388.0
2388.0
2388.0
2388.0
2388.0
2388.0
2388.0
2388.0
2388.1
2388.1
2388.1
2388.1
2388.1
2388.1
2388.1
2388.1
2388.1
2388.1
2388.1
2388.1
2388.1
2388.1
2388.1
2388.1
2388.1
2388.1
2388.1
2388.1
2388.1
2388.1
2388.1
2388.1
2388.1
2388.1
2388.1
2388.1
2388.1
2388.2
2388.2
2388.2
2388.2
2388.2
2388.2
2388.2
2388.3
2388.3
2388.6
2388.6
2388.6
2388.6
2388.7
2388.7
2388.8
2388.8
2388.9
2388.9
2389.0
2389.1
2389.1
2389.3
2389.4
2389.6
2389.7
2389.8
2389.9
2390.3
2390.4
2390.8
2390.8
2391.0
2391.1
2391.1
2391.3
2391.7
2391.7
2391.7
2391.7
2391.7
2391.7
2391.7
2391.7
2391.7
2391.7
2391.7
2391.7
2391.7
2391.7
2391.7
2391.7
2391.7
2391.8
2391.8
2391.8
2391.8
2391.8
2391.8
2391.8
2391.8
2391.8
2391.8
2391.8
2391.8
2391.8
2391.8
2391.8
2391.8
2391.8
2391.8
2391.8
2391.8
2391.8
2391.8
2391.9
2391.9
2391.9
2391.9
2391.9
2391.9
2391.9
2391.9
2391.9
2391.9
2391.9
2391.9
2392.0
2392.0
2392.0
2392.0
2392.0
2392.0
2392.0
2392.0
2392.0
2392.1
2392.1
2392.1
2392.2
2392.2
2392.2
2392.2
2392.2
2392.3
2392.3
2392.4
2392.4
2392.4
2392.6
2392.7
2392.9
2392.9
2393.0
2393.0
2393.1
2393.1
2393.2
2393.2
2393.2
2393.5
2393.7
2393.8
2393.9
2394.4
2394.6
2394.6
2394.8
2395.5
2395.6
2395.7
2395.8
2395.8
2395.9
2395.9
2395.9
2395.9
2395.9
2395.9
2395.9
2396.0
2396.0
2396.0
2396.0
2396.0
2396.0
2396.0
2396.0
2396.0
2396.0
2396.1
2396.1
2396.1
2396.1
2396.1
2396.1
2396.1
2396.2
2396.2
2396.2
2396.2
2396.2
2396.2
2396.2
2396.2
2396.2
2396.2
2396.2
2396.2
2396.2
2396.3
2396.3
2396.3
2396.3
2396.3
2396.4
2396.4
2396.4
2396.4
2396.4
2396.4
2396.4
2396.4
2396.4
2396.5
2396.5
2396.5
2396.6
2396.6
2396.6
2396.6
2396.6
2396.6
2396.6
2396.8
2396.8
2396.8
2396.8
2396.9
2396.9
2397.1
2397.1
2397.1
2397.2
2397.2
2397.4
2397.5
2397.5
2397.6
2397.6
2397.6
2398.0
2398.2
2398.4
2398.5
2398.6
2398.6
2398.6
2398.7
2399.1
2399.2
2399.9
2400.2
2400.7
2400.9
2401.4
2401.8
2402.2
2402.2
2402.3
2402.3
2402.3
2402.3
2402.4
2402.5
2402.5
2402.5
2402.5
2402.6
2402.6
2402.6
2402.6
2402.6
2402.7
2402.8
2402.8
2402.9
2402.9
2402.9
2402.9
2402.9
2403.0
2403.1
2403.1
2403.1
2403.2
2403.2
2403.2
2403.3
2403.3
2403.4
2403.4
2403.5
2403.5
2403.5
2403.5
2403.5
2403.5
2403.5
2403.5
2403.6
2403.7
2403.8
2403.8
2403.8
2403.8
2403.9
2403.9
2403.9
2404.0
2404.0
2404.0
2404.1
2404.2
2404.3
2404.4
2404.4
2404.5
2404.5
2404.6
2404.8
2404.8
2404.8
2405.2
2405.4
2405.4
2405.5
2405.5
2405.7
2405.8
2406.1
2406.2
2406.8
2407.1
2407.2
2407.3
2407.4
2407.5
2407.5
2408.6
2408.9
2409.2
2409.8
2410.1
2410.6
2410.7
2412.6
2412.7
2412.9
2413.1
2415.1
2421.0
2433.5
2551.1
2551.1
2551.1
2551.1
2551.1
2551.1
2551.1
2551.1
2551.1
2551.1
2551.1
2551.1
2551.1
2551.1
2551.1
2551.1
2551.1
2551.1
2551.1
2551.1
2551.1
2551.1
2551.1
2551.1
2551.1
2551.1
2551.1
2551.1
2551.1
2551.1
2551.1
2551.1
2551.1
2551.1
2551.1
2551.1
2551.1
2551.1
2551.1
2551.1
2551.1
2551.1
2551.1
2551.1
2551.1
2551.1
2551.1
2551.1
2551.1
2551.1
2551.1
2551.1
2551.1
2551.1
2551.1
2551.1
2551.1
2551.1
2551.1
2551.1
2551.1
2551.1
2551.1
2551.2
2551.2
2551.2
2551.2
2551.2
2551.2
2551.2
2551.2
2551.2
2551.3
2551.3
2551.3
2551.3
2551.3
2551.3
2551.3
2551.4
2551.4
2551.4
2551.4
2551.4
2551.5
2551.5
2551.5
2551.5
2551.5
2551.5
2551.6
2551.6
2551.7
2551.7
2551.7
2551.8
2551.8
2551.8
2551.8
2551.9
2555.2
2555.2
2555.2
2555.2
2555.2
2555.2
2555.2
2555.2
2555.2
2555.2
2555.2
2555.2
2555.2
2555.2
2555.2
2555.2
2555.2
2555.2
2555.2
2555.2
2555.2
2555.2
2555.2
2555.2
2555.2
2555.2
2555.2
2555.2
2555.2
2555.3
2555.3
2555.3
2555.3
2555.3
2555.3
2555.3
2555.3
2555.3
2555.3
2555.3
2555.3
2555.3
2555.3
2555.3
2555.3
2555.3
2555.3
2555.3
2555.3
2555.3
2555.3
2555.3
2555.3
2555.3
2555.3
2555.3
2555.3
2555.3
2555.3
2555.3
2555.3
2555.3
2555.4
2555.4
2555.4
2555.4
2555.4
2555.5
2555.5
2555.5
2555.5
2555.6
2555.7
2555.8
2555.8
2555.8
2555.9
2555.9
2556.0
2556.0
2556.0
2556.2
2556.2
2556.3
2556.4
2556.4
2556.4
2556.4
2556.6
2556.6
2556.7
2556.8
2556.9
2557.0
2557.3
2557.3
2557.3
2557.5
2557.5
2557.6
2558.9
2558.9
2558.9
2558.9
2558.9
2558.9
2558.9
2558.9
2558.9
2558.9
2558.9
2559.0
2559.0
2559.0
2559.0
2559.0
2559.0
2559.0
2559.0
2559.0
2559.0
2559.0
2559.0
2559.0
2559.0
2559.0
2559.0
2559.0
2559.0
2559.0
2559.1
2559.1
2559.1
2559.1
2559.1
2559.1
2559.1
2559.1
2559.1
2559.1
2559.1
2559.1
2559.1
2559.1
2559.1
2559.1
2559.2
2559.2
2559.2
2559.2
2559.2
2559.2
2559.2
2559.2
2559.2
2559.3
2559.3
2559.3
2559.3
2559.3
2559.4
2559.5
2559.5
2559.5
2559.5
2559.6
2559.7
2559.7
2559.7
2559.7
2559.7
2559.8
2560.1
2560.1
2560.1
2560.3
2560.4
2560.6
2560.8
2560.8
2560.8
2560.9
2561.0
2561.0
2561.2
2561.4
2561.6
2561.6
2561.9
2562.1
2562.3
2562.5
2563.0
2563.0
2563.2
2563.5
2563.7
2563.7
2563.7
2563.7
2563.8
2563.8
2563.8
2563.8
2563.9
2563.9
2563.9
2563.9
2563.9
2563.9
2564.0
2564.0
2564.0
2564.0
2564.1
2564.1
2564.1
2564.1
2564.1
2564.1
2564.2
2564.2
2564.2
2564.2
2564.2
2564.2
2564.3
2564.3
2564.3
2564.3
2564.3
2564.3
2564.3
2564.3
2564.4
2564.4
2564.4
2564.4
2564.4
2564.4
2564.4
2564.4
2564.4
2564.5
2564.5
2564.5
2564.5
2564.5
2564.6
2564.6
2564.6
2564.7
2564.7
2564.7
2564.7
2564.7
2564.8
2564.8
2564.8
2564.8
2565.0
2565.1
2565.2
2565.3
2565.3
2565.3
2565.3
2565.5
2565.7
2565.8
2566.1
2566.1
2566.4
2566.4
2566.5
2566.9
2567.1
2567.4
2567.5
2567.7
2567.8
2567.8
2568.2
2568.3
2568.7
2569.4
2570.2
2570.4
2570.9
2571.1
2573.0
2573.2
2573.2
2573.8
2573.9
2574.0
2574.1
2574.3
2574.5
2574.6
2574.8
2574.8
2574.8
2574.9
2575.0
2575.1
2575.1
2575.2
2575.2
2575.3
2575.5
2575.6
2575.6
2575.6
2575.7
2575.7
2575.9
2575.9
2576.2
2576.4
2576.4
2576.5
2576.6
2576.7
2576.7
2576.8
2576.8
2576.9
2577.0
2577.1
2577.2
2577.2
2577.3
2577.3
2577.4
2577.5
2577.5
2577.8
2577.9
2578.1
2578.2
2578.4
2578.4
2578.4
2578.7
2578.8
2579.1
2579.4
2579.4
2579.5
2579.7
2579.9
2580.1
2580.1
2582.1
2582.4
2582.9
2583.0
2583.2
2583.6
2584.0
2584.3
2584.4
2585.0
2586.6
2586.7
2588.8
2598.5
2601.3
2603.4
2603.6
2603.7
2603.8
2603.9
2603.9
2604.0
2604.0
2604.0
2604.0
2604.0
2604.0
2604.0
2604.0
2604.0
2604.0
2604.0
2604.0
2604.0
2604.0
2604.0
2604.0
2604.0
2604.0
2604.0
2604.0
2604.0
2604.0
2604.0
2604.0
2604.0
2604.0
2604.0
2604.0
2604.0
2604.0
2604.0
2604.0
2604.0
2604.0
2604.0
2604.0
2604.0
2604.0
2604.0
2604.1
2604.1
2604.1
2604.1
2604.1
2604.1
2604.1
2604.1
2604.1
2604.1
2604.1
2604.1
2604.1
2604.1
2604.1
2604.1
2604.1
2604.1
2604.1
2604.1
2604.1
2604.1
2604.1
2604.1
2604.1
2604.1
2604.1
2604.2
2604.2
2604.2
2604.2
2604.2
2604.2
2604.2
2604.3
2604.3
2604.3
2604.3
2604.3
2604.4
2604.4
2604.4
2604.5
2604.5
2604.5
2604.6
2604.7
2604.8
2604.8
2604.8
2605.0
2605.0
2605.1
2605.4
2607.3
2609.4
2609.8
2610.6
2610.7
2610.7
2610.7
2610.8
2610.8
2610.8
2610.8
2610.8
2610.8
2610.8
2610.8
2610.9
2610.9
2610.9
2610.9
2610.9
2610.9
2610.9
2610.9
2610.9
2610.9
2610.9
2610.9
2611.0
2611.0
2611.0
2611.0
2611.0
2611.0
2611.0
2611.0
2611.0
2611.0
2611.1
2611.1
2611.1
2611.1
2611.2
2611.2
2611.2
2611.2
2611.3
2611.3
2611.3
2611.3
2611.3
2611.3
2611.3
2611.3
2611.3
2611.3
2611.3
2611.4
2611.4
2611.4
2611.4
2611.4
2611.5
2611.5
2611.5
2611.5
2611.5
2611.6
2611.6
2611.6
2611.7
2611.7
2611.8
2611.8
2611.9
2612.0
2612.1
2612.1
2612.2
2612.3
2612.3
2613.3
2613.5
2613.9
2613.9
2614.1
2614.2
2614.3
2614.8
2615.1
2615.2
2615.3
2615.6
2616.1
2617.0
2617.4
2617.9
2618.0
2618.0
2618.0
2618.0
2618.1
2618.1
2618.2
2618.2
2618.2
2618.3
2618.3
2618.3
2618.3
2618.3
2618.4
2618.4
2618.4
2618.4
2618.4
2618.4
2618.4
2618.4
2618.5
2618.5
2618.5
2618.5
2618.5
2618.6
2618.6
2618.6
2618.6
2618.7
2618.7
2618.7
2618.9
2618.9
2619.0
2619.2
2619.4
2619.4
2619.8
2619.8
2620.0
2620.0
2620.0
2620.2
2620.3
2620.4
2620.5
2620.8
2621.1
2621.1
2621.2
2621.3
2621.6
2621.7
2621.7
2622.0
2622.0
2622.1
2622.2
2622.7
2622.7
2622.8
2622.9
2622.9
2623.8
2623.9
2624.0
2624.1
2624.1
2624.5
2624.6
2624.6
2624.6
2624.7
2624.8
2625.0
2625.1
2625.1
2625.2
2625.2
2625.2
2625.2
2625.3
2625.3
2625.4
2625.5
2625.5
2625.7
2625.7
2625.7
2625.9
2626.0
2626.1
2626.2
2626.3
2626.6
2627.0
2627.0
2627.1
2627.2
2627.2
2627.2
2627.3
2627.3
2627.3
2627.4
2627.6
2627.6
2627.7
2628.1
2628.2
2628.3
2628.8
2628.8
2629.1
2629.1
2629.2
2629.2
2629.5
2629.7
2629.8
2629.8
2630.2
2631.3
2631.3
2631.5
2632.0
2632.0
2632.5
2632.8
2632.9
2632.9
2633.8
2634.4
2634.5
2635.4
2635.4
2636.2
2636.5
2637.5
2637.9
2638.3
2639.8
2640.1
2641.2
2650.5
2650.9
2720.2
2720.2
2720.2
2720.3
2720.3
2720.3
2720.3
2720.3
2720.3
2720.3
2720.3
2720.3
2720.3
2720.3
2720.3
2720.3
2720.3
2720.3
2720.3
2720.3
2720.3
2720.3
2720.3
2720.3
2720.3
2720.3
2720.3
2720.3
2720.3
2720.3
2720.3
2720.3
2720.3
2720.3
2720.3
2720.3
2720.3
2720.3
2720.3
2720.3
2720.3
2720.3
2720.3
2720.3
2720.3
2720.3
2720.3
2720.3
2720.3
2720.3
2720.3
2720.3
2720.3
2720.3
2720.3
2720.3
2720.3
2720.3
2720.3
2720.3
2720.3
2720.3
2720.4
2720.4
2720.4
2720.4
2720.4
2720.4
2720.5
2720.5
2720.5
2720.5
2720.5
2720.6
2720.6
2720.7
2720.7
2720.7
2720.7
2720.7
2720.8
2720.8
2720.8
2720.8
2720.8
2720.8
2721.0
2721.0
2721.1
2721.2
2721.2
2721.3
2721.4
2721.4
2721.5
2721.6
2721.7
2721.8
2721.8
2721.8
2724.3
2724.3
2724.3
2724.3
2724.3
2724.3
2724.3
2724.3
2724.3
2724.3
2724.4
2724.4
2724.4
2724.4
2724.4
2724.4
2724.4
2724.4
2724.4
2724.4
2724.4
2724.4
2724.4
2724.4
2724.4
2724.4
2724.4
2724.4
2724.4
2724.4
2724.4
2724.4
2724.4
2724.4
2724.4
2724.4
2724.4
2724.4
2724.4
2724.4
2724.4
2724.4
2724.4
2724.4
2724.4
2724.4
2724.4
2724.4
2724.4
2724.4
2724.4
2724.4
2724.4
2724.4
2724.4
2724.4
2724.4
2724.4
2724.4
2724.4
2724.4
2724.4
2724.4
2724.5
2724.5
2724.5
2724.5
2724.5
2724.5
2724.5
2724.6
2724.6
2724.7
2724.8
2724.9
2724.9
2724.9
2724.9
2724.9
2724.9
2725.0
2725.1
2725.1
2725.2
2725.3
2725.3
2725.4
2725.5
2725.7
2725.8
2725.9
2726.0
2726.3
2726.4
2726.7
2726.9
2727.0
2727.1
2727.1
2727.2
2728.0
2728.0
2728.0
2728.0
2728.0
2728.0
2728.0
2728.0
2728.0
2728.0
2728.0
2728.0
2728.0
2728.1
2728.1
2728.1
2728.1
2728.1
2728.1
2728.1
2728.1
2728.1
2728.1
2728.1
2728.1
2728.1
2728.1
2728.1
2728.1
2728.1
2728.1
2728.1
2728.1
2728.1
2728.1
2728.1
2728.1
2728.2
2728.2
2728.2
2728.2
2728.2
2728.2
2728.2
2728.2
2728.2
2728.2
2728.2
2728.2
2728.3
2728.3
2728.3
2728.3
2728.3
2728.3
2728.3
2728.3
2728.4
2728.4
2728.4
2728.4
2728.4
2728.4
2728.5
2728.5
2728.5
2728.5
2728.5
2728.6
2728.6
2728.7
2728.7
2728.7
2728.9
2728.9
2729.1
2729.1
2729.3
2729.3
2729.3
2729.4
2729.4
2729.5
2729.5
2729.8
2729.9
2729.9
2730.1
2730.4
2730.6
2730.8
2730.8
2731.4
2731.5
2732.1
2732.1
2732.1
2732.2
2732.2
2732.2
2732.3
2732.3
2732.3
2732.3
2732.3
2732.3
2732.3
2732.3
2732.3
2732.3
2732.3
2732.3
2732.4
2732.4
2732.4
2732.4
2732.4
2732.4
2732.4
2732.4
2732.4
2732.4
2732.4
2732.5
2732.5
2732.5
2732.5
2732.5
2732.5
2732.5
2732.5
2732.5
2732.5
2732.5
2732.6
2732.6
2732.6
2732.6
2732.6
2732.7
2732.7
2732.7
2732.7
2732.7
2732.7
2732.7
2732.7
2732.8
2732.8
2732.8
2732.9
2732.9
2732.9
2732.9
2732.9
2732.9
2733.0
2733.0
2733.0
2733.1
2733.1
2733.2
2733.2
2733.2
2733.2
2733.3
2733.4
2733.4
2733.5
2733.6
2733.8
2733.9
2733.9
2733.9
2734.0
2734.3
2734.5
2734.5
2734.8
2734.9
2734.9
2734.9
2735.0
2735.4
2735.5
2735.9
2736.4
2736.8
2736.9
2737.3
2738.1
2738.2
2738.3
2738.6
2738.6
2738.7
2738.7
2738.8
2738.9
2738.9
2738.9
2738.9
2738.9
2739.0
2739.0
2739.0
2739.1
2739.1
2739.2
2739.3
2739.3
2739.3
2739.3
2739.4
2739.4
2739.4
2739.5
2739.5
2739.5
2739.6
2739.6
2739.6
2739.6
2739.6
2739.7
2739.8
2739.8
2739.8
2739.9
2739.9
2739.9
2739.9
2739.9
2739.9
2740.0
2740.0
2740.0
2740.0
2740.1
2740.2
2740.2
2740.3
2740.3
2740.3
2740.3
2740.4
2740.4
2740.6
2740.6
2740.7
2740.8
2740.9
2741.0
2741.0
2741.1
2741.2
2741.3
2741.3
2741.4
2741.7
2741.8
2741.9
2742.0
2742.0
2742.2
2742.5
2742.5
2742.6
2743.6
2743.6
2743.8
2743.8
2744.0
2745.0
2745.2
2745.3
2746.3
2746.3
2746.6
2746.6
2746.7
2746.9
2748.8
2749.3
2751.0
2752.2
2760.9
2762.0
2767.9
2887.3
2887.3
2887.3
2887.3
2887.3
2887.3
2887.4
2887.4
2887.4
2887.4
2887.4
2887.4
2887.4
2887.4
2887.4
2887.4
2887.4
2887.4
2887.4
2887.4
2887.4
2887.4
2887.4
2887.4
2887.4
2887.4
2887.4
2887.4
2887.4
2887.4
2887.4
2887.4
2887.4
2887.4
2887.4
2887.4
2887.4
2887.4
2887.4
2887.4
2887.4
2887.4
2887.4
2887.4
2887.4
2887.4
2887.4
2887.4
2887.4
2887.4
2887.4
2887.4
2887.4
2887.4
2887.4
2887.4
2887.4
2887.4
2887.4
2887.4
2887.4
2887.4
2887.4
2887.4
2887.4
2887.5
2887.5
2887.5
2887.5
2887.5
2887.5
2887.5
2887.5
2887.6
2887.6
2887.6
2887.6
2887.6
2887.6
2887.7
2887.7
2887.7
2887.8
2887.8
2887.8
2887.8
2887.8
2887.8
2887.9
2887.9
2887.9
2888.0
2888.0
2888.0
2888.1
2888.1
2888.1
2888.2
2888.2
2888.3
2891.5
2891.5
2891.5
2891.5
2891.5
2891.5
2891.5
2891.5
2891.5
2891.5
2891.5
2891.5
2891.5
2891.5
2891.5
2891.5
2891.5
2891.5
2891.5
2891.5
2891.5
2891.5
2891.5
2891.5
2891.5
2891.5
2891.5
2891.5
2891.6
2891.6
2891.6
2891.6
2891.6
2891.6
2891.6
2891.6
2891.6
2891.6
2891.6
2891.6
2891.6
2891.6
2891.6
2891.6
2891.6
2891.6
2891.6
2891.6
2891.6
2891.6
2891.6
2891.6
2891.6
2891.6
2891.6
2891.6
2891.6
2891.6
2891.6
2891.6
2891.6
2891.7
2891.7
2891.7
2891.7
2891.7
2891.7
2891.8
2891.8
2891.8
2891.8
2891.9
2892.0
2892.1
2892.1
2892.2
2892.2
2892.2
2892.4
2892.4
2892.4
2892.6
2892.6
2892.6
2892.7
2892.7
2892.8
2892.8
2893.0
2893.0
2893.1
2893.2
2893.3
2893.5
2893.7
2893.8
2893.8
2893.9
2893.9
2894.0
2895.1
2895.1
2895.2
2895.2
2895.2
2895.2
2895.2
2895.2
2895.2
2895.2
2895.2
2895.3
2895.3
2895.3
2895.3
2895.3
2895.3
2895.3
2895.3
2895.3
2895.3
2895.3
2895.3
2895.3
2895.3
2895.3
2895.3
2895.3
2895.3
2895.3
2895.4
2895.4
2895.4
2895.4
2895.4
2895.4
2895.4
2895.4
2895.4
2895.4
2895.4
2895.4
2895.4
2895.4
2895.4
2895.4
2895.4
2895.4
2895.5
2895.5
2895.5
2895.5
2895.5
2895.5
2895.5
2895.6
2895.6
2895.6
2895.6
2895.6
2895.7
2895.8
2895.8
2895.8
2895.8
2895.9
2896.0
2896.0
2896.0
2896.0
2896.0
2896.1
2896.4
2896.4
2896.4
2896.6
2896.7
2897.0
2897.1
2897.1
2897.1
2897.2
2897.3
2897.3
2897.5
2897.7
2897.9
2897.9
2898.2
2898.5
2898.7
2898.9
2899.3
2899.3
2899.6
2899.8
2899.9
2899.9
2900.0
2900.0
2900.0
2900.0
2900.1
2900.1
2900.1
2900.1
2900.1
2900.1
2900.1
2900.1
2900.1
2900.2
2900.2
2900.2
2900.2
2900.3
2900.3
2900.3
2900.3
2900.3
2900.3
2900.3
2900.3
2900.4
2900.4
2900.4
2900.5
2900.5
2900.5
2900.5
2900.5
2900.5
2900.5
2900.5
2900.5
2900.5
2900.5
2900.5
2900.6
2900.6
2900.6
2900.6
2900.6
2900.6
2900.7
2900.7
2900.7
2900.7
2900.8
2900.8
2900.8
2900.8
2900.8
2900.9
2900.9
2900.9
2901.0
2901.0
2901.0
2901.0
2901.2
2901.2
2901.4
2901.4
2901.4
2901.5
2901.5
2901.7
2901.9
2901.9
2902.2
2902.3
2902.5
2902.6
2902.6
2903.0
2903.3
2903.7
2903.7
2903.9
2904.0
2904.0
2904.2
2904.5
2904.9
2905.8
2906.4
2906.6
2907.0
2907.4
2908.8
2909.3
2909.3
2909.4
2909.4
2909.4
2909.6
2909.8
2910.0
2910.0
2910.1
2910.1
2910.2
2910.3
2910.4
2910.4
2910.5
2910.5
2910.5
2910.7
2910.7
2910.9
2911.1
2911.1
2911.1
2911.1
2911.3
2911.4
2911.5
2911.5
2911.7
2911.7
2911.7
2911.7
2911.7
2911.8
2912.0
2912.0
2912.0
2912.0
2912.1
2912.2
2912.2
2912.4
2912.4
2912.6
2912.7
2912.7
2912.8
2912.8
2913.0
2913.0
2913.3
2913.6
2913.7
2913.7
2913.8
2913.9
2914.0
2914.2
2914.2
2914.3
2914.4
2914.5
2915.1
2916.3
2916.4
2916.6
2916.7
2917.3
2917.4
2917.6
2917.7
2917.9
2918.3
2919.0
2920.5
2922.6
2925.1
2927.3
2927.9
2928.4
2930.2
2931.2
2937.0
2939.3
2939.4
2939.5
2939.5
2939.5
2939.6
2939.6
2939.6
2939.6
2939.6
2939.6
2939.6
2939.6
2939.6
2939.6
2939.6
2939.6
2939.6
2939.6
2939.6
2939.6
2939.6
2939.6
2939.6
2939.6
2939.6
2939.6
2939.6
2939.6
2939.6
2939.6
2939.6
2939.6
2939.6
2939.6
2939.6
2939.6
2939.6
2939.6
2939.6
2939.6
2939.6
2939.6
2939.6
2939.6
2939.6
2939.7
2939.7
2939.7
2939.7
2939.7
2939.7
2939.7
2939.7
2939.7
2939.7
2939.7
2939.7
2939.7
2939.7
2939.7
2939.7
2939.7
2939.7
2939.7
2939.7
2939.7
2939.7
2939.7
2939.7
2939.7
2939.8
2939.8
2939.8
2939.8
2939.8
2939.8
2939.8
2939.8
2939.8
2939.9
2939.9
2939.9
2939.9
2940.0
2940.0
2940.1
2940.1
2940.1
2940.3
2940.4
2940.4
2940.4
2940.6
2940.6
2940.7
2940.9
2940.9
2941.0
2942.0
2946.2
2946.2
2946.3
2946.3
2946.3
2946.3
2946.3
2946.4
2946.4
2946.4
2946.4
2946.4
2946.4
2946.4
2946.4
2946.4
2946.4
2946.5
2946.5
2946.5
2946.5
2946.5
2946.5
2946.5
2946.5
2946.5
2946.5
2946.5
2946.5
2946.5
2946.6
2946.6
2946.6
2946.6
2946.6
2946.7
2946.7
2946.7
2946.7
2946.7
2946.7
2946.7
2946.8
2946.8
2946.8
2946.8
2946.8
2946.9
2946.9
2946.9
2946.9
2946.9
2946.9
2946.9
2946.9
2946.9
2946.9
2946.9
2946.9
2947.0
2947.0
2947.0
2947.0
2947.0
2947.1
2947.1
2947.2
2947.2
2947.3
2947.3
2947.4
2947.5
2947.6
2947.7
2947.7
2947.8
2947.8
2947.9
2948.3
2948.8
2948.8
2949.3
2949.4
2949.4
2949.5
2950.5
2950.6
2950.7
2950.9
2951.5
2952.4
2952.5
2953.0
2953.1
2953.2
2953.2
2953.2
2953.2
2953.3
2953.3
2953.4
2953.4
2953.4
2953.4
2953.5
2953.5
2953.5
2953.6
2953.6
2953.6
2953.6
2953.6
2953.6
2953.6
2953.6
2953.6
2953.7
2953.7
2953.7
2953.8
2953.8
2953.8
2953.8
2953.8
2953.8
2953.9
2953.9
2954.1
2954.1
2954.3
2954.4
2954.5
2954.6
2954.7
2954.8
2954.8
2954.9
2955.0
2955.1
2955.1
2955.1
2955.2
2955.3
2955.4
2955.6
2956.0
2956.0
2956.1
2956.1
2956.5
2956.6
2956.7
2956.8
2956.8
2956.8
2957.3
2957.4
2957.4
2957.5
2957.5
2957.5
2958.4
2958.5
2958.6
2958.6
2958.8
2959.0
2959.0
2959.3
2959.4
2959.4
2959.5
2959.6
2959.6
2959.8
2959.9
2960.0
2960.1
2960.2
2960.3
2960.3
2960.4
2960.5
2960.5
2960.7
2960.7
2960.7
2960.8
2961.0
2961.0
2961.2
2961.4
2961.4
2961.6
2961.6
2962.0
2962.0
2962.0
2962.3
2962.3
2962.4
2962.4
2962.4
2962.4
2962.4
2962.4
2962.5
2963.0
2963.1
2963.4
2963.5
2964.0
2964.0
2964.1
2964.6
2964.6
2964.6
2964.7
2964.8
2964.9
2966.0
2966.0
2966.7
2966.8
2966.9
2967.0
2967.6
2967.7
2968.0
2968.1
2969.4
2969.8
2970.4
2970.8
2971.2
2973.8
2974.6
2975.0
2975.7
2975.9
2976.9
2977.5
2982.1
2983.1
2983.8
2985.9
2986.1
2989.5
