257.8
257.9
257.9
257.9
257.9
257.9
257.9
257.9
258.0
258.0
258.0
258.0
258.0
258.0
258.0
258.0
258.0
258.0
258.0
258.0
258.1
258.1
258.1
258.1
258.1
258.1
258.1
258.2
258.2
258.2
258.2
258.2
258.3
258.3
258.3
258.4
258.4
258.5
258.5
258.5
258.6
258.6
258.6
258.6
258.6
258.6
258.6
258.6
258.7
258.7
258.8
258.8
258.8
258.9
258.9
258.9
258.9
259.0
259.0
259.0
259.0
259.1
259.1
259.1
259.2
259.4
259.4
259.5
259.5
259.6
259.7
259.8
259.8
259.9
260.0
260.0
260.1
260.1
260.2
260.4
260.5
260.6
260.7
260.8
260.8
260.9
261.0
261.2
261.3
262.1
262.1
262.1
262.7
262.9
262.9
262.9
263.0
263.0
263.0
263.1
263.1
263.1
263.2
263.2
263.2
263.3
263.3
263.3
263.3
263.3
263.4
263.4
263.4
263.4
263.5
263.5
263.5
263.5
263.5
263.5
263.5
263.5
263.6
263.6
263.6
263.6
263.6
263.6
263.6
263.7
263.7
263.7
263.8
263.8
263.8
263.8
263.8
263.8
263.9
263.9
263.9
263.9
263.9
264.0
264.0
264.0
264.1
264.1
264.1
264.1
264.2
264.3
264.3
264.3
264.4
264.4
264.5
264.7
264.7
264.7
264.7
264.7
264.8
264.8
264.9
264.9
264.9
264.9
265.0
265.1
265.2
265.3
265.3
265.4
265.5
265.6
265.8
266.0
266.2
266.2
266.3
266.6
266.7
266.7
266.7
266.7
267.4
267.5
268.3
269.0
269.2
269.3
269.7
269.7
269.8
270.0
270.1
270.2
270.2
270.3
270.4
270.4
270.4
270.5
270.6
270.7
270.7
270.7
270.8
270.9
270.9
270.9
271.0
271.0
271.1
271.1
271.1
271.2
271.2
271.2
271.3
271.3
271.3
271.4
271.5
271.6
271.6
271.6
271.6
271.6
271.7
271.7
271.8
271.8
271.9
271.9
272.0
272.0
272.0
272.0
272.0
272.2
272.2
272.3
272.3
272.3
272.3
272.4
272.4
272.5
272.5
272.5
272.6
272.6
272.7
272.8
272.8
272.9
273.0
273.0
273.0
273.1
273.1
273.1
273.4
273.4
273.4
273.5
273.5
273.6
273.6
273.6
273.7
273.9
273.9
274.0
274.3
274.5
274.5
274.6
274.9
275.0
275.3
275.3
275.5
275.9
277.1
277.8
278.5
278.8
280.7
281.6
284.9
290.2
293.1
293.2
298.2
300.8
303.7
425.9
426.0
426.0
426.0
426.0
426.0
426.1
426.1
426.1
426.1
426.1
426.1
426.1
426.1
426.1
426.1
426.1
426.2
426.2
426.2
426.2
426.2
426.2
426.3
426.3
426.3
426.3
426.3
426.3
426.3
426.3
426.3
426.3
426.4
426.4
426.4
426.4
426.4
426.4
426.4
426.5
426.5
426.5
426.5
426.5
426.5
426.6
426.6
426.6
426.6
426.7
426.7
426.7
426.7
426.8
426.8
426.8
426.8
426.9
427.0
427.1
427.1
427.1
427.1
427.3
427.3
427.3
427.4
427.5
427.5
427.5
427.7
427.8
427.8
427.9
428.1
428.1
428.4
428.5
428.5
428.7
428.7
428.8
428.8
428.9
429.0
429.3
429.6
429.9
430.4
430.8
430.9
430.9
430.9
431.0
431.0
431.0
431.0
431.1
431.1
431.2
431.2
431.3
431.3
431.3
431.3
431.3
431.4
431.4
431.4
431.4
431.4
431.4
431.4
431.5
431.5
431.5
431.5
431.5
431.5
431.6
431.6
431.6
431.6
431.6
431.6
431.6
431.7
431.7
431.7
431.7
431.7
431.7
431.7
431.7
431.8
431.8
431.8
431.8
431.8
431.8
431.8
431.9
432.0
432.0
432.0
432.0
432.1
432.1
432.1
432.2
432.3
432.3
432.6
432.7
432.7
432.7
432.7
432.9
432.9
433.1
433.1
433.1
433.2
433.5
433.5
433.5
433.6
433.9
434.0
434.1
434.2
434.2
434.3
434.4
434.6
434.9
435.0
435.2
435.3
435.5
435.5
435.6
435.9
436.2
436.6
436.7
437.4
437.5
437.9
438.0
438.2
438.2
438.3
438.3
438.4
438.5
438.6
438.7
438.7
438.8
438.8
438.8
438.9
438.9
438.9
439.0
439.0
439.1
439.1
439.2
439.2
439.2
439.2
439.5
439.6
439.6
439.6
439.6
439.7
439.8
439.8
439.8
439.8
439.9
439.9
440.0
440.0
440.1
440.1
440.1
440.4
440.5
440.5
440.5
440.5
440.6
440.6
440.7
440.7
440.9
440.9
440.9
440.9
441.0
441.0
441.1
441.1
441.2
441.2
441.4
441.4
441.5
441.5
441.8
441.8
441.8
441.9
441.9
442.1
442.5
442.6
442.7
442.7
442.8
442.8
443.0
443.3
443.7
444.4
444.7
445.0
445.3
447.4
447.9
448.0
448.2
450.9
451.5
453.7
456.9
467.7
472.7
481.3
568.8
568.9
568.9
568.9
568.9
568.9
569.0
569.0
569.0
569.0
569.0
569.0
569.0
569.0
569.0
569.0
569.1
569.1
569.1
569.1
569.1
569.1
569.1
569.1
569.1
569.2
569.2
569.2
569.2
569.3
569.3
569.3
569.4
569.4
569.4
569.4
569.5
569.5
569.6
569.6
569.6
569.6
569.6
569.6
569.7
569.7
569.7
569.7
569.8
569.8
569.8
569.8
569.8
569.8
569.8
569.9
569.9
569.9
570.0
570.0
570.0
570.1
570.1
570.2
570.3
570.4
570.4
570.4
570.5
570.5
570.7
570.8
570.8
570.9
570.9
571.1
571.3
571.4
571.6
571.8
571.9
571.9
572.0
572.0
572.1
572.3
572.5
573.2
573.3
573.3
573.4
573.5
573.6
573.6
573.7
573.7
573.7
573.8
573.8
573.8
573.8
573.8
573.8
573.9
573.9
573.9
574.0
574.0
574.0
574.0
574.0
574.0
574.0
574.1
574.1
574.1
574.1
574.1
574.1
574.1
574.2
574.2
574.2
574.2
574.2
574.3
574.3
574.3
574.4
574.4
574.4
574.4
574.4
574.4
574.4
574.5
574.5
574.5
574.5
574.5
574.6
574.6
574.6
574.6
574.7
574.8
574.8
574.9
574.9
574.9
574.9
575.0
575.0
575.4
575.4
575.5
575.6
575.6
575.7
575.8
575.9
576.0
576.1
576.3
576.3
576.4
576.4
576.5
576.8
576.8
576.9
577.1
577.4
577.6
577.9
578.0
578.2
578.4
578.5
578.7
578.8
579.1
579.2
579.5
579.9
580.0
580.2
580.3
580.4
580.5
580.7
580.9
581.0
581.0
581.1
581.1
581.2
581.2
581.2
581.2
581.4
581.4
581.5
581.5
581.5
581.5
581.5
581.5
581.6
581.6
581.6
581.7
581.8
581.8
581.9
581.9
581.9
582.0
582.1
582.1
582.1
582.1
582.1
582.1
582.3
582.3
582.4
582.4
582.5
582.5
582.5
582.6
582.6
582.6
582.7
582.7
582.7
582.8
582.8
582.8
582.9
582.9
582.9
582.9
583.0
583.0
583.1
583.1
583.2
583.3
583.3
583.4
583.4
583.5
583.6
583.7
583.7
583.8
583.9
583.9
584.0
584.0
584.0
584.2
584.2
584.3
584.4
584.4
584.5
584.8
584.9
585.2
585.2
585.2
585.4
585.5
585.9
586.3
586.4
587.7
588.0
588.1
588.4
588.5
588.9
589.0
589.1
589.2
591.1
592.4
592.9
594.1
595.0
595.5
597.5
597.8
598.6
598.7
599.2
600.1
600.2
602.4
602.6
603.6
604.6
605.8
607.3
608.8
614.9
623.3
626.6
630.3
707.5
707.6
707.6
707.6
707.6
707.6
707.7
707.7
707.7
707.7
707.7
707.7
707.7
707.7
707.7
707.7
707.8
707.8
707.8
707.8
707.8
707.8
707.8
707.8
707.8
707.9
707.9
707.9
707.9
707.9
707.9
707.9
708.0
708.0
708.0
708.0
708.1
708.1
708.1
708.1
708.1
708.2
708.2
708.2
708.2
708.3
708.3
708.4
708.4
708.5
708.5
708.5
708.5
708.5
708.6
708.6
708.7
708.7
708.7
708.7
708.8
708.8
708.9
709.0
709.0
709.2
709.4
709.4
709.4
709.5
709.6
709.8
709.9
709.9
710.0
710.0
710.2
710.3
710.3
710.6
710.6
710.7
710.8
710.9
710.9
711.0
711.3
711.3
711.4
711.9
712.0
712.0
712.1
712.1
712.1
712.2
712.2
712.2
712.3
712.3
712.3
712.3
712.4
712.4
712.4
712.4
712.4
712.4
712.5
712.5
712.5
712.5
712.5
712.5
712.6
712.6
712.6
712.6
712.6
712.6
712.6
712.7
712.7
712.7
712.7
712.7
712.7
712.8
712.8
712.8
712.8
712.9
712.9
712.9
712.9
713.0
713.0
713.0
713.0
713.0
713.1
713.1
713.1
713.2
713.2
713.2
713.3
713.3
713.5
713.5
713.5
713.5
713.6
713.7
713.7
713.8
713.9
714.0
714.1
714.2
714.2
714.2
714.3
714.3
714.3
714.4
714.4
714.5
714.5
714.5
714.6
714.8
714.9
714.9
715.2
715.3
715.3
715.6
715.6
715.8
715.9
716.0
716.1
716.2
716.3
716.3
716.9
717.3
717.8
718.4
718.5
718.8
718.9
719.1
719.1
719.2
719.4
719.4
719.5
719.6
719.7
719.7
719.7
719.8
719.8
719.9
720.0
720.1
720.1
720.1
720.2
720.2
720.2
720.2
720.2
720.2
720.2
720.3
720.3
720.3
720.4
720.5
720.5
720.6
720.7
720.8
720.8
720.8
720.8
720.9
720.9
721.0
721.0
721.0
721.0
721.0
721.1
721.2
721.2
721.2
721.2
721.3
721.3
721.4
721.4
721.4
721.5
721.5
721.5
721.6
721.6
721.6
721.7
721.7
721.7
721.7
721.7
721.7
721.8
721.8
721.8
721.8
721.9
722.0
722.1
722.1
722.2
722.2
722.2
722.3
722.3
722.4
722.4
722.6
722.6
722.7
722.8
722.8
722.8
723.0
723.1
723.2
723.2
723.3
723.9
724.5
724.5
725.2
726.0
726.9
727.1
727.5
728.5
733.2
736.0
736.3
736.3
736.4
736.6
737.6
737.6
738.1
738.5
739.2
739.8
740.1
740.3
741.0
741.0
742.3
742.4
742.5
742.5
742.6
742.6
742.6
742.6
742.6
742.6
742.7
742.7
742.7
742.8
742.8
742.8
742.8
742.8
742.8
742.8
742.8
742.8
742.8
742.8
742.9
742.9
742.9
743.0
743.0
743.0
743.0
743.0
743.1
743.1
743.2
743.3
743.3
743.4
743.5
743.6
743.6
743.7
743.7
743.8
743.8
743.9
743.9
743.9
744.0
744.2
744.3
744.3
744.3
744.4
744.5
744.6
744.7
744.7
744.8
744.9
744.9
745.0
745.1
745.1
745.2
745.2
745.3
745.3
745.4
745.6
745.8
745.8
745.9
746.0
746.2
746.5
746.5
746.5
746.7
746.7
747.0
747.2
747.2
747.2
747.3
747.4
747.4
747.5
747.5
747.5
747.5
747.5
747.5
747.6
747.6
747.7
747.7
747.7
747.8
747.8
747.8
747.8
747.9
747.9
747.9
747.9
747.9
748.0
748.0
748.0
748.1
748.1
748.1
748.1
748.1
748.1
748.2
748.3
748.3
748.4
748.4
748.4
748.4
748.5
748.6
748.6
748.6
748.6
748.6
748.7
748.7
748.8
748.8
748.9
749.0
749.0
749.1
749.2
749.2
749.2
749.2
749.3
749.4
749.5
749.7
749.7
749.9
750.1
750.3
750.3
750.3
750.5
750.6
750.7
750.8
750.9
751.1
751.6
751.7
752.0
752.1
752.1
752.2
752.5
752.7
752.8
752.9
753.0
753.2
753.4
753.4
753.5
753.6
753.8
753.8
753.9
753.9
754.1
754.3
754.4
754.4
754.7
754.8
754.9
754.9
755.1
755.1
755.1
755.1
755.3
755.3
755.4
755.5
755.6
755.7
755.7
755.7
755.8
755.8
755.8
755.9
755.9
756.0
756.0
756.0
756.0
756.0
756.1
756.1
756.1
756.2
756.2
756.3
756.3
756.3
756.3
756.4
756.4
756.4
756.5
756.5
756.6
756.6
756.7
756.7
756.8
756.9
756.9
757.2
757.2
757.3
757.3
757.4
757.5
757.5
757.5
757.8
757.8
757.9
758.0
758.1
758.1
758.3
758.3
758.5
758.6
758.7
758.9
759.2
759.6
759.9
759.9
760.0
760.0
760.0
760.2
760.2
760.3
760.5
760.5
761.0
761.9
762.3
762.5
762.5
763.0
763.1
763.5
763.7
763.8
764.0
764.6
765.5
765.8
766.2
766.3
766.5
766.8
767.4
767.5
767.6
767.6
767.8
768.3
768.4
768.4
768.5
768.7
768.8
769.3
769.4
770.0
770.3
770.3
770.6
770.8
770.8
771.0
771.1
771.5
771.7
771.8
771.8
771.8
771.9
771.9
771.9
771.9
772.0
772.2
772.3
772.3
772.5
772.5
772.6
772.9
773.1
773.1
773.3
773.4
773.4
773.8
773.8
774.5
774.6
774.7
775.0
775.1
775.2
775.2
775.3
775.9
776.0
776.9
776.9
777.1
777.6
777.7
778.9
779.1
779.8
779.9
779.9
780.2
782.4
782.9
783.1
783.2
783.7
788.5
794.3
795.4
797.8
800.5
895.3
895.3
895.3
895.3
895.3
895.3
895.3
895.3
895.4
895.4
895.4
895.4
895.4
895.4
895.4
895.4
895.4
895.4
895.4
895.4
895.4
895.4
895.4
895.4
895.4
895.4
895.4
895.4
895.4
895.4
895.5
895.5
895.5
895.5
895.5
895.5
895.5
895.5
895.5
895.5
895.5
895.5
895.5
895.5
895.5
895.6
895.6
895.6
895.6
895.6
895.6
895.6
895.6
895.6
895.7
895.7
895.7
895.7
895.7
895.7
895.8
895.8
895.8
895.9
895.9
895.9
895.9
896.0
896.0
896.0
896.1
896.2
896.2
896.2
896.2
896.4
896.4
896.5
896.5
896.5
896.5
896.6
896.6
896.8
897.0
897.2
897.3
897.4
897.8
897.9
898.0
898.4
898.5
899.2
899.2
899.7
899.7
899.8
899.8
899.8
899.8
899.8
899.8
899.9
899.9
899.9
899.9
899.9
899.9
899.9
899.9
899.9
900.0
900.0
900.0
900.0
900.0
900.0
900.1
900.1
900.1
900.1
900.1
900.1
900.1
900.1
900.1
900.1
900.1
900.1
900.2
900.2
900.2
900.2
900.2
900.2
900.2
900.2
900.3
900.3
900.3
900.3
900.3
900.3
900.3
900.3
900.4
900.4
900.4
900.4
900.4
900.4
900.4
900.5
900.5
900.5
900.5
900.5
900.5
900.6
900.6
900.6
900.7
900.7
900.7
900.8
900.8
900.8
900.8
900.8
900.9
900.9
900.9
901.1
901.1
901.1
901.2
901.2
901.2
901.3
901.6
901.6
901.6
901.7
902.1
902.2
902.5
902.6
903.1
903.5
904.1
904.3
905.0
906.1
906.2
906.5
906.7
906.8
906.8
906.9
906.9
907.0
907.0
907.0
907.1
907.1
907.2
907.2
907.2
907.3
907.4
907.4
907.4
907.4
907.4
907.5
907.7
907.7
907.7
907.8
907.8
907.8
907.8
907.8
907.8
907.8
907.8
907.8
907.9
907.9
907.9
908.0
908.0
908.0
908.0
908.1
908.1
908.2
908.3
908.3
908.3
908.3
908.3
908.4
908.4
908.4
908.4
908.4
908.5
908.5
908.5
908.5
908.6
908.6
908.6
908.6
908.7
908.7
908.8
908.8
908.8
908.8
908.9
909.0
909.0
909.0
909.0
909.1
909.2
909.2
909.2
909.2
909.3
909.3
909.3
909.4
909.4
909.4
909.6
909.7
909.9
910.0
910.3
910.4
910.6
910.7
910.9
911.5
911.6
912.7
913.1
916.3
917.3
919.0
920.2
931.0
932.0
933.9
936.9
937.2
937.6
937.6
937.6
937.6
937.6
937.6
937.6
937.6
937.6
937.7
937.7
937.7
937.7
937.7
937.7
937.7
937.7
937.7
937.7
937.7
937.7
937.7
937.7
937.7
937.7
937.7
937.8
937.8
937.8
937.8
937.8
937.8
937.8
937.8
937.8
937.8
937.8
937.8
937.8
937.8
937.8
937.8
937.8
937.8
937.9
937.9
937.9
937.9
937.9
937.9
937.9
937.9
937.9
937.9
937.9
938.0
938.0
938.0
938.0
938.0
938.0
938.0
938.0
938.0
938.0
938.1
938.1
938.1
938.1
938.1
938.1
938.2
938.2
938.2
938.3
938.3
938.3
938.3
938.4
938.5
938.6
938.6
938.6
938.6
938.9
939.0
939.0
939.1
939.3
939.3
939.6
939.7
939.9
940.2
940.3
940.4
941.4
941.9
942.0
942.0
942.0
942.0
942.1
942.1
942.1
942.1
942.1
942.1
942.1
942.1
942.1
942.2
942.2
942.2
942.2
942.2
942.2
942.2
942.3
942.3
942.3
942.4
942.4
942.4
942.4
942.4
942.4
942.4
942.4
942.4
942.4
942.5
942.5
942.5
942.5
942.5
942.5
942.5
942.5
942.5
942.5
942.5
942.6
942.6
942.6
942.6
942.6
942.6
942.7
942.7
942.7
942.7
942.7
942.7
942.7
942.7
942.7
942.7
942.7
942.8
942.8
942.8
942.8
942.8
942.9
942.9
942.9
942.9
943.0
943.0
943.0
943.0
943.1
943.1
943.1
943.1
943.2
943.2
943.2
943.2
943.2
943.5
943.6
943.7
943.7
943.8
943.8
944.1
944.1
944.9
945.2
945.6
945.6
946.4
946.4
946.7
947.2
948.1
948.4
948.6
948.7
948.9
948.9
948.9
949.0
949.1
949.1
949.1
949.1
949.2
949.2
949.2
949.2
949.2
949.3
949.3
949.3
949.3
949.3
949.4
949.5
949.5
949.5
949.5
949.5
949.6
949.7
949.7
949.8
949.8
949.8
949.9
949.9
949.9
949.9
950.0
950.0
950.0
950.1
950.1
950.1
950.2
950.2
950.3
950.3
950.4
950.4
950.5
950.5
950.6
950.6
950.6
950.6
950.6
950.6
950.7
950.7
950.7
950.7
950.7
950.8
950.8
950.9
950.9
950.9
950.9
950.9
950.9
951.0
951.0
951.0
951.0
951.1
951.1
951.1
951.2
951.3
951.4
951.4
951.4
951.5
951.5
951.6
951.9
952.0
952.2
952.2
952.6
952.9
952.9
954.7
955.7
957.1
957.9
958.3
958.5
962.5
971.6
1015.4
1099.4
1099.4
1099.4
1099.4
1099.4
1099.4
1099.4
1099.4
1099.4
1099.4
1099.5
1099.5
1099.5
1099.5
1099.5
1099.5
1099.5
1099.5
1099.5
1099.5
1099.5
1099.5
1099.5
1099.5
1099.5
1099.5
1099.5
1099.5
1099.5
1099.5
1099.5
1099.5
1099.5
1099.5
1099.6
1099.6
1099.6
1099.6
1099.6
1099.6
1099.6
1099.6
1099.6
1099.6
1099.6
1099.6
1099.7
1099.7
1099.7
1099.7
1099.7
1099.7
1099.7
1099.7
1099.7
1099.7
1099.7
1099.8
1099.8
1099.8
1099.8
1099.8
1099.9
1099.9
1099.9
1099.9
1099.9
1100.0
1100.0
1100.0
1100.1
1100.1
1100.2
1100.2
1100.2
1100.2
1100.4
1100.4
1100.4
1100.5
1100.5
1100.5
1100.5
1100.6
1100.9
1101.1
1101.1
1101.3
1101.5
1101.6
1101.8
1102.1
1102.2
1102.6
1102.7
1103.4
1103.5
1103.6
1103.7
1103.8
1103.8
1103.8
1103.8
1103.9
1103.9
1103.9
1103.9
1103.9
1103.9
1103.9
1103.9
1103.9
1103.9
1104.0
1104.0
1104.0
1104.0
1104.1
1104.1
1104.1
1104.1
1104.1
1104.1
1104.1
1104.1
1104.1
1104.1
1104.2
1104.2
1104.2
1104.2
1104.2
1104.2
1104.2
1104.2
1104.3
1104.3
1104.3
1104.3
1104.3
1104.3
1104.3
1104.3
1104.3
1104.4
1104.4
1104.4
1104.4
1104.4
1104.4
1104.4
1104.4
1104.4
1104.5
1104.5
1104.5
1104.5
1104.5
1104.5
1104.6
1104.6
1104.6
1104.6
1104.6
1104.7
1104.7
1104.7
1104.7
1104.8
1104.8
1104.8
1104.9
1104.9
1104.9
1105.0
1105.0
1105.1
1105.1
1105.1
1105.2
1105.3
1105.4
1105.4
1105.5
1105.9
1106.0
1106.2
1106.3
1106.7
1106.9
1107.4
1107.7
1108.4
1108.7
1108.7
1110.2
1110.3
1110.5
1110.6
1110.6
1110.6
1110.8
1110.8
1110.8
1110.9
1110.9
1111.0
1111.0
1111.0
1111.1
1111.1
1111.1
1111.1
1111.1
1111.2
1111.2
1111.3
1111.3
1111.4
1111.4
1111.4
1111.4
1111.5
1111.6
1111.7
1111.7
1111.7
1111.7
1111.7
1111.7
1111.7
1111.8
1111.8
1111.8
1111.8
1111.9
1111.9
1111.9
1112.0
1112.0
1112.1
1112.1
1112.1
1112.2
1112.2
1112.2
1112.3
1112.3
1112.3
1112.4
1112.4
1112.4
1112.4
1112.4
1112.5
1112.5
1112.5
1112.5
1112.6
1112.6
1112.6
1112.6
1112.6
1112.7
1112.7
1112.7
1112.7
1112.8
1112.8
1112.9
1112.9
1113.0
1113.0
1113.1
1113.1
1113.1
1113.1
1113.1
1113.2
1113.2
1113.3
1113.3
1113.8
1113.8
1113.8
1113.9
1113.9
1114.2
1114.5
1114.7
1115.2
1116.6
1117.4
1118.8
1119.5
1124.1
1126.5
1126.6
1126.6
1142.3
1147.6
1147.6
1147.7
1147.7
1147.7
1147.7
1147.7
1147.7
1147.7
1147.7
1147.7
1147.7
1147.7
1147.8
1147.8
1147.8
1147.8
1147.8
1147.8
1147.8
1147.8
1147.8
1147.8
1147.8
1147.8
1147.8
1147.8
1147.8
1147.8
1147.8
1147.8
1147.8
1147.8
1147.8
1147.8
1147.8
1147.8
1147.8
1147.8
1147.9
1147.9
1147.9
1147.9
1147.9
1147.9
1147.9
1147.9
1147.9
1147.9
1147.9
1147.9
1147.9
1147.9
1147.9
1148.0
1148.0
1148.0
1148.0
1148.0
1148.1
1148.1
1148.1
1148.1
1148.1
1148.2
1148.2
1148.2
1148.2
1148.3
1148.3
1148.3
1148.4
1148.4
1148.4
1148.4
1148.4
1148.6
1148.6
1148.7
1148.7
1148.8
1148.9
1148.9
1149.0
1149.0
1149.2
1149.2
1149.4
1149.7
1149.8
1149.9
1150.1
1150.2
1151.8
1151.8
1152.0
1152.1
1152.1
1152.2
1152.2
1152.2
1152.2
1152.2
1152.2
1152.3
1152.3
1152.3
1152.3
1152.3
1152.3
1152.3
1152.3
1152.3
1152.4
1152.4
1152.4
1152.4
1152.5
1152.5
1152.5
1152.5
1152.5
1152.5
1152.5
1152.5
1152.5
1152.5
1152.5
1152.5
1152.6
1152.6
1152.6
1152.6
1152.6
1152.6
1152.6
1152.6
1152.6
1152.6
1152.7
1152.7
1152.7
1152.7
1152.7
1152.7
1152.7
1152.7
1152.7
1152.7
1152.8
1152.8
1152.8
1152.8
1152.8
1152.8
1152.9
1152.9
1152.9
1152.9
1153.0
1153.0
1153.0
1153.0
1153.0
1153.1
1153.1
1153.1
1153.2
1153.2
1153.2
1153.2
1153.2
1153.2
1153.3
1153.4
1153.5
1153.6
1153.7
1153.7
1153.7
1154.2
1154.2
1154.3
1154.3
1154.7
1154.7
1154.8
1155.1
1155.3
1155.8
1156.2
1156.8
1157.4
1158.4
1158.7
1158.8
1159.0
1159.1
1159.2
1159.3
1159.3
1159.4
1159.4
1159.4
1159.5
1159.5
1159.5
1159.5
1159.6
1159.6
1159.7
1159.8
1159.8
1159.8
1159.8
1159.9
1159.9
1160.0
1160.0
1160.0
1160.1
1160.1
1160.1
1160.1
1160.2
1160.2
1160.2
1160.3
1160.3
1160.4
1160.4
1160.4
1160.4
1160.5
1160.6
1160.6
1160.6
1160.7
1160.7
1160.8
1160.8
1160.8
1160.8
1160.9
1160.9
1161.0
1161.0
1161.0
1161.0
1161.0
1161.0
1161.0
1161.1
1161.2
1161.2
1161.2
1161.2
1161.3
1161.3
1161.3
1161.4
1161.4
1161.5
1161.5
1161.6
1161.6
1161.6
1161.6
1161.6
1161.7
1161.7
1161.8
1161.9
1161.9
1162.0
1162.1
1162.1
1162.4
1162.5
1162.5
1162.7
1162.9
1163.1
1163.2
1163.3
1163.7
1165.0
1165.0
1166.4
1166.6
1169.4
1171.7
1174.4
1179.1
1181.0
1192.9
1306.5
1306.5
1306.5
1306.5
1306.5
1306.5
1306.5
1306.5
1306.5
1306.6
1306.6
1306.6
1306.6
1306.6
1306.6
1306.6
1306.6
1306.6
1306.6
1306.6
1306.6
1306.6
1306.6
1306.6
1306.6
1306.6
1306.6
1306.6
1306.6
1306.6
1306.6
1306.6
1306.6
1306.6
1306.7
1306.7
1306.7
1306.7
1306.7
1306.7
1306.7
1306.7
1306.7
1306.7
1306.7
1306.7
1306.7
1306.7
1306.7
1306.8
1306.8
1306.8
1306.8
1306.8
1306.8
1306.8
1306.9
1306.9
1306.9
1306.9
1306.9
1306.9
1306.9
1307.0
1307.0
1307.0
1307.0
1307.1
1307.1
1307.1
1307.2
1307.2
1307.2
1307.3
1307.3
1307.4
1307.5
1307.5
1307.5
1307.5
1307.5
1307.6
1307.6
1307.8
1307.9
1308.1
1308.2
1308.3
1308.6
1308.6
1308.8
1309.1
1309.2
1309.8
1309.8
1310.4
1310.5
1310.6
1310.7
1310.9
1310.9
1310.9
1310.9
1311.0
1311.0
1311.0
1311.0
1311.0
1311.0
1311.0
1311.1
1311.1
1311.1
1311.1
1311.1
1311.1
1311.1
1311.2
1311.2
1311.2
1311.2
1311.2
1311.2
1311.2
1311.2
1311.3
1311.3
1311.3
1311.3
1311.3
1311.3
1311.3
1311.3
1311.3
1311.3
1311.3
1311.4
1311.4
1311.4
1311.4
1311.4
1311.4
1311.4
1311.4
1311.5
1311.5
1311.5
1311.5
1311.5
1311.5
1311.5
1311.5
1311.5
1311.5
1311.6
1311.6
1311.6
1311.6
1311.6
1311.6
1311.7
1311.7
1311.7
1311.7
1311.8
1311.8
1311.8
1311.8
1311.9
1311.9
1311.9
1312.0
1312.0
1312.0
1312.0
1312.0
1312.1
1312.1
1312.2
1312.2
1312.4
1312.5
1312.5
1312.5
1312.9
1312.9
1313.2
1313.2
1313.5
1313.7
1314.2
1314.5
1315.0
1315.4
1315.5
1316.9
1317.0
1317.0
1317.1
1317.6
1317.7
1317.8
1317.9
1317.9
1318.0
1318.0
1318.1
1318.1
1318.1
1318.1
1318.2
1318.2
1318.2
1318.2
1318.2
1318.3
1318.3
1318.3
1318.4
1318.4
1318.5
1318.5
1318.5
1318.5
1318.7
1318.7
1318.7
1318.8
1318.8
1318.8
1318.9
1318.9
1318.9
1318.9
1319.0
1319.0
1319.0
1319.0
1319.1
1319.1
1319.1
1319.2
1319.2
1319.2
1319.2
1319.3
1319.3
1319.4
1319.4
1319.4
1319.4
1319.5
1319.5
1319.6
1319.6
1319.6
1319.6
1319.7
1319.7
1319.7
1319.7
1319.7
1319.8
1319.8
1319.8
1319.8
1319.8
1319.8
1319.9
1319.9
1320.0
1320.0
1320.0
1320.1
1320.1
1320.1
1320.2
1320.2
1320.2
1320.3
1320.3
1320.3
1320.4
1320.5
1320.9
1320.9
1321.0
1321.2
1321.5
1321.7
1322.0
1323.3
1324.4
1326.3
1326.6
1333.1
1334.9
1335.9
1336.4
1357.5
1357.6
1357.6
1357.6
1357.6
1357.6
1357.6
1357.7
1357.7
1357.7
1357.7
1357.7
1357.7
1357.7
1357.7
1357.7
1357.7
1357.7
1357.7
1357.8
1357.8
1357.8
1357.8
1357.8
1357.8
1357.8
1357.8
1357.8
1357.8
1357.8
1357.8
1357.9
1357.9
1357.9
1357.9
1357.9
1357.9
1358.0
1358.0
1358.0
1358.0
1358.0
1358.0
1358.0
1358.0
1358.0
1358.0
1358.1
1358.1
1358.1
1358.1
1358.1
1358.1
1358.1
1358.1
1358.1
1358.1
1358.2
1358.2
1358.2
1358.2
1358.2
1358.3
1358.3
1358.5
1358.5
1358.5
1358.5
1358.5
1358.5
1358.6
1358.7
1358.8
1358.8
1358.8
1358.8
1358.9
1358.9
1359.0
1359.2
1359.2
1359.3
1359.4
1359.4
1359.5
1359.5
1359.8
1359.9
1360.2
1360.6
1360.8
1360.9
1361.0
1362.0
1362.0
1362.1
1362.2
1362.2
1362.3
1362.3
1362.3
1362.4
1362.4
1362.4
1362.4
1362.4
1362.4
1362.5
1362.5
1362.5
1362.5
1362.5
1362.5
1362.6
1362.6
1362.6
1362.6
1362.6
1362.6
1362.6
1362.6
1362.6
1362.6
1362.6
1362.6
1362.6
1362.6
1362.7
1362.7
1362.7
1362.7
1362.7
1362.7
1362.8
1362.8
1362.8
1362.8
1362.8
1362.8
1362.8
1362.8
1362.8
1362.9
1362.9
1362.9
1362.9
1363.0
1363.0
1363.1
1363.1
1363.1
1363.1
1363.1
1363.2
1363.2
1363.2
1363.3
1363.3
1363.4
1363.4
1363.4
1363.5
1363.5
1363.5
1363.5
1363.6
1363.6
1363.7
1363.8
1363.8
1363.8
1363.9
1363.9
1364.0
1364.0
1364.1
1364.3
1364.4
1364.6
1364.6
1364.6
1365.2
1365.3
1365.5
1365.5
1365.6
1365.8
1366.8
1367.3
1368.4
1368.4
1368.9
1369.1
1369.2
1369.4
1369.4
1369.5
1369.6
1369.7
1369.7
1369.7
1369.7
1369.9
1369.9
1369.9
1369.9
1369.9
1369.9
1370.0
1370.0
1370.0
1370.1
1370.2
1370.2
1370.3
1370.3
1370.3
1370.4
1370.5
1370.5
1370.5
1370.6
1370.7
1370.7
1370.7
1370.8
1370.8
1370.9
1370.9
1371.0
1371.0
1371.1
1371.1
1371.1
1371.1
1371.1
1371.2
1371.2
1371.4
1371.4
1371.5
1371.5
1371.5
1371.6
1371.7
1371.7
1371.7
1371.7
1371.7
1371.8
1371.8
1371.8
1371.8
1371.9
1371.9
1371.9
1371.9
1372.2
1372.2
1372.2
1372.3
1372.4
1372.4
1372.6
1372.7
1372.7
1372.7
1373.3
1373.4
1373.5
1373.5
1373.5
1373.7
1374.3
1376.2
1376.2
1376.4
1377.9
1378.4
1378.6
1379.9
1380.6
1381.6
1382.5
1383.0
1386.4
1387.7
1391.3
1394.6
1516.8
1516.8
1516.8
1516.8
1516.9
1516.9
1516.9
1516.9
1516.9
1516.9
1516.9
1516.9
1516.9
1516.9
1516.9
1516.9
1516.9
1516.9
1517.0
1517.0
1517.0
1517.0
1517.0
1517.0
1517.0
1517.0
1517.0
1517.0
1517.0
1517.0
1517.0
1517.0
1517.0
1517.0
1517.0
1517.0
1517.0
1517.0
1517.0
1517.0
1517.0
1517.0
1517.0
1517.0
1517.0
1517.0
1517.0
1517.0
1517.0
1517.1
1517.1
1517.1
1517.1
1517.1
1517.1
1517.1
1517.1
1517.2
1517.2
1517.2
1517.2
1517.2
1517.2
1517.2
1517.2
1517.3
1517.4
1517.4
1517.4
1517.4
1517.4
1517.4
1517.4
1517.6
1517.6
1517.6
1517.7
1517.7
1517.8
1517.8
1517.8
1517.9
1517.9
1518.0
1518.1
1518.2
1518.4
1518.5
1518.8
1518.9
1518.9
1519.2
1519.3
1519.9
1519.9
1520.4
1520.5
1520.5
1520.6
1521.1
1521.2
1521.2
1521.3
1521.3
1521.3
1521.3
1521.3
1521.3
1521.4
1521.4
1521.4
1521.4
1521.4
1521.4
1521.5
1521.5
1521.5
1521.5
1521.5
1521.5
1521.5
1521.5
1521.5
1521.6
1521.6
1521.6
1521.6
1521.6
1521.6
1521.6
1521.6
1521.6
1521.6
1521.6
1521.6
1521.7
1521.7
1521.7
1521.7
1521.7
1521.7
1521.7
1521.7
1521.8
1521.8
1521.8
1521.8
1521.8
1521.8
1521.8
1521.8
1521.8
1521.8
1521.9
1521.9
1521.9
1521.9
1521.9
1521.9
1521.9
1521.9
1521.9
1521.9
1522.0
1522.0
1522.0
1522.0
1522.1
1522.1
1522.1
1522.1
1522.1
1522.2
1522.2
1522.2
1522.3
1522.3
1522.3
1522.4
1522.5
1522.6
1522.6
1522.7
1522.8
1523.0
1523.2
1523.3
1523.5
1523.7
1523.9
1524.4
1524.6
1525.2
1525.6
1525.8
1526.9
1527.1
1527.1
1527.2
1528.0
1528.0
1528.1
1528.1
1528.2
1528.3
1528.4
1528.4
1528.5
1528.5
1528.5
1528.5
1528.5
1528.5
1528.6
1528.6
1528.7
1528.7
1528.7
1528.7
1528.8
1528.8
1528.9
1528.9
1528.9
1528.9
1529.0
1529.0
1529.1
1529.1
1529.2
1529.2
1529.2
1529.3
1529.3
1529.3
1529.3
1529.4
1529.4
1529.4
1529.4
1529.5
1529.5
1529.5
1529.5
1529.5
1529.6
1529.6
1529.7
1529.7
1529.8
1529.8
1529.8
1529.9
1529.9
1530.0
1530.0
1530.0
1530.0
1530.0
1530.1
1530.1
1530.1
1530.1
1530.1
1530.2
1530.2
1530.2
1530.2
1530.3
1530.3
1530.3
1530.3
1530.4
1530.4
1530.4
1530.5
1530.5
1530.5
1530.6
1530.6
1530.6
1530.7
1530.7
1531.0
1531.2
1531.5
1531.6
1531.8
1531.8
1532.0
1532.6
1533.8
1535.1
1537.5
1538.0
1544.8
1546.8
1548.6
1549.8
1565.7
1565.8
1565.8
1565.8
1565.8
1565.8
1565.8
1565.9
1565.9
1565.9
1565.9
1565.9
1565.9
1565.9
1565.9
1565.9
1565.9
1565.9
1566.0
1566.0
1566.0
1566.0
1566.0
1566.0
1566.0
1566.0
1566.0
1566.1
1566.1
1566.1
1566.1
1566.1
1566.1
1566.1
1566.1
1566.2
1566.2
1566.2
1566.2
1566.2
1566.2
1566.2
1566.2
1566.3
1566.3
1566.3
1566.3
1566.3
1566.3
1566.3
1566.3
1566.3
1566.3
1566.3
1566.4
1566.4
1566.4
1566.4
1566.4
1566.4
1566.5
1566.5
1566.5
1566.6
1566.7
1566.7
1566.7
1566.7
1566.8
1566.8
1566.9
1566.9
1567.0
1567.1
1567.1
1567.1
1567.2
1567.2
1567.3
1567.5
1567.5
1567.6
1567.6
1567.7
1567.8
1567.8
1568.1
1568.2
1568.5
1568.9
1569.2
1569.2
1569.4
1570.2
1570.3
1570.4
1570.4
1570.5
1570.5
1570.5
1570.5
1570.6
1570.6
1570.6
1570.6
1570.6
1570.7
1570.7
1570.7
1570.7
1570.7
1570.7
1570.8
1570.8
1570.8
1570.8
1570.8
1570.8
1570.8
1570.8
1570.8
1570.9
1570.9
1570.9
1570.9
1570.9
1570.9
1570.9
1570.9
1570.9
1570.9
1570.9
1570.9
1571.0
1571.0
1571.0
1571.0
1571.0
1571.1
1571.1
1571.1
1571.1
1571.1
1571.1
1571.2
1571.2
1571.2
1571.2
1571.3
1571.3
1571.4
1571.4
1571.4
1571.4
1571.4
1571.5
1571.6
1571.6
1571.7
1571.7
1571.7
1571.8
1571.8
1571.8
1571.9
1572.0
1572.0
1572.1
1572.1
1572.1
1572.1
1572.3
1572.3
1572.3
1572.3
1572.6
1572.8
1572.8
1572.9
1572.9
1573.0
1573.5
1573.7
1573.8
1573.9
1574.0
1574.2
1575.3
1575.8
1576.8
1577.0
1577.0
1577.3
1577.4
1577.6
1577.6
1577.7
1577.8
1577.9
1577.9
1577.9
1578.1
1578.1
1578.1
1578.1
1578.1
1578.2
1578.2
1578.3
1578.3
1578.3
1578.4
1578.4
1578.5
1578.5
1578.6
1578.7
1578.7
1578.8
1578.8
1578.9
1578.9
1578.9
1578.9
1579.0
1579.0
1579.1
1579.1
1579.1
1579.2
1579.3
1579.3
1579.3
1579.4
1579.4
1579.4
1579.5
1579.5
1579.6
1579.7
1579.7
1579.8
1579.8
1579.9
1579.9
1579.9
1579.9
1580.0
1580.1
1580.1
1580.1
1580.1
1580.2
1580.2
1580.2
1580.2
1580.3
1580.4
1580.5
1580.5
1580.6
1580.8
1580.9
1581.2
1581.2
1581.3
1581.4
1581.7
1581.7
1582.1
1582.1
1582.3
1582.3
1582.9
1585.5
1585.9
1586.0
1587.3
1589.5
1590.3
1591.2
1592.8
1599.1
1610.9
1617.2
1723.2
1723.2
1723.2
1723.2
1723.2
1723.3
1723.3
1723.3
1723.3
1723.3
1723.3
1723.3
1723.3
1723.3
1723.3
1723.4
1723.4
1723.4
1723.4
1723.4
1723.4
1723.4
1723.4
1723.4
1723.4
1723.4
1723.4
1723.5
1723.5
1723.5
1723.5
1723.5
1723.5
1723.5
1723.5
1723.5
1723.5
1723.5
1723.6
1723.6
1723.6
1723.6
1723.6
1723.6
1723.6
1723.6
1723.7
1723.7
1723.7
1723.7
1723.7
1723.7
1723.7
1723.7
1723.8
1723.8
1723.8
1723.9
1723.9
1723.9
1723.9
1723.9
1724.0
1724.0
1724.0
1724.0
1724.1
1724.1
1724.2
1724.2
1724.2
1724.3
1724.3
1724.3
1724.4
1724.5
1724.5
1724.6
1724.6
1724.6
1724.6
1724.7
1724.7
1724.9
1725.0
1725.2
1725.4
1725.4
1725.8
1725.8
1725.9
1726.2
1726.3
1726.9
1726.9
1727.5
1727.5
1727.6
1727.6
1727.6
1727.6
1727.7
1727.7
1727.7
1727.7
1727.7
1727.8
1727.8
1727.8
1727.9
1727.9
1727.9
1727.9
1727.9
1727.9
1728.0
1728.0
1728.0
1728.0
1728.0
1728.0
1728.0
1728.0
1728.0
1728.0
1728.1
1728.1
1728.1
1728.1
1728.1
1728.1
1728.1
1728.2
1728.2
1728.2
1728.2
1728.2
1728.2
1728.2
1728.2
1728.2
1728.3
1728.3
1728.3
1728.3
1728.4
1728.4
1728.4
1728.4
1728.4
1728.4
1728.4
1728.5
1728.5
1728.5
1728.5
1728.6
1728.6
1728.6
1728.6
1728.6
1728.6
1728.7
1728.8
1728.8
1728.8
1728.8
1728.8
1728.8
1728.8
1728.9
1728.9
1728.9
1729.0
1729.1
1729.1
1729.1
1729.2
1729.2
1729.3
1729.5
1729.5
1729.6
1729.6
1730.0
1730.0
1730.4
1730.4
1730.7
1730.9
1731.4
1731.6
1732.2
1732.6
1732.7
1734.0
1734.2
1734.2
1734.2
1734.4
1734.6
1734.6
1734.6
1734.7
1734.9
1734.9
1734.9
1734.9
1734.9
1735.0
1735.0
1735.0
1735.1
1735.1
1735.2
1735.2
1735.2
1735.3
1735.3
1735.3
1735.3
1735.4
1735.4
1735.5
1735.6
1735.6
1735.6
1735.7
1735.7
1735.7
1735.7
1735.7
1735.7
1735.8
1735.8
1735.9
1735.9
1735.9
1736.0
1736.0
1736.1
1736.1
1736.1
1736.2
1736.2
1736.2
1736.2
1736.2
1736.3
1736.3
1736.3
1736.3
1736.3
1736.3
1736.3
1736.5
1736.5
1736.5
1736.6
1736.6
1736.6
1736.7
1736.7
1736.7
1736.7
1736.8
1736.8
1736.8
1736.8
1736.9
1736.9
1736.9
1736.9
1736.9
1737.1
1737.1
1737.1
1737.1
1737.2
1737.2
1737.3
1737.5
1737.8
1737.8
1737.9
1738.1
1738.2
1738.4
1738.6
1738.6
1739.6
1740.7
1742.0
1744.2
1744.9
1751.7
1753.2
1755.0
1755.6
1773.8
1773.8
1773.9
1773.9
1773.9
1773.9
1773.9
1773.9
1773.9
1773.9
1773.9
1773.9
1774.0
1774.0
1774.0
1774.0
1774.0
1774.0
1774.0
1774.0
1774.0
1774.1
1774.1
1774.1
1774.1
1774.1
1774.1
1774.1
1774.1
1774.1
1774.1
1774.1
1774.2
1774.2
1774.2
1774.2
1774.2
1774.3
1774.3
1774.3
1774.3
1774.3
1774.4
1774.4
1774.4
1774.4
1774.4
1774.5
1774.5
1774.5
1774.5
1774.5
1774.5
1774.5
1774.5
1774.6
1774.6
1774.6
1774.6
1774.7
1774.7
1774.7
1774.8
1774.8
1774.9
1775.0
1775.0
1775.0
1775.1
1775.1
1775.2
1775.2
1775.3
1775.3
1775.3
1775.3
1775.4
1775.4
1775.6
1775.7
1775.8
1775.8
1775.9
1776.0
1776.1
1776.1
1776.4
1776.5
1776.7
1777.3
1777.4
1777.5
1777.8
1778.2
1778.4
1778.4
1778.5
1778.5
1778.6
1778.6
1778.6
1778.6
1778.7
1778.7
1778.7
1778.7
1778.8
1778.8
1778.8
1778.8
1778.8
1778.8
1778.8
1778.8
1778.9
1778.9
1778.9
1778.9
1778.9
1778.9
1779.0
1779.0
1779.0
1779.0
1779.0
1779.0
1779.0
1779.0
1779.0
1779.0
1779.0
1779.1
1779.1
1779.1
1779.1
1779.1
1779.1
1779.2
1779.2
1779.2
1779.2
1779.2
1779.3
1779.3
1779.3
1779.3
1779.4
1779.4
1779.4
1779.5
1779.5
1779.5
1779.5
1779.6
1779.6
1779.7
1779.8
1779.8
1779.9
1780.0
1780.1
1780.1
1780.1
1780.1
1780.1
1780.3
1780.4
1780.4
1780.4
1780.4
1780.5
1780.5
1780.6
1780.6
1780.7
1780.8
1780.9
1781.1
1781.1
1781.2
1781.3
1781.9
1782.0
1782.2
1782.2
1782.4
1782.6
1783.7
1784.3
1785.1
1785.1
1785.4
1785.4
1785.5
1785.7
1785.7
1785.7
1785.9
1785.9
1786.0
1786.1
1786.1
1786.2
1786.2
1786.2
1786.2
1786.3
1786.3
1786.3
1786.4
1786.4
1786.4
1786.5
1786.5
1786.6
1786.8
1786.8
1786.9
1786.9
1787.0
1787.0
1787.0
1787.1
1787.1
1787.2
1787.2
1787.2
1787.2
1787.3
1787.3
1787.3
1787.3
1787.5
1787.6
1787.6
1787.7
1787.7
1787.7
1787.8
1787.8
1787.9
1787.9
1787.9
1787.9
1788.0
1788.0
1788.0
1788.1
1788.1
1788.1
1788.2
1788.3
1788.3
1788.4
1788.4
1788.5
1788.5
1788.7
1788.7
1788.8
1788.8
1788.9
1789.1
1789.4
1789.5
1789.6
1789.6
1789.7
1789.7
1790.3
1790.5
1790.5
1791.2
1791.2
1794.2
1795.0
1795.4
1795.7
1798.3
1798.9
1799.5
1804.3
1806.4
1816.1
1931.1
1931.1
1931.1
1931.1
1931.1
1931.1
1931.1
1931.1
1931.1
1931.1
1931.1
1931.1
1931.1
1931.1
1931.1
1931.1
1931.1
1931.1
1931.1
1931.1
1931.1
1931.2
1931.2
1931.2
1931.2
1931.2
1931.2
1931.2
1931.2
1931.2
1931.2
1931.2
1931.2
1931.2
1931.2
1931.2
1931.2
1931.2
1931.2
1931.2
1931.2
1931.2
1931.2
1931.2
1931.2
1931.2
1931.2
1931.2
1931.2
1931.2
1931.2
1931.2
1931.2
1931.2
1931.3
1931.3
1931.3
1931.3
1931.3
1931.3
1931.4
1931.4
1931.4
1931.4
1931.4
1931.5
1931.5
1931.6
1931.6
1931.6
1931.6
1931.6
1931.6
1931.7
1931.7
1931.8
1931.8
1931.9
1932.0
1932.0
1932.0
1932.1
1932.1
1932.2
1932.2
1932.4
1932.6
1932.6
1933.0
1933.1
1933.1
1933.4
1933.5
1934.1
1934.1
1934.6
1934.7
1934.7
1934.8
1935.2
1935.4
1935.5
1935.5
1935.5
1935.5
1935.5
1935.5
1935.5
1935.5
1935.6
1935.6
1935.6
1935.6
1935.6
1935.6
1935.6
1935.7
1935.7
1935.7
1935.7
1935.7
1935.7
1935.8
1935.8
1935.8
1935.8
1935.8
1935.8
1935.8
1935.8
1935.8
1935.8
1935.8
1935.8
1935.8
1935.9
1935.9
1935.9
1935.9
1935.9
1935.9
1935.9
1935.9
1935.9
1935.9
1935.9
1936.0
1936.0
1936.0
1936.0
1936.0
1936.0
1936.0
1936.0
1936.0
1936.0
1936.0
1936.1
1936.1
1936.1
1936.1
1936.1
1936.1
1936.2
1936.2
1936.2
1936.2
1936.3
1936.3
1936.3
1936.3
1936.3
1936.4
1936.4
1936.4
1936.4
1936.5
1936.5
1936.6
1936.6
1936.8
1936.8
1936.9
1936.9
1937.2
1937.3
1937.6
1937.7
1937.9
1938.1
1938.6
1938.8
1939.4
1939.8
1939.9
1941.1
1941.3
1941.3
1941.3
1942.2
1942.2
1942.2
1942.3
1942.4
1942.5
1942.5
1942.5
1942.6
1942.7
1942.7
1942.7
1942.7
1942.7
1942.7
1942.8
1942.8
1942.8
1942.8
1942.9
1943.0
1943.0
1943.0
1943.1
1943.1
1943.1
1943.1
1943.2
1943.3
1943.3
1943.3
1943.4
1943.4
1943.4
1943.5
1943.5
1943.5
1943.5
1943.6
1943.6
1943.6
1943.6
1943.6
1943.7
1943.7
1943.7
1943.7
1943.8
1943.9
1943.9
1944.0
1944.0
1944.0
1944.1
1944.1
1944.1
1944.1
1944.1
1944.2
1944.2
1944.2
1944.2
1944.3
1944.3
1944.3
1944.3
1944.3
1944.3
1944.4
1944.4
1944.4
1944.5
1944.5
1944.5
1944.6
1944.6
1944.7
1944.7
1944.7
1944.7
1944.8
1944.8
1944.9
1945.0
1945.1
1945.3
1945.6
1945.7
1946.0
1946.0
1946.1
1946.7
1948.0
1949.2
1951.5
1952.0
1958.7
1960.3
1961.8
1963.0
1981.5
1981.5
1981.6
1981.6
1981.6
1981.6
1981.6
1981.6
1981.6
1981.6
1981.6
1981.7
1981.7
1981.7
1981.7
1981.7
1981.7
1981.7
1981.7
1981.7
1981.7
1981.7
1981.7
1981.7
1981.8
1981.8
1981.8
1981.8
1981.8
1981.8
1981.8
1981.8
1981.8
1981.8
1981.8
1981.9
1981.9
1981.9
1981.9
1981.9
1981.9
1981.9
1981.9
1982.0
1982.0
1982.0
1982.0
1982.0
1982.0
1982.0
1982.0
1982.0
1982.0
1982.0
1982.1
1982.1
1982.1
1982.1
1982.1
1982.2
1982.2
1982.2
1982.2
1982.2
1982.4
1982.4
1982.4
1982.5
1982.5
1982.5
1982.6
1982.6
1982.7
1982.7
1982.7
1982.8
1982.8
1982.9
1982.9
1983.1
1983.1
1983.2
1983.2
1983.3
1983.3
1983.3
1983.6
1983.8
1984.0
1984.2
1984.5
1984.5
1984.5
1985.7
1985.9
1986.0
1986.1
1986.1
1986.2
1986.2
1986.2
1986.3
1986.3
1986.3
1986.3
1986.3
1986.3
1986.3
1986.3
1986.3
1986.4
1986.4
1986.4
1986.4
1986.5
1986.5
1986.5
1986.5
1986.5
1986.5
1986.5
1986.5
1986.5
1986.5
1986.5
1986.5
1986.5
1986.5
1986.5
1986.6
1986.6
1986.6
1986.6
1986.6
1986.6
1986.6
1986.6
1986.7
1986.7
1986.7
1986.7
1986.7
1986.7
1986.7
1986.7
1986.7
1986.7
1986.8
1986.8
1986.8
1986.8
1986.8
1986.8
1986.8
1986.9
1987.0
1987.0
1987.0
1987.0
1987.0
1987.0
1987.0
1987.1
1987.1
1987.2
1987.2
1987.3
1987.3
1987.3
1987.4
1987.4
1987.5
1987.5
1987.5
1987.6
1987.7
1987.7
1987.9
1987.9
1988.0
1988.1
1988.5
1988.5
1988.5
1988.6
1988.7
1989.1
1989.3
1989.7
1990.4
1990.7
1990.8
1991.5
1992.4
1992.7
1993.0
1993.1
1993.2
1993.2
1993.3
1993.5
1993.5
1993.5
1993.5
1993.5
1993.6
1993.6
1993.7
1993.7
1993.7
1993.7
1993.7
1993.8
1993.8
1993.8
1994.0
1994.0
1994.0
1994.1
1994.1
1994.1
1994.2
1994.2
1994.3
1994.3
1994.3
1994.3
1994.4
1994.4
1994.4
1994.5
1994.5
1994.6
1994.6
1994.6
1994.7
1994.7
1994.7
1994.7
1994.7
1994.8
1994.8
1994.8
1994.9
1994.9
1994.9
1995.0
1995.0
1995.0
1995.1
1995.1
1995.1
1995.1
1995.2
1995.2
1995.2
1995.3
1995.3
1995.3
1995.4
1995.5
1995.5
1995.5
1995.5
1995.5
1995.6
1995.6
1995.6
1995.7
1995.7
1995.7
1995.8
1995.8
1995.9
1995.9
1996.1
1996.1
1996.2
1996.2
1996.4
1996.6
1996.6
1996.6
1996.8
1997.0
1997.5
1998.0
1999.0
1999.6
2001.8
2001.9
2005.7
2009.2
2139.5
2139.6
2139.6
2139.6
2139.6
2139.6
2139.6
2139.6
2139.6
2139.6
2139.6
2139.6
2139.6
2139.6
2139.6
2139.6
2139.6
2139.6
2139.6
2139.6
2139.6
2139.7
2139.7
2139.7
2139.7
2139.7
2139.7
2139.7
2139.7
2139.7
2139.7
2139.7
2139.7
2139.7
2139.7
2139.7
2139.7
2139.7
2139.7
2139.7
2139.7
2139.7
2139.7
2139.7
2139.7
2139.7
2139.7
2139.8
2139.8
2139.8
2139.8
2139.8
2139.8
2139.8
2139.8
2139.8
2139.8
2139.8
2139.9
2139.9
2139.9
2139.9
2139.9
2139.9
2140.0
2140.0
2140.0
2140.1
2140.1
2140.1
2140.2
2140.2
2140.2
2140.2
2140.2
2140.3
2140.4
2140.5
2140.5
2140.5
2140.5
2140.6
2140.6
2140.7
2140.9
2141.0
2141.1
2141.2
2141.6
2141.6
2141.8
2142.0
2142.1
2142.7
2142.7
2143.4
2143.4
2143.5
2143.6
2143.9
2143.9
2144.0
2144.0
2144.0
2144.0
2144.0
2144.0
2144.1
2144.1
2144.1
2144.1
2144.1
2144.1
2144.1
2144.1
2144.1
2144.2
2144.2
2144.2
2144.2
2144.2
2144.2
2144.3
2144.3
2144.3
2144.3
2144.3
2144.3
2144.3
2144.3
2144.3
2144.4
2144.4
2144.4
2144.4
2144.4
2144.4
2144.4
2144.4
2144.4
2144.4
2144.4
2144.4
2144.4
2144.4
2144.5
2144.5
2144.5
2144.5
2144.5
2144.5
2144.5
2144.5
2144.5
2144.6
2144.6
2144.6
2144.6
2144.6
2144.6
2144.7
2144.7
2144.7
2144.7
2144.7
2144.8
2144.8
2144.8
2144.8
2144.8
2144.9
2145.0
2145.0
2145.0
2145.0
2145.0
2145.1
2145.1
2145.2
2145.2
2145.4
2145.4
2145.5
2145.5
2145.9
2145.9
2146.2
2146.2
2146.5
2146.6
2147.1
2147.4
2147.9
2148.3
2148.4
2149.8
2149.9
2149.9
2150.0
2150.7
2150.8
2150.8
2150.9
2151.0
2151.0
2151.0
2151.0
2151.1
2151.1
2151.2
2151.2
2151.3
2151.3
2151.3
2151.3
2151.3
2151.3
2151.3
2151.4
2151.5
2151.5
2151.5
2151.5
2151.6
2151.7
2151.7
2151.7
2151.8
2151.8
2151.8
2151.8
2151.9
2152.0
2152.0
2152.0
2152.0
2152.0
2152.0
2152.1
2152.1
2152.1
2152.1
2152.2
2152.2
2152.3
2152.3
2152.4
2152.4
2152.4
2152.5
2152.5
2152.5
2152.5
2152.6
2152.6
2152.6
2152.6
2152.6
2152.7
2152.7
2152.7
2152.7
2152.7
2152.8
2152.8
2152.8
2152.8
2152.8
2152.9
2152.9
2152.9
2153.0
2153.0
2153.1
2153.1
2153.1
2153.2
2153.3
2153.3
2153.3
2153.3
2153.3
2153.3
2153.4
2153.9
2154.0
2154.0
2154.2
2154.5
2154.7
2154.8
2156.1
2157.1
2159.1
2159.6
2166.0
2167.2
2168.2
2169.3
2190.8
2190.9
2190.9
2190.9
2190.9
2190.9
2190.9
2190.9
2190.9
2191.0
2191.0
2191.0
2191.0
2191.0
2191.0
2191.0
2191.0
2191.0
2191.0
2191.0
2191.0
2191.0
2191.1
2191.1
2191.1
2191.1
2191.1
2191.1
2191.1
2191.2
2191.2
2191.2
2191.2
2191.2
2191.2
2191.2
2191.2
2191.3
2191.3
2191.3
2191.3
2191.4
2191.4
2191.4
2191.4
2191.4
2191.4
2191.4
2191.5
2191.5
2191.5
2191.5
2191.5
2191.5
2191.5
2191.5
2191.5
2191.6
2191.6
2191.7
2191.7
2191.7
2191.8
2191.8
2191.8
2192.0
2192.0
2192.0
2192.0
2192.0
2192.2
2192.2
2192.2
2192.3
2192.3
2192.3
2192.3
2192.4
2192.5
2192.6
2192.7
2192.7
2192.9
2192.9
2193.0
2193.1
2193.3
2193.4
2193.6
2194.2
2194.2
2194.4
2194.7
2195.3
2195.4
2195.4
2195.5
2195.6
2195.6
2195.6
2195.6
2195.7
2195.7
2195.7
2195.7
2195.7
2195.8
2195.8
2195.8
2195.8
2195.8
2195.8
2195.9
2195.9
2195.9
2195.9
2195.9
2195.9
2195.9
2195.9
2196.0
2196.0
2196.0
2196.0
2196.0
2196.0
2196.0
2196.0
2196.0
2196.0
2196.0
2196.1
2196.1
2196.1
2196.1
2196.1
2196.2
2196.2
2196.2
2196.2
2196.2
2196.2
2196.3
2196.3
2196.3
2196.3
2196.3
2196.4
2196.4
2196.4
2196.4
2196.4
2196.5
2196.6
2196.6
2196.7
2196.7
2196.8
2196.9
2196.9
2196.9
2196.9
2197.0
2197.0
2197.1
2197.1
2197.2
2197.2
2197.3
2197.3
2197.4
2197.4
2197.4
2197.5
2197.5
2197.7
2197.7
2198.0
2198.0
2198.1
2198.2
2198.8
2198.9
2199.0
2199.0
2199.0
2199.4
2200.3
2201.0
2201.8
2202.1
2202.1
2202.3
2202.4
2202.7
2202.7
2202.7
2202.9
2203.0
2203.0
2203.1
2203.1
2203.2
2203.2
2203.3
2203.3
2203.3
2203.3
2203.3
2203.4
2203.4
2203.5
2203.5
2203.5
2203.5
2203.6
2203.6
2203.6
2203.9
2203.9
2203.9
2203.9
2204.0
2204.0
2204.1
2204.1
2204.2
2204.2
2204.3
2204.3
2204.3
2204.3
2204.4
2204.4
2204.5
2204.6
2204.6
2204.6
2204.7
2204.7
2204.7
2204.8
2204.8
2204.9
2204.9
2205.0
2205.1
2205.1
2205.1
2205.1
2205.2
2205.2
2205.3
2205.3
2205.3
2205.4
2205.4
2205.4
2205.5
2205.7
2205.7
2205.7
2205.8
2205.9
2206.0
2206.1
2206.3
2206.6
2206.7
2206.9
2207.1
2207.1
2207.4
2207.7
2210.0
2210.0
2210.4
2212.0
2212.4
2212.7
2215.2
2216.1
2216.6
2218.7
2222.2
2222.8
2223.1
2232.9
2233.7
2347.6
2347.6
2347.6
2347.7
2347.7
2347.7
2347.7
2347.7
2347.7
2347.7
2347.7
2347.8
2347.8
2347.8
2347.8
2347.8
2347.8
2347.8
2347.8
2347.8
2347.8
2347.8
2347.8
2347.8
2347.8
2347.8
2347.9
2347.9
2347.9
2347.9
2347.9
2347.9
2347.9
2347.9
2347.9
2347.9
2347.9
2347.9
2348.0
2348.0
2348.0
2348.0
2348.0
2348.0
2348.0
2348.0
2348.0
2348.0
2348.0
2348.0
2348.1
2348.1
2348.1
2348.1
2348.1
2348.1
2348.2
2348.2
2348.2
2348.3
2348.3
2348.3
2348.3
2348.3
2348.3
2348.4
2348.5
2348.5
2348.5
2348.5
2348.5
2348.5
2348.5
2348.7
2348.7
2348.8
2348.8
2348.8
2349.0
2349.0
2349.0
2349.1
2349.1
2349.2
2349.2
2349.4
2349.6
2349.6
2349.9
2350.1
2350.1
2350.4
2350.5
2351.1
2351.1
2351.6
2351.7
2351.7
2351.8
2352.0
2352.1
2352.1
2352.1
2352.1
2352.1
2352.2
2352.2
2352.2
2352.3
2352.3
2352.3
2352.3
2352.3
2352.3
2352.4
2352.4
2352.4
2352.4
2352.4
2352.4
2352.4
2352.4
2352.4
2352.4
2352.4
2352.5
2352.5
2352.5
2352.5
2352.5
2352.5
2352.5
2352.6
2352.6
2352.6
2352.6
2352.6
2352.6
2352.6
2352.6
2352.6
2352.6
2352.7
2352.7
2352.7
2352.7
2352.7
2352.7
2352.7
2352.8
2352.8
2352.8
2352.8
2352.9
2352.9
2352.9
2352.9
2352.9
2353.0
2353.0
2353.0
2353.0
2353.0
2353.1
2353.1
2353.1
2353.1
2353.2
2353.2
2353.2
2353.2
2353.2
2353.3
2353.3
2353.4
2353.4
2353.4
2353.4
2353.5
2353.6
2353.8
2353.8
2353.9
2353.9
2354.2
2354.3
2354.5
2354.7
2354.8
2355.1
2355.6
2355.8
2356.4
2356.8
2357.0
2358.1
2358.3
2358.3
2358.4
2358.8
2359.0
2359.0
2359.1
2359.1
2359.3
2359.3
2359.3
2359.3
2359.3
2359.4
2359.4
2359.4
2359.5
2359.5
2359.6
2359.6
2359.7
2359.7
2359.7
2359.7
2359.7
2359.7
2359.8
2359.9
2359.9
2360.0
2360.0
2360.0
2360.1
2360.1
2360.1
2360.1
2360.2
2360.3
2360.3
2360.3
2360.3
2360.3
2360.4
2360.4
2360.5
2360.5
2360.5
2360.6
2360.6
2360.6
2360.6
2360.6
2360.6
2360.7
2360.7
2360.7
2360.7
2360.7
2360.8
2361.0
2361.0
2361.0
2361.0
2361.0
2361.0
2361.1
2361.1
2361.1
2361.1
2361.2
2361.2
2361.2
2361.2
2361.3
2361.3
2361.3
2361.4
2361.4
2361.4
2361.4
2361.5
2361.5
2361.6
2361.6
2361.6
2361.8
2361.9
2362.1
2362.2
2362.5
2362.7
2362.8
2363.0
2363.0
2363.8
2365.0
2366.1
2368.6
2369.2
2375.9
2377.6
2379.3
2380.5
2396.8
2396.9
2396.9
2396.9
2397.0
2397.0
2397.0
2397.0
2397.0
2397.0
2397.1
2397.1
2397.1
2397.1
2397.1
2397.1
2397.1
2397.1
2397.1
2397.1
2397.1
2397.1
2397.2
2397.2
2397.2
2397.2
2397.2
2397.2
2397.2
2397.2
2397.3
2397.3
2397.3
2397.3
2397.3
2397.3
2397.3
2397.3
2397.3
2397.4
2397.4
2397.4
2397.4
2397.4
2397.5
2397.5
2397.5
2397.5
2397.5
2397.5
2397.5
2397.6
2397.6
2397.6
2397.6
2397.7
2397.7
2397.7
2397.7
2397.8
2397.8
2397.8
2397.9
2397.9
2398.1
2398.1
2398.1
2398.1
2398.2
2398.2
2398.3
2398.3
2398.4
2398.5
2398.5
2398.5
2398.5
2398.6
2398.7
2398.9
2398.9
2399.1
2399.1
2399.1
2399.2
2399.2
2399.6
2399.7
2399.9
2400.4
2400.7
2400.7
2400.9
2401.3
2401.4
2401.5
2401.5
2401.5
2401.6
2401.6
2401.7
2401.7
2401.7
2401.8
2401.8
2401.8
2401.8
2401.8
2401.8
2401.8
2401.9
2401.9
2401.9
2401.9
2401.9
2401.9
2402.0
2402.0
2402.0
2402.0
2402.0
2402.0
2402.1
2402.1
2402.1
2402.1
2402.1
2402.1
2402.1
2402.1
2402.1
2402.1
2402.1
2402.2
2402.2
2402.2
2402.2
2402.2
2402.2
2402.2
2402.3
2402.3
2402.4
2402.4
2402.4
2402.4
2402.5
2402.5
2402.6
2402.6
2402.7
2402.7
2402.7
2402.7
2402.7
2402.7
2402.9
2403.0
2403.0
2403.1
2403.2
2403.2
2403.2
2403.2
2403.3
2403.4
2403.6
2403.6
2403.6
2403.6
2403.7
2403.7
2403.7
2403.8
2403.9
2404.0
2404.1
2404.2
2404.3
2404.4
2404.5
2405.1
2405.2
2405.3
2405.5
2405.6
2405.8
2406.9
2407.5
2408.1
2408.4
2408.4
2408.6
2408.6
2408.7
2408.7
2408.7
2408.9
2408.9
2408.9
2409.2
2409.2
2409.2
2409.3
2409.3
2409.3
2409.4
2409.4
2409.4
2409.4
2409.5
2409.5
2409.6
2409.7
2409.8
2409.8
2409.8
2409.9
2410.1
2410.1
2410.1
2410.1
2410.2
2410.2
2410.2
2410.2
2410.3
2410.3
2410.4
2410.4
2410.4
2410.6
2410.6
2410.7
2410.8
2410.8
2410.8
2410.9
2410.9
2410.9
2411.0
2411.0
2411.0
2411.0
2411.0
2411.1
2411.1
2411.2
2411.3
2411.3
2411.3
2411.4
2411.4
2411.5
2411.5
2411.6
2411.7
2411.8
2411.8
2412.0
2412.0
2412.0
2412.2
2412.6
2412.7
2412.8
2412.9
2412.9
2413.2
2413.4
2413.6
2413.6
2414.4
2414.4
2417.7
2418.2
2419.0
2419.0
2421.7
2422.5
2423.1
2429.4
2433.6
2447.4
2555.1
2555.1
2555.1
2555.1
2555.1
2555.1
2555.1
2555.1
2555.1
2555.2
2555.2
2555.2
2555.2
2555.2
2555.2
2555.2
2555.2
2555.2
2555.2
2555.2
2555.2
2555.2
2555.2
2555.2
2555.2
2555.2
2555.2
2555.3
2555.3
2555.3
2555.3
2555.3
2555.3
2555.3
2555.3
2555.3
2555.3
2555.3
2555.4
2555.4
2555.4
2555.4
2555.4
2555.4
2555.4
2555.4
2555.5
2555.5
2555.5
2555.5
2555.5
2555.5
2555.5
2555.5
2555.6
2555.6
2555.6
2555.6
2555.7
2555.7
2555.7
2555.7
2555.7
2555.8
2555.8
2555.8
2555.9
2555.9
2555.9
2555.9
2556.0
2556.0
2556.1
2556.1
2556.1
2556.2
2556.3
2556.3
2556.4
2556.4
2556.4
2556.5
2556.5
2556.6
2556.7
2556.9
2557.1
2557.1
2557.5
2557.5
2557.6
2557.9
2558.0
2558.5
2558.5
2559.2
2559.2
2559.2
2559.3
2559.4
2559.5
2559.5
2559.5
2559.5
2559.6
2559.6
2559.6
2559.6
2559.6
2559.7
2559.7
2559.7
2559.7
2559.8
2559.8
2559.8
2559.8
2559.8
2559.8
2559.8
2559.8
2559.8
2559.8
2559.8
2559.9
2559.9
2559.9
2559.9
2559.9
2559.9
2559.9
2559.9
2560.0
2560.0
2560.0
2560.0
2560.0
2560.0
2560.0
2560.1
2560.1
2560.1
2560.1
2560.1
2560.1
2560.2
2560.2
2560.2
2560.2
2560.2
2560.2
2560.2
2560.2
2560.3
2560.3
2560.3
2560.4
2560.4
2560.4
2560.4
2560.4
2560.4
2560.5
2560.5
2560.5
2560.6
2560.6
2560.6
2560.6
2560.6
2560.7
2560.7
2560.7
2560.8
2560.8
2560.8
2560.8
2560.9
2561.0
2561.0
2561.2
2561.3
2561.3
2561.3
2561.7
2561.7
2562.1
2562.1
2562.4
2562.6
2563.1
2563.3
2563.9
2564.3
2564.4
2565.7
2565.9
2565.9
2565.9
2566.2
2566.4
2566.4
2566.5
2566.5
2566.7
2566.7
2566.7
2566.8
2566.8
2566.8
2566.8
2566.8
2566.9
2566.9
2567.0
2567.1
2567.1
2567.1
2567.1
2567.1
2567.1
2567.2
2567.2
2567.3
2567.4
2567.4
2567.4
2567.5
2567.5
2567.5
2567.5
2567.5
2567.5
2567.6
2567.6
2567.7
2567.7
2567.7
2567.8
2567.9
2567.9
2567.9
2568.0
2568.0
2568.0
2568.0
2568.1
2568.1
2568.1
2568.1
2568.1
2568.1
2568.1
2568.2
2568.2
2568.3
2568.3
2568.4
2568.4
2568.4
2568.5
2568.5
2568.5
2568.5
2568.5
2568.6
2568.6
2568.6
2568.6
2568.7
2568.7
2568.7
2568.7
2568.7
2568.9
2568.9
2568.9
2569.0
2569.0
2569.0
2569.1
2569.2
2569.5
2569.6
2569.6
2569.9
2570.0
2570.2
2570.4
2570.4
2571.3
2572.5
2573.7
2575.8
2576.5
2583.1
2584.5
2586.2
2586.9
2605.3
2605.4
2605.4
2605.4
2605.4
2605.5
2605.5
2605.5
2605.5
2605.5
2605.5
2605.5
2605.5
2605.5
2605.5
2605.5
2605.6
2605.6
2605.6
2605.6
2605.6
2605.6
2605.6
2605.6
2605.6
2605.6
2605.6
2605.7
2605.7
2605.7
2605.7
2605.7
2605.7
2605.7
2605.7
2605.8
2605.8
2605.8
2605.8
2605.9
2605.9
2605.9
2605.9
2605.9
2605.9
2605.9
2606.0
2606.0
2606.0
2606.0
2606.0
2606.0
2606.1
2606.1
2606.1
2606.1
2606.1
2606.1
2606.1
2606.2
2606.2
2606.3
2606.3
2606.3
2606.5
2606.5
2606.5
2606.5
2606.6
2606.6
2606.7
2606.8
2606.8
2606.9
2606.9
2606.9
2607.0
2607.0
2607.1
2607.3
2607.3
2607.4
2607.5
2607.6
2607.6
2607.7
2608.0
2608.0
2608.3
2608.9
2609.0
2609.1
2609.4
2609.8
2609.9
2609.9
2610.0
2610.0
2610.1
2610.1
2610.2
2610.2
2610.2
2610.2
2610.2
2610.2
2610.3
2610.3
2610.3
2610.3
2610.3
2610.4
2610.4
2610.4
2610.4
2610.4
2610.4
2610.5
2610.5
2610.5
2610.5
2610.5
2610.5
2610.5
2610.5
2610.5
2610.5
2610.6
2610.6
2610.6
2610.6
2610.6
2610.6
2610.6
2610.6
2610.6
2610.7
2610.7
2610.7
2610.8
2610.8
2610.8
2610.8
2610.8
2610.8
2610.8
2610.9
2610.9
2611.0
2611.1
2611.1
2611.1
2611.1
2611.1
2611.1
2611.2
2611.4
2611.4
2611.5
2611.5
2611.6
2611.6
2611.6
2611.6
2611.7
2611.9
2611.9
2612.0
2612.0
2612.0
2612.0
2612.1
2612.1
2612.2
2612.3
2612.4
2612.5
2612.6
2612.7
2612.8
2612.9
2613.5
2613.6
2613.8
2613.8
2613.9
2614.2
2615.3
2615.9
2616.6
2616.7
2616.9
2616.9
2617.1
2617.2
2617.2
2617.2
2617.4
2617.5
2617.5
2617.7
2617.7
2617.7
2617.7
2617.8
2617.8
2617.9
2617.9
2617.9
2617.9
2618.0
2618.0
2618.0
2618.1
2618.1
2618.3
2618.3
2618.4
2618.5
2618.5
2618.6
2618.6
2618.6
2618.7
2618.7
2618.7
2618.8
2618.8
2618.8
2618.9
2618.9
2618.9
2619.1
2619.1
2619.1
2619.2
2619.3
2619.3
2619.3
2619.4
2619.4
2619.5
2619.5
2619.5
2619.6
2619.6
2619.6
2619.6
2619.7
2619.7
2619.7
2619.9
2619.9
2620.0
2620.0
2620.0
2620.1
2620.3
2620.3
2620.4
2620.4
2620.5
2620.7
2621.0
2621.1
2621.1
2621.2
2621.3
2621.5
2622.0
2622.0
2622.1
2622.7
2623.0
2626.3
2626.7
2627.2
2628.1
2629.8
2630.1
2630.6
2637.6
2646.0
2761.9
2762.0
2762.0
2762.0
2762.0
2762.0
2762.0
2762.0
2762.0
2762.0
2762.0
2762.0
2762.0
2762.0
2762.0
2762.0
2762.0
2762.0
2762.0
2762.0
2762.0
2762.0
2762.0
2762.0
2762.0
2762.1
2762.1
2762.1
2762.1
2762.1
2762.1
2762.1
2762.1
2762.1
2762.1
2762.1
2762.1
2762.1
2762.1
2762.1
2762.1
2762.1
2762.1
2762.1
2762.1
2762.1
2762.1
2762.1
2762.1
2762.1
2762.1
2762.1
2762.1
2762.1
2762.1
2762.1
2762.2
2762.2
2762.2
2762.2
2762.2
2762.2
2762.2
2762.3
2762.3
2762.3
2762.4
2762.4
2762.5
2762.5
2762.5
2762.5
2762.5
2762.6
2762.6
2762.7
2762.7
2762.8
2762.9
2762.9
2762.9
2763.0
2763.0
2763.1
2763.1
2763.3
2763.5
2763.5
2763.8
2763.9
2764.0
2764.3
2764.4
2764.9
2764.9
2765.5
2765.5
2765.6
2765.7
2766.1
2766.3
2766.4
2766.4
2766.4
2766.4
2766.4
2766.4
2766.4
2766.4
2766.5
2766.5
2766.5
2766.5
2766.5
2766.5
2766.5
2766.6
2766.6
2766.6
2766.6
2766.6
2766.6
2766.6
2766.6
2766.6
2766.7
2766.7
2766.7
2766.7
2766.7
2766.7
2766.7
2766.7
2766.7
2766.7
2766.7
2766.8
2766.8
2766.8
2766.8
2766.8
2766.8
2766.8
2766.8
2766.8
2766.8
2766.8
2766.8
2766.9
2766.9
2766.9
2766.9
2766.9
2766.9
2766.9
2766.9
2766.9
2766.9
2767.0
2767.0
2767.0
2767.0
2767.0
2767.0
2767.0
2767.1
2767.1
2767.1
2767.1
2767.2
2767.2
2767.2
2767.2
2767.3
2767.3
2767.3
2767.3
2767.4
2767.5
2767.5
2767.7
2767.7
2767.8
2767.8
2768.1
2768.2
2768.4
2768.6
2768.7
2769.0
2769.4
2769.7
2770.3
2770.7
2770.8
2772.0
2772.2
2772.2
2772.2
2773.1
2773.1
2773.1
2773.2
2773.3
2773.4
2773.4
2773.4
2773.5
2773.6
2773.6
2773.6
2773.6
2773.7
2773.7
2773.7
2773.7
2773.7
2773.7
2773.8
2773.9
2773.9
2773.9
2773.9
2774.0
2774.0
2774.0
2774.1
2774.2
2774.2
2774.2
2774.2
2774.3
2774.3
2774.4
2774.4
2774.4
2774.4
2774.4
2774.5
2774.5
2774.5
2774.5
2774.6
2774.6
2774.6
2774.6
2774.6
2774.8
2774.8
2774.9
2774.9
2774.9
2774.9
2775.0
2775.0
2775.0
2775.0
2775.1
2775.1
2775.1
2775.1
2775.1
2775.2
2775.2
2775.2
2775.2
2775.2
2775.3
2775.3
2775.3
2775.4
2775.4
2775.4
2775.5
2775.5
2775.5
2775.5
2775.6
2775.7
2775.7
2775.7
2775.7
2775.8
2776.0
2776.2
2776.4
2776.5
2776.9
2776.9
2777.0
2777.6
2778.8
2780.0
2782.4
2782.9
2789.5
2791.2
2792.8
2794.0
2812.4
2812.5
2812.5
2812.6
2812.6
2812.6
2812.6
2812.6
2812.6
2812.6
2812.6
2812.6
2812.6
2812.6
2812.6
2812.6
2812.7
2812.7
2812.7
2812.7
2812.7
2812.7
2812.7
2812.7
2812.7
2812.7
2812.7
2812.7
2812.7
2812.8
2812.8
2812.8
2812.8
2812.8
2812.8
2812.8
2812.9
2812.9
2812.9
2812.9
2812.9
2812.9
2812.9
2813.0
2813.0
2813.0
2813.0
2813.0
2813.0
2813.0
2813.1
2813.1
2813.1
2813.1
2813.1
2813.1
2813.1
2813.1
2813.1
2813.2
2813.2
2813.2
2813.3
2813.3
2813.5
2813.5
2813.5
2813.5
2813.5
2813.6
2813.7
2813.7
2813.8
2813.8
2813.8
2813.8
2813.9
2814.0
2814.0
2814.2
2814.2
2814.2
2814.4
2814.4
2814.5
2814.5
2814.8
2814.8
2815.0
2815.4
2815.6
2815.6
2815.8
2816.9
2816.9
2817.0
2817.1
2817.1
2817.1
2817.1
2817.2
2817.2
2817.2
2817.3
2817.3
2817.3
2817.3
2817.3
2817.4
2817.4
2817.4
2817.4
2817.4
2817.4
2817.4
2817.5
2817.5
2817.5
2817.5
2817.5
2817.5
2817.5
2817.5
2817.5
2817.5
2817.6
2817.6
2817.6
2817.6
2817.6
2817.6
2817.6
2817.6
2817.6
2817.6
2817.6
2817.6
2817.7
2817.7
2817.7
2817.7
2817.7
2817.7
2817.8
2817.8
2817.8
2817.8
2817.8
2817.8
2817.8
2817.8
2817.9
2817.9
2817.9
2817.9
2817.9
2818.0
2818.0
2818.0
2818.0
2818.0
2818.1
2818.1
2818.2
2818.2
2818.3
2818.3
2818.4
2818.4
2818.4
2818.5
2818.6
2818.6
2818.6
2818.7
2818.8
2818.8
2818.9
2819.1
2819.1
2819.3
2819.5
2819.7
2819.7
2819.7
2819.8
2820.3
2820.4
2821.0
2821.8
2821.8
2821.9
2822.6
2823.4
2823.6
2824.0
2824.1
2824.2
2824.2
2824.3
2824.4
2824.5
2824.5
2824.5
2824.6
2824.6
2824.6
2824.6
2824.6
2824.7
2824.7
2824.8
2824.8
2824.8
2824.8
2824.9
2825.0
2825.0
2825.0
2825.1
2825.3
2825.3
2825.3
2825.3
2825.4
2825.4
2825.4
2825.5
2825.5
2825.5
2825.5
2825.6
2825.6
2825.6
2825.6
2825.6
2825.7
2825.7
2825.7
2825.7
2825.7
2825.8
2825.8
2825.8
2825.9
2826.0
2826.0
2826.0
2826.0
2826.1
2826.1
2826.1
2826.2
2826.2
2826.2
2826.2
2826.2
2826.3
2826.4
2826.4
2826.4
2826.4
2826.5
2826.5
2826.6
2826.6
2826.6
2826.6
2826.7
2826.7
2826.8
2826.9
2827.0
2827.0
2827.1
2827.1
2827.2
2827.2
2827.3
2827.3
2827.6
2827.7
2827.7
2827.7
2828.0
2828.6
2829.0
2830.4
2830.7
2832.8
2833.1
2836.5
2839.9
2864.7
2970.5
2970.5
2970.5
2970.5
2970.5
2970.5
2970.5
2970.6
2970.6
2970.6
2970.6
2970.6
2970.6
2970.6
2970.6
2970.6
2970.6
2970.6
2970.6
2970.6
2970.6
2970.6
2970.6
2970.6
2970.6
2970.6
2970.6
2970.6
2970.6
2970.6
2970.6
2970.6
2970.7
2970.7
2970.7
2970.7
2970.7
2970.7
2970.7
2970.7
2970.7
2970.7
2970.7
2970.7
2970.7
2970.7
2970.7
2970.7
2970.7
2970.7
2970.7
2970.7
2970.8
2970.8
2970.8
2970.8
2970.8
2970.8
2970.8
2970.8
2970.8
2970.8
2970.9
2970.9
2970.9
2971.0
2971.0
2971.0
2971.0
2971.1
2971.1
2971.2
2971.2
2971.2
2971.2
2971.3
2971.4
2971.4
2971.4
2971.4
2971.5
2971.5
2971.6
2971.7
2971.8
2972.0
2972.1
2972.2
2972.5
2972.6
2972.7
2973.0
2973.1
2973.7
2973.7
2974.3
2974.4
2974.5
2974.6
2974.9
2974.9
2974.9
2974.9
2975.0
2975.0
2975.0
2975.0
2975.0
2975.0
2975.0
2975.0
2975.0
2975.0
2975.1
2975.1
2975.1
2975.1
2975.2
2975.2
2975.2
2975.2
2975.2
2975.2
2975.2
2975.2
2975.2
2975.3
2975.3
2975.3
2975.3
2975.3
2975.3
2975.3
2975.3
2975.3
2975.3
2975.3
2975.4
2975.4
2975.4
2975.4
2975.4
2975.4
2975.4
2975.4
2975.4
2975.4
2975.5
2975.5
2975.5
2975.5
2975.5
2975.5
2975.5
2975.5
2975.5
2975.5
2975.5
2975.6
2975.6
2975.6
2975.6
2975.7
2975.7
2975.7
2975.7
2975.7
2975.7
2975.8
2975.8
2975.8
2975.9
2975.9
2975.9
2976.0
2976.0
2976.0
2976.1
2976.1
2976.1
2976.3
2976.4
2976.4
2976.4
2976.8
2976.8
2977.1
2977.2
2977.4
2977.6
2978.1
2978.4
2978.9
2979.3
2979.4
2980.7
2980.8
2980.9
2981.0
2981.7
2981.7
2981.8
2981.9
2981.9
2981.9
2982.0
2982.0
2982.0
2982.1
2982.1
2982.2
2982.2
2982.2
2982.2
2982.2
2982.3
2982.3
2982.3
2982.4
2982.4
2982.4
2982.5
2982.5
2982.6
2982.6
2982.7
2982.7
2982.7
2982.8
2982.8
2982.8
2982.8
2982.9
2982.9
2982.9
2982.9
2983.0
2983.0
2983.0
2983.1
2983.1
2983.1
2983.1
2983.2
2983.2
2983.2
2983.3
2983.3
2983.4
2983.4
2983.5
2983.5
2983.5
2983.6
2983.6
2983.6
2983.6
2983.6
2983.6
2983.7
2983.7
2983.7
2983.7
2983.7
2983.8
2983.8
2983.8
2983.8
2983.8
2983.8
2983.9
2983.9
2984.0
2984.0
2984.1
2984.1
2984.1
2984.2
2984.2
2984.3
2984.3
2984.3
2984.3
2984.4
2984.9
2984.9
2984.9
2985.2
2985.5
2985.6
2985.8
2987.1
2988.0
2990.1
2990.6
2996.9
2998.0
2999.2
