258.3
258.3
258.3
258.4
258.4
258.4
258.4
258.4
258.4
258.4
258.5
258.5
258.5
258.5
258.5
258.5
258.5
258.5
258.5
258.5
258.6
258.6
258.6
258.6
258.6
258.6
258.7
258.7
258.7
258.7
258.7
258.8
258.8
258.8
258.8
258.8
258.9
258.9
258.9
259.0
259.0
259.0
259.0
259.1
259.1
259.2
259.2
259.2
259.2
259.3
259.3
259.3
259.3
259.4
259.4
259.4
259.5
259.5
259.5
259.5
259.6
259.6
259.7
259.8
259.8
259.9
260.0
260.0
260.1
260.2
260.3
260.4
260.5
260.6
260.6
260.7
260.8
260.9
261.3
261.4
261.4
261.6
261.6
261.6
261.7
261.8
262.2
262.4
262.7
263.1
263.6
263.8
264.1
264.6
264.7
265.1
265.1
265.1
265.2
265.2
265.2
265.4
265.4
265.4
265.5
265.5
265.5
265.5
265.6
265.6
265.6
265.6
265.7
265.7
265.7
265.8
265.8
265.8
265.8
265.8
265.9
265.9
265.9
266.0
266.0
266.0
266.1
266.1
266.1
266.2
266.2
266.2
266.2
266.3
266.3
266.3
266.4
266.4
266.4
266.4
266.4
266.4
266.5
266.5
266.5
266.5
266.5
266.6
266.6
266.7
266.8
266.8
266.9
266.9
266.9
266.9
267.0
267.0
267.0
267.0
267.1
267.1
267.2
267.3
267.4
267.4
267.5
267.5
267.5
267.6
267.6
267.7
267.8
267.8
267.9
268.3
268.4
268.5
268.6
268.8
268.8
269.7
269.8
269.8
270.0
270.1
271.1
271.6
271.7
273.2
273.6
273.7
274.5
275.7
275.7
276.3
276.3
276.4
276.5
276.6
276.6
276.6
276.6
276.7
277.0
277.2
277.4
277.5
277.6
277.6
277.8
277.9
278.0
278.0
278.0
278.1
278.2
278.3
278.5
278.7
278.7
278.8
278.8
278.9
278.9
279.0
279.1
279.1
279.1
279.1
279.1
279.1
279.3
279.7
279.7
279.7
279.7
279.8
279.8
280.0
280.1
280.1
280.2
280.3
280.3
280.3
280.4
280.4
280.4
280.5
280.6
280.6
280.7
280.7
280.8
280.8
280.9
280.9
281.1
281.3
281.3
281.4
281.4
281.5
281.6
281.7
282.0
282.0
282.2
282.3
282.3
282.4
282.7
283.0
283.1
283.3
283.7
284.6
284.9
286.4
286.6
286.9
287.0
287.6
287.8
288.8
290.0
298.9
300.6
302.1
426.3
426.4
426.4
426.5
426.5
426.5
426.5
426.5
426.5
426.5
426.6
426.6
426.6
426.6
426.6
426.6
426.6
426.6
426.7
426.7
426.7
426.7
426.7
426.7
426.7
426.8
426.8
426.8
426.8
426.8
426.8
426.8
426.8
426.8
426.8
426.9
426.9
426.9
426.9
426.9
427.0
427.0
427.0
427.0
427.0
427.1
427.1
427.1
427.2
427.2
427.2
427.2
427.2
427.2
427.3
427.3
427.3
427.4
427.5
427.5
427.7
427.7
427.7
427.7
427.9
427.9
427.9
428.0
428.1
428.1
428.3
428.4
428.5
428.5
428.7
428.8
428.9
429.4
429.5
429.5
429.7
429.7
429.9
430.0
430.0
430.2
430.7
431.0
431.6
431.9
432.5
432.7
432.9
433.1
433.1
433.2
433.2
433.2
433.2
433.2
433.3
433.3
433.3
433.4
433.4
433.4
433.4
433.5
433.5
433.5
433.5
433.6
433.6
433.6
433.7
433.8
433.8
433.8
433.9
433.9
434.0
434.1
434.1
434.1
434.1
434.2
434.2
434.2
434.2
434.2
434.3
434.3
434.3
434.4
434.4
434.4
434.4
434.5
434.5
434.6
434.6
434.6
434.6
434.6
434.7
434.7
434.7
434.8
434.8
434.9
434.9
435.1
435.2
435.4
435.5
435.5
435.6
435.6
435.7
435.8
435.8
435.9
436.0
436.0
436.1
436.2
436.5
436.7
436.9
436.9
437.1
437.5
437.7
437.9
438.0
438.2
438.2
438.3
438.3
438.9
439.4
439.5
439.6
440.4
440.5
441.8
443.3
443.4
443.4
443.7
443.8
444.0
444.2
444.2
444.3
444.5
444.6
444.6
444.6
444.8
445.2
445.5
445.5
445.6
445.7
445.8
446.0
446.0
446.0
446.1
446.1
446.4
446.5
446.8
446.9
446.9
447.0
447.2
447.3
447.3
447.6
447.8
448.2
448.4
448.5
448.6
448.7
448.7
448.8
449.0
449.1
449.3
449.3
449.3
449.4
449.4
449.4
449.5
449.5
449.7
450.0
450.1
450.5
451.1
451.2
451.3
451.4
451.8
452.4
452.6
452.7
452.8
452.9
453.3
453.7
453.8
453.8
453.9
455.9
456.0
457.1
457.5
457.7
457.8
458.0
458.6
458.8
461.5
461.6
464.2
569.3
569.4
569.4
569.4
569.5
569.5
569.5
569.5
569.5
569.5
569.5
569.5
569.6
569.6
569.6
569.6
569.6
569.6
569.7
569.7
569.7
569.7
569.7
569.7
569.7
569.8
569.8
569.8
569.8
569.9
569.9
569.9
569.9
569.9
569.9
570.0
570.0
570.0
570.1
570.1
570.1
570.1
570.1
570.1
570.2
570.2
570.2
570.3
570.3
570.3
570.3
570.4
570.4
570.4
570.4
570.4
570.5
570.5
570.6
570.6
570.7
570.7
570.7
570.8
570.9
570.9
571.0
571.0
571.2
571.3
571.5
571.5
571.6
571.7
571.8
571.9
572.0
572.7
572.7
572.8
572.8
573.0
573.2
573.2
573.6
573.8
574.0
574.5
574.9
575.0
575.1
575.1
575.2
575.2
575.4
575.5
575.5
575.5
575.5
575.6
575.6
575.6
575.7
575.7
575.7
575.7
575.7
575.7
575.8
575.8
575.8
575.8
575.8
575.8
575.8
575.8
575.8
575.8
575.9
575.9
575.9
576.0
576.0
576.0
576.0
576.0
576.1
576.1
576.1
576.2
576.2
576.2
576.2
576.3
576.3
576.4
576.4
576.4
576.4
576.4
576.5
576.6
576.6
576.6
576.7
576.7
576.8
576.9
576.9
577.0
577.0
577.1
577.3
577.3
577.3
577.3
577.5
577.7
577.7
578.0
578.0
578.0
578.2
578.3
578.5
578.6
578.7
578.8
578.8
578.9
579.3
579.6
579.7
579.8
580.2
580.4
580.5
580.8
581.1
581.1
581.2
581.4
581.7
583.1
583.1
583.1
583.1
583.8
585.1
585.2
586.0
586.6
586.8
586.8
587.1
587.3
587.5
587.5
587.6
587.7
587.8
587.9
588.0
588.1
588.3
588.3
588.3
588.3
588.4
588.4
588.5
588.5
588.6
588.6
588.7
588.7
589.1
589.3
589.5
589.5
589.5
589.6
589.8
589.8
589.9
590.0
590.0
590.1
590.1
590.2
590.4
590.4
590.6
590.7
590.7
590.8
590.9
591.3
591.4
591.4
591.4
591.5
591.6
591.7
591.8
591.8
591.9
591.9
592.1
592.1
592.1
592.6
593.0
593.1
593.2
593.4
593.5
593.6
593.6
594.0
594.0
594.2
594.7
594.7
595.2
595.2
595.3
595.3
595.3
595.7
596.6
596.7
596.7
597.8
597.8
597.9
598.4
598.5
598.9
601.1
601.1
602.1
603.3
605.1
605.2
616.9
708.0
708.0
708.0
708.1
708.1
708.1
708.1
708.2
708.2
708.2
708.2
708.2
708.2
708.2
708.3
708.3
708.3
708.3
708.3
708.3
708.3
708.3
708.3
708.3
708.3
708.4
708.4
708.4
708.4
708.4
708.4
708.5
708.5
708.5
708.5
708.5
708.6
708.6
708.6
708.6
708.7
708.7
708.7
708.8
708.8
708.8
708.9
708.9
708.9
708.9
709.1
709.1
709.1
709.1
709.2
709.2
709.2
709.2
709.3
709.3
709.3
709.4
709.6
709.6
709.8
709.8
709.8
709.9
710.1
710.2
710.2
710.5
710.5
710.6
710.7
711.0
711.0
711.0
711.5
711.5
711.5
711.6
711.7
711.7
711.8
711.9
712.3
712.4
712.8
713.1
713.3
713.3
713.5
713.5
713.6
713.6
713.6
713.7
713.7
713.8
713.8
713.9
713.9
713.9
713.9
714.0
714.0
714.0
714.0
714.1
714.1
714.1
714.1
714.1
714.1
714.2
714.2
714.2
714.2
714.2
714.2
714.3
714.3
714.3
714.3
714.3
714.3
714.4
714.4
714.5
714.5
714.5
714.6
714.6
714.6
714.6
714.6
714.7
714.7
714.7
714.7
714.7
714.8
714.9
715.0
715.0
715.1
715.3
715.3
715.3
715.3
715.4
715.4
715.5
715.5
715.5
715.5
715.6
715.7
715.7
715.7
715.8
715.9
715.9
716.0
716.0
716.1
716.1
716.2
716.3
716.5
716.6
716.7
716.8
716.8
717.2
717.5
717.5
717.6
717.7
717.7
718.0
718.4
718.5
718.6
718.8
719.9
719.9
720.3
721.1
721.1
721.5
721.8
724.0
724.2
724.6
725.1
725.3
725.3
725.7
725.7
725.8
725.8
726.2
726.3
726.4
726.6
726.8
726.9
726.9
727.0
727.2
727.2
727.3
727.4
727.4
727.6
727.8
727.8
727.8
727.8
728.0
728.1
728.3
728.5
728.9
729.0
729.1
729.5
729.7
729.9
729.9
729.9
730.0
730.1
730.3
730.4
730.4
730.5
730.5
730.6
730.8
730.9
730.9
731.2
731.3
731.5
731.5
731.7
732.3
732.4
732.6
732.7
732.7
733.2
733.2
733.4
733.4
734.1
734.1
734.9
735.0
735.0
735.2
735.8
735.9
736.0
736.1
736.6
736.8
736.8
736.9
737.1
737.2
737.9
738.3
738.7
739.4
739.6
739.9
740.1
740.8
741.2
741.2
741.3
742.3
742.5
742.7
742.9
743.4
743.6
743.6
743.7
743.8
743.8
743.8
744.0
744.0
744.0
744.0
744.1
744.1
744.2
744.3
744.3
744.3
744.3
744.3
744.3
744.4
744.4
744.4
744.5
744.5
744.5
744.5
744.5
744.6
744.7
744.7
744.8
744.9
744.9
744.9
744.9
745.0
745.1
745.1
745.2
745.2
745.3
745.4
745.5
745.5
745.5
745.8
745.9
746.0
746.2
746.4
746.4
746.4
746.6
746.6
746.6
746.7
746.7
746.9
747.1
747.2
747.3
747.8
747.9
748.1
748.3
748.5
748.7
748.7
748.8
749.0
749.0
749.3
749.3
749.4
749.5
749.6
749.7
749.8
750.0
750.0
750.1
750.1
750.2
750.2
750.2
750.3
750.4
750.5
750.5
750.6
750.6
750.6
750.8
750.8
750.9
750.9
751.0
751.0
751.1
751.1
751.1
751.1
751.2
751.2
751.2
751.2
751.2
751.3
751.3
751.4
751.4
751.4
751.5
751.5
751.5
751.8
751.8
752.0
752.0
752.0
752.1
752.1
752.1
752.2
752.4
752.4
752.4
752.4
752.4
752.4
752.8
752.8
752.9
753.0
753.0
753.2
753.3
753.5
753.5
753.5
753.6
753.7
753.8
754.1
754.5
754.6
754.7
754.9
755.3
755.5
755.5
755.7
756.0
756.1
756.2
756.4
757.2
757.3
757.4
757.6
757.7
758.4
760.0
760.3
760.4
760.4
760.4
760.5
760.8
761.1
762.0
762.3
762.7
762.8
763.4
763.7
763.8
763.9
764.1
764.4
764.8
765.0
765.2
765.5
765.9
766.0
766.2
766.2
766.3
766.6
766.9
767.2
767.2
768.0
768.2
768.8
769.0
769.3
769.3
769.3
769.3
769.4
769.8
769.8
769.8
769.9
771.2
772.3
773.2
773.6
774.5
775.3
775.4
775.8
775.8
776.5
776.7
777.5
777.7
777.7
778.9
780.9
787.3
788.0
791.0
791.9
802.1
803.0
808.0
873.3
873.4
873.5
873.5
873.5
873.5
873.5
873.5
873.5
873.5
873.5
873.5
873.5
873.5
873.5
873.5
873.5
873.5
873.5
873.5
873.5
873.6
873.6
873.6
873.6
873.6
873.6
873.6
873.6
873.6
873.6
873.6
873.6
873.6
873.6
873.7
873.7
873.7
873.7
873.7
873.7
873.7
873.7
873.7
873.7
873.7
873.7
873.7
873.7
873.7
873.8
873.8
873.8
873.8
873.8
873.8
873.8
873.8
873.9
873.9
873.9
873.9
873.9
874.0
874.0
874.0
874.0
874.1
874.1
874.1
874.1
874.3
874.3
874.4
874.4
874.4
874.5
874.5
874.5
874.5
874.6
874.8
874.9
875.0
875.1
875.2
875.4
875.6
875.8
876.2
876.3
876.6
876.8
877.2
877.7
878.1
878.5
878.6
878.8
878.8
878.9
878.9
879.0
879.0
879.0
879.0
879.0
879.1
879.1
879.1
879.1
879.1
879.1
879.1
879.2
879.2
879.2
879.3
879.3
879.3
879.3
879.3
879.4
879.4
879.4
879.4
879.5
879.5
879.5
879.5
879.5
879.5
879.6
879.6
879.6
879.6
879.6
879.6
879.6
879.6
879.6
879.6
879.7
879.7
879.7
879.7
879.7
879.7
879.8
879.8
879.8
879.8
879.8
879.8
879.8
879.9
879.9
879.9
880.0
880.0
880.0
880.0
880.0
880.0
880.1
880.1
880.1
880.2
880.2
880.2
880.3
880.3
880.3
880.4
880.5
880.6
880.6
880.7
880.7
880.7
880.9
881.0
881.0
881.3
881.7
881.8
882.4
882.5
883.2
883.6
884.9
885.2
885.7
887.0
888.1
889.7
890.4
890.6
890.8
891.1
891.2
891.2
891.4
891.4
891.4
891.5
891.8
891.9
892.0
892.1
892.3
892.3
892.4
892.4
892.7
892.7
892.7
892.9
893.1
893.1
893.6
893.7
893.8
894.0
894.1
894.3
894.5
894.8
894.8
895.0
895.1
895.2
895.3
895.4
895.5
895.7
895.8
895.8
895.9
896.1
896.2
896.3
896.4
896.6
896.7
896.8
897.0
897.5
897.6
897.7
898.0
898.4
898.7
899.3
900.3
900.3
900.4
900.6
900.7
900.7
900.7
900.7
900.7
901.0
901.2
901.3
901.5
902.6
902.7
903.6
903.7
903.8
903.9
906.7
906.7
907.7
907.7
911.6
912.0
912.7
912.7
914.5
916.8
922.7
923.0
923.4
923.4
923.5
923.5
923.6
923.6
923.6
923.6
923.6
923.6
923.6
923.6
923.7
923.7
923.7
923.7
923.7
923.7
923.7
923.7
923.7
923.7
923.7
923.7
923.7
923.7
923.7
923.7
923.8
923.8
923.8
923.8
923.8
923.8
923.8
923.8
923.8
923.8
923.8
923.8
923.8
923.9
923.9
923.9
923.9
923.9
923.9
924.0
924.0
924.0
924.0
924.1
924.1
924.1
924.1
924.1
924.1
924.2
924.2
924.2
924.2
924.4
924.4
924.5
924.5
924.6
924.7
924.7
924.8
924.8
924.8
924.9
924.9
925.3
925.3
925.3
925.4
925.5
925.6
925.6
925.6
925.9
926.0
926.2
926.5
926.6
926.7
926.8
926.9
927.5
927.5
927.6
928.1
928.3
928.7
928.9
928.9
929.2
929.2
929.3
929.4
929.5
929.5
929.5
929.5
929.5
929.6
929.6
929.6
929.6
929.7
929.7
929.7
929.7
929.7
929.7
929.7
929.7
929.8
929.9
929.9
929.9
929.9
929.9
930.0
930.0
930.0
930.1
930.1
930.1
930.2
930.2
930.2
930.2
930.2
930.2
930.2
930.2
930.3
930.3
930.3
930.3
930.3
930.4
930.4
930.4
930.4
930.5
930.5
930.5
930.5
930.6
930.6
930.6
930.6
930.7
930.7
930.8
930.8
930.9
930.9
931.0
931.1
931.2
931.3
931.3
931.4
931.5
931.6
931.6
931.7
931.8
931.9
932.2
932.4
932.5
932.6
933.0
933.2
933.3
933.5
933.5
933.9
934.5
934.9
935.5
935.8
936.2
936.7
936.9
938.0
939.4
940.4
940.7
941.0
941.4
941.6
941.8
941.9
941.9
942.3
942.5
942.5
942.6
942.7
942.8
942.8
943.0
943.0
943.2
943.3
943.3
943.5
943.9
944.1
944.1
944.1
944.2
944.4
944.4
944.6
944.9
945.4
945.6
945.9
946.2
946.2
946.5
946.8
946.8
946.9
947.1
947.2
947.3
947.4
947.6
947.7
947.8
947.8
948.0
948.0
948.3
948.5
949.0
949.0
949.2
949.2
949.7
949.8
950.0
950.2
950.5
950.5
950.5
950.9
950.9
951.1
951.4
951.7
951.7
952.0
952.6
953.0
953.7
954.9
954.9
955.4
955.7
956.3
957.4
957.8
958.8
960.2
982.6
1047.5
1047.6
1047.6
1047.6
1047.6
1047.7
1047.7
1047.7
1047.7
1047.7
1047.7
1047.7
1047.7
1047.7
1047.8
1047.8
1047.8
1047.8
1047.8
1047.8
1047.8
1047.8
1047.8
1047.9
1047.9
1047.9
1047.9
1047.9
1047.9
1048.0
1048.0
1048.0
1048.0
1048.0
1048.0
1048.0
1048.1
1048.1
1048.1
1048.1
1048.1
1048.1
1048.1
1048.1
1048.1
1048.2
1048.2
1048.2
1048.2
1048.2
1048.2
1048.2
1048.3
1048.3
1048.4
1048.4
1048.4
1048.4
1048.5
1048.5
1048.5
1048.5
1048.6
1048.7
1048.7
1048.7
1048.8
1048.9
1049.0
1049.0
1049.0
1049.1
1049.1
1049.1
1049.2
1049.3
1049.5
1049.6
1049.6
1049.6
1049.7
1049.8
1049.9
1050.1
1050.3
1050.5
1050.7
1050.7
1051.2
1051.4
1051.6
1051.9
1052.2
1052.8
1053.0
1053.0
1053.2
1053.3
1053.3
1053.3
1053.4
1053.4
1053.4
1053.4
1053.4
1053.5
1053.5
1053.5
1053.5
1053.5
1053.6
1053.6
1053.6
1053.6
1053.7
1053.7
1053.7
1053.7
1053.7
1053.7
1053.8
1053.8
1053.9
1053.9
1053.9
1053.9
1053.9
1053.9
1053.9
1053.9
1053.9
1053.9
1054.0
1054.1
1054.1
1054.1
1054.1
1054.1
1054.2
1054.2
1054.2
1054.2
1054.2
1054.2
1054.3
1054.3
1054.3
1054.3
1054.3
1054.4
1054.4
1054.4
1054.4
1054.4
1054.5
1054.5
1054.5
1054.6
1054.6
1054.6
1054.6
1054.6
1054.6
1054.7
1054.8
1054.8
1054.8
1054.9
1054.9
1054.9
1054.9
1055.1
1055.1
1055.1
1055.2
1055.2
1055.2
1055.3
1055.6
1055.7
1055.7
1055.7
1055.8
1056.3
1056.4
1057.0
1057.2
1057.5
1058.3
1058.5
1059.5
1059.6
1060.8
1062.5
1063.0
1064.6
1064.9
1064.9
1065.3
1065.4
1065.5
1065.6
1065.8
1066.1
1066.2
1066.2
1066.2
1066.3
1066.4
1066.6
1066.6
1066.6
1066.6
1066.6
1066.8
1066.8
1066.9
1066.9
1067.1
1067.1
1067.1
1067.6
1067.9
1068.3
1068.3
1068.4
1068.4
1068.7
1068.8
1068.8
1068.9
1068.9
1068.9
1069.1
1069.1
1069.5
1069.7
1069.8
1069.9
1070.0
1070.1
1070.4
1070.8
1070.9
1071.0
1071.1
1071.4
1071.6
1071.7
1072.0
1072.3
1072.7
1072.7
1072.8
1072.9
1073.5
1073.6
1073.9
1074.4
1074.7
1074.8
1075.0
1075.0
1075.1
1075.1
1075.2
1075.2
1076.3
1076.3
1076.9
1078.0
1078.5
1079.5
1079.7
1080.2
1082.7
1082.8
1084.6
1086.9
1089.8
1211.7
1211.8
1211.8
1211.8
1211.8
1211.8
1211.8
1211.8
1211.8
1211.8
1211.8
1211.9
1211.9
1211.9
1211.9
1211.9
1211.9
1211.9
1211.9
1211.9
1211.9
1211.9
1211.9
1211.9
1211.9
1212.0
1212.0
1212.0
1212.0
1212.0
1212.0
1212.0
1212.0
1212.0
1212.0
1212.0
1212.0
1212.0
1212.0
1212.0
1212.1
1212.1
1212.1
1212.1
1212.1
1212.1
1212.1
1212.1
1212.1
1212.1
1212.2
1212.2
1212.2
1212.2
1212.2
1212.2
1212.2
1212.3
1212.3
1212.3
1212.3
1212.4
1212.4
1212.4
1212.5
1212.5
1212.5
1212.6
1212.7
1212.7
1212.7
1212.8
1212.8
1212.8
1212.9
1212.9
1213.1
1213.2
1213.2
1213.2
1213.3
1213.4
1213.5
1213.6
1213.8
1213.9
1214.1
1214.1
1214.6
1214.7
1214.9
1215.2
1215.4
1216.1
1216.4
1216.7
1217.0
1217.0
1217.1
1217.2
1217.2
1217.3
1217.3
1217.3
1217.3
1217.3
1217.3
1217.3
1217.4
1217.4
1217.4
1217.4
1217.4
1217.4
1217.5
1217.5
1217.5
1217.5
1217.5
1217.6
1217.6
1217.6
1217.7
1217.7
1217.7
1217.7
1217.7
1217.8
1217.8
1217.8
1217.8
1217.8
1217.9
1217.9
1217.9
1217.9
1217.9
1217.9
1217.9
1217.9
1218.0
1218.0
1218.0
1218.0
1218.0
1218.0
1218.1
1218.1
1218.1
1218.1
1218.2
1218.2
1218.2
1218.2
1218.2
1218.2
1218.3
1218.3
1218.3
1218.3
1218.4
1218.4
1218.4
1218.4
1218.5
1218.5
1218.5
1218.5
1218.6
1218.6
1218.6
1218.7
1218.8
1218.8
1218.8
1218.9
1218.9
1219.0
1219.3
1219.3
1219.3
1219.3
1219.5
1219.9
1219.9
1220.4
1220.5
1220.9
1221.0
1221.3
1222.1
1222.3
1222.7
1223.2
1224.1
1224.9
1225.2
1225.4
1225.7
1228.2
1228.4
1228.5
1228.8
1228.8
1229.1
1229.3
1229.4
1229.6
1229.6
1230.0
1230.1
1230.1
1230.2
1230.5
1230.5
1230.5
1230.5
1230.5
1230.6
1230.6
1230.8
1230.8
1231.0
1231.5
1231.8
1232.2
1232.2
1232.2
1232.3
1232.3
1232.6
1232.6
1232.7
1232.9
1233.1
1233.1
1233.2
1233.3
1233.3
1233.7
1233.7
1234.0
1234.2
1234.3
1234.5
1234.5
1234.5
1234.5
1234.6
1234.7
1234.9
1235.0
1235.6
1235.6
1235.9
1236.0
1236.6
1236.9
1237.1
1237.3
1237.7
1238.2
1238.4
1238.5
1238.7
1238.8
1238.9
1239.1
1239.1
1239.2
1239.3
1239.8
1240.1
1240.5
1240.9
1241.8
1242.6
1243.1
1245.1
1245.1
1249.6
1251.1
1252.1
1253.2
1254.2
1256.3
1288.0
1290.6
1293.7
1295.1
1295.2
1295.7
1296.8
1298.7
1299.1
1300.6
1301.8
1305.3
1320.6
1383.1
1383.1
1383.1
1383.2
1383.2
1383.2
1383.2
1383.2
1383.2
1383.2
1383.2
1383.2
1383.2
1383.2
1383.2
1383.2
1383.2
1383.2
1383.3
1383.3
1383.3
1383.3
1383.3
1383.3
1383.3
1383.3
1383.3
1383.3
1383.3
1383.3
1383.3
1383.3
1383.3
1383.4
1383.4
1383.4
1383.4
1383.4
1383.4
1383.4
1383.4
1383.4
1383.5
1383.5
1383.5
1383.5
1383.5
1383.5
1383.5
1383.5
1383.5
1383.5
1383.5
1383.6
1383.6
1383.6
1383.6
1383.6
1383.6
1383.6
1383.6
1383.7
1383.7
1383.8
1383.8
1383.8
1383.9
1383.9
1383.9
1383.9
1384.0
1384.1
1384.2
1384.2
1384.2
1384.3
1384.3
1384.3
1384.3
1384.4
1384.5
1384.6
1384.7
1384.9
1385.0
1385.1
1385.3
1385.5
1385.7
1386.1
1386.2
1386.5
1386.7
1387.0
1387.4
1387.9
1388.3
1388.3
1388.4
1388.5
1388.5
1388.5
1388.6
1388.6
1388.6
1388.7
1388.7
1388.7
1388.7
1388.7
1388.7
1388.7
1388.7
1388.8
1388.8
1388.8
1388.8
1388.9
1388.9
1388.9
1388.9
1388.9
1389.0
1389.0
1389.0
1389.1
1389.1
1389.1
1389.1
1389.1
1389.1
1389.1
1389.2
1389.2
1389.2
1389.2
1389.2
1389.3
1389.3
1389.3
1389.3
1389.4
1389.4
1389.4
1389.4
1389.4
1389.4
1389.4
1389.4
1389.4
1389.4
1389.5
1389.5
1389.5
1389.5
1389.5
1389.5
1389.6
1389.6
1389.6
1389.6
1389.7
1389.7
1389.7
1389.8
1389.8
1389.8
1389.9
1389.9
1389.9
1389.9
1390.0
1390.1
1390.2
1390.3
1390.4
1390.4
1390.4
1390.4
1390.5
1390.5
1390.8
1390.8
1391.0
1391.4
1391.6
1392.1
1392.2
1392.6
1392.9
1393.9
1394.2
1395.0
1395.4
1396.7
1398.5
1398.6
1398.7
1399.0
1399.9
1400.0
1400.2
1400.7
1400.7
1400.8
1401.0
1401.2
1401.5
1401.6
1401.6
1401.6
1401.7
1401.7
1401.8
1401.8
1401.9
1401.9
1402.0
1402.2
1402.2
1402.4
1402.9
1402.9
1403.0
1403.5
1403.7
1403.9
1404.0
1404.1
1404.3
1404.4
1404.5
1404.5
1404.7
1404.8
1404.9
1405.1
1405.2
1405.4
1405.4
1405.5
1405.7
1405.9
1406.1
1406.1
1406.3
1406.3
1406.5
1406.6
1407.1
1407.1
1407.4
1407.9
1407.9
1408.7
1408.7
1408.7
1409.6
1410.0
1410.0
1410.1
1410.3
1410.3
1410.7
1410.8
1411.0
1411.3
1411.3
1412.0
1412.4
1412.5
1412.6
1412.7
1414.5
1414.9
1416.8
1417.4
1417.6
1419.1
1421.7
1422.6
1423.5
1424.4
1548.1
1548.2
1548.2
1548.2
1548.2
1548.3
1548.3
1548.3
1548.3
1548.3
1548.3
1548.3
1548.3
1548.3
1548.3
1548.3
1548.3
1548.3
1548.3
1548.3
1548.4
1548.4
1548.4
1548.4
1548.4
1548.4
1548.4
1548.4
1548.4
1548.4
1548.4
1548.4
1548.4
1548.4
1548.4
1548.4
1548.4
1548.5
1548.5
1548.5
1548.5
1548.5
1548.5
1548.5
1548.5
1548.5
1548.5
1548.5
1548.5
1548.6
1548.6
1548.6
1548.6
1548.6
1548.6
1548.6
1548.6
1548.7
1548.7
1548.7
1548.7
1548.8
1548.8
1548.8
1548.9
1548.9
1548.9
1549.0
1549.1
1549.1
1549.1
1549.1
1549.2
1549.2
1549.3
1549.3
1549.4
1549.6
1549.6
1549.6
1549.6
1549.7
1549.8
1549.9
1550.1
1550.3
1550.4
1550.5
1551.0
1551.1
1551.2
1551.5
1551.7
1552.3
1552.7
1553.0
1553.3
1553.4
1553.4
1553.6
1553.6
1553.6
1553.6
1553.7
1553.7
1553.7
1553.7
1553.8
1553.8
1553.8
1553.8
1553.8
1553.8
1553.8
1553.8
1553.8
1553.9
1553.9
1553.9
1554.0
1554.0
1554.0
1554.0
1554.1
1554.1
1554.1
1554.1
1554.1
1554.2
1554.2
1554.2
1554.3
1554.3
1554.3
1554.3
1554.3
1554.3
1554.3
1554.3
1554.3
1554.4
1554.4
1554.4
1554.4
1554.4
1554.4
1554.5
1554.5
1554.5
1554.5
1554.5
1554.5
1554.5
1554.5
1554.6
1554.6
1554.6
1554.7
1554.7
1554.7
1554.8
1554.8
1554.8
1554.8
1554.8
1554.8
1554.9
1555.0
1555.0
1555.0
1555.0
1555.1
1555.2
1555.2
1555.2
1555.2
1555.3
1555.4
1555.6
1555.7
1555.7
1555.7
1555.8
1556.3
1556.3
1556.8
1557.0
1557.4
1557.8
1557.9
1558.7
1558.9
1559.6
1560.6
1561.0
1562.6
1562.6
1562.6
1562.8
1564.9
1565.1
1565.1
1565.2
1565.4
1565.7
1565.8
1565.8
1566.0
1566.3
1566.5
1566.5
1566.5
1566.6
1566.7
1566.8
1566.9
1566.9
1566.9
1567.0
1567.2
1567.2
1567.3
1567.5
1567.9
1568.0
1568.5
1568.7
1568.8
1569.0
1569.1
1569.2
1569.2
1569.3
1569.4
1569.5
1569.5
1569.7
1569.8
1569.9
1570.0
1570.1
1570.4
1570.4
1570.6
1570.6
1570.9
1570.9
1571.0
1571.1
1571.3
1571.3
1571.4
1572.0
1572.0
1572.4
1572.8
1572.8
1573.6
1573.7
1574.5
1574.8
1575.0
1575.1
1575.2
1575.2
1575.2
1575.2
1575.3
1575.6
1575.7
1576.0
1576.2
1576.7
1576.7
1577.5
1577.8
1579.1
1579.3
1581.6
1585.5
1585.7
1586.0
1588.0
1588.3
1612.8
1719.2
1719.2
1719.2
1719.3
1719.3
1719.3
1719.3
1719.3
1719.3
1719.3
1719.3
1719.3
1719.3
1719.3
1719.3
1719.3
1719.3
1719.3
1719.3
1719.3
1719.4
1719.4
1719.4
1719.4
1719.4
1719.4
1719.4
1719.4
1719.4
1719.4
1719.4
1719.4
1719.4
1719.4
1719.5
1719.5
1719.5
1719.5
1719.5
1719.5
1719.5
1719.5
1719.5
1719.5
1719.5
1719.5
1719.6
1719.6
1719.6
1719.6
1719.6
1719.6
1719.6
1719.6
1719.6
1719.6
1719.7
1719.7
1719.7
1719.7
1719.8
1719.8
1719.8
1719.9
1719.9
1719.9
1719.9
1720.0
1720.0
1720.0
1720.0
1720.2
1720.2
1720.3
1720.3
1720.3
1720.4
1720.4
1720.5
1720.5
1720.6
1720.7
1720.7
1721.0
1721.0
1721.3
1721.4
1721.5
1721.9
1722.1
1722.3
1722.6
1722.7
1723.1
1723.5
1724.0
1724.3
1724.3
1724.4
1724.5
1724.6
1724.6
1724.7
1724.7
1724.7
1724.7
1724.8
1724.8
1724.8
1724.8
1724.8
1724.8
1724.8
1724.8
1724.8
1724.9
1724.9
1725.0
1725.0
1725.0
1725.0
1725.0
1725.1
1725.1
1725.1
1725.1
1725.1
1725.2
1725.2
1725.2
1725.2
1725.2
1725.3
1725.3
1725.3
1725.3
1725.3
1725.3
1725.3
1725.4
1725.4
1725.4
1725.4
1725.4
1725.4
1725.5
1725.5
1725.5
1725.5
1725.5
1725.5
1725.5
1725.5
1725.5
1725.6
1725.6
1725.7
1725.7
1725.7
1725.7
1725.8
1725.8
1725.8
1725.8
1725.9
1725.9
1725.9
1725.9
1725.9
1726.0
1726.1
1726.1
1726.1
1726.2
1726.4
1726.4
1726.4
1726.5
1726.5
1726.5
1726.7
1726.8
1726.8
1727.1
1727.4
1727.6
1728.1
1728.3
1728.7
1728.9
1729.9
1730.1
1731.0
1731.4
1732.6
1734.5
1735.0
1735.0
1735.6
1736.0
1736.1
1736.2
1736.8
1736.8
1736.8
1737.1
1737.3
1737.6
1737.7
1737.7
1737.8
1737.9
1737.9
1738.0
1738.0
1738.1
1738.1
1738.3
1738.3
1738.4
1738.9
1739.0
1739.1
1739.3
1739.6
1739.8
1740.1
1740.4
1740.5
1740.5
1740.6
1740.7
1740.8
1740.9
1741.0
1741.0
1741.1
1741.3
1741.5
1741.8
1741.9
1742.1
1742.2
1742.4
1742.6
1742.9
1743.1
1743.2
1743.2
1743.3
1743.5
1744.0
1744.5
1744.5
1744.8
1745.0
1745.5
1745.7
1746.0
1746.3
1746.4
1746.5
1746.6
1746.6
1746.8
1747.2
1747.2
1748.1
1748.2
1748.7
1748.9
1748.9
1750.4
1751.6
1753.7
1754.5
1756.8
1757.6
1759.3
1759.9
1760.6
1760.8
1761.2
1884.6
1884.7
1884.7
1884.7
1884.7
1884.7
1884.7
1884.8
1884.8
1884.8
1884.8
1884.8
1884.8
1884.8
1884.8
1884.8
1884.8
1884.8
1884.8
1884.8
1884.8
1884.8
1884.8
1884.8
1884.9
1884.9
1884.9
1884.9
1884.9
1884.9
1884.9
1884.9
1884.9
1884.9
1884.9
1884.9
1884.9
1884.9
1885.0
1885.0
1885.0
1885.0
1885.0
1885.0
1885.0
1885.0
1885.0
1885.0
1885.0
1885.1
1885.1
1885.1
1885.1
1885.1
1885.1
1885.1
1885.1
1885.2
1885.2
1885.2
1885.2
1885.3
1885.3
1885.3
1885.4
1885.4
1885.4
1885.5
1885.6
1885.6
1885.6
1885.6
1885.7
1885.7
1885.8
1885.9
1886.0
1886.1
1886.1
1886.1
1886.2
1886.3
1886.4
1886.5
1886.7
1886.9
1887.0
1887.1
1887.6
1887.6
1887.8
1888.2
1888.4
1889.0
1889.4
1889.7
1889.9
1890.0
1890.1
1890.1
1890.1
1890.1
1890.1
1890.2
1890.2
1890.2
1890.2
1890.2
1890.3
1890.3
1890.3
1890.3
1890.3
1890.3
1890.3
1890.3
1890.4
1890.4
1890.4
1890.5
1890.5
1890.5
1890.5
1890.6
1890.6
1890.6
1890.6
1890.6
1890.6
1890.7
1890.7
1890.8
1890.8
1890.8
1890.8
1890.8
1890.8
1890.8
1890.8
1890.8
1890.9
1890.9
1890.9
1890.9
1890.9
1890.9
1890.9
1890.9
1891.0
1891.0
1891.0
1891.0
1891.0
1891.0
1891.1
1891.2
1891.2
1891.2
1891.2
1891.2
1891.3
1891.3
1891.3
1891.3
1891.3
1891.3
1891.4
1891.4
1891.4
1891.5
1891.6
1891.7
1891.7
1891.7
1891.8
1891.8
1891.8
1891.9
1892.2
1892.2
1892.3
1892.3
1892.4
1892.8
1893.0
1893.4
1893.6
1894.0
1894.5
1894.5
1895.2
1895.5
1896.1
1897.0
1897.6
1898.5
1898.8
1899.5
1899.5
1901.3
1901.4
1901.5
1901.6
1902.0
1902.1
1902.2
1902.4
1902.5
1902.7
1902.7
1903.0
1903.0
1903.1
1903.1
1903.2
1903.3
1903.4
1903.4
1903.4
1903.4
1903.6
1903.7
1903.8
1904.2
1904.4
1905.0
1905.1
1905.1
1905.4
1905.4
1905.4
1905.4
1905.7
1905.8
1905.8
1905.8
1905.9
1905.9
1906.2
1906.4
1906.5
1906.8
1906.8
1906.9
1906.9
1906.9
1907.0
1907.4
1907.6
1907.6
1907.9
1908.3
1908.4
1908.4
1908.5
1908.8
1909.1
1909.3
1909.6
1910.0
1910.7
1910.8
1910.8
1911.2
1911.3
1911.3
1911.4
1911.4
1911.5
1911.6
1911.7
1912.0
1912.1
1913.0
1913.9
1913.9
1914.5
1915.1
1915.1
1917.5
1919.5
1921.0
1922.7
1924.4
1929.1
1933.1
1954.5
1961.9
1965.2
1969.5
1969.8
1972.9
1975.7
1977.5
1982.3
2055.4
2055.5
2055.5
2055.5
2055.6
2055.6
2055.6
2055.6
2055.6
2055.6
2055.6
2055.6
2055.6
2055.6
2055.6
2055.6
2055.6
2055.6
2055.6
2055.6
2055.6
2055.6
2055.6
2055.6
2055.7
2055.7
2055.7
2055.7
2055.7
2055.7
2055.7
2055.7
2055.7
2055.7
2055.7
2055.7
2055.8
2055.8
2055.8
2055.8
2055.8
2055.8
2055.8
2055.8
2055.8
2055.8
2055.9
2055.9
2055.9
2055.9
2055.9
2055.9
2055.9
2055.9
2055.9
2056.0
2056.0
2056.0
2056.0
2056.0
2056.1
2056.1
2056.1
2056.1
2056.2
2056.2
2056.2
2056.3
2056.3
2056.3
2056.4
2056.5
2056.6
2056.6
2056.6
2056.7
2056.7
2056.7
2056.7
2056.8
2056.9
2057.0
2057.1
2057.3
2057.3
2057.5
2057.7
2057.9
2058.2
2058.4
2058.6
2058.9
2059.1
2059.4
2059.8
2060.3
2060.6
2060.7
2060.7
2060.8
2060.9
2060.9
2060.9
2061.0
2061.0
2061.0
2061.0
2061.0
2061.0
2061.1
2061.1
2061.1
2061.1
2061.1
2061.1
2061.2
2061.2
2061.2
2061.2
2061.3
2061.3
2061.3
2061.4
2061.4
2061.4
2061.4
2061.4
2061.4
2061.5
2061.5
2061.5
2061.5
2061.5
2061.5
2061.6
2061.6
2061.6
2061.6
2061.6
2061.7
2061.7
2061.7
2061.7
2061.7
2061.7
2061.8
2061.8
2061.8
2061.8
2061.8
2061.8
2061.8
2061.8
2061.9
2061.9
2061.9
2062.0
2062.0
2062.0
2062.0
2062.1
2062.1
2062.1
2062.1
2062.2
2062.2
2062.2
2062.2
2062.2
2062.2
2062.3
2062.4
2062.5
2062.5
2062.7
2062.7
2062.8
2062.8
2062.8
2062.8
2063.0
2063.1
2063.1
2063.4
2063.7
2064.0
2064.4
2064.5
2065.0
2065.2
2066.2
2066.6
2067.4
2068.0
2069.3
2071.4
2071.8
2071.8
2072.0
2072.3
2072.3
2072.8
2073.0
2073.1
2073.2
2073.3
2073.5
2073.8
2073.9
2074.0
2074.0
2074.2
2074.2
2074.3
2074.3
2074.4
2074.5
2074.5
2074.6
2074.7
2075.3
2075.3
2075.4
2075.7
2075.9
2076.0
2076.3
2076.6
2076.6
2076.8
2076.8
2076.9
2076.9
2077.0
2077.1
2077.3
2077.3
2077.6
2077.8
2077.9
2078.0
2078.1
2078.4
2078.7
2078.7
2078.8
2078.9
2079.3
2079.4
2079.5
2079.6
2080.1
2080.6
2080.9
2081.1
2081.5
2081.9
2082.2
2082.3
2082.6
2082.7
2082.7
2082.7
2082.9
2083.0
2083.2
2083.4
2083.7
2084.3
2084.3
2084.9
2085.0
2085.1
2086.6
2089.0
2089.4
2089.7
2093.5
2094.2
2095.5
2096.8
2099.4
2220.8
2220.9
2221.0
2221.0
2221.0
2221.0
2221.0
2221.0
2221.0
2221.0
2221.0
2221.0
2221.0
2221.0
2221.0
2221.0
2221.0
2221.0
2221.0
2221.1
2221.1
2221.1
2221.1
2221.1
2221.1
2221.1
2221.1
2221.1
2221.1
2221.1
2221.1
2221.2
2221.2
2221.2
2221.2
2221.2
2221.2
2221.2
2221.2
2221.2
2221.2
2221.2
2221.2
2221.2
2221.2
2221.2
2221.3
2221.3
2221.3
2221.3
2221.3
2221.3
2221.3
2221.4
2221.4
2221.4
2221.4
2221.4
2221.4
2221.5
2221.5
2221.5
2221.5
2221.5
2221.6
2221.6
2221.6
2221.7
2221.8
2221.8
2221.8
2221.9
2221.9
2221.9
2222.0
2222.0
2222.2
2222.3
2222.3
2222.3
2222.4
2222.5
2222.6
2222.7
2222.9
2223.0
2223.1
2223.2
2223.7
2223.8
2223.9
2224.2
2224.4
2225.1
2225.5
2225.7
2226.0
2226.1
2226.1
2226.3
2226.3
2226.3
2226.4
2226.4
2226.4
2226.4
2226.4
2226.5
2226.5
2226.5
2226.5
2226.5
2226.5
2226.6
2226.6
2226.6
2226.6
2226.6
2226.7
2226.7
2226.7
2226.7
2226.8
2226.8
2226.8
2226.8
2226.9
2226.9
2226.9
2226.9
2226.9
2227.0
2227.0
2227.0
2227.0
2227.0
2227.0
2227.0
2227.0
2227.0
2227.1
2227.1
2227.1
2227.1
2227.2
2227.2
2227.2
2227.2
2227.2
2227.2
2227.2
2227.2
2227.3
2227.3
2227.3
2227.3
2227.4
2227.4
2227.4
2227.4
2227.5
2227.5
2227.5
2227.5
2227.6
2227.6
2227.6
2227.7
2227.7
2227.7
2227.7
2227.8
2227.9
2227.9
2228.0
2228.0
2228.0
2228.1
2228.4
2228.4
2228.4
2228.5
2228.6
2229.0
2229.0
2229.5
2229.7
2230.1
2230.4
2230.6
2231.4
2231.5
2232.1
2233.0
2233.4
2234.7
2234.9
2235.0
2235.2
2237.4
2237.6
2237.8
2237.8
2237.8
2238.4
2238.5
2238.6
2238.7
2239.0
2239.1
2239.2
2239.2
2239.3
2239.4
2239.4
2239.6
2239.6
2239.7
2239.8
2239.9
2239.9
2240.0
2240.1
2240.7
2240.7
2241.3
2241.3
2241.6
2241.7
2241.9
2242.0
2242.0
2242.0
2242.2
2242.2
2242.2
2242.4
2242.5
2242.5
2242.7
2242.8
2243.1
2243.2
2243.3
2243.4
2243.7
2243.8
2243.8
2244.0
2244.0
2244.0
2244.1
2244.7
2244.7
2245.0
2245.4
2245.4
2246.1
2246.4
2246.6
2247.1
2247.4
2247.5
2247.6
2247.7
2247.8
2247.8
2248.0
2248.1
2248.3
2248.5
2248.8
2249.4
2249.4
2250.2
2250.2
2251.5
2251.8
2253.9
2257.6
2258.1
2259.7
2261.0
2261.1
2275.1
2290.5
2294.9
2295.7
2298.3
2299.5
2300.3
2301.0
2301.1
2304.9
2306.4
2309.6
2310.0
2324.2
2343.9
2391.8
2391.9
2391.9
2391.9
2391.9
2391.9
2391.9
2391.9
2391.9
2391.9
2391.9
2392.0
2392.0
2392.0
2392.0
2392.0
2392.0
2392.0
2392.0
2392.0
2392.0
2392.0
2392.0
2392.0
2392.0
2392.0
2392.1
2392.1
2392.1
2392.1
2392.1
2392.1
2392.1
2392.1
2392.1
2392.1
2392.1
2392.1
2392.1
2392.2
2392.2
2392.2
2392.2
2392.2
2392.2
2392.2
2392.2
2392.2
2392.3
2392.3
2392.3
2392.3
2392.3
2392.3
2392.3
2392.4
2392.4
2392.4
2392.4
2392.4
2392.4
2392.5
2392.5
2392.5
2392.6
2392.6
2392.6
2392.6
2392.6
2392.7
2392.8
2392.8
2392.9
2392.9
2393.0
2393.0
2393.0
2393.1
2393.1
2393.2
2393.2
2393.3
2393.4
2393.6
2393.8
2393.9
2394.1
2394.3
2394.5
2394.8
2395.0
2395.3
2395.5
2395.8
2396.2
2396.7
2397.0
2397.0
2397.1
2397.2
2397.2
2397.3
2397.3
2397.3
2397.4
2397.4
2397.4
2397.4
2397.4
2397.4
2397.4
2397.4
2397.4
2397.5
2397.5
2397.5
2397.6
2397.6
2397.6
2397.6
2397.7
2397.7
2397.7
2397.7
2397.8
2397.8
2397.8
2397.8
2397.8
2397.9
2397.9
2397.9
2397.9
2397.9
2397.9
2398.0
2398.0
2398.0
2398.0
2398.0
2398.1
2398.1
2398.1
2398.1
2398.1
2398.1
2398.1
2398.1
2398.2
2398.2
2398.2
2398.2
2398.2
2398.3
2398.3
2398.3
2398.3
2398.3
2398.4
2398.4
2398.4
2398.5
2398.5
2398.5
2398.5
2398.6
2398.6
2398.6
2398.6
2398.7
2398.7
2398.7
2398.9
2398.9
2399.1
2399.1
2399.1
2399.2
2399.2
2399.2
2399.3
2399.5
2399.5
2399.8
2400.1
2400.3
2400.7
2400.9
2401.3
2401.6
2402.6
2402.9
2403.7
2404.3
2405.6
2407.7
2407.9
2407.9
2408.0
2408.7
2408.7
2409.1
2409.4
2409.4
2409.6
2409.7
2409.8
2410.2
2410.3
2410.4
2410.4
2410.5
2410.5
2410.5
2410.6
2410.7
2410.8
2410.9
2410.9
2411.2
2411.3
2411.8
2411.9
2412.0
2412.2
2412.3
2412.6
2412.8
2413.0
2413.1
2413.2
2413.3
2413.3
2413.3
2413.5
2413.5
2413.7
2413.9
2414.0
2414.1
2414.2
2414.4
2414.8
2415.1
2415.2
2415.5
2415.7
2415.7
2415.9
2416.0
2416.2
2416.5
2416.7
2416.9
2417.1
2417.3
2418.1
2418.2
2418.6
2418.7
2418.9
2418.9
2419.1
2419.1
2419.3
2419.6
2419.8
2420.5
2420.6
2420.7
2421.3
2421.3
2422.6
2423.6
2425.3
2425.8
2428.2
2429.1
2429.7
2430.2
2430.7
2431.4
2433.0
2557.2
2557.3
2557.3
2557.3
2557.3
2557.3
2557.3
2557.3
2557.3
2557.3
2557.4
2557.4
2557.4
2557.4
2557.4
2557.4
2557.4
2557.4
2557.4
2557.4
2557.4
2557.4
2557.4
2557.4
2557.4
2557.4
2557.5
2557.5
2557.5
2557.5
2557.5
2557.5
2557.5
2557.5
2557.5
2557.5
2557.5
2557.5
2557.5
2557.5
2557.5
2557.6
2557.6
2557.6
2557.6
2557.6
2557.6
2557.6
2557.6
2557.6
2557.7
2557.7
2557.7
2557.7
2557.7
2557.7
2557.7
2557.7
2557.8
2557.8
2557.8
2557.9
2557.9
2557.9
2557.9
2558.0
2558.0
2558.1
2558.1
2558.2
2558.2
2558.2
2558.2
2558.3
2558.4
2558.4
2558.5
2558.6
2558.6
2558.7
2558.7
2558.8
2558.9
2559.0
2559.2
2559.4
2559.5
2559.5
2560.1
2560.1
2560.3
2560.6
2560.8
2561.4
2561.8
2562.0
2562.4
2562.4
2562.5
2562.6
2562.7
2562.7
2562.7
2562.7
2562.7
2562.7
2562.8
2562.8
2562.8
2562.8
2562.9
2562.9
2562.9
2562.9
2562.9
2562.9
2563.0
2563.0
2563.0
2563.0
2563.1
2563.1
2563.1
2563.2
2563.2
2563.2
2563.2
2563.2
2563.2
2563.3
2563.3
2563.3
2563.3
2563.3
2563.3
2563.3
2563.4
2563.4
2563.4
2563.4
2563.4
2563.5
2563.5
2563.5
2563.5
2563.5
2563.5
2563.5
2563.5
2563.5
2563.6
2563.6
2563.6
2563.6
2563.6
2563.7
2563.7
2563.7
2563.7
2563.8
2563.8
2563.8
2563.9
2563.9
2563.9
2563.9
2564.0
2564.0
2564.0
2564.1
2564.1
2564.2
2564.3
2564.3
2564.3
2564.3
2564.3
2564.4
2564.7
2564.7
2564.8
2564.8
2564.9
2565.4
2565.4
2565.9
2566.1
2566.4
2566.8
2566.9
2567.5
2567.8
2568.4
2569.3
2569.9
2570.8
2571.1
2571.6
2571.6
2573.9
2574.0
2574.1
2574.2
2574.3
2574.7
2574.7
2574.8
2575.1
2575.2
2575.4
2575.6
2575.6
2575.7
2575.7
2575.8
2575.8
2575.9
2575.9
2576.0
2576.1
2576.2
2576.2
2576.3
2576.9
2577.0
2577.6
2577.7
2577.8
2577.9
2577.9
2578.2
2578.2
2578.2
2578.3
2578.4
2578.4
2578.5
2578.7
2578.8
2579.0
2579.2
2579.4
2579.4
2579.5
2579.6
2579.6
2579.7
2580.1
2580.2
2580.3
2580.5
2580.6
2581.0
2581.1
2581.3
2581.7
2581.7
2582.3
2582.6
2582.9
2582.9
2583.5
2583.7
2583.8
2584.0
2584.0
2584.1
2584.2
2584.2
2584.2
2584.5
2584.7
2584.8
2585.7
2586.5
2586.5
2587.7
2587.9
2589.0
2590.0
2593.4
2594.4
2596.0
2597.5
2610.7
2628.7
2632.3
2638.1
2642.0
2658.7
2728.1
2728.2
2728.2
2728.2
2728.2
2728.2
2728.2
2728.2
2728.2
2728.2
2728.2
2728.2
2728.2
2728.2
2728.2
2728.3
2728.3
2728.3
2728.3
2728.3
2728.3
2728.3
2728.3
2728.3
2728.3
2728.3
2728.3
2728.3
2728.4
2728.4
2728.4
2728.4
2728.4
2728.4
2728.4
2728.4
2728.4
2728.4
2728.5
2728.5
2728.5
2728.5
2728.5
2728.5
2728.5
2728.5
2728.5
2728.5
2728.5
2728.5
2728.6
2728.6
2728.6
2728.6
2728.6
2728.6
2728.6
2728.6
2728.6
2728.7
2728.7
2728.7
2728.8
2728.8
2728.8
2728.9
2728.9
2728.9
2728.9
2728.9
2729.0
2729.1
2729.2
2729.2
2729.3
2729.3
2729.4
2729.4
2729.4
2729.4
2729.5
2729.7
2729.7
2729.9
2730.0
2730.2
2730.3
2730.5
2730.8
2731.1
2731.2
2731.5
2731.7
2732.1
2732.5
2732.9
2733.3
2733.3
2733.4
2733.5
2733.5
2733.6
2733.6
2733.6
2733.7
2733.7
2733.7
2733.7
2733.7
2733.7
2733.7
2733.7
2733.7
2733.8
2733.8
2733.8
2733.8
2733.9
2733.9
2733.9
2733.9
2733.9
2734.0
2734.0
2734.1
2734.1
2734.1
2734.1
2734.1
2734.2
2734.2
2734.2
2734.2
2734.2
2734.2
2734.3
2734.3
2734.3
2734.3
2734.3
2734.3
2734.4
2734.4
2734.4
2734.4
2734.4
2734.4
2734.4
2734.4
2734.5
2734.5
2734.5
2734.5
2734.5
2734.5
2734.5
2734.6
2734.6
2734.6
2734.6
2734.7
2734.7
2734.7
2734.7
2734.8
2734.8
2734.9
2734.9
2734.9
2734.9
2735.0
2735.0
2735.1
2735.1
2735.3
2735.4
2735.4
2735.5
2735.5
2735.5
2735.6
2735.8
2735.8
2736.1
2736.4
2736.6
2737.0
2737.2
2737.6
2737.8
2738.8
2739.1
2739.9
2740.3
2741.5
2743.9
2743.9
2744.3
2744.5
2745.0
2745.0
2745.0
2745.7
2745.7
2745.8
2746.0
2746.1
2746.5
2746.6
2746.6
2746.7
2746.7
2746.8
2746.8
2746.9
2746.9
2747.0
2747.1
2747.2
2747.3
2747.7
2747.9
2747.9
2748.1
2748.5
2748.6
2748.9
2749.1
2749.3
2749.3
2749.4
2749.4
2749.4
2749.5
2749.7
2749.8
2749.9
2750.2
2750.4
2750.4
2750.5
2750.8
2751.0
2751.1
2751.2
2751.4
2751.4
2751.5
2752.0
2752.1
2752.3
2752.3
2752.8
2753.3
2753.5
2753.6
2753.6
2754.0
2754.6
2754.7
2755.0
2755.1
2755.2
2755.3
2755.4
2755.5
2755.6
2755.8
2756.8
2757.0
2757.5
2757.6
2757.6
2758.7
2760.7
2761.3
2761.7
2762.5
2763.3
2766.4
2767.0
2767.2
2769.6
2893.6
2893.7
2893.7
2893.7
2893.7
2893.7
2893.7
2893.7
2893.8
2893.8
2893.8
2893.8
2893.8
2893.8
2893.8
2893.8
2893.8
2893.8
2893.8
2893.8
2893.8
2893.8
2893.8
2893.8
2893.9
2893.9
2893.9
2893.9
2893.9
2893.9
2893.9
2893.9
2893.9
2893.9
2893.9
2893.9
2893.9
2894.0
2894.0
2894.0
2894.0
2894.0
2894.0
2894.0
2894.0
2894.0
2894.0
2894.0
2894.0
2894.1
2894.1
2894.1
2894.1
2894.1
2894.1
2894.1
2894.2
2894.2
2894.2
2894.2
2894.3
2894.3
2894.3
2894.3
2894.4
2894.4
2894.4
2894.5
2894.6
2894.6
2894.6
2894.7
2894.7
2894.7
2894.9
2894.9
2895.0
2895.1
2895.2
2895.2
2895.2
2895.3
2895.4
2895.5
2895.7
2895.9
2896.0
2896.1
2896.6
2896.7
2896.9
2897.2
2897.4
2898.0
2898.4
2898.7
2898.9
2899.0
2899.1
2899.1
2899.1
2899.1
2899.1
2899.2
2899.2
2899.2
2899.2
2899.2
2899.3
2899.3
2899.3
2899.3
2899.3
2899.3
2899.3
2899.3
2899.4
2899.4
2899.4
2899.5
2899.5
2899.5
2899.5
2899.6
2899.6
2899.6
2899.6
2899.6
2899.6
2899.7
2899.7
2899.7
2899.7
2899.7
2899.8
2899.8
2899.8
2899.8
2899.8
2899.8
2899.9
2899.9
2899.9
2899.9
2899.9
2899.9
2899.9
2900.0
2900.0
2900.0
2900.0
2900.0
2900.1
2900.1
2900.1
2900.2
2900.2
2900.2
2900.2
2900.2
2900.3
2900.3
2900.3
2900.3
2900.4
2900.4
2900.4
2900.4
2900.5
2900.6
2900.6
2900.7
2900.7
2900.8
2900.8
2900.8
2900.8
2900.9
2901.2
2901.3
2901.3
2901.3
2901.4
2901.9
2902.0
2902.4
2902.6
2903.0
2903.5
2903.5
2904.4
2904.6
2905.2
2906.3
2906.7
2908.1
2908.2
2908.3
2908.5
2910.4
2910.5
2910.5
2910.7
2911.1
2911.2
2911.2
2911.5
2911.5
2911.6
2912.0
2912.0
2912.0
2912.1
2912.1
2912.1
2912.3
2912.3
2912.3
2912.4
2912.5
2912.6
2912.7
2913.0
2913.4
2913.5
2913.9
2913.9
2914.0
2914.3
2914.4
2914.5
2914.6
2914.7
2914.7
2914.7
2914.8
2914.9
2915.0
2915.2
2915.3
2915.5
2915.6
2915.8
2915.9
2915.9
2916.2
2916.4
2916.6
2916.7
2916.8
2916.9
2917.3
2917.4
2917.4
2917.7
2917.8
2918.0
2918.5
2919.0
2919.5
2919.7
2919.8
2920.0
2920.0
2920.2
2920.3
2920.3
2920.4
2920.4
2920.5
2920.8
2921.3
2921.5
2922.0
2922.7
2922.8
2923.5
2923.7
2925.8
2928.2
2929.0
2930.0
2931.1
2933.6
2946.9
2955.3
2957.9
2963.2
2966.7
2969.8
2971.7
2971.8
2972.6
2973.5
2973.7
2978.0
2979.5
2983.8
2986.0
