936.5
936.9
937.1
938.1
938.5
938.6
940.1
940.1
940.1
940.5
940.7
941.6
941.9
942.1
942.1
943.7
943.8
944.7
947.4
948.6
953.8
1050.6
1051.0
1051.1
1051.3
1051.6
1051.6
1052.0
1052.1
1052.1
1052.2
1052.7
1052.7
1052.7
1052.9
1053.2
1053.2
1053.3
1053.6
1054.6
1055.1
1059.8
1209.0
1209.2
1209.3
1209.3
1209.3
1209.4
1209.4
1209.5
1209.5
1209.5
1209.5
1209.6
1209.6
1209.6
1209.6
1209.7
1209.7
1209.7
1209.7
1209.8
1209.8
1273.0
1273.6
1273.7
1273.7
1273.9
1274.0
1274.4
1274.4
1274.7
1274.7
1274.8
1274.8
1274.9
1275.1
1275.1
1275.2
1275.3
1275.3
1275.4
1275.5
1276.1
1383.3
1383.4
1383.4
1383.4
1383.4
1383.5
1383.5
1383.5
1383.5
1383.5
1383.5
1383.5
1383.5
1383.5
1383.6
1383.6
1383.6
1383.6
1383.7
1383.7
1383.7
1547.6
1547.7
1547.7
1547.8
1548.1
1548.1
1548.1
1548.1
1548.2
1548.3
1548.3
1548.4
1548.4
1548.4
1548.6
1548.6
1548.6
1548.6
1548.7
1548.7
1548.9
1616.3
1617.6
1617.9
1617.9
1617.9
1618.2
1619.0
1619.5
1620.0
1620.3
1620.3
1620.6
1620.8
1621.2
1621.5
1621.7
1621.8
1622.1
1622.4
1623.0
1625.7
1720.9
1721.1
1721.1
1721.2
1721.2
1721.2
1721.2
1721.2
1721.2
1721.2
1721.2
1721.3
1721.3
1721.3
1721.3
1721.3
1721.3
1721.3
1721.5
1721.5
1721.5
1884.2
1884.2
1884.2
1884.4
1884.7
1884.7
1884.7
1884.7
1884.7
1884.8
1884.9
1885.0
1885.0
1885.0
1885.1
1885.1
1885.2
1885.2
1885.3
1885.3
1885.5
1951.0
1952.5
1952.6
1952.9
1953.0
1953.0
1954.3
1954.9
1955.4
1955.7
1956.1
1956.3
1956.4
1957.1
1957.5
1957.9
1958.0
1958.1
1958.9
1959.8
1970.4
2057.0
2057.2
2057.2
2057.3
2057.3
2057.3
2057.3
2057.3
2057.4
2057.4
2057.4
2057.4
2057.4
2057.4
2057.4
2057.4
2057.4
2057.6
2057.6
2057.6
2057.8
2220.6
2220.7
2220.7
2220.8
2221.1
2221.1
2221.2
2221.2
2221.2
2221.3
2221.3
2221.4
2221.5
2221.5
2221.6
2221.6
2221.7
2221.7
2221.8
2221.8
2222.1
2286.6
2287.9
2288.2
2288.3
2288.6
2288.7
2289.9
2290.5
2290.9
2291.5
2291.9
2291.9
2292.2
2292.4
2293.1
2293.5
2293.6
2293.7
2294.0
2295.6
2392.4
2393.2
2393.3
2393.4
2393.4
2393.4
2393.5
2393.5
2393.5
2393.5
2393.5
2393.5
2393.5
2393.5
2393.5
2393.5
2393.6
2393.6
2393.7
2393.7
2393.7
2556.9
2557.0
2557.0
2557.1
2557.4
2557.4
2557.5
2557.5
2557.5
2557.5
2557.6
2557.7
2557.7
2557.8
2557.8
2557.9
2557.9
2558.0
2558.0
2558.0
2558.0
2623.9
2625.2
2625.4
2625.6
2625.9
2626.0
2627.0
2627.7
2628.1
2628.5
2629.0
2629.0
2629.2
2629.2
2629.9
2630.5
2630.5
2630.6
2630.8
2632.0
2634.0
2729.6
2729.8
2729.9
2729.9
2729.9
2730.0
2730.0
2730.0
2730.0
2730.0
2730.0
2730.0
2730.0
2730.0
2730.0
2730.0
2730.0
2730.0
2730.2
2730.2
2730.2
2893.1
2893.2
2893.2
2893.3
2893.5
2893.6
2893.6
2893.6
2893.7
2893.7
2893.7
2893.9
2893.9
2893.9
2894.0
2894.0
2894.0
2894.1
2894.1
2894.1
2894.3
2958.8
2960.1
2960.4
2960.5
2960.9
2961.0
2962.1
2962.8
2963.2
2963.7
2964.2
2964.2
2964.5
2964.6
2965.1
2965.9
2965.9
2966.0
2966.2
2967.6
