464.8
465.9
719.3
720.5
721.0
721.1
721.5
721.6
721.7
721.7
721.8
722.2
722.4
722.4
722.6
722.9
723.1
723.2
723.3
723.3
723.4
723.6
723.9
724.1
724.4
724.4
724.5
724.6
724.7
724.8
724.9
724.9
725.0
725.0
725.0
725.0
725.2
725.4
725.4
725.4
725.6
725.7
725.7
725.9
726.0
726.0
726.0
726.0
726.1
726.1
726.1
726.3
726.5
726.5
726.5
726.7
726.7
726.8
726.8
726.8
726.8
726.8
727.0
727.0
727.3
727.3
727.5
727.5
727.6
727.7
727.9
728.0
728.0
728.0
728.2
728.2
728.2
728.2
728.3
728.3
728.3
728.4
728.5
728.5
728.6
728.6
728.8
728.8
728.9
728.9
729.0
729.1
729.2
729.2
729.2
729.3
729.4
729.7
729.9
730.0
730.0
730.1
730.2
730.4
730.5
730.5
730.5
730.6
730.8
730.9
731.0
731.1
731.1
731.2
731.3
731.5
731.6
731.8
731.8
731.8
732.0
732.0
732.5
732.5
732.7
732.7
732.8
732.8
732.9
733.0
733.0
733.1
733.3
733.3
733.3
733.5
733.6
733.6
733.6
733.7
733.7
733.7
733.7
733.8
733.9
734.0
734.1
734.1
734.3
734.5
735.2
735.2
735.4
735.5
735.6
735.6
735.6
735.7
735.8
735.8
735.9
736.2
736.2
736.6
736.6
736.6
736.8
736.8
736.9
736.9
736.9
736.9
737.0
737.0
737.1
737.2
737.2
737.3
737.3
737.4
737.4
737.5
737.5
737.6
737.6
737.6
737.7
737.7
737.8
737.8
737.9
737.9
738.0
738.0
738.1
738.1
738.1
738.1
738.2
738.3
738.4
738.4
738.6
738.6
738.6
738.8
738.8
738.8
738.8
738.9
738.9
738.9
739.0
739.0
739.1
739.4
739.4
739.4
739.6
739.6
739.6
739.6
739.7
739.8
739.9
740.0
740.0
740.0
740.2
740.4
740.4
740.5
740.5
740.5
740.6
740.6
741.0
741.0
741.0
741.1
741.2
741.2
741.2
741.2
741.4
741.4
741.4
741.5
741.5
741.5
741.5
741.5
741.7
741.7
741.8
741.9
741.9
741.9
742.2
742.2
742.2
742.3
742.4
742.4
742.5
742.5
742.5
742.6
742.6
742.7
742.7
742.7
742.8
742.8
742.9
742.9
742.9
742.9
742.9
743.1
743.1
743.1
743.2
743.2
743.2
743.2
743.4
743.4
743.5
743.5
743.6
743.6
743.8
743.9
743.9
743.9
743.9
744.0
744.1
744.1
744.2
744.2
744.4
744.4
744.5
744.5
744.5
744.6
744.6
744.8
744.9
744.9
745.0
745.1
745.1
745.2
745.2
745.3
745.5
745.5
745.6
745.7
745.7
745.8
745.8
745.9
746.0
746.0
746.2
746.2
746.3
746.3
746.3
746.4
746.4
746.5
746.6
746.6
746.6
746.7
746.8
747.1
747.5
747.5
747.6
747.8
747.8
748.0
748.0
748.2
748.3
748.3
748.4
748.4
748.4
748.6
748.7
748.9
748.9
749.1
749.2
749.2
749.4
749.7
749.8
749.8
750.1
750.2
750.2
750.5
750.6
750.6
750.7
750.7
751.0
751.0
751.1
751.1
751.3
751.4
751.7
752.2
752.4
752.6
752.6
752.7
753.0
753.1
753.1
753.2
753.2
753.4
753.4
753.5
753.5
753.5
753.5
753.6
753.6
753.6
753.7
753.8
753.8
753.9
754.0
754.1
754.2
754.2
754.2
754.3
754.6
754.6
754.7
755.4
755.5
755.7
756.0
756.0
756.1
756.1
756.1
756.2
756.4
756.4
756.5
756.5
756.5
756.7
756.8
756.8
757.2
757.6
757.7
758.1
758.3
759.0
759.1
759.7
759.8
759.9
760.2
760.5
760.5
760.9
761.1
761.4
762.0
762.1
762.4
762.8
763.3
763.5
763.6
763.9
764.0
764.8
765.0
765.5
766.1
767.0
767.9
768.0
768.1
769.0
769.0
769.4
769.4
769.8
770.9
771.6
772.0
772.6
778.0
783.9
786.8
879.5
880.3
880.6
880.6
880.6
880.7
880.7
880.7
880.7
880.8
880.9
880.9
881.1
881.1
881.1
881.3
881.4
881.4
881.6
881.6
881.7
881.7
881.8
881.8
881.8
881.9
882.0
882.0
882.1
882.1
882.1
882.1
882.1
882.1
882.2
882.2
882.2
882.2
882.3
882.3
882.3
882.3
882.4
882.4
882.4
882.4
882.4
882.5
882.5
882.5
882.5
882.6
882.6
882.6
882.6
882.6
882.6
882.7
882.7
882.7
882.7
882.8
882.8
882.8
882.8
882.9
883.0
883.0
883.1
883.1
883.1
883.2
883.2
883.3
883.3
883.3
883.3
883.3
883.3
883.3
883.4
883.4
883.4
883.4
883.4
883.4
883.5
883.5
883.5
883.5
883.5
883.5
883.6
883.6
883.6
883.6
883.6
883.6
883.6
883.7
883.7
883.7
883.7
883.7
883.7
883.7
883.7
883.8
883.8
883.8
883.8
883.8
883.8
883.9
883.9
883.9
883.9
883.9
884.0
884.0
884.0
884.0
884.0
884.0
884.0
884.0
884.1
884.1
884.1
884.1
884.1
884.1
884.2
884.2
884.2
884.2
884.3
884.3
884.3
884.3
884.3
884.3
884.3
884.3
884.4
884.4
884.4
884.4
884.4
884.5
884.5
884.5
884.6
884.6
884.6
884.6
884.6
884.6
884.7
884.7
884.7
884.7
884.8
884.8
884.8
884.8
884.8
884.8
884.9
884.9
884.9
884.9
884.9
884.9
885.0
885.0
885.0
885.0
885.0
885.0
885.1
885.1
885.1
885.1
885.1
885.1
885.1
885.1
885.1
885.1
885.2
885.2
885.2
885.2
885.2
885.2
885.3
885.3
885.3
885.3
885.3
885.3
885.3
885.3
885.3
885.4
885.4
885.4
885.4
885.4
885.4
885.4
885.4
885.4
885.4
885.4
885.5
885.5
885.5
885.5
885.5
885.5
885.5
885.5
885.5
885.6
885.6
885.6
885.6
885.6
885.6
885.7
885.7
885.7
885.8
885.8
885.8
885.8
885.8
885.8
885.8
885.8
885.8
885.9
885.9
885.9
885.9
885.9
885.9
885.9
886.0
886.0
886.0
886.0
886.0
886.0
886.0
886.0
886.1
886.1
886.1
886.1
886.1
886.2
886.2
886.2
886.2
886.2
886.2
886.3
886.3
886.3
886.3
886.3
886.3
886.4
886.4
886.4
886.4
886.4
886.4
886.4
886.4
886.5
886.5
886.5
886.5
886.5
886.5
886.5
886.5
886.6
886.6
886.6
886.6
886.7
886.7
886.7
886.7
886.7
886.7
886.7
886.8
886.8
886.8
886.8
886.8
886.9
886.9
886.9
886.9
886.9
887.0
887.0
887.0
887.0
887.0
887.0
887.1
887.1
887.1
887.1
887.1
887.1
887.1
887.1
887.2
887.2
887.2
887.2
887.2
887.3
887.3
887.3
887.3
887.3
887.3
887.3
887.4
887.4
887.4
887.4
887.4
887.4
887.5
887.5
887.5
887.5
887.5
887.5
887.5
887.5
887.5
887.6
887.6
887.6
887.6
887.6
887.6
887.6
887.7
887.7
887.7
887.7
887.7
887.7
887.7
887.8
887.8
887.8
887.8
887.8
887.8
887.8
887.8
887.8
887.9
887.9
887.9
887.9
887.9
887.9
888.0
888.0
888.0
888.0
888.0
888.0
888.0
888.0
888.1
888.1
888.2
888.2
888.2
888.2
888.2
888.2
888.2
888.3
888.3
888.3
888.3
888.3
888.3
888.4
888.4
888.4
888.4
888.4
888.5
888.5
888.5
888.5
888.6
888.6
888.7
888.7
888.8
888.8
888.9
888.9
888.9
888.9
888.9
888.9
889.0
889.0
889.0
889.0
889.0
889.0
889.1
889.1
889.1
889.2
889.2
889.2
889.2
889.3
889.3
889.3
889.3
889.3
889.3
889.4
889.4
889.4
889.4
889.5
889.5
889.5
889.5
889.6
889.6
889.6
889.7
889.8
889.8
889.8
889.8
889.8
889.9
889.9
889.9
889.9
890.0
890.0
890.0
890.0
890.1
890.1
890.2
890.2
890.3
890.3
890.3
890.4
890.4
890.4
890.5
890.6
890.6
890.7
890.7
890.7
890.8
890.9
890.9
890.9
890.9
891.0
891.1
891.1
891.2
891.2
891.2
891.3
891.3
891.3
891.3
891.4
891.4
891.4
891.4
891.5
891.5
891.5
891.6
891.6
891.6
891.7
891.7
891.8
891.8
891.8
891.9
892.1
892.2
892.2
892.4
892.4
892.5
892.5
892.6
892.6
892.7
892.8
892.8
892.8
892.9
893.0
893.3
893.3
893.3
893.3
893.4
893.5
893.5
893.6
893.6
893.6
893.6
893.6
893.7
893.7
893.8
894.2
894.2
894.2
894.2
894.3
894.4
894.6
894.6
894.7
894.7
894.7
894.7
894.7
894.8
894.9
894.9
895.0
895.0
895.2
895.5
895.5
895.5
895.6
896.4
896.6
896.7
896.8
896.8
896.9
897.6
897.7
897.8
898.0
898.1
898.3
899.4
899.6
899.9
900.1
900.1
901.3
901.5
901.5
901.6
901.8
902.6
902.6
902.9
903.9
903.9
904.0
904.6
908.2
909.1
909.3
909.7
910.9
912.3
913.5
914.5
919.9
923.2
924.5
924.6
927.1
927.6
928.5
928.5
929.0
929.2
929.4
930.7
930.7
930.8
931.2
933.0
933.5
933.6
934.5
934.8
936.1
936.7
938.5
939.7
940.5
942.1
944.0
944.3
944.7
946.0
946.7
947.5
948.1
949.1
955.7
956.6
1053.1
1054.7
1054.7
1054.7
1054.7
1054.7
1054.8
1054.8
1054.9
1055.0
1055.0
1055.1
1055.1
1055.2
1055.2
1055.3
1055.3
1055.5
1055.6
1055.6
1055.7
1055.8
1055.8
1055.9
1055.9
1055.9
1055.9
1056.0
1056.0
1056.1
1056.1
1056.1
1056.1
1056.1
1056.2
1056.2
1056.2
1056.3
1056.3
1056.5
1056.5
1056.5
1056.5
1056.6
1056.6
1056.6
1056.6
1056.6
1056.7
1056.7
1056.8
1056.8
1056.8
1056.8
1056.8
1056.9
1056.9
1056.9
1056.9
1056.9
1056.9
1057.0
1057.0
1057.0
1057.0
1057.0
1057.0
1057.1
1057.1
1057.1
1057.1
1057.1
1057.2
1057.3
1057.3
1057.3
1057.3
1057.3
1057.3
1057.4
1057.4
1057.4
1057.5
1057.5
1057.5
1057.5
1057.5
1057.6
1057.6
1057.6
1057.6
1057.6
1057.6
1057.6
1057.6
1057.7
1057.7
1057.7
1057.7
1057.7
1057.7
1057.7
1057.7
1057.7
1057.8
1057.8
1057.8
1057.8
1057.8
1057.8
1057.8
1057.8
1057.9
1057.9
1057.9
1057.9
1058.0
1058.0
1058.0
1058.0
1058.0
1058.0
1058.1
1058.1
1058.1
1058.1
1058.1
1058.1
1058.1
1058.2
1058.2
1058.2
1058.3
1058.3
1058.3
1058.3
1058.4
1058.4
1058.4
1058.4
1058.4
1058.4
1058.4
1058.5
1058.5
1058.5
1058.5
1058.5
1058.5
1058.5
1058.5
1058.5
1058.6
1058.6
1058.6
1058.6
1058.6
1058.7
1058.7
1058.7
1058.7
1058.7
1058.7
1058.7
1058.8
1058.8
1058.8
1058.9
1058.9
1058.9
1058.9
1058.9
1059.0
1059.0
1059.0
1059.0
1059.0
1059.0
1059.0
1059.0
1059.1
1059.1
1059.1
1059.1
1059.2
1059.2
1059.2
1059.2
1059.2
1059.2
1059.3
1059.3
1059.3
1059.3
1059.3
1059.3
1059.3
1059.3
1059.3
1059.4
1059.4
1059.4
1059.4
1059.4
1059.4
1059.4
1059.4
1059.4
1059.4
1059.4
1059.5
1059.5
1059.5
1059.5
1059.5
1059.5
1059.5
1059.5
1059.5
1059.6
1059.6
1059.6
1059.6
1059.6
1059.6
1059.6
1059.7
1059.7
1059.7
1059.8
1059.8
1059.8
1059.8
1059.8
1059.8
1059.8
1059.8
1059.9
1059.9
1059.9
1059.9
1059.9
1059.9
1059.9
1059.9
1060.0
1060.0
1060.0
1060.0
1060.0
1060.1
1060.1
1060.1
1060.1
1060.2
1060.2
1060.2
1060.2
1060.2
1060.2
1060.2
1060.2
1060.3
1060.3
1060.4
1060.4
1060.4
1060.4
1060.4
1060.5
1060.5
1060.5
1060.5
1060.5
1060.5
1060.5
1060.5
1060.6
1060.6
1060.6
1060.6
1060.6
1060.6
1060.6
1060.6
1060.6
1060.6
1060.6
1060.6
1060.6
1060.6
1060.7
1060.7
1060.7
1060.7
1060.7
1060.7
1060.7
1060.8
1060.8
1060.8
1060.8
1060.8
1060.8
1060.8
1060.8
1060.9
1060.9
1060.9
1060.9
1060.9
1060.9
1060.9
1061.0
1061.0
1061.0
1061.0
1061.0
1061.0
1061.1
1061.1
1061.1
1061.1
1061.1
1061.1
1061.1
1061.1
1061.1
1061.1
1061.2
1061.2
1061.2
1061.2
1061.2
1061.2
1061.2
1061.2
1061.2
1061.2
1061.2
1061.3
1061.3
1061.3
1061.3
1061.3
1061.4
1061.4
1061.4
1061.5
1061.5
1061.5
1061.5
1061.5
1061.6
1061.6
1061.6
1061.7
1061.7
1061.7
1061.7
1061.7
1061.7
1061.7
1061.8
1061.8
1061.8
1061.8
1061.8
1061.8
1061.9
1061.9
1061.9
1061.9
1061.9
1061.9
1061.9
1061.9
1062.0
1062.0
1062.0
1062.0
1062.0
1062.0
1062.0
1062.0
1062.0
1062.0
1062.0
1062.1
1062.1
1062.2
1062.2
1062.2
1062.2
1062.3
1062.3
1062.3
1062.3
1062.4
1062.4
1062.4
1062.5
1062.5
1062.5
1062.5
1062.6
1062.6
1062.6
1062.6
1062.6
1062.6
1062.7
1062.7
1062.7
1062.7
1062.7
1062.7
1062.7
1062.8
1062.8
1062.8
1062.8
1062.9
1062.9
1062.9
1062.9
1063.0
1063.0
1063.0
1063.0
1063.1
1063.1
1063.1
1063.2
1063.2
1063.2
1063.2
1063.2
1063.2
1063.2
1063.3
1063.3
1063.4
1063.4
1063.4
1063.4
1063.4
1063.5
1063.6
1063.6
1063.6
1063.6
1063.6
1063.6
1063.7
1063.7
1063.7
1063.8
1063.8
1063.8
1063.8
1063.8
1063.9
1063.9
1063.9
1063.9
1064.0
1064.0
1064.0
1064.0
1064.0
1064.1
1064.1
1064.1
1064.1
1064.2
1064.2
1064.2
1064.3
1064.4
1064.4
1064.4
1064.4
1064.4
1064.5
1064.5
1064.5
1064.6
1064.7
1064.7
1064.7
1064.8
1064.8
1064.8
1064.9
1064.9
1064.9
1064.9
1065.0
1065.0
1065.0
1065.0
1065.1
1065.1
1065.1
1065.1
1065.2
1065.2
1065.2
1065.3
1065.4
1065.4
1065.4
1065.4
1065.5
1065.5
1065.6
1065.7
1065.7
1065.7
1065.7
1065.8
1065.9
1065.9
1065.9
1066.0
1066.0
1066.1
1066.1
1066.1
1066.1
1066.2
1066.2
1066.2
1066.3
1066.3
1066.3
1066.4
1066.4
1066.5
1066.7
1066.7
1066.9
1066.9
1066.9
1067.2
1067.3
1067.4
1067.4
1067.4
1067.5
1067.5
1067.5
1067.5
1067.7
1067.8
1068.0
1068.1
1068.1
1068.1
1068.1
1068.1
1068.2
1068.3
1068.3
1068.5
1068.7
1068.8
1068.8
1068.8
1068.9
1069.0
1069.0
1069.4
1069.4
1069.6
1069.6
1069.6
1069.7
1070.0
1070.1
1070.3
1070.3
1070.6
1070.9
1071.0
1071.3
1071.8
1071.9
1072.0
1072.4
1072.6
1072.6
1072.6
1072.6
1073.1
1073.2
1073.4
1073.5
1073.6
1074.2
1074.3
1074.4
1074.7
1074.8
1074.9
1075.1
1075.2
1075.4
1076.0
1078.4
1078.6
1079.6
1080.2
1081.7
1083.7
1092.7
1097.7
1217.3
1218.1
1218.3
1218.3
1218.3
1218.3
1218.4
1218.5
1218.5
1218.5
1218.5
1218.5
1218.6
1218.7
1218.9
1218.9
1218.9
1219.0
1219.1
1219.1
1219.3
1219.3
1219.3
1219.3
1219.3
1219.4
1219.4
1219.5
1219.6
1219.6
1219.6
1219.6
1219.6
1219.6
1219.6
1219.7
1219.7
1219.8
1219.8
1219.8
1219.8
1219.8
1219.8
1219.8
1219.8
1219.9
1219.9
1219.9
1219.9
1220.0
1220.0
1220.0
1220.0
1220.0
1220.0
1220.1
1220.1
1220.1
1220.1
1220.1
1220.1
1220.1
1220.2
1220.2
1220.3
1220.3
1220.4
1220.4
1220.4
1220.4
1220.4
1220.5
1220.5
1220.5
1220.6
1220.6
1220.6
1220.6
1220.6
1220.6
1220.6
1220.6
1220.6
1220.7
1220.7
1220.7
1220.7
1220.7
1220.7
1220.8
1220.8
1220.8
1220.8
1220.8
1220.8
1220.8
1220.8
1220.8
1220.8
1220.9
1220.9
1220.9
1220.9
1220.9
1220.9
1220.9
1221.0
1221.0
1221.0
1221.0
1221.0
1221.0
1221.1
1221.1
1221.1
1221.1
1221.1
1221.1
1221.1
1221.1
1221.1
1221.1
1221.1
1221.1
1221.2
1221.2
1221.2
1221.2
1221.2
1221.2
1221.2
1221.2
1221.3
1221.3
1221.3
1221.3
1221.3
1221.4
1221.4
1221.4
1221.4
1221.4
1221.4
1221.4
1221.4
1221.4
1221.5
1221.5
1221.5
1221.5
1221.5
1221.5
1221.6
1221.6
1221.6
1221.6
1221.7
1221.7
1221.7
1221.7
1221.7
1221.7
1221.7
1221.8
1221.8
1221.8
1221.8
1221.8
1221.8
1221.8
1221.8
1221.9
1221.9
1221.9
1221.9
1221.9
1221.9
1221.9
1222.0
1222.0
1222.0
1222.0
1222.0
1222.0
1222.0
1222.0
1222.0
1222.0
1222.0
1222.0
1222.1
1222.1
1222.1
1222.1
1222.1
1222.1
1222.1
1222.1
1222.1
1222.2
1222.2
1222.2
1222.2
1222.2
1222.2
1222.2
1222.2
1222.2
1222.2
1222.2
1222.2
1222.3
1222.3
1222.3
1222.3
1222.3
1222.3
1222.3
1222.3
1222.3
1222.3
1222.4
1222.4
1222.4
1222.4
1222.4
1222.4
1222.4
1222.4
1222.4
1222.4
1222.4
1222.4
1222.5
1222.5
1222.5
1222.5
1222.5
1222.5
1222.5
1222.5
1222.5
1222.5
1222.6
1222.6
1222.6
1222.6
1222.6
1222.6
1222.6
1222.6
1222.7
1222.7
1222.7
1222.7
1222.8
1222.8
1222.8
1222.8
1222.8
1222.8
1222.8
1222.8
1222.8
1222.8
1222.9
1222.9
1222.9
1222.9
1222.9
1222.9
1222.9
1222.9
1222.9
1222.9
1222.9
1222.9
1223.0
1223.0
1223.0
1223.0
1223.0
1223.0
1223.1
1223.1
1223.1
1223.1
1223.1
1223.1
1223.1
1223.1
1223.2
1223.2
1223.2
1223.2
1223.2
1223.2
1223.2
1223.2
1223.3
1223.3
1223.3
1223.3
1223.3
1223.3
1223.3
1223.4
1223.4
1223.4
1223.4
1223.4
1223.4
1223.4
1223.4
1223.4
1223.4
1223.4
1223.4
1223.4
1223.4
1223.4
1223.4
1223.5
1223.5
1223.5
1223.5
1223.5
1223.5
1223.5
1223.5
1223.5
1223.5
1223.5
1223.5
1223.5
1223.6
1223.6
1223.6
1223.6
1223.6
1223.6
1223.7
1223.7
1223.7
1223.7
1223.7
1223.7
1223.7
1223.7
1223.8
1223.8
1223.8
1223.8
1223.8
1223.8
1223.8
1223.9
1223.9
1223.9
1223.9
1223.9
1223.9
1223.9
1223.9
1223.9
1223.9
1223.9
1223.9
1223.9
1223.9
1223.9
1224.0
1224.0
1224.0
1224.0
1224.0
1224.0
1224.0
1224.0
1224.1
1224.1
1224.1
1224.1
1224.1
1224.1
1224.1
1224.1
1224.2
1224.2
1224.2
1224.2
1224.2
1224.2
1224.2
1224.2
1224.2
1224.3
1224.3
1224.3
1224.3
1224.3
1224.3
1224.3
1224.4
1224.4
1224.4
1224.4
1224.4
1224.4
1224.4
1224.5
1224.5
1224.5
1224.6
1224.6
1224.6
1224.6
1224.6
1224.6
1224.7
1224.7
1224.7
1224.7
1224.7
1224.7
1224.7
1224.8
1224.8
1224.8
1224.8
1224.8
1224.8
1224.8
1224.8
1224.9
1224.9
1224.9
1224.9
1224.9
1224.9
1225.0
1225.0
1225.0
1225.0
1225.0
1225.0
1225.0
1225.0
1225.1
1225.1
1225.1
1225.1
1225.1
1225.1
1225.1
1225.1
1225.1
1225.2
1225.2
1225.2
1225.2
1225.2
1225.2
1225.2
1225.2
1225.2
1225.2
1225.3
1225.3
1225.3
1225.3
1225.3
1225.4
1225.4
1225.4
1225.4
1225.5
1225.5
1225.5
1225.5
1225.5
1225.5
1225.5
1225.6
1225.6
1225.6
1225.6
1225.6
1225.6
1225.7
1225.7
1225.7
1225.8
1225.8
1225.8
1225.9
1225.9
1225.9
1225.9
1225.9
1225.9
1225.9
1226.0
1226.0
1226.0
1226.0
1226.1
1226.1
1226.1
1226.1
1226.1
1226.1
1226.1
1226.2
1226.2
1226.2
1226.2
1226.3
1226.3
1226.3
1226.3
1226.4
1226.4
1226.4
1226.4
1226.4
1226.4
1226.4
1226.4
1226.4
1226.4
1226.5
1226.5
1226.5
1226.6
1226.6
1226.7
1226.7
1226.7
1226.7
1226.7
1226.7
1226.7
1226.8
1226.9
1226.9
1226.9
1226.9
1227.0
1227.0
1227.0
1227.1
1227.2
1227.2
1227.2
1227.2
1227.2
1227.3
1227.3
1227.4
1227.4
1227.4
1227.4
1227.4
1227.6
1227.6
1227.6
1227.7
1227.7
1227.7
1227.8
1227.8
1227.8
1227.8
1227.8
1227.9
1227.9
1227.9
1227.9
1228.0
1228.0
1228.0
1228.1
1228.1
1228.2
1228.2
1228.2
1228.2
1228.2
1228.3
1228.3
1228.3
1228.3
1228.4
1228.4
1228.4
1228.4
1228.5
1228.5
1228.5
1228.5
1228.5
1228.6
1228.6
1228.6
1228.7
1228.8
1228.8
1228.9
1229.0
1229.0
1229.0
1229.1
1229.4
1229.6
1229.6
1229.6
1229.8
1229.9
1229.9
1230.0
1230.1
1230.2
1230.3
1230.4
1230.4
1230.7
1230.7
1230.8
1230.8
1230.9
1231.2
1231.2
1231.4
1231.4
1231.5
1231.6
1231.8
1231.8
1232.0
1232.0
1232.1
1232.2
1232.2
1232.3
1232.4
1232.5
1232.9
1233.1
1233.1
1233.4
1233.6
1233.7
1233.7
1234.0
1234.1
1234.3
1234.7
1234.8
1234.9
1234.9
1235.1
1235.4
1235.4
1235.5
1235.6
1237.1
1237.5
1238.4
1239.0
1240.2
1240.3
1240.4
1241.9
1242.2
1242.5
1243.1
1247.2
1247.5
1248.5
1253.4
1253.6
1389.8
1390.5
1390.5
1390.6
1390.6
1390.6
1390.8
1390.8
1390.9
1390.9
1390.9
1391.0
1391.0
1391.1
1391.2
1391.2
1391.3
1391.3
1391.6
1391.7
1391.7
1391.7
1391.7
1391.8
1391.8
1391.9
1391.9
1392.0
1392.0
1392.1
1392.1
1392.1
1392.1
1392.2
1392.2
1392.3
1392.3
1392.3
1392.3
1392.3
1392.3
1392.3
1392.4
1392.4
1392.4
1392.4
1392.4
1392.5
1392.5
1392.5
1392.5
1392.6
1392.6
1392.6
1392.6
1392.6
1392.6
1392.7
1392.7
1392.7
1392.7
1392.7
1392.7
1392.7
1392.8
1392.8
1392.8
1393.0
1393.0
1393.0
1393.0
1393.0
1393.0
1393.0
1393.1
1393.1
1393.1
1393.1
1393.1
1393.2
1393.2
1393.2
1393.2
1393.3
1393.3
1393.3
1393.3
1393.3
1393.3
1393.3
1393.4
1393.4
1393.4
1393.4
1393.4
1393.4
1393.5
1393.5
1393.5
1393.5
1393.5
1393.5
1393.5
1393.5
1393.5
1393.6
1393.6
1393.7
1393.7
1393.7
1393.7
1393.7
1393.7
1393.7
1393.7
1393.7
1393.8
1393.8
1393.8
1393.8
1393.8
1393.8
1393.8
1393.8
1393.8
1393.9
1393.9
1393.9
1393.9
1393.9
1393.9
1394.0
1394.0
1394.0
1394.0
1394.0
1394.0
1394.1
1394.1
1394.1
1394.1
1394.1
1394.1
1394.2
1394.2
1394.2
1394.3
1394.3
1394.3
1394.3
1394.3
1394.4
1394.4
1394.4
1394.4
1394.4
1394.4
1394.5
1394.5
1394.5
1394.5
1394.5
1394.5
1394.6
1394.6
1394.6
1394.6
1394.6
1394.6
1394.6
1394.6
1394.6
1394.6
1394.6
1394.6
1394.7
1394.7
1394.7
1394.7
1394.7
1394.7
1394.7
1394.8
1394.8
1394.8
1394.9
1394.9
1394.9
1394.9
1394.9
1394.9
1394.9
1394.9
1394.9
1394.9
1394.9
1394.9
1395.0
1395.0
1395.0
1395.0
1395.0
1395.0
1395.0
1395.1
1395.1
1395.1
1395.1
1395.1
1395.1
1395.1
1395.1
1395.1
1395.1
1395.2
1395.2
1395.2
1395.2
1395.2
1395.2
1395.2
1395.2
1395.2
1395.2
1395.2
1395.2
1395.3
1395.3
1395.3
1395.3
1395.3
1395.3
1395.3
1395.4
1395.4
1395.4
1395.4
1395.4
1395.4
1395.4
1395.4
1395.4
1395.4
1395.5
1395.5
1395.5
1395.5
1395.6
1395.6
1395.6
1395.6
1395.6
1395.6
1395.6
1395.6
1395.6
1395.7
1395.7
1395.7
1395.7
1395.7
1395.7
1395.7
1395.8
1395.8
1395.8
1395.8
1395.8
1395.8
1395.9
1395.9
1395.9
1395.9
1395.9
1395.9
1396.0
1396.0
1396.0
1396.0
1396.0
1396.0
1396.0
1396.0
1396.0
1396.0
1396.1
1396.1
1396.1
1396.1
1396.1
1396.1
1396.1
1396.1
1396.2
1396.2
1396.2
1396.2
1396.2
1396.2
1396.3
1396.3
1396.3
1396.3
1396.3
1396.3
1396.3
1396.3
1396.3
1396.4
1396.4
1396.4
1396.4
1396.4
1396.4
1396.4
1396.5
1396.5
1396.5
1396.5
1396.6
1396.6
1396.6
1396.6
1396.6
1396.6
1396.6
1396.7
1396.7
1396.7
1396.7
1396.7
1396.7
1396.7
1396.7
1396.7
1396.8
1396.8
1396.8
1396.8
1396.8
1396.8
1396.8
1396.8
1396.8
1396.9
1396.9
1396.9
1396.9
1396.9
1397.0
1397.0
1397.0
1397.0
1397.0
1397.0
1397.0
1397.0
1397.1
1397.1
1397.1
1397.1
1397.1
1397.1
1397.1
1397.1
1397.1
1397.1
1397.2
1397.2
1397.2
1397.2
1397.2
1397.2
1397.2
1397.2
1397.2
1397.3
1397.3
1397.3
1397.3
1397.3
1397.3
1397.3
1397.4
1397.4
1397.4
1397.4
1397.4
1397.5
1397.5
1397.5
1397.5
1397.6
1397.6
1397.6
1397.6
1397.6
1397.7
1397.7
1397.7
1397.7
1397.7
1397.7
1397.8
1397.8
1397.9
1397.9
1397.9
1397.9
1397.9
1397.9
1397.9
1397.9
1397.9
1397.9
1398.0
1398.0
1398.0
1398.0
1398.0
1398.1
1398.1
1398.1
1398.1
1398.1
1398.2
1398.2
1398.3
1398.4
1398.4
1398.4
1398.4
1398.4
1398.5
1398.5
1398.5
1398.5
1398.5
1398.5
1398.5
1398.5
1398.5
1398.5
1398.5
1398.6
1398.6
1398.6
1398.7
1398.7
1398.7
1398.8
1398.8
1398.8
1398.8
1398.8
1398.8
1398.8
1398.9
1398.9
1398.9
1398.9
1398.9
1399.0
1399.0
1399.0
1399.0
1399.0
1399.1
1399.1
1399.2
1399.2
1399.2
1399.2
1399.2
1399.2
1399.3
1399.4
1399.4
1399.4
1399.4
1399.5
1399.5
1399.5
1399.6
1399.7
1399.7
1399.7
1399.7
1399.7
1399.7
1399.7
1399.8
1399.8
1399.8
1399.9
1399.9
1399.9
1399.9
1400.0
1400.0
1400.0
1400.1
1400.1
1400.2
1400.3
1400.3
1400.3
1400.4
1400.4
1400.4
1400.4
1400.5
1400.5
1400.5
1400.5
1400.5
1400.6
1400.9
1400.9
1400.9
1400.9
1400.9
1401.0
1401.1
1401.1
1401.1
1401.1
1401.2
1401.2
1401.2
1401.2
1401.3
1401.3
1401.3
1401.3
1401.3
1401.4
1401.4
1401.4
1401.5
1401.6
1401.6
1401.6
1401.7
1401.7
1401.7
1401.7
1401.8
1401.9
1401.9
1402.0
1402.1
1402.2
1402.3
1402.4
1402.4
1402.5
1402.6
1402.6
1402.7
1402.7
1402.8
1402.8
1402.8
1402.9
1403.0
1403.0
1403.1
1403.1
1403.1
1403.2
1403.3
1403.3
1403.4
1403.4
1403.4
1403.4
1403.4
1403.4
1403.5
1403.6
1403.6
1403.7
1403.9
1403.9
1404.0
1404.0
1404.1
1404.1
1404.4
1404.6
1405.0
1405.2
1405.7
1405.8
1405.8
1405.9
1406.0
1406.0
1406.1
1406.3
1406.6
1406.9
1407.0
1407.4
1407.6
1407.7
1408.0
1408.0
1408.0
1408.2
1408.4
1408.5
1408.5
1408.6
1408.9
1409.0
1409.2
1409.3
1410.1
1410.6
1411.1
1411.3
1411.3
1412.3
1412.4
1413.6
1417.1
1417.5
1418.1
1418.6
1423.3
1553.8
1554.5
1554.7
1554.7
1554.7
1554.7
1554.8
1554.8
1554.8
1554.9
1554.9
1554.9
1555.1
1555.2
1555.2
1555.3
1555.3
1555.4
1555.5
1555.5
1555.7
1555.7
1555.7
1555.7
1555.7
1555.8
1555.8
1555.9
1556.0
1556.0
1556.0
1556.0
1556.0
1556.0
1556.0
1556.0
1556.1
1556.1
1556.1
1556.1
1556.1
1556.2
1556.2
1556.2
1556.2
1556.3
1556.3
1556.3
1556.3
1556.3
1556.3
1556.3
1556.3
1556.4
1556.4
1556.4
1556.4
1556.5
1556.5
1556.5
1556.5
1556.5
1556.5
1556.6
1556.6
1556.7
1556.7
1556.7
1556.8
1556.8
1556.8
1556.8
1556.9
1556.9
1556.9
1556.9
1556.9
1557.0
1557.0
1557.0
1557.0
1557.0
1557.0
1557.0
1557.1
1557.1
1557.1
1557.1
1557.1
1557.1
1557.1
1557.2
1557.2
1557.2
1557.2
1557.2
1557.2
1557.2
1557.2
1557.2
1557.2
1557.3
1557.3
1557.3
1557.3
1557.3
1557.3
1557.3
1557.4
1557.4
1557.4
1557.4
1557.4
1557.4
1557.4
1557.4
1557.4
1557.5
1557.5
1557.5
1557.5
1557.5
1557.5
1557.5
1557.5
1557.6
1557.6
1557.6
1557.6
1557.6
1557.6
1557.6
1557.6
1557.7
1557.7
1557.7
1557.7
1557.7
1557.7
1557.7
1557.8
1557.8
1557.8
1557.8
1557.8
1557.8
1557.8
1557.8
1557.9
1557.9
1557.9
1557.9
1557.9
1557.9
1558.0
1558.0
1558.0
1558.0
1558.0
1558.1
1558.1
1558.1
1558.1
1558.1
1558.1
1558.2
1558.2
1558.2
1558.2
1558.2
1558.2
1558.2
1558.2
1558.3
1558.3
1558.3
1558.3
1558.3
1558.3
1558.3
1558.3
1558.3
1558.3
1558.4
1558.4
1558.4
1558.4
1558.4
1558.4
1558.4
1558.4
1558.4
1558.4
1558.4
1558.4
1558.5
1558.5
1558.5
1558.5
1558.5
1558.5
1558.5
1558.5
1558.5
1558.6
1558.6
1558.6
1558.6
1558.6
1558.6
1558.6
1558.6
1558.6
1558.6
1558.6
1558.6
1558.6
1558.6
1558.6
1558.7
1558.7
1558.7
1558.7
1558.7
1558.7
1558.7
1558.7
1558.7
1558.7
1558.8
1558.8
1558.8
1558.8
1558.8
1558.9
1558.9
1558.9
1558.9
1558.9
1558.9
1558.9
1558.9
1558.9
1558.9
1558.9
1558.9
1558.9
1558.9
1559.0
1559.0
1559.0
1559.0
1559.1
1559.1
1559.1
1559.1
1559.1
1559.1
1559.1
1559.1
1559.1
1559.1
1559.1
1559.1
1559.2
1559.2
1559.2
1559.2
1559.2
1559.2
1559.2
1559.2
1559.2
1559.3
1559.3
1559.3
1559.3
1559.3
1559.3
1559.3
1559.4
1559.4
1559.4
1559.4
1559.4
1559.4
1559.4
1559.5
1559.5
1559.5
1559.5
1559.5
1559.5
1559.5
1559.5
1559.5
1559.5
1559.6
1559.6
1559.6
1559.6
1559.6
1559.6
1559.6
1559.6
1559.7
1559.7
1559.7
1559.7
1559.7
1559.7
1559.7
1559.7
1559.7
1559.7
1559.7
1559.7
1559.7
1559.8
1559.8
1559.8
1559.8
1559.8
1559.8
1559.8
1559.8
1559.8
1559.8
1559.8
1559.8
1559.8
1559.9
1559.9
1559.9
1559.9
1559.9
1559.9
1559.9
1559.9
1559.9
1559.9
1560.0
1560.0
1560.0
1560.0
1560.1
1560.1
1560.1
1560.1
1560.1
1560.1
1560.1
1560.1
1560.1
1560.1
1560.1
1560.2
1560.2
1560.2
1560.2
1560.2
1560.2
1560.2
1560.2
1560.2
1560.2
1560.2
1560.2
1560.2
1560.3
1560.3
1560.3
1560.3
1560.3
1560.3
1560.3
1560.3
1560.3
1560.3
1560.4
1560.4
1560.4
1560.4
1560.4
1560.4
1560.4
1560.4
1560.5
1560.5
1560.5
1560.5
1560.5
1560.5
1560.5
1560.5
1560.6
1560.6
1560.6
1560.6
1560.6
1560.6
1560.7
1560.7
1560.7
1560.7
1560.7
1560.7
1560.7
1560.7
1560.7
1560.8
1560.8
1560.8
1560.9
1560.9
1560.9
1560.9
1560.9
1560.9
1560.9
1561.0
1561.0
1561.0
1561.0
1561.0
1561.0
1561.0
1561.1
1561.1
1561.1
1561.1
1561.1
1561.1
1561.2
1561.2
1561.2
1561.2
1561.2
1561.2
1561.3
1561.3
1561.3
1561.3
1561.3
1561.3
1561.3
1561.4
1561.4
1561.4
1561.4
1561.4
1561.4
1561.4
1561.4
1561.4
1561.4
1561.4
1561.4
1561.4
1561.5
1561.5
1561.5
1561.5
1561.5
1561.5
1561.5
1561.6
1561.6
1561.6
1561.6
1561.6
1561.6
1561.6
1561.7
1561.8
1561.8
1561.8
1561.8
1561.8
1561.8
1561.8
1561.8
1561.8
1561.8
1561.8
1561.8
1561.9
1561.9
1561.9
1561.9
1562.0
1562.0
1562.0
1562.1
1562.1
1562.1
1562.2
1562.2
1562.2
1562.2
1562.2
1562.2
1562.2
1562.2
1562.2
1562.3
1562.3
1562.3
1562.3
1562.3
1562.3
1562.3
1562.4
1562.4
1562.5
1562.5
1562.5
1562.5
1562.5
1562.5
1562.6
1562.6
1562.6
1562.6
1562.7
1562.7
1562.7
1562.7
1562.7
1562.7
1562.7
1562.7
1562.7
1562.9
1562.9
1562.9
1562.9
1562.9
1562.9
1562.9
1563.0
1563.0
1563.0
1563.0
1563.1
1563.1
1563.2
1563.2
1563.3
1563.3
1563.3
1563.3
1563.5
1563.5
1563.5
1563.5
1563.6
1563.6
1563.6
1563.6
1563.6
1563.6
1563.6
1563.6
1563.7
1563.8
1563.8
1563.8
1563.9
1563.9
1563.9
1563.9
1564.0
1564.0
1564.1
1564.1
1564.1
1564.1
1564.1
1564.2
1564.2
1564.3
1564.3
1564.3
1564.3
1564.4
1564.4
1564.4
1564.4
1564.4
1564.5
1564.5
1564.5
1564.5
1564.6
1564.6
1564.6
1564.7
1564.7
1564.7
1564.7
1564.7
1564.7
1564.7
1564.7
1564.7
1564.8
1565.0
1565.0
1565.1
1565.1
1565.2
1565.3
1565.5
1565.6
1565.6
1565.7
1565.7
1565.9
1566.0
1566.0
1566.2
1566.2
1566.5
1566.5
1566.5
1566.6
1566.8
1566.9
1566.9
1566.9
1566.9
1567.2
1567.4
1567.4
1567.4
1567.4
1567.5
1567.5
1567.8
1567.9
1567.9
1567.9
1567.9
1568.0
1568.1
1568.4
1568.4
1568.5
1568.5
1568.6
1568.9
1569.6
1569.7
1570.0
1570.0
1570.1
1570.1
1570.2
1570.3
1570.5
1570.8
1570.9
1570.9
1571.2
1571.3
1571.4
1571.5
1571.5
1572.3
1573.2
1574.2
1574.2
1575.5
1575.7
1575.9
1576.5
1577.2
1579.1
1580.7
1581.4
1581.6
1586.3
1725.6
1726.3
1726.5
1726.5
1726.6
1726.6
1726.7
1726.7
1726.8
1726.9
1726.9
1727.0
1727.1
1727.1
1727.1
1727.1
1727.2
1727.3
1727.5
1727.6
1727.6
1727.6
1727.7
1727.8
1727.8
1727.9
1727.9
1727.9
1727.9
1727.9
1727.9
1728.0
1728.0
1728.0
1728.0
1728.1
1728.1
1728.1
1728.1
1728.2
1728.2
1728.2
1728.2
1728.3
1728.3
1728.3
1728.3
1728.3
1728.4
1728.4
1728.4
1728.5
1728.5
1728.5
1728.5
1728.6
1728.6
1728.6
1728.6
1728.6
1728.7
1728.7
1728.7
1728.7
1728.7
1728.7
1728.9
1728.9
1728.9
1728.9
1728.9
1729.0
1729.0
1729.0
1729.0
1729.0
1729.1
1729.1
1729.1
1729.1
1729.1
1729.1
1729.1
1729.2
1729.2
1729.2
1729.2
1729.2
1729.2
1729.2
1729.2
1729.3
1729.3
1729.3
1729.3
1729.3
1729.3
1729.4
1729.4
1729.4
1729.4
1729.5
1729.5
1729.5
1729.5
1729.5
1729.6
1729.6
1729.6
1729.6
1729.6
1729.6
1729.6
1729.6
1729.6
1729.6
1729.6
1729.6
1729.6
1729.7
1729.7
1729.7
1729.7
1729.7
1729.8
1729.8
1729.8
1729.8
1729.8
1729.8
1729.8
1729.8
1729.9
1729.9
1729.9
1729.9
1730.0
1730.0
1730.0
1730.0
1730.0
1730.0
1730.0
1730.1
1730.1
1730.1
1730.1
1730.1
1730.1
1730.1
1730.2
1730.2
1730.2
1730.3
1730.3
1730.3
1730.3
1730.4
1730.4
1730.4
1730.4
1730.4
1730.4
1730.4
1730.5
1730.5
1730.5
1730.5
1730.5
1730.5
1730.5
1730.5
1730.5
1730.6
1730.6
1730.6
1730.6
1730.6
1730.6
1730.6
1730.6
1730.6
1730.7
1730.7
1730.7
1730.7
1730.7
1730.7
1730.7
1730.7
1730.8
1730.8
1730.8
1730.8
1730.8
1730.8
1730.8
1730.8
1730.8
1730.8
1730.8
1730.8
1730.9
1730.9
1730.9
1730.9
1730.9
1730.9
1730.9
1730.9
1730.9
1731.0
1731.0
1731.0
1731.0
1731.0
1731.0
1731.0
1731.0
1731.0
1731.0
1731.0
1731.1
1731.1
1731.1
1731.1
1731.1
1731.1
1731.1
1731.2
1731.2
1731.2
1731.2
1731.2
1731.2
1731.2
1731.2
1731.2
1731.3
1731.3
1731.3
1731.3
1731.3
1731.3
1731.4
1731.4
1731.4
1731.4
1731.4
1731.4
1731.4
1731.5
1731.5
1731.5
1731.5
1731.5
1731.5
1731.5
1731.5
1731.6
1731.6
1731.6
1731.6
1731.6
1731.6
1731.6
1731.6
1731.7
1731.7
1731.7
1731.7
1731.7
1731.7
1731.7
1731.7
1731.8
1731.8
1731.8
1731.8
1731.8
1731.8
1731.8
1731.8
1731.8
1731.9
1731.9
1731.9
1731.9
1731.9
1731.9
1732.0
1732.0
1732.0
1732.0
1732.0
1732.0
1732.1
1732.1
1732.1
1732.1
1732.1
1732.2
1732.2
1732.2
1732.2
1732.2
1732.2
1732.2
1732.2
1732.3
1732.3
1732.3
1732.3
1732.3
1732.3
1732.3
1732.3
1732.3
1732.3
1732.3
1732.3
1732.4
1732.4
1732.4
1732.4
1732.4
1732.4
1732.4
1732.4
1732.4
1732.4
1732.4
1732.4
1732.4
1732.4
1732.5
1732.5
1732.5
1732.6
1732.6
1732.6
1732.6
1732.6
1732.6
1732.6
1732.7
1732.7
1732.7
1732.7
1732.7
1732.7
1732.7
1732.7
1732.7
1732.8
1732.8
1732.8
1732.8
1732.8
1732.8
1732.9
1732.9
1732.9
1732.9
1732.9
1732.9
1732.9
1732.9
1732.9
1732.9
1732.9
1732.9
1733.0
1733.0
1733.0
1733.0
1733.1
1733.1
1733.1
1733.1
1733.1
1733.1
1733.1
1733.1
1733.1
1733.2
1733.2
1733.2
1733.2
1733.2
1733.2
1733.3
1733.3
1733.3
1733.4
1733.4
1733.4
1733.4
1733.4
1733.5
1733.5
1733.5
1733.5
1733.5
1733.5
1733.6
1733.6
1733.6
1733.6
1733.7
1733.7
1733.7
1733.7
1733.7
1733.8
1733.8
1733.8
1733.8
1733.8
1733.9
1733.9
1733.9
1733.9
1734.0
1734.0
1734.1
1734.1
1734.1
1734.1
1734.1
1734.1
1734.1
1734.1
1734.1
1734.2
1734.2
1734.2
1734.2
1734.2
1734.2
1734.2
1734.2
1734.2
1734.2
1734.3
1734.3
1734.3
1734.3
1734.4
1734.4
1734.4
1734.4
1734.5
1734.5
1734.5
1734.5
1734.5
1734.5
1734.5
1734.6
1734.6
1734.6
1734.7
1734.7
1734.7
1734.7
1734.7
1734.8
1734.8
1734.8
1734.8
1734.9
1734.9
1734.9
1735.0
1735.0
1735.0
1735.0
1735.1
1735.1
1735.1
1735.2
1735.2
1735.2
1735.2
1735.3
1735.3
1735.4
1735.4
1735.4
1735.4
1735.4
1735.5
1735.5
1735.6
1735.6
1735.6
1735.6
1735.7
1735.7
1735.7
1735.7
1735.7
1735.7
1735.7
1735.8
1735.9
1735.9
1736.0
1736.0
1736.0
1736.1
1736.1
1736.1
1736.2
1736.2
1736.2
1736.2
1736.4
1736.4
1736.4
1736.5
1736.5
1736.6
1736.6
1736.7
1736.7
1736.7
1736.7
1736.7
1736.8
1736.8
1736.8
1736.8
1736.9
1736.9
1736.9
1736.9
1737.0
1737.0
1737.1
1737.1
1737.2
1737.3
1737.3
1737.3
1737.4
1737.4
1737.6
1737.6
1737.6
1737.7
1737.7
1737.8
1737.8
1737.9
1737.9
1737.9
1737.9
1738.1
1738.1
1738.2
1738.2
1738.3
1738.3
1738.3
1738.4
1738.4
1738.5
1738.5
1738.6
1738.6
1738.6
1738.6
1738.6
1738.6
1738.7
1738.8
1738.8
1738.8
1739.0
1739.1
1739.2
1739.3
1739.3
1739.3
1739.4
1739.4
1739.5
1739.7
1739.8
1739.8
1739.9
1739.9
1740.0
1740.5
1740.6
1740.7
1740.7
1740.9
1741.1
1741.3
1741.4
1741.4
1741.4
1741.5
1741.5
1741.9
1742.3
1742.3
1742.4
1742.5
1742.8
1742.9
1743.0
1743.1
1743.4
1743.4
1743.5
1743.6
1743.7
1743.8
1744.0
1744.1
1744.5
1744.6
1744.7
1746.6
1746.7
1747.6
1748.9
1749.3
1749.6
1749.6
1750.3
1751.1
1753.8
1754.2
1759.8
1760.8
1775.3
1890.8
1891.3
1891.4
1891.4
1891.6
1891.6
1891.6
1891.7
1891.7
1891.7
1891.7
1891.9
1892.1
1892.1
1892.2
1892.3
1892.3
1892.3
1892.5
1892.6
1892.6
1892.6
1892.7
1892.7
1892.7
1892.8
1892.8
1892.9
1892.9
1892.9
1892.9
1892.9
1892.9
1893.0
1893.0
1893.0
1893.0
1893.0
1893.1
1893.1
1893.1
1893.1
1893.1
1893.2
1893.2
1893.2
1893.2
1893.3
1893.3
1893.3
1893.3
1893.3
1893.3
1893.4
1893.4
1893.4
1893.4
1893.4
1893.5
1893.5
1893.5
1893.5
1893.5
1893.6
1893.6
1893.6
1893.6
1893.7
1893.7
1893.7
1893.7
1893.7
1893.7
1893.7
1893.8
1893.8
1893.8
1893.8
1893.8
1893.8
1893.8
1893.8
1893.9
1893.9
1893.9
1893.9
1893.9
1893.9
1894.0
1894.0
1894.0
1894.1
1894.1
1894.1
1894.1
1894.1
1894.1
1894.2
1894.2
1894.2
1894.2
1894.2
1894.2
1894.2
1894.2
1894.3
1894.3
1894.3
1894.3
1894.3
1894.3
1894.4
1894.4
1894.4
1894.4
1894.4
1894.5
1894.5
1894.5
1894.5
1894.5
1894.5
1894.6
1894.6
1894.6
1894.6
1894.6
1894.6
1894.6
1894.6
1894.6
1894.6
1894.6
1894.7
1894.7
1894.7
1894.7
1894.7
1894.7
1894.7
1894.7
1894.7
1894.8
1894.8
1894.8
1894.8
1894.8
1894.9
1894.9
1894.9
1894.9
1894.9
1894.9
1894.9
1895.0
1895.0
1895.0
1895.0
1895.0
1895.0
1895.0
1895.1
1895.1
1895.1
1895.1
1895.1
1895.1
1895.1
1895.2
1895.2
1895.2
1895.2
1895.2
1895.2
1895.3
1895.3
1895.3
1895.3
1895.4
1895.4
1895.4
1895.4
1895.4
1895.4
1895.4
1895.4
1895.4
1895.4
1895.5
1895.5
1895.5
1895.5
1895.5
1895.5
1895.5
1895.5
1895.5
1895.5
1895.6
1895.6
1895.6
1895.6
1895.6
1895.6
1895.6
1895.6
1895.6
1895.6
1895.7
1895.7
1895.7
1895.7
1895.7
1895.7
1895.7
1895.7
1895.7
1895.7
1895.7
1895.7
1895.7
1895.8
1895.8
1895.8
1895.8
1895.8
1895.8
1895.8
1895.8
1895.9
1895.9
1895.9
1895.9
1895.9
1895.9
1895.9
1895.9
1895.9
1895.9
1895.9
1896.0
1896.0
1896.0
1896.0
1896.0
1896.0
1896.0
1896.1
1896.1
1896.1
1896.1
1896.1
1896.1
1896.2
1896.2
1896.2
1896.2
1896.2
1896.2
1896.3
1896.3
1896.3
1896.3
1896.3
1896.3
1896.3
1896.3
1896.3
1896.4
1896.4
1896.4
1896.4
1896.4
1896.4
1896.4
1896.4
1896.5
1896.5
1896.5
1896.5
1896.5
1896.5
1896.5
1896.5
1896.5
1896.5
1896.6
1896.6
1896.6
1896.6
1896.6
1896.6
1896.6
1896.6
1896.6
1896.6
1896.7
1896.7
1896.7
1896.7
1896.7
1896.7
1896.7
1896.7
1896.7
1896.7
1896.8
1896.8
1896.8
1896.8
1896.8
1896.8
1896.8
1896.8
1896.8
1896.8
1896.9
1896.9
1896.9
1896.9
1896.9
1896.9
1896.9
1897.0
1897.0
1897.0
1897.0
1897.0
1897.1
1897.1
1897.1
1897.1
1897.1
1897.1
1897.1
1897.1
1897.1
1897.1
1897.2
1897.2
1897.2
1897.2
1897.2
1897.3
1897.3
1897.3
1897.3
1897.3
1897.3
1897.3
1897.3
1897.3
1897.3
1897.4
1897.4
1897.4
1897.4
1897.4
1897.4
1897.4
1897.4
1897.4
1897.4
1897.4
1897.4
1897.4
1897.5
1897.5
1897.5
1897.5
1897.5
1897.5
1897.5
1897.5
1897.5
1897.5
1897.5
1897.5
1897.5
1897.6
1897.6
1897.6
1897.6
1897.6
1897.7
1897.7
1897.7
1897.7
1897.7
1897.8
1897.8
1897.8
1897.8
1897.8
1897.8
1897.8
1897.8
1897.8
1897.9
1897.9
1897.9
1897.9
1897.9
1897.9
1898.0
1898.0
1898.0
1898.0
1898.0
1898.0
1898.1
1898.1
1898.1
1898.1
1898.1
1898.1
1898.1
1898.1
1898.1
1898.2
1898.2
1898.2
1898.2
1898.2
1898.2
1898.3
1898.3
1898.3
1898.3
1898.3
1898.4
1898.4
1898.4
1898.4
1898.4
1898.4
1898.4
1898.5
1898.5
1898.5
1898.5
1898.5
1898.5
1898.5
1898.5
1898.6
1898.6
1898.6
1898.6
1898.6
1898.6
1898.7
1898.7
1898.7
1898.7
1898.7
1898.7
1898.7
1898.7
1898.8
1898.8
1898.8
1898.8
1898.9
1898.9
1898.9
1899.0
1899.0
1899.0
1899.0
1899.1
1899.1
1899.1
1899.2
1899.2
1899.2
1899.2
1899.2
1899.2
1899.2
1899.2
1899.2
1899.3
1899.3
1899.3
1899.3
1899.4
1899.4
1899.4
1899.5
1899.5
1899.5
1899.5
1899.5
1899.5
1899.5
1899.6
1899.6
1899.6
1899.6
1899.7
1899.7
1899.7
1899.7
1899.7
1899.8
1899.8
1899.8
1899.8
1899.8
1899.9
1899.9
1899.9
1899.9
1899.9
1899.9
1899.9
1900.0
1900.0
1900.0
1900.0
1900.1
1900.1
1900.1
1900.1
1900.1
1900.1
1900.2
1900.3
1900.3
1900.4
1900.4
1900.4
1900.4
1900.5
1900.5
1900.5
1900.5
1900.5
1900.5
1900.5
1900.6
1900.6
1900.6
1900.6
1900.7
1900.7
1900.7
1900.7
1900.7
1900.8
1900.9
1900.9
1901.0
1901.1
1901.1
1901.1
1901.1
1901.2
1901.3
1901.3
1901.4
1901.4
1901.4
1901.4
1901.4
1901.5
1901.6
1901.6
1901.7
1901.7
1901.7
1901.7
1901.7
1901.8
1901.8
1901.8
1901.9
1901.9
1901.9
1902.0
1902.0
1902.0
1902.0
1902.1
1902.1
1902.1
1902.2
1902.2
1902.3
1902.3
1902.3
1902.4
1902.4
1902.5
1902.5
1902.5
1902.6
1902.7
1902.7
1902.7
1902.7
1902.8
1902.9
1903.0
1903.1
1903.2
1903.4
1903.5
1903.7
1903.7
1903.8
1903.9
1903.9
1903.9
1904.0
1904.0
1904.1
1904.1
1904.2
1904.2
1904.4
1904.5
1904.5
1904.5
1904.6
1904.7
1904.8
1904.9
1905.1
1905.2
1905.2
1905.3
1905.3
1905.7
1905.7
1905.9
1906.1
1906.1
1906.2
1906.4
1906.5
1906.5
1906.5
1906.8
1907.1
1907.2
1907.3
1907.5
1907.7
1908.7
1908.8
1909.4
1909.6
1910.0
1910.3
1910.4
1910.7
1911.2
1912.2
1912.4
1914.3
1914.8
1915.1
1915.5
1916.0
1917.8
1918.4
1918.7
1920.8
1935.4
1939.1
1941.8
1953.4
2061.8
2062.5
2062.7
2062.7
2062.8
2062.8
2062.9
2062.9
2063.0
2063.1
2063.1
2063.2
2063.3
2063.3
2063.3
2063.3
2063.4
2063.5
2063.7
2063.8
2063.8
2063.8
2063.9
2064.0
2064.0
2064.1
2064.1
2064.1
2064.1
2064.1
2064.1
2064.2
2064.2
2064.2
2064.2
2064.3
2064.3
2064.3
2064.3
2064.4
2064.4
2064.4
2064.4
2064.4
2064.5
2064.5
2064.5
2064.5
2064.6
2064.6
2064.6
2064.7
2064.7
2064.7
2064.7
2064.7
2064.7
2064.8
2064.8
2064.8
2064.9
2064.9
2064.9
2064.9
2064.9
2064.9
2065.1
2065.1
2065.1
2065.1
2065.1
2065.1
2065.2
2065.2
2065.2
2065.2
2065.2
2065.2
2065.3
2065.3
2065.3
2065.3
2065.3
2065.3
2065.4
2065.4
2065.4
2065.4
2065.4
2065.4
2065.4
2065.4
2065.5
2065.5
2065.5
2065.5
2065.5
2065.6
2065.6
2065.6
2065.6
2065.7
2065.7
2065.7
2065.7
2065.7
2065.8
2065.8
2065.8
2065.8
2065.8
2065.8
2065.8
2065.8
2065.8
2065.8
2065.8
2065.8
2065.8
2065.8
2065.9
2065.9
2065.9
2065.9
2065.9
2065.9
2066.0
2066.0
2066.0
2066.0
2066.0
2066.0
2066.1
2066.1
2066.1
2066.1
2066.1
2066.1
2066.2
2066.2
2066.2
2066.2
2066.2
2066.2
2066.3
2066.3
2066.3
2066.3
2066.3
2066.3
2066.4
2066.4
2066.4
2066.5
2066.5
2066.5
2066.5
2066.5
2066.5
2066.6
2066.6
2066.6
2066.6
2066.6
2066.7
2066.7
2066.7
2066.7
2066.7
2066.7
2066.7
2066.7
2066.7
2066.7
2066.8
2066.8
2066.8
2066.8
2066.8
2066.8
2066.8
2066.8
2066.8
2066.8
2066.8
2066.8
2066.9
2066.9
2066.9
2066.9
2066.9
2066.9
2066.9
2066.9
2066.9
2066.9
2066.9
2067.0
2067.0
2067.0
2067.0
2067.0
2067.0
2067.0
2067.1
2067.1
2067.1
2067.1
2067.1
2067.1
2067.1
2067.1
2067.1
2067.1
2067.1
2067.1
2067.1
2067.2
2067.2
2067.2
2067.2
2067.2
2067.2
2067.2
2067.2
2067.3
2067.3
2067.3
2067.3
2067.3
2067.3
2067.4
2067.4
2067.4
2067.4
2067.4
2067.4
2067.4
2067.4
2067.4
2067.4
2067.5
2067.5
2067.5
2067.5
2067.5
2067.6
2067.6
2067.6
2067.6
2067.6
2067.6
2067.6
2067.6
2067.7
2067.7
2067.7
2067.7
2067.7
2067.7
2067.7
2067.8
2067.8
2067.8
2067.8
2067.8
2067.8
2067.8
2067.8
2067.8
2067.9
2067.9
2067.9
2067.9
2067.9
2067.9
2067.9
2068.0
2068.0
2068.0
2068.0
2068.0
2068.0
2068.0
2068.0
2068.0
2068.1
2068.1
2068.1
2068.1
2068.1
2068.1
2068.1
2068.2
2068.2
2068.2
2068.2
2068.3
2068.3
2068.3
2068.3
2068.3
2068.3
2068.3
2068.3
2068.4
2068.4
2068.4
2068.4
2068.4
2068.4
2068.4
2068.4
2068.4
2068.4
2068.4
2068.5
2068.5
2068.5
2068.5
2068.5
2068.5
2068.5
2068.5
2068.5
2068.5
2068.5
2068.6
2068.6
2068.6
2068.6
2068.6
2068.6
2068.6
2068.6
2068.6
2068.6
2068.7
2068.7
2068.7
2068.7
2068.8
2068.8
2068.8
2068.8
2068.8
2068.8
2068.9
2068.9
2068.9
2068.9
2068.9
2068.9
2068.9
2068.9
2068.9
2068.9
2068.9
2069.0
2069.0
2069.0
2069.0
2069.0
2069.0
2069.0
2069.1
2069.1
2069.1
2069.1
2069.1
2069.1
2069.1
2069.1
2069.2
2069.2
2069.2
2069.2
2069.2
2069.2
2069.2
2069.2
2069.3
2069.3
2069.3
2069.3
2069.3
2069.3
2069.3
2069.3
2069.4
2069.4
2069.4
2069.5
2069.5
2069.5
2069.5
2069.5
2069.6
2069.6
2069.6
2069.6
2069.6
2069.6
2069.6
2069.6
2069.6
2069.7
2069.8
2069.8
2069.8
2069.8
2069.8
2069.9
2069.9
2069.9
2069.9
2069.9
2069.9
2069.9
2070.0
2070.0
2070.0
2070.1
2070.1
2070.1
2070.2
2070.2
2070.2
2070.2
2070.2
2070.2
2070.3
2070.3
2070.3
2070.3
2070.3
2070.3
2070.3
2070.3
2070.3
2070.4
2070.4
2070.4
2070.4
2070.4
2070.4
2070.4
2070.5
2070.5
2070.5
2070.6
2070.6
2070.6
2070.6
2070.6
2070.6
2070.6
2070.7
2070.7
2070.7
2070.7
2070.7
2070.8
2070.8
2070.8
2070.8
2070.8
2070.9
2070.9
2070.9
2070.9
2071.0
2071.0
2071.0
2071.0
2071.1
2071.1
2071.2
2071.2
2071.2
2071.2
2071.2
2071.2
2071.3
2071.3
2071.4
2071.4
2071.5
2071.5
2071.5
2071.5
2071.5
2071.6
2071.6
2071.7
2071.7
2071.7
2071.7
2071.7
2071.8
2071.8
2071.8
2071.8
2071.8
2071.8
2071.9
2072.0
2072.0
2072.0
2072.0
2072.1
2072.1
2072.2
2072.2
2072.2
2072.2
2072.3
2072.3
2072.5
2072.5
2072.5
2072.5
2072.5
2072.6
2072.6
2072.7
2072.8
2072.8
2072.8
2072.8
2072.8
2072.8
2072.8
2072.9
2072.9
2073.0
2073.0
2073.0
2073.0
2073.1
2073.1
2073.1
2073.1
2073.2
2073.4
2073.4
2073.4
2073.4
2073.5
2073.6
2073.7
2073.7
2073.7
2073.8
2073.8
2073.9
2073.9
2073.9
2074.0
2074.0
2074.1
2074.1
2074.2
2074.3
2074.3
2074.3
2074.3
2074.3
2074.3
2074.5
2074.6
2074.6
2074.6
2074.6
2074.7
2074.7
2074.7
2074.7
2074.9
2074.9
2074.9
2075.1
2075.1
2075.1
2075.2
2075.2
2075.2
2075.3
2075.4
2075.5
2075.5
2075.6
2075.7
2075.7
2075.8
2076.0
2076.3
2076.4
2076.4
2076.7
2076.8
2076.9
2077.0
2077.0
2077.1
2077.2
2077.4
2077.5
2077.5
2077.9
2078.2
2078.2
2078.5
2078.7
2078.7
2078.7
2078.7
2078.9
2078.9
2079.0
2079.1
2079.2
2079.3
2079.5
2079.6
2080.0
2080.0
2080.3
2081.8
2081.9
2082.3
2083.2
2083.3
2084.6
2084.6
2084.7
2086.2
2086.8
2087.7
2088.5
2088.9
2090.0
2094.3
2106.4
2226.5
2227.2
2227.4
2227.5
2227.5
2227.5
2227.5
2227.5
2227.6
2227.6
2227.6
2227.7
2227.8
2227.9
2228.0
2228.0
2228.1
2228.1
2228.2
2228.2
2228.4
2228.4
2228.4
2228.4
2228.5
2228.5
2228.6
2228.6
2228.7
2228.7
2228.7
2228.7
2228.7
2228.8
2228.8
2228.8
2228.8
2228.8
2228.8
2228.9
2228.9
2228.9
2228.9
2228.9
2229.0
2229.0
2229.0
2229.0
2229.0
2229.0
2229.1
2229.1
2229.1
2229.1
2229.1
2229.2
2229.2
2229.2
2229.2
2229.2
2229.2
2229.3
2229.3
2229.3
2229.4
2229.4
2229.5
2229.5
2229.5
2229.5
2229.6
2229.6
2229.6
2229.6
2229.6
2229.6
2229.7
2229.7
2229.7
2229.7
2229.7
2229.7
2229.7
2229.8
2229.8
2229.8
2229.8
2229.8
2229.9
2229.9
2229.9
2229.9
2229.9
2229.9
2229.9
2229.9
2229.9
2229.9
2230.0
2230.0
2230.0
2230.0
2230.0
2230.0
2230.0
2230.1
2230.1
2230.1
2230.1
2230.1
2230.1
2230.1
2230.2
2230.2
2230.2
2230.2
2230.2
2230.2
2230.2
2230.2
2230.2
2230.2
2230.2
2230.2
2230.2
2230.3
2230.3
2230.3
2230.3
2230.4
2230.4
2230.4
2230.4
2230.4
2230.4
2230.4
2230.4
2230.4
2230.4
2230.5
2230.5
2230.5
2230.5
2230.5
2230.5
2230.6
2230.6
2230.6
2230.6
2230.6
2230.6
2230.6
2230.7
2230.7
2230.7
2230.7
2230.8
2230.8
2230.8
2230.8
2230.8
2230.9
2230.9
2230.9
2230.9
2230.9
2230.9
2230.9
2230.9
2230.9
2230.9
2230.9
2230.9
2231.0
2231.0
2231.0
2231.0
2231.0
2231.0
2231.1
2231.1
2231.1
2231.1
2231.1
2231.1
2231.1
2231.1
2231.1
2231.1
2231.1
2231.1
2231.1
2231.1
2231.2
2231.2
2231.2
2231.2
2231.2
2231.2
2231.2
2231.3
2231.3
2231.3
2231.3
2231.3
2231.3
2231.3
2231.3
2231.3
2231.3
2231.3
2231.3
2231.4
2231.4
2231.4
2231.4
2231.4
2231.4
2231.4
2231.4
2231.4
2231.4
2231.4
2231.4
2231.5
2231.5
2231.5
2231.5
2231.5
2231.5
2231.5
2231.5
2231.5
2231.5
2231.6
2231.6
2231.6
2231.6
2231.6
2231.6
2231.6
2231.6
2231.6
2231.6
2231.6
2231.6
2231.6
2231.7
2231.7
2231.7
2231.7
2231.7
2231.8
2231.8
2231.8
2231.8
2231.8
2231.8
2231.8
2231.9
2231.9
2231.9
2231.9
2231.9
2231.9
2231.9
2231.9
2231.9
2231.9
2231.9
2231.9
2232.0
2232.0
2232.0
2232.0
2232.0
2232.0
2232.0
2232.0
2232.0
2232.1
2232.1
2232.2
2232.2
2232.2
2232.2
2232.2
2232.2
2232.2
2232.2
2232.2
2232.2
2232.2
2232.2
2232.2
2232.2
2232.3
2232.3
2232.3
2232.3
2232.3
2232.4
2232.4
2232.4
2232.4
2232.4
2232.4
2232.4
2232.4
2232.4
2232.4
2232.4
2232.5
2232.5
2232.5
2232.5
2232.5
2232.5
2232.5
2232.5
2232.5
2232.5
2232.5
2232.5
2232.5
2232.5
2232.5
2232.6
2232.6
2232.6
2232.6
2232.6
2232.6
2232.6
2232.6
2232.6
2232.7
2232.7
2232.7
2232.7
2232.7
2232.7
2232.7
2232.7
2232.8
2232.8
2232.8
2232.8
2232.8
2232.8
2232.8
2232.9
2232.9
2232.9
2232.9
2232.9
2232.9
2232.9
2232.9
2232.9
2232.9
2232.9
2233.0
2233.0
2233.0
2233.0
2233.0
2233.0
2233.0
2233.0
2233.0
2233.0
2233.0
2233.0
2233.0
2233.0
2233.0
2233.0
2233.1
2233.1
2233.1
2233.2
2233.2
2233.2
2233.2
2233.2
2233.2
2233.2
2233.2
2233.2
2233.2
2233.2
2233.3
2233.3
2233.3
2233.3
2233.3
2233.3
2233.4
2233.4
2233.4
2233.4
2233.4
2233.4
2233.4
2233.4
2233.4
2233.5
2233.5
2233.5
2233.5
2233.5
2233.6
2233.6
2233.6
2233.6
2233.6
2233.6
2233.7
2233.7
2233.7
2233.7
2233.7
2233.8
2233.8
2233.8
2233.8
2233.8
2233.8
2233.8
2233.8
2233.9
2233.9
2233.9
2233.9
2233.9
2233.9
2233.9
2234.0
2234.0
2234.0
2234.0
2234.0
2234.0
2234.0
2234.0
2234.1
2234.1
2234.1
2234.1
2234.1
2234.1
2234.1
2234.1
2234.1
2234.1
2234.2
2234.2
2234.2
2234.2
2234.2
2234.2
2234.2
2234.3
2234.3
2234.3
2234.3
2234.3
2234.3
2234.3
2234.3
2234.3
2234.4
2234.4
2234.4
2234.5
2234.5
2234.5
2234.5
2234.5
2234.5
2234.5
2234.5
2234.6
2234.6
2234.6
2234.6
2234.6
2234.7
2234.7
2234.7
2234.7
2234.8
2234.8
2234.9
2234.9
2234.9
2234.9
2234.9
2234.9
2234.9
2234.9
2234.9
2235.0
2235.0
2235.0
2235.0
2235.0
2235.1
2235.1
2235.1
2235.1
2235.1
2235.1
2235.2
2235.2
2235.2
2235.3
2235.3
2235.3
2235.3
2235.3
2235.3
2235.4
2235.4
2235.4
2235.4
2235.4
2235.4
2235.4
2235.5
2235.5
2235.5
2235.5
2235.6
2235.6
2235.7
2235.7
2235.7
2235.7
2235.7
2235.7
2235.7
2235.8
2235.8
2235.8
2235.9
2236.0
2236.0
2236.0
2236.0
2236.1
2236.1
2236.2
2236.2
2236.2
2236.3
2236.3
2236.3
2236.4
2236.4
2236.4
2236.4
2236.4
2236.4
2236.5
2236.5
2236.6
2236.6
2236.7
2236.7
2236.7
2236.7
2236.7
2236.8
2236.8
2236.8
2236.8
2236.9
2236.9
2236.9
2237.0
2237.0
2237.1
2237.1
2237.1
2237.1
2237.1
2237.1
2237.2
2237.2
2237.2
2237.2
2237.3
2237.4
2237.4
2237.4
2237.4
2237.4
2237.4
2237.4
2237.4
2237.5
2237.5
2237.5
2237.6
2237.6
2237.7
2237.7
2237.8
2237.9
2238.0
2238.0
2238.2
2238.3
2238.3
2238.5
2238.5
2238.7
2238.7
2238.8
2239.0
2239.0
2239.1
2239.2
2239.3
2239.6
2239.6
2239.6
2239.6
2239.7
2239.7
2240.0
2240.1
2240.2
2240.2
2240.3
2240.3
2240.4
2240.5
2240.6
2240.7
2240.7
2240.8
2240.8
2240.8
2241.1
2241.1
2241.3
2241.6
2241.7
2241.8
2242.3
2242.5
2242.5
2242.5
2242.9
2243.1
2243.2
2243.4
2243.5
2243.5
2243.7
2243.7
2243.9
2243.9
2243.9
2244.1
2244.2
2244.2
2245.4
2247.1
2247.2
2248.0
2248.2
2248.4
2248.9
2249.4
2250.0
2252.3
2252.9
2254.3
2254.7
2255.5
2259.4
2398.3
2399.0
2399.0
2399.1
2399.1
2399.2
2399.2
2399.4
2399.4
2399.4
2399.6
2399.6
2399.6
2399.7
2399.8
2399.8
2399.8
2399.9
2400.1
2400.2
2400.3
2400.3
2400.3
2400.4
2400.4
2400.5
2400.5
2400.5
2400.5
2400.5
2400.6
2400.6
2400.6
2400.6
2400.6
2400.7
2400.7
2400.7
2400.7
2400.7
2400.7
2400.8
2400.8
2400.8
2400.8
2400.9
2400.9
2400.9
2400.9
2400.9
2401.0
2401.1
2401.1
2401.1
2401.1
2401.1
2401.1
2401.1
2401.1
2401.1
2401.2
2401.2
2401.2
2401.3
2401.3
2401.4
2401.4
2401.4
2401.4
2401.5
2401.5
2401.5
2401.6
2401.6
2401.6
2401.6
2401.6
2401.6
2401.6
2401.7
2401.7
2401.7
2401.7
2401.8
2401.8
2401.8
2401.8
2401.8
2401.8
2401.8
2401.8
2401.8
2401.9
2401.9
2401.9
2401.9
2401.9
2401.9
2401.9
2401.9
2401.9
2402.0
2402.0
2402.0
2402.0
2402.0
2402.1
2402.1
2402.1
2402.1
2402.1
2402.1
2402.1
2402.2
2402.2
2402.2
2402.2
2402.2
2402.2
2402.2
2402.2
2402.3
2402.3
2402.3
2402.3
2402.3
2402.3
2402.4
2402.4
2402.4
2402.4
2402.4
2402.5
2402.5
2402.5
2402.5
2402.5
2402.5
2402.5
2402.6
2402.6
2402.6
2402.6
2402.6
2402.6
2402.7
2402.7
2402.7
2402.7
2402.7
2402.8
2402.8
2402.8
2402.8
2402.9
2402.9
2402.9
2402.9
2402.9
2402.9
2403.0
2403.0
2403.0
2403.0
2403.0
2403.0
2403.1
2403.1
2403.1
2403.1
2403.1
2403.2
2403.2
2403.2
2403.2
2403.2
2403.2
2403.2
2403.2
2403.2
2403.2
2403.3
2403.3
2403.3
2403.3
2403.3
2403.3
2403.3
2403.3
2403.3
2403.3
2403.3
2403.3
2403.3
2403.4
2403.4
2403.4
2403.4
2403.4
2403.4
2403.4
2403.4
2403.5
2403.5
2403.5
2403.5
2403.5
2403.5
2403.5
2403.5
2403.5
2403.5
2403.5
2403.5
2403.5
2403.6
2403.6
2403.6
2403.6
2403.6
2403.6
2403.6
2403.6
2403.6
2403.6
2403.6
2403.6
2403.6
2403.7
2403.7
2403.7
2403.7
2403.8
2403.8
2403.8
2403.8
2403.8
2403.8
2403.8
2403.8
2403.9
2403.9
2403.9
2403.9
2403.9
2403.9
2403.9
2403.9
2404.0
2404.0
2404.0
2404.0
2404.0
2404.0
2404.0
2404.1
2404.1
2404.1
2404.1
2404.1
2404.1
2404.1
2404.1
2404.2
2404.2
2404.2
2404.2
2404.2
2404.2
2404.3
2404.3
2404.3
2404.3
2404.3
2404.3
2404.3
2404.3
2404.3
2404.4
2404.4
2404.4
2404.4
2404.4
2404.4
2404.4
2404.4
2404.5
2404.5
2404.5
2404.5
2404.5
2404.6
2404.6
2404.6
2404.6
2404.6
2404.6
2404.6
2404.6
2404.7
2404.7
2404.7
2404.7
2404.7
2404.8
2404.8
2404.8
2404.8
2404.8
2404.8
2404.8
2404.8
2404.8
2404.8
2404.8
2404.8
2404.9
2404.9
2404.9
2404.9
2404.9
2404.9
2404.9
2404.9
2404.9
2404.9
2404.9
2405.0
2405.0
2405.0
2405.0
2405.0
2405.0
2405.0
2405.0
2405.0
2405.0
2405.0
2405.0
2405.1
2405.1
2405.1
2405.1
2405.1
2405.2
2405.2
2405.2
2405.2
2405.2
2405.2
2405.3
2405.3
2405.3
2405.3
2405.3
2405.4
2405.4
2405.4
2405.4
2405.5
2405.5
2405.5
2405.5
2405.5
2405.5
2405.5
2405.5
2405.5
2405.5
2405.5
2405.5
2405.6
2405.6
2405.6
2405.6
2405.6
2405.6
2405.6
2405.6
2405.6
2405.6
2405.6
2405.7
2405.7
2405.7
2405.7
2405.7
2405.8
2405.8
2405.8
2405.8
2405.8
2405.8
2405.9
2405.9
2405.9
2405.9
2405.9
2405.9
2406.0
2406.0
2406.1
2406.1
2406.1
2406.1
2406.1
2406.1
2406.1
2406.2
2406.2
2406.2
2406.3
2406.3
2406.3
2406.3
2406.3
2406.3
2406.3
2406.3
2406.3
2406.3
2406.3
2406.4
2406.4
2406.4
2406.4
2406.5
2406.5
2406.5
2406.6
2406.6
2406.6
2406.6
2406.6
2406.7
2406.7
2406.7
2406.7
2406.8
2406.8
2406.8
2406.8
2406.8
2406.8
2406.8
2406.9
2406.9
2406.9
2406.9
2406.9
2406.9
2406.9
2406.9
2406.9
2407.0
2407.0
2407.0
2407.0
2407.0
2407.0
2407.0
2407.0
2407.1
2407.1
2407.1
2407.2
2407.2
2407.2
2407.2
2407.3
2407.3
2407.3
2407.4
2407.4
2407.4
2407.4
2407.5
2407.5
2407.6
2407.6
2407.7
2407.7
2407.7
2407.7
2407.8
2407.8
2407.8
2407.8
2407.8
2407.9
2407.9
2407.9
2408.0
2408.0
2408.0
2408.0
2408.1
2408.1
2408.2
2408.2
2408.2
2408.2
2408.2
2408.2
2408.3
2408.3
2408.3
2408.3
2408.4
2408.4
2408.6
2408.6
2408.6
2408.6
2408.7
2408.7
2408.7
2408.7
2408.8
2408.8
2408.8
2408.8
2408.8
2408.9
2408.9
2408.9
2408.9
2409.0
2409.0
2409.1
2409.1
2409.1
2409.1
2409.2
2409.2
2409.2
2409.2
2409.2
2409.3
2409.4
2409.5
2409.5
2409.5
2409.5
2409.6
2409.6
2409.6
2409.6
2409.6
2409.7
2409.7
2409.7
2409.8
2410.0
2410.1
2410.2
2410.2
2410.2
2410.2
2410.3
2410.4
2410.5
2410.5
2410.5
2410.6
2410.6
2410.7
2410.7
2410.7
2410.7
2410.8
2410.8
2410.8
2410.9
2411.0
2411.0
2411.0
2411.1
2411.1
2411.1
2411.2
2411.2
2411.3
2411.3
2411.4
2411.4
2411.4
2411.4
2411.5
2411.6
2411.7
2411.8
2411.8
2411.9
2412.0
2412.0
2412.3
2412.4
2412.5
2412.7
2412.7
2412.9
2413.0
2413.0
2413.5
2413.5
2413.5
2413.7
2413.8
2414.2
2414.2
2414.3
2414.5
2414.6
2414.7
2415.0
2415.2
2415.2
2415.3
2415.5
2415.7
2415.8
2415.8
2415.9
2416.2
2416.2
2417.1
2417.7
2417.9
2418.2
2418.5
2418.8
2419.1
2419.4
2419.6
2419.9
2420.0
2420.2
2421.8
2422.0
2422.3
2426.8
2434.0
2562.8
2563.6
2563.8
2563.8
2563.8
2563.8
2563.8
2563.9
2563.9
2563.9
2564.0
2564.0
2564.1
2564.3
2564.3
2564.4
2564.4
2564.4
2564.6
2564.6
2564.7
2564.8
2564.8
2564.8
2564.8
2564.9
2564.9
2565.0
2565.0
2565.0
2565.1
2565.1
2565.1
2565.1
2565.1
2565.1
2565.2
2565.2
2565.2
2565.2
2565.2
2565.2
2565.3
2565.3
2565.3
2565.4
2565.4
2565.4
2565.4
2565.4
2565.4
2565.4
2565.4
2565.4
2565.5
2565.5
2565.5
2565.5
2565.5
2565.5
2565.6
2565.6
2565.6
2565.7
2565.7
2565.8
2565.8
2565.8
2565.8
2565.9
2565.9
2565.9
2566.0
2566.0
2566.0
2566.0
2566.0
2566.0
2566.0
2566.1
2566.1
2566.1
2566.1
2566.1
2566.2
2566.2
2566.2
2566.2
2566.2
2566.2
2566.2
2566.2
2566.2
2566.2
2566.3
2566.3
2566.3
2566.3
2566.3
2566.3
2566.3
2566.4
2566.4
2566.4
2566.4
2566.4
2566.4
2566.4
2566.4
2566.4
2566.5
2566.5
2566.5
2566.5
2566.5
2566.5
2566.5
2566.5
2566.6
2566.6
2566.6
2566.6
2566.6
2566.6
2566.6
2566.6
2566.7
2566.7
2566.7
2566.7
2566.7
2566.7
2566.7
2566.7
2566.8
2566.8
2566.8
2566.8
2566.8
2566.8
2566.9
2566.9
2566.9
2566.9
2566.9
2566.9
2566.9
2566.9
2566.9
2567.0
2567.0
2567.0
2567.0
2567.0
2567.0
2567.0
2567.1
2567.1
2567.1
2567.2
2567.2
2567.2
2567.2
2567.2
2567.2
2567.3
2567.3
2567.3
2567.3
2567.3
2567.3
2567.3
2567.3
2567.3
2567.3
2567.3
2567.4
2567.4
2567.4
2567.4
2567.4
2567.4
2567.4
2567.4
2567.4
2567.5
2567.5
2567.5
2567.5
2567.5
2567.5
2567.5
2567.5
2567.5
2567.5
2567.5
2567.6
2567.6
2567.6
2567.6
2567.6
2567.6
2567.6
2567.6
2567.7
2567.7
2567.7
2567.7
2567.7
2567.7
2567.7
2567.7
2567.7
2567.7
2567.7
2567.7
2567.7
2567.7
2567.7
2567.7
2567.8
2567.8
2567.8
2567.8
2567.8
2567.8
2567.8
2567.8
2567.8
2567.9
2567.9
2567.9
2567.9
2567.9
2567.9
2567.9
2567.9
2567.9
2568.0
2568.0
2568.0
2568.0
2568.0
2568.0
2568.0
2568.0
2568.0
2568.0
2568.1
2568.1
2568.1
2568.1
2568.2
2568.2
2568.2
2568.2
2568.2
2568.2
2568.2
2568.2
2568.2
2568.2
2568.2
2568.2
2568.3
2568.3
2568.3
2568.3
2568.3
2568.3
2568.3
2568.3
2568.3
2568.3
2568.4
2568.4
2568.4
2568.4
2568.4
2568.4
2568.5
2568.5
2568.5
2568.5
2568.5
2568.5
2568.5
2568.5
2568.5
2568.5
2568.5
2568.6
2568.6
2568.6
2568.6
2568.6
2568.6
2568.6
2568.7
2568.7
2568.7
2568.7
2568.7
2568.7
2568.7
2568.7
2568.7
2568.8
2568.8
2568.8
2568.8
2568.8
2568.8
2568.8
2568.8
2568.8
2568.8
2568.8
2568.8
2568.9
2568.9
2568.9
2568.9
2568.9
2568.9
2568.9
2568.9
2568.9
2568.9
2568.9
2568.9
2568.9
2568.9
2568.9
2569.0
2569.0
2569.0
2569.0
2569.0
2569.0
2569.0
2569.1
2569.1
2569.1
2569.1
2569.1
2569.2
2569.2
2569.2
2569.2
2569.2
2569.2
2569.2
2569.2
2569.2
2569.2
2569.2
2569.2
2569.3
2569.3
2569.3
2569.3
2569.3
2569.3
2569.3
2569.3
2569.3
2569.3
2569.3
2569.3
2569.4
2569.4
2569.4
2569.4
2569.4
2569.4
2569.4
2569.4
2569.4
2569.4
2569.5
2569.5
2569.5
2569.5
2569.5
2569.5
2569.5
2569.5
2569.6
2569.6
2569.6
2569.6
2569.6
2569.6
2569.6
2569.7
2569.7
2569.7
2569.7
2569.7
2569.7
2569.7
2569.7
2569.8
2569.8
2569.8
2569.8
2569.8
2569.8
2569.8
2569.9
2569.9
2569.9
2569.9
2570.0
2570.0
2570.0
2570.0
2570.0
2570.0
2570.0
2570.0
2570.1
2570.1
2570.1
2570.1
2570.1
2570.1
2570.1
2570.2
2570.2
2570.2
2570.2
2570.3
2570.3
2570.3
2570.3
2570.3
2570.3
2570.4
2570.4
2570.4
2570.4
2570.4
2570.4
2570.4
2570.4
2570.4
2570.4
2570.5
2570.5
2570.5
2570.5
2570.5
2570.5
2570.5
2570.5
2570.5
2570.5
2570.6
2570.6
2570.6
2570.6
2570.6
2570.6
2570.6
2570.6
2570.7
2570.7
2570.7
2570.7
2570.7
2570.7
2570.8
2570.8
2570.8
2570.8
2570.9
2570.9
2570.9
2570.9
2570.9
2570.9
2570.9
2570.9
2570.9
2570.9
2570.9
2571.0
2571.0
2571.1
2571.1
2571.1
2571.1
2571.2
2571.2
2571.2
2571.2
2571.3
2571.3
2571.3
2571.3
2571.3
2571.3
2571.3
2571.4
2571.4
2571.4
2571.4
2571.4
2571.4
2571.4
2571.5
2571.5
2571.5
2571.6
2571.6
2571.6
2571.6
2571.6
2571.7
2571.7
2571.7
2571.7
2571.7
2571.8
2571.8
2571.8
2571.8
2571.8
2571.8
2571.8
2571.8
2571.9
2572.0
2572.0
2572.0
2572.0
2572.0
2572.0
2572.1
2572.1
2572.1
2572.1
2572.2
2572.2
2572.3
2572.3
2572.4
2572.4
2572.4
2572.4
2572.6
2572.6
2572.6
2572.6
2572.6
2572.7
2572.7
2572.7
2572.7
2572.7
2572.8
2572.8
2572.8
2572.8
2572.9
2573.0
2573.0
2573.0
2573.0
2573.0
2573.1
2573.1
2573.2
2573.2
2573.2
2573.2
2573.3
2573.3
2573.3
2573.4
2573.4
2573.4
2573.4
2573.5
2573.5
2573.5
2573.5
2573.5
2573.5
2573.6
2573.6
2573.6
2573.7
2573.7
2573.7
2573.7
2573.8
2573.8
2573.8
2573.8
2573.8
2573.8
2573.9
2574.0
2574.1
2574.1
2574.2
2574.2
2574.3
2574.4
2574.4
2574.6
2574.7
2574.7
2574.8
2574.9
2575.0
2575.1
2575.1
2575.3
2575.4
2575.6
2575.6
2575.7
2575.9
2576.0
2576.0
2576.1
2576.1
2576.1
2576.4
2576.5
2576.6
2576.7
2576.7
2576.8
2576.9
2576.9
2576.9
2576.9
2577.0
2577.1
2577.1
2577.2
2577.4
2577.5
2577.5
2577.6
2577.7
2578.2
2578.7
2578.8
2579.1
2579.1
2579.3
2579.5
2579.6
2580.0
2580.0
2580.1
2580.1
2580.1
2580.2
2580.4
2580.5
2580.7
2580.8
2582.4
2582.5
2583.2
2583.7
2584.6
2584.8
2584.9
2585.6
2586.4
2588.7
2590.2
2590.8
2590.8
2596.1
2734.5
2735.2
2735.4
2735.4
2735.5
2735.5
2735.6
2735.6
2735.7
2735.7
2735.8
2735.9
2735.9
2736.0
2736.0
2736.0
2736.1
2736.2
2736.4
2736.5
2736.5
2736.5
2736.6
2736.7
2736.7
2736.7
2736.8
2736.8
2736.8
2736.8
2736.8
2736.9
2736.9
2736.9
2736.9
2737.0
2737.0
2737.0
2737.0
2737.1
2737.1
2737.1
2737.1
2737.1
2737.2
2737.2
2737.2
2737.2
2737.2
2737.3
2737.3
2737.3
2737.4
2737.4
2737.4
2737.4
2737.4
2737.5
2737.5
2737.5
2737.5
2737.5
2737.6
2737.6
2737.6
2737.6
2737.7
2737.8
2737.8
2737.8
2737.8
2737.8
2737.9
2737.9
2737.9
2737.9
2737.9
2737.9
2738.0
2738.0
2738.0
2738.0
2738.0
2738.0
2738.0
2738.1
2738.1
2738.1
2738.1
2738.1
2738.1
2738.1
2738.1
2738.1
2738.2
2738.2
2738.2
2738.2
2738.3
2738.3
2738.3
2738.3
2738.3
2738.4
2738.4
2738.4
2738.5
2738.5
2738.5
2738.5
2738.5
2738.5
2738.5
2738.5
2738.5
2738.5
2738.5
2738.5
2738.5
2738.5
2738.6
2738.6
2738.6
2738.6
2738.6
2738.6
2738.7
2738.7
2738.7
2738.7
2738.7
2738.7
2738.7
2738.8
2738.8
2738.8
2738.8
2738.8
2738.9
2738.9
2738.9
2738.9
2738.9
2738.9
2739.0
2739.0
2739.0
2739.0
2739.0
2739.0
2739.1
2739.1
2739.1
2739.1
2739.2
2739.2
2739.2
2739.2
2739.2
2739.3
2739.3
2739.3
2739.3
2739.3
2739.4
2739.4
2739.4
2739.4
2739.4
2739.4
2739.4
2739.4
2739.4
2739.4
2739.5
2739.5
2739.5
2739.5
2739.5
2739.5
2739.5
2739.5
2739.5
2739.5
2739.6
2739.6
2739.6
2739.6
2739.6
2739.6
2739.6
2739.6
2739.6
2739.6
2739.6
2739.6
2739.6
2739.7
2739.7
2739.7
2739.7
2739.7
2739.7
2739.8
2739.8
2739.8
2739.8
2739.8
2739.8
2739.8
2739.8
2739.8
2739.8
2739.8
2739.8
2739.8
2739.8
2739.9
2739.9
2739.9
2739.9
2739.9
2740.0
2740.0
2740.0
2740.0
2740.0
2740.0
2740.0
2740.0
2740.0
2740.0
2740.1
2740.1
2740.1
2740.1
2740.1
2740.1
2740.1
2740.1
2740.2
2740.2
2740.2
2740.2
2740.2
2740.2
2740.3
2740.3
2740.3
2740.3
2740.3
2740.3
2740.3
2740.3
2740.3
2740.4
2740.4
2740.4
2740.4
2740.4
2740.4
2740.4
2740.5
2740.5
2740.5
2740.5
2740.5
2740.5
2740.5
2740.5
2740.6
2740.6
2740.6
2740.6
2740.6
2740.6
2740.6
2740.6
2740.6
2740.7
2740.7
2740.7
2740.7
2740.7
2740.7
2740.7
2740.8
2740.8
2740.8
2740.8
2740.8
2740.8
2740.8
2740.8
2740.9
2740.9
2740.9
2741.0
2741.0
2741.0
2741.0
2741.0
2741.0
2741.0
2741.0
2741.0
2741.0
2741.1
2741.1
2741.1
2741.1
2741.1
2741.1
2741.1
2741.2
2741.2
2741.2
2741.2
2741.2
2741.2
2741.2
2741.2
2741.2
2741.2
2741.2
2741.2
2741.2
2741.2
2741.3
2741.3
2741.3
2741.3
2741.3
2741.3
2741.3
2741.3
2741.4
2741.4
2741.4
2741.4
2741.4
2741.4
2741.5
2741.5
2741.5
2741.6
2741.6
2741.6
2741.6
2741.6
2741.6
2741.6
2741.6
2741.6
2741.6
2741.6
2741.6
2741.6
2741.7
2741.7
2741.7
2741.7
2741.7
2741.7
2741.8
2741.8
2741.8
2741.8
2741.8
2741.8
2741.8
2741.8
2741.8
2741.9
2741.9
2741.9
2741.9
2741.9
2741.9
2741.9
2741.9
2742.0
2742.0
2742.0
2742.0
2742.0
2742.0
2742.0
2742.0
2742.0
2742.1
2742.1
2742.1
2742.2
2742.2
2742.2
2742.2
2742.3
2742.3
2742.3
2742.3
2742.3
2742.3
2742.3
2742.3
2742.4
2742.4
2742.4
2742.5
2742.5
2742.5
2742.5
2742.6
2742.6
2742.6
2742.6
2742.6
2742.6
2742.7
2742.7
2742.7
2742.8
2742.8
2742.8
2742.9
2742.9
2742.9
2742.9
2742.9
2742.9
2742.9
2743.0
2743.0
2743.0
2743.0
2743.0
2743.0
2743.0
2743.0
2743.0
2743.1
2743.1
2743.1
2743.1
2743.1
2743.1
2743.1
2743.2
2743.2
2743.2
2743.2
2743.3
2743.3
2743.3
2743.4
2743.4
2743.4
2743.4
2743.4
2743.4
2743.4
2743.5
2743.5
2743.5
2743.5
2743.5
2743.6
2743.6
2743.6
2743.6
2743.6
2743.6
2743.7
2743.8
2743.8
2743.8
2743.8
2743.8
2743.9
2743.9
2743.9
2744.0
2744.0
2744.0
2744.0
2744.1
2744.2
2744.2
2744.2
2744.2
2744.2
2744.3
2744.3
2744.3
2744.4
2744.4
2744.4
2744.4
2744.4
2744.5
2744.5
2744.5
2744.5
2744.5
2744.5
2744.5
2744.6
2744.7
2744.7
2744.8
2744.8
2744.9
2744.9
2744.9
2744.9
2745.0
2745.0
2745.0
2745.1
2745.2
2745.2
2745.2
2745.2
2745.3
2745.4
2745.5
2745.5
2745.5
2745.5
2745.5
2745.5
2745.5
2745.6
2745.6
2745.6
2745.7
2745.7
2745.7
2745.7
2745.8
2745.8
2745.8
2745.8
2746.0
2746.0
2746.1
2746.1
2746.1
2746.1
2746.3
2746.4
2746.4
2746.5
2746.5
2746.5
2746.6
2746.6
2746.7
2746.7
2746.9
2746.9
2746.9
2747.0
2747.0
2747.0
2747.1
2747.1
2747.1
2747.2
2747.2
2747.2
2747.3
2747.3
2747.4
2747.4
2747.4
2747.4
2747.4
2747.5
2747.6
2747.6
2747.7
2747.8
2747.8
2748.0
2748.0
2748.0
2748.1
2748.2
2748.2
2748.3
2748.4
2748.4
2748.6
2748.9
2749.2
2749.2
2749.3
2749.4
2749.4
2749.5
2749.6
2749.7
2749.8
2750.2
2750.2
2750.3
2750.3
2750.6
2750.6
2751.0
2751.0
2751.1
2751.1
2751.2
2751.3
2751.4
2751.6
2751.6
2751.7
2751.7
2751.9
2752.0
2752.2
2752.3
2752.7
2753.0
2753.2
2754.2
2754.8
2755.2
2756.1
2756.2
2757.4
2757.6
2758.0
2759.1
2760.7
2760.8
2763.3
2763.3
2765.3
2766.6
2783.5
2899.5
2900.2
2900.2
2900.3
2900.5
2900.5
2900.5
2900.5
2900.6
2900.6
2900.6
2900.7
2901.0
2901.0
2901.0
2901.1
2901.1
2901.1
2901.3
2901.3
2901.4
2901.4
2901.6
2901.6
2901.7
2901.7
2901.7
2901.7
2901.7
2901.7
2901.7
2901.8
2901.8
2901.8
2901.8
2901.8
2901.8
2901.8
2901.9
2901.9
2901.9
2901.9
2901.9
2902.0
2902.0
2902.0
2902.0
2902.0
2902.1
2902.1
2902.1
2902.1
2902.2
2902.2
2902.2
2902.2
2902.3
2902.3
2902.3
2902.3
2902.3
2902.3
2902.3
2902.3
2902.4
2902.4
2902.4
2902.5
2902.5
2902.5
2902.6
2902.6
2902.6
2902.6
2902.6
2902.6
2902.7
2902.7
2902.7
2902.7
2902.7
2902.7
2902.7
2902.8
2902.8
2902.8
2902.8
2902.9
2902.9
2902.9
2902.9
2902.9
2902.9
2903.0
2903.0
2903.0
2903.0
2903.0
2903.0
2903.0
2903.0
2903.0
2903.0
2903.1
2903.1
2903.1
2903.1
2903.1
2903.1
2903.1
2903.2
2903.2
2903.2
2903.2
2903.3
2903.3
2903.3
2903.3
2903.3
2903.4
2903.4
2903.4
2903.4
2903.4
2903.4
2903.4
2903.4
2903.5
2903.5
2903.5
2903.5
2903.5
2903.5
2903.5
2903.5
2903.5
2903.5
2903.5
2903.5
2903.5
2903.6
2903.6
2903.6
2903.6
2903.6
2903.6
2903.6
2903.7
2903.7
2903.7
2903.8
2903.8
2903.8
2903.8
2903.9
2903.9
2903.9
2903.9
2903.9
2903.9
2903.9
2904.0
2904.0
2904.0
2904.0
2904.0
2904.0
2904.0
2904.0
2904.1
2904.1
2904.1
2904.1
2904.1
2904.1
2904.1
2904.1
2904.1
2904.1
2904.1
2904.2
2904.2
2904.2
2904.2
2904.2
2904.2
2904.3
2904.3
2904.3
2904.3
2904.3
2904.3
2904.3
2904.4
2904.4
2904.4
2904.4
2904.4
2904.4
2904.4
2904.4
2904.4
2904.4
2904.4
2904.4
2904.4
2904.5
2904.5
2904.5
2904.5
2904.5
2904.5
2904.5
2904.5
2904.5
2904.6
2904.6
2904.6
2904.6
2904.6
2904.6
2904.6
2904.6
2904.6
2904.6
2904.6
2904.7
2904.7
2904.7
2904.7
2904.7
2904.7
2904.7
2904.7
2904.7
2904.7
2904.7
2904.7
2904.8
2904.8
2904.8
2904.8
2904.8
2904.9
2904.9
2904.9
2904.9
2904.9
2904.9
2904.9
2904.9
2904.9
2905.0
2905.0
2905.0
2905.0
2905.0
2905.0
2905.0
2905.0
2905.0
2905.0
2905.1
2905.1
2905.1
2905.1
2905.1
2905.2
2905.2
2905.2
2905.2
2905.2
2905.2
2905.2
2905.2
2905.3
2905.3
2905.3
2905.3
2905.3
2905.3
2905.4
2905.4
2905.4
2905.4
2905.4
2905.4
2905.4
2905.4
2905.4
2905.4
2905.4
2905.4
2905.5
2905.5
2905.5
2905.5
2905.5
2905.5
2905.5
2905.5
2905.5
2905.5
2905.6
2905.6
2905.6
2905.6
2905.6
2905.6
2905.6
2905.6
2905.6
2905.6
2905.6
2905.7
2905.7
2905.7
2905.7
2905.7
2905.7
2905.7
2905.8
2905.8
2905.8
2905.8
2905.9
2905.9
2905.9
2905.9
2905.9
2905.9
2905.9
2905.9
2905.9
2905.9
2905.9
2905.9
2905.9
2905.9
2906.0
2906.0
2906.0
2906.0
2906.0
2906.0
2906.0
2906.0
2906.0
2906.1
2906.1
2906.1
2906.1
2906.1
2906.1
2906.2
2906.2
2906.2
2906.2
2906.2
2906.2
2906.2
2906.2
2906.2
2906.3
2906.3
2906.3
2906.3
2906.3
2906.3
2906.3
2906.3
2906.3
2906.3
2906.3
2906.3
2906.3
2906.3
2906.4
2906.4
2906.4
2906.4
2906.4
2906.5
2906.5
2906.5
2906.5
2906.5
2906.5
2906.5
2906.5
2906.5
2906.6
2906.6
2906.6
2906.6
2906.6
2906.6
2906.6
2906.6
2906.6
2906.6
2906.6
2906.7
2906.7
2906.7
2906.7
2906.7
2906.7
2906.7
2906.7
2906.7
2906.8
2906.8
2906.9
2906.9
2906.9
2907.0
2907.0
2907.0
2907.0
2907.0
2907.0
2907.1
2907.1
2907.1
2907.1
2907.1
2907.1
2907.1
2907.1
2907.1
2907.1
2907.1
2907.1
2907.1
2907.2
2907.2
2907.2
2907.2
2907.3
2907.3
2907.3
2907.3
2907.3
2907.3
2907.3
2907.4
2907.4
2907.4
2907.4
2907.4
2907.4
2907.5
2907.5
2907.5
2907.5
2907.5
2907.5
2907.5
2907.5
2907.6
2907.6
2907.6
2907.7
2907.7
2907.7
2907.7
2907.8
2907.8
2907.8
2907.8
2907.8
2907.8
2907.8
2907.8
2907.9
2907.9
2907.9
2907.9
2907.9
2907.9
2907.9
2907.9
2908.1
2908.1
2908.1
2908.1
2908.1
2908.2
2908.2
2908.2
2908.2
2908.3
2908.3
2908.4
2908.4
2908.4
2908.4
2908.5
2908.5
2908.5
2908.5
2908.5
2908.5
2908.6
2908.6
2908.6
2908.6
2908.6
2908.6
2908.6
2908.6
2908.6
2908.7
2908.7
2908.7
2908.7
2908.8
2908.8
2908.8
2908.8
2908.9
2908.9
2908.9
2908.9
2909.0
2909.0
2909.0
2909.0
2909.1
2909.1
2909.1
2909.1
2909.1
2909.1
2909.1
2909.2
2909.2
2909.2
2909.2
2909.2
2909.2
2909.3
2909.3
2909.3
2909.3
2909.4
2909.4
2909.5
2909.5
2909.5
2909.5
2909.5
2909.5
2909.6
2909.7
2909.8
2909.8
2909.9
2909.9
2909.9
2909.9
2910.0
2910.0
2910.0
2910.0
2910.1
2910.1
2910.1
2910.1
2910.2
2910.2
2910.2
2910.2
2910.2
2910.3
2910.3
2910.4
2910.5
2910.5
2910.5
2910.7
2910.7
2910.7
2910.8
2910.9
2910.9
2910.9
2910.9
2911.0
2911.0
2911.0
2911.0
2911.0
2911.0
2911.0
2911.0
2911.2
2911.3
2911.3
2911.3
2911.4
2911.5
2911.6
2911.6
2912.0
2912.1
2912.2
2912.3
2912.3
2912.3
2912.4
2912.4
2912.5
2912.5
2912.8
2912.8
2913.0
2913.0
2913.0
2913.2
2913.3
2913.3
2913.3
2913.5
2913.5
2913.7
2913.7
2913.9
2913.9
2913.9
2914.0
2914.1
2914.2
2914.2
2914.3
2914.3
2914.8
2914.8
2914.9
2914.9
2915.2
2915.4
2915.5
2915.5
2915.5
2915.6
2915.7
2916.0
2916.2
2916.4
2916.8
2916.8
2917.2
2917.3
2917.3
2917.4
2918.0
2918.1
2919.0
2919.1
2919.2
2919.4
2919.6
2919.6
2919.6
2920.2
2920.3
2923.1
2923.8
2925.4
2926.5
2927.1
2929.3
2937.8
2943.8
2944.3
2951.4
2979.2
