250.3
250.4
250.4
250.4
250.4
250.4
250.5
250.5
250.6
250.6
250.6
250.6
250.7
250.7
250.7
250.7
250.7
250.7
250.7
250.7
250.7
250.7
250.8
250.8
250.8
250.8
250.8
250.8
250.8
250.8
250.9
250.9
250.9
250.9
250.9
250.9
250.9
250.9
250.9
251.0
251.0
251.0
251.0
251.0
251.0
251.0
251.0
251.0
251.0
251.0
251.1
251.1
251.1
251.1
251.1
251.1
251.2
251.2
251.2
251.2
251.2
251.2
251.3
251.3
251.3
251.3
251.4
251.4
251.4
251.4
251.4
251.4
251.4
251.5
251.5
251.5
251.5
251.5
251.6
251.6
251.6
251.6
251.6
251.6
251.6
251.6
251.6
251.6
251.8
251.9
251.9
252.0
252.1
252.3
253.1
253.5
254.4
254.4
254.5
254.5
256.9
256.9
256.9
256.9
256.9
256.9
256.9
256.9
256.9
256.9
256.9
256.9
256.9
256.9
256.9
256.9
256.9
256.9
256.9
256.9
256.9
257.0
257.0
257.0
257.0
257.0
257.0
257.0
257.0
257.0
257.1
257.1
257.1
257.1
257.2
257.2
257.3
257.3
257.4
257.4
257.4
257.5
257.5
257.5
257.5
257.5
257.5
257.6
257.6
257.6
257.7
257.7
257.7
257.7
257.7
257.8
257.9
257.9
257.9
257.9
257.9
257.9
258.0
258.0
258.0
258.0
258.0
258.1
258.2
258.3
258.3
258.3
258.3
258.4
258.5
258.5
258.5
258.5
258.5
258.6
258.6
258.7
258.8
258.8
258.9
258.9
258.9
259.1
259.1
259.1
259.3
259.4
259.7
259.9
259.9
259.9
259.9
259.9
259.9
259.9
259.9
259.9
259.9
259.9
259.9
259.9
259.9
259.9
259.9
259.9
259.9
259.9
259.9
260.0
260.0
260.0
260.0
260.0
260.0
260.1
260.1
260.1
260.1
260.3
260.3
260.4
260.4
260.5
260.6
260.6
260.6
260.7
260.7
260.7
260.7
260.8
260.9
260.9
260.9
260.9
260.9
261.0
261.0
261.0
261.0
261.1
261.1
261.2
261.2
261.3
261.3
261.3
261.3
261.3
261.3
261.4
261.5
261.5
261.5
261.5
261.6
261.6
261.7
261.8
261.8
261.9
261.9
261.9
262.0
262.0
262.1
262.1
262.5
262.8
263.0
263.1
263.1
263.1
263.3
263.4
263.5
263.7
263.8
264.0
264.2
264.7
264.8
264.8
264.9
264.9
264.9
265.0
265.1
265.1
265.1
265.3
265.3
265.4
265.4
265.6
265.7
265.7
266.1
266.3
266.3
266.4
266.6
266.9
267.0
267.3
267.4
267.5
267.5
267.7
267.8
267.8
267.9
267.9
267.9
268.2
268.2
268.7
268.8
268.9
268.9
268.9
268.9
268.9
269.0
269.0
269.0
269.0
269.0
269.0
269.0
269.0
269.0
269.0
269.1
269.1
269.1
269.1
269.1
269.1
269.1
269.1
269.1
269.1
269.2
269.2
269.2
269.2
269.2
269.2
269.2
269.2
269.2
269.2
269.2
269.3
269.3
269.3
269.3
269.4
269.4
269.5
269.5
269.6
269.6
269.6
269.6
269.6
269.7
269.7
269.7
269.7
269.7
269.8
269.8
269.9
269.9
269.9
269.9
269.9
270.0
270.0
270.0
270.0
270.1
270.1
270.1
270.1
270.2
270.2
270.2
270.3
270.3
270.3
270.4
270.4
270.4
270.5
270.5
270.5
270.5
270.5
270.5
270.7
270.7
270.8
270.8
270.9
271.0
271.0
271.2
271.2
271.3
271.5
271.6
271.6
272.2
272.6
272.9
273.0
273.0
273.1
273.1
273.2
273.2
273.2
273.2
273.3
273.3
273.4
273.4
273.4
273.5
273.5
273.6
273.6
273.7
273.8
273.8
273.8
273.8
273.8
273.8
273.8
273.8
273.9
274.0
274.0
274.0
274.0
274.0
274.0
274.0
274.1
274.1
274.1
274.1
274.1
274.2
274.2
274.2
274.2
274.2
274.2
274.3
274.3
274.3
274.4
274.4
274.4
274.4
274.4
274.4
274.4
274.4
274.4
274.4
274.5
274.5
274.5
274.5
274.6
274.6
274.6
274.6
274.7
274.7
274.7
274.8
274.8
274.8
274.8
274.9
274.9
274.9
274.9
274.9
274.9
274.9
274.9
274.9
274.9
275.0
275.0
275.1
275.1
275.1
275.2
275.2
275.2
275.3
275.3
275.4
275.6
275.7
276.2
276.3
277.2
277.6
277.8
277.8
279.0
279.0
279.0
279.0
279.1
279.3
279.4
279.4
279.4
279.5
280.1
280.1
280.3
280.3
280.3
280.4
280.4
280.4
280.6
280.6
280.6
280.7
280.7
280.8
280.8
281.0
281.1
281.1
281.2
281.2
281.3
281.3
281.4
281.4
281.4
281.6
281.8
282.0
282.2
282.4
282.4
282.5
282.6
283.1
283.2
283.2
283.4
283.4
283.5
283.5
283.6
283.6
283.7
283.7
283.8
283.8
283.9
283.9
284.0
284.1
284.1
284.1
284.2
284.3
284.4
284.4
284.5
284.6
284.7
284.8
284.9
285.1
285.1
285.2
285.3
285.3
285.4
285.4
285.5
285.5
285.5
285.6
285.6
285.7
285.8
285.8
286.0
286.2
286.2
286.3
286.5
286.5
286.5
286.6
286.7
286.9
287.0
287.1
287.4
287.5
287.5
287.7
288.5
289.9
290.1
290.3
290.7
290.7
290.8
291.5
291.6
291.8
291.9
292.2
292.3
292.9
293.0
293.6
294.1
294.3
295.6
295.9
296.4
297.3
298.1
298.1
299.7
300.3
302.2
302.5
305.1
306.6
311.6
419.4
419.4
419.5
419.5
419.5
419.6
419.6
419.6
419.6
419.6
419.6
419.6
419.6
419.6
419.6
419.6
419.7
419.7
419.7
419.7
419.7
419.7
419.7
419.7
419.7
419.7
419.7
419.7
419.8
419.8
419.8
419.8
419.8
419.8
419.8
419.8
419.8
419.8
419.8
419.9
419.9
419.9
419.9
419.9
419.9
419.9
419.9
419.9
419.9
419.9
420.0
420.0
420.0
420.0
420.0
420.0
420.0
420.0
420.0
420.0
420.0
420.0
420.0
420.1
420.1
420.1
420.1
420.1
420.1
420.1
420.1
420.1
420.1
420.1
420.1
420.1
420.1
420.1
420.2
420.2
420.2
420.2
420.2
420.3
420.3
420.3
420.4
420.4
420.4
420.5
420.5
420.7
421.0
421.3
421.5
421.9
421.9
422.4
422.6
422.8
425.1
425.1
425.1
425.1
425.1
425.1
425.1
425.1
425.1
425.1
425.1
425.1
425.2
425.2
425.2
425.2
425.2
425.2
425.2
425.2
425.3
425.3
425.3
425.3
425.3
425.3
425.3
425.3
425.3
425.3
425.3
425.3
425.3
425.3
425.3
425.4
425.4
425.4
425.4
425.4
425.4
425.4
425.5
425.5
425.5
425.5
425.5
425.5
425.6
425.6
425.7
425.7
425.7
425.7
425.7
425.7
425.7
425.7
425.8
425.8
425.8
425.8
425.9
426.0
426.0
426.0
426.1
426.1
426.1
426.2
426.2
426.3
426.3
426.4
426.4
426.4
426.5
426.5
426.6
426.6
426.7
426.7
426.8
426.9
426.9
427.1
427.1
427.1
427.2
427.4
427.8
427.9
428.1
428.1
428.1
428.1
428.1
428.1
428.1
428.1
428.1
428.2
428.2
428.2
428.2
428.2
428.2
428.2
428.2
428.3
428.3
428.3
428.3
428.3
428.3
428.3
428.3
428.3
428.3
428.3
428.3
428.3
428.3
428.4
428.4
428.4
428.4
428.4
428.4
428.4
428.5
428.5
428.5
428.5
428.6
428.6
428.7
428.7
428.7
428.7
428.7
428.7
428.7
428.7
428.8
428.8
428.8
428.9
429.0
429.0
429.0
429.1
429.1
429.1
429.2
429.2
429.3
429.4
429.4
429.5
429.5
429.5
429.5
429.5
429.6
429.7
429.7
429.7
429.7
429.8
429.8
429.9
429.9
430.0
430.0
430.0
430.3
430.4
430.8
430.9
430.9
431.7
431.7
431.7
431.7
432.0
432.0
432.0
432.2
432.3
432.4
432.4
432.5
432.5
432.6
432.7
432.7
432.8
432.8
432.9
433.0
433.1
433.1
433.2
433.6
433.7
434.4
434.4
434.4
434.4
434.5
434.6
434.7
434.7
434.7
434.9
434.9
435.0
435.1
435.2
435.2
435.3
435.3
435.4
435.4
435.4
435.5
435.6
435.8
435.8
436.0
436.1
436.2
436.2
436.4
436.5
436.6
436.6
436.7
436.9
437.2
437.2
437.3
437.3
437.3
437.3
437.3
437.3
437.4
437.4
437.4
437.4
437.4
437.4
437.4
437.4
437.4
437.5
437.5
437.5
437.5
437.5
437.5
437.5
437.5
437.5
437.5
437.5
437.5
437.5
437.5
437.5
437.5
437.5
437.6
437.6
437.6
437.6
437.7
437.7
437.7
437.7
437.7
437.7
437.7
437.7
437.7
437.8
437.8
437.8
437.9
437.9
437.9
437.9
437.9
438.0
438.0
438.0
438.0
438.1
438.2
438.2
438.3
438.3
438.4
438.4
438.5
438.5
438.5
438.7
438.7
438.8
438.9
439.0
439.0
439.1
439.1
439.3
439.4
439.7
440.0
440.1
440.2
440.4
440.4
440.6
440.6
440.7
440.8
440.9
441.1
441.1
441.2
441.3
441.3
441.4
441.4
441.5
441.5
441.6
441.6
441.7
441.7
441.8
441.8
441.8
441.8
441.9
441.9
441.9
441.9
442.0
442.0
442.0
442.1
442.1
442.1
442.1
442.1
442.1
442.1
442.1
442.2
442.2
442.2
442.2
442.2
442.2
442.3
442.3
442.3
442.3
442.3
442.3
442.3
442.3
442.3
442.3
442.3
442.3
442.4
442.4
442.5
442.5
442.5
442.5
442.5
442.6
442.6
442.6
442.6
442.7
442.7
442.7
442.7
442.7
442.7
442.8
442.8
442.8
442.9
442.9
443.0
443.0
443.1
443.2
443.3
443.4
443.4
443.4
443.4
443.6
443.7
443.8
444.0
444.1
444.1
444.3
444.5
444.7
445.1
445.2
445.4
445.8
445.9
446.1
446.7
447.2
447.3
447.4
447.6
448.2
448.5
448.8
448.9
449.1
449.2
449.3
449.4
449.4
449.5
449.5
449.9
449.9
450.0
450.0
450.1
450.3
450.4
450.4
450.4
450.4
450.5
450.5
450.5
450.5
450.6
450.7
450.7
450.7
450.7
450.7
450.8
450.8
450.9
450.9
450.9
451.0
451.0
451.0
451.1
451.1
451.2
451.2
451.3
451.3
451.3
451.5
451.5
451.5
451.6
451.6
452.0
452.0
452.0
452.0
452.1
452.1
452.1
452.1
452.1
452.1
452.2
452.3
452.5
452.5
452.5
452.6
452.6
452.7
452.7
452.7
452.8
452.8
453.0
453.0
453.1
453.2
453.3
453.3
453.3
453.4
453.4
453.5
453.7
454.1
454.5
454.7
454.9
455.0
455.4
455.5
457.0
457.1
457.3
457.4
461.3
461.4
462.2
464.6
549.0
549.0
549.1
549.1
549.2
549.2
549.2
549.2
549.2
549.2
549.3
549.3
549.3
549.3
549.3
549.3
549.3
549.3
549.3
549.4
549.4
549.4
549.4
549.4
549.4
549.5
549.5
549.5
549.5
549.5
549.5
549.5
549.5
549.5
549.5
549.5
549.5
549.5
549.5
549.6
549.6
549.6
549.6
549.6
549.6
549.6
549.6
549.6
549.6
549.6
549.7
549.7
549.7
549.7
549.7
549.7
549.7
549.8
549.8
549.8
549.8
549.8
549.8
549.9
549.9
549.9
549.9
549.9
549.9
550.0
550.0
550.0
550.0
550.0
550.0
550.1
550.1
550.1
550.1
550.1
550.1
550.1
550.1
550.2
550.2
550.2
550.2
550.3
550.3
550.4
550.5
550.6
550.7
550.8
551.6
552.0
552.9
552.9
552.9
553.0
567.7
567.7
567.7
567.7
567.7
567.7
567.7
567.7
567.7
567.7
567.8
567.8
567.8
567.8
567.8
567.8
567.8
567.8
567.8
567.8
567.8
567.8
567.8
567.8
567.8
567.8
567.8
567.9
567.9
567.9
567.9
567.9
567.9
567.9
568.0
568.0
568.0
568.1
568.2
568.3
568.3
568.4
568.4
568.4
568.4
568.4
568.4
568.4
568.5
568.5
568.5
568.5
568.5
568.6
568.6
568.6
568.6
568.7
568.7
568.7
568.7
568.7
568.7
568.7
568.8
568.8
568.8
568.8
568.9
569.0
569.0
569.0
569.0
569.0
569.1
569.1
569.1
569.2
569.2
569.2
569.2
569.3
569.3
569.4
569.4
569.4
569.5
569.6
569.6
569.7
569.8
569.8
570.4
570.5
570.7
570.7
570.7
570.7
570.7
570.7
570.7
570.7
570.7
570.7
570.8
570.8
570.8
570.8
570.8
570.8
570.8
570.8
570.8
570.8
570.8
570.9
570.9
570.9
571.0
571.0
571.2
571.3
571.3
571.4
571.4
571.4
571.4
571.4
571.4
571.5
571.5
571.5
571.5
571.5
571.6
571.6
571.6
571.7
571.7
571.7
571.7
571.7
571.7
571.8
571.8
571.8
571.8
571.8
571.9
571.9
571.9
572.0
572.0
572.0
572.0
572.0
572.1
572.1
572.2
572.2
572.2
572.2
572.2
572.3
572.4
572.4
572.4
572.5
572.6
572.6
572.6
572.9
572.9
573.3
573.5
573.6
573.8
573.9
573.9
573.9
574.3
574.5
574.5
574.6
574.9
575.1
575.1
575.2
575.2
575.2
575.3
575.4
575.4
575.5
575.6
575.6
575.7
575.7
575.9
575.9
576.0
576.1
576.1
576.1
576.5
576.6
576.6
576.8
577.1
577.1
577.1
577.5
577.6
577.6
577.7
577.8
577.9
578.0
578.1
578.2
578.2
578.2
578.2
578.4
578.5
578.6
578.6
578.7
578.8
578.9
579.0
579.1
579.2
579.3
579.5
579.7
579.7
579.7
579.7
579.8
579.8
579.8
579.8
579.8
579.8
579.8
579.8
579.8
579.9
579.9
579.9
579.9
579.9
579.9
580.0
580.0
580.0
580.0
580.3
580.4
580.5
580.6
580.6
580.6
580.6
580.6
580.7
580.8
580.9
580.9
581.0
581.1
581.1
581.1
581.1
581.1
581.2
581.2
581.3
581.3
581.4
581.4
581.5
581.5
581.5
581.6
581.8
581.8
582.0
582.0
582.1
582.2
582.2
582.4
582.5
582.5
582.6
582.8
582.9
583.0
583.1
583.1
583.2
583.4
583.4
583.4
583.5
583.6
583.6
583.7
583.7
583.8
583.9
583.9
583.9
583.9
584.0
584.0
584.0
584.0
584.0
584.0
584.0
584.1
584.1
584.1
584.1
584.1
584.2
584.2
584.2
584.2
584.3
584.3
584.3
584.3
584.4
584.4
584.4
584.4
584.4
584.5
584.5
584.5
584.5
584.5
584.5
584.6
584.6
584.6
584.6
584.6
584.6
584.6
584.7
584.7
584.7
584.7
584.8
584.8
584.8
584.8
584.8
584.9
584.9
584.9
584.9
585.0
585.0
585.0
585.0
585.0
585.1
585.1
585.1
585.1
585.1
585.1
585.2
585.2
585.2
585.2
585.3
585.3
585.3
585.3
585.4
585.4
585.5
585.6
585.7
586.0
586.0
586.1
586.3
586.3
586.5
586.6
586.8
586.8
586.8
587.2
587.3
587.4
587.6
588.5
588.5
588.6
588.7
588.7
588.8
588.9
588.9
588.9
589.0
589.0
589.2
589.2
589.2
589.2
589.2
589.3
589.4
589.4
589.5
589.5
589.6
589.7
589.7
589.7
589.8
589.8
589.9
589.9
589.9
590.1
590.1
590.1
590.1
590.3
590.4
590.5
590.5
590.6
590.6
590.6
590.6
590.6
590.7
590.7
590.7
590.9
590.9
590.9
590.9
591.0
591.0
591.0
591.0
591.0
591.0
591.1
591.1
591.1
591.2
591.2
591.2
591.3
591.3
591.3
591.3
591.3
591.4
591.5
591.5
591.5
591.6
591.6
591.6
591.7
591.7
591.7
591.7
591.8
591.8
591.8
591.8
591.8
591.8
591.8
592.1
592.1
592.1
592.2
592.2
592.3
592.3
592.3
592.4
592.4
592.4
592.5
592.6
592.6
592.6
593.2
593.5
593.6
594.2
594.5
594.6
594.7
595.0
595.0
595.1
595.1
595.3
595.3
595.4
595.4
595.7
595.7
595.7
595.8
595.8
596.0
596.1
596.2
596.2
596.3
596.4
596.5
596.8
597.1
597.4
597.7
598.4
598.4
598.5
598.6
598.6
598.7
598.9
599.2
599.9
600.2
601.1
601.4
601.7
601.9
602.1
602.7
603.8
604.2
605.2
605.3
605.3
605.6
605.6
606.5
606.6
606.9
607.5
607.5
607.9
607.9
608.7
609.0
609.4
609.4
609.5
609.7
610.2
610.4
610.9
610.9
611.3
611.3
611.3
612.0
612.3
612.5
612.5
612.7
612.9
613.0
613.3
613.5
615.7
616.2
617.2
618.7
618.8
619.3
619.4
620.6
621.6
625.0
628.4
630.8
696.0
696.1
696.2
696.2
696.2
696.2
696.2
696.2
696.3
696.3
696.3
696.3
696.3
696.3
696.3
696.3
696.3
696.3
696.3
696.4
696.4
696.4
696.4
696.4
696.4
696.4
696.4
696.5
696.5
696.5
696.5
696.5
696.5
696.5
696.5
696.5
696.6
696.6
696.6
696.6
696.6
696.6
696.6
696.6
696.6
696.6
696.6
696.6
696.7
696.7
696.7
696.7
696.7
696.7
696.7
696.7
696.7
696.8
696.8
696.8
696.8
696.8
696.8
696.9
696.9
696.9
696.9
696.9
696.9
696.9
696.9
697.0
697.0
697.0
697.0
697.0
697.0
697.1
697.1
697.1
697.1
697.1
697.1
697.1
697.1
697.2
697.2
697.3
697.3
697.3
697.4
697.6
697.6
697.8
698.6
698.9
699.7
699.9
699.9
700.0
706.6
706.6
706.6
706.6
706.6
706.6
706.6
706.6
706.6
706.6
706.6
706.6
706.6
706.6
706.6
706.6
706.6
706.6
706.6
706.6
706.6
706.6
706.7
706.7
706.7
706.7
706.7
706.7
706.7
706.7
706.7
706.7
706.8
706.8
706.8
706.9
706.9
706.9
706.9
707.0
707.0
707.0
707.0
707.0
707.0
707.1
707.1
707.1
707.1
707.2
707.2
707.2
707.3
707.3
707.4
707.4
707.5
707.5
707.5
707.5
707.5
707.5
707.6
707.6
707.6
707.6
707.7
707.7
707.9
707.9
708.0
708.0
708.1
708.1
708.1
708.2
708.3
708.3
708.3
708.4
708.4
708.5
708.6
708.6
708.7
708.7
708.7
708.7
708.8
708.9
709.0
709.1
709.3
709.6
709.6
709.6
709.6
709.6
709.6
709.6
709.6
709.6
709.7
709.7
709.7
709.7
709.7
709.7
709.8
709.8
709.9
709.9
709.9
710.1
710.1
710.4
710.4
710.5
710.6
710.7
710.7
710.8
710.8
710.8
710.9
710.9
710.9
711.0
711.0
711.0
711.0
711.1
711.1
711.3
711.3
711.3
711.4
711.4
711.5
711.6
711.6
711.7
711.7
711.7
711.7
711.8
711.9
712.0
712.3
712.4
712.6
712.8
712.9
712.9
713.1
713.1
713.1
713.3
713.7
713.9
714.0
714.5
714.6
714.6
714.6
714.6
714.7
714.7
714.7
714.9
715.0
715.0
715.1
715.1
715.3
715.3
715.7
716.0
716.1
716.1
716.2
716.7
716.8
716.9
717.1
717.7
717.9
718.0
718.0
718.0
718.1
718.1
718.2
718.3
718.3
718.7
718.7
718.7
718.7
718.7
718.7
718.7
718.7
718.7
718.7
718.7
718.7
718.8
718.8
718.8
718.8
718.8
718.9
719.0
719.0
719.2
719.2
719.3
719.3
719.3
719.3
719.4
719.6
719.9
719.9
720.0
720.2
720.2
720.3
720.7
720.7
721.0
721.0
721.4
721.4
721.4
721.5
721.6
721.7
721.9
722.2
722.3
722.3
722.4
722.4
722.4
722.4
722.5
722.5
722.5
722.5
722.5
722.6
722.6
722.6
722.8
722.8
722.8
722.8
722.8
722.9
722.9
722.9
722.9
722.9
723.0
723.0
723.0
723.0
723.0
723.1
723.1
723.1
723.2
723.2
723.2
723.2
723.2
723.2
723.2
723.3
723.3
723.3
723.3
723.3
723.3
723.3
723.4
723.4
723.4
723.4
723.5
723.5
723.5
723.5
723.5
723.5
723.5
723.5
723.6
723.6
723.6
723.6
723.7
723.7
723.8
723.8
723.8
723.8
723.8
723.8
723.9
723.9
723.9
723.9
723.9
723.9
723.9
724.0
724.0
724.0
724.1
724.2
724.2
724.2
724.2
724.2
724.3
724.3
724.3
724.5
724.6
724.7
725.1
725.2
725.3
725.4
725.7
725.7
726.1
726.5
726.7
726.9
726.9
726.9
727.3
727.3
727.5
727.5
727.6
727.6
727.7
728.4
728.4
728.4
728.5
728.5
728.6
728.6
728.6
728.7
728.8
728.9
729.1
729.1
729.2
729.3
729.3
729.3
729.4
729.5
729.5
729.6
729.7
729.7
729.8
729.8
729.9
730.0
730.0
730.1
730.2
730.3
730.3
730.4
730.4
730.4
730.4
730.5
730.6
730.6
730.7
730.8
730.8
730.9
730.9
731.0
731.0
731.0
731.0
731.0
731.0
731.0
731.4
731.4
731.5
731.5
731.5
731.5
731.5
731.6
731.7
731.7
731.7
731.7
731.8
731.9
732.0
732.0
732.0
732.0
732.2
732.3
732.3
732.3
732.4
732.4
732.4
732.4
732.5
732.5
732.5
732.6
732.6
732.6
732.6
732.7
732.9
732.9
732.9
733.0
733.1
733.2
733.2
733.3
734.4
734.6
734.7
734.9
734.9
735.0
735.1
735.4
735.4
735.4
735.4
735.6
735.6
735.7
735.7
735.7
735.7
735.8
735.9
736.0
736.0
736.2
736.4
736.4
736.4
736.5
736.5
736.6
736.7
736.7
736.7
736.8
737.0
737.1
737.4
737.5
737.5
737.5
737.7
737.7
737.7
737.7
737.8
737.9
737.9
738.0
738.0
738.0
738.1
738.1
738.2
738.3
738.3
738.3
738.3
738.5
738.5
738.6
738.7
738.7
738.8
739.0
739.0
739.1
739.1
739.1
739.1
739.2
739.2
739.2
739.3
739.4
739.4
739.5
739.7
739.7
739.7
739.9
740.1
740.1
740.2
740.4
740.4
740.5
740.6
740.7
740.8
740.8
740.8
740.8
741.1
741.5
741.7
741.7
741.7
741.7
741.8
741.9
741.9
741.9
742.0
742.0
742.1
742.2
742.2
742.2
742.2
742.2
742.2
742.3
742.3
742.3
742.3
742.3
742.3
742.3
742.3
742.3
742.3
742.3
742.3
742.3
742.3
742.4
742.4
742.4
742.4
742.4
742.4
742.7
742.7
742.9
743.0
743.1
743.1
743.2
743.2
743.2
743.2
743.2
743.2
743.4
743.5
743.5
743.5
743.6
743.7
743.8
743.8
743.8
743.9
743.9
744.0
744.0
744.1
744.2
744.2
744.2
744.3
744.3
744.4
744.5
744.5
744.5
744.5
744.7
744.7
744.7
744.7
744.7
744.8
744.8
744.8
744.8
745.2
745.2
745.2
745.2
745.2
745.3
745.3
745.3
745.3
745.3
745.3
745.3
745.3
745.3
745.3
745.3
745.3
745.4
745.4
745.4
745.4
745.4
745.4
745.4
745.4
745.4
745.4
745.5
745.5
745.6
745.6
745.7
745.7
745.8
745.8
745.9
746.0
746.0
746.2
746.2
746.2
746.2
746.2
746.4
746.5
746.5
746.6
746.7
747.0
747.2
747.2
747.2
747.3
747.3
747.3
747.4
747.5
747.5
747.5
747.6
747.7
747.8
748.2
748.2
748.2
748.3
748.3
748.3
748.4
748.4
748.4
748.4
748.5
748.6
748.6
748.7
748.8
748.8
748.9
748.9
748.9
749.0
749.1
749.1
749.2
749.2
749.2
749.2
749.2
749.3
749.3
749.3
749.5
749.7
749.7
750.4
750.4
750.5
750.5
750.6
750.7
750.8
751.2
751.2
751.2
751.3
751.3
751.3
751.3
751.3
751.3
751.3
751.4
751.5
751.5
751.5
751.7
751.8
751.8
751.8
751.9
751.9
752.0
752.1
752.3
752.5
752.5
752.7
752.8
752.8
752.8
752.9
753.0
753.0
753.0
753.1
753.1
753.2
753.2
753.2
753.4
753.4
753.4
753.4
753.5
753.5
753.7
753.8
753.8
753.8
753.9
753.9
754.0
754.1
754.1
754.2
754.3
754.4
754.4
754.4
754.6
754.6
754.7
754.7
754.8
754.9
754.9
754.9
755.0
755.0
755.0
755.0
755.0
755.1
755.2
755.2
755.2
755.2
755.2
755.3
755.4
755.4
755.4
755.5
755.5
755.5
755.6
755.6
755.6
755.6
755.6
755.8
755.8
755.8
755.9
756.0
756.0
756.0
756.0
756.1
756.2
756.2
756.3
756.3
756.4
756.5
756.5
756.6
756.6
756.7
756.7
756.8
756.8
756.8
756.8
756.9
757.0
757.1
757.1
757.1
757.4
757.4
757.4
757.5
757.5
757.6
757.6
757.7
757.7
757.8
757.8
757.8
757.9
758.1
758.2
758.2
758.4
758.5
758.6
758.6
758.7
758.7
758.8
758.8
759.0
759.0
759.1
759.1
759.1
759.2
759.3
759.3
759.3
759.4
759.5
759.6
759.6
759.7
759.7
759.8
759.8
759.8
759.9
760.0
760.1
760.1
760.1
760.1
760.1
760.2
760.2
760.2
760.3
760.3
760.3
760.3
760.3
760.4
760.4
760.4
760.4
760.4
760.4
760.5
760.6
760.6
760.6
760.7
760.7
760.8
760.8
760.9
760.9
761.1
761.1
761.2
761.2
761.2
761.4
761.4
761.6
761.6
761.6
761.7
761.8
761.8
761.8
761.9
761.9
762.0
762.1
762.3
762.6
762.7
762.9
762.9
763.0
763.2
763.5
763.5
763.5
763.5
763.6
763.8
763.9
764.0
764.2
764.7
764.8
764.8
765.0
765.0
765.4
765.6
765.7
765.7
765.8
765.8
765.9
766.1
766.2
766.4
766.4
767.0
767.1
767.1
767.1
767.2
767.7
767.7
767.8
767.9
768.0
768.2
768.4
768.4
768.6
768.8
768.8
768.9
768.9
769.0
769.2
769.3
769.4
769.5
769.8
770.0
770.0
770.0
770.1
770.1
770.2
770.2
770.3
770.5
770.5
770.6
770.7
770.8
771.0
771.0
771.1
771.2
771.5
771.8
771.9
771.9
772.0
772.1
772.3
772.5
772.5
772.5
772.6
772.8
772.8
772.8
773.0
773.0
773.3
773.7
773.7
773.9
774.0
774.1
774.2
774.7
774.8
775.4
775.7
775.9
776.1
776.8
777.1
777.8
778.5
778.8
778.9
779.1
780.3
782.9
784.0
787.4
797.1
798.1
868.0
868.1
868.2
868.2
868.2
868.2
868.2
868.2
868.2
868.2
868.2
868.2
868.3
868.3
868.3
868.3
868.3
868.3
868.3
868.3
868.3
868.3
868.3
868.3
868.3
868.4
868.4
868.4
868.4
868.4
868.4
868.4
868.4
868.4
868.4
868.4
868.4
868.4
868.4
868.4
868.4
868.4
868.4
868.4
868.4
868.4
868.4
868.4
868.4
868.5
868.5
868.5
868.5
868.5
868.5
868.5
868.5
868.5
868.5
868.5
868.5
868.5
868.5
868.5
868.5
868.5
868.5
868.5
868.6
868.6
868.6
868.6
868.6
868.6
868.6
868.6
868.6
868.6
868.6
868.6
868.6
868.6
868.6
868.7
868.7
868.7
868.7
868.7
868.7
868.9
869.0
869.1
869.1
869.1
869.2
869.7
870.0
870.3
870.4
870.6
872.3
872.3
872.3
872.3
872.3
872.3
872.3
872.3
872.3
872.3
872.3
872.3
872.3
872.3
872.3
872.3
872.3
872.3
872.3
872.3
872.3
872.3
872.3
872.3
872.3
872.3
872.3
872.3
872.3
872.3
872.3
872.3
872.3
872.3
872.3
872.3
872.3
872.3
872.3
872.3
872.4
872.4
872.4
872.4
872.4
872.4
872.4
872.4
872.4
872.4
872.4
872.4
872.4
872.4
872.4
872.4
872.4
872.5
872.5
872.5
872.5
872.5
872.5
872.5
872.5
872.5
872.6
872.6
872.6
872.6
872.6
872.7
872.7
872.7
872.7
872.7
872.8
872.8
872.8
872.8
872.9
872.9
873.0
873.0
873.1
873.2
873.3
873.4
873.5
873.8
873.8
874.1
874.2
874.2
874.3
874.5
875.0
875.2
875.3
875.3
875.3
875.3
875.3
875.3
875.3
875.3
875.3
875.3
875.3
875.3
875.3
875.3
875.3
875.3
875.3
875.3
875.3
875.3
875.3
875.3
875.3
875.4
875.4
875.4
875.4
875.4
875.4
875.4
875.4
875.4
875.5
875.5
875.5
875.5
875.5
875.5
875.6
875.6
875.6
875.6
875.7
875.7
875.7
875.7
875.7
875.8
875.8
875.8
875.8
875.9
875.9
876.0
876.0
876.1
876.2
876.3
876.4
876.5
876.8
876.8
877.1
877.3
877.5
877.6
877.8
878.5
878.7
879.0
879.1
879.1
879.2
879.3
879.4
879.5
879.8
879.9
880.4
880.6
881.0
881.1
881.4
882.1
882.2
882.3
882.4
882.4
882.7
883.0
883.1
883.1
883.2
883.4
883.9
884.3
884.4
884.4
884.4
884.4
884.4
884.4
884.4
884.4
884.5
884.5
884.5
884.5
884.5
884.5
884.5
884.5
884.5
884.5
884.5
884.5
884.5
884.5
884.5
884.5
884.5
884.5
884.5
884.6
884.6
884.6
884.6
884.6
884.6
884.6
884.6
884.6
884.6
884.6
884.6
884.6
884.6
884.6
884.6
884.6
884.7
884.7
884.7
884.7
884.7
884.7
884.7
884.7
884.7
884.7
884.8
884.8
884.8
884.8
884.8
884.8
884.8
884.8
884.8
884.8
885.0
885.0
885.0
885.1
885.1
885.1
885.3
885.5
885.7
885.9
886.0
886.7
887.0
887.1
887.2
887.5
887.7
887.8
888.2
888.5
888.6
888.6
888.7
888.7
888.7
888.8
888.8
888.8
888.8
888.8
888.8
888.9
888.9
888.9
888.9
889.0
889.0
889.0
889.0
889.0
889.0
889.0
889.0
889.1
889.1
889.1
889.1
889.2
889.2
889.2
889.2
889.2
889.2
889.2
889.2
889.2
889.2
889.2
889.2
889.2
889.3
889.3
889.3
889.3
889.3
889.4
889.4
889.4
889.4
889.4
889.4
889.4
889.4
889.5
889.5
889.5
889.5
889.5
889.5
889.5
889.5
889.5
889.5
889.5
889.6
889.6
889.6
889.6
889.6
889.6
889.6
889.6
889.6
889.7
889.7
889.7
889.8
889.8
889.8
889.9
889.9
889.9
889.9
889.9
889.9
890.0
890.1
890.2
890.4
890.6
890.7
892.4
892.4
892.5
893.2
893.5
894.1
894.1
894.4
895.0
895.8
895.9
895.9
896.2
896.3
896.3
896.4
896.5
896.6
896.7
896.7
896.7
896.8
896.8
896.9
896.9
896.9
896.9
897.0
897.0
897.0
897.0
897.2
897.2
897.4
897.6
897.6
897.7
897.8
897.9
898.2
898.2
898.2
898.5
898.5
898.6
898.6
898.7
898.9
898.9
898.9
899.0
899.0
899.1
899.3
899.4
899.5
899.7
899.8
899.9
899.9
899.9
899.9
900.0
900.1
900.2
900.2
900.3
900.6
900.6
900.7
900.8
900.8
900.9
901.0
901.0
901.3
901.4
901.6
901.6
901.6
901.7
901.7
901.7
901.7
901.9
901.9
902.0
902.0
902.1
902.2
902.2
902.3
902.5
902.5
902.9
902.9
903.1
903.4
903.4
903.4
903.5
903.8
904.2
905.5
908.5
908.8
910.1
911.1
911.1
911.2
911.2
911.4
911.5
911.5
911.7
911.8
912.3
912.4
912.4
912.5
913.0
913.2
913.2
913.2
913.6
913.7
913.7
913.9
913.9
914.4
914.5
914.6
914.6
914.7
914.8
915.2
915.3
915.4
916.1
916.2
916.3
916.5
916.6
916.7
916.9
916.9
917.0
917.1
917.1
917.2
917.2
917.2
917.2
917.3
917.3
917.3
917.4
917.4
917.4
917.4
917.5
917.5
917.6
917.6
917.6
917.7
917.7
917.7
917.7
917.8
917.9
917.9
917.9
917.9
918.0
918.0
918.0
918.0
918.1
918.1
918.1
918.2
918.2
918.2
918.3
918.3
918.3
918.4
918.4
918.4
918.4
918.4
918.5
918.6
918.6
918.6
918.6
918.7
918.8
918.9
918.9
919.0
919.8
920.4
921.1
921.2
921.5
921.6
921.6
921.8
921.8
921.8
921.9
921.9
921.9
922.0
922.0
922.1
922.1
922.1
922.1
922.1
922.1
922.1
922.1
922.2
922.2
922.2
922.2
922.2
922.2
922.2
922.2
922.2
922.2
922.2
922.3
922.3
922.3
922.3
922.3
922.3
922.3
922.3
922.3
922.3
922.3
922.3
922.3
922.3
922.3
922.3
922.3
922.3
922.3
922.3
922.3
922.3
922.3
922.3
922.3
922.3
922.4
922.4
922.4
922.4
922.4
922.4
922.4
922.4
922.4
922.4
922.4
922.4
922.4
922.4
922.4
922.5
922.5
922.5
922.5
922.5
922.5
922.5
922.5
922.5
922.5
922.5
922.6
922.6
922.6
922.6
922.6
922.7
922.7
922.8
923.0
923.2
923.3
923.5
923.8
924.0
924.0
924.1
924.6
924.6
924.6
924.8
924.8
924.8
924.9
924.9
924.9
925.0
925.0
925.1
925.1
925.1
925.1
925.1
925.1
925.2
925.2
925.2
925.2
925.2
925.2
925.2
925.3
925.3
925.3
925.3
925.3
925.3
925.3
925.3
925.3
925.3
925.3
925.3
925.3
925.3
925.4
925.4
925.4
925.4
925.4
925.4
925.4
925.5
925.5
925.5
925.5
925.5
925.5
925.5
925.5
925.6
925.6
925.6
925.6
925.6
925.6
925.7
926.0
926.1
926.4
926.7
926.9
927.1
927.1
927.1
927.3
927.3
927.6
927.6
927.7
927.8
927.8
927.9
928.0
928.1
928.4
928.5
928.6
929.0
929.1
929.2
929.9
930.1
930.4
930.4
930.5
930.7
930.7
930.7
930.8
930.8
930.9
930.9
931.0
931.0
931.1
931.3
931.4
931.5
931.5
931.6
931.8
932.0
932.2
932.7
932.9
933.3
933.5
933.9
934.1
934.1
934.2
934.2
934.2
934.2
934.3
934.3
934.3
934.3
934.3
934.3
934.4
934.4
934.4
934.4
934.4
934.4
934.4
934.4
934.4
934.4
934.4
934.4
934.4
934.4
934.4
934.4
934.4
934.4
934.4
934.5
934.5
934.5
934.5
934.5
934.5
934.5
934.5
934.5
934.5
934.5
934.5
934.5
934.6
934.6
934.6
934.6
934.6
934.6
934.6
934.6
934.6
934.6
934.6
934.6
934.7
934.7
934.7
934.7
934.7
934.7
934.7
934.7
934.8
934.8
934.8
934.9
935.0
935.0
935.0
935.0
935.5
935.6
935.8
936.2
936.5
936.6
936.6
936.8
937.2
937.2
937.3
937.5
937.7
937.8
938.0
938.0
938.0
938.0
938.1
938.1
938.1
938.2
938.3
938.3
938.3
938.3
938.4
938.4
938.4
938.5
938.6
938.6
938.6
938.7
938.7
938.8
938.8
938.8
938.8
938.8
938.8
938.9
938.9
938.9
939.0
939.0
939.0
939.0
939.0
939.1
939.1
939.1
939.1
939.1
939.1
939.1
939.1
939.1
939.1
939.1
939.2
939.2
939.2
939.2
939.2
939.2
939.3
939.3
939.3
939.3
939.4
939.4
939.4
939.4
939.4
939.4
939.4
939.5
939.5
939.5
939.5
939.5
939.5
939.5
939.5
939.6
939.6
939.7
939.7
939.7
939.7
939.7
939.7
939.7
939.7
939.9
939.9
940.0
940.1
940.4
940.5
940.9
941.7
942.2
942.3
942.3
942.5
942.5
942.5
943.3
943.4
943.7
943.9
944.0
944.0
944.0
944.2
944.3
944.3
944.4
944.4
944.5
944.6
944.7
944.8
944.9
945.0
945.1
945.2
945.5
945.5
945.7
946.0
946.3
946.5
946.6
946.6
946.7
946.8
946.9
947.1
947.5
947.6
947.6
947.7
947.7
947.9
947.9
947.9
948.1
948.3
948.5
948.5
948.5
948.6
948.8
948.9
948.9
949.1
949.2
949.2
949.4
949.5
949.5
949.6
949.6
950.1
950.1
950.2
950.2
950.4
950.4
950.5
950.5
950.5
950.6
950.7
951.0
951.0
951.0
951.2
951.3
951.5
951.6
951.6
951.7
951.7
951.9
952.0
952.1
952.2
952.2
952.4
952.7
952.9
952.9
952.9
952.9
953.2
953.3
953.9
953.9
953.9
954.6
955.0
955.8
956.9
958.8
959.9
960.4
962.8
973.6
978.0
1041.9
1041.9
1041.9
1041.9
1042.0
1042.0
1042.0
1042.0
1042.0
1042.0
1042.0
1042.1
1042.1
1042.1
1042.1
1042.1
1042.1
1042.1
1042.1
1042.1
1042.2
1042.2
1042.2
1042.2
1042.2
1042.2
1042.2
1042.2
1042.2
1042.2
1042.2
1042.2
1042.3
1042.3
1042.3
1042.3
1042.3
1042.3
1042.3
1042.3
1042.3
1042.3
1042.3
1042.3
1042.3
1042.3
1042.3
1042.3
1042.3
1042.3
1042.3
1042.3
1042.4
1042.4
1042.4
1042.4
1042.4
1042.4
1042.4
1042.4
1042.4
1042.4
1042.4
1042.4
1042.5
1042.5
1042.5
1042.5
1042.5
1042.5
1042.5
1042.5
1042.5
1042.5
1042.5
1042.5
1042.6
1042.6
1042.6
1042.6
1042.6
1042.6
1042.6
1042.7
1042.7
1042.8
1042.8
1042.9
1042.9
1043.2
1043.2
1043.3
1043.4
1043.4
1043.5
1043.8
1044.3
1044.6
1044.7
1044.9
1046.4
1046.4
1046.4
1046.4
1046.4
1046.4
1046.4
1046.4
1046.4
1046.4
1046.4
1046.4
1046.4
1046.5
1046.5
1046.5
1046.5
1046.5
1046.5
1046.5
1046.5
1046.5
1046.5
1046.5
1046.5
1046.5
1046.5
1046.6
1046.6
1046.6
1046.6
1046.7
1046.7
1046.7
1046.7
1046.7
1046.7
1046.7
1046.7
1046.7
1046.8
1046.8
1046.8
1046.8
1046.8
1046.8
1046.8
1046.8
1046.8
1046.9
1046.9
1046.9
1046.9
1046.9
1046.9
1046.9
1047.0
1047.0
1047.0
1047.0
1047.1
1047.1
1047.1
1047.1
1047.1
1047.1
1047.2
1047.2
1047.2
1047.2
1047.2
1047.3
1047.3
1047.3
1047.5
1047.5
1047.5
1047.5
1047.5
1047.6
1047.6
1047.6
1047.8
1047.8
1047.8
1047.9
1048.0
1048.0
1048.5
1048.5
1048.5
1048.9
1049.1
1049.4
1049.4
1049.4
1049.4
1049.4
1049.4
1049.4
1049.4
1049.4
1049.4
1049.5
1049.5
1049.5
1049.5
1049.5
1049.5
1049.5
1049.5
1049.5
1049.5
1049.5
1049.5
1049.5
1049.6
1049.6
1049.6
1049.6
1049.7
1049.7
1049.7
1049.7
1049.7
1049.7
1049.7
1049.8
1049.8
1049.8
1049.8
1049.8
1049.9
1049.9
1050.0
1050.0
1050.0
1050.0
1050.1
1050.1
1050.1
1050.1
1050.1
1050.1
1050.2
1050.2
1050.2
1050.2
1050.2
1050.2
1050.3
1050.3
1050.3
1050.3
1050.5
1050.5
1050.5
1050.5
1050.5
1050.5
1050.6
1050.6
1050.6
1050.6
1050.8
1050.8
1050.8
1050.9
1051.0
1051.0
1051.5
1051.5
1051.5
1052.0
1052.2
1052.6
1052.7
1052.8
1053.5
1053.7
1053.8
1053.9
1054.0
1054.0
1054.1
1054.1
1054.5
1054.5
1054.6
1055.1
1055.4
1056.0
1056.1
1056.1
1056.9
1057.0
1057.2
1057.5
1057.8
1057.8
1057.9
1058.0
1058.0
1058.5
1058.5
1058.6
1058.6
1058.6
1058.6
1058.6
1058.6
1058.6
1058.6
1058.6
1058.6
1058.6
1058.7
1058.7
1058.7
1058.7
1058.7
1058.7
1058.7
1058.7
1058.8
1058.8
1058.8
1058.8
1058.8
1058.8
1058.8
1058.9
1058.9
1058.9
1058.9
1058.9
1058.9
1058.9
1058.9
1059.0
1059.0
1059.0
1059.0
1059.0
1059.0
1059.0
1059.0
1059.0
1059.0
1059.0
1059.0
1059.1
1059.2
1059.2
1059.2
1059.3
1059.3
1059.3
1059.3
1059.4
1059.5
1059.5
1059.7
1059.8
1059.8
1059.8
1059.9
1059.9
1060.1
1060.2
1060.3
1060.4
1061.5
1061.7
1061.7
1062.0
1062.2
1062.7
1062.7
1062.8
1062.8
1062.8
1062.8
1062.9
1062.9
1063.0
1063.0
1063.0
1063.0
1063.1
1063.1
1063.2
1063.2
1063.2
1063.2
1063.2
1063.3
1063.3
1063.3
1063.3
1063.3
1063.3
1063.3
1063.3
1063.4
1063.4
1063.4
1063.4
1063.4
1063.4
1063.4
1063.4
1063.4
1063.4
1063.5
1063.5
1063.5
1063.5
1063.5
1063.5
1063.5
1063.5
1063.6
1063.6
1063.6
1063.6
1063.6
1063.6
1063.6
1063.6
1063.6
1063.7
1063.7
1063.7
1063.7
1063.7
1063.7
1063.7
1063.7
1063.7
1063.8
1063.8
1063.8
1063.8
1063.8
1063.8
1063.9
1063.9
1063.9
1063.9
1063.9
1064.0
1064.0
1064.0
1064.0
1064.0
1064.0
1064.0
1064.1
1064.1
1064.1
1064.2
1064.3
1064.4
1064.4
1064.6
1064.6
1064.7
1064.8
1064.9
1065.0
1065.0
1067.1
1067.2
1067.8
1068.1
1069.2
1069.3
1069.8
1069.8
1069.9
1069.9
1070.0
1070.2
1070.2
1070.2
1070.3
1070.3
1070.4
1070.4
1070.5
1070.5
1070.5
1070.6
1070.7
1070.7
1070.8
1070.9
1071.0
1071.1
1071.1
1071.2
1071.2
1071.2
1071.3
1071.7
1071.8
1071.8
1071.8
1071.9
1072.0
1072.0
1072.1
1072.3
1072.3
1072.4
1072.5
1072.5
1072.6
1072.7
1072.7
1072.8
1073.0
1073.1
1073.1
1073.3
1073.3
1073.4
1073.4
1073.4
1073.4
1073.4
1073.5
1073.5
1073.6
1073.6
1073.6
1073.6
1073.8
1074.0
1074.0
1074.0
1074.0
1074.1
1074.3
1074.3
1074.4
1074.6
1074.7
1074.8
1074.8
1074.9
1074.9
1074.9
1074.9
1075.0
1075.0
1075.0
1075.0
1075.1
1075.2
1075.3
1075.5
1075.5
1075.5
1075.9
1076.0
1076.0
1076.1
1076.2
1076.3
1076.6
1079.5
1080.0
1086.6
1207.1
1207.1
1207.1
1207.1
1207.2
1207.2
1207.2
1207.2
1207.2
1207.2
1207.2
1207.2
1207.2
1207.2
1207.2
1207.2
1207.3
1207.3
1207.3
1207.3
1207.3
1207.3
1207.3
1207.3
1207.3
1207.3
1207.3
1207.3
1207.3
1207.3
1207.3
1207.3
1207.3
1207.3
1207.3
1207.3
1207.3
1207.3
1207.3
1207.3
1207.3
1207.3
1207.3
1207.3
1207.4
1207.4
1207.4
1207.4
1207.4
1207.4
1207.4
1207.4
1207.4
1207.4
1207.4
1207.4
1207.4
1207.4
1207.4
1207.4
1207.4
1207.4
1207.4
1207.4
1207.4
1207.4
1207.4
1207.4
1207.4
1207.4
1207.4
1207.4
1207.4
1207.4
1207.4
1207.5
1207.5
1207.5
1207.5
1207.5
1207.5
1207.5
1207.5
1207.5
1207.5
1207.6
1207.6
1207.6
1207.7
1207.7
1207.8
1207.9
1208.0
1208.1
1208.2
1208.2
1208.6
1208.9
1209.0
1209.1
1210.6
1210.6
1210.6
1210.6
1210.6
1210.6
1210.6
1210.6
1210.6
1210.7
1210.7
1210.7
1210.7
1210.7
1210.7
1210.7
1210.7
1210.7
1210.7
1210.7
1210.7
1210.7
1210.7
1210.7
1210.7
1210.7
1210.7
1210.7
1210.7
1210.7
1210.7
1210.8
1210.8
1210.8
1210.8
1210.8
1210.8
1210.8
1210.8
1210.8
1210.8
1210.8
1210.8
1210.8
1210.8
1210.8
1210.8
1210.8
1210.8
1210.8
1210.8
1210.9
1210.9
1210.9
1210.9
1210.9
1210.9
1210.9
1211.0
1211.0
1211.0
1211.0
1211.0
1211.0
1211.0
1211.1
1211.1
1211.1
1211.1
1211.1
1211.2
1211.2
1211.2
1211.2
1211.3
1211.4
1211.4
1211.4
1211.4
1211.5
1211.5
1211.5
1211.6
1211.7
1211.7
1211.7
1211.9
1211.9
1212.3
1212.3
1212.4
1212.6
1212.8
1213.1
1213.2
1213.3
1213.6
1213.6
1213.6
1213.6
1213.6
1213.6
1213.7
1213.7
1213.7
1213.7
1213.7
1213.7
1213.7
1213.8
1213.8
1213.8
1213.8
1213.8
1213.8
1213.8
1213.8
1213.9
1213.9
1214.0
1214.0
1214.0
1214.0
1214.0
1214.0
1214.0
1214.1
1214.1
1214.1
1214.1
1214.1
1214.1
1214.2
1214.2
1214.2
1214.2
1214.3
1214.4
1214.4
1214.4
1214.4
1214.5
1214.5
1214.5
1214.6
1214.7
1214.7
1214.7
1214.9
1214.9
1215.3
1215.3
1215.4
1215.7
1215.9
1216.4
1216.4
1216.5
1217.1
1217.3
1217.5
1217.6
1217.7
1217.9
1218.3
1218.3
1218.4
1218.8
1219.0
1219.5
1219.5
1219.6
1220.3
1220.4
1220.6
1220.7
1220.9
1220.9
1221.3
1221.4
1221.4
1221.9
1222.2
1222.8
1222.8
1222.8
1222.8
1222.8
1222.8
1222.8
1222.8
1222.8
1222.8
1222.9
1222.9
1222.9
1222.9
1222.9
1222.9
1222.9
1222.9
1222.9
1222.9
1222.9
1222.9
1222.9
1222.9
1222.9
1222.9
1223.0
1223.0
1223.0
1223.0
1223.0
1223.0
1223.0
1223.0
1223.0
1223.0
1223.0
1223.0
1223.0
1223.0
1223.1
1223.1
1223.1
1223.1
1223.1
1223.1
1223.1
1223.1
1223.1
1223.1
1223.2
1223.2
1223.3
1223.3
1223.3
1223.3
1223.5
1223.7
1223.8
1223.8
1223.9
1224.2
1224.6
1224.6
1224.7
1224.8
1224.9
1225.5
1225.9
1226.6
1226.7
1226.7
1226.9
1227.0
1227.0
1227.0
1227.0
1227.0
1227.1
1227.1
1227.1
1227.1
1227.1
1227.1
1227.1
1227.1
1227.2
1227.2
1227.2
1227.2
1227.3
1227.3
1227.3
1227.3
1227.3
1227.4
1227.4
1227.4
1227.4
1227.4
1227.4
1227.4
1227.5
1227.5
1227.5
1227.5
1227.5
1227.5
1227.5
1227.5
1227.6
1227.6
1227.6
1227.6
1227.6
1227.6
1227.6
1227.7
1227.7
1227.7
1227.7
1227.7
1227.7
1227.7
1227.8
1227.8
1227.8
1227.8
1227.8
1227.8
1227.8
1227.9
1227.9
1227.9
1227.9
1227.9
1227.9
1228.0
1228.0
1228.0
1228.0
1228.0
1228.0
1228.0
1228.0
1228.0
1228.0
1228.0
1228.0
1228.1
1228.1
1228.1
1228.1
1228.2
1228.2
1228.3
1228.3
1228.3
1228.3
1228.4
1228.4
1228.6
1228.9
1229.0
1229.0
1229.1
1229.3
1230.0
1230.6
1231.6
1231.8
1232.0
1232.8
1232.8
1232.8
1232.9
1233.0
1233.0
1233.1
1233.1
1233.1
1233.2
1233.3
1233.4
1233.5
1233.5
1233.6
1233.8
1233.8
1233.8
1233.9
1233.9
1233.9
1233.9
1233.9
1234.0
1234.2
1234.2
1234.3
1234.3
1234.3
1234.4
1234.4
1234.5
1234.6
1234.6
1234.7
1234.9
1235.0
1235.0
1235.0
1235.0
1235.0
1235.1
1235.1
1235.2
1235.2
1235.2
1235.2
1235.3
1235.3
1235.4
1235.4
1235.4
1235.5
1235.5
1235.6
1235.7
1235.7
1235.8
1235.8
1235.8
1235.8
1235.8
1235.9
1235.9
1235.9
1235.9
1235.9
1235.9
1236.0
1236.0
1236.0
1236.0
1236.0
1236.1
1236.2
1236.2
1236.2
1236.3
1236.3
1236.3
1236.4
1236.4
1236.4
1236.5
1236.5
1236.5
1236.6
1236.7
1236.8
1236.8
1236.9
1237.0
1237.2
1237.2
1237.2
1237.7
1239.2
1243.0
1243.3
1245.4
1250.9
1251.9
1255.9
1257.6
1258.0
1259.0
1259.6
1259.9
1260.1
1260.3
1260.5
1260.6
1260.7
1260.8
1261.0
1261.0
1261.0
1261.0
1261.0
1261.1
1261.1
1261.1
1261.1
1261.1
1261.1
1261.2
1261.2
1261.3
1261.3
1261.3
1261.3
1261.4
1261.4
1261.4
1261.4
1261.4
1261.4
1261.4
1261.4
1261.4
1261.4
1261.5
1261.5
1261.5
1261.5
1261.5
1261.5
1261.5
1261.5
1261.6
1261.6
1261.6
1261.6
1261.6
1261.6
1261.6
1261.7
1261.7
1261.7
1261.7
1261.8
1261.8
1261.8
1261.8
1261.8
1261.8
1261.8
1261.9
1261.9
1261.9
1261.9
1261.9
1262.0
1262.0
1262.0
1262.0
1262.0
1262.1
1262.1
1262.1
1262.2
1262.2
1262.2
1262.2
1262.2
1262.2
1262.2
1262.3
1262.3
1262.4
1262.5
1262.6
1262.7
1263.1
1263.2
1263.5
1263.6
1263.8
1264.0
1264.2
1264.6
1265.5
1266.5
1273.8
1276.5
1280.9
1280.9
1280.9
1281.1
1281.1
1281.3
1281.3
1281.4
1281.5
1281.5
1281.5
1281.6
1281.7
1281.9
1282.0
1282.2
1282.5
1282.6
1282.8
1282.9
1283.6
1283.6
1283.7
1283.9
1283.9
1284.0
1284.0
1284.1
1284.1
1284.2
1284.4
1284.4
1284.5
1285.0
1285.6
1285.7
1285.7
1286.3
1286.9
1287.0
1287.1
1287.3
1287.4
1287.6
1287.6
1287.6
1287.9
1288.2
1288.6
1288.6
1288.6
1288.8
1288.9
1289.0
1289.0
1289.6
1290.0
1290.2
1290.5
1291.5
1292.6
1292.9
1293.1
1293.4
1293.5
1293.8
1293.9
1294.6
1294.6
1294.7
1294.8
1295.7
1295.9
1296.6
1296.6
1296.8
1297.7
1298.9
1299.3
1299.5
1299.7
1299.8
1301.7
1302.3
1302.9
1303.7
1304.5
1306.2
1309.5
1314.3
1315.4
1319.1
1322.0
1378.1
1378.1
1378.1
1378.2
1378.2
1378.2
1378.2
1378.2
1378.2
1378.3
1378.3
1378.3
1378.3
1378.3
1378.3
1378.3
1378.3
1378.3
1378.3
1378.3
1378.3
1378.3
1378.4
1378.4
1378.4
1378.4
1378.4
1378.4
1378.4
1378.4
1378.4
1378.4
1378.4
1378.4
1378.4
1378.4
1378.4
1378.4
1378.4
1378.4
1378.4
1378.4
1378.5
1378.5
1378.5
1378.5
1378.5
1378.5
1378.5
1378.5
1378.5
1378.5
1378.5
1378.5
1378.5
1378.5
1378.5
1378.5
1378.5
1378.5
1378.6
1378.6
1378.6
1378.6
1378.6
1378.6
1378.6
1378.6
1378.6
1378.6
1378.6
1378.6
1378.6
1378.6
1378.6
1378.6
1378.6
1378.7
1378.7
1378.7
1378.7
1378.7
1378.7
1378.7
1378.8
1378.9
1378.9
1378.9
1378.9
1379.1
1379.1
1379.3
1379.3
1379.3
1379.5
1380.0
1380.3
1380.6
1380.8
1381.0
1382.0
1382.0
1382.0
1382.0
1382.0
1382.0
1382.0
1382.0
1382.0
1382.0
1382.0
1382.0
1382.0
1382.0
1382.0
1382.0
1382.0
1382.0
1382.0
1382.0
1382.0
1382.0
1382.0
1382.0
1382.0
1382.0
1382.0
1382.0
1382.0
1382.0
1382.0
1382.0
1382.0
1382.0
1382.0
1382.0
1382.1
1382.1
1382.1
1382.1
1382.1
1382.1
1382.1
1382.1
1382.1
1382.1
1382.1
1382.1
1382.1
1382.1
1382.1
1382.1
1382.1
1382.2
1382.2
1382.2
1382.2
1382.2
1382.2
1382.2
1382.2
1382.3
1382.3
1382.3
1382.3
1382.3
1382.3
1382.4
1382.4
1382.4
1382.4
1382.4
1382.5
1382.5
1382.5
1382.5
1382.5
1382.6
1382.6
1382.7
1382.7
1382.7
1382.9
1382.9
1382.9
1383.1
1383.2
1383.3
1383.4
1383.7
1383.7
1384.0
1384.1
1384.1
1384.2
1384.5
1385.0
1385.0
1385.0
1385.0
1385.0
1385.0
1385.0
1385.0
1385.0
1385.0
1385.0
1385.0
1385.0
1385.0
1385.0
1385.0
1385.1
1385.1
1385.1
1385.1
1385.1
1385.1
1385.1
1385.1
1385.1
1385.2
1385.2
1385.2
1385.2
1385.2
1385.3
1385.3
1385.3
1385.4
1385.4
1385.4
1385.4
1385.5
1385.5
1385.5
1385.5
1385.5
1385.5
1385.6
1385.6
1385.7
1385.7
1385.7
1385.9
1385.9
1385.9
1386.1
1386.2
1386.3
1386.4
1386.7
1386.7
1387.0
1387.2
1387.3
1387.4
1387.7
1388.4
1388.7
1388.9
1389.0
1389.2
1389.4
1389.7
1389.7
1390.1
1390.4
1390.6
1390.7
1391.1
1392.0
1392.1
1392.2
1392.4
1392.5
1392.7
1392.8
1392.9
1393.1
1393.6
1394.0
1394.2
1394.2
1394.2
1394.2
1394.2
1394.2
1394.2
1394.2
1394.2
1394.2
1394.2
1394.2
1394.2
1394.2
1394.2
1394.2
1394.2
1394.2
1394.2
1394.2
1394.2
1394.2
1394.2
1394.3
1394.3
1394.3
1394.3
1394.3
1394.3
1394.3
1394.3
1394.3
1394.3
1394.3
1394.3
1394.3
1394.3
1394.3
1394.3
1394.3
1394.4
1394.4
1394.4
1394.4
1394.4
1394.4
1394.4
1394.4
1394.4
1394.5
1394.5
1394.7
1394.7
1394.8
1394.8
1394.9
1394.9
1395.3
1395.5
1395.6
1396.0
1396.1
1396.6
1396.6
1397.0
1397.0
1397.0
1397.7
1398.1
1398.1
1398.2
1398.2
1398.2
1398.2
1398.2
1398.3
1398.3
1398.3
1398.4
1398.4
1398.4
1398.4
1398.4
1398.5
1398.5
1398.5
1398.5
1398.5
1398.5
1398.5
1398.6
1398.6
1398.6
1398.6
1398.7
1398.7
1398.7
1398.7
1398.7
1398.7
1398.7
1398.7
1398.7
1398.8
1398.8
1398.8
1398.8
1398.9
1398.9
1398.9
1398.9
1398.9
1398.9
1398.9
1398.9
1398.9
1398.9
1398.9
1399.0
1399.0
1399.0
1399.0
1399.0
1399.0
1399.0
1399.0
1399.0
1399.1
1399.1
1399.1
1399.1
1399.1
1399.1
1399.2
1399.2
1399.2
1399.2
1399.2
1399.2
1399.2
1399.2
1399.2
1399.2
1399.2
1399.2
1399.3
1399.3
1399.3
1399.4
1399.4
1399.4
1399.4
1399.5
1399.5
1399.5
1399.5
1399.6
1399.8
1399.9
1400.2
1400.8
1401.2
1401.5
1402.1
1402.2
1402.6
1402.8
1403.0
1403.7
1404.0
1404.0
1404.1
1404.1
1404.4
1404.4
1404.5
1404.5
1404.6
1404.6
1404.6
1404.8
1404.9
1405.0
1405.0
1405.1
1405.2
1405.2
1405.2
1405.2
1405.3
1405.4
1405.5
1405.5
1405.5
1405.5
1405.6
1405.6
1405.6
1405.7
1405.7
1405.7
1405.8
1405.9
1405.9
1406.0
1406.0
1406.0
1406.2
1406.2
1406.3
1406.3
1406.3
1406.4
1406.4
1406.5
1406.5
1406.6
1406.6
1406.6
1406.6
1406.6
1406.7
1406.8
1406.8
1406.8
1406.8
1406.9
1406.9
1406.9
1407.0
1407.0
1407.0
1407.0
1407.0
1407.0
1407.0
1407.0
1407.1
1407.1
1407.1
1407.2
1407.3
1407.3
1407.4
1407.4
1407.5
1407.5
1407.5
1407.6
1407.6
1407.6
1407.6
1407.8
1407.9
1407.9
1408.0
1408.1
1408.2
1408.2
1408.3
1408.3
1409.1
1409.4
1411.2
1411.5
1413.3
1413.9
1414.9
1415.9
1417.7
1422.4
1422.4
1426.2
1432.1
1435.9
1447.3
1469.9
1543.6
1543.6
1543.6
1543.6
1543.7
1543.7
1543.7
1543.7
1543.7
1543.7
1543.7
1543.7
1543.7
1543.7
1543.7
1543.7
1543.7
1543.7
1543.7
1543.7
1543.7
1543.7
1543.7
1543.7
1543.7
1543.7
1543.7
1543.7
1543.7
1543.7
1543.7
1543.7
1543.7
1543.7
1543.8
1543.8
1543.8
1543.8
1543.8
1543.8
1543.8
1543.8
1543.8
1543.8
1543.8
1543.8
1543.8
1543.8
1543.8
1543.8
1543.8
1543.8
1543.8
1543.8
1543.8
1543.8
1543.8
1543.8
1543.8
1543.8
1543.8
1543.8
1543.8
1543.8
1543.8
1543.9
1543.9
1543.9
1543.9
1543.9
1543.9
1543.9
1543.9
1543.9
1543.9
1543.9
1543.9
1543.9
1543.9
1543.9
1543.9
1543.9
1543.9
1543.9
1544.0
1544.0
1544.0
1544.0
1544.1
1544.2
1544.2
1544.3
1544.4
1544.6
1544.7
1544.7
1545.1
1545.4
1545.4
1545.6
1547.1
1547.1
1547.1
1547.1
1547.1
1547.1
1547.1
1547.1
1547.1
1547.1
1547.1
1547.1
1547.1
1547.1
1547.1
1547.1
1547.1
1547.1
1547.1
1547.1
1547.1
1547.1
1547.1
1547.1
1547.1
1547.1
1547.1
1547.2
1547.2
1547.2
1547.2
1547.2
1547.2
1547.2
1547.2
1547.2
1547.2
1547.2
1547.2
1547.2
1547.2
1547.2
1547.2
1547.2
1547.2
1547.2
1547.2
1547.2
1547.2
1547.3
1547.3
1547.3
1547.3
1547.3
1547.3
1547.3
1547.3
1547.3
1547.4
1547.4
1547.4
1547.4
1547.4
1547.4
1547.4
1547.5
1547.5
1547.5
1547.5
1547.6
1547.6
1547.6
1547.6
1547.6
1547.7
1547.7
1547.8
1547.8
1547.8
1547.8
1547.9
1547.9
1548.0
1548.0
1548.1
1548.2
1548.2
1548.3
1548.7
1548.7
1548.7
1549.0
1549.1
1549.5
1549.5
1549.6
1550.0
1550.1
1550.1
1550.1
1550.1
1550.1
1550.1
1550.1
1550.1
1550.1
1550.1
1550.1
1550.1
1550.1
1550.1
1550.1
1550.1
1550.2
1550.2
1550.2
1550.2
1550.2
1550.2
1550.2
1550.2
1550.2
1550.2
1550.3
1550.3
1550.3
1550.3
1550.4
1550.4
1550.4
1550.4
1550.4
1550.4
1550.4
1550.4
1550.5
1550.5
1550.5
1550.5
1550.6
1550.6
1550.6
1550.6
1550.6
1550.7
1550.7
1550.8
1550.8
1550.8
1550.8
1550.9
1550.9
1551.0
1551.0
1551.1
1551.2
1551.2
1551.3
1551.7
1551.7
1551.7
1552.1
1552.2
1552.7
1552.7
1552.8
1553.4
1553.6
1553.9
1553.9
1554.3
1554.7
1554.7
1554.7
1555.2
1555.4
1556.0
1556.0
1556.1
1556.8
1556.9
1556.9
1557.0
1557.2
1557.3
1557.5
1557.5
1557.8
1557.8
1557.9
1558.5
1558.8
1559.2
1559.2
1559.3
1559.3
1559.3
1559.3
1559.3
1559.3
1559.3
1559.3
1559.3
1559.3
1559.3
1559.3
1559.3
1559.4
1559.4
1559.4
1559.4
1559.4
1559.4
1559.4
1559.4
1559.4
1559.4
1559.4
1559.4
1559.4
1559.4
1559.4
1559.4
1559.4
1559.4
1559.4
1559.4
1559.4
1559.5
1559.5
1559.5
1559.5
1559.5
1559.5
1559.5
1559.5
1559.5
1559.5
1559.5
1559.5
1559.5
1559.5
1559.6
1559.6
1559.6
1559.6
1559.6
1559.7
1559.7
1559.7
1559.8
1559.9
1560.0
1560.0
1560.2
1560.2
1560.3
1560.4
1560.6
1560.9
1561.2
1561.2
1561.3
1561.3
1561.5
1562.1
1562.6
1563.3
1563.4
1563.4
1563.4
1563.4
1563.5
1563.5
1563.5
1563.5
1563.5
1563.6
1563.6
1563.6
1563.6
1563.6
1563.6
1563.6
1563.7
1563.7
1563.7
1563.8
1563.8
1563.8
1563.8
1563.8
1563.8
1563.8
1563.8
1563.9
1563.9
1563.9
1563.9
1563.9
1563.9
1563.9
1564.0
1564.0
1564.0
1564.0
1564.0
1564.0
1564.0
1564.1
1564.1
1564.1
1564.1
1564.1
1564.1
1564.1
1564.1
1564.1
1564.1
1564.1
1564.2
1564.2
1564.2
1564.3
1564.3
1564.3
1564.3
1564.3
1564.3
1564.4
1564.4
1564.4
1564.4
1564.4
1564.4
1564.4
1564.4
1564.4
1564.4
1564.4
1564.4
1564.4
1564.5
1564.5
1564.5
1564.5
1564.5
1564.5
1564.6
1564.6
1564.6
1564.6
1564.7
1564.7
1564.7
1564.7
1564.8
1564.8
1564.9
1565.4
1565.5
1565.6
1565.7
1565.8
1565.9
1566.7
1567.2
1568.3
1568.6
1568.6
1569.1
1569.2
1569.3
1569.4
1569.5
1569.6
1569.6
1569.6
1569.7
1569.7
1569.7
1569.9
1569.9
1569.9
1569.9
1570.0
1570.1
1570.2
1570.2
1570.3
1570.4
1570.4
1570.5
1570.5
1570.5
1570.6
1570.6
1570.6
1570.6
1570.6
1570.6
1570.8
1570.8
1570.9
1571.1
1571.1
1571.2
1571.2
1571.2
1571.2
1571.2
1571.4
1571.4
1571.5
1571.5
1571.5
1571.6
1571.6
1571.6
1571.7
1571.7
1571.7
1571.7
1571.8
1571.9
1572.0
1572.0
1572.0
1572.0
1572.1
1572.1
1572.1
1572.1
1572.1
1572.1
1572.2
1572.2
1572.2
1572.3
1572.3
1572.3
1572.3
1572.4
1572.4
1572.6
1572.6
1572.6
1572.6
1572.6
1572.7
1572.7
1572.7
1572.7
1572.8
1572.8
1572.9
1572.9
1573.0
1573.0
1573.2
1573.2
1573.4
1573.5
1573.6
1573.7
1574.5
1575.3
1577.6
1579.4
1581.1
1584.7
1588.0
1591.1
1591.8
1593.7
1594.0
1594.2
1595.5
1595.9
1597.0
1597.2
1597.3
1597.4
1597.6
1597.6
1597.7
1597.7
1597.8
1597.8
1597.8
1597.8
1597.9
1597.9
1597.9
1597.9
1598.0
1598.0
1598.0
1598.0
1598.1
1598.1
1598.1
1598.1
1598.1
1598.2
1598.2
1598.2
1598.2
1598.2
1598.2
1598.2
1598.2
1598.2
1598.2
1598.2
1598.3
1598.3
1598.3
1598.3
1598.3
1598.3
1598.3
1598.3
1598.4
1598.4
1598.4
1598.4
1598.4
1598.4
1598.5
1598.5
1598.5
1598.5
1598.5
1598.6
1598.6
1598.6
1598.6
1598.6
1598.7
1598.7
1598.7
1598.7
1598.7
1598.7
1598.8
1598.8
1598.8
1598.8
1598.9
1598.9
1598.9
1598.9
1599.0
1599.0
1599.0
1599.0
1599.1
1599.1
1599.2
1599.2
1599.3
1599.4
1599.5
1599.5
1599.8
1600.1
1600.1
1600.1
1600.2
1600.7
1601.0
1601.1
1602.9
1607.2
1607.8
1608.1
1620.2
1620.4
1620.5
1620.5
1620.5
1620.9
1621.2
1621.7
1621.7
1621.9
1622.0
1622.0
1622.8
1623.4
1623.6
1624.3
1624.7
1624.8
1626.3
1626.9
1627.0
1630.9
1631.0
1632.0
1633.8
1633.9
1634.0
1634.8
1635.4
1640.0
1642.2
1643.6
1651.3
1656.4
1714.2
1714.3
1714.3
1714.3
1714.4
1714.4
1714.4
1714.4
1714.4
1714.4
1714.4
1714.4
1714.4
1714.5
1714.5
1714.5
1714.5
1714.5
1714.5
1714.5
1714.5
1714.5
1714.5
1714.5
1714.5
1714.6
1714.6
1714.6
1714.6
1714.6
1714.6
1714.6
1714.6
1714.6
1714.6
1714.6
1714.6
1714.6
1714.6
1714.6
1714.6
1714.6
1714.6
1714.6
1714.6
1714.6
1714.6
1714.6
1714.7
1714.7
1714.7
1714.7
1714.7
1714.7
1714.7
1714.7
1714.7
1714.7
1714.7
1714.7
1714.7
1714.7
1714.7
1714.8
1714.8
1714.8
1714.8
1714.8
1714.8
1714.8
1714.8
1714.8
1714.8
1714.8
1714.8
1714.8
1714.8
1714.9
1714.9
1714.9
1714.9
1714.9
1714.9
1715.0
1715.0
1715.1
1715.1
1715.1
1715.1
1715.4
1715.4
1715.5
1715.5
1715.6
1715.6
1716.2
1716.5
1716.8
1717.0
1717.1
1718.1
1718.1
1718.1
1718.1
1718.1
1718.1
1718.1
1718.1
1718.1
1718.1
1718.1
1718.1
1718.1
1718.1
1718.1
1718.1
1718.1
1718.1
1718.1
1718.1
1718.1
1718.1
1718.1
1718.1
1718.1
1718.1
1718.1
1718.1
1718.1
1718.1
1718.1
1718.1
1718.1
1718.1
1718.2
1718.2
1718.2
1718.2
1718.2
1718.2
1718.2
1718.2
1718.2
1718.2
1718.2
1718.2
1718.2
1718.2
1718.2
1718.2
1718.2
1718.2
1718.3
1718.3
1718.3
1718.3
1718.3
1718.3
1718.3
1718.3
1718.3
1718.4
1718.4
1718.4
1718.4
1718.4
1718.4
1718.4
1718.5
1718.5
1718.5
1718.6
1718.6
1718.6
1718.6
1718.6
1718.7
1718.7
1718.7
1718.7
1718.8
1718.9
1718.9
1718.9
1719.0
1719.2
1719.3
1719.3
1719.5
1719.8
1719.8
1720.1
1720.2
1720.3
1720.4
1720.6
1721.1
1721.1
1721.1
1721.1
1721.1
1721.1
1721.1
1721.1
1721.1
1721.1
1721.1
1721.2
1721.2
1721.2
1721.2
1721.2
1721.2
1721.3
1721.3
1721.4
1721.4
1721.4
1721.4
1721.5
1721.5
1721.5
1721.6
1721.6
1721.6
1721.6
1721.6
1721.7
1721.7
1721.7
1721.7
1721.8
1721.9
1721.9
1721.9
1722.0
1722.2
1722.3
1722.3
1722.5
1722.8
1722.8
1723.1
1723.3
1723.5
1723.6
1723.8
1724.5
1724.8
1725.0
1725.1
1725.3
1725.5
1725.8
1725.8
1726.2
1726.5
1726.7
1726.8
1727.1
1728.0
1728.1
1728.3
1728.5
1728.6
1728.7
1728.8
1728.9
1729.1
1729.7
1730.0
1730.2
1730.3
1730.3
1730.3
1730.3
1730.3
1730.3
1730.3
1730.3
1730.3
1730.3
1730.3
1730.3
1730.3
1730.3
1730.3
1730.3
1730.3
1730.3
1730.4
1730.4
1730.4
1730.4
1730.4
1730.4
1730.4
1730.4
1730.4
1730.4
1730.4
1730.4
1730.4
1730.4
1730.4
1730.4
1730.4
1730.4
1730.4
1730.4
1730.4
1730.5
1730.5
1730.5
1730.5
1730.5
1730.5
1730.5
1730.5
1730.5
1730.6
1730.6
1730.7
1730.8
1730.9
1730.9
1730.9
1730.9
1731.0
1731.4
1731.6
1731.6
1732.2
1732.3
1732.7
1732.8
1733.1
1733.2
1733.3
1733.8
1734.3
1734.3
1734.3
1734.4
1734.4
1734.4
1734.4
1734.4
1734.4
1734.5
1734.5
1734.5
1734.5
1734.6
1734.6
1734.6
1734.6
1734.6
1734.7
1734.7
1734.7
1734.7
1734.7
1734.7
1734.7
1734.7
1734.8
1734.8
1734.8
1734.8
1734.8
1734.9
1734.9
1734.9
1734.9
1734.9
1734.9
1734.9
1735.0
1735.0
1735.0
1735.0
1735.0
1735.0
1735.0
1735.0
1735.0
1735.0
1735.0
1735.0
1735.1
1735.1
1735.1
1735.1
1735.1
1735.1
1735.1
1735.2
1735.2
1735.2
1735.2
1735.2
1735.2
1735.2
1735.3
1735.3
1735.3
1735.3
1735.3
1735.3
1735.3
1735.3
1735.3
1735.4
1735.4
1735.4
1735.4
1735.4
1735.4
1735.5
1735.5
1735.6
1735.6
1735.7
1735.7
1735.7
1735.7
1735.7
1735.7
1736.0
1736.1
1736.3
1737.1
1737.7
1737.8
1738.5
1738.7
1739.4
1739.4
1739.5
1740.2
1740.3
1740.3
1740.4
1740.5
1740.7
1740.7
1740.8
1740.8
1740.9
1740.9
1741.0
1741.1
1741.1
1741.1
1741.2
1741.2
1741.3
1741.3
1741.3
1741.4
1741.4
1741.4
1741.4
1741.5
1741.5
1741.5
1741.5
1741.6
1741.6
1741.7
1741.8
1741.8
1742.0
1742.0
1742.0
1742.0
1742.0
1742.1
1742.1
1742.2
1742.2
1742.3
1742.3
1742.4
1742.4
1742.5
1742.5
1742.6
1742.6
1742.6
1742.6
1742.6
1742.8
1742.8
1742.8
1742.8
1742.9
1742.9
1742.9
1742.9
1742.9
1742.9
1742.9
1742.9
1743.0
1743.0
1743.1
1743.1
1743.1
1743.1
1743.2
1743.3
1743.3
1743.3
1743.4
1743.4
1743.4
1743.4
1743.5
1743.5
1743.6
1743.7
1743.9
1743.9
1743.9
1744.0
1744.1
1744.1
1744.3
1744.3
1744.3
1745.1
1746.6
1748.3
1749.7
1752.9
1756.4
1759.2
1759.2
1760.1
1790.1
1880.0
1880.0
1880.0
1880.0
1880.0
1880.0
1880.0
1880.1
1880.1
1880.1
1880.1
1880.1
1880.1
1880.1
1880.1
1880.1
1880.1
1880.1
1880.1
1880.1
1880.1
1880.1
1880.1
1880.1
1880.1
1880.1
1880.1
1880.1
1880.1
1880.1
1880.1
1880.1
1880.1
1880.1
1880.1
1880.1
1880.1
1880.2
1880.2
1880.2
1880.2
1880.2
1880.2
1880.2
1880.2
1880.2
1880.2
1880.2
1880.2
1880.2
1880.2
1880.2
1880.2
1880.2
1880.2
1880.2
1880.2
1880.2
1880.2
1880.2
1880.2
1880.2
1880.2
1880.2
1880.2
1880.2
1880.2
1880.3
1880.3
1880.3
1880.3
1880.3
1880.3
1880.3
1880.3
1880.3
1880.3
1880.3
1880.3
1880.3
1880.3
1880.3
1880.3
1880.3
1880.4
1880.4
1880.4
1880.4
1880.5
1880.6
1880.6
1880.8
1880.9
1881.0
1881.1
1881.1
1881.5
1881.9
1882.0
1882.1
1883.5
1883.5
1883.6
1883.6
1883.6
1883.6
1883.6
1883.6
1883.6
1883.6
1883.6
1883.6
1883.6
1883.6
1883.6
1883.6
1883.6
1883.6
1883.6
1883.6
1883.6
1883.6
1883.6
1883.6
1883.6
1883.6
1883.6
1883.6
1883.6
1883.6
1883.6
1883.6
1883.6
1883.6
1883.6
1883.7
1883.7
1883.7
1883.7
1883.7
1883.7
1883.7
1883.7
1883.7
1883.7
1883.7
1883.7
1883.7
1883.7
1883.7
1883.7
1883.7
1883.7
1883.7
1883.8
1883.8
1883.8
1883.8
1883.8
1883.9
1883.9
1883.9
1883.9
1883.9
1883.9
1883.9
1884.0
1884.0
1884.0
1884.0
1884.0
1884.0
1884.1
1884.1
1884.2
1884.2
1884.3
1884.3
1884.3
1884.3
1884.4
1884.4
1884.5
1884.5
1884.6
1884.7
1884.7
1884.8
1885.2
1885.2
1885.2
1885.6
1885.7
1886.0
1886.1
1886.1
1886.6
1886.6
1886.6
1886.6
1886.6
1886.6
1886.6
1886.6
1886.6
1886.6
1886.6
1886.6
1886.6
1886.6
1886.6
1886.7
1886.7
1886.7
1886.7
1886.7
1886.7
1886.7
1886.8
1886.8
1886.8
1886.8
1886.9
1886.9
1886.9
1886.9
1887.0
1887.0
1887.0
1887.0
1887.0
1887.0
1887.0
1887.0
1887.1
1887.1
1887.2
1887.2
1887.3
1887.3
1887.3
1887.3
1887.4
1887.4
1887.5
1887.5
1887.6
1887.7
1887.7
1887.8
1888.2
1888.2
1888.2
1888.7
1888.8
1889.3
1889.3
1889.4
1890.1
1890.3
1890.6
1890.6
1890.7
1890.7
1890.8
1891.2
1891.2
1891.3
1891.8
1892.0
1892.6
1892.7
1892.7
1893.3
1893.5
1893.7
1893.8
1893.8
1894.1
1894.1
1894.3
1894.4
1894.5
1895.0
1895.3
1895.7
1895.7
1895.7
1895.7
1895.7
1895.8
1895.8
1895.8
1895.8
1895.8
1895.8
1895.8
1895.8
1895.8
1895.8
1895.8
1895.8
1895.8
1895.8
1895.8
1895.8
1895.8
1895.8
1895.8
1895.9
1895.9
1895.9
1895.9
1895.9
1895.9
1895.9
1895.9
1895.9
1895.9
1895.9
1895.9
1895.9
1895.9
1895.9
1895.9
1895.9
1895.9
1895.9
1896.0
1896.0
1896.0
1896.0
1896.0
1896.0
1896.0
1896.0
1896.1
1896.1
1896.1
1896.1
1896.1
1896.1
1896.2
1896.2
1896.3
1896.3
1896.5
1896.5
1896.7
1896.7
1896.8
1896.9
1897.1
1897.5
1897.8
1897.8
1897.8
1897.8
1898.0
1898.6
1899.0
1899.8
1899.8
1899.8
1899.9
1899.9
1899.9
1899.9
1899.9
1899.9
1900.0
1900.0
1900.0
1900.0
1900.0
1900.0
1900.1
1900.1
1900.1
1900.1
1900.1
1900.1
1900.2
1900.2
1900.2
1900.2
1900.2
1900.3
1900.3
1900.3
1900.3
1900.3
1900.3
1900.4
1900.4
1900.4
1900.4
1900.4
1900.4
1900.4
1900.4
1900.5
1900.5
1900.5
1900.5
1900.5
1900.5
1900.5
1900.5
1900.5
1900.6
1900.6
1900.6
1900.6
1900.6
1900.6
1900.7
1900.7
1900.7
1900.7
1900.7
1900.8
1900.8
1900.8
1900.8
1900.8
1900.8
1900.8
1900.8
1900.8
1900.9
1900.9
1900.9
1900.9
1900.9
1900.9
1900.9
1900.9
1900.9
1900.9
1900.9
1901.0
1901.0
1901.0
1901.1
1901.1
1901.1
1901.1
1901.2
1901.2
1901.3
1901.3
1901.4
1901.8
1901.9
1902.1
1902.2
1902.2
1902.3
1903.0
1903.7
1904.8
1904.9
1905.1
1905.5
1905.5
1905.6
1905.7
1905.8
1905.9
1905.9
1905.9
1905.9
1906.0
1906.0
1906.2
1906.2
1906.2
1906.3
1906.3
1906.5
1906.5
1906.5
1906.5
1906.5
1906.6
1906.7
1906.7
1906.9
1906.9
1906.9
1906.9
1906.9
1906.9
1907.0
1907.2
1907.2
1907.2
1907.4
1907.4
1907.5
1907.5
1907.6
1907.6
1907.6
1907.7
1907.7
1907.8
1907.8
1907.8
1907.8
1907.9
1907.9
1908.0
1908.0
1908.1
1908.1
1908.1
1908.2
1908.3
1908.3
1908.3
1908.3
1908.3
1908.5
1908.5
1908.5
1908.5
1908.5
1908.5
1908.6
1908.6
1908.6
1908.6
1908.7
1908.7
1908.7
1908.8
1908.8
1908.9
1908.9
1908.9
1909.0
1909.0
1909.0
1909.0
1909.0
1909.1
1909.2
1909.2
1909.3
1909.4
1909.4
1909.5
1909.6
1909.8
1909.9
1909.9
1910.1
1910.1
1911.3
1913.2
1914.0
1914.2
1916.4
1919.8
1920.1
1920.5
1921.6
1922.6
1925.4
1927.5
1927.6
1927.8
1928.6
1929.6
1931.2
1931.4
1932.0
1932.1
1932.1
1932.8
1932.8
1932.9
1932.9
1933.0
1933.0
1933.0
1933.1
1933.1
1933.1
1933.1
1933.2
1933.2
1933.2
1933.2
1933.2
1933.3
1933.3
1933.3
1933.3
1933.4
1933.4
1933.4
1933.5
1933.5
1933.5
1933.5
1933.5
1933.5
1933.5
1933.5
1933.6
1933.6
1933.6
1933.6
1933.6
1933.6
1933.6
1933.6
1933.6
1933.7
1933.7
1933.7
1933.7
1933.7
1933.7
1933.8
1933.8
1933.8
1933.8
1933.9
1933.9
1933.9
1933.9
1933.9
1933.9
1933.9
1933.9
1934.0
1934.0
1934.0
1934.1
1934.1
1934.1
1934.1
1934.2
1934.2
1934.2
1934.2
1934.2
1934.3
1934.3
1934.3
1934.4
1934.4
1934.4
1934.5
1934.5
1934.6
1934.8
1934.9
1934.9
1935.0
1935.1
1935.1
1935.1
1935.2
1935.4
1935.6
1936.5
1936.6
1936.7
1938.8
1941.0
1951.4
1951.5
1951.6
1951.6
1951.7
1951.9
1952.0
1952.1
1952.2
1952.2
1952.2
1952.4
1952.6
1952.7
1952.9
1952.9
1953.0
1953.4
1953.6
1953.6
1953.7
1954.1
1955.2
1955.3
1955.3
1955.4
1955.5
1955.7
1955.9
1956.0
1956.2
1956.2
1956.2
1956.3
1956.4
1957.1
1957.6
1958.3
1958.4
1958.5
1958.7
1958.9
1959.0
1959.0
1959.1
1959.2
1959.4
1959.9
1960.0
1960.0
1960.1
1960.7
1961.0
1961.4
1961.5
1961.7
1962.5
1964.1
1966.4
1966.8
1968.2
1969.8
1970.4
1970.8
1971.3
1974.6
1975.2
1975.5
1976.5
1977.2
1977.6
1978.7
1982.6
1982.8
1983.1
1988.1
2002.7
2050.6
2050.6
2050.6
2050.7
2050.7
2050.7
2050.7
2050.8
2050.8
2050.8
2050.8
2050.8
2050.8
2050.8
2050.8
2050.8
2050.8
2050.8
2050.8
2050.8
2050.9
2050.9
2050.9
2050.9
2050.9
2050.9
2050.9
2050.9
2050.9
2050.9
2050.9
2050.9
2050.9
2050.9
2050.9
2050.9
2050.9
2050.9
2050.9
2050.9
2050.9
2050.9
2050.9
2050.9
2051.0
2051.0
2051.0
2051.0
2051.0
2051.0
2051.0
2051.0
2051.0
2051.0
2051.0
2051.0
2051.0
2051.0
2051.0
2051.0
2051.0
2051.0
2051.0
2051.1
2051.1
2051.1
2051.1
2051.1
2051.1
2051.1
2051.1
2051.1
2051.1
2051.1
2051.1
2051.1
2051.1
2051.2
2051.2
2051.2
2051.2
2051.2
2051.2
2051.3
2051.3
2051.4
2051.4
2051.4
2051.4
2051.7
2051.7
2051.7
2051.8
2051.8
2051.9
2052.4
2052.7
2053.0
2053.2
2053.4
2054.4
2054.4
2054.4
2054.4
2054.4
2054.4
2054.4
2054.4
2054.4
2054.4
2054.4
2054.4
2054.4
2054.4
2054.4
2054.4
2054.4
2054.4
2054.4
2054.4
2054.4
2054.4
2054.4
2054.4
2054.4
2054.4
2054.4
2054.4
2054.4
2054.4
2054.4
2054.4
2054.4
2054.4
2054.4
2054.4
2054.4
2054.5
2054.5
2054.5
2054.5
2054.5
2054.5
2054.5
2054.5
2054.5
2054.5
2054.5
2054.5
2054.5
2054.5
2054.5
2054.6
2054.6
2054.6
2054.6
2054.6
2054.6
2054.6
2054.6
2054.6
2054.7
2054.7
2054.7
2054.7
2054.7
2054.7
2054.8
2054.8
2054.8
2054.8
2054.9
2054.9
2054.9
2055.0
2055.0
2055.0
2055.0
2055.0
2055.0
2055.1
2055.1
2055.2
2055.2
2055.3
2055.5
2055.6
2055.7
2055.8
2056.1
2056.1
2056.4
2056.5
2056.6
2056.7
2056.9
2057.4
2057.4
2057.4
2057.4
2057.4
2057.4
2057.4
2057.4
2057.4
2057.4
2057.4
2057.5
2057.5
2057.5
2057.5
2057.5
2057.5
2057.5
2057.6
2057.6
2057.6
2057.7
2057.7
2057.7
2057.7
2057.8
2057.8
2057.9
2057.9
2057.9
2057.9
2058.0
2058.0
2058.0
2058.0
2058.0
2058.0
2058.1
2058.1
2058.2
2058.2
2058.3
2058.5
2058.6
2058.7
2058.8
2059.1
2059.1
2059.4
2059.6
2059.8
2059.9
2060.1
2060.8
2061.1
2061.3
2061.4
2061.8
2062.1
2062.1
2062.5
2062.8
2063.0
2063.2
2063.5
2064.4
2064.4
2064.5
2064.8
2065.0
2065.1
2065.1
2065.3
2065.5
2066.0
2066.4
2066.5
2066.5
2066.5
2066.5
2066.6
2066.6
2066.6
2066.6
2066.6
2066.6
2066.6
2066.6
2066.6
2066.6
2066.6
2066.6
2066.6
2066.6
2066.6
2066.6
2066.6
2066.6
2066.7
2066.7
2066.7
2066.7
2066.7
2066.7
2066.7
2066.7
2066.7
2066.7
2066.7
2066.7
2066.7
2066.7
2066.7
2066.7
2066.7
2066.7
2066.8
2066.8
2066.8
2066.8
2066.8
2066.8
2066.8
2066.8
2066.8
2066.9
2066.9
2066.9
2067.0
2067.0
2067.1
2067.1
2067.2
2067.2
2067.3
2067.3
2067.4
2067.8
2068.0
2068.0
2068.6
2068.7
2069.1
2069.3
2069.5
2069.6
2069.6
2070.2
2070.6
2070.6
2070.6
2070.7
2070.7
2070.7
2070.7
2070.7
2070.8
2070.8
2070.8
2070.8
2070.9
2070.9
2070.9
2070.9
2070.9
2070.9
2071.0
2071.0
2071.0
2071.0
2071.0
2071.1
2071.1
2071.1
2071.1
2071.1
2071.1
2071.1
2071.1
2071.2
2071.2
2071.2
2071.2
2071.2
2071.3
2071.3
2071.3
2071.3
2071.3
2071.3
2071.3
2071.3
2071.3
2071.3
2071.4
2071.4
2071.4
2071.4
2071.4
2071.4
2071.4
2071.4
2071.4
2071.4
2071.5
2071.5
2071.5
2071.5
2071.5
2071.5
2071.5
2071.6
2071.6
2071.6
2071.6
2071.6
2071.6
2071.6
2071.6
2071.6
2071.6
2071.6
2071.6
2071.7
2071.7
2071.7
2071.7
2071.8
2071.8
2071.9
2071.9
2071.9
2071.9
2072.0
2072.0
2072.0
2072.1
2072.4
2072.5
2072.7
2073.5
2074.1
2074.3
2074.8
2075.0
2075.5
2075.7
2075.7
2076.6
2076.6
2076.6
2076.7
2076.9
2076.9
2076.9
2077.1
2077.1
2077.3
2077.3
2077.3
2077.4
2077.4
2077.4
2077.4
2077.4
2077.5
2077.6
2077.7
2077.7
2077.7
2077.7
2077.7
2077.8
2077.8
2077.8
2077.9
2077.9
2077.9
2078.0
2078.1
2078.2
2078.3
2078.3
2078.3
2078.3
2078.3
2078.3
2078.3
2078.5
2078.5
2078.6
2078.6
2078.7
2078.7
2078.8
2078.8
2078.8
2078.9
2078.9
2078.9
2079.0
2079.0
2079.1
2079.1
2079.1
2079.1
2079.2
2079.2
2079.2
2079.2
2079.2
2079.2
2079.2
2079.3
2079.3
2079.3
2079.4
2079.4
2079.4
2079.5
2079.6
2079.6
2079.6
2079.7
2079.7
2079.7
2079.7
2079.7
2079.7
2079.9
2079.9
2080.1
2080.1
2080.2
2080.3
2080.4
2080.4
2080.5
2080.6
2080.6
2081.6
2082.6
2083.1
2084.2
2085.1
2086.6
2086.8
2088.9
2090.6
2100.3
2112.9
2116.8
2216.3
2216.3
2216.3
2216.4
2216.4
2216.4
2216.4
2216.4
2216.4
2216.4
2216.4
2216.4
2216.4
2216.4
2216.4
2216.4
2216.4
2216.4
2216.4
2216.5
2216.5
2216.5
2216.5
2216.5
2216.5
2216.5
2216.5
2216.5
2216.5
2216.5
2216.5
2216.5
2216.5
2216.5
2216.5
2216.5
2216.5
2216.5
2216.5
2216.5
2216.5
2216.5
2216.5
2216.5
2216.5
2216.5
2216.5
2216.6
2216.6
2216.6
2216.6
2216.6
2216.6
2216.6
2216.6
2216.6
2216.6
2216.6
2216.6
2216.6
2216.6
2216.6
2216.6
2216.6
2216.6
2216.6
2216.6
2216.6
2216.6
2216.6
2216.6
2216.6
2216.6
2216.6
2216.6
2216.6
2216.6
2216.6
2216.6
2216.6
2216.7
2216.7
2216.7
2216.7
2216.7
2216.7
2216.7
2216.7
2216.8
2216.9
2216.9
2217.1
2217.2
2217.3
2217.4
2217.4
2217.8
2218.1
2218.2
2218.3
2219.8
2219.8
2219.8
2219.8
2219.8
2219.8
2219.8
2219.8
2219.8
2219.8
2219.8
2219.8
2219.8
2219.8
2219.8
2219.8
2219.8
2219.8
2219.9
2219.9
2219.9
2219.9
2219.9
2219.9
2219.9
2219.9
2219.9
2219.9
2219.9
2219.9
2219.9
2219.9
2219.9
2219.9
2219.9
2219.9
2219.9
2219.9
2219.9
2219.9
2219.9
2219.9
2219.9
2220.0
2220.0
2220.0
2220.0
2220.0
2220.0
2220.0
2220.0
2220.0
2220.0
2220.0
2220.0
2220.0
2220.1
2220.1
2220.1
2220.1
2220.1
2220.1
2220.1
2220.2
2220.2
2220.2
2220.3
2220.3
2220.3
2220.3
2220.3
2220.3
2220.3
2220.4
2220.5
2220.5
2220.5
2220.5
2220.5
2220.6
2220.6
2220.6
2220.8
2220.8
2220.8
2220.9
2221.0
2221.0
2221.4
2221.4
2221.5
2221.7
2221.9
2222.2
2222.3
2222.3
2222.7
2222.8
2222.8
2222.8
2222.8
2222.8
2222.8
2222.8
2222.8
2222.8
2222.8
2222.8
2222.9
2222.9
2222.9
2222.9
2222.9
2222.9
2222.9
2223.0
2223.0
2223.0
2223.1
2223.1
2223.1
2223.1
2223.1
2223.1
2223.1
2223.2
2223.2
2223.3
2223.3
2223.3
2223.3
2223.3
2223.3
2223.4
2223.5
2223.5
2223.5
2223.5
2223.5
2223.6
2223.6
2223.6
2223.8
2223.8
2223.8
2223.9
2224.0
2224.0
2224.4
2224.4
2224.5
2224.8
2225.0
2225.4
2225.5
2225.5
2226.1
2226.4
2226.6
2226.7
2226.9
2227.0
2227.4
2227.4
2227.5
2227.9
2228.1
2228.7
2228.7
2228.8
2229.5
2229.5
2229.7
2229.8
2230.1
2230.1
2230.4
2230.5
2230.6
2231.1
2231.5
2232.0
2232.0
2232.0
2232.0
2232.0
2232.0
2232.0
2232.0
2232.0
2232.0
2232.1
2232.1
2232.1
2232.1
2232.1
2232.1
2232.1
2232.1
2232.1
2232.1
2232.1
2232.1
2232.1
2232.1
2232.1
2232.1
2232.1
2232.1
2232.1
2232.1
2232.1
2232.1
2232.1
2232.1
2232.2
2232.2
2232.2
2232.2
2232.2
2232.2
2232.2
2232.2
2232.2
2232.2
2232.2
2232.2
2232.2
2232.3
2232.3
2232.3
2232.3
2232.3
2232.3
2232.3
2232.4
2232.4
2232.4
2232.4
2232.5
2232.6
2232.7
2232.9
2232.9
2233.0
2233.1
2233.2
2233.5
2233.8
2233.9
2233.9
2234.0
2234.2
2234.8
2235.2
2235.9
2236.0
2236.1
2236.1
2236.1
2236.2
2236.2
2236.2
2236.2
2236.3
2236.3
2236.3
2236.3
2236.3
2236.3
2236.3
2236.4
2236.4
2236.4
2236.4
2236.5
2236.5
2236.5
2236.5
2236.5
2236.5
2236.5
2236.5
2236.6
2236.6
2236.6
2236.6
2236.6
2236.6
2236.7
2236.7
2236.7
2236.7
2236.7
2236.7
2236.7
2236.7
2236.8
2236.8
2236.8
2236.8
2236.8
2236.8
2236.8
2236.8
2236.9
2236.9
2236.9
2236.9
2236.9
2237.0
2237.0
2237.0
2237.0
2237.0
2237.0
2237.0
2237.0
2237.1
2237.1
2237.1
2237.1
2237.1
2237.1
2237.1
2237.1
2237.1
2237.1
2237.1
2237.2
2237.2
2237.2
2237.2
2237.2
2237.2
2237.3
2237.3
2237.3
2237.4
2237.4
2237.4
2237.4
2237.5
2237.5
2237.5
2237.6
2237.6
2238.0
2238.2
2238.3
2238.4
2238.5
2238.6
2239.4
2240.0
2241.0
2241.2
2241.3
2241.8
2241.9
2242.0
2242.1
2242.2
2242.2
2242.3
2242.3
2242.4
2242.4
2242.5
2242.6
2242.6
2242.6
2242.7
2242.7
2242.7
2242.9
2242.9
2243.0
2243.1
2243.1
2243.1
2243.1
2243.2
2243.2
2243.2
2243.2
2243.3
2243.3
2243.3
2243.4
2243.5
2243.5
2243.8
2243.8
2243.9
2243.9
2243.9
2243.9
2243.9
2244.0
2244.1
2244.1
2244.1
2244.2
2244.2
2244.2
2244.3
2244.4
2244.4
2244.4
2244.5
2244.5
2244.6
2244.6
2244.6
2244.7
2244.7
2244.8
2244.8
2244.8
2244.8
2244.8
2244.8
2244.8
2244.9
2244.9
2245.0
2245.0
2245.0
2245.1
2245.1
2245.1
2245.2
2245.3
2245.3
2245.3
2245.3
2245.3
2245.4
2245.5
2245.5
2245.5
2245.6
2245.6
2245.7
2245.8
2245.9
2245.9
2245.9
2246.2
2246.2
2246.4
2246.5
2247.2
2248.8
2250.1
2252.7
2253.4
2256.0
2261.5
2262.7
2263.0
2263.4
2266.8
2267.2
2267.4
2267.8
2268.5
2268.6
2268.7
2268.9
2268.9
2269.1
2269.1
2269.2
2269.2
2269.2
2269.2
2269.2
2269.2
2269.3
2269.3
2269.3
2269.3
2269.3
2269.3
2269.4
2269.4
2269.5
2269.5
2269.5
2269.5
2269.5
2269.6
2269.6
2269.6
2269.6
2269.6
2269.6
2269.6
2269.6
2269.6
2269.6
2269.7
2269.7
2269.7
2269.7
2269.7
2269.7
2269.7
2269.7
2269.8
2269.8
2269.8
2269.8
2269.8
2269.8
2269.9
2269.9
2269.9
2269.9
2269.9
2269.9
2270.0
2270.0
2270.0
2270.0
2270.0
2270.1
2270.1
2270.1
2270.1
2270.1
2270.2
2270.2
2270.2
2270.2
2270.3
2270.3
2270.3
2270.3
2270.4
2270.4
2270.4
2270.4
2270.5
2270.5
2270.6
2270.7
2270.8
2270.9
2271.1
2271.1
2271.5
2271.6
2271.7
2271.7
2271.8
2271.8
2272.3
2272.7
2273.1
2274.1
2286.2
2286.2
2286.2
2286.2
2286.2
2286.4
2286.4
2286.5
2286.5
2286.5
2286.6
2286.7
2286.8
2286.9
2286.9
2287.1
2287.2
2287.4
2287.6
2287.7
2287.7
2288.8
2288.9
2289.0
2289.1
2289.2
2289.3
2289.4
2289.4
2289.6
2289.6
2289.7
2289.7
2290.0
2290.0
2291.0
2291.2
2291.5
2291.5
2291.6
2291.8
2292.2
2292.6
2292.7
2292.9
2293.1
2293.2
2293.3
2293.8
2293.9
2294.2
2294.2
2294.5
2294.9
2295.0
2295.1
2295.4
2295.6
2296.0
2296.5
2297.2
2297.4
2297.5
2297.6
2297.9
2298.2
2298.8
2298.9
2299.8
2299.9
2300.0
2301.3
2301.6
2301.8
2301.9
2302.7
2302.8
2303.8
2304.3
2304.5
2305.1
2305.2
2305.8
2307.6
2307.6
2308.3
2308.5
2309.6
2311.7
2312.2
2329.4
2329.8
2331.5
2387.0
2387.0
2387.1
2387.1
2387.1
2387.2
2387.2
2387.2
2387.2
2387.2
2387.2
2387.2
2387.2
2387.2
2387.2
2387.2
2387.2
2387.2
2387.3
2387.3
2387.3
2387.3
2387.3
2387.3
2387.3
2387.3
2387.3
2387.3
2387.3
2387.3
2387.3
2387.3
2387.3
2387.3
2387.3
2387.3
2387.3
2387.3
2387.3
2387.3
2387.3
2387.3
2387.3
2387.4
2387.4
2387.4
2387.4
2387.4
2387.4
2387.4
2387.4
2387.4
2387.4
2387.4
2387.4
2387.4
2387.4
2387.4
2387.4
2387.4
2387.4
2387.5
2387.5
2387.5
2387.5
2387.5
2387.5
2387.5
2387.5
2387.5
2387.5
2387.5
2387.5
2387.5
2387.5
2387.5
2387.5
2387.6
2387.6
2387.6
2387.6
2387.6
2387.6
2387.6
2387.7
2387.7
2387.8
2387.8
2387.8
2388.0
2388.0
2388.1
2388.2
2388.2
2388.3
2388.8
2389.1
2389.4
2389.6
2389.8
2390.7
2390.7
2390.8
2390.8
2390.8
2390.8
2390.8
2390.8
2390.8
2390.8
2390.8
2390.8
2390.8
2390.8
2390.8
2390.8
2390.8
2390.8
2390.8
2390.8
2390.8
2390.8
2390.8
2390.8
2390.8
2390.8
2390.8
2390.8
2390.8
2390.8
2390.8
2390.8
2390.8
2390.8
2390.8
2390.8
2390.8
2390.8
2390.8
2390.8
2390.8
2390.9
2390.9
2390.9
2390.9
2390.9
2390.9
2390.9
2390.9
2390.9
2390.9
2390.9
2390.9
2390.9
2390.9
2390.9
2390.9
2390.9
2391.0
2391.0
2391.0
2391.0
2391.0
2391.1
2391.1
2391.1
2391.1
2391.1
2391.2
2391.2
2391.2
2391.2
2391.2
2391.3
2391.3
2391.3
2391.3
2391.4
2391.4
2391.4
2391.5
2391.5
2391.6
2391.6
2391.7
2391.9
2392.0
2392.1
2392.2
2392.5
2392.5
2392.8
2392.9
2392.9
2393.0
2393.3
2393.7
2393.8
2393.8
2393.8
2393.8
2393.8
2393.8
2393.8
2393.9
2393.9
2393.9
2393.9
2393.9
2393.9
2393.9
2393.9
2393.9
2393.9
2393.9
2394.0
2394.0
2394.0
2394.1
2394.1
2394.1
2394.1
2394.2
2394.2
2394.2
2394.2
2394.3
2394.3
2394.3
2394.3
2394.3
2394.4
2394.4
2394.4
2394.5
2394.5
2394.6
2394.6
2394.7
2394.9
2395.0
2395.1
2395.2
2395.5
2395.5
2395.8
2396.0
2396.1
2396.2
2396.5
2397.1
2397.4
2397.6
2397.7
2398.2
2398.5
2398.5
2398.9
2399.2
2399.4
2399.5
2399.8
2400.7
2400.8
2400.9
2401.2
2401.3
2401.4
2401.5
2401.7
2401.9
2402.4
2402.7
2402.9
2402.9
2402.9
2402.9
2402.9
2402.9
2402.9
2402.9
2403.0
2403.0
2403.0
2403.0
2403.0
2403.0
2403.0
2403.0
2403.0
2403.0
2403.0
2403.0
2403.0
2403.0
2403.0
2403.0
2403.0
2403.0
2403.0
2403.0
2403.1
2403.1
2403.1
2403.1
2403.1
2403.1
2403.1
2403.1
2403.1
2403.1
2403.1
2403.1
2403.1
2403.1
2403.1
2403.2
2403.2
2403.2
2403.2
2403.2
2403.2
2403.2
2403.2
2403.3
2403.3
2403.3
2403.4
2403.4
2403.5
2403.5
2403.6
2403.6
2403.7
2403.7
2404.1
2404.3
2404.4
2404.9
2405.0
2405.5
2405.6
2405.9
2405.9
2406.0
2406.5
2406.9
2407.0
2407.0
2407.0
2407.0
2407.0
2407.0
2407.1
2407.1
2407.2
2407.2
2407.2
2407.2
2407.3
2407.3
2407.3
2407.3
2407.3
2407.3
2407.4
2407.4
2407.4
2407.4
2407.4
2407.4
2407.4
2407.5
2407.5
2407.5
2407.5
2407.5
2407.5
2407.5
2407.6
2407.6
2407.6
2407.6
2407.6
2407.6
2407.7
2407.7
2407.7
2407.7
2407.7
2407.7
2407.7
2407.7
2407.7
2407.7
2407.7
2407.8
2407.8
2407.8
2407.8
2407.8
2407.8
2407.8
2407.8
2407.8
2407.8
2407.9
2407.9
2407.9
2407.9
2407.9
2407.9
2408.0
2408.0
2408.0
2408.0
2408.0
2408.0
2408.0
2408.0
2408.0
2408.0
2408.1
2408.1
2408.1
2408.2
2408.2
2408.2
2408.2
2408.3
2408.3
2408.3
2408.3
2408.3
2408.4
2408.7
2408.8
2409.0
2409.9
2410.4
2410.6
2411.3
2411.5
2412.1
2412.2
2412.2
2412.9
2412.9
2413.0
2413.1
2413.2
2413.4
2413.4
2413.4
2413.5
2413.6
2413.6
2413.6
2413.7
2413.7
2413.8
2413.9
2413.9
2413.9
2414.0
2414.0
2414.1
2414.1
2414.1
2414.1
2414.2
2414.2
2414.2
2414.2
2414.4
2414.4
2414.4
2414.6
2414.6
2414.6
2414.6
2414.7
2414.7
2414.7
2414.7
2414.8
2414.9
2414.9
2415.0
2415.0
2415.1
2415.1
2415.1
2415.2
2415.2
2415.3
2415.4
2415.4
2415.4
2415.4
2415.4
2415.4
2415.5
2415.5
2415.5
2415.5
2415.5
2415.6
2415.6
2415.6
2415.6
2415.7
2415.7
2415.7
2415.7
2415.8
2415.8
2415.9
2415.9
2416.0
2416.0
2416.0
2416.0
2416.1
2416.1
2416.1
2416.1
2416.3
2416.3
2416.4
2416.4
2416.6
2416.7
2416.7
2416.8
2416.8
2417.0
2417.0
2417.8
2419.5
2421.0
2422.7
2425.9
2426.6
2432.2
2433.8
2434.3
2434.4
2437.6
2442.7
2552.6
2552.7
2552.7
2552.7
2552.7
2552.7
2552.7
2552.7
2552.7
2552.8
2552.8
2552.8
2552.8
2552.8
2552.8
2552.8
2552.8
2552.8
2552.8
2552.8
2552.8
2552.8
2552.8
2552.8
2552.8
2552.8
2552.8
2552.8
2552.8
2552.8
2552.8
2552.8
2552.8
2552.8
2552.8
2552.8
2552.8
2552.8
2552.8
2552.9
2552.9
2552.9
2552.9
2552.9
2552.9
2552.9
2552.9
2552.9
2552.9
2552.9
2552.9
2552.9
2552.9
2552.9
2552.9
2552.9
2552.9
2552.9
2552.9
2552.9
2552.9
2552.9
2552.9
2552.9
2552.9
2552.9
2552.9
2552.9
2552.9
2552.9
2552.9
2553.0
2553.0
2553.0
2553.0
2553.0
2553.0
2553.0
2553.0
2553.0
2553.0
2553.0
2553.0
2553.0
2553.0
2553.1
2553.1
2553.1
2553.2
2553.2
2553.3
2553.4
2553.5
2553.7
2553.8
2553.8
2554.2
2554.5
2554.5
2554.7
2556.1
2556.1
2556.2
2556.2
2556.2
2556.2
2556.2
2556.2
2556.2
2556.2
2556.2
2556.2
2556.2
2556.2
2556.2
2556.2
2556.2
2556.2
2556.2
2556.2
2556.2
2556.2
2556.2
2556.2
2556.2
2556.2
2556.2
2556.2
2556.2
2556.2
2556.2
2556.2
2556.2
2556.2
2556.2
2556.3
2556.3
2556.3
2556.3
2556.3
2556.3
2556.3
2556.3
2556.3
2556.3
2556.3
2556.3
2556.3
2556.3
2556.3
2556.3
2556.3
2556.3
2556.3
2556.3
2556.4
2556.4
2556.4
2556.4
2556.5
2556.5
2556.5
2556.5
2556.5
2556.5
2556.5
2556.6
2556.6
2556.6
2556.6
2556.6
2556.7
2556.7
2556.7
2556.8
2556.8
2556.9
2556.9
2556.9
2556.9
2557.0
2557.0
2557.1
2557.1
2557.1
2557.2
2557.3
2557.3
2557.7
2557.8
2557.8
2558.1
2558.2
2558.5
2558.6
2558.7
2559.1
2559.2
2559.2
2559.2
2559.2
2559.2
2559.2
2559.2
2559.2
2559.2
2559.2
2559.2
2559.2
2559.2
2559.3
2559.3
2559.3
2559.3
2559.3
2559.3
2559.4
2559.4
2559.4
2559.4
2559.5
2559.5
2559.5
2559.6
2559.6
2559.6
2559.6
2559.6
2559.7
2559.7
2559.7
2559.8
2559.8
2559.9
2559.9
2559.9
2559.9
2560.0
2560.0
2560.1
2560.1
2560.1
2560.2
2560.3
2560.3
2560.7
2560.8
2560.8
2561.1
2561.3
2561.8
2561.8
2561.9
2562.5
2562.7
2563.0
2563.0
2563.2
2563.3
2563.7
2563.8
2563.8
2564.2
2564.5
2565.1
2565.1
2565.1
2565.9
2565.9
2566.2
2566.2
2566.3
2566.4
2566.4
2566.8
2566.9
2566.9
2567.5
2567.8
2568.3
2568.3
2568.3
2568.3
2568.3
2568.3
2568.4
2568.4
2568.4
2568.4
2568.4
2568.4
2568.4
2568.4
2568.4
2568.4
2568.4
2568.4
2568.4
2568.4
2568.4
2568.4
2568.4
2568.5
2568.5
2568.5
2568.5
2568.5
2568.5
2568.5
2568.5
2568.5
2568.5
2568.5
2568.5
2568.5
2568.5
2568.5
2568.5
2568.5
2568.5
2568.5
2568.5
2568.5
2568.5
2568.6
2568.6
2568.6
2568.6
2568.6
2568.7
2568.7
2568.7
2568.7
2568.7
2568.7
2568.8
2568.8
2568.8
2568.9
2569.0
2569.1
2569.2
2569.3
2569.3
2569.4
2569.5
2569.8
2570.1
2570.1
2570.2
2570.4
2570.5
2571.1
2571.5
2572.3
2572.4
2572.4
2572.5
2572.5
2572.5
2572.5
2572.6
2572.6
2572.6
2572.6
2572.6
2572.6
2572.7
2572.7
2572.7
2572.7
2572.7
2572.7
2572.7
2572.8
2572.8
2572.8
2572.8
2572.9
2572.9
2572.9
2572.9
2572.9
2572.9
2572.9
2573.0
2573.0
2573.0
2573.0
2573.0
2573.0
2573.0
2573.0
2573.0
2573.1
2573.1
2573.1
2573.1
2573.1
2573.2
2573.2
2573.2
2573.2
2573.2
2573.2
2573.2
2573.2
2573.2
2573.2
2573.3
2573.3
2573.3
2573.3
2573.3
2573.4
2573.4
2573.4
2573.4
2573.4
2573.5
2573.5
2573.5
2573.5
2573.5
2573.5
2573.5
2573.5
2573.5
2573.5
2573.5
2573.5
2573.5
2573.5
2573.6
2573.6
2573.6
2573.6
2573.7
2573.7
2573.8
2573.8
2573.8
2573.8
2573.8
2573.9
2573.9
2574.1
2574.4
2574.5
2574.6
2574.6
2574.8
2575.5
2576.1
2577.3
2577.4
2577.7
2578.2
2578.3
2578.4
2578.4
2578.4
2578.6
2578.6
2578.7
2578.7
2578.7
2578.7
2578.8
2578.9
2579.0
2579.0
2579.0
2579.1
2579.2
2579.2
2579.3
2579.3
2579.4
2579.4
2579.4
2579.5
2579.5
2579.6
2579.6
2579.6
2579.6
2579.7
2579.8
2579.8
2579.8
2579.9
2580.1
2580.2
2580.2
2580.2
2580.2
2580.3
2580.3
2580.4
2580.4
2580.5
2580.5
2580.5
2580.5
2580.6
2580.6
2580.6
2580.7
2580.7
2580.7
2580.8
2580.9
2581.0
2581.0
2581.0
2581.1
2581.1
2581.1
2581.1
2581.2
2581.2
2581.2
2581.2
2581.2
2581.3
2581.3
2581.3
2581.3
2581.4
2581.4
2581.4
2581.4
2581.5
2581.6
2581.6
2581.6
2581.6
2581.7
2581.7
2581.7
2581.8
2581.8
2581.9
2582.0
2582.1
2582.2
2582.2
2582.5
2582.6
2582.7
2582.8
2582.9
2584.1
2587.4
2588.2
2590.3
2594.4
2597.4
2603.6
2603.7
2603.9
2604.3
2604.4
2604.9
2604.9
2605.4
2605.6
2605.8
2605.8
2606.0
2606.1
2606.1
2606.2
2606.2
2606.2
2606.2
2606.3
2606.3
2606.3
2606.3
2606.3
2606.3
2606.4
2606.4
2606.4
2606.5
2606.5
2606.5
2606.5
2606.6
2606.6
2606.6
2606.6
2606.6
2606.6
2606.6
2606.6
2606.6
2606.6
2606.6
2606.7
2606.7
2606.7
2606.7
2606.7
2606.7
2606.8
2606.8
2606.8
2606.8
2606.8
2606.8
2606.8
2606.8
2606.8
2606.9
2606.9
2606.9
2606.9
2606.9
2607.0
2607.0
2607.0
2607.0
2607.0
2607.1
2607.1
2607.1
2607.1
2607.1
2607.1
2607.2
2607.2
2607.2
2607.3
2607.3
2607.3
2607.3
2607.3
2607.4
2607.4
2607.4
2607.4
2607.5
2607.6
2607.6
2607.6
2607.7
2607.8
2607.9
2608.0
2608.5
2608.6
2608.6
2608.7
2608.8
2609.4
2611.4
2624.7
2624.7
2624.8
2624.9
2625.0
2625.1
2625.2
2625.3
2625.4
2625.4
2625.4
2625.5
2625.6
2625.7
2626.0
2626.1
2626.4
2626.5
2626.9
2626.9
2627.2
2628.7
2628.8
2628.8
2629.0
2629.1
2629.3
2629.5
2629.6
2629.7
2629.8
2629.8
2630.0
2630.0
2632.4
2632.6
2632.6
2633.0
2633.1
2633.1
2633.3
2633.5
2633.6
2633.7
2634.1
2634.2
2634.3
2634.7
2635.2
2635.2
2635.4
2636.1
2636.2
2637.0
2638.5
2638.7
2638.9
2640.1
2646.7
2646.9
2647.1
2650.7
2723.2
2723.3
2723.3
2723.3
2723.3
2723.3
2723.4
2723.4
2723.4
2723.4
2723.4
2723.4
2723.4
2723.5
2723.5
2723.5
2723.5
2723.5
2723.5
2723.5
2723.5
2723.5
2723.5
2723.5
2723.5
2723.5
2723.5
2723.5
2723.5
2723.5
2723.6
2723.6
2723.6
2723.6
2723.6
2723.6
2723.6
2723.6
2723.6
2723.6
2723.6
2723.6
2723.6
2723.6
2723.6
2723.6
2723.6
2723.6
2723.7
2723.7
2723.7
2723.7
2723.7
2723.7
2723.7
2723.7
2723.7
2723.7
2723.7
2723.7
2723.7
2723.7
2723.7
2723.7
2723.7
2723.8
2723.8
2723.8
2723.8
2723.8
2723.8
2723.8
2723.8
2723.8
2723.8
2723.8
2723.8
2723.8
2723.8
2723.8
2723.9
2723.9
2723.9
2723.9
2724.0
2724.0
2724.0
2724.1
2724.1
2724.3
2724.3
2724.4
2724.5
2724.5
2724.6
2725.1
2725.4
2725.7
2725.9
2726.1
2727.0
2727.0
2727.0
2727.0
2727.0
2727.0
2727.0
2727.0
2727.0
2727.0
2727.0
2727.0
2727.0
2727.0
2727.0
2727.1
2727.1
2727.1
2727.1
2727.1
2727.1
2727.1
2727.1
2727.1
2727.1
2727.1
2727.1
2727.1
2727.1
2727.1
2727.1
2727.1
2727.1
2727.1
2727.1
2727.1
2727.1
2727.1
2727.1
2727.1
2727.1
2727.1
2727.1
2727.1
2727.1
2727.2
2727.2
2727.2
2727.2
2727.2
2727.2
2727.2
2727.2
2727.2
2727.2
2727.2
2727.2
2727.3
2727.3
2727.3
2727.3
2727.3
2727.3
2727.3
2727.4
2727.4
2727.4
2727.4
2727.4
2727.5
2727.5
2727.5
2727.5
2727.6
2727.6
2727.6
2727.6
2727.6
2727.7
2727.7
2727.8
2727.8
2727.9
2727.9
2728.0
2728.2
2728.2
2728.3
2728.5
2728.7
2728.7
2729.0
2729.2
2729.2
2729.4
2729.5
2730.0
2730.0
2730.0
2730.0
2730.0
2730.0
2730.0
2730.0
2730.1
2730.1
2730.1
2730.1
2730.1
2730.1
2730.2
2730.2
2730.2
2730.2
2730.2
2730.2
2730.3
2730.3
2730.3
2730.3
2730.4
2730.4
2730.4
2730.4
2730.4
2730.5
2730.5
2730.5
2730.5
2730.6
2730.6
2730.6
2730.6
2730.6
2730.7
2730.7
2730.8
2730.8
2730.9
2730.9
2731.0
2731.2
2731.2
2731.3
2731.5
2731.7
2731.7
2732.1
2732.2
2732.4
2732.5
2732.8
2733.4
2733.7
2733.9
2734.0
2734.2
2734.3
2734.5
2734.7
2734.7
2735.2
2735.4
2735.7
2735.8
2736.1
2737.0
2737.2
2737.3
2737.4
2737.6
2737.7
2737.8
2737.9
2738.1
2738.6
2739.0
2739.2
2739.2
2739.2
2739.2
2739.2
2739.2
2739.2
2739.2
2739.2
2739.2
2739.2
2739.3
2739.3
2739.3
2739.3
2739.3
2739.3
2739.3
2739.3
2739.3
2739.3
2739.3
2739.3
2739.3
2739.3
2739.3
2739.3
2739.3
2739.3
2739.3
2739.3
2739.4
2739.4
2739.4
2739.4
2739.4
2739.4
2739.4
2739.4
2739.4
2739.4
2739.4
2739.4
2739.4
2739.5
2739.5
2739.5
2739.5
2739.5
2739.5
2739.5
2739.6
2739.7
2739.7
2739.7
2739.8
2739.8
2739.9
2739.9
2739.9
2740.0
2740.4
2740.6
2740.6
2741.2
2741.3
2741.7
2741.8
2742.1
2742.2
2742.2
2742.8
2743.2
2743.2
2743.3
2743.3
2743.3
2743.3
2743.3
2743.4
2743.4
2743.4
2743.5
2743.5
2743.5
2743.5
2743.5
2743.6
2743.6
2743.6
2743.6
2743.6
2743.6
2743.6
2743.6
2743.7
2743.7
2743.7
2743.7
2743.8
2743.8
2743.8
2743.8
2743.8
2743.8
2743.8
2743.8
2743.9
2743.9
2743.9
2743.9
2743.9
2744.0
2744.0
2744.0
2744.0
2744.0
2744.0
2744.0
2744.0
2744.0
2744.0
2744.0
2744.0
2744.0
2744.0
2744.1
2744.1
2744.1
2744.1
2744.1
2744.1
2744.2
2744.2
2744.2
2744.2
2744.2
2744.2
2744.2
2744.2
2744.2
2744.3
2744.3
2744.3
2744.3
2744.3
2744.3
2744.3
2744.3
2744.4
2744.4
2744.4
2744.5
2744.5
2744.5
2744.6
2744.6
2744.6
2744.6
2744.6
2744.7
2745.0
2745.1
2745.3
2746.0
2746.5
2746.7
2747.3
2747.4
2747.8
2748.0
2748.1
2748.9
2749.1
2749.1
2749.2
2749.2
2749.5
2749.5
2749.6
2749.6
2749.6
2749.7
2749.7
2749.8
2749.9
2750.0
2750.0
2750.0
2750.1
2750.1
2750.1
2750.2
2750.3
2750.3
2750.3
2750.3
2750.4
2750.4
2750.4
2750.5
2750.5
2750.6
2750.6
2750.7
2750.8
2750.9
2750.9
2750.9
2750.9
2750.9
2750.9
2750.9
2751.1
2751.1
2751.2
2751.2
2751.3
2751.3
2751.3
2751.4
2751.4
2751.5
2751.5
2751.5
2751.6
2751.6
2751.7
2751.7
2751.7
2751.7
2751.8
2751.8
2751.8
2751.8
2751.8
2751.8
2751.8
2751.9
2751.9
2752.0
2752.0
2752.0
2752.0
2752.2
2752.2
2752.2
2752.3
2752.3
2752.3
2752.3
2752.3
2752.4
2752.4
2752.5
2752.5
2752.7
2752.7
2752.8
2752.9
2753.0
2753.1
2753.2
2753.3
2753.5
2754.6
2754.8
2756.4
2757.2
2758.5
2759.0
2759.8
2761.2
2765.5
2771.4
2777.3
2889.0
2889.0
2889.0
2889.1
2889.1
2889.1
2889.1
2889.1
2889.1
2889.1
2889.1
2889.1
2889.1
2889.1
2889.1
2889.1
2889.1
2889.1
2889.1
2889.1
2889.1
2889.1
2889.1
2889.1
2889.1
2889.1
2889.1
2889.2
2889.2
2889.2
2889.2
2889.2
2889.2
2889.2
2889.2
2889.2
2889.2
2889.2
2889.2
2889.2
2889.2
2889.2
2889.2
2889.2
2889.2
2889.2
2889.2
2889.2
2889.2
2889.2
2889.2
2889.3
2889.3
2889.3
2889.3
2889.3
2889.3
2889.3
2889.3
2889.3
2889.3
2889.3
2889.3
2889.3
2889.3
2889.3
2889.3
2889.3
2889.3
2889.3
2889.3
2889.3
2889.3
2889.3
2889.3
2889.3
2889.4
2889.4
2889.4
2889.4
2889.4
2889.4
2889.4
2889.4
2889.5
2889.5
2889.5
2889.5
2889.6
2889.7
2889.7
2889.9
2890.0
2890.1
2890.2
2890.3
2890.6
2891.0
2891.1
2891.2
2892.5
2892.5
2892.5
2892.5
2892.6
2892.6
2892.6
2892.6
2892.6
2892.6
2892.6
2892.6
2892.6
2892.6
2892.6
2892.6
2892.6
2892.6
2892.6
2892.6
2892.6
2892.6
2892.6
2892.6
2892.6
2892.6
2892.6
2892.6
2892.6
2892.6
2892.6
2892.6
2892.7
2892.7
2892.7
2892.7
2892.7
2892.7
2892.7
2892.7
2892.7
2892.7
2892.7
2892.7
2892.7
2892.7
2892.7
2892.7
2892.7
2892.7
2892.7
2892.7
2892.7
2892.8
2892.8
2892.8
2892.8
2892.8
2892.9
2892.9
2892.9
2892.9
2892.9
2892.9
2893.0
2893.0
2893.0
2893.1
2893.1
2893.1
2893.1
2893.1
2893.1
2893.1
2893.3
2893.3
2893.3
2893.3
2893.3
2893.4
2893.4
2893.4
2893.6
2893.6
2893.6
2893.7
2893.8
2893.8
2894.2
2894.2
2894.3
2894.6
2894.7
2895.0
2895.1
2895.2
2895.5
2895.6
2895.6
2895.6
2895.6
2895.6
2895.6
2895.6
2895.6
2895.6
2895.6
2895.7
2895.7
2895.7
2895.7
2895.7
2895.7
2895.7
2895.7
2895.7
2895.7
2895.8
2895.8
2895.8
2895.9
2895.9
2895.9
2895.9
2895.9
2895.9
2896.0
2896.0
2896.0
2896.0
2896.1
2896.1
2896.1
2896.1
2896.1
2896.1
2896.1
2896.1
2896.3
2896.3
2896.3
2896.3
2896.3
2896.4
2896.4
2896.4
2896.6
2896.6
2896.6
2896.7
2896.8
2896.8
2897.2
2897.2
2897.3
2897.7
2897.8
2898.3
2898.3
2898.4
2899.1
2899.3
2899.6
2899.6
2899.7
2899.8
2900.2
2900.3
2900.3
2900.8
2901.1
2901.7
2901.7
2901.7
2902.4
2902.5
2902.6
2902.7
2902.8
2902.9
2903.2
2903.2
2903.3
2903.4
2903.5
2904.1
2904.4
2904.7
2904.7
2904.7
2904.7
2904.7
2904.7
2904.7
2904.8
2904.8
2904.8
2904.8
2904.8
2904.8
2904.8
2904.8
2904.8
2904.8
2904.8
2904.8
2904.8
2904.8
2904.9
2904.9
2904.9
2904.9
2904.9
2904.9
2904.9
2904.9
2904.9
2904.9
2904.9
2904.9
2904.9
2904.9
2904.9
2904.9
2904.9
2904.9
2904.9
2905.0
2905.0
2905.0
2905.0
2905.0
2905.0
2905.0
2905.0
2905.1
2905.1
2905.1
2905.1
2905.1
2905.1
2905.2
2905.2
2905.2
2905.2
2905.3
2905.4
2905.5
2905.5
2905.7
2905.8
2905.9
2906.0
2906.3
2906.7
2906.8
2906.9
2906.9
2907.0
2907.1
2907.7
2908.1
2908.8
2908.9
2908.9
2908.9
2909.0
2909.0
2909.0
2909.0
2909.0
2909.0
2909.0
2909.0
2909.1
2909.1
2909.1
2909.1
2909.2
2909.2
2909.2
2909.2
2909.2
2909.2
2909.3
2909.3
2909.3
2909.3
2909.3
2909.3
2909.3
2909.3
2909.4
2909.4
2909.4
2909.4
2909.4
2909.4
2909.4
2909.4
2909.5
2909.5
2909.5
2909.5
2909.5
2909.5
2909.5
2909.6
2909.6
2909.6
2909.6
2909.6
2909.6
2909.6
2909.6
2909.6
2909.6
2909.7
2909.7
2909.7
2909.7
2909.7
2909.8
2909.8
2909.8
2909.8
2909.8
2909.9
2909.9
2909.9
2909.9
2909.9
2909.9
2909.9
2909.9
2909.9
2909.9
2909.9
2909.9
2909.9
2910.0
2910.0
2910.0
2910.0
2910.0
2910.1
2910.1
2910.2
2910.2
2910.2
2910.2
2910.3
2910.3
2910.6
2911.1
2911.1
2911.2
2911.5
2911.5
2911.6
2912.3
2912.9
2914.1
2914.2
2914.2
2914.6
2914.7
2914.8
2914.8
2915.0
2915.0
2915.0
2915.1
2915.1
2915.1
2915.2
2915.3
2915.3
2915.3
2915.4
2915.4
2915.5
2915.5
2915.6
2915.6
2915.7
2915.8
2915.8
2915.9
2915.9
2915.9
2915.9
2915.9
2916.0
2916.0
2916.0
2916.2
2916.2
2916.2
2916.5
2916.5
2916.5
2916.6
2916.6
2916.6
2916.7
2916.7
2916.8
2916.8
2916.8
2916.9
2916.9
2917.0
2917.0
2917.1
2917.1
2917.1
2917.2
2917.3
2917.3
2917.3
2917.3
2917.3
2917.4
2917.5
2917.5
2917.5
2917.5
2917.5
2917.5
2917.6
2917.6
2917.6
2917.7
2917.7
2917.7
2917.8
2917.8
2917.8
2917.9
2918.0
2918.0
2918.0
2918.0
2918.0
2918.1
2918.1
2918.2
2918.2
2918.3
2918.4
2918.4
2918.5
2918.5
2918.6
2918.8
2918.9
2918.9
2919.1
2919.1
2919.4
2920.7
2922.1
2923.2
2924.1
2925.7
2928.2
2929.8
2930.0
2930.5
2934.0
2934.4
2936.1
2937.1
2938.9
2939.1
2939.7
2940.1
2940.8
2940.8
2940.9
2941.1
2941.2
2941.5
2941.6
2941.6
2941.7
2941.7
2941.8
2941.8
2941.9
2941.9
2941.9
2941.9
2941.9
2941.9
2941.9
2941.9
2941.9
2942.0
2942.1
2942.1
2942.1
2942.2
2942.2
2942.2
2942.2
2942.2
2942.2
2942.2
2942.2
2942.2
2942.3
2942.3
2942.3
2942.3
2942.3
2942.3
2942.3
2942.3
2942.3
2942.3
2942.4
2942.4
2942.4
2942.4
2942.4
2942.5
2942.5
2942.5
2942.5
2942.5
2942.6
2942.6
2942.6
2942.6
2942.6
2942.6
2942.7
2942.7
2942.7
2942.7
2942.7
2942.8
2942.8
2942.8
2942.8
2942.9
2942.9
2942.9
2942.9
2943.0
2943.0
2943.0
2943.0
2943.1
2943.1
2943.2
2943.3
2943.3
2943.4
2943.5
2943.6
2943.7
2943.7
2943.8
2943.8
2943.9
2944.0
2944.2
2944.4
2945.5
2945.9
2947.4
2955.5
2958.5
2958.5
2958.5
2958.6
2958.7
2958.7
2958.8
2958.8
2958.8
2959.0
2959.1
2959.3
2959.3
2959.4
2959.5
2959.6
2959.6
2959.9
2960.1
2960.2
2960.6
2961.2
2961.4
2961.4
2961.5
2961.6
2961.6
2961.8
2961.9
2961.9
2961.9
2962.0
2962.1
2962.1
2962.3
2962.5
2962.7
2963.3
2964.2
2964.3
2964.4
2964.4
2964.7
2965.0
2965.1
2965.2
2965.3
2965.4
2965.5
2965.7
2965.8
2965.8
2965.9
2966.0
2966.4
2966.5
2966.7
2966.9
2966.9
2967.0
2967.5
2967.6
2968.4
2968.9
2969.1
2969.7
2969.8
2970.6
2971.1
2971.5
2971.5
2972.0
2972.2
2972.5
2973.0
2973.1
2973.2
2973.4
2973.9
2974.3
2974.9
2975.8
2975.8
2976.6
2977.4
2977.5
2977.8
2978.8
2978.9
2981.8
2982.0
2982.4
2988.9
2989.1
2991.0
2993.1
2996.6
