690
726
557
575
735
546
636
707
555
610
623
641
702
511
513
534
614
621
625
706
781
472
512
533
567
605
715
743
496
521
565
568
573
607
674
682
683
703
725
761
400
444
455
463
483
494
510
515
541
550
562
593
603
630
651
684
714
720
721
335
447
451
470
480
493
517
531
540
543
549
563
587
604
611
620
640
646
647
699
700
712
738
741
746
770
773
379
433
448
452
465
489
491
501
506
520
524
548
556
574
594
596
598
606
612
617
642
693
705
717
723
751
755
759
332
369
426
429
445
457
466
469
473
492
503
522
523
535
539
559
570
576
582
586
632
652
660
685
687
692
704
716
728
737
777
331
435
453
460
479
495
514
519
532
537
542
551
553
566
600
601
639
650
662
664
679
696
719
724
729
731
742
745
748
764
784
325
347
405
425
430
434
438
474
475
481
509
552
583
584
591
595
615
618
619
627
628
631
649
659
673
676
680
711
736
749
754
769
785
297
316
318
350
360
384
391
401
406
442
450
458
464
485
499
518
526
528
538
571
578
579
589
590
626
629
645
655
665
669
681
686
718
732
739
780
794
805
812
266
289
334
337
343
345
354
361
380
399
412
413
414
428
432
478
498
507
525
544
577
597
637
643
654
657
663
668
670
678
701
762
779
249
295
304
344
349
352
381
388
393
402
408
415
443
446
467
471
490
497
500
504
554
608
671
675
691
713
730
757
798
261
310
315
320
358
367
372
373
374
376
389
424
436
456
477
486
561
581
616
644
661
667
722
740
750
758
765
766
771
789
814
277
308
338
365
370
371
378
385
390
418
437
461
462
487
502
508
529
558
569
580
585
588
609
613
622
624
672
768
776
786
790
793
801
264
298
299
311
319
323
333
368
394
398
417
449
530
592
658
708
744
778
788
792
796
803
811
248
281
364
377
410
411
431
454
459
484
505
634
688
697
747
752
775
221
245
255
256
258
259
269
284
287
294
313
317
346
351
355
362
382
395
396
421
476
572
599
656
689
709
710
782
787
791
799
243
246
254
263
265
268
285
300
303
306
327
366
383
387
392
407
409
419
440
516
527
635
638
677
698
800
807
222
238
275
276
280
288
307
312
326
328
329
341
375
386
439
564
602
633
666
694
767
783
795
802
806
191
227
234
270
273
290
292
309
322
342
397
403
420
422
560
756
772
810
817
197
205
219
223
241
267
282
291
321
404
427
441
547
653
760
774
216
218
224
231
237
271
278
283
305
353
359
416
545
818
822
825
194
240
252
286
293
324
348
356
363
468
482
536
815
816
846
187
200
215
247
296
301
330
733
813
834
214
217
229
232
244
251
339
340
357
804
828
209
236
253
336
423
488
819
844
174
202
220
250
272
274
695
753
809
820
843
183
193
198
204
230
827
832
168
186
199
207
210
212
239
734
824
837
849
856
162
189
196
203
208
257
279
727
808
829
853
170
178
179
184
211
225
228
302
763
831
838
850
860
188
190
192
226
648
833
842
852
164
176
181
235
163
185
195
826
836
863
206
213
242
260
153
158
160
165
177
233
262
797
823
830
839
858
173
175
182
841
851
855
201
821
861
167
169
171
840
877
180
845
152
314
854
161
166
130
135
137
147
159
835
867
868
870
134
140
154
150
848
857
124
155
156
847
865
871
132
136
864
873
139
148
149
157
862
876
146
151
172
142
144
126
859
866
141
869
872
879
117
120
878
881
884
138
875
890
109
129
883
122
127
118
131
145
116
119
128
897
107
889
125
880
114
882
105
121
133
891
106
123
874
886
108
96
893
901
115
143
887
888
101
112
892
899
110
885
113
97
894
898
87
102
103
896
100
903
99
91
111
914
86
93
98
77
904
104
95
89
910
76
81
83
84
88
906
912
895
82
90
900
902
92
80
915
917
94
927
913
79
85
907
923
922
919
70
916
925
921
75
930
65
920
67
72
911
926
62
936
78
63
928
908
945
69
918
71
934
68
905
952
61
66
943
73
949
937
924
74
59
55
941
939
64
940
938
909
58
932
60
931
933
53
944
57
929
50
54
946
51
45
958
935
49
52
46
56
957
48
955
40
43
950
965
38
36
942
956
44
690
546
555
557
575
511
512
513
400
455
472
534
636
707
726
335
444
483
494
496
510
515
533
610
621
623
625
641
735
379
433
447
448
451
463
465
470
480
493
521
562
565
567
573
605
614
702
706
426
429
452
457
466
469
489
541
543
549
550
568
607
715
331
332
369
405
425
434
435
438
445
475
491
501
506
517
520
522
523
524
531
540
548
563
593
603
630
674
682
703
720
725
743
325
401
430
432
450
453
460
473
474
479
481
492
514
537
556
574
576
586
587
594
596
598
604
606
611
617
620
640
651
683
684
781
289
318
347
350
360
406
412
413
428
442
458
495
503
519
532
535
539
551
559
570
582
612
642
646
647
700
714
761
297
316
334
337
343
345
354
361
380
384
391
393
399
408
414
446
464
478
485
499
500
509
518
526
538
542
552
553
583
660
693
699
712
716
717
721
723
738
741
266
295
304
315
344
349
352
358
372
374
376
381
388
389
402
424
436
443
456
467
471
498
507
528
566
579
591
595
600
601
632
639
652
662
673
685
692
705
746
751
755
759
770
773
249
261
308
310
320
323
338
367
370
371
373
390
415
461
462
477
487
490
497
504
525
544
571
584
589
615
618
626
627
645
649
650
664
669
679
680
686
687
704
719
728
298
299
311
365
368
378
385
398
418
437
486
502
508
577
578
581
590
597
619
628
629
631
659
670
676
696
711
724
729
731
737
742
745
764
777
784
277
281
319
333
355
377
394
396
410
417
459
554
561
608
637
654
655
663
665
668
675
678
681
718
748
749
754
264
268
313
317
327
346
362
364
383
411
431
449
454
484
529
558
569
643
657
661
667
671
732
736
739
255
258
259
284
285
287
294
300
303
306
341
351
366
375
382
387
392
395
407
421
440
476
505
530
580
585
588
609
616
622
624
644
691
701
713
722
730
757
769
780
245
254
256
263
265
269
280
288
326
328
386
403
409
419
572
613
740
750
762
779
785
238
243
246
248
275
276
290
292
307
309
312
322
329
342
397
420
516
592
634
672
688
794
798
805
812
221
270
273
291
321
353
404
416
422
427
439
441
527
564
635
638
658
689
697
708
752
758
765
766
768
771
776
222
227
234
267
278
282
305
359
363
482
560
599
656
677
744
778
786
790
793
252
271
293
301
324
348
356
468
602
666
698
709
710
747
788
789
792
801
803
814
191
219
224
237
241
247
283
330
340
357
536
545
547
633
775
796
197
205
223
231
286
296
339
653
694
767
787
811
194
216
218
240
244
251
336
423
756
800
232
236
272
488
782
783
795
799
807
200
215
217
229
250
253
760
791
802
214
220
274
772
774
806
187
209
279
302
733
202
204
239
257
695
810
817
822
198
207
230
753
183
186
211
212
225
228
734
815
816
818
168
174
193
196
199
203
208
210
226
260
727
804
813
825
189
235
262
648
846
184
192
242
809
819
828
178
179
190
820
834
162
170
185
195
213
176
181
188
763
808
829
844
206
314
824
827
832
163
164
233
837
838
843
165
177
849
201
831
833
175
856
860
173
182
823
850
853
153
158
160
797
836
842
852
171
826
830
180
167
169
821
839
863
166
855
840
152
841
851
858
147
845
861
161
835
877
154
854
135
140
159
130
134
137
150
155
172
870
857
156
848
868
862
867
124
136
139
847
865
146
148
151
149
157
132
142
871
144
859
864
873
866
126
876
141
869
120
875
138
879
881
872
884
122
129
131
878
883
890
118
117
128
127
145
874
880
891
133
889
897
107
109
119
125
143
886
116
882
901
121
888
123
114
899
893
112
885
892
105
894
898
887
106
101
113
115
108
110
96
87
97
903
111
904
103
896
102
912
895
902
100
900
914
99
93
910
104
906
91
915
77
95
98
89
88
86
90
76
913
923
81
917
84
927
907
79
85
916
922
82
80
690
557
575
593
636
641
647
707
726
735
546
555
565
567
586
596
605
607
610
614
617
621
623
625
630
640
642
646
651
652
674
682
702
703
706
714
715
720
721
737
741
743
781
513
515
533
534
541
548
549
550
562
563
568
573
574
582
584
587
591
594
598
600
601
603
604
606
611
612
618
620
629
632
637
650
659
662
665
676
679
680
683
684
699
700
705
712
716
717
719
725
738
746
759
761
472
496
511
512
520
521
531
535
537
539
540
543
551
552
553
556
559
561
566
571
576
579
581
583
589
590
595
597
609
613
615
619
626
628
631
639
643
644
645
649
654
655
660
661
663
664
669
670
671
673
685
686
687
692
693
696
711
723
724
731
732
736
742
745
748
749
751
754
755
770
777
784
483
489
491
494
503
506
510
514
517
518
519
523
524
528
532
538
542
544
554
558
569
570
578
585
588
599
602
608
616
624
627
634
657
658
667
668
675
678
681
691
701
704
708
713
718
722
728
729
730
739
740
747
750
757
758
762
769
773
400
444
455
463
466
470
480
492
493
495
499
500
501
504
509
522
526
529
572
577
580
592
622
633
635
638
653
656
666
672
677
688
689
697
709
710
744
764
768
778
779
780
788
793
798
426
433
434
447
448
451
452
457
458
464
465
469
473
474
475
479
481
486
497
498
502
507
508
525
527
530
547
560
564
694
698
752
760
765
766
771
775
776
785
786
787
789
794
805
406
413
414
425
428
429
430
435
442
445
446
450
453
460
461
471
477
478
485
487
490
505
516
536
545
727
733
734
753
756
767
772
774
790
792
795
799
803
812
331
332
335
347
360
369
379
399
401
402
405
408
411
412
415
418
424
432
437
438
439
449
456
459
462
467
476
484
648
695
782
783
791
800
801
318
325
334
337
344
345
350
352
354
358
361
365
367
368
370
371
374
376
380
381
383
384
385
387
388
389
391
394
398
410
417
421
422
431
436
440
443
454
796
802
811
814
289
295
297
304
315
316
320
338
343
349
351
355
362
364
366
372
373
375
377
378
382
390
392
393
395
396
397
403
407
409
416
419
420
427
441
468
482
488
763
806
261
266
277
281
285
298
299
306
308
310
311
317
319
323
327
333
341
346
386
404
807
815
249
255
258
259
264
275
280
284
287
288
294
300
303
305
307
309
312
313
322
326
328
329
340
342
348
353
356
359
363
423
804
808
817
818
824
825
221
245
248
254
256
263
265
268
269
270
276
278
282
283
290
291
292
321
330
336
339
357
809
810
819
820
828
219
222
234
237
238
243
246
267
271
273
286
293
296
301
324
816
829
833
837
227
241
247
250
252
253
272
279
302
797
813
822
823
827
832
197
205
231
236
240
244
251
260
274
830
834
191
194
200
215
216
218
220
223
224
228
229
230
232
239
257
314
838
196
198
209
212
214
217
225
226
262
831
839
846
186
187
199
202
233
242
826
836
844
192
193
195
203
204
207
210
211
213
235
821
840
168
174
179
183
184
189
190
208
835
841
842
843
849
850
170
176
178
181
188
201
206
845
853
162
185
851
860
175
177
180
852
854
855
861
163
164
165
169
171
173
182
858
863
153
158
160
166
167
172
856
859
862
847
857
870
152
848
868
147
155
161
864
150
151
154
866
877
134
146
156
159
869
871
137
139
140
149
874
124
130
135
136
148
157
865
132
142
867
141
144
872
873
875
126
138
143
145
876
880
122
127
131
884
117
128
133
879
881
890
120
129
878
883
125
882
885
886
114
116
123
115
118
119
121
109
113
891
107
108
110
889
111
888
105
106
892
112
897
96
102
901
87
97
894
101
887
100
103
895
99
893
899
98
898
903
896
93
104
90
95
904
89
91
86
77
84
902
912
906
76
88
914
81
915
900
85
79
82
917
913
907
910
80
927
923
94
83
92
916
922
75
70
72
65
67
69
73
61
62
66
63
68
71
78
74
55
59
53
690
64
911
60
58
51
54
919
56
45
921
57
50
48
49
52
930
46
934
43
920
943
926
936
557
908
909
949
40
918
925
931
952
38
941
945
928
940
905
929
937
933
944
939
44
924
938
513
958
36
935
575
932
335
946
555
332
249
707
735
955
957
846
950
534
942
191
781
331
843
965
623
706
814
853
956
496
856
610
812
116
546
162
849
130
636
297
863
109
455
316
447
860
852
164
877
129
861
266
844
858
850
91
96
124
47
168
135
34
818
379
889
867
33
77
35
28
107
86
510
41
480
550
565
567
586
593
596
603
605
606
607
614
617
630
641
646
647
651
472
512
515
518
521
528
533
535
537
538
539
540
541
542
548
549
552
553
556
557
559
562
563
566
568
571
573
574
575
576
581
582
583
584
587
589
591
594
595
598
600
604
608
609
611
612
615
618
620
621
625
626
629
631
632
637
640
642
650
652
659
662
674
682
690
702
714
715
720
721
726
737
738
743
483
489
491
492
493
494
495
499
500
506
507
508
509
511
517
519
520
522
523
524
525
531
534
543
544
546
551
554
555
558
560
561
569
570
578
579
580
585
588
590
597
599
601
602
610
613
616
619
623
627
628
635
636
639
643
644
645
649
654
655
657
658
660
663
665
668
669
670
671
673
675
676
679
680
683
684
685
687
692
693
696
699
700
703
705
711
712
716
717
719
725
728
731
732
735
736
741
742
745
746
748
751
442
444
446
448
450
451
458
463
464
466
470
474
479
481
487
498
501
502
503
504
513
514
526
527
529
530
532
536
545
547
564
572
577
592
622
624
633
634
638
653
656
661
664
666
667
672
677
678
681
686
688
689
691
698
701
704
707
708
710
713
718
722
723
724
729
730
739
744
749
750
754
755
757
758
759
761
769
773
777
784
400
414
425
426
428
429
430
433
434
435
445
452
457
460
461
465
467
469
471
473
475
476
477
478
484
485
486
490
496
497
505
516
694
697
706
709
727
740
747
762
768
770
775
776
778
779
780
781
787
788
793
411
412
413
415
417
418
421
422
424
432
436
437
438
439
440
443
449
453
454
455
456
459
462
468
482
488
510
648
695
733
734
752
753
756
760
764
765
766
767
771
772
774
785
786
789
790
792
794
795
798
805
347
369
374
384
390
391
394
398
399
401
402
405
406
407
408
410
416
423
431
441
447
783
791
800
803
344
349
350
351
352
354
358
360
361
365
367
368
370
371
372
373
376
377
378
380
381
382
383
385
386
387
388
389
392
393
395
396
397
403
404
409
419
420
427
480
763
782
796
799
801
802
318
334
337
338
343
345
346
348
355
359
362
364
366
375
379
315
320
323
325
327
335
340
341
342
353
356
357
363
804
806
807
809
811
812
815
824
289
303
304
308
310
311
312
317
319
326
328
329
332
333
336
339
808
817
820
825
833
261
284
285
288
295
298
299
300
305
306
307
309
313
321
322
324
330
331
797
810
814
823
256
258
275
277
278
280
281
282
283
287
290
294
296
297
301
302
316
813
816
819
827
828
829
830
837
255
259
263
264
265
267
268
269
270
276
286
291
292
293
314
822
831
832
834
838
839
245
248
252
254
266
271
273
274
279
821
836
221
234
237
238
243
244
246
249
250
251
253
260
272
818
826
840
219
222
227
232
239
240
241
247
257
262
835
841
842
205
224
225
228
229
230
231
236
845
854
200
212
215
216
217
218
220
223
226
235
242
851
194
196
197
198
199
209
214
233
844
846
855
186
187
192
195
202
204
207
210
211
213
843
849
857
859
862
179
181
190
191
193
203
206
208
848
850
853
864
176
183
184
188
189
201
847
174
178
180
852
860
861
870
874
165
170
171
177
182
185
856
865
866
868
869
163
167
169
172
175
858
863
158
160
166
168
173
871
872
873
152
153
155
162
875
877
880
885
147
150
154
156
161
164
876
878
884
146
151
159
881
886
134
139
157
867
879
882
883
137
140
141
148
149
890
136
142
888
132
138
143
144
891
892
126
130
131
133
145
895
897
135
894
120
122
123
124
125
127
128
887
901
117
893
899
119
898
903
113
114
118
121
896
906
115
889
105
108
110
111
129
904
907
914
102
900
902
112
116
912
97
101
106
915
917
99
100
109
98
107
87
913
96
103
89
93
104
927
90
95
910
922
81
923
84
88
916
76
82
85
79
91
80
86
77
911
94
920
83
908
919
92
921
75
926
928
905
78
930
936
65
69
909
924
943
67
72
918
925
929
940
73
74
934
937
952
70
931
945
62
68
63
949
61
66
933
941
71
935
939
944
64
938
958
932
946
58
59
950
942
53
55
56
45
54
60
957
48
51
57
955
43
49
50
52
40
956
38
46
965
44
36
690
47
34
814
853
35
557
33
28
846
843
811
726
781
856
960
877
794
41
335
513
863
822
812
810
961
954
967
332
770
575
735
805
153
973
975
463
807
947
953
37
568
773
884
901
761
948
444
825
871
963
964
702
249
785
844
325
191
369
707
445
465
861
429
27
39
796
890
892
879
470
555
451
114
625
533
872
621
837
897
849
343
851
791
828
511
870
187
29
189
819
534
834
850
983
962
19
32
24
76
134
162
817
927
116
852
974
337
881
17
18
31
473
876
891
910
977
868
452
904
951
959
15
855
989
531
706
917
972
816
84
978
966
789
827
860
79
520
883
896
405
777
16
799
221
448
227
838
9
873
915
469
90
26
144
970
923
899
457
889
10
87
310
875
755
683
42
216
354
494
703
479
543
700
501
573
223
607
623
712
460
567
610
614
620
641
503
611
705
746
792
893
517
522
524
630
636
682
684
693
725
493
496
506
541
562
587
632
642
660
674
704
715
741
743
749
764
523
540
546
570
578
584
593
601
603
604
612
626
627
639
646
647
649
651
664
680
685
687
699
711
721
751
779
790
472
549
551
556
565
590
595
597
605
619
650
662
663
668
692
716
723
724
748
780
782
809
521
537
542
548
550
563
574
583
586
591
594
596
598
606
615
628
631
640
654
665
670
675
678
679
686
691
696
701
719
728
731
737
742
745
759
766
769
771
798
481
491
498
509
512
525
526
554
559
566
576
589
600
618
624
634
645
652
655
657
659
661
667
669
714
717
718
720
729
738
758
803
886
968
438
466
489
492
507
515
519
532
535
539
544
552
553
571
580
582
585
608
622
629
633
643
676
681
713
736
739
754
757
784
485
495
514
528
558
564
569
577
579
581
588
592
613
616
617
635
637
644
656
671
673
694
697
722
732
750
752
788
808
818
393
426
430
471
474
475
477
483
497
502
504
510
529
538
547
561
638
672
677
688
689
698
709
710
730
762
776
786
793
802
859
865
447
453
464
499
500
505
518
530
572
599
602
609
658
666
708
733
740
747
760
772
800
801
858
380
399
400
401
455
478
486
490
516
527
560
653
744
768
778
783
806
826
866
433
450
462
467
480
756
765
774
775
218
415
443
456
459
461
476
484
487
508
536
545
695
753
767
787
795
813
331
388
402
417
432
435
454
458
648
763
831
350
384
406
410
425
428
436
449
488
823
829
367
373
381
389
391
394
407
408
413
418
421
424
431
434
437
442
446
468
727
734
845
869
358
372
395
409
412
419
482
797
804
815
840
906
20
360
374
379
392
396
398
422
427
441
690
824
832
847
848
862
345
361
371
385
387
390
414
440
820
833
836
316
333
347
355
362
366
370
376
377
382
403
839
841
289
323
338
352
364
365
368
383
386
404
411
420
439
557
842
319
375
378
397
416
334
344
346
359
575
726
854
304
318
320
341
342
349
351
353
356
821
315
363
423
735
880
299
326
328
329
348
357
513
707
830
295
297
308
317
336
568
702
895
311
312
321
555
625
835
867
298
300
313
322
330
339
340
533
621
761
781
894
284
292
294
324
327
463
534
268
281
303
305
306
307
309
511
982
266
276
291
293
444
470
194
261
286
288
451
465
259
265
270
282
287
290
296
302
770
857
874
885
887
243
255
264
269
275
429
445
531
706
914
238
252
256
263
277
280
283
285
301
773
912
241
271
274
278
473
882
898
254
267
273
452
520
215
878
234
245
248
258
272
314
335
369
913
244
246
251
812
864
217
253
279
448
794
785
805
205
220
250
260
332
137
232
239
257
202
219
222
236
811
814
200
229
231
237
343
405
922
197
230
247
262
325
224
228
240
902
104
106
337
469
210
235
777
791
184
188
198
214
225
242
23
208
209
211
174
212
226
233
796
916
206
207
789
175
178
179
186
213
807
900
182
183
204
173
176
196
177
185
193
199
203
169
201
810
142
192
195
888
170
93
80
166
136
249
168
190
457
148
163
799
825
154
181
903
180
164
165
822
6
310
147
158
152
171
907
819
817
145
167
117
159
108
160
97
161
155
156
828
949
157
172
846
130
139
837
131
132
149
151
121
221
109
140
227
119
146
150
354
843
905
191
816
135
124
122
126
85
138
187
129
143
125
127
921
941
856
82
113
827
920
189
120
128
909
105
118
89
103
115
844
91
141
925
110
112
223
216
853
944
834
96
479
924
81
102
111
926
930
123
133
494
919
98
849
162
936
981
88
99
70
101
153
918
107
62
218
30
850
861
931
3
979
95
100
92
940
501
77
83
943
683
911
72
67
86
933
939
65
855
987
94
51
63
71
877
69
945
460
75
66
863
73
55
74
59
78
53
61
134
68
45
971
56
851
870
908
144
38
58
60
64
57
938
43
48
54
929
194
928
935
40
49
36
50
46
934
52
946
114
44
400
472
483
512
521
565
318
334
347
379
414
425
426
433
434
435
442
446
455
458
466
489
492
493
496
506
510
515
541
546
550
562
563
567
573
586
593
594
596
603
605
610
614
617
641
674
690
715
720
261
266
277
289
295
297
304
316
320
335
344
345
349
350
352
358
360
361
370
374
378
384
388
390
391
399
401
406
408
411
412
413
418
424
428
430
432
438
444
447
450
451
453
463
464
474
475
478
480
481
485
491
494
495
498
499
500
504
508
509
511
513
514
517
518
519
522
523
524
528
532
535
537
538
539
540
542
548
549
552
553
556
557
559
566
570
574
575
576
582
583
587
595
598
600
604
606
607
611
612
620
623
629
630
636
640
646
647
651
652
682
714
721
725
726
743
245
248
255
256
258
259
263
264
265
269
280
281
284
285
287
294
298
299
300
303
306
307
308
311
313
315
317
319
323
325
327
331
332
333
338
346
351
354
364
365
367
368
369
371
372
373
376
377
380
381
383
385
386
387
389
393
394
395
398
402
410
415
417
420
421
422
429
436
437
439
440
443
445
448
449
452
454
456
457
461
462
465
467
470
471
477
484
486
487
490
497
503
505
507
525
526
529
530
533
534
543
544
551
555
561
568
571
578
579
581
584
585
588
589
590
591
601
608
609
613
615
618
619
621
625
626
627
628
631
632
637
639
642
643
645
650
654
659
660
662
665
669
670
673
676
679
680
684
685
687
692
693
696
699
700
702
703
704
705
707
712
716
717
723
728
735
737
738
741
742
746
219
222
224
234
237
243
246
249
254
267
268
270
273
275
276
278
282
283
288
290
301
305
309
310
312
321
322
324
326
328
329
337
340
341
342
343
348
353
355
359
362
366
375
382
392
396
397
403
404
405
407
409
416
419
423
431
441
459
460
469
473
476
479
482
501
502
520
527
531
545
554
558
560
569
572
577
580
592
597
599
602
616
622
624
635
644
649
655
657
658
661
663
664
667
668
671
675
678
681
683
686
688
689
691
701
706
711
713
718
719
724
729
730
731
732
736
739
745
748
749
751
754
759
769
784
197
205
229
231
232
238
240
244
247
250
252
253
271
286
291
292
293
296
330
336
339
356
357
363
427
468
516
536
547
564
633
634
638
653
656
666
672
677
697
698
708
710
722
740
744
747
750
755
757
758
761
762
764
765
768
770
776
780
781
793
199
200
207
214
215
217
220
221
225
230
236
239
241
251
257
272
274
279
302
488
694
695
709
752
756
766
767
771
773
775
778
779
786
787
788
790
798
181
186
192
193
196
198
202
204
209
212
223
226
227
228
235
242
260
262
314
648
727
733
734
753
760
772
774
777
783
785
792
794
795
801
803
168
174
179
183
184
190
191
194
195
203
208
210
211
213
216
218
782
800
805
165
170
176
178
185
187
188
206
233
763
789
796
802
806
815
158
160
163
164
167
171
177
180
182
189
201
791
804
811
812
814
820
169
173
175
799
807
809
813
824
833
152
153
161
162
166
172
797
808
810
817
818
823
825
829
830
832
147
150
154
155
156
159
822
831
836
839
130
135
137
139
140
146
151
157
816
819
821
826
827
828
834
838
842
132
136
141
142
148
149
835
837
840
841
845
846
854
860
124
126
134
843
844
852
117
120
127
131
133
138
145
849
850
853
857
858
864
122
123
125
128
143
847
848
856
859
862
868
118
119
129
144
851
855
861
863
865
867
105
108
121
866
869
872
873
876
107
109
113
115
116
870
871
874
877
878
101
102
106
110
112
875
879
880
881
884
890
96
111
114
882
883
94
97
100
885
886
888
891
897
83
87
98
99
103
92
93
104
887
889
892
893
899
901
89
894
895
903
81
82
84
86
88
90
91
95
898
76
896
914
75
77
78
79
80
85
900
902
904
906
911
920
65
67
69
72
912
917
919
68
70
74
905
907
908
921
926
937
952
63
73
910
915
925
930
62
64
66
913
924
928
936
61
71
918
922
923
927
945
47
909
932
940
943
35
916
929
934
949
958
34
41
58
59
931
941
950
957
28
53
939
942
33
45
55
933
944
955
54
56
60
935
938
48
51
57
946
43
49
50
956
40
52
38
46
965
36
44
947
964
960
954
948
953
963
959
961
951
967
37
975
39
29
973
27
962
42
966
24
31
32
972
983
977
974
15
18
970
989
19
968
978
10
17
20
9
26
23
982
16
981
971
6
30
3
979
987
690
557
335
447
455
472
496
510
513
546
575
610
623
636
266
289
297
304
316
318
331
332
350
379
400
401
426
430
433
444
463
466
480
483
489
491
493
506
511
512
521
524
534
555
565
567
573
607
614
621
641
735
249
295
315
320
325
334
337
343
345
347
352
354
358
360
361
367
369
372
373
380
381
384
388
391
393
399
402
405
406
408
415
425
429
435
438
445
448
451
452
453
457
464
465
470
474
475
481
485
492
494
495
498
503
515
517
519
522
523
531
533
540
541
543
548
549
550
556
562
563
568
570
587
593
603
604
605
611
620
625
630
674
682
684
700
703
707
712
715
726
243
245
248
255
259
261
264
265
268
269
276
277
281
287
294
298
299
308
310
311
319
323
333
338
344
349
365
370
371
374
376
385
389
390
394
398
410
412
413
414
417
418
428
432
434
436
442
443
450
456
458
460
461
467
469
471
473
477
478
479
497
499
501
504
507
509
514
520
525
526
528
532
535
537
539
542
551
553
559
566
574
576
578
582
583
584
586
590
594
595
596
598
601
606
612
619
626
627
632
640
642
646
647
651
660
683
685
687
692
693
699
702
704
705
706
721
725
741
743
781
205
222
234
238
246
252
254
256
258
263
270
280
282
284
291
292
300
303
306
312
313
317
326
328
329
342
346
355
362
364
366
368
377
378
386
387
392
395
396
407
409
421
424
431
437
446
449
454
459
462
476
486
490
500
502
505
518
538
544
552
554
571
589
591
597
600
615
617
618
628
631
639
649
650
652
662
663
664
665
668
669
670
678
679
680
686
696
701
711
714
716
717
719
720
723
724
728
737
738
742
745
746
748
749
751
755
761
197
215
219
221
224
227
231
241
244
267
271
273
275
278
283
285
288
290
293
305
307
309
321
322
327
341
351
375
382
383
411
419
484
487
508
529
530
558
561
569
577
579
580
581
585
588
608
624
629
637
643
645
654
655
657
659
661
667
673
675
676
681
691
713
718
729
731
754
758
759
764
770
191
194
200
214
216
217
218
220
223
229
232
236
237
240
247
251
274
286
296
324
330
353
356
359
363
397
403
404
420
422
427
440
441
516
527
564
592
609
613
616
622
634
644
671
672
688
722
730
732
736
739
750
757
766
769
771
773
779
780
784
168
174
183
186
187
193
198
202
204
207
209
210
230
239
250
253
272
301
336
339
340
348
357
416
439
468
482
547
560
572
599
602
633
635
656
658
666
689
694
697
698
710
740
752
762
776
777
785
792
798
176
178
179
184
188
189
196
199
203
208
211
225
228
257
302
423
488
536
545
638
677
708
709
744
747
765
768
778
782
783
786
788
789
790
793
794
801
803
805
812
814
162
164
170
177
181
185
192
195
206
212
213
226
235
242
279
653
733
756
760
767
772
775
787
796
800
811
163
165
175
182
190
201
233
260
695
774
791
795
799
802
806
807
153
158
160
166
169
173
262
648
753
809
810
818
135
152
167
171
180
314
804
815
817
822
825
846
130
147
154
159
161
727
734
763
808
813
816
819
820
828
829
136
137
139
140
142
148
150
155
156
690
823
824
831
832
833
838
843
844
856
124
126
132
134
149
151
797
826
827
834
836
837
849
852
860
144
146
157
172
821
839
840
842
850
853
117
122
131
141
145
830
841
845
854
855
858
863
877
109
116
120
138
861
867
868
118
119
125
127
128
129
835
847
848
851
862
865
871
884
105
107
108
857
859
866
870
873
87
96
121
123
133
143
864
869
872
875
876
879
881
101
106
110
112
115
890
97
102
103
113
114
874
878
883
889
891
76
93
99
104
880
892
897
901
77
83
84
90
91
92
100
111
882
885
886
79
85
86
89
95
98
888
893
894
62
70
88
94
895
899
75
80
81
82
887
898
904
65
67
72
896
902
903
906
910
912
914
63
69
900
919
66
73
78
905
915
917
920
61
71
913
922
923
924
927
930
936
949
68
74
907
908
921
925
926
59
64
911
918
928
940
941
944
945
45
55
909
916
937
952
51
53
58
931
933
48
54
56
934
939
943
34
938
60
932
958
33
47
57
929
942
957
28
40
43
52
950
955
35
38
41
46
49
50
946
935
36
954
956
960
965
961
37
967
975
953
964
39
947
948
973
962
963
27
31
959
19
24
32
44
17
29
42
951
966
972
983
9
18
970
10
15
16
974
977
978
989
20
968
23
971
26
982
11
3
6
12
21
30
981
14
22
2
8
25
5
969
985
979
987
998
995
1
990
13
986
993
976
7
984
0
4
980
992
999
997
988
991
994
996
335
400
444
472
483
512
261
266
289
297
304
318
325
332
334
347
349
369
379
414
425
426
433
435
447
451
455
463
493
494
496
510
511
513
515
521
534
546
555
557
565
575
610
614
641
249
256
258
264
277
285
295
298
308
310
311
315
316
320
331
337
343
344
345
350
352
354
358
360
361
370
372
374
376
378
384
388
390
391
399
401
405
406
408
412
413
424
428
429
430
432
434
438
442
445
446
448
450
452
453
457
458
460
464
465
466
469
470
474
475
480
481
489
491
492
495
506
518
520
523
524
531
533
535
539
540
541
549
550
562
563
567
568
573
586
593
594
596
603
605
607
617
621
623
625
630
636
674
690
702
707
714
715
720
726
735
221
222
234
243
245
246
248
254
255
259
263
265
268
269
276
280
281
284
287
288
294
299
300
303
306
307
313
317
319
323
327
333
338
346
351
364
365
367
368
371
373
377
380
381
383
385
386
389
393
394
398
402
410
411
415
418
421
436
437
439
440
443
456
461
467
471
473
478
479
485
487
490
497
498
499
500
501
503
504
507
508
509
514
517
519
522
525
526
528
532
537
538
542
543
548
551
552
553
556
559
566
570
574
576
578
582
583
587
591
595
598
600
604
606
611
612
615
618
620
629
632
640
642
646
647
651
652
660
682
683
684
700
703
706
712
717
721
725
738
741
743
781
197
205
219
223
224
227
231
237
238
240
244
247
252
267
270
271
273
275
278
282
283
290
291
292
301
305
309
312
321
322
324
326
328
329
340
341
342
348
353
355
359
362
366
375
382
387
392
395
396
397
403
404
407
409
416
417
419
420
422
423
431
449
454
459
462
476
477
484
486
502
505
529
530
544
554
558
561
569
571
577
579
581
584
585
588
589
590
597
601
608
609
613
619
626
627
628
631
637
639
643
644
645
649
650
654
657
658
659
662
664
665
668
669
670
671
673
676
678
679
680
681
685
686
687
692
693
696
699
704
705
716
719
723
724
728
729
731
737
742
745
746
748
751
759
761
773
784
191
193
194
199
200
214
215
216
217
218
229
232
236
241
250
251
253
274
286
293
296
330
336
339
356
357
363
427
441
468
482
516
527
545
560
564
572
580
592
599
602
616
622
624
635
655
661
663
667
672
675
688
689
691
698
701
710
711
713
718
722
730
732
736
739
740
744
749
750
754
755
758
769
770
777
168
174
181
183
186
187
190
192
196
198
202
203
204
207
209
210
212
220
225
226
228
230
239
242
257
260
272
279
302
488
536
547
633
634
638
653
656
666
677
694
697
708
709
747
757
762
764
765
766
768
771
775
776
778
779
780
785
786
787
793
794
798
170
176
178
179
184
188
189
195
208
211
213
235
262
314
695
752
756
767
783
788
789
790
792
795
801
803
805
158
160
162
163
164
165
171
185
206
233
648
727
733
734
753
760
772
774
782
796
800
812
814
153
167
173
175
177
180
182
201
791
799
802
804
806
807
811
815
152
166
169
172
763
810
817
820
825
130
135
137
147
150
154
159
161
809
813
816
818
822
824
832
833
834
134
136
139
140
146
149
151
155
156
797
808
819
827
828
829
830
831
846
124
132
141
142
148
157
823
836
837
838
839
843
844
849
126
138
144
821
826
841
842
850
853
860
117
120
122
127
128
131
133
145
835
840
845
852
854
856
863
118
119
123
125
129
143
851
855
857
858
861
107
109
848
864
867
868
105
108
114
116
121
847
859
862
865
870
877
96
106
112
113
115
873
876
101
102
110
111
866
869
871
872
878
97
100
874
875
879
881
884
87
99
103
880
883
890
98
882
885
886
888
897
86
91
93
104
889
891
81
89
94
95
892
899
76
77
82
83
84
88
90
92
887
893
894
901
895
898
903
79
80
85
896
906
914
75
78
900
902
904
912
65
67
69
72
907
917
70
911
915
62
63
68
73
74
910
913
919
920
908
921
922
927
61
64
66
71
923
926
928
905
916
925
930
937
952
918
936
58
59
924
934
940
943
945
947
909
929
964
53
55
931
949
45
54
60
951
953
954
959
960
963
37
42
51
56
932
933
939
941
948
958
48
50
57
938
944
950
971
39
47
49
935
946
961
43
52
942
957
29
40
46
955
962
966
31
38
967
32
34
35
975
24
27
41
33
970
972
973
18
20
44
956
983
15
19
23
28
968
981
10
17
30
965
974
977
978
3
9
36
989
982
16
6
26
979
987
969
25
22
12
11
14
21
980
985
986
995
998
2
984
8
992
5
976
1
990
13
4
0
993
7
991
988
996
994
999
997
814
690
856
557
846
853
877
332
335
575
735
496
511
513
534
546
555
610
621
623
636
707
726
297
316
331
379
400
444
447
451
455
463
465
470
472
483
510
512
533
567
568
573
614
625
641
702
706
781
249
266
289
318
325
337
343
347
350
354
369
384
401
405
426
429
430
433
438
445
448
452
457
460
466
469
479
480
489
491
492
493
494
501
503
506
515
517
520
521
523
524
531
540
541
543
550
562
565
603
605
607
620
630
674
682
683
684
700
703
712
715
725
743
761
261
295
304
310
315
320
334
345
349
352
358
360
361
367
372
373
380
381
388
391
393
399
406
408
415
425
435
453
458
464
473
474
475
481
485
495
498
509
519
522
532
535
539
542
548
549
551
556
563
570
574
586
587
593
594
596
598
601
604
606
611
612
632
640
642
646
647
651
660
685
687
692
693
699
704
705
714
720
721
741
746
770
221
245
248
255
259
264
265
277
281
287
298
299
308
311
319
323
333
338
344
365
370
371
374
376
378
385
389
390
394
398
402
410
412
413
414
417
418
424
428
432
434
436
442
443
450
456
461
467
471
477
478
497
499
504
507
514
518
525
526
528
537
538
552
553
554
559
566
576
578
582
583
584
590
591
595
597
600
615
617
618
619
626
627
628
631
639
649
650
652
662
664
665
670
678
679
680
686
696
711
716
717
719
723
724
728
729
731
737
738
742
745
748
749
751
755
759
773
222
227
234
238
243
246
254
256
258
263
268
269
276
284
292
294
300
303
306
313
317
326
329
342
346
351
355
362
364
366
368
377
382
383
386
392
395
396
407
409
421
431
437
446
449
454
462
486
490
500
502
505
544
571
577
579
588
589
608
629
637
643
645
654
655
657
659
663
667
668
669
671
673
675
676
681
691
701
713
718
732
736
739
754
758
764
769
777
780
784
785
812
191
194
197
205
215
216
218
219
223
224
231
241
244
252
267
270
271
273
275
278
280
282
283
285
288
290
291
293
305
307
309
312
321
322
327
328
341
375
387
411
419
422
459
476
484
487
508
529
530
558
561
569
580
581
585
592
613
616
622
624
644
661
672
688
722
730
740
750
757
762
766
771
779
789
805
187
200
214
217
229
232
236
237
240
247
251
286
296
324
330
348
353
356
359
363
397
403
404
420
427
439
440
441
516
527
547
564
572
599
609
633
634
635
656
658
689
694
697
698
708
709
710
744
752
765
768
776
786
788
790
792
793
794
796
798
803
168
202
220
230
250
253
274
301
336
339
340
357
416
468
482
560
602
638
666
677
747
760
775
778
782
783
791
801
811
174
183
186
189
193
198
199
203
204
207
208
209
210
225
239
257
272
302
423
488
536
545
653
733
756
767
772
774
787
795
799
800
807
162
170
176
178
179
184
185
188
192
196
211
212
226
228
235
242
279
690
695
802
806
810
817
818
163
164
165
177
181
190
195
206
213
260
557
753
822
825
153
173
175
182
201
233
262
648
727
734
763
804
809
813
815
816
819
828
158
160
169
171
180
314
808
820
824
827
829
834
837
843
844
152
166
167
832
833
838
849
850
130
135
147
161
797
823
831
134
140
154
159
826
836
842
852
860
863
124
136
137
148
150
155
156
821
830
839
840
855
861
132
139
142
144
149
151
157
172
841
845
851
858
126
146
814
835
854
141
868
870
120
122
131
138
847
848
862
865
867
871
109
116
117
128
129
145
857
866
107
118
119
127
859
864
873
884
125
133
869
876
121
143
872
875
879
881
105
108
112
114
123
846
883
96
101
106
115
874
878
880
890
87
110
113
889
891
97
882
886
102
103
856
897
111
853
885
888
892
894
901
93
99
100
893
77
86
91
104
887
899
76
89
95
98
895
898
84
88
90
81
896
904
83
92
903
79
82
85
94
906
912
914
80
902
900
910
915
877
917
75
70
907
913
62
67
78
920
923
927
65
69
72
919
922
908
905
911
921
926
930
936
63
68
73
916
66
925
61
74
928
945
71
918
924
949
909
931
934
940
952
64
937
941
59
943
58
939
929
933
938
55
53
944
45
56
54
60
960
932
942
950
954
51
946
958
57
935
48
52
957
961
964
43
50
947
953
46
49
40
948
951
963
47
37
955
34
38
967
962
975
956
959
42
973
31
35
41
44
971
970
29
33
39
983
28
32
966
965
36
969
977
27
972
24
18
998
19
974
989
20
25
985
12
17
978
10
11
15
982
968
3
995
22
30
981
984
21
9
14
23
986
990
976
5
2
16
8
987
980
992
26
993
6
1
979
4
13
996
0
988
997
7
991
999
994
335
400
444
472
483
511
512
266
289
318
325
332
334
347
349
369
379
414
425
426
433
435
447
448
451
455
463
489
493
494
496
506
510
513
515
521
533
534
546
550
555
565
567
573
575
603
605
610
614
617
621
623
636
641
690
715
726
735
249
258
261
264
277
295
297
304
308
310
311
315
316
320
331
337
343
344
345
350
352
354
358
360
361
370
374
378
384
388
390
391
399
401
405
406
408
412
413
424
428
429
430
432
434
438
442
445
446
450
452
453
457
458
460
464
465
466
469
470
473
474
475
479
480
481
491
492
495
499
501
503
517
518
519
520
522
523
524
528
531
535
538
539
540
541
542
543
548
549
553
556
557
559
562
563
566
568
574
576
586
587
593
594
596
598
604
606
607
612
620
625
630
640
646
647
651
652
674
682
683
702
706
707
714
720
725
743
781
221
222
243
245
246
248
254
255
256
259
263
265
269
276
280
281
284
285
287
288
294
298
299
300
303
306
313
317
319
323
327
333
338
351
364
365
367
368
371
372
373
376
377
380
381
383
385
389
393
394
398
402
410
411
415
418
421
436
437
439
440
443
456
461
467
471
478
485
487
490
497
498
500
504
507
508
509
514
525
526
532
537
544
551
552
570
571
578
579
582
583
584
589
590
591
595
600
601
608
609
611
615
618
619
626
627
628
629
631
632
637
642
645
650
659
660
662
669
673
676
679
684
685
687
692
693
696
699
700
703
704
705
712
716
717
721
723
737
738
741
742
746
751
761
773
191
197
205
219
223
224
227
231
234
237
238
244
247
252
267
268
270
271
273
275
278
282
283
290
291
292
301
305
307
309
312
321
322
324
326
328
329
340
341
342
346
348
355
359
362
366
375
382
386
387
392
395
396
397
403
404
407
409
416
417
419
420
422
423
431
449
454
459
462
476
477
484
486
502
505
529
530
554
558
561
569
577
580
581
585
588
592
597
599
613
616
639
643
644
649
654
655
657
658
663
664
665
668
670
671
675
678
680
681
686
688
701
711
713
718
719
724
728
729
730
731
732
736
739
745
748
749
754
755
759
769
770
777
784
193
194
199
200
214
215
216
217
218
229
232
236
240
241
250
251
253
286
293
296
330
336
339
353
356
357
363
427
441
468
482
516
527
545
560
564
572
602
622
624
634
635
638
656
661
666
667
672
689
691
698
708
710
722
740
744
747
750
757
758
762
764
765
768
771
776
779
780
785
786
787
793
794
798
168
174
181
183
186
187
192
196
198
202
204
207
209
210
212
220
225
226
228
230
239
257
272
274
279
302
488
536
547
633
653
677
694
697
709
752
756
766
767
775
778
783
788
789
790
792
795
801
803
805
170
176
178
179
184
188
189
190
195
203
208
211
213
235
242
260
262
314
695
753
760
772
774
782
791
796
800
812
153
158
160
162
163
164
165
177
185
206
233
648
727
733
734
799
802
806
807
811
814
815
167
171
173
175
180
182
201
763
804
810
817
820
825
152
161
166
169
172
809
813
816
818
819
822
824
827
832
833
834
130
135
137
147
150
154
156
159
797
808
828
829
831
837
844
134
136
139
140
141
146
149
151
155
157
821
823
830
836
838
839
843
846
849
850
860
124
126
132
142
144
148
826
840
842
852
138
835
841
845
851
853
854
855
863
117
119
120
122
127
128
131
133
145
856
857
858
861
118
123
125
129
143
848
862
864
867
868
870
105
107
109
114
847
859
865
108
115
116
121
866
871
873
876
877
96
101
106
110
112
113
869
872
878
102
111
874
875
879
881
883
884
97
100
880
882
890
87
99
103
885
886
888
891
897
93
98
889
86
91
95
104
887
892
894
899
77
81
82
83
84
88
89
90
94
893
898
901
903
76
92
895
79
80
85
896
902
904
906
914
900
912
917
75
78
907
65
67
69
72
910
911
915
68
70
74
913
919
920
62
63
73
908
921
922
927
66
71
905
923
926
61
64
916
925
928
930
936
952
918
924
934
937
940
943
945
58
59
909
929
53
55
931
949
45
54
51
56
60
933
939
941
48
57
932
935
938
944
958
49
50
946
950
43
52
40
47
942
947
957
46
955
964
38
953
954
959
960
34
37
963
969
35
39
44
948
951
33
41
42
956
961
25
28
36
965
29
31
32
971
985
12
14
21
22
27
967
11
962
966
975
980
18
2
24
972
973
986
998
5
8
10
19
970
984
995
1
13
17
20
968
983
990
992
15
23
30
976
977
4
9
978
0
3
974
981
993
6
16
982
989
26
7
988
991
996
994
999
987
979
997
690
814
856
735
575
707
513
534
546
555
557
610
623
636
726
781
496
511
533
567
568
614
621
625
641
702
703
706
332
335
444
463
472
510
512
521
531
565
573
593
603
604
605
607
611
620
630
646
647
651
674
682
683
684
700
705
712
715
721
725
741
743
761
400
447
451
452
455
465
470
480
483
489
491
493
494
501
503
506
515
517
520
523
524
540
541
543
548
549
550
556
562
563
570
574
584
586
587
594
596
598
601
606
612
632
640
642
660
685
687
692
693
699
704
714
716
720
737
738
742
746
751
755
770
331
369
379
405
426
429
430
433
445
448
457
460
466
469
473
474
475
479
481
492
495
509
514
519
522
532
535
537
539
542
551
552
553
559
566
576
578
582
583
590
591
595
600
615
617
618
619
626
627
628
631
639
649
650
652
659
662
664
665
668
669
670
679
680
686
696
711
717
719
723
724
728
729
731
745
748
749
759
764
773
777
249
266
289
297
316
318
325
337
343
347
350
354
360
380
384
399
401
406
415
425
435
438
450
453
458
464
478
485
497
498
499
504
507
518
525
526
528
538
544
554
571
579
589
597
608
629
637
643
645
654
655
657
661
663
667
671
673
675
676
678
681
691
701
713
718
722
732
736
739
754
757
758
769
779
780
784
785
805
812
295
304
310
315
320
334
345
349
352
358
361
367
372
373
374
381
388
389
391
393
402
408
412
413
414
417
418
424
428
432
434
436
442
443
446
456
461
462
467
471
477
486
490
500
502
505
508
529
558
561
569
577
580
581
585
588
592
609
613
616
622
624
634
644
672
688
730
740
750
762
766
771
789
794
261
298
299
308
311
319
323
333
338
344
364
365
368
370
371
376
377
378
385
390
394
395
396
398
407
410
421
431
437
449
454
459
476
484
487
527
530
564
572
599
633
635
656
658
677
689
694
697
698
708
709
710
744
747
752
765
768
776
778
786
788
790
792
793
798
803
221
243
245
248
255
256
258
259
264
265
268
269
276
277
281
284
287
294
300
312
317
326
329
342
346
351
355
362
366
375
382
383
386
387
392
409
411
419
440
516
547
560
602
638
653
666
690
760
767
775
782
783
787
791
796
799
801
811
222
227
234
238
246
254
263
270
275
280
282
285
288
291
292
303
305
306
307
309
313
322
327
328
341
353
397
403
420
422
427
439
441
536
545
733
756
772
774
795
800
191
194
205
216
218
219
223
241
252
267
271
273
278
283
286
290
293
321
324
348
356
359
363
404
416
468
482
488
695
753
802
806
807
197
200
215
224
229
231
237
244
247
296
301
330
336
339
340
357
423
727
810
817
187
214
217
220
232
236
240
250
251
253
272
274
648
734
763
816
818
822
825
198
202
209
230
239
257
279
302
804
809
815
819
824
827
828
846
168
174
183
186
189
193
196
199
204
207
208
210
212
225
226
228
260
808
813
820
829
837
162
176
178
179
184
188
192
203
211
213
235
242
823
832
833
834
843
844
170
181
185
190
195
206
233
262
797
831
838
849
163
164
165
177
201
314
850
153
175
182
826
830
836
158
160
169
171
173
180
821
839
840
842
852
855
860
863
166
167
841
851
853
861
152
835
845
161
854
858
130
135
147
154
159
814
868
870
134
140
150
155
156
172
862
877
136
137
148
151
847
124
132
139
142
144
146
149
157
848
857
865
871
859
866
867
126
864
873
141
869
122
876
884
120
131
138
872
874
875
881
117
145
127
128
129
879
883
107
116
118
133
143
880
109
119
125
878
890
121
891
114
123
856
882
886
889
885
108
112
888
897
105
106
110
113
115
892
894
901
96
101
87
97
111
887
102
893
895
899
100
103
898
896
99
904
93
104
903
91
86
89
98
906
912
77
95
90
914
76
81
88
902
84
900
915
83
94
82
85
92
907
910
917
79
913
80
75
919
923
927
908
920
911
922
905
78
921
926
67
916
936
62
69
70
930
65
72
928
945
918
909
931
73
924
940
63
68
925
74
66
934
941
937
949
61
952
71
943
933
64
929
938
939
59
58
944
942
935
950
958
56
946
55
932
45
53
960
54
57
60
51
954
48
957
40
50
52
49
964
953
46
956
961
43
947
951
47
34
948
38
44
955
962
970
963
41
967
37
400
444
472
483
511
512
521
534
546
557
565
575
614
335
379
414
426
433
435
447
448
451
455
463
465
470
489
491
492
493
494
496
506
510
513
515
533
540
541
550
555
562
563
567
568
573
586
603
605
610
617
621
623
636
641
690
726
735
318
325
332
334
347
349
354
369
384
401
405
406
412
425
428
429
430
432
434
438
442
445
446
450
452
453
457
458
460
464
466
469
473
474
475
478
479
480
481
485
495
498
499
501
503
509
514
517
518
519
520
522
523
524
528
531
532
535
537
538
539
542
543
548
549
551
552
553
556
559
566
570
574
576
582
583
587
593
594
596
598
604
606
607
611
612
620
625
630
640
646
647
651
652
674
682
702
706
707
714
715
720
725
743
261
266
289
297
304
310
316
331
337
343
344
345
350
351
352
358
360
361
365
368
370
372
373
374
376
378
380
381
388
390
391
393
398
399
408
411
413
415
418
424
436
437
439
443
456
461
467
471
477
486
487
490
497
500
504
505
507
508
525
526
544
554
561
571
578
579
581
584
585
588
589
590
591
595
600
601
608
609
615
618
619
626
627
628
629
631
632
637
642
643
645
650
659
660
662
669
676
679
683
684
685
687
692
693
699
700
703
705
712
717
721
737
738
741
746
781
221
248
249
256
258
264
265
269
277
281
284
285
287
294
295
298
299
300
303
306
308
311
315
319
320
323
327
333
338
346
355
364
366
367
371
377
382
383
385
386
387
389
392
394
395
396
402
403
407
409
410
416
417
420
421
422
431
440
449
454
459
462
476
484
502
527
529
530
558
560
569
577
580
592
597
599
613
616
624
639
644
649
654
655
657
658
663
664
665
667
668
670
671
673
678
680
681
686
696
701
704
711
713
716
718
719
723
724
728
729
731
732
736
739
742
745
748
749
751
754
755
759
761
769
770
773
777
784
197
219
222
234
237
243
245
246
254
255
259
263
268
270
273
275
276
278
280
282
283
288
290
305
307
309
312
313
317
321
322
324
326
328
329
340
341
342
348
353
359
362
363
375
397
404
419
423
441
468
482
516
536
545
547
564
572
602
622
633
634
635
638
656
661
666
672
675
688
689
691
698
710
722
730
740
744
750
757
758
762
764
765
768
780
785
793
794
191
194
205
216
218
223
224
227
231
238
240
241
244
247
250
251
252
267
271
286
291
292
293
296
301
330
336
339
356
357
427
488
653
677
694
697
708
709
747
752
756
766
771
775
776
778
779
786
787
788
789
790
798
803
805
187
193
199
200
204
207
209
212
214
215
217
220
225
229
230
232
236
239
253
272
274
279
302
695
760
767
772
782
783
792
795
796
800
801
812
168
174
181
183
186
189
190
192
196
198
202
203
210
226
228
235
242
257
260
262
314
648
727
733
734
753
774
791
799
802
806
807
811
170
176
178
179
184
188
195
208
211
213
763
804
810
814
815
817
820
825
153
158
160
162
163
164
165
167
171
177
180
185
206
233
809
813
816
818
822
824
834
173
175
182
201
808
819
827
828
829
832
833
844
846
147
150
152
161
166
169
172
797
823
830
831
836
837
838
843
849
130
134
135
137
140
154
155
156
159
821
826
839
842
850
853
860
124
132
136
139
141
146
149
151
157
835
840
841
845
851
852
854
855
863
126
142
144
148
857
858
861
120
122
127
131
133
138
848
856
868
870
877
117
119
125
128
129
145
847
859
862
864
865
867
107
109
114
118
123
143
866
871
873
876
105
108
116
121
869
872
878
96
102
106
110
112
113
115
874
875
879
880
881
884
97
101
111
882
883
890
100
885
886
888
891
897
87
98
99
103
889
86
91
93
104
887
892
894
899
901
77
81
82
89
90
94
95
893
895
898
903
76
83
84
88
896
79
80
92
904
906
914
85
900
902
917
75
907
912
65
70
78
910
911
913
915
62
67
69
72
919
920
927
63
68
71
73
74
908
921
922
923
61
66
916
925
926
928
930
64
905
934
936
952
918
924
937
943
945
58
59
929
940
949
53
55
909
931
54
60
941
45
51
57
932
933
938
939
944
48
50
56
935
946
958
49
40
52
950
957
39
43
46
47
942
955
35
36
38
947
959
964
33
42
953
960
965
28
34
954
971
27
29
32
44
951
963
966
969
31
37
948
956
18
41
961
975
10
24
972
973
15
17
19
968
20
22
23
25
30
974
977
981
11
12
14
21
962
967
980
985
3
6
9
978
983
989
16
982
986
2
8
26
995
976
992
998
1
5
970
984
13
990
4
993
0
979
987
7
991
988
996
999
994
997
690
557
846
853
877
735
575
707
513
534
546
555
610
621
623
636
726
781
496
511
533
567
568
614
625
641
702
706
335
472
510
512
531
565
573
593
603
605
607
611
620
630
646
647
651
674
682
683
700
703
712
715
725
743
761
332
444
447
451
452
455
463
465
470
480
483
491
493
494
501
503
506
515
517
520
521
522
523
524
540
541
543
548
549
550
556
562
563
574
584
586
587
594
596
598
601
604
606
612
632
640
642
660
684
685
687
693
699
705
714
720
721
737
741
746
751
770
331
369
379
400
426
429
433
445
448
457
460
466
469
473
474
475
479
481
489
492
495
509
514
519
532
535
537
539
542
551
552
553
559
566
570
576
578
582
583
590
591
595
600
615
617
618
619
626
627
628
631
639
649
650
652
662
664
665
679
680
692
696
704
711
716
717
719
723
724
728
731
738
742
745
748
749
755
759
773
297
316
325
354
401
405
425
430
435
438
450
453
464
485
498
499
504
507
518
525
526
528
538
544
554
571
579
589
597
608
629
637
643
645
654
655
657
659
661
663
668
669
670
673
675
676
678
681
686
691
701
713
718
729
732
736
739
754
758
764
769
777
780
784
785
812
249
266
289
318
334
337
343
345
347
350
358
360
361
367
380
381
384
388
391
393
399
402
406
408
413
414
415
418
428
432
434
442
443
456
458
461
467
471
477
478
486
490
497
500
502
529
558
561
569
577
580
581
585
588
609
613
616
622
624
634
644
667
671
688
722
730
750
757
762
766
779
789
805
295
304
310
315
319
320
338
344
349
352
365
370
371
372
373
374
376
385
389
390
394
398
410
412
417
424
436
437
446
449
454
459
462
476
484
487
505
508
530
564
572
592
599
633
635
656
658
672
689
697
708
710
740
771
776
788
790
792
793
794
798
261
281
298
299
308
311
323
333
355
362
364
366
368
377
378
387
392
395
396
407
409
411
419
421
431
516
527
547
560
602
638
666
677
694
698
709
744
747
752
765
768
775
778
782
786
791
796
799
803
811
814
221
243
245
248
255
256
258
259
263
264
265
268
269
276
277
284
287
294
300
303
306
312
313
317
326
328
329
341
342
346
351
375
382
383
386
420
422
427
440
441
536
545
653
690
733
756
760
767
772
783
787
795
801
227
234
238
246
254
270
273
275
280
282
285
288
291
292
305
307
309
321
322
327
353
359
363
397
403
404
439
468
482
488
557
695
774
800
807
191
194
205
216
218
222
223
241
244
252
267
271
278
283
286
290
293
296
324
330
336
339
348
356
357
416
753
802
806
810
197
215
219
224
229
231
237
247
274
301
340
423
648
727
734
817
818
825
187
200
214
217
220
232
236
240
250
251
253
272
302
763
804
809
815
816
819
822
828
202
209
230
239
257
279
808
824
827
829
837
168
174
183
186
189
193
198
204
207
208
210
225
228
260
813
820
833
843
844
188
192
196
199
203
211
212
226
235
242
797
823
832
834
838
162
170
176
178
179
181
184
185
190
195
206
213
233
262
831
849
850
164
201
314
856
163
165
175
177
182
826
830
836
839
855
153
169
173
821
840
842
852
860
861
863
158
160
166
171
180
841
851
167
835
845
858
152
854
147
154
161
868
870
130
134
135
155
159
172
862
137
140
150
156
847
871
124
136
139
142
148
151
157
848
857
865
866
867
132
144
146
149
859
864
126
869
873
884
141
846
876
122
138
872
874
875
881
120
131
117
128
145
879
880
883
116
127
129
143
107
109
118
119
133
878
890
891
125
121
853
886
889
114
123
882
885
108
112
888
892
894
897
901
105
106
110
113
115
87
96
101
97
887
111
893
895
102
877
898
899
100
103
896
904
99
93
104
903
91
906
86
98
912
77
89
95
90
914
76
81
88
902
84
915
900
83
94
910
85
92
907
917
82
913
79
80
75
919
923
927
920
908
911
922
905
921
78
916
926
62
936
67
69
70
930
65
72
945
909
918
928
931
73
940
924
925
63
941
68
74
934
66
949
61
937
71
943
952
933
939
929
938
59
64
944
58
942
935
950
958
56
946
45
53
55
932
960
54
57
60
51
48
954
50
957
40
52
49
46
961
43
953
956
34
964
47
951
38
35
947
400
433
444
455
472
483
494
511
512
515
521
534
546
555
565
575
610
614
641
332
335
347
369
379
414
425
426
429
434
435
442
445
446
447
448
451
452
457
458
463
465
466
470
474
489
491
492
493
496
506
510
513
520
523
524
531
533
540
541
549
550
557
562
563
567
568
573
586
593
594
596
603
605
607
617
621
623
625
630
636
640
651
674
690
702
707
715
726
735
266
289
297
304
316
318
325
331
334
337
343
344
345
349
350
352
354
358
360
361
370
374
378
384
388
390
391
393
399
401
405
406
408
412
413
415
418
424
428
430
432
438
450
453
460
464
469
473
475
478
479
480
481
485
495
498
499
500
501
503
504
507
508
509
514
517
518
519
522
528
532
535
537
538
539
542
543
548
551
552
553
556
559
566
570
574
576
578
582
583
587
595
598
600
604
606
611
612
615
618
620
629
632
642
646
647
652
660
682
683
684
700
703
706
714
720
721
725
743
261
277
285
295
298
308
310
311
315
320
323
327
333
338
351
364
365
367
368
371
372
373
376
377
380
381
383
385
386
389
394
395
398
402
410
411
417
421
422
436
437
439
440
443
449
456
461
462
467
471
476
477
484
486
487
490
497
502
505
525
526
529
530
544
554
558
561
569
571
577
579
581
584
585
588
589
590
591
597
601
608
609
613
619
626
627
628
631
637
639
643
644
645
649
650
654
657
659
662
664
665
668
669
670
671
673
676
678
679
680
685
687
692
693
696
699
704
705
712
716
717
723
737
738
741
746
781
221
245
246
248
249
255
256
258
259
263
264
265
269
276
280
281
282
284
287
288
294
299
300
303
305
306
307
312
313
317
319
321
322
326
328
329
340
341
342
346
348
355
359
362
366
375
382
387
392
396
397
403
404
407
409
416
419
420
423
431
441
454
459
482
527
560
572
580
592
599
602
616
622
624
635
655
658
661
663
667
672
675
681
686
688
691
701
711
713
718
719
724
728
729
730
731
732
736
739
742
745
748
751
759
761
773
219
222
234
237
238
243
254
267
268
270
271
273
275
278
283
286
290
291
292
301
309
324
330
336
339
353
356
357
363
427
468
516
536
545
547
564
633
634
638
653
656
666
677
689
697
698
708
710
722
740
744
749
750
754
755
757
758
769
770
777
784
197
205
223
224
227
231
240
241
244
247
250
251
252
253
274
293
296
488
694
695
709
747
762
764
765
766
768
771
776
779
780
785
787
793
794
191
194
200
214
215
216
217
218
229
232
236
239
257
272
279
302
752
756
767
775
778
786
788
790
792
798
805
187
193
196
199
202
204
207
209
212
220
225
226
228
230
235
242
260
262
314
648
727
733
734
753
760
772
774
783
789
795
796
801
803
168
174
181
183
184
186
189
190
192
195
198
203
210
211
782
791
800
812
814
170
176
178
179
185
188
208
213
233
763
799
802
806
807
811
815
162
163
164
165
177
201
206
804
810
817
820
825
153
158
160
167
171
175
180
182
809
813
816
818
822
824
833
169
173
797
808
819
827
828
829
832
834
152
161
166
172
823
830
831
837
838
844
130
135
147
150
154
155
156
159
821
836
839
843
846
849
850
134
136
137
139
140
151
826
840
841
842
860
124
132
141
146
148
149
157
835
845
851
852
854
855
856
863
126
142
144
853
858
861
120
131
133
138
848
857
868
117
119
122
127
128
129
143
145
847
859
862
864
867
870
118
123
125
865
873
877
107
109
114
116
121
866
869
871
872
876
105
108
874
878
884
96
106
110
113
115
875
879
880
881
883
101
102
111
112
882
890
97
100
885
886
888
891
897
87
99
103
889
98
887
892
894
901
86
91
93
104
893
895
899
81
89
90
94
95
898
903
76
77
82
83
84
88
896
92
904
906
914
79
80
85
900
902
912
917
907
75
910
911
913
915
65
69
78
919
920
927
67
70
72
908
921
922
62
63
68
73
74
923
926
928
71
905
916
925
930
61
66
918
934
936
937
943
952
64
924
929
940
945
909
949
58
59
931
53
55
939
941
54
60
932
933
935
938
944
45
51
56
946
955
958
57
48
49
50
950
963
52
942
948
957
959
37
40
43
39
41
46
47
947
960
964
36
38
44
954
965
33
42
953
971
28
962
966
967
27
29
32
34
35
951
956
969
31
961
975
972
973
18
24
968
10
19
970
974
977
981
15
17
20
23
983
30
978
980
985
989
9
12
22
25
3
6
11
14
16
21
982
986
26
995
998
2
8
976
984
992
990
5
979
987
1
13
993
4
0
991
7
988
996
999
994
997
690
814
856
575
735
513
546
555
557
610
636
707
781
534
621
623
625
641
726
472
496
510
511
512
533
565
567
568
573
593
603
605
607
614
630
674
682
683
702
703
706
335
444
447
455
463
465
470
480
483
493
494
506
515
517
520
521
524
531
540
541
543
548
549
550
556
562
563
574
586
587
594
596
604
606
611
612
620
632
640
642
646
647
651
660
684
693
699
700
705
712
714
715
721
725
741
743
746
761
332
400
426
429
445
448
451
452
457
466
469
473
479
489
491
492
495
501
503
519
522
523
528
535
537
539
542
551
552
553
559
566
570
576
578
582
583
584
590
591
595
598
600
601
615
617
619
626
627
628
631
639
649
650
652
662
665
679
680
685
687
692
696
704
711
716
720
737
738
742
751
755
770
369
379
405
430
433
435
438
450
453
460
464
474
475
481
485
498
499
504
507
509
514
518
525
526
532
538
544
554
571
579
581
589
597
608
618
629
637
643
645
654
655
657
659
663
664
668
669
670
673
675
676
678
686
701
717
718
719
723
724
728
729
731
732
745
748
749
759
773
316
325
331
343
347
354
380
384
399
401
406
414
415
425
428
434
442
458
467
471
477
478
486
490
497
500
502
529
558
561
569
577
580
585
588
609
613
616
622
624
644
661
667
671
681
691
713
722
736
739
754
757
758
764
769
777
784
812
266
289
297
318
334
337
345
350
352
358
360
361
367
372
373
374
381
388
389
391
393
394
402
408
410
412
413
417
418
424
432
436
443
446
449
454
456
461
462
484
487
505
508
527
530
564
592
599
633
634
635
656
658
672
688
689
697
710
730
740
750
762
766
779
780
785
789
805
249
295
304
310
315
320
323
338
344
349
365
368
370
371
376
377
378
385
390
395
396
398
407
421
431
437
459
476
516
547
560
572
602
638
666
677
690
694
698
708
709
744
747
752
768
771
776
788
790
792
793
794
798
261
298
299
308
311
319
333
346
351
355
362
364
366
375
382
383
386
387
392
409
411
419
422
440
536
545
653
765
775
778
786
787
791
796
799
803
811
255
259
264
265
268
269
276
277
281
284
287
294
300
303
306
312
313
317
322
326
328
329
341
342
353
397
403
404
420
427
439
441
468
482
488
733
756
760
767
772
774
782
783
795
801
221
238
243
245
248
256
258
263
270
275
280
282
285
288
291
292
305
307
309
321
327
348
356
359
363
416
695
753
800
807
222
227
234
246
252
254
267
271
273
278
283
286
290
293
324
330
336
339
357
423
648
727
734
802
806
191
194
205
216
218
219
223
224
231
237
241
244
296
301
340
810
817
818
825
197
200
215
217
229
232
236
240
247
250
251
253
272
274
302
763
804
809
816
822
846
187
202
214
220
230
279
808
815
819
824
827
828
198
209
225
228
239
257
260
813
820
829
833
837
843
168
174
183
186
189
193
196
199
203
204
207
208
210
211
212
226
235
242
797
823
832
834
844
176
179
184
188
192
213
262
314
831
838
849
162
170
178
181
185
190
195
206
233
850
164
177
201
826
830
836
163
165
175
182
839
840
855
153
169
171
173
180
814
821
841
842
851
852
853
860
861
863
158
160
166
167
835
845
152
858
161
854
870
130
147
154
172
868
877
134
135
140
155
159
847
862
137
150
156
848
865
871
136
139
142
148
151
157
857
859
866
867
124
132
144
146
149
864
873
126
869
884
141
876
122
138
872
874
875
881
120
131
145
116
117
127
128
856
879
880
883
118
129
133
143
890
107
109
119
878
891
125
886
889
121
114
123
882
885
108
892
897
105
112
888
894
901
106
110
113
115
87
96
101
97
887
111
893
895
102
899
100
103
898
896
904
99
93
903
91
104
906
86
98
912
89
95
77
90
914
76
88
902
81
84
900
915
83
907
910
85
92
94
913
79
917
82
80
75
923
927
908
919
920
911
922
905
921
78
916
926
936
62
930
67
69
70
65
928
72
945
909
918
925
931
73
924
940
63
941
68
934
66
74
949
937
952
61
943
71
933
929
939
938
64
944
59
942
58
935
950
958
946
56
932
53
45
55
960
954
57
54
51
60
957
48
40
956
50
52
948
955
49
961
46
43
964
962
963
953
44
947
970
967
47
34
959
951
973
975
37
41
965
983
38
33
971
28
31
42
972
36
29
35
400
444
472
483
494
511
512
521
534
546
557
565
575
332
335
369
379
414
425
426
429
433
434
435
442
445
447
448
451
452
455
457
458
463
465
466
470
489
491
492
493
496
506
510
513
515
520
524
531
533
540
541
550
555
562
563
567
568
573
586
603
605
610
614
617
621
623
636
641
690
726
735
261
266
289
297
304
316
318
325
331
334
343
344
345
347
349
350
352
354
358
360
361
384
390
391
399
401
405
406
408
412
413
424
428
430
432
438
446
450
453
460
464
469
473
474
475
478
479
480
481
485
495
498
499
500
501
503
504
507
509
514
517
518
519
522
523
528
532
535
537
538
539
542
543
548
549
551
552
553
556
559
566
570
574
576
582
583
587
593
594
596
598
604
606
607
611
612
620
625
630
640
646
647
651
652
674
682
702
707
714
715
720
725
743
248
249
256
258
264
269
277
281
284
285
287
295
298
308
310
311
315
320
323
327
333
337
338
351
364
365
367
368
370
371
372
373
374
376
377
378
380
381
383
385
388
389
393
394
398
402
410
411
415
417
418
421
422
436
437
439
440
443
449
456
461
467
471
477
484
486
487
490
497
505
508
525
526
530
544
561
571
578
579
581
584
589
590
591
595
600
601
608
609
615
618
619
626
627
628
629
631
632
637
642
645
650
659
660
662
676
679
683
684
685
687
692
693
699
700
703
706
712
717
721
737
738
741
746
781
219
221
222
234
237
243
245
246
254
255
259
263
265
268
275
276
278
280
282
283
288
294
299
300
303
305
306
307
312
313
317
319
321
322
326
328
341
342
346
348
355
359
362
366
375
382
386
387
392
395
396
397
403
404
407
409
416
419
420
423
431
441
454
459
462
476
482
502
527
529
554
558
560
569
577
580
585
588
592
597
599
613
616
639
643
644
649
654
655
657
658
663
664
665
668
669
670
671
673
678
680
681
686
696
701
704
705
711
713
716
718
719
723
724
728
729
731
732
736
739
742
745
748
751
754
755
759
761
769
770
773
777
784
191
194
197
205
216
223
224
227
231
238
240
244
247
250
252
267
270
271
273
286
290
291
292
301
309
324
329
330
340
353
357
363
427
468
516
536
545
547
564
572
602
622
624
634
635
656
661
666
667
672
675
688
689
691
698
710
722
730
740
744
749
750
757
758
762
764
765
768
780
785
793
794
187
193
199
200
204
207
209
212
214
215
217
218
220
229
230
232
236
239
241
251
253
274
279
293
296
336
339
356
488
633
638
653
677
694
697
708
709
747
752
756
766
771
775
776
778
779
783
786
787
788
789
790
798
801
803
805
168
174
181
183
186
189
190
192
196
198
202
203
210
225
226
228
242
257
260
272
302
695
760
767
772
782
792
795
796
800
812
165
170
176
178
179
184
185
188
195
208
211
213
235
262
314
648
727
733
734
753
774
791
799
802
806
807
811
814
815
153
158
160
162
163
164
167
171
177
180
201
206
233
763
804
810
817
820
825
173
175
182
809
813
816
818
822
824
834
130
147
150
152
161
166
169
172
808
819
827
828
829
831
832
833
837
844
846
134
135
136
137
139
140
154
155
156
159
797
823
830
836
838
843
849
850
124
132
141
142
146
148
149
151
157
821
826
839
842
853
860
126
144
835
840
841
845
851
852
854
855
863
117
120
122
127
131
133
138
856
857
858
861
118
119
125
128
129
145
848
862
864
867
868
870
877
107
109
114
121
123
143
847
859
865
105
108
116
866
869
871
873
876
96
101
102
106
110
112
113
115
872
878
97
111
874
875
879
880
881
883
884
87
99
100
882
890
897
91
98
103
885
886
888
889
891
86
93
104
892
77
81
82
88
89
90
94
95
887
893
894
899
901
76
83
84
92
895
898
903
79
80
85
896
902
904
906
914
75
900
912
917
65
72
78
907
915
62
67
69
70
910
911
913
919
63
68
71
73
74
920
927
66
908
921
922
923
61
64
916
925
926
928
930
905
934
936
952
58
59
918
924
937
940
943
945
55
909
929
949
53
54
60
931
45
51
57
941
48
49
50
56
932
933
935
938
939
944
946
958
40
52
43
46
950
955
957
38
39
47
942
947
964
37
44
960
34
41
953
954
959
963
27
32
33
35
36
948
965
28
951
956
18
42
961
966
969
10
24
967
15
17
19
20
29
31
968
971
23
30
962
975
977
981
12
22
25
973
974
3
6
9
11
14
21
16
26
972
978
980
985
989
8
970
982
983
2
986
995
1
5
976
992
13
984
998
979
990
0
4
987
993
7
991
988
996
999
994
997
690
557
846
853
877
814
735
575
707
726
781
513
555
610
623
636
534
546
621
625
641
702
703
706
743
761
332
335
472
496
510
511
533
565
567
568
573
603
605
607
614
630
674
682
683
700
705
712
715
721
725
741
746
755
770
444
447
455
463
470
480
483
493
494
506
512
515
520
521
531
540
541
543
549
550
562
563
586
587
593
596
604
606
611
612
620
632
640
642
646
647
651
660
684
685
687
692
693
699
704
714
716
717
720
723
737
738
742
745
748
749
751
759
764
769
773
777
812
249
331
369
379
400
426
429
433
445
448
451
452
457
465
466
473
479
489
491
492
501
503
517
519
522
523
524
535
537
539
542
548
551
553
556
559
566
570
574
576
578
582
583
584
590
591
594
595
598
600
601
617
619
626
627
628
639
649
650
652
662
664
665
679
680
686
696
701
711
718
719
724
728
729
731
732
736
754
758
779
780
784
785
789
805
266
289
297
316
318
325
337
347
354
384
401
405
430
435
438
453
460
464
469
474
475
481
485
495
498
499
507
509
514
518
525
526
528
532
538
544
552
554
571
589
597
615
618
629
631
637
643
645
654
655
657
659
661
663
668
669
670
673
675
676
678
681
691
713
722
730
739
750
757
762
766
771
776
790
792
793
794
798
261
295
304
310
315
320
334
343
345
350
352
358
360
361
367
380
381
388
391
393
399
402
406
408
413
414
415
425
428
434
442
443
450
458
461
467
471
477
478
497
500
502
504
558
561
577
579
580
581
585
588
608
613
616
622
624
644
667
671
688
710
740
744
778
786
788
791
796
801
803
811
221
245
248
255
259
264
277
281
298
299
308
311
319
323
333
338
344
349
365
370
371
372
373
374
376
385
389
390
394
398
410
412
417
418
424
432
436
437
446
449
456
462
486
487
490
505
508
529
530
569
592
609
633
634
635
656
658
672
689
697
698
708
709
747
752
765
767
768
772
775
782
783
787
799
807
191
205
222
227
234
238
243
246
256
258
263
265
268
269
270
276
284
287
294
300
303
306
312
313
317
346
351
355
362
364
366
368
377
378
387
392
395
396
407
409
411
421
431
454
459
476
484
516
527
547
560
564
572
599
602
638
666
677
690
694
733
756
760
774
795
800
802
806
810
194
197
215
216
218
219
223
224
231
237
241
252
254
267
273
275
278
280
282
285
288
290
291
292
307
309
321
322
326
327
328
329
341
342
375
382
383
386
419
420
422
440
545
653
817
818
825
187
200
214
217
229
232
236
240
244
247
271
283
286
293
305
324
348
353
356
359
363
397
403
404
427
439
441
468
482
536
557
695
753
804
809
815
816
819
822
828
168
174
183
189
193
198
202
204
209
220
230
250
251
253
274
296
301
330
336
339
340
357
416
488
727
734
808
813
824
827
829
856
162
178
186
188
196
199
207
208
210
212
225
228
239
257
272
423
648
763
820
832
834
837
843
844
849
164
170
176
179
181
184
185
190
192
203
211
226
235
242
279
302
823
831
833
838
850
153
163
165
177
195
206
213
260
797
158
160
173
175
182
201
233
262
826
830
836
839
842
852
855
860
863
166
167
169
171
180
821
840
851
861
130
152
161
314
841
845
858
135
147
154
159
835
854
134
137
140
150
155
156
862
868
870
124
132
136
139
142
144
148
151
157
172
814
847
848
865
146
149
857
867
871
126
859
864
866
122
141
869
873
876
117
120
131
138
846
875
881
884
107
109
116
127
128
129
145
872
118
119
125
133
874
879
143
878
880
883
890
105
108
114
121
123
889
891
96
112
853
886
101
106
113
115
882
888
897
87
110
885
892
901
97
894
102
103
111
893
100
887
899
93
99
877
895
898
77
86
91
98
104
89
95
896
904
76
84
88
90
903
81
906
912
914
82
83
902
79
85
92
94
900
80
910
915
917
907
913
75
919
923
67
78
920
922
927
62
65
70
908
69
72
905
926
911
916
921
930
936
63
68
73
928
66
74
925
945
61
71
918
924
934
940
64
909
949
931
952
59
937
941
943
58
933
939
55
929
53
938
45
944
56
60
54
942
51
950
57
932
935
946
958
48
52
50
49
43
46
957
40
960
954
47
38
34
44
955
964
953
956
948
961
41
947
37
951
967
33
35
963
39
28
36
959
975
962
965
32
31
42
27
973
29
18
971
24
970
966
977
20
983
19
10
15
17
972
3
974
30
989
23
9
968
978
25
16
11
12
998
982
981
969
26
6
14
22
21
995
8
987
985
5
2
990
976
979
1
4
986
13
0
7
984
221
249
261
266
289
297
304
318
325
332
335
400
726
735
781
197
219
222
224
234
243
245
246
248
255
256
258
259
263
264
265
269
277
281
285
287
295
298
308
310
311
315
316
320
331
334
337
343
344
347
349
350
352
354
369
379
414
425
426
433
435
444
455
463
472
483
494
511
512
515
521
534
546
555
565
567
575
605
610
614
621
623
636
641
690
702
707
714
715
720
721
725
743
191
194
205
215
216
218
223
227
231
237
238
240
247
254
268
270
273
275
276
278
280
282
283
284
288
294
299
300
303
306
307
313
317
319
323
327
333
338
345
351
358
360
361
365
368
370
372
374
376
378
381
384
388
390
391
399
401
405
406
408
412
413
428
429
430
434
438
442
445
446
447
448
450
451
452
457
458
460
465
466
470
489
491
492
493
496
506
510
513
520
531
533
535
540
541
550
557
562
563
568
573
586
593
594
596
598
603
604
607
612
617
625
630
640
646
647
651
652
674
682
683
684
692
693
699
700
703
705
706
712
716
717
723
728
729
737
738
741
742
745
746
748
751
754
755
759
761
769
770
773
777
784
168
174
181
187
193
196
199
200
202
204
207
209
212
214
217
220
225
229
230
232
236
241
244
250
251
252
253
267
271
286
290
291
292
301
305
309
312
321
322
324
326
328
329
341
342
346
355
364
366
367
371
373
377
380
383
385
386
389
393
394
398
402
410
411
415
418
424
432
436
437
439
443
453
456
461
464
469
473
474
475
478
479
480
481
485
495
498
499
500
501
503
504
507
509
514
517
518
519
522
523
524
528
532
537
538
539
542
543
548
549
551
552
553
556
559
566
570
574
576
578
582
583
587
589
590
591
595
600
601
606
611
615
618
620
626
627
628
629
631
632
637
642
643
645
650
659
660
662
664
665
669
670
671
673
676
678
679
680
681
685
686
687
696
704
711
713
718
719
724
730
731
732
736
739
740
744
749
750
757
758
762
764
765
768
776
779
780
785
786
787
793
794
798
805
170
176
178
179
183
184
186
189
190
192
195
198
203
208
210
211
226
228
239
242
272
274
279
293
296
330
339
340
348
353
359
362
363
375
382
387
392
395
396
397
403
404
407
409
416
417
420
421
422
423
431
440
449
454
462
467
471
476
477
484
486
487
490
497
502
505
508
525
526
530
544
554
558
561
569
571
577
579
581
584
585
588
597
608
609
613
616
619
639
644
649
654
655
657
658
663
667
668
672
675
688
689
691
698
701
710
722
747
756
766
771
775
778
783
788
789
790
792
795
796
801
803
812
153
158
160
162
163
164
165
185
188
206
213
235
257
260
262
302
336
356
357
419
427
441
459
482
527
529
545
560
564
572
580
592
599
602
622
624
633
634
635
638
653
656
661
666
677
694
697
708
709
752
760
767
772
774
782
791
800
806
807
811
815
167
171
173
175
177
180
182
201
233
314
468
516
536
547
695
733
734
753
799
802
804
810
814
817
820
825
130
147
150
152
161
166
169
172
488
727
763
809
813
816
818
822
824
834
134
135
136
137
140
154
156
159
648
808
819
827
828
829
831
832
833
844
124
132
139
141
146
149
151
155
157
797
823
830
836
837
838
843
846
849
850
860
126
142
144
148
821
826
839
842
852
117
120
122
127
131
133
138
835
840
841
845
851
853
854
855
856
861
863
118
119
123
125
128
129
145
857
858
107
109
114
143
848
862
864
867
868
870
105
108
116
121
847
859
865
877
96
106
110
112
113
115
866
871
873
876
101
102
869
872
874
878
97
100
111
875
879
880
881
883
884
87
99
103
882
890
897
91
93
98
885
886
888
889
891
86
95
104
77
81
82
83
84
88
89
90
94
887
892
893
894
899
901
76
92
895
898
903
79
80
85
896
914
75
900
902
904
906
78
907
912
917
65
67
69
70
72
911
915
62
68
73
74
910
913
919
920
63
908
922
927
61
66
71
921
923
926
64
905
916
925
928
930
936
952
58
59
918
924
934
937
940
943
945
909
929
949
53
55
931
45
51
54
56
60
48
57
932
933
939
941
49
50
935
938
944
958
52
946
950
40
43
46
47
942
955
957
38
947
34
964
35
37
44
953
954
959
960
963
33
36
39
41
28
948
951
956
42
965
31
32
961
27
29
18
966
967
971
24
962
975
10
19
973
15
17
20
969
23
30
968
972
9
970
974
977
983
3
6
12
21
22
25
978
981
11
14
16
26
980
982
985
989
8
2
992
1
5
986
995
998
13
976
987
990
993
0
4
979
984
991
988
7
996
999
994
997
690
856
814
735
575
707
726
781
546
555
557
610
623
636
513
534
621
625
641
683
702
703
706
743
761
335
496
510
511
533
565
567
568
573
593
603
605
607
614
620
630
646
647
651
674
682
684
700
705
712
715
721
725
741
746
770
444
447
463
470
472
480
494
506
512
515
517
520
521
531
540
541
543
549
550
556
562
563
574
584
586
587
594
596
601
604
606
611
612
632
640
642
652
660
680
685
687
692
693
699
704
711
714
716
717
720
737
738
742
745
748
751
755
759
332
400
448
451
452
455
457
465
479
483
489
491
492
493
501
503
519
522
523
524
535
537
539
542
548
551
552
553
559
566
570
576
578
582
583
590
591
595
598
600
615
617
618
619
626
627
628
631
639
649
650
662
663
664
665
668
669
679
686
696
701
719
723
724
728
729
731
732
736
749
754
758
764
769
773
777
812
331
369
379
426
429
430
433
445
453
460
464
466
469
473
474
475
481
495
498
499
507
509
514
518
525
526
528
532
538
544
554
571
579
589
597
608
629
637
643
645
654
655
657
659
661
670
671
673
675
676
678
681
691
713
718
722
739
757
779
780
784
785
789
805
266
297
316
325
337
347
350
354
360
380
384
399
401
405
415
425
435
438
450
458
471
478
485
497
500
502
504
558
561
569
577
580
581
585
588
609
613
616
622
624
634
644
667
672
688
710
730
740
750
762
766
771
776
788
792
793
794
798
249
289
304
318
320
334
343
345
352
358
361
367
373
374
381
388
389
391
393
402
406
408
412
413
414
417
418
424
428
432
434
436
442
443
446
456
461
462
467
477
486
490
505
508
529
530
592
599
633
635
656
658
689
697
698
708
709
744
747
752
765
768
775
778
786
790
791
796
799
803
811
261
295
299
310
315
319
323
333
338
344
349
365
368
370
371
372
376
385
390
394
395
396
398
407
410
421
431
437
449
454
459
476
484
487
516
527
547
560
564
572
602
638
653
666
677
690
694
733
760
767
772
782
783
787
795
801
255
264
277
281
294
298
300
308
311
317
346
351
355
362
364
366
377
378
382
383
386
387
392
409
411
419
422
440
545
756
774
800
807
846
221
238
243
245
248
256
258
259
263
265
268
269
276
284
285
287
303
306
307
309
312
313
322
326
327
328
329
341
342
375
403
420
427
439
441
468
482
536
695
753
802
806
222
227
234
241
246
252
254
267
270
273
275
278
280
282
283
288
290
291
292
305
321
348
353
356
359
363
397
404
416
488
727
810
817
825
191
194
205
216
218
219
223
231
237
244
271
286
293
296
324
330
336
339
357
423
648
734
763
809
815
816
818
822
828
197
200
215
217
224
229
232
236
240
247
250
251
253
274
301
340
804
808
819
824
827
187
202
214
220
230
272
302
813
820
829
833
837
843
168
186
189
198
204
209
210
225
228
239
257
279
797
823
832
834
844
174
183
193
196
199
203
207
208
211
212
226
235
242
260
831
838
849
162
170
176
178
179
184
188
192
195
213
262
850
181
185
190
206
233
314
826
830
836
163
164
165
175
177
201
821
839
840
842
852
855
860
153
169
173
182
841
851
853
861
863
158
160
171
180
835
845
166
167
858
877
152
854
870
147
161
868
130
135
154
155
159
172
847
862
134
140
150
156
814
848
857
865
871
136
137
148
151
866
124
132
139
142
144
146
149
157
859
864
867
873
126
869
884
141
876
122
872
874
875
881
120
131
138
117
145
856
879
880
883
127
128
890
107
116
118
129
133
143
878
891
109
119
125
882
886
889
114
121
123
885
888
108
892
894
897
105
110
112
113
115
901
101
106
87
96
887
97
895
111
893
102
899
100
103
898
896
904
99
93
903
104
912
91
98
906
86
89
95
77
90
914
76
81
902
84
88
915
900
83
94
907
910
917
82
85
92
913
79
80
75
919
923
920
927
908
911
922
905
921
78
916
926
936
62
67
69
930
65
70
72
928
945
918
909
931
73
940
924
925
63
68
74
941
66
934
949
937
61
952
71
943
933
929
64
939
938
59
58
944
942
935
950
958
56
946
45
53
55
932
57
54
60
960
51
48
954
957
50
40
52
49
46
43
956
961
964
47
34
953
951
38
44
947
472
483
511
512
546
400
433
444
451
455
463
489
491
493
494
496
506
510
513
515
521
533
534
550
555
557
565
567
573
575
610
614
379
414
425
426
429
434
435
442
445
446
447
448
450
452
457
458
460
464
465
466
469
470
473
474
475
479
480
481
492
495
499
501
503
517
518
519
520
522
523
524
528
531
535
537
538
539
540
541
542
548
549
552
553
556
559
562
563
566
568
574
576
586
587
593
594
596
598
603
604
605
607
617
621
623
625
630
636
641
335
347
369
384
390
401
405
406
408
412
413
424
428
430
432
438
443
453
456
461
467
471
478
485
486
487
490
497
498
500
504
507
508
509
514
525
526
532
543
544
551
570
571
578
582
583
584
589
590
591
595
600
606
609
611
612
615
618
620
629
640
646
647
651
652
674
690
702
318
325
332
334
343
344
345
349
350
352
354
358
360
361
370
372
374
376
378
380
388
389
391
393
398
399
402
410
411
415
417
418
421
422
436
437
439
440
449
454
459
462
476
477
484
502
505
527
529
530
554
558
561
569
577
579
580
581
585
588
597
601
608
619
626
627
628
631
632
637
639
642
643
645
650
659
660
662
669
682
683
684
703
706
707
714
715
720
726
735
289
297
304
316
331
337
338
351
364
365
367
368
371
373
377
381
382
383
385
386
387
392
394
395
396
397
403
407
409
416
419
420
423
431
441
468
482
516
536
545
560
564
572
592
599
602
613
616
622
624
635
644
649
654
655
657
658
663
664
665
667
668
670
671
673
676
678
679
680
681
685
687
692
693
696
699
700
704
705
712
717
721
725
738
743
261
266
295
298
308
310
311
315
317
319
320
323
327
333
341
346
348
355
359
362
366
375
404
427
488
547
633
634
638
656
661
666
672
675
686
688
691
701
711
713
716
718
719
723
724
728
729
731
737
741
742
746
781
249
256
258
264
265
269
277
280
281
284
285
287
288
294
299
300
303
305
306
307
309
312
313
321
322
324
326
328
329
340
342
353
356
357
363
653
677
689
697
698
710
722
730
732
736
739
745
748
749
751
754
755
759
761
770
773
784
221
245
246
248
254
255
259
263
268
270
273
275
276
278
282
283
290
291
292
301
330
336
339
694
708
709
740
744
747
750
757
758
762
769
777
219
222
224
227
234
237
238
243
244
252
267
271
286
293
296
648
695
752
764
765
766
768
771
776
779
780
785
786
787
793
794
798
194
197
205
216
223
229
231
232
236
240
241
247
250
251
253
272
274
279
302
727
733
734
756
767
775
778
783
788
789
790
792
805
191
199
200
212
214
215
217
218
220
225
230
239
257
260
262
314
753
760
772
774
782
795
796
800
801
803
812
187
192
193
196
198
202
204
207
209
226
228
235
242
791
799
811
168
174
179
181
183
184
186
189
190
195
203
208
210
211
213
763
802
804
806
807
815
165
170
176
178
185
188
206
233
809
810
814
817
820
825
153
158
160
162
163
164
167
171
175
177
180
182
201
813
816
818
819
822
824
827
833
834
169
173
797
808
828
829
830
831
832
837
844
152
161
166
172
823
836
838
839
846
130
135
147
150
154
156
159
821
826
842
843
849
850
853
860
134
136
137
139
140
146
151
155
157
835
840
841
845
851
852
854
855
863
124
132
141
142
144
148
149
856
857
858
861
126
138
848
868
117
120
122
127
128
131
133
145
847
859
862
864
867
870
877
118
119
125
129
143
865
873
107
109
114
121
123
866
869
871
872
876
105
108
116
874
875
878
881
884
96
102
106
110
113
115
879
880
883
890
101
111
112
882
886
897
97
100
885
888
889
891
87
99
103
892
86
91
93
98
887
893
894
899
901
89
94
95
104
895
898
903
76
77
81
82
83
84
88
90
896
92
904
906
914
79
80
85
900
902
912
917
75
907
911
915
78
910
913
65
69
70
72
919
920
927
62
63
67
73
908
921
922
923
68
71
74
905
916
925
926
928
61
66
930
934
936
952
64
918
924
937
943
945
929
940
949
58
59
909
931
53
55
941
45
54
60
932
933
935
938
939
944
51
56
57
955
958
48
49
50
946
950
963
40
43
52
942
957
959
35
37
39
46
47
947
948
36
38
41
964
965
33
42
953
960
971
28
954
29
32
34
951
956
966
967
27
31
44
962
969
975
961
973
18
24
972
10
968
977
15
17
19
20
23
30
970
974
981
983
978
12
22
25
985
989
3
6
9
11
14
16
21
980
982
26
986
2
8
995
998
976
984
5
990
992
1
13
979
987
4
993
0
7
991
988
996
999
994
997
690
557
853
846
877
575
513
534
546
555
610
623
636
707
735
496
510
511
533
567
568
614
621
625
641
726
444
447
455
463
465
470
472
480
483
494
506
512
520
521
531
540
541
543
549
550
562
565
573
593
603
605
607
611
620
630
674
682
683
702
706
781
335
400
426
429
445
448
451
452
457
466
469
473
479
489
491
492
493
501
503
515
517
519
522
523
524
535
537
539
542
548
551
556
563
570
574
576
584
586
587
594
596
598
601
604
606
612
632
640
642
646
647
651
660
684
693
700
703
712
715
721
725
743
761
332
369
379
405
430
433
438
453
460
464
474
475
481
485
495
498
499
507
509
514
518
525
526
528
532
538
544
552
553
559
566
578
582
583
589
590
591
595
600
615
617
618
619
626
627
628
631
639
649
650
652
662
679
680
685
687
692
699
704
705
714
720
737
741
746
325
331
354
384
399
401
406
415
425
428
432
434
435
442
443
450
458
467
471
477
478
497
500
502
504
554
571
577
579
581
585
588
597
608
629
637
643
645
654
655
657
659
663
664
665
668
669
670
673
675
676
678
686
696
701
711
716
717
719
723
724
728
731
738
742
745
748
749
751
755
770
297
316
318
337
343
345
347
350
358
360
361
367
372
373
374
380
381
388
389
391
393
402
408
412
413
414
417
418
424
436
446
456
461
462
484
486
487
490
505
508
529
530
558
561
569
580
592
609
613
616
622
624
634
644
661
667
671
681
691
713
718
729
732
736
739
754
758
759
764
773
777
266
289
304
310
315
320
334
338
344
349
352
365
370
371
376
377
378
385
390
394
395
396
398
407
410
421
431
437
449
454
459
476
516
527
547
560
564
572
599
633
635
656
658
672
688
697
722
730
750
757
769
779
780
784
785
812
249
295
299
308
311
319
323
333
346
355
362
364
366
368
375
382
383
386
387
392
409
411
419
422
440
545
602
638
666
677
689
694
698
708
709
710
740
762
766
771
776
789
794
798
805
261
277
281
294
298
300
312
317
326
328
329
341
342
351
397
403
420
427
439
441
468
482
488
536
557
653
690
744
747
752
765
768
778
786
788
790
792
793
796
245
248
255
256
258
259
263
264
265
268
269
276
284
285
287
292
303
305
306
307
309
313
321
322
327
353
356
359
363
404
416
733
756
760
767
772
775
782
783
787
791
799
801
803
811
221
227
234
238
243
246
252
254
270
273
275
280
282
288
290
291
324
330
336
339
348
357
423
695
774
795
800
807
814
222
223
241
244
267
271
278
283
286
293
296
301
340
648
753
802
806
191
194
197
205
215
216
218
219
224
231
237
247
251
274
727
734
810
817
200
217
220
229
232
236
240
250
253
272
302
763
809
816
818
822
825
187
202
209
214
230
239
257
279
804
808
815
819
828
186
189
198
204
207
210
225
226
228
260
813
820
824
827
829
837
168
174
183
193
196
199
203
208
211
212
235
242
262
314
797
823
833
834
843
844
162
176
178
179
181
184
188
192
195
206
213
233
831
832
838
849
850
856
164
170
185
190
201
163
165
175
177
182
826
830
836
153
169
173
821
839
840
842
852
855
860
861
863
158
160
166
167
171
180
841
851
835
845
858
152
161
854
130
147
154
868
870
135
140
155
159
172
847
862
134
137
148
150
156
848
857
865
867
871
124
136
139
142
144
146
151
157
859
866
132
149
864
869
873
126
141
846
876
884
872
875
881
120
122
131
138
874
879
117
128
145
883
118
127
129
878
880
890
107
109
116
119
133
143
853
891
125
882
886
889
121
885
114
123
888
897
105
108
892
894
901
112
115
96
101
106
110
113
87
97
887
893
895
899
111
877
898
102
103
896
904
100
99
903
91
93
104
906
912
98
914
77
86
89
902
90
95
900
76
81
88
915
84
910
907
917
83
85
94
913
79
82
92
919
923
80
927
908
920
922
75
905
911
921
926
916
936
930
78
928
62
65
67
69
70
945
918
925
72
924
909
931
940
934
941
949
63
73
66
68
937
74
952
943
933
939
61
938
71
929
64
944
942
59
935
58
950
946
932
958
55
53
56
45
954
960
957
60
51
57
54
48
948
955
956
52
961
964
40
963
50
953
43
46
49
947
962
967
959
975
951
47
965
973
38
971
970
35
34
983
33
37
44
41
28
31
966
972
42
29
36
977
989
974
978
32
982
24
998
27
400
444
472
483
511
512
546
565
575
614
332
335
379
414
425
426
433
435
448
451
455
463
489
493
494
496
506
510
513
515
521
533
534
541
550
555
557
563
567
573
586
603
605
610
617
621
623
636
641
690
702
707
715
726
735
261
266
289
297
304
316
318
325
331
334
337
343
344
345
347
349
350
352
354
360
361
369
384
390
399
401
405
406
412
413
424
428
429
430
432
434
438
442
445
446
447
450
452
453
457
458
460
464
465
466
469
470
473
474
475
479
480
481
491
492
495
499
501
503
517
518
519
520
522
523
524
528
531
535
537
538
539
540
542
543
548
549
552
553
556
559
562
566
568
570
574
576
582
583
587
593
594
596
598
604
606
607
611
612
618
620
625
630
640
646
647
651
652
674
682
683
684
700
703
706
714
720
721
725
743
249
256
258
264
269
277
281
284
285
287
295
298
308
310
311
315
320
323
327
333
338
351
358
364
365
367
368
370
371
372
373
374
376
377
378
380
381
383
385
388
389
391
393
398
402
408
410
411
415
418
436
437
439
443
456
461
467
471
478
485
487
490
497
498
500
504
507
508
509
514
525
526
532
544
551
561
571
578
579
581
584
589
590
591
595
600
601
608
609
615
619
626
627
628
629
631
632
637
639
642
643
645
650
654
657
659
660
662
665
669
670
671
673
676
678
679
680
685
687
692
693
696
699
704
705
712
716
717
719
723
737
738
741
746
781
221
243
245
246
248
254
255
259
263
265
268
276
278
280
282
283
288
294
299
300
303
305
306
307
312
313
317
319
321
322
326
328
329
341
342
346
348
355
359
362
366
375
382
386
387
392
394
395
396
397
403
404
407
409
416
417
419
420
421
422
423
431
440
449
454
459
462
476
477
484
486
502
505
527
529
530
554
558
560
569
577
580
585
588
592
597
599
613
616
622
624
644
649
655
658
661
663
664
667
668
675
681
686
688
691
701
711
713
718
724
728
729
730
731
732
736
739
742
745
748
749
751
754
755
759
761
770
773
784
197
205
219
222
223
224
227
231
234
237
238
244
247
252
267
270
271
273
275
286
290
291
292
301
309
324
330
339
340
353
357
363
427
441
468
482
516
536
545
547
564
572
602
633
634
635
638
653
656
666
672
677
689
697
698
708
710
722
740
744
750
757
758
762
764
765
768
769
777
780
785
191
194
215
216
218
229
232
236
240
241
250
251
253
274
279
293
296
336
356
488
694
695
709
747
752
756
766
771
775
776
778
779
786
787
788
790
793
794
798
805
187
193
196
199
200
202
204
207
209
212
214
217
220
225
230
239
257
272
302
760
767
772
783
789
792
795
796
801
803
168
174
181
183
184
186
189
190
192
195
198
203
210
211
226
228
235
242
260
262
314
648
727
733
734
753
774
782
791
800
812
814
170
176
178
179
185
188
208
213
763
799
802
804
806
807
811
815
153
158
160
162
163
164
165
167
171
177
180
201
206
233
810
817
820
825
173
175
182
809
813
816
818
822
824
827
832
833
834
152
166
169
172
797
808
819
828
829
830
831
837
844
130
135
147
150
154
159
161
823
836
838
843
846
849
134
136
137
139
140
146
151
155
156
821
826
839
842
850
860
124
132
141
142
148
149
157
835
840
841
845
851
852
854
855
856
863
126
138
144
853
858
861
117
120
122
127
128
131
133
848
857
868
118
119
125
129
143
145
847
859
862
864
867
870
107
109
123
865
873
877
105
108
114
116
121
866
869
871
872
876
96
106
112
113
115
874
875
878
881
884
101
102
110
879
880
883
890
97
100
111
882
897
87
99
103
885
886
888
889
891
91
93
98
892
86
95
104
887
893
894
899
901
77
81
82
88
89
90
94
895
898
903
76
83
84
92
896
79
80
85
902
904
906
914
900
917
75
912
65
78
907
911
915
67
69
70
72
910
913
919
920
62
63
68
73
74
908
922
927
66
71
921
923
926
61
64
905
916
925
928
930
918
936
937
943
945
952
58
59
924
934
940
55
909
929
949
53
931
54
60
939
941
45
51
56
57
932
933
935
938
944
48
49
50
946
958
40
43
52
942
950
955
38
46
47
947
957
39
964
35
37
960
963
34
41
953
954
959
33
36
44
948
951
956
965
28
42
961
969
971
18
29
31
32
962
967
10
15
19
966
975
17
20
23
27
30
968
973
981
22
972
6
9
11
12
14
21
24
25
3
16
970
980
983
985
26
974
977
2
8
986
978
995
1
5
989
13
976
982
984
992
979
990
4
987
0
993
7
998
988
991
996
999
994
997
690
814
856
335
735
575
781
534
546
555
557
610
623
636
707
726
513
621
625
641
702
706
496
510
511
533
565
567
568
573
593
603
605
607
614
620
630
646
647
651
674
682
683
700
703
712
715
721
743
761
463
470
472
480
494
512
515
517
520
521
531
540
541
543
549
550
556
562
563
586
587
594
596
604
606
611
612
632
640
642
660
684
687
693
699
705
714
720
725
737
741
746
770
332
444
447
451
452
455
465
483
489
491
492
493
501
503
506
519
522
523
524
535
537
539
542
548
551
552
553
559
566
570
574
576
578
582
583
584
590
591
595
598
600
601
615
617
618
619
626
627
628
631
639
649
650
652
662
664
665
679
680
685
692
696
704
711
716
717
719
723
724
728
731
738
742
745
748
749
751
755
759
379
400
426
429
430
433
445
448
457
460
464
466
469
473
474
475
479
481
495
498
507
509
514
518
525
526
528
532
538
544
554
571
579
589
597
608
629
637
643
645
654
655
657
659
661
663
668
669
670
673
675
676
678
686
691
701
718
729
732
736
739
754
758
764
769
773
777
331
369
401
405
425
435
438
450
453
458
471
478
485
497
499
500
502
504
558
561
569
577
580
581
585
588
609
613
616
622
624
644
667
671
681
713
722
730
750
757
762
766
779
780
784
785
789
805
812
297
316
325
337
343
347
350
354
358
360
361
380
381
384
388
391
393
399
402
406
408
413
414
415
418
428
432
434
442
443
446
456
461
462
467
477
486
490
505
508
529
530
592
599
633
634
635
656
658
672
688
689
697
708
710
740
771
776
788
792
793
794
798
249
266
289
295
304
310
318
320
334
344
345
349
352
367
370
371
372
373
374
376
385
389
394
398
410
412
417
424
436
437
449
454
459
476
484
487
516
527
547
560
564
572
602
638
666
677
690
694
698
709
744
747
752
765
768
775
778
786
790
791
803
261
299
308
315
319
323
333
338
362
364
365
366
368
377
378
387
390
392
395
396
407
409
411
419
421
431
545
653
733
756
760
767
772
782
783
787
796
799
801
811
264
277
281
294
298
300
311
312
317
329
342
346
351
355
375
382
383
386
403
420
422
427
439
440
441
536
774
795
800
221
238
243
245
248
255
256
258
259
263
265
268
269
276
284
285
287
288
292
303
306
307
309
313
322
326
327
328
341
353
359
397
404
416
468
482
488
695
753
802
806
807
222
227
234
246
254
267
270
273
275
278
280
282
283
290
291
305
321
348
356
357
363
648
727
734
810
817
191
205
218
219
223
241
244
252
271
286
293
296
301
324
330
336
339
340
423
763
818
825
194
197
215
216
224
229
231
237
240
247
250
251
253
274
804
808
809
815
816
819
822
828
846
187
200
214
217
220
232
236
272
302
813
820
824
827
829
837
198
202
209
225
228
230
239
257
279
823
833
843
168
186
189
193
196
204
207
208
210
260
335
797
832
834
838
844
174
183
188
192
199
203
211
212
213
226
235
242
262
831
849
850
162
170
176
178
179
181
184
190
195
206
233
314
830
185
201
826
836
839
855
163
164
165
175
177
182
814
821
840
842
852
860
861
863
153
169
173
841
851
853
158
160
171
180
835
845
858
166
167
854
152
870
877
147
161
862
868
130
135
154
155
172
847
134
140
150
156
159
848
857
865
871
137
148
151
859
866
867
124
132
136
139
142
144
146
149
157
864
869
873
884
126
141
876
872
874
875
881
122
138
879
120
131
145
856
880
883
117
127
128
116
118
129
143
878
890
891
107
119
133
109
125
886
889
121
882
885
114
123
888
892
897
108
112
894
901
105
110
113
115
101
106
87
96
887
895
97
111
893
102
898
899
100
103
896
904
99
903
93
104
906
91
912
86
89
98
914
90
95
77
902
76
81
88
915
84
900
83
94
907
910
85
92
913
917
82
79
75
80
919
920
923
927
908
911
922
905
921
916
926
78
936
62
69
930
65
67
70
928
945
72
909
918
931
940
73
925
924
63
941
68
74
934
66
949
937
61
71
943
952
933
929
939
938
64
944
59
58
942
935
958
950
56
946
53
45
55
932
54
57
960
60
51
48
954
50
957
40
49
52
46
43
961
956
953
964
34
47
951
38
400
444
472
483
511
512
546
266
289
297
318
325
332
334
347
369
379
414
425
426
433
434
435
442
445
447
448
451
455
463
465
466
470
489
491
492
493
494
496
506
510
513
515
521
533
534
550
555
557
563
565
567
573
575
603
605
610
614
617
621
623
636
641
690
715
726
735
221
248
249
256
258
261
264
269
277
295
298
304
308
310
311
315
316
320
331
335
337
343
344
345
349
350
352
354
358
360
361
370
374
378
384
388
390
391
399
401
405
406
408
412
413
424
428
429
430
432
438
446
450
452
453
457
458
460
464
469
473
474
475
478
479
480
481
485
495
499
501
503
517
518
519
520
522
523
524
528
531
532
535
537
538
539
540
541
542
543
548
549
552
553
556
559
562
566
568
570
574
576
582
586
587
593
594
596
598
604
606
607
612
620
625
630
640
646
647
651
652
674
682
683
702
703
706
707
714
720
721
725
738
743
781
197
219
222
224
234
237
243
245
246
254
255
259
263
265
268
276
280
281
284
285
287
288
294
299
300
303
306
313
317
319
323
327
333
338
346
351
364
365
367
368
371
372
373
376
377
380
381
383
385
389
393
394
398
402
410
411
415
417
418
421
422
436
437
439
440
443
456
461
467
471
477
486
487
490
497
498
500
504
507
508
509
514
525
526
544
551
561
571
578
579
583
584
589
590
591
595
600
601
608
609
611
615
618
619
626
627
628
629
631
632
637
642
645
650
659
660
662
673
676
679
684
685
687
692
693
696
699
700
704
705
712
716
717
723
728
729
737
741
742
745
746
748
751
759
761
769
770
773
777
784
191
194
205
215
216
218
223
227
229
231
238
240
244
247
250
252
267
270
271
273
275
278
282
283
290
291
292
301
305
307
309
312
321
322
324
326
328
329
340
341
342
348
355
359
362
366
375
382
386
387
392
395
396
397
403
404
407
409
416
419
420
423
431
449
454
459
462
476
484
502
505
527
529
530
554
558
569
577
580
581
585
588
592
597
599
613
616
639
643
644
649
654
655
657
658
663
664
665
668
669
670
671
675
678
680
681
686
688
701
711
713
718
719
724
730
731
732
736
739
744
749
750
754
755
757
758
762
764
780
785
793
794
798
168
174
187
193
196
199
200
202
204
207
209
212
214
217
220
225
230
232
236
239
241
251
253
274
286
293
296
330
336
339
353
356
357
363
427
441
468
482
516
536
545
560
564
572
602
622
624
634
635
656
661
666
667
672
689
691
698
708
710
722
740
747
765
766
768
771
775
776
778
779
786
787
788
789
790
801
803
805
170
178
179
181
183
184
186
189
190
192
195
198
203
208
210
211
226
228
242
257
272
279
302
488
547
633
638
653
677
694
697
709
752
756
767
772
782
783
792
795
796
800
812
153
158
160
162
163
164
165
176
185
188
206
213
235
260
262
314
695
727
733
734
753
760
774
791
799
802
806
807
811
814
815
167
171
175
177
180
182
201
233
648
804
810
817
820
825
152
161
169
173
763
809
813
816
818
819
822
824
827
828
832
833
834
130
134
135
137
140
147
150
154
156
159
166
172
797
808
829
830
831
836
837
844
846
124
136
139
141
146
149
151
155
157
821
823
826
838
839
842
843
849
850
860
126
132
142
144
148
840
841
845
852
853
863
117
120
122
127
131
133
138
835
851
854
855
856
858
861
119
125
128
129
145
848
857
868
105
107
109
114
116
118
123
143
862
864
865
867
870
877
106
108
121
847
859
873
876
96
102
110
112
113
115
866
869
871
872
878
97
101
111
874
875
879
881
883
884
87
99
100
880
882
890
897
86
91
98
103
885
886
888
891
93
104
889
892
77
81
82
83
84
88
89
90
94
95
887
893
894
899
901
76
92
895
898
903
79
80
85
896
904
906
914
75
900
902
917
65
69
70
72
78
907
912
62
63
67
73
910
911
913
915
919
68
71
74
920
921
927
61
66
908
922
923
926
64
916
925
928
930
905
934
936
937
943
952
58
59
918
924
940
945
53
55
909
929
949
54
60
931
45
51
56
57
939
941
48
49
50
932
933
935
938
944
955
946
947
958
37
40
43
52
35
39
41
44
46
950
957
959
963
33
36
47
942
948
28
38
42
965
29
960
964
27
32
34
954
971
31
953
967
956
962
966
975
18
24
951
961
969
973
10
19
972
15
17
20
23
30
977
968
974
983
6
9
11
12
14
22
25
970
981
3
16
21
978
989
26
980
985
8
982
2
986
995
998
1
5
13
976
984
992
979
990
0
4
987
7
993
991
988
996
999
994
997
690
557
846
853
877
814
735
781
707
726
575
610
636
706
761
513
534
546
555
621
623
625
641
702
703
712
715
725
743
770
332
472
496
510
511
533
565
567
568
573
605
607
614
630
674
682
683
684
699
700
705
714
720
721
737
738
741
746
751
755
759
773
777
812
249
266
331
335
400
444
447
451
452
455
463
465
470
480
483
493
494
506
512
515
520
521
531
540
541
543
549
550
562
563
587
593
596
603
604
611
612
620
632
642
646
647
651
660
685
687
692
693
704
711
716
717
723
724
728
731
742
745
748
749
754
758
764
769
780
784
785
789
805
289
297
316
325
337
354
369
379
405
426
429
433
445
448
457
460
466
469
473
479
489
491
492
501
503
517
519
522
523
524
535
537
539
542
548
551
553
556
559
570
574
576
578
582
583
584
586
590
591
594
595
598
600
601
606
617
619
626
627
628
639
640
649
650
652
662
664
665
679
680
686
696
701
718
719
729
732
736
739
757
762
766
771
779
793
794
798
221
261
295
304
310
315
318
320
334
343
345
347
350
358
360
361
380
381
384
399
401
406
425
430
435
438
450
453
464
474
475
481
485
495
498
499
507
509
514
518
525
526
528
532
538
544
552
566
571
589
597
615
618
629
631
637
643
645
654
655
657
659
661
663
668
669
670
673
675
676
678
681
691
713
722
730
750
776
778
786
788
790
791
792
796
801
803
811
191
222
238
243
245
248
255
256
259
264
269
277
281
298
299
308
311
319
323
333
338
344
349
352
367
372
373
374
388
389
391
393
402
408
412
413
414
415
418
428
432
434
442
443
458
461
467
471
477
478
486
497
500
502
504
554
558
561
577
579
580
581
585
588
608
613
616
622
624
644
667
671
672
688
697
710
740
744
747
752
765
768
775
782
783
787
799
807
194
197
205
216
218
223
227
234
246
254
258
263
265
268
270
276
280
284
285
287
294
300
303
306
312
317
362
364
365
366
368
370
371
376
377
378
385
390
392
394
395
396
398
407
410
417
424
431
436
437
446
449
454
456
462
487
490
505
508
529
530
569
592
609
633
634
635
656
658
677
689
694
698
708
709
756
760
767
772
774
795
800
802
806
810
187
200
215
217
219
224
229
231
237
241
252
267
273
275
278
282
283
288
290
291
292
307
309
313
322
326
327
328
329
341
342
346
351
355
375
382
383
386
387
409
411
419
421
459
476
484
516
527
547
560
564
572
599
602
638
666
690
733
817
818
825
168
202
214
220
232
236
240
244
247
250
251
271
286
293
296
305
321
324
353
359
397
403
420
422
427
439
440
441
545
653
753
804
809
815
816
819
822
828
162
174
183
186
189
193
198
199
204
207
208
209
210
230
253
272
274
301
330
336
339
348
356
363
404
416
468
482
536
695
808
813
827
843
170
176
178
179
184
188
192
196
203
211
212
225
228
239
257
340
357
423
488
557
727
734
763
820
824
829
832
834
837
844
849
153
163
164
165
181
185
190
195
206
213
226
235
242
279
302
648
823
831
833
838
850
856
175
177
182
201
233
260
797
158
160
169
171
173
262
826
830
836
839
842
852
855
860
863
130
152
166
167
180
821
840
851
861
135
147
161
314
841
845
858
134
137
140
154
159
835
854
124
136
139
142
144
148
150
155
156
868
870
132
146
149
151
157
172
847
848
862
865
126
814
857
867
871
141
859
864
866
120
122
131
138
869
873
876
109
116
117
128
145
875
881
884
107
118
119
127
129
846
872
125
133
874
879
883
108
114
121
123
143
878
880
890
105
112
889
891
96
101
106
115
886
87
110
113
853
882
888
897
97
885
892
901
102
103
111
894
100
893
93
99
887
899
86
91
98
104
895
898
77
89
95
877
76
84
88
90
896
904
81
903
82
83
906
912
914
79
85
92
94
80
900
902
910
915
917
75
907
913
65
67
70
78
919
923
62
72
920
922
927
69
908
905
911
921
926
73
916
930
63
68
936
61
66
74
925
928
945
71
918
924
934
64
909
940
949
931
59
941
952
58
937
943
55
929
933
939
53
938
45
56
60
944
54
51
57
942
950
932
48
935
946
958
52
49
50
43
46
957
40
960
954
47
44
955
34
38
947
948
35
41
37
964
967
28
33
36
953
963
956
961
959
962
975
965
31
39
42
29
951
32
971
973
27
970
983
18
24
972
966
977
19
20
10
15
17
974
3
989
30
23
9
968
978
25
16
998
11
12
982
981
969
26
6
22
14
21
995
8
987
985
2
5
976
990
979
1
4
986
13
0
7
984
266
221
245
246
248
249
256
258
261
264
277
289
297
304
318
325
332
335
726
735
781
191
194
197
205
219
222
223
224
227
231
234
237
243
254
255
259
263
265
269
276
280
281
284
285
287
294
295
298
308
310
311
315
316
320
331
334
337
344
347
349
350
354
369
379
400
433
444
472
483
511
512
546
565
575
610
614
641
690
702
707
714
715
720
721
725
738
741
743
759
761
773
784
174
187
193
199
200
204
214
215
216
217
218
229
232
236
238
240
241
244
247
250
252
267
268
270
271
273
275
278
282
283
288
290
299
300
303
306
307
313
317
319
323
327
333
338
343
345
351
352
358
360
361
370
372
374
376
378
384
390
391
401
405
406
414
425
426
429
434
435
442
445
447
448
451
452
455
463
489
493
494
496
506
510
513
515
521
533
534
550
555
557
563
567
573
586
594
603
605
607
617
621
623
625
630
636
646
647
651
652
674
682
683
684
692
699
700
703
705
706
712
716
717
719
723
728
729
736
737
739
742
745
746
748
751
754
755
769
770
777
780
785
793
794
168
170
178
179
181
183
184
186
189
190
192
196
198
202
203
207
209
210
212
220
225
230
239
251
253
286
291
292
293
301
305
309
312
321
322
324
326
328
329
346
355
364
365
366
367
368
371
373
377
380
381
383
385
388
389
393
398
399
402
408
411
412
413
415
418
424
428
430
432
438
446
450
453
457
458
460
464
465
466
469
470
473
474
475
479
480
481
491
492
495
499
501
503
517
518
519
520
522
523
524
528
531
535
537
538
539
540
541
542
543
548
549
553
556
559
562
566
568
570
574
576
582
587
593
595
596
598
600
604
606
611
612
615
618
620
629
632
640
642
650
659
660
662
670
673
676
679
680
685
687
693
696
704
711
713
718
724
730
731
732
740
744
749
750
757
758
762
764
765
766
768
771
775
776
778
779
786
787
788
789
790
798
801
803
805
153
158
160
162
163
164
165
176
185
188
195
208
211
226
228
235
242
257
272
274
279
296
330
339
340
341
342
348
353
359
362
375
382
386
387
392
394
395
396
403
407
409
410
417
420
421
422
431
436
437
439
440
443
449
456
461
467
471
478
485
487
490
497
498
500
504
507
508
509
514
525
526
532
544
551
552
561
571
578
579
581
583
584
589
590
591
601
608
609
619
626
627
628
631
637
639
643
644
645
649
654
655
657
658
663
664
665
668
669
671
675
678
681
686
688
689
691
698
701
710
722
747
752
756
767
783
792
795
796
800
812
167
171
175
177
180
206
213
260
262
302
336
356
357
363
397
404
416
419
423
441
454
459
462
476
477
484
486
502
505
529
530
554
558
560
569
577
580
585
588
592
597
599
613
616
622
624
635
656
661
666
667
672
677
694
697
708
709
760
772
774
782
791
799
802
806
807
811
814
815
152
161
169
173
182
201
233
314
427
468
482
516
527
545
564
572
602
633
634
638
653
695
727
733
734
753
804
810
813
817
820
822
825
834
130
135
136
137
140
147
150
154
156
159
166
172
488
536
547
763
809
816
818
819
824
827
828
829
832
833
124
132
134
139
141
146
149
151
155
157
648
797
808
823
830
831
836
837
838
844
846
849
126
142
144
148
821
826
839
842
843
850
860
117
120
122
131
133
138
840
841
845
851
852
854
855
856
863
119
125
127
128
129
145
835
853
858
861
107
109
114
118
123
143
848
857
868
870
105
108
116
121
847
862
864
865
867
96
106
112
113
115
859
871
873
876
877
101
102
110
866
869
872
878
97
100
111
874
875
879
881
883
884
87
99
103
880
882
890
93
98
886
888
891
897
86
91
95
104
885
889
77
81
82
84
88
89
90
94
887
892
894
899
901
76
83
893
898
903
79
80
85
92
895
896
902
904
906
914
75
78
900
912
917
65
67
69
72
907
68
70
74
910
911
915
62
63
73
913
919
920
922
61
66
71
908
921
923
927
64
905
926
928
916
925
930
936
918
924
934
937
943
945
952
58
59
940
53
55
909
929
949
45
54
60
931
48
51
56
939
941
49
57
932
933
935
938
944
50
52
946
958
40
43
47
950
46
942
955
957
38
947
34
35
964
37
41
44
953
959
960
963
33
36
39
948
954
28
42
951
956
965
29
31
32
961
27
967
971
18
962
975
24
966
10
19
973
17
972
15
20
23
30
969
970
983
9
968
977
6
12
21
22
25
974
981
3
11
14
16
978
980
26
985
8
982
989
2
992
1
5
986
995
998
13
987
990
993
4
976
979
0
984
988
991
7
996
999
994
997
690
856
335
846
