257.8
257.9
257.9
257.9
257.9
257.9
257.9
257.9
258.0
258.0
258.0
258.0
258.0
258.0
258.0
258.0
258.0
258.0
258.0
258.0
258.1
258.1
258.1
258.1
258.1
258.1
258.1
258.2
258.2
258.2
258.2
258.2
258.3
258.3
258.3
258.4
258.4
258.5
258.5
258.5
258.6
258.6
258.6
258.6
258.6
258.6
258.6
258.6
258.7
258.7
258.8
258.8
258.8
258.9
258.9
258.9
258.9
259.0
259.0
259.0
259.0
259.1
259.1
259.1
259.2
259.4
259.4
259.5
259.5
259.6
259.7
259.8
259.8
259.9
260.0
260.0
260.1
260.1
260.2
260.4
260.5
260.6
260.7
260.8
260.8
260.9
261.0
261.2
261.3
262.1
262.1
262.1
262.7
262.9
262.9
262.9
263.0
263.0
263.0
263.1
263.1
263.1
263.2
263.2
263.2
263.3
263.3
263.3
263.3
263.3
263.4
263.4
263.4
263.4
263.5
263.5
263.5
263.5
263.5
263.5
263.5
263.5
263.6
263.6
263.6
263.6
263.6
263.6
263.6
263.7
263.7
263.7
263.8
263.8
263.8
263.8
263.8
263.8
263.9
263.9
263.9
263.9
263.9
264.0
264.0
264.0
264.1
264.1
264.1
264.1
264.2
264.3
264.3
264.3
264.4
264.4
264.5
264.7
264.7
264.7
264.7
264.7
264.8
264.8
264.9
264.9
264.9
264.9
265.0
265.1
265.2
265.3
265.3
265.4
265.5
265.6
265.8
266.0
266.2
266.2
266.3
266.6
266.7
266.7
266.7
266.7
267.4
267.5
268.3
269.0
269.2
269.3
269.7
269.7
269.8
270.0
270.1
270.2
270.2
270.3
270.4
270.4
270.4
270.5
270.6
270.7
270.7
270.7
270.8
270.9
270.9
270.9
271.0
271.0
271.1
271.1
271.1
271.2
271.2
271.2
271.3
271.3
271.3
271.4
271.5
271.6
271.6
271.6
271.6
271.6
271.7
271.7
271.8
271.8
271.9
271.9
272.0
272.0
272.0
272.0
272.0
272.2
272.2
272.3
272.3
272.3
272.3
272.4
272.4
272.5
272.5
272.5
272.6
272.6
272.7
272.8
272.8
272.9
273.0
273.0
273.0
273.1
273.1
273.1
273.4
273.4
273.4
273.5
273.5
273.6
273.6
273.6
273.7
273.9
273.9
274.0
274.3
274.5
274.5
274.6
274.9
275.0
275.3
275.3
275.5
275.9
277.1
277.8
278.5
278.8
280.7
281.6
284.9
290.2
293.1
293.2
298.2
300.8
303.7
425.9
426.0
426.0
426.0
426.0
426.0
426.1
426.1
426.1
426.1
426.1
426.1
426.1
426.1
426.1
426.1
426.1
426.2
426.2
426.2
426.2
426.2
426.2
426.3
426.3
426.3
426.3
426.3
426.3
426.3
426.3
426.3
426.3
426.4
426.4
426.4
426.4
426.4
426.4
426.4
426.5
426.5
426.5
426.5
426.5
426.5
426.6
426.6
426.6
426.6
426.7
426.7
426.7
426.7
426.8
426.8
426.8
426.8
426.9
427.0
427.1
427.1
427.1
427.1
427.3
427.3
427.3
427.4
427.5
427.5
427.5
427.7
427.8
427.8
427.9
428.1
428.1
428.4
428.5
428.5
428.7
428.7
428.8
428.8
428.9
429.0
429.3
429.6
429.9
430.4
430.8
430.9
430.9
430.9
431.0
431.0
431.0
431.0
431.1
431.1
431.2
431.2
431.3
431.3
431.3
431.3
431.3
431.4
431.4
431.4
431.4
431.4
431.4
431.4
431.5
431.5
431.5
431.5
431.5
431.5
431.6
431.6
431.6
431.6
431.6
431.6
431.6
431.7
431.7
431.7
431.7
431.7
431.7
431.7
431.7
431.8
431.8
431.8
431.8
431.8
431.8
431.8
431.9
432.0
432.0
432.0
432.0
432.1
432.1
432.1
432.2
432.3
432.3
432.6
432.7
432.7
432.7
432.7
432.9
432.9
433.1
433.1
433.1
433.2
433.5
433.5
433.5
433.6
433.9
434.0
434.1
434.2
434.2
434.3
434.4
434.6
434.9
435.0
435.2
435.3
435.5
435.5
435.6
435.9
436.2
436.6
436.7
437.4
437.5
437.9
438.0
438.2
438.2
438.3
438.3
438.4
438.5
438.6
438.7
438.7
438.8
438.8
438.8
438.9
438.9
438.9
439.0
439.0
439.1
439.1
439.2
439.2
439.2
439.2
439.5
439.6
439.6
439.6
439.6
439.7
439.8
439.8
439.8
439.8
439.9
439.9
440.0
440.0
440.1
440.1
440.1
440.4
440.5
440.5
440.5
440.5
440.6
440.6
440.7
440.7
440.9
440.9
440.9
440.9
441.0
441.0
441.1
441.1
441.2
441.2
441.4
441.4
441.5
441.5
441.8
441.8
441.8
441.9
441.9
442.1
442.5
442.6
442.7
442.7
442.8
442.8
443.0
443.3
443.7
444.4
444.7
445.0
445.3
447.4
447.9
448.0
448.2
450.9
451.5
453.7
456.9
467.7
472.7
481.3
568.8
568.9
568.9
568.9
568.9
568.9
569.0
569.0
569.0
569.0
569.0
569.0
569.0
569.0
569.0
569.0
569.1
569.1
569.1
569.1
569.1
569.1
569.1
569.1
569.1
569.2
569.2
569.2
569.2
569.3
569.3
569.3
569.4
569.4
569.4
569.4
569.5
569.5
569.6
569.6
569.6
569.6
569.6
569.6
569.7
569.7
569.7
569.7
569.8
569.8
569.8
569.8
569.8
569.8
569.8
569.9
569.9
569.9
570.0
570.0
570.0
570.1
570.1
570.2
570.3
570.4
570.4
570.4
570.5
570.5
570.7
570.8
570.8
570.9
570.9
571.1
571.3
571.4
571.6
571.8
571.9
571.9
572.0
572.0
572.1
572.3
572.5
573.2
573.3
573.3
573.4
573.5
573.6
573.6
573.7
573.7
573.7
573.8
573.8
573.8
573.8
573.8
573.8
573.9
573.9
573.9
574.0
574.0
574.0
574.0
574.0
574.0
574.0
574.1
574.1
574.1
574.1
574.1
574.1
574.1
574.2
574.2
574.2
574.2
574.2
574.3
574.3
574.3
574.4
574.4
574.4
574.4
574.4
574.4
574.4
574.5
574.5
574.5
574.5
574.5
574.6
574.6
574.6
574.6
574.7
574.8
574.8
574.9
574.9
574.9
574.9
575.0
575.0
575.4
575.4
575.5
575.6
575.6
575.7
575.8
575.9
576.0
576.1
576.3
576.3
576.4
576.4
576.5
576.8
576.8
576.9
577.1
577.4
577.6
577.9
578.0
578.2
578.4
578.5
578.7
578.8
579.1
579.2
579.5
579.9
580.0
580.2
580.3
580.4
580.5
580.7
580.9
581.0
581.0
581.1
581.1
581.2
581.2
581.2
581.2
581.4
581.4
581.5
581.5
581.5
581.5
581.5
581.5
581.6
581.6
581.6
581.7
581.8
581.8
581.9
581.9
581.9
582.0
582.1
582.1
582.1
582.1
582.1
582.1
582.3
582.3
582.4
582.4
582.5
582.5
582.5
582.6
582.6
582.6
582.7
582.7
582.7
582.8
582.8
582.8
582.9
582.9
582.9
582.9
583.0
583.0
583.1
583.1
583.2
583.3
583.3
583.4
583.4
583.5
583.6
583.7
583.7
583.8
583.9
583.9
584.0
584.0
584.0
584.2
584.2
584.3
584.4
584.4
584.5
584.8
584.9
585.2
585.2
585.2
585.4
585.5
585.9
586.3
586.4
587.7
588.0
588.1
588.4
588.5
588.9
589.0
589.1
589.2
591.1
592.4
592.9
594.1
595.0
595.5
597.5
597.8
598.6
598.7
599.2
600.1
600.2
602.4
602.6
603.6
604.6
605.8
607.3
608.8
614.9
623.3
626.6
630.3
707.5
707.6
707.6
707.6
707.6
707.6
707.7
707.7
707.7
707.7
707.7
707.7
707.7
707.7
707.7
707.7
707.8
707.8
707.8
707.8
707.8
707.8
707.8
707.8
707.8
707.9
707.9
707.9
707.9
707.9
707.9
707.9
708.0
708.0
708.0
708.0
708.1
708.1
708.1
708.1
708.1
708.2
708.2
708.2
708.2
708.3
708.3
708.4
708.4
708.5
708.5
708.5
708.5
708.5
708.6
708.6
708.7
708.7
708.7
708.7
708.8
708.8
708.9
709.0
709.0
709.2
709.4
709.4
709.4
709.5
709.6
709.8
709.9
709.9
710.0
710.0
710.2
710.3
710.3
710.6
710.6
710.7
710.8
710.9
710.9
711.0
711.3
711.3
711.4
711.9
712.0
712.0
712.1
712.1
712.1
712.2
712.2
712.2
712.3
712.3
712.3
712.3
712.4
712.4
712.4
712.4
712.4
712.4
712.5
712.5
712.5
712.5
712.5
712.5
712.6
712.6
712.6
712.6
712.6
712.6
712.6
712.7
712.7
712.7
712.7
712.7
712.7
712.8
712.8
712.8
712.8
712.9
712.9
712.9
712.9
713.0
713.0
713.0
713.0
713.0
713.1
713.1
713.1
713.2
713.2
713.2
713.3
713.3
713.5
713.5
713.5
713.5
713.6
713.7
713.7
713.8
713.9
714.0
714.1
714.2
714.2
714.2
714.3
714.3
714.3
714.4
714.4
714.5
714.5
714.5
714.6
714.8
714.9
714.9
715.2
715.3
715.3
715.6
715.6
715.8
715.9
716.0
716.1
716.2
716.3
716.3
716.9
717.3
717.8
718.4
718.5
718.8
718.9
719.1
719.1
719.2
719.4
719.4
719.5
719.6
719.7
719.7
719.7
719.8
719.8
719.9
720.0
720.1
720.1
720.1
720.2
720.2
720.2
720.2
720.2
720.2
720.2
720.3
720.3
720.3
720.4
720.5
720.5
720.6
720.7
720.8
720.8
720.8
720.8
720.9
720.9
721.0
721.0
721.0
721.0
721.0
721.1
721.2
721.2
721.2
721.2
721.3
721.3
721.4
721.4
721.4
721.5
721.5
721.5
721.6
721.6
721.6
721.7
721.7
721.7
721.7
721.7
721.7
721.8
721.8
721.8
721.8
721.9
722.0
722.1
722.1
722.2
722.2
722.2
722.3
722.3
722.4
722.4
722.6
722.6
722.7
722.8
722.8
722.8
723.0
723.1
723.2
723.2
723.3
723.9
724.5
724.5
725.2
726.0
726.9
727.1
727.5
728.5
733.2
736.1
736.4
736.4
736.5
736.7
737.7
737.8
738.3
738.7
739.4
740.0
740.3
740.5
741.3
741.3
742.6
742.8
742.9
742.9
742.9
743.0
743.0
743.0
743.0
743.0
743.1
743.1
743.1
743.1
743.2
743.2
743.2
743.2
743.2
743.2
743.2
743.2
743.2
743.2
743.3
743.3
743.3
743.3
743.3
743.4
743.4
743.4
743.4
743.5
743.6
743.7
743.7
743.9
743.9
744.0
744.0
744.1
744.2
744.2
744.2
744.3
744.3
744.3
744.4
744.6
744.7
744.7
744.8
744.8
744.8
745.0
745.0
745.2
745.2
745.3
745.3
745.4
745.4
745.5
745.6
745.7
745.8
745.8
745.9
746.1
746.2
746.3
746.4
746.4
746.8
747.0
747.1
747.1
747.2
747.3
747.4
747.6
747.6
747.6
747.7
747.8
747.9
747.9
747.9
747.9
747.9
748.0
748.1
748.1
748.1
748.2
748.2
748.2
748.2
748.2
748.2
748.3
748.3
748.3
748.3
748.3
748.3
748.4
748.4
748.5
748.5
748.5
748.5
748.5
748.5
748.7
748.7
748.8
748.8
748.8
748.8
748.9
748.9
749.0
749.0
749.0
749.1
749.1
749.1
749.2
749.2
749.2
749.3
749.4
749.4
749.4
749.6
749.7
749.7
749.7
749.7
749.8
749.9
750.1
750.2
750.3
750.5
750.6
750.9
750.9
750.9
751.1
751.2
751.5
751.9
752.1
752.1
752.4
752.8
753.0
753.1
753.1
753.4
753.5
753.9
753.9
754.0
754.1
754.1
754.6
754.6
754.7
754.7
754.7
754.8
755.1
755.2
755.2
755.3
755.4
755.4
755.4
755.6
755.6
755.7
755.8
755.8
755.9
756.0
756.1
756.2
756.2
756.5
756.6
756.6
756.7
756.7
756.7
756.7
756.8
756.8
756.8
756.9
756.9
757.0
757.0
757.0
757.1
757.1
757.1
757.1
757.1
757.2
757.2
757.2
757.3
757.5
757.6
757.7
757.7
757.7
757.8
757.8
757.9
758.1
758.2
758.3
758.5
758.5
758.5
758.6
758.7
758.8
759.0
759.0
759.6
759.6
759.6
759.9
760.0
760.0
760.0
760.1
760.2
760.3
760.3
760.7
761.1
761.4
761.7
761.9
761.9
762.0
762.0
762.5
763.2
763.6
763.9
764.7
764.9
765.1
765.2
765.4
765.5
765.7
765.9
767.4
767.5
768.2
768.4
768.8
769.5
769.6
770.3
770.4
771.9
772.0
772.3
772.4
772.6
772.6
772.7
772.8
772.9
773.0
773.0
773.2
773.6
773.7
774.0
774.1
774.2
774.3
774.3
774.4
774.5
774.5
774.6
775.0
775.1
775.2
775.4
775.6
775.6
775.7
775.7
775.8
775.8
775.8
776.1
776.2
776.2
776.7
777.0
777.0
777.3
778.2
778.3
778.3
778.4
778.7
779.1
779.1
779.1
779.4
779.7
779.8
779.8
779.9
780.4
780.5
780.6
781.2
781.3
781.6
784.5
785.6
785.8
785.9
786.6
788.0
789.9
790.7
791.2
791.8
792.4
793.3
794.5
794.6
800.8
806.5
807.1
823.9
898.0
898.0
898.1
898.1
898.1
898.1
898.1
898.1
898.1
898.1
898.1
898.1
898.1
898.1
898.1
898.1
898.1
898.1
898.1
898.2
898.2
898.2
898.2
898.2
898.2
898.2
898.2
898.2
898.2
898.2
898.2
898.2
898.2
898.2
898.2
898.2
898.2
898.2
898.2
898.2
898.2
898.3
898.3
898.3
898.3
898.3
898.3
898.3
898.3
898.3
898.3
898.3
898.4
898.4
898.4
898.4
898.5
898.5
898.5
898.5
898.5
898.5
898.5
898.6
898.6
898.7
898.7
898.7
898.7
898.7
898.9
898.9
898.9
898.9
898.9
899.1
899.2
899.2
899.2
899.2
899.3
899.3
899.4
899.5
899.7
899.9
900.0
900.0
900.5
900.5
900.6
901.0
901.0
901.7
901.7
902.3
902.4
902.4
902.5
902.5
902.5
902.5
902.5
902.5
902.5
902.6
902.6
902.6
902.6
902.6
902.6
902.7
902.7
902.7
902.7
902.7
902.7
902.8
902.8
902.8
902.8
902.8
902.8
902.8
902.8
902.9
902.9
902.9
902.9
902.9
902.9
902.9
902.9
902.9
902.9
903.0
903.0
903.0
903.0
903.0
903.0
903.0
903.1
903.1
903.1
903.1
903.1
903.1
903.1
903.1
903.1
903.1
903.2
903.2
903.2
903.2
903.2
903.2
903.2
903.3
903.3
903.3
903.3
903.4
903.4
903.5
903.5
903.5
903.5
903.5
903.6
903.6
903.6
903.8
903.8
903.8
903.9
903.9
904.0
904.1
904.3
904.3
904.3
904.4
904.8
905.0
905.3
905.4
905.8
906.3
906.7
907.0
907.6
908.6
908.8
909.3
909.5
909.5
909.5
909.7
909.7
909.7
909.8
909.8
909.8
909.9
909.9
910.0
910.0
910.0
910.1
910.1
910.2
910.2
910.2
910.2
910.2
910.3
910.5
910.5
910.5
910.5
910.5
910.6
910.6
910.6
910.6
910.6
910.6
910.6
910.7
910.7
910.7
910.7
910.7
910.7
910.8
910.9
910.9
911.0
911.0
911.0
911.2
911.2
911.2
911.2
911.2
911.2
911.2
911.3
911.3
911.3
911.4
911.4
911.4
911.4
911.5
911.5
911.5
911.6
911.6
911.6
911.7
911.7
911.7
911.8
911.8
911.8
911.9
911.9
911.9
912.0
912.1
912.1
912.1
912.2
912.3
912.3
912.3
912.4
912.6
912.6
913.2
913.3
913.3
913.4
913.9
914.4
914.9
915.6
916.0
919.7
920.2
921.8
923.0
934.3
936.0
936.4
938.3
940.3
940.3
940.3
940.3
940.3
940.3
940.3
940.3
940.4
940.4
940.4
940.4
940.4
940.4
940.4
940.4
940.4
940.4
940.4
940.4
940.4
940.4
940.5
940.5
940.5
940.5
940.5
940.5
940.5
940.5
940.5
940.5
940.5
940.5
940.5
940.5
940.5
940.5
940.5
940.5
940.6
940.6
940.6
940.6
940.6
940.6
940.6
940.6
940.6
940.6
940.6
940.6
940.7
940.7
940.7
940.7
940.7
940.7
940.7
940.7
940.8
940.8
940.8
940.8
940.8
940.8
940.8
940.9
940.9
940.9
940.9
940.9
941.0
941.1
941.1
941.1
941.1
941.1
941.3
941.3
941.4
941.4
941.4
941.5
941.5
941.8
941.9
942.0
942.1
942.2
942.2
942.4
942.5
942.7
943.1
943.2
943.2
944.7
944.7
944.7
944.7
944.7
944.8
944.8
944.8
944.8
944.8
944.8
944.8
944.8
944.9
944.9
944.9
944.9
944.9
944.9
944.9
944.9
945.0
945.0
945.1
945.1
945.1
945.1
945.1
945.1
945.1
945.1
945.1
945.1
945.1
945.2
945.2
945.2
945.2
945.2
945.2
945.2
945.2
945.2
945.3
945.3
945.3
945.3
945.3
945.3
945.3
945.3
945.3
945.4
945.4
945.4
945.4
945.4
945.4
945.5
945.5
945.5
945.5
945.5
945.5
945.5
945.5
945.6
945.6
945.6
945.6
945.7
945.7
945.7
945.7
945.7
945.8
945.8
945.9
945.9
946.0
946.0
946.0
946.0
946.1
946.3
946.4
946.4
946.5
946.6
946.7
947.0
947.0
947.0
947.7
948.0
948.5
948.5
949.2
949.3
950.0
950.8
951.0
951.3
951.4
951.5
951.6
951.6
951.6
951.7
951.8
951.8
951.8
951.8
951.9
951.9
951.9
952.0
952.0
952.0
952.1
952.1
952.1
952.2
952.2
952.2
952.2
952.3
952.3
952.3
952.4
952.5
952.5
952.5
952.5
952.6
952.6
952.6
952.6
952.7
952.7
952.7
952.7
952.8
952.8
952.9
952.9
953.0
953.0
953.0
953.1
953.1
953.2
953.2
953.3
953.3
953.3
953.3
953.3
953.4
953.4
953.4
953.5
953.5
953.6
953.6
953.6
953.6
953.6
953.7
953.7
953.7
953.7
953.8
953.8
953.8
953.8
953.8
953.9
953.9
954.0
954.1
954.1
954.1
954.1
954.2
954.2
954.3
954.7
954.7
954.9
955.1
955.5
955.6
955.6
957.6
958.5
959.8
960.0
960.6
964.9
968.3
985.9
985.9
1102.1
1102.1
1102.1
1102.1
1102.1
1102.1
1102.1
1102.1
1102.1
1102.1
1102.1
1102.1
1102.1
1102.1
1102.2
1102.2
1102.2
1102.2
1102.2
1102.2
1102.2
1102.2
1102.2
1102.2
1102.2
1102.2
1102.2
1102.2
1102.2
1102.2
1102.2
1102.2
1102.2
1102.2
1102.2
1102.2
1102.2
1102.2
1102.3
1102.3
1102.3
1102.3
1102.3
1102.3
1102.3
1102.3
1102.3
1102.3
1102.4
1102.4
1102.4
1102.4
1102.4
1102.4
1102.4
1102.4
1102.4
1102.4
1102.4
1102.5
1102.5
1102.5
1102.5
1102.6
1102.6
1102.6
1102.6
1102.7
1102.7
1102.7
1102.8
1102.8
1102.9
1102.9
1102.9
1102.9
1103.1
1103.1
1103.1
1103.1
1103.2
1103.2
1103.2
1103.3
1103.6
1103.7
1103.8
1103.9
1104.2
1104.3
1104.5
1104.8
1104.9
1105.4
1105.4
1106.1
1106.2
1106.3
1106.4
1106.5
1106.5
1106.5
1106.5
1106.5
1106.5
1106.5
1106.6
1106.6
1106.6
1106.6
1106.6
1106.6
1106.6
1106.6
1106.6
1106.7
1106.7
1106.8
1106.8
1106.8
1106.8
1106.8
1106.8
1106.8
1106.8
1106.8
1106.8
1106.9
1106.9
1106.9
1106.9
1106.9
1106.9
1106.9
1106.9
1106.9
1106.9
1107.0
1107.0
1107.0
1107.0
1107.0
1107.0
1107.0
1107.1
1107.1
1107.1
1107.1
1107.1
1107.1
1107.1
1107.1
1107.1
1107.1
1107.1
1107.1
1107.2
1107.2
1107.2
1107.2
1107.2
1107.3
1107.3
1107.3
1107.3
1107.3
1107.4
1107.4
1107.5
1107.5
1107.5
1107.6
1107.6
1107.6
1107.7
1107.7
1107.7
1107.8
1107.8
1107.9
1108.0
1108.1
1108.1
1108.2
1108.6
1108.7
1108.9
1109.0
1109.4
1109.6
1110.1
1110.4
1111.1
1111.5
1111.6
1113.0
1113.1
1113.2
1113.3
1113.3
1113.4
1113.5
1113.5
1113.5
1113.5
1113.6
1113.6
1113.7
1113.7
1113.8
1113.8
1113.8
1113.8
1113.9
1113.9
1113.9
1114.0
1114.0
1114.1
1114.1
1114.1
1114.1
1114.2
1114.3
1114.4
1114.4
1114.4
1114.4
1114.4
1114.5
1114.5
1114.5
1114.5
1114.5
1114.5
1114.5
1114.5
1114.6
1114.7
1114.7
1114.8
1114.8
1114.8
1114.9
1114.9
1114.9
1114.9
1115.0
1115.0
1115.0
1115.1
1115.1
1115.1
1115.1
1115.2
1115.2
1115.2
1115.2
1115.3
1115.3
1115.3
1115.3
1115.3
1115.4
1115.4
1115.4
1115.4
1115.5
1115.5
1115.6
1115.6
1115.7
1115.7
1115.7
1115.8
1115.8
1115.8
1115.8
1115.9
1115.9
1116.0
1116.0
1116.4
1116.5
1116.5
1116.5
1116.6
1116.9
1117.2
1117.3
1117.9
1119.3
1120.1
1121.5
1122.2
1126.9
1129.3
1129.4
1129.6
1144.5
1150.2
1150.2
1150.2
1150.2
1150.2
1150.2
1150.2
1150.2
1150.3
1150.3
1150.3
1150.3
1150.3
1150.3
1150.3
1150.3
1150.3
1150.3
1150.3
1150.3
1150.3
1150.3
1150.3
1150.3
1150.3
1150.3
1150.4
1150.4
1150.4
1150.4
1150.4
1150.4
1150.4
1150.4
1150.4
1150.4
1150.4
1150.4
1150.4
1150.4
1150.4
1150.4
1150.4
1150.4
1150.4
1150.4
1150.4
1150.4
1150.4
1150.5
1150.5
1150.5
1150.5
1150.5
1150.5
1150.5
1150.5
1150.5
1150.6
1150.6
1150.6
1150.6
1150.6
1150.7
1150.7
1150.7
1150.7
1150.8
1150.8
1150.8
1150.9
1150.9
1150.9
1150.9
1150.9
1150.9
1151.1
1151.1
1151.2
1151.2
1151.3
1151.4
1151.4
1151.5
1151.5
1151.7
1151.7
1151.9
1152.2
1152.2
1152.5
1152.6
1152.8
1154.3
1154.4
1154.6
1154.7
1154.7
1154.7
1154.7
1154.7
1154.7
1154.8
1154.8
1154.8
1154.8
1154.8
1154.9
1154.9
1154.9
1154.9
1154.9
1154.9
1154.9
1154.9
1154.9
1154.9
1155.0
1155.0
1155.0
1155.0
1155.0
1155.0
1155.0
1155.0
1155.1
1155.1
1155.1
1155.1
1155.1
1155.1
1155.1
1155.1
1155.1
1155.1
1155.2
1155.2
1155.2
1155.2
1155.2
1155.2
1155.2
1155.2
1155.2
1155.3
1155.3
1155.3
1155.3
1155.3
1155.3
1155.3
1155.3
1155.3
1155.4
1155.4
1155.4
1155.4
1155.5
1155.5
1155.5
1155.5
1155.5
1155.5
1155.5
1155.6
1155.6
1155.7
1155.7
1155.7
1155.7
1155.8
1155.8
1155.8
1155.9
1155.9
1156.0
1156.1
1156.2
1156.2
1156.2
1156.7
1156.7
1156.8
1156.8
1157.2
1157.2
1157.3
1157.5
1157.8
1158.1
1158.7
1159.3
1159.9
1160.8
1161.2
1161.3
1161.5
1161.6
1161.6
1161.7
1161.8
1161.9
1161.9
1162.0
1162.0
1162.0
1162.0
1162.1
1162.1
1162.2
1162.3
1162.3
1162.3
1162.4
1162.4
1162.4
1162.4
1162.5
1162.5
1162.5
1162.6
1162.6
1162.6
1162.6
1162.7
1162.7
1162.8
1162.9
1162.9
1162.9
1162.9
1162.9
1163.0
1163.1
1163.1
1163.1
1163.1
1163.2
1163.2
1163.3
1163.3
1163.4
1163.4
1163.4
1163.5
1163.5
1163.5
1163.5
1163.5
1163.6
1163.6
1163.6
1163.6
1163.7
1163.7
1163.7
1163.7
1163.8
1163.8
1163.9
1164.0
1164.0
1164.0
1164.0
1164.1
1164.1
1164.1
1164.2
1164.2
1164.2
1164.3
1164.3
1164.4
1164.5
1164.5
1164.5
1164.6
1164.9
1164.9
1165.0
1165.1
1165.5
1165.6
1165.7
1165.8
1166.1
1167.5
1167.5
1168.5
1169.0
1171.8
1174.3
1176.7
1180.7
1182.3
1194.8
1308.9
1308.9
1308.9
1308.9
1308.9
1308.9
1308.9
1308.9
1308.9
1308.9
1308.9
1308.9
1308.9
1308.9
1308.9
1308.9
1308.9
1309.0
1309.0
1309.0
1309.0
1309.0
1309.0
1309.0
1309.0
1309.0
1309.0
1309.0
1309.0
1309.0
1309.0
1309.0
1309.0
1309.0
1309.0
1309.0
1309.0
1309.0
1309.0
1309.0
1309.0
1309.0
1309.1
1309.1
1309.1
1309.1
1309.1
1309.1
1309.1
1309.1
1309.1
1309.1
1309.1
1309.2
1309.2
1309.2
1309.2
1309.2
1309.2
1309.2
1309.3
1309.3
1309.3
1309.3
1309.3
1309.4
1309.4
1309.4
1309.5
1309.5
1309.5
1309.6
1309.6
1309.6
1309.6
1309.7
1309.8
1309.9
1309.9
1309.9
1309.9
1310.0
1310.0
1310.1
1310.2
1310.4
1310.5
1310.6
1311.0
1311.0
1311.1
1311.4
1311.5
1312.1
1312.1
1312.8
1312.8
1312.9
1313.0
1313.2
1313.3
1313.3
1313.3
1313.3
1313.3
1313.3
1313.3
1313.4
1313.4
1313.4
1313.4
1313.4
1313.4
1313.4
1313.4
1313.5
1313.5
1313.5
1313.6
1313.6
1313.6
1313.6
1313.6
1313.6
1313.6
1313.6
1313.6
1313.6
1313.6
1313.7
1313.7
1313.7
1313.7
1313.7
1313.7
1313.7
1313.7
1313.7
1313.7
1313.7
1313.7
1313.7
1313.8
1313.8
1313.8
1313.8
1313.8
1313.8
1313.8
1313.8
1313.8
1313.9
1313.9
1313.9
1313.9
1313.9
1314.0
1314.0
1314.0
1314.0
1314.0
1314.0
1314.1
1314.1
1314.1
1314.1
1314.2
1314.2
1314.2
1314.2
1314.2
1314.3
1314.3
1314.4
1314.4
1314.4
1314.5
1314.5
1314.5
1314.5
1314.8
1314.8
1314.9
1314.9
1315.2
1315.3
1315.6
1315.6
1315.8
1316.0
1316.5
1316.8
1317.3
1317.7
1317.9
1319.2
1319.3
1319.4
1319.5
1320.0
1320.1
1320.2
1320.2
1320.3
1320.3
1320.4
1320.4
1320.5
1320.5
1320.5
1320.5
1320.6
1320.6
1320.6
1320.6
1320.6
1320.7
1320.7
1320.8
1320.8
1320.8
1320.9
1320.9
1320.9
1321.1
1321.1
1321.1
1321.1
1321.1
1321.2
1321.2
1321.2
1321.3
1321.3
1321.3
1321.3
1321.3
1321.4
1321.5
1321.5
1321.5
1321.5
1321.5
1321.5
1321.6
1321.7
1321.7
1321.7
1321.7
1321.8
1321.8
1321.8
1321.9
1321.9
1321.9
1321.9
1322.0
1322.0
1322.0
1322.1
1322.1
1322.1
1322.1
1322.1
1322.1
1322.2
1322.2
1322.2
1322.2
1322.3
1322.3
1322.3
1322.4
1322.4
1322.5
1322.5
1322.5
1322.5
1322.6
1322.6
1322.7
1322.7
1322.7
1322.9
1323.2
1323.3
1323.3
1323.6
1323.9
1324.0
1324.3
1325.7
1326.7
1328.6
1329.0
1335.9
1337.4
1338.4
1338.8
1359.8
1359.8
1359.9
1359.9
1359.9
1359.9
1359.9
1359.9
1359.9
1359.9
1359.9
1359.9
1360.0
1360.0
1360.0
1360.0
1360.0
1360.0
1360.0
1360.0
1360.0
1360.0
1360.0
1360.1
1360.1
1360.1
1360.1
1360.1
1360.1
1360.1
1360.1
1360.1
1360.1
1360.1
1360.1
1360.2
1360.2
1360.2
1360.2
1360.2
1360.2
1360.2
1360.3
1360.3
1360.3
1360.3
1360.3
1360.3
1360.3
1360.3
1360.3
1360.3
1360.3
1360.3
1360.4
1360.4
1360.4
1360.4
1360.4
1360.5
1360.5
1360.5
1360.5
1360.5
1360.7
1360.7
1360.7
1360.8
1360.8
1360.8
1360.9
1360.9
1361.0
1361.0
1361.0
1361.1
1361.1
1361.1
1361.2
1361.4
1361.5
1361.6
1361.6
1361.6
1361.7
1361.7
1362.0
1362.1
1362.5
1362.8
1363.0
1363.1
1363.2
1363.9
1364.2
1364.4
1364.4
1364.5
1364.5
1364.5
1364.6
1364.6
1364.6
1364.6
1364.6
1364.6
1364.7
1364.7
1364.7
1364.8
1364.8
1364.8
1364.8
1364.8
1364.8
1364.8
1364.8
1364.8
1364.8
1364.9
1364.9
1364.9
1364.9
1364.9
1364.9
1364.9
1364.9
1364.9
1364.9
1364.9
1365.0
1365.0
1365.0
1365.0
1365.0
1365.0
1365.0
1365.1
1365.1
1365.1
1365.1
1365.1
1365.1
1365.2
1365.2
1365.2
1365.2
1365.3
1365.3
1365.3
1365.4
1365.4
1365.4
1365.4
1365.4
1365.5
1365.5
1365.5
1365.6
1365.7
1365.7
1365.7
1365.7
1365.7
1365.8
1365.9
1365.9
1366.0
1366.0
1366.1
1366.1
1366.1
1366.1
1366.2
1366.2
1366.2
1366.5
1366.7
1366.8
1366.8
1366.8
1367.4
1367.5
1367.7
1367.7
1367.9
1368.1
1369.0
1369.5
1370.5
1370.6
1371.1
1371.3
1371.4
1371.6
1371.6
1371.8
1371.8
1371.9
1371.9
1371.9
1372.0
1372.1
1372.1
1372.1
1372.1
1372.2
1372.2
1372.2
1372.2
1372.3
1372.4
1372.4
1372.5
1372.5
1372.5
1372.6
1372.7
1372.7
1372.8
1372.8
1372.9
1373.0
1373.0
1373.0
1373.0
1373.1
1373.1
1373.2
1373.2
1373.3
1373.3
1373.4
1373.4
1373.4
1373.4
1373.4
1373.5
1373.6
1373.7
1373.7
1373.7
1373.8
1373.8
1373.9
1373.9
1373.9
1373.9
1373.9
1374.0
1374.1
1374.1
1374.1
1374.1
1374.1
1374.2
1374.2
1374.4
1374.5
1374.5
1374.5
1374.6
1374.7
1374.8
1374.8
1374.9
1374.9
1375.6
1375.6
1375.6
1375.7
1375.8
1375.9
1376.4
1378.2
1378.3
1378.3
1379.8
1380.4
1380.8
1381.3
1381.3
1383.7
1384.8
1385.6
1388.0
1388.2
1389.4
1397.9
1518.7
1518.7
1518.7
1518.7
1518.8
1518.8
1518.8
1518.8
1518.8
1518.8
1518.8
1518.8
1518.8
1518.9
1518.9
1518.9
1518.9
1518.9
1518.9
1518.9
1518.9
1518.9
1518.9
1518.9
1518.9
1518.9
1518.9
1518.9
1518.9
1518.9
1519.0
1519.0
1519.0
1519.0
1519.0
1519.0
1519.0
1519.0
1519.0
1519.0
1519.0
1519.0
1519.0
1519.0
1519.1
1519.1
1519.1
1519.1
1519.1
1519.1
1519.1
1519.1
1519.1
1519.1
1519.2
1519.2
1519.2
1519.2
1519.3
1519.3
1519.3
1519.3
1519.3
1519.3
1519.4
1519.4
1519.5
1519.5
1519.5
1519.5
1519.5
1519.6
1519.6
1519.7
1519.7
1519.8
1519.8
1519.8
1520.0
1520.0
1520.0
1520.1
1520.1
1520.2
1520.2
1520.4
1520.6
1520.7
1520.9
1521.1
1521.1
1521.4
1521.5
1522.1
1522.1
1522.6
1522.7
1522.7
1522.8
1523.1
1523.2
1523.2
1523.2
1523.2
1523.2
1523.3
1523.3
1523.3
1523.3
1523.3
1523.4
1523.4
1523.4
1523.4
1523.4
1523.4
1523.4
1523.5
1523.5
1523.5
1523.5
1523.5
1523.5
1523.5
1523.5
1523.5
1523.6
1523.6
1523.6
1523.6
1523.6
1523.6
1523.6
1523.6
1523.6
1523.6
1523.7
1523.7
1523.7
1523.7
1523.7
1523.7
1523.7
1523.7
1523.8
1523.8
1523.8
1523.8
1523.8
1523.8
1523.8
1523.9
1523.9
1523.9
1523.9
1523.9
1524.0
1524.0
1524.0
1524.0
1524.0
1524.0
1524.1
1524.1
1524.1
1524.1
1524.2
1524.2
1524.2
1524.2
1524.2
1524.3
1524.3
1524.3
1524.4
1524.4
1524.4
1524.4
1524.5
1524.6
1524.8
1524.8
1524.9
1524.9
1525.2
1525.3
1525.5
1525.7
1525.8
1526.1
1526.5
1526.8
1527.4
1527.8
1528.0
1529.2
1529.3
1529.3
1529.4
1529.9
1530.1
1530.1
1530.1
1530.2
1530.3
1530.4
1530.4
1530.4
1530.5
1530.5
1530.5
1530.5
1530.6
1530.6
1530.6
1530.7
1530.7
1530.8
1530.8
1530.8
1530.8
1530.8
1530.8
1531.0
1531.0
1531.0
1531.1
1531.1
1531.2
1531.2
1531.2
1531.2
1531.2
1531.3
1531.3
1531.3
1531.4
1531.4
1531.5
1531.5
1531.5
1531.6
1531.6
1531.6
1531.6
1531.6
1531.7
1531.7
1531.7
1531.7
1531.7
1531.8
1531.8
1531.8
1531.9
1532.0
1532.0
1532.1
1532.1
1532.1
1532.1
1532.1
1532.1
1532.1
1532.2
1532.2
1532.3
1532.3
1532.3
1532.4
1532.4
1532.4
1532.4
1532.4
1532.5
1532.5
1532.6
1532.6
1532.6
1532.6
1532.7
1532.8
1532.9
1533.2
1533.2
1533.6
1533.7
1533.9
1534.0
1534.0
1534.8
1536.0
1537.3
1539.7
1540.2
1547.6
1549.2
1551.3
1551.9
1567.5
1567.6
1567.6
1567.6
1567.6
1567.6
1567.6
1567.7
1567.7
1567.7
1567.7
1567.7
1567.7
1567.7
1567.7
1567.7
1567.7
1567.7
1567.8
1567.8
1567.8
1567.8
1567.8
1567.8
1567.8
1567.8
1567.8
1567.8
1567.8
1567.8
1567.8
1567.8
1567.9
1567.9
1567.9
1567.9
1567.9
1567.9
1567.9
1567.9
1568.0
1568.0
1568.0
1568.0
1568.0
1568.0
1568.0
1568.1
1568.1
1568.1
1568.1
1568.1
1568.1
1568.1
1568.1
1568.2
1568.2
1568.2
1568.2
1568.2
1568.3
1568.3
1568.3
1568.3
1568.5
1568.5
1568.5
1568.6
1568.6
1568.6
1568.7
1568.7
1568.8
1568.8
1568.9
1568.9
1568.9
1569.0
1569.1
1569.3
1569.3
1569.4
1569.4
1569.5
1569.6
1569.6
1569.9
1570.0
1570.3
1570.7
1570.9
1571.0
1571.2
1571.9
1572.1
1572.1
1572.2
1572.2
1572.3
1572.3
1572.3
1572.3
1572.3
1572.4
1572.4
1572.4
1572.4
1572.4
1572.5
1572.5
1572.5
1572.5
1572.5
1572.5
1572.6
1572.6
1572.6
1572.6
1572.6
1572.6
1572.6
1572.6
1572.6
1572.6
1572.6
1572.6
1572.6
1572.7
1572.7
1572.7
1572.7
1572.7
1572.7
1572.7
1572.8
1572.8
1572.8
1572.8
1572.8
1572.8
1572.8
1572.8
1572.9
1572.9
1573.0
1573.0
1573.0
1573.0
1573.1
1573.1
1573.1
1573.2
1573.2
1573.2
1573.2
1573.2
1573.3
1573.5
1573.5
1573.5
1573.5
1573.6
1573.6
1573.6
1573.7
1573.8
1573.8
1573.9
1573.9
1573.9
1573.9
1574.0
1574.1
1574.1
1574.1
1574.3
1574.5
1574.5
1574.6
1574.7
1574.8
1575.3
1575.4
1575.6
1575.7
1575.8
1576.0
1577.1
1577.6
1578.5
1578.7
1578.8
1579.1
1579.1
1579.3
1579.3
1579.5
1579.6
1579.6
1579.7
1579.7
1579.8
1579.8
1579.8
1579.9
1579.9
1579.9
1579.9
1579.9
1580.0
1580.1
1580.2
1580.2
1580.3
1580.3
1580.4
1580.5
1580.5
1580.5
1580.6
1580.6
1580.6
1580.6
1580.7
1580.7
1580.8
1580.8
1580.9
1580.9
1581.0
1581.0
1581.1
1581.1
1581.2
1581.2
1581.2
1581.2
1581.3
1581.4
1581.4
1581.5
1581.5
1581.5
1581.6
1581.6
1581.7
1581.7
1581.8
1581.8
1581.9
1581.9
1581.9
1581.9
1581.9
1581.9
1581.9
1582.0
1582.2
1582.3
1582.3
1582.4
1582.6
1582.7
1582.9
1583.0
1583.0
1583.0
1583.5
1583.5
1583.8
1583.8
1584.0
1584.1
1584.7
1587.2
1587.4
1587.6
1589.1
1591.2
1592.1
1592.9
1594.3
1597.4
1599.4
1612.6
1724.3
1724.3
1724.3
1724.3
1724.3
1724.3
1724.3
1724.4
1724.4
1724.4
1724.4
1724.4
1724.4
1724.4
1724.4
1724.4
1724.4
1724.4
1724.4
1724.4
1724.4
1724.4
1724.4
1724.5
1724.5
1724.5
1724.5
1724.5
1724.5
1724.5
1724.5
1724.5
1724.5
1724.5
1724.5
1724.5
1724.5
1724.5
1724.6
1724.6
1724.6
1724.6
1724.6
1724.6
1724.6
1724.6
1724.6
1724.6
1724.7
1724.7
1724.7
1724.7
1724.7
1724.7
1724.8
1724.8
1724.8
1724.8
1724.9
1724.9
1724.9
1724.9
1725.0
1725.0
1725.0
1725.0
1725.2
1725.2
1725.2
1725.3
1725.3
1725.3
1725.3
1725.4
1725.4
1725.6
1725.6
1725.6
1725.7
1725.8
1725.8
1725.9
1725.9
1726.1
1726.1
1726.3
1726.5
1726.6
1726.9
1727.1
1727.1
1727.4
1727.5
1728.3
1728.3
1728.7
1728.7
1728.7
1728.8
1728.8
1728.8
1728.8
1728.8
1728.8
1728.8
1728.9
1728.9
1728.9
1728.9
1728.9
1728.9
1728.9
1728.9
1729.0
1729.0
1729.0
1729.0
1729.0
1729.0
1729.0
1729.0
1729.1
1729.1
1729.1
1729.1
1729.1
1729.1
1729.1
1729.1
1729.1
1729.2
1729.2
1729.2
1729.2
1729.2
1729.2
1729.2
1729.3
1729.3
1729.3
1729.3
1729.3
1729.3
1729.3
1729.4
1729.4
1729.4
1729.4
1729.4
1729.4
1729.4
1729.5
1729.5
1729.5
1729.5
1729.5
1729.6
1729.6
1729.6
1729.6
1729.7
1729.7
1729.7
1729.8
1729.8
1729.8
1729.8
1729.9
1729.9
1729.9
1729.9
1730.0
1730.0
1730.1
1730.1
1730.2
1730.2
1730.2
1730.3
1730.4
1730.6
1730.7
1730.7
1730.7
1731.1
1731.2
1731.5
1731.6
1731.8
1732.3
1732.6
1732.8
1733.4
1734.1
1734.2
1735.4
1735.4
1735.5
1735.5
1735.6
1735.6
1735.6
1735.7
1735.7
1735.9
1735.9
1735.9
1736.0
1736.0
1736.0
1736.0
1736.1
1736.1
1736.1
1736.3
1736.3
1736.3
1736.3
1736.3
1736.3
1736.3
1736.4
1736.5
1736.5
1736.5
1736.6
1736.6
1736.6
1736.6
1736.7
1736.7
1736.7
1736.7
1736.8
1736.8
1736.8
1736.8
1736.9
1737.0
1737.0
1737.0
1737.1
1737.2
1737.2
1737.2
1737.2
1737.2
1737.2
1737.2
1737.2
1737.3
1737.3
1737.3
1737.3
1737.4
1737.5
1737.5
1737.5
1737.6
1737.6
1737.6
1737.6
1737.6
1737.6
1737.6
1737.7
1737.7
1737.7
1737.8
1737.8
1737.8
1737.8
1737.9
1738.0
1738.0
1738.0
1738.1
1738.1
1738.1
1738.1
1738.2
1738.4
1738.7
1738.8
1739.0
1739.0
1739.2
1739.3
1739.4
1739.5
1740.6
1741.7
1743.0
1744.9
1745.7
1752.1
1754.9
1755.1
1755.2
1773.4
1774.1
1775.2
1775.3
1775.3
1775.3
1775.3
1775.3
1775.4
1775.4
1775.4
1775.4
1775.4
1775.4
1775.4
1775.4
1775.4
1775.4
1775.5
1775.5
1775.5
1775.5
1775.5
1775.5
1775.5
1775.5
1775.5
1775.5
1775.5
1775.5
1775.5
1775.6
1775.6
1775.6
1775.6
1775.6
1775.6
1775.6
1775.7
1775.7
1775.7
1775.7
1775.7
1775.7
1775.7
1775.7
1775.8
1775.8
1775.8
1775.8
1775.9
1775.9
1775.9
1775.9
1775.9
1775.9
1776.0
1776.0
1776.0
1776.0
1776.0
1776.1
1776.1
1776.1
1776.2
1776.3
1776.4
1776.4
1776.4
1776.4
1776.5
1776.6
1776.6
1776.6
1776.7
1776.7
1776.8
1776.8
1777.0
1777.1
1777.2
1777.2
1777.3
1777.4
1777.5
1777.5
1777.8
1777.8
1778.1
1778.3
1778.6
1778.8
1778.8
1779.0
1779.0
1779.4
1779.7
1779.8
1779.8
1779.9
1779.9
1780.0
1780.0
1780.0
1780.0
1780.1
1780.1
1780.1
1780.1
1780.1
1780.2
1780.2
1780.2
1780.2
1780.2
1780.2
1780.3
1780.3
1780.3
1780.3
1780.3
1780.3
1780.3
1780.3
1780.4
1780.4
1780.4
1780.4
1780.4
1780.4
1780.4
1780.4
1780.4
1780.4
1780.5
1780.5
1780.5
1780.5
1780.5
1780.5
1780.5
1780.6
1780.6
1780.6
1780.7
1780.7
1780.7
1780.7
1780.8
1780.8
1780.9
1780.9
1780.9
1780.9
1780.9
1780.9
1781.0
1781.2
1781.2
1781.3
1781.3
1781.3
1781.4
1781.4
1781.4
1781.4
1781.6
1781.6
1781.6
1781.6
1781.8
1781.8
1781.8
1781.8
1781.8
1781.9
1781.9
1782.2
1782.4
1782.5
1782.5
1783.1
1783.2
1783.3
1783.4
1783.4
1783.8
1783.8
1784.6
1785.3
1785.5
1786.1
1786.3
1786.4
1786.4
1786.7
1787.0
1787.0
1787.1
1787.2
1787.2
1787.2
1787.3
1787.4
1787.5
1787.5
1787.5
1787.5
1787.5
1787.6
1787.6
1787.7
1787.7
1787.7
1787.8
1787.8
1787.8
1787.8
1788.0
1788.0
1788.1
1788.2
1788.2
1788.3
1788.4
1788.4
1788.4
1788.4
1788.4
1788.4
1788.5
1788.5
1788.5
1788.6
1788.6
1788.8
1788.9
1788.9
1788.9
1788.9
1789.0
1789.0
1789.0
1789.1
1789.1
1789.2
1789.2
1789.2
1789.3
1789.3
1789.3
1789.4
1789.4
1789.4
1789.5
1789.5
1789.5
1789.6
1789.6
1789.6
1789.7
1789.8
1789.8
1790.0
1790.1
1790.1
1790.4
1790.4
1790.6
1790.9
1791.0
1791.1
1791.2
1792.0
1793.0
1793.4
1793.5
1793.5
1793.6
1794.7
1795.0
1795.9
1796.4
1798.3
1798.5
1799.6
1799.8
1800.7
1800.9
1801.2
1801.8
1932.5
1932.5
1932.5
1932.5
1932.6
1932.6
1932.6
1932.6
1932.6
1932.6
1932.6
1932.6
1932.6
1932.6
1932.6
1932.7
1932.7
1932.7
1932.7
1932.7
1932.7
1932.7
1932.7
1932.7
1932.7
1932.7
1932.7
1932.7
1932.7
1932.7
1932.7
1932.7
1932.7
1932.7
1932.7
1932.8
1932.8
1932.8
1932.8
1932.8
1932.8
1932.8
1932.8
1932.8
1932.8
1932.8
1932.8
1932.8
1932.9
1932.9
1932.9
1932.9
1932.9
1932.9
1932.9
1933.0
1933.0
1933.0
1933.0
1933.0
1933.0
1933.0
1933.0
1933.1
1933.1
1933.1
1933.2
1933.2
1933.2
1933.3
1933.3
1933.3
1933.3
1933.4
1933.4
1933.5
1933.5
1933.6
1933.6
1933.6
1933.7
1933.7
1933.7
1933.9
1934.0
1934.2
1934.3
1934.3
1934.7
1934.7
1934.9
1935.1
1935.3
1935.8
1935.8
1936.4
1936.4
1936.5
1936.6
1936.9
1936.9
1937.0
1937.0
1937.0
1937.0
1937.0
1937.0
1937.1
1937.1
1937.1
1937.1
1937.1
1937.2
1937.2
1937.2
1937.2
1937.2
1937.2
1937.2
1937.2
1937.2
1937.3
1937.3
1937.3
1937.3
1937.3
1937.3
1937.4
1937.4
1937.4
1937.4
1937.4
1937.4
1937.4
1937.4
1937.4
1937.4
1937.4
1937.4
1937.5
1937.5
1937.5
1937.5
1937.5
1937.5
1937.5
1937.6
1937.6
1937.6
1937.6
1937.6
1937.6
1937.6
1937.7
1937.7
1937.7
1937.7
1937.7
1937.7
1937.7
1937.7
1937.8
1937.8
1937.8
1937.8
1937.8
1937.9
1937.9
1937.9
1937.9
1938.0
1938.0
1938.1
1938.1
1938.1
1938.1
1938.2
1938.2
1938.2
1938.3
1938.5
1938.5
1938.5
1938.6
1938.9
1939.0
1939.3
1939.4
1939.6
1939.8
1940.3
1940.6
1941.1
1941.5
1941.6
1942.9
1943.1
1943.1
1943.1
1943.7
1943.8
1943.9
1943.9
1943.9
1944.1
1944.1
1944.1
1944.1
1944.2
1944.2
1944.2
1944.3
1944.3
1944.3
1944.3
1944.4
1944.4
1944.5
1944.5
1944.5
1944.5
1944.5
1944.6
1944.6
1944.7
1944.8
1944.9
1944.9
1944.9
1944.9
1944.9
1945.0
1945.0
1945.0
1945.0
1945.1
1945.1
1945.1
1945.2
1945.2
1945.3
1945.3
1945.3
1945.3
1945.3
1945.3
1945.4
1945.4
1945.5
1945.5
1945.5
1945.5
1945.6
1945.6
1945.6
1945.7
1945.7
1945.8
1945.8
1945.8
1945.8
1945.8
1945.9
1945.9
1945.9
1945.9
1945.9
1946.0
1946.0
1946.0
1946.1
1946.1
1946.1
1946.2
1946.2
1946.2
1946.3
1946.3
1946.3
1946.4
1946.4
1946.5
1946.6
1946.8
1947.0
1947.2
1947.3
1947.6
1947.6
1947.8
1948.4
1949.7
1950.9
1953.3
1953.7
1961.0
1963.9
1964.6
1965.4
1982.8
1982.8
1982.8
1982.9
1982.9
1982.9
1982.9
1982.9
1982.9
1983.0
1983.0
1983.0
1983.0
1983.0
1983.0
1983.0
1983.0
1983.0
1983.0
1983.0
1983.0
1983.0
1983.0
1983.0
1983.0
1983.1
1983.1
1983.1
1983.1
1983.1
1983.1
1983.1
1983.1
1983.1
1983.1
1983.1
1983.2
1983.2
1983.2
1983.2
1983.2
1983.3
1983.3
1983.3
1983.3
1983.3
1983.3
1983.3
1983.3
1983.3
1983.3
1983.3
1983.3
1983.3
1983.3
1983.4
1983.4
1983.4
1983.4
1983.4
1983.5
1983.5
1983.5
1983.5
1983.6
1983.6
1983.6
1983.6
1983.6
1983.6
1983.7
1983.7
1983.8
1983.8
1983.8
1983.9
1983.9
1983.9
1984.0
1984.1
1984.2
1984.3
1984.3
1984.3
1984.4
1984.4
1984.7
1984.8
1985.1
1985.2
1985.5
1985.6
1985.6
1986.8
1987.3
1987.3
1987.3
1987.4
1987.4
1987.4
1987.5
1987.5
1987.5
1987.6
1987.6
1987.6
1987.6
1987.7
1987.7
1987.7
1987.7
1987.7
1987.7
1987.8
1987.8
1987.8
1987.8
1987.8
1987.8
1987.8
1987.8
1987.8
1987.8
1987.8
1987.8
1987.8
1987.9
1987.9
1987.9
1987.9
1987.9
1987.9
1987.9
1987.9
1987.9
1987.9
1987.9
1988.0
1988.0
1988.0
1988.0
1988.0
1988.0
1988.0
1988.0
1988.0
1988.1
1988.1
1988.1
1988.1
1988.1
1988.1
1988.1
1988.2
1988.2
1988.2
1988.2
1988.2
1988.3
1988.3
1988.3
1988.3
1988.4
1988.4
1988.4
1988.4
1988.4
1988.5
1988.5
1988.6
1988.6
1988.6
1988.6
1988.7
1988.7
1988.8
1988.9
1989.0
1989.1
1989.2
1989.2
1989.6
1989.7
1989.7
1989.7
1990.0
1990.3
1990.7
1990.8
1991.6
1992.1
1992.3
1993.1
1993.7
1994.1
1994.3
1994.4
1994.6
1994.6
1994.7
1994.8
1994.9
1994.9
1994.9
1995.0
1995.0
1995.0
1995.1
1995.1
1995.1
1995.1
1995.2
1995.2
1995.2
1995.3
1995.4
1995.4
1995.4
1995.4
1995.4
1995.5
1995.5
1995.5
1995.6
1995.6
1995.7
1995.7
1995.7
1995.8
1995.8
1995.9
1995.9
1996.0
1996.0
1996.0
1996.0
1996.0
1996.1
1996.2
1996.2
1996.2
1996.3
1996.3
1996.3
1996.3
1996.3
1996.4
1996.4
1996.4
1996.5
1996.5
1996.5
1996.5
1996.6
1996.7
1996.7
1996.7
1996.8
1996.9
1996.9
1996.9
1996.9
1997.0
1997.0
1997.0
1997.1
1997.1
1997.1
1997.1
1997.2
1997.3
1997.3
1997.3
1997.4
1997.7
1997.7
1997.8
1997.9
1998.0
1998.1
1998.2
1998.3
1998.4
1998.7
1998.7
1998.9
1999.8
2000.8
2001.0
2003.4
2004.9
2011.7
2013.9
2039.1
2140.9
2140.9
2140.9
2140.9
2140.9
2141.0
2141.0
2141.0
2141.0
2141.0
2141.0
2141.0
2141.0
2141.0
2141.0
2141.0
2141.0
2141.0
2141.0
2141.0
2141.0
2141.0
2141.0
2141.0
2141.0
2141.0
2141.0
2141.1
2141.1
2141.1
2141.1
2141.1
2141.1
2141.1
2141.1
2141.1
2141.1
2141.1
2141.1
2141.1
2141.1
2141.1
2141.1
2141.1
2141.1
2141.1
2141.1
2141.1
2141.1
2141.1
2141.1
2141.1
2141.1
2141.1
2141.1
2141.1
2141.1
2141.1
2141.1
2141.2
2141.2
2141.2
2141.2
2141.2
2141.2
2141.2
2141.2
2141.2
2141.3
2141.3
2141.4
2141.4
2141.4
2141.4
2141.4
2141.5
2141.6
2141.6
2141.6
2141.6
2141.7
2141.7
2141.7
2141.9
2142.0
2142.2
2142.3
2142.4
2142.7
2142.7
2142.9
2143.2
2143.3
2143.8
2143.8
2144.5
2144.6
2144.7
2144.8
2145.3
2145.3
2145.3
2145.3
2145.4
2145.4
2145.4
2145.4
2145.4
2145.5
2145.5
2145.5
2145.5
2145.5
2145.5
2145.5
2145.5
2145.5
2145.6
2145.6
2145.6
2145.6
2145.6
2145.6
2145.6
2145.6
2145.6
2145.6
2145.7
2145.7
2145.7
2145.7
2145.7
2145.7
2145.7
2145.7
2145.7
2145.7
2145.8
2145.8
2145.8
2145.8
2145.8
2145.8
2145.8
2145.8
2145.8
2145.8
2145.8
2145.8
2145.8
2145.8
2145.8
2145.8
2145.9
2145.9
2145.9
2145.9
2145.9
2145.9
2145.9
2145.9
2146.0
2146.0
2146.0
2146.0
2146.0
2146.0
2146.0
2146.0
2146.1
2146.1
2146.1
2146.1
2146.2
2146.2
2146.3
2146.3
2146.3
2146.3
2146.3
2146.5
2146.6
2146.6
2146.6
2147.0
2147.0
2147.3
2147.3
2147.5
2147.6
2148.2
2148.6
2149.1
2149.4
2149.5
2151.0
2151.1
2151.1
2151.2
2152.1
2152.1
2152.1
2152.2
2152.3
2152.3
2152.3
2152.4
2152.4
2152.4
2152.5
2152.5
2152.5
2152.6
2152.7
2152.7
2152.7
2152.7
2152.7
2152.8
2152.8
2152.9
2152.9
2152.9
2153.0
2153.0
2153.0
2153.1
2153.1
2153.1
2153.1
2153.2
2153.2
2153.2
2153.3
2153.3
2153.3
2153.4
2153.4
2153.4
2153.4
2153.4
2153.4
2153.5
2153.5
2153.5
2153.6
2153.7
2153.8
2153.8
2153.8
2153.9
2153.9
2153.9
2153.9
2153.9
2154.0
2154.0
2154.0
2154.1
2154.1
2154.1
2154.1
2154.1
2154.1
2154.1
2154.1
2154.1
2154.1
2154.2
2154.2
2154.2
2154.3
2154.3
2154.3
2154.4
2154.4
2154.4
2154.5
2154.5
2154.6
2154.6
2154.7
2154.7
2154.8
2155.1
2155.1
2155.3
2155.3
2155.9
2156.0
2156.0
2157.3
2158.4
2160.5
2161.0
2168.1
2170.8
2171.3
2172.8
2191.4
2191.4
2191.4
2191.4
2191.5
2191.5
2191.5
2191.5
2191.5
2191.5
2191.5
2191.5
2191.5
2191.5
2191.6
2191.6
2191.6
2191.6
2191.6
2191.6
2191.6
2191.6
2191.6
2191.6
2191.6
2191.6
2191.7
2191.7
2191.7
2191.7
2191.7
2191.7
2191.7
2191.7
2191.7
2191.8
2191.8
2191.8
2191.9
2191.9
2191.9
2191.9
2191.9
2191.9
2191.9
2191.9
2192.0
2192.0
2192.0
2192.0
2192.0
2192.0
2192.0
2192.0
2192.0
2192.0
2192.1
2192.1
2192.1
2192.2
2192.2
2192.2
2192.3
2192.3
2192.4
2192.4
2192.4
2192.4
2192.5
2192.5
2192.6
2192.6
2192.7
2192.7
2192.8
2192.8
2192.8
2192.9
2193.0
2193.1
2193.2
2193.2
2193.3
2193.4
2193.5
2193.5
2193.8
2193.8
2194.1
2194.6
2194.7
2194.8
2195.1
2195.8
2196.0
2196.0
2196.1
2196.1
2196.1
2196.2
2196.2
2196.2
2196.2
2196.2
2196.3
2196.3
2196.3
2196.3
2196.3
2196.4
2196.4
2196.4
2196.4
2196.4
2196.4
2196.5
2196.5
2196.5
2196.5
2196.5
2196.5
2196.5
2196.5
2196.5
2196.5
2196.6
2196.6
2196.6
2196.6
2196.6
2196.6
2196.6
2196.6
2196.6
2196.6
2196.7
2196.7
2196.7
2196.7
2196.7
2196.8
2196.8
2196.8
2196.8
2196.8
2196.9
2196.9
2196.9
2196.9
2197.0
2197.0
2197.0
2197.0
2197.1
2197.1
2197.2
2197.2
2197.3
2197.4
2197.4
2197.4
2197.4
2197.5
2197.5
2197.5
2197.6
2197.7
2197.7
2197.7
2197.8
2197.8
2197.8
2197.9
2197.9
2198.0
2198.0
2198.3
2198.4
2198.5
2198.6
2198.6
2199.2
2199.3
2199.4
2199.5
2199.5
2199.9
2200.7
2201.4
2202.2
2202.5
2202.7
2202.9
2203.0
2203.3
2203.3
2203.3
2203.5
2203.6
2203.6
2203.6
2203.7
2203.8
2203.8
2203.8
2203.8
2203.8
2203.8
2203.9
2203.9
2204.0
2204.0
2204.0
2204.1
2204.1
2204.1
2204.1
2204.2
2204.4
2204.4
2204.5
2204.5
2204.5
2204.6
2204.7
2204.7
2204.7
2204.8
2204.8
2204.9
2204.9
2204.9
2204.9
2205.0
2205.1
2205.1
2205.1
2205.1
2205.2
2205.3
2205.3
2205.4
2205.4
2205.4
2205.4
2205.6
2205.6
2205.6
2205.6
2205.7
2205.7
2205.7
2205.8
2205.8
2205.9
2205.9
2205.9
2206.0
2206.1
2206.2
2206.2
2206.4
2206.4
2206.4
2206.5
2206.7
2206.8
2207.3
2207.3
2207.5
2207.6
2207.6
2207.9
2208.2
2210.5
2210.7
2210.9
2212.5
2212.8
2213.0
2215.5
2216.2
2216.7
2218.1
2221.3
2222.7
2227.0
2229.1
2231.6
2346.7
2346.8
2346.8
2346.8
2346.8
2346.8
2346.8
2346.8
2346.8
2346.8
2346.9
2346.9
2346.9
2346.9
2346.9
2346.9
2346.9
2346.9
2346.9
2346.9
2346.9
2347.0
2347.0
2347.0
2347.0
2347.0
2347.0
2347.0
2347.0
2347.0
2347.1
2347.1
2347.1
2347.1
2347.2
2347.2
2347.2
2347.2
2347.2
2347.2
2347.2
2347.3
2347.3
2347.3
2347.3
2347.3
2347.3
2347.3
2347.3
2347.4
2347.4
2347.4
2347.4
2347.4
2347.5
2347.5
2347.5
2347.6
2347.6
2347.7
2347.7
2347.7
2347.7
2347.7
2347.8
2347.8
2348.0
2348.0
2348.0
2348.0
2348.0
2348.0
2348.0
2348.2
2348.2
2348.3
2348.3
2348.4
2348.5
2348.5
2348.5
2348.6
2348.6
2348.7
2348.8
2348.9
2349.1
2349.2
2349.5
2349.7
2349.7
2350.0
2350.1
2350.7
2350.7
2351.1
2351.2
2351.2
2351.2
2351.2
2351.2
2351.2
2351.3
2351.3
2351.3
2351.3
2351.4
2351.4
2351.4
2351.4
2351.5
2351.5
2351.5
2351.5
2351.5
2351.5
2351.5
2351.6
2351.6
2351.6
2351.6
2351.6
2351.6
2351.7
2351.7
2351.7
2351.7
2351.7
2351.7
2351.7
2351.7
2351.8
2351.8
2351.8
2351.8
2351.8
2351.9
2351.9
2351.9
2351.9
2351.9
2351.9
2351.9
2352.0
2352.0
2352.0
2352.1
2352.1
2352.1
2352.1
2352.1
2352.1
2352.1
2352.1
2352.2
2352.2
2352.3
2352.3
2352.4
2352.4
2352.4
2352.4
2352.5
2352.5
2352.5
2352.5
2352.6
2352.6
2352.6
2352.7
2352.7
2352.7
2352.8
2352.8
2352.8
2352.9
2352.9
2353.0
2353.0
2353.2
2353.3
2353.3
2353.4
2353.4
2353.7
2353.9
2354.1
2354.3
2354.4
2354.7
2355.1
2355.4
2356.0
2356.5
2356.6
2357.7
2357.9
2357.9
2357.9
2358.0
2358.1
2358.2
2358.2
2358.4
2358.4
2358.4
2358.5
2358.5
2358.6
2358.6
2358.6
2358.7
2358.8
2358.8
2358.8
2358.8
2358.8
2358.9
2358.9
2359.0
2359.1
2359.1
2359.2
2359.2
2359.2
2359.2
2359.2
2359.3
2359.4
2359.4
2359.4
2359.4
2359.4
2359.4
2359.5
2359.5
2359.5
2359.6
2359.7
2359.7
2359.7
2359.8
2359.8
2359.8
2359.8
2359.8
2359.9
2359.9
2359.9
2360.0
2360.0
2360.0
2360.1
2360.1
2360.1
2360.1
2360.1
2360.2
2360.3
2360.3
2360.3
2360.3
2360.4
2360.4
2360.4
2360.4
2360.5
2360.5
2360.5
2360.6
2360.6
2360.6
2360.7
2360.7
2360.7
2360.8
2360.8
2360.8
2360.9
2361.1
2361.1
2361.2
2361.3
2361.5
2361.8
2362.0
2362.0
2362.1
2362.2
2362.5
2363.3
2364.5
2365.7
2368.1
2368.7
2375.1
2378.0
2378.2
2379.0
2396.8
2396.9
2396.9
2396.9
2396.9
2397.0
2397.0
2397.0
2397.0
2397.0
2397.0
2397.0
2397.0
2397.0
2397.0
2397.1
2397.1
2397.1
2397.1
2397.1
2397.1
2397.1
2397.1
2397.1
2397.1
2397.1
2397.2
2397.2
2397.2
2397.2
2397.2
2397.2
2397.2
2397.2
2397.2
2397.3
2397.3
2397.3
2397.3
2397.3
2397.3
2397.3
2397.3
2397.4
2397.4
2397.4
2397.4
2397.4
2397.4
2397.4
2397.5
2397.5
2397.5
2397.5
2397.5
2397.6
2397.6
2397.6
2397.6
2397.7
2397.7
2397.7
2397.7
2397.8
2397.9
2398.0
2398.0
2398.0
2398.0
2398.1
2398.2
2398.2
2398.3
2398.3
2398.4
2398.4
2398.4
2398.4
2398.6
2398.8
2398.8
2398.9
2398.9
2399.0
2399.1
2399.1
2399.4
2399.5
2399.8
2400.1
2400.4
2400.4
2400.6
2401.2
2401.3
2401.4
2401.4
2401.4
2401.5
2401.5
2401.6
2401.6
2401.6
2401.7
2401.7
2401.7
2401.7
2401.7
2401.7
2401.8
2401.8
2401.8
2401.8
2401.8
2401.8
2401.8
2401.9
2401.9
2401.9
2401.9
2401.9
2401.9
2401.9
2401.9
2402.0
2402.0
2402.0
2402.0
2402.0
2402.0
2402.0
2402.1
2402.1
2402.1
2402.1
2402.1
2402.1
2402.1
2402.1
2402.1
2402.2
2402.2
2402.2
2402.2
2402.2
2402.3
2402.3
2402.4
2402.5
2402.5
2402.5
2402.5
2402.6
2402.6
2402.6
2402.6
2402.7
2402.8
2402.8
2402.8
2402.8
2402.8
2402.9
2403.0
2403.0
2403.0
2403.0
2403.0
2403.1
2403.1
2403.2
2403.2
2403.3
2403.3
2403.4
2403.5
2403.7
2403.8
2403.9
2404.0
2404.1
2404.6
2404.7
2404.7
2404.8
2404.9
2405.3
2406.0
2406.5
2407.6
2407.7
2407.8
2408.0
2408.1
2408.3
2408.5
2408.5
2408.6
2408.7
2408.7
2408.7
2408.8
2408.8
2409.0
2409.0
2409.1
2409.1
2409.1
2409.1
2409.2
2409.2
2409.2
2409.2
2409.3
2409.4
2409.4
2409.5
2409.6
2409.6
2409.6
2409.8
2409.8
2409.9
2409.9
2409.9
2409.9
2410.0
2410.0
2410.1
2410.1
2410.1
2410.2
2410.2
2410.2
2410.3
2410.4
2410.4
2410.5
2410.5
2410.5
2410.5
2410.6
2410.7
2410.7
2410.7
2410.7
2410.7
2410.8
2410.9
2410.9
2410.9
2411.0
2411.0
2411.0
2411.0
2411.0
2411.1
2411.1
2411.1
2411.1
2411.2
2411.3
2411.3
2411.4
2411.6
2411.7
2411.8
2412.0
2412.1
2412.4
2412.4
2412.4
2412.6
2413.1
2414.1
2414.7
2414.8
2414.9
2415.0
2415.1
2415.3
2415.8
2416.5
2417.1
2417.3
2417.4
2418.1
2418.5
2421.2
2433.3
2440.3
2554.6
2554.6
2554.7
2554.7
2554.7
2554.7
2554.7
2554.7
2554.7
2554.7
2554.7
2554.7
2554.7
2554.8
2554.8
2554.8
2554.8
2554.8
2554.8
2554.8
2554.8
2554.8
2554.8
2554.8
2554.8
2554.8
2554.8
2554.8
2554.8
2554.8
2554.8
2554.8
2554.8
2554.8
2554.8
2554.8
2554.8
2554.9
2554.9
2554.9
2554.9
2554.9
2554.9
2554.9
2554.9
2554.9
2554.9
2554.9
2554.9
2555.0
2555.0
2555.0
2555.0
2555.0
2555.0
2555.1
2555.1
2555.1
2555.1
2555.2
2555.2
2555.2
2555.2
2555.2
2555.3
2555.3
2555.4
2555.4
2555.4
2555.4
2555.5
2555.5
2555.5
2555.6
2555.6
2555.8
2555.8
2555.8
2555.9
2555.9
2555.9
2556.0
2556.0
2556.2
2556.2
2556.4
2556.6
2556.6
2556.9
2557.1
2557.1
2557.4
2557.5
2558.2
2558.2
2558.8
2558.8
2558.8
2559.0
2559.0
2559.0
2559.1
2559.1
2559.1
2559.1
2559.1
2559.1
2559.2
2559.2
2559.2
2559.3
2559.3
2559.3
2559.3
2559.3
2559.3
2559.3
2559.3
2559.3
2559.4
2559.4
2559.4
2559.4
2559.4
2559.4
2559.5
2559.5
2559.5
2559.5
2559.5
2559.5
2559.5
2559.5
2559.5
2559.5
2559.5
2559.5
2559.5
2559.5
2559.6
2559.6
2559.6
2559.6
2559.6
2559.6
2559.7
2559.7
2559.7
2559.7
2559.7
2559.7
2559.7
2559.8
2559.8
2559.8
2559.8
2559.8
2559.9
2559.9
2559.9
2559.9
2559.9
2560.0
2560.0
2560.0
2560.0
2560.1
2560.1
2560.1
2560.1
2560.2
2560.2
2560.2
2560.3
2560.3
2560.3
2560.4
2560.4
2560.4
2560.5
2560.7
2560.7
2560.8
2560.8
2561.2
2561.3
2561.5
2561.6
2561.8
2562.1
2562.6
2562.8
2563.4
2563.9
2564.0
2565.3
2565.4
2565.4
2565.5
2565.8
2565.9
2566.0
2566.0
2566.1
2566.2
2566.2
2566.3
2566.3
2566.3
2566.3
2566.4
2566.4
2566.4
2566.5
2566.5
2566.5
2566.6
2566.6
2566.6
2566.6
2566.7
2566.7
2566.7
2566.8
2566.9
2566.9
2566.9
2567.0
2567.0
2567.0
2567.1
2567.1
2567.1
2567.1
2567.1
2567.2
2567.2
2567.2
2567.3
2567.3
2567.4
2567.4
2567.4
2567.4
2567.5
2567.5
2567.5
2567.6
2567.6
2567.6
2567.6
2567.6
2567.7
2567.7
2567.8
2567.8
2567.8
2567.9
2567.9
2567.9
2567.9
2567.9
2568.0
2568.0
2568.0
2568.0
2568.0
2568.1
2568.1
2568.1
2568.1
2568.2
2568.3
2568.3
2568.3
2568.3
2568.4
2568.4
2568.4
2568.5
2568.5
2568.5
2568.7
2569.0
2569.1
2569.3
2569.3
2569.7
2569.7
2569.8
2570.5
2571.7
2572.9
2575.4
2576.0
2582.6
2585.1
2585.7
2586.6
2605.3
2605.3
2605.4
2605.4
2605.4
2605.4
2605.4
2605.4
2605.4
2605.4
2605.4
2605.4
2605.4
2605.5
2605.5
2605.5
2605.5
2605.5
2605.5
2605.5
2605.5
2605.6
2605.6
2605.6
2605.6
2605.6
2605.6
2605.6
2605.6
2605.6
2605.6
2605.6
2605.6
2605.6
2605.7
2605.7
2605.7
2605.8
2605.8
2605.8
2605.8
2605.8
2605.8
2605.9
2605.9
2605.9
2605.9
2606.0
2606.0
2606.0
2606.0
2606.0
2606.0
2606.0
2606.0
2606.0
2606.0
2606.1
2606.1
2606.2
2606.2
2606.2
2606.3
2606.3
2606.4
2606.5
2606.5
2606.5
2606.6
2606.6
2606.6
2606.7
2606.7
2606.7
2606.8
2606.8
2606.9
2606.9
2607.1
2607.1
2607.3
2607.3
2607.4
2607.5
2607.6
2607.6
2607.9
2607.9
2608.2
2608.8
2608.8
2608.9
2609.3
2609.7
2609.9
2609.9
2610.0
2610.0
2610.1
2610.1
2610.1
2610.1
2610.2
2610.2
2610.2
2610.2
2610.3
2610.3
2610.3
2610.3
2610.3
2610.3
2610.3
2610.3
2610.4
2610.4
2610.4
2610.4
2610.4
2610.4
2610.4
2610.4
2610.4
2610.5
2610.5
2610.5
2610.5
2610.5
2610.5
2610.5
2610.5
2610.6
2610.6
2610.6
2610.6
2610.6
2610.6
2610.7
2610.7
2610.7
2610.7
2610.7
2610.7
2610.8
2610.8
2610.8
2610.9
2610.9
2610.9
2611.0
2611.0
2611.0
2611.0
2611.1
2611.1
2611.2
2611.3
2611.3
2611.4
2611.4
2611.5
2611.5
2611.6
2611.6
2611.6
2611.8
2611.8
2611.9
2611.9
2611.9
2611.9
2612.0
2612.0
2612.1
2612.1
2612.1
2612.2
2612.5
2612.5
2612.7
2612.8
2613.4
2613.5
2613.6
2613.7
2613.7
2614.1
2614.9
2615.7
2616.4
2616.6
2616.8
2616.8
2616.9
2617.2
2617.2
2617.2
2617.4
2617.5
2617.5
2617.6
2617.6
2617.6
2617.7
2617.7
2617.7
2617.7
2617.8
2617.8
2617.9
2617.9
2617.9
2618.0
2618.0
2618.1
2618.2
2618.3
2618.3
2618.4
2618.4
2618.5
2618.5
2618.5
2618.5
2618.6
2618.6
2618.7
2618.7
2618.8
2618.8
2618.8
2618.9
2618.9
2619.0
2619.1
2619.1
2619.1
2619.2
2619.2
2619.3
2619.3
2619.3
2619.4
2619.4
2619.5
2619.5
2619.6
2619.6
2619.6
2619.7
2619.7
2619.7
2619.8
2619.8
2619.9
2619.9
2619.9
2620.0
2620.1
2620.2
2620.2
2620.3
2620.3
2620.6
2620.8
2620.8
2620.9
2621.2
2621.2
2621.7
2621.7
2621.8
2622.0
2622.6
2625.1
2625.3
2625.7
2626.6
2629.1
2629.3
2629.8
2632.4
2635.7
2642.6
2647.1
2761.3
2761.4
2761.4
2761.4
2761.4
2761.4
2761.4
2761.4
2761.4
2761.4
2761.4
2761.4
2761.4
2761.4
2761.4
2761.4
2761.4
2761.4
2761.5
2761.5
2761.5
2761.5
2761.5
2761.5
2761.5
2761.5
2761.5
2761.5
2761.5
2761.5
2761.5
2761.5
2761.5
2761.5
2761.5
2761.5
2761.5
2761.5
2761.5
2761.5
2761.5
2761.5
2761.5
2761.5
2761.5
2761.5
2761.6
2761.6
2761.6
2761.6
2761.6
2761.6
2761.6
2761.6
2761.6
2761.6
2761.6
2761.7
2761.7
2761.7
2761.7
2761.7
2761.7
2761.7
2761.8
2761.8
2761.8
2761.9
2761.9
2761.9
2761.9
2762.0
2762.0
2762.0
2762.0
2762.1
2762.2
2762.2
2762.3
2762.3
2762.3
2762.4
2762.4
2762.5
2762.6
2762.8
2762.9
2763.0
2763.3
2763.3
2763.5
2763.8
2763.9
2764.3
2764.4
2765.0
2765.0
2765.1
2765.1
2765.6
2765.7
2765.8
2765.8
2765.8
2765.8
2765.8
2765.8
2765.8
2765.8
2765.9
2765.9
2765.9
2765.9
2765.9
2765.9
2765.9
2765.9
2766.0
2766.0
2766.0
2766.0
2766.1
2766.1
2766.1
2766.1
2766.1
2766.1
2766.1
2766.1
2766.1
2766.1
2766.1
2766.1
2766.1
2766.2
2766.2
2766.2
2766.2
2766.2
2766.2
2766.2
2766.2
2766.2
2766.3
2766.3
2766.3
2766.3
2766.3
2766.3
2766.3
2766.3
2766.3
2766.3
2766.4
2766.4
2766.4
2766.4
2766.4
2766.4
2766.4
2766.5
2766.5
2766.5
2766.5
2766.5
2766.5
2766.6
2766.6
2766.6
2766.6
2766.6
2766.7
2766.7
2766.7
2766.7
2766.8
2766.8
2766.9
2766.9
2766.9
2767.1
2767.2
2767.2
2767.2
2767.6
2767.6
2767.9
2768.0
2768.2
2768.4
2768.9
2769.2
2769.7
2770.0
2770.2
2771.5
2771.7
2771.7
2771.7
2772.5
2772.6
2772.6
2772.7
2772.7
2772.7
2772.8
2772.9
2772.9
2773.0
2773.0
2773.0
2773.1
2773.1
2773.1
2773.1
2773.1
2773.1
2773.1
2773.3
2773.3
2773.3
2773.3
2773.3
2773.4
2773.4
2773.5
2773.6
2773.6
2773.7
2773.7
2773.7
2773.7
2773.8
2773.8
2773.8
2773.8
2773.8
2773.9
2773.9
2773.9
2774.0
2774.0
2774.0
2774.0
2774.1
2774.1
2774.1
2774.2
2774.3
2774.3
2774.3
2774.3
2774.4
2774.4
2774.4
2774.5
2774.5
2774.5
2774.5
2774.6
2774.6
2774.6
2774.6
2774.6
2774.6
2774.7
2774.7
2774.7
2774.7
2774.8
2774.8
2774.8
2774.8
2775.0
2775.0
2775.0
2775.0
2775.1
2775.1
2775.2
2775.2
2775.2
2775.3
2775.4
2775.8
2775.9
2776.0
2776.3
2776.4
2776.6
2777.2
2778.4
2779.6
2781.9
2782.4
2789.4
2792.6
2792.6
2793.9
2810.7
2810.8
2810.8
2810.8
2810.9
2810.9
2810.9
2810.9
2810.9
2810.9
2810.9
2810.9
2810.9
2810.9
2811.0
2811.0
2811.0
2811.0
2811.0
2811.0
2811.0
2811.0
2811.0
2811.0
2811.0
2811.0
2811.0
2811.0
2811.1
2811.1
2811.1
2811.1
2811.1
2811.1
2811.1
2811.1
2811.1
2811.1
2811.1
2811.1
2811.2
2811.2
2811.2
2811.2
2811.2
2811.2
2811.2
2811.2
2811.2
2811.2
2811.2
2811.2
2811.2
2811.2
2811.2
2811.3
2811.3
2811.3
2811.3
2811.3
2811.3
2811.3
2811.4
2811.4
2811.4
2811.4
2811.5
2811.5
2811.5
2811.5
2811.5
2811.6
2811.6
2811.7
2811.7
2811.7
2811.7
2811.8
2811.9
2811.9
2812.1
2812.1
2812.2
2812.2
2812.2
2812.2
2812.5
2812.7
2813.0
2813.0
2813.3
2813.5
2813.5
2814.6
2815.1
2815.2
2815.3
2815.3
2815.4
2815.4
2815.5
2815.5
2815.5
2815.5
2815.5
2815.6
2815.6
2815.6
2815.6
2815.6
2815.7
2815.7
2815.7
2815.7
2815.7
2815.7
2815.7
2815.7
2815.7
2815.7
2815.8
2815.8
2815.8
2815.8
2815.8
2815.8
2815.8
2815.8
2815.8
2815.8
2815.8
2815.9
2815.9
2815.9
2815.9
2815.9
2815.9
2815.9
2815.9
2815.9
2815.9
2815.9
2815.9
2815.9
2816.0
2816.0
2816.0
2816.0
2816.0
2816.0
2816.1
2816.1
2816.1
2816.1
2816.1
2816.1
2816.1
2816.1
2816.2
2816.2
2816.2
2816.2
2816.2
2816.3
2816.3
2816.3
2816.3
2816.3
2816.4
2816.4
2816.4
2816.4
2816.5
2816.5
2816.5
2816.6
2816.7
2816.9
2816.9
2817.0
2817.0
2817.4
2817.5
2817.5
2817.5
2817.8
2818.0
2818.5
2818.6
2819.3
2819.9
2820.2
2821.0
2821.6
2822.1
2822.2
2822.4
2822.5
2822.5
2822.7
2822.7
2822.8
2822.9
2822.9
2822.9
2822.9
2823.0
2823.0
2823.0
2823.0
2823.0
2823.1
2823.1
2823.2
2823.2
2823.2
2823.2
2823.3
2823.3
2823.3
2823.4
2823.4
2823.4
2823.4
2823.5
2823.6
2823.6
2823.7
2823.7
2823.8
2823.8
2823.8
2823.8
2823.8
2823.9
2823.9
2824.0
2824.0
2824.1
2824.1
2824.2
2824.2
2824.2
2824.2
2824.2
2824.2
2824.3
2824.3
2824.3
2824.4
2824.4
2824.4
2824.4
2824.4
2824.5
2824.6
2824.6
2824.7
2824.7
2824.8
2824.8
2824.8
2824.9
2824.9
2824.9
2824.9
2824.9
2825.0
2825.0
2825.1
2825.1
2825.1
2825.2
2825.2
2825.5
2825.7
2825.7
2825.7
2825.8
2826.0
2826.1
2826.3
2826.4
2826.5
2826.6
2826.7
2827.5
2828.6
2828.7
2831.2
2832.5
2839.2
2842.5
2969.6
2969.6
2969.6
2969.6
2969.6
2969.6
2969.6
2969.7
2969.7
2969.7
2969.7
2969.7
2969.7
2969.7
2969.7
2969.7
2969.7
2969.7
2969.7
2969.7
2969.7
2969.7
2969.7
2969.7
2969.7
2969.7
2969.7
2969.7
2969.8
2969.8
2969.8
2969.8
2969.8
2969.8
2969.8
2969.8
2969.8
2969.8
2969.8
2969.8
2969.8
2969.8
2969.8
2969.8
2969.8
2969.8
2969.8
2969.8
2969.8
2969.8
2969.8
2969.8
2969.8
2969.8
2969.9
2969.9
2969.9
2969.9
2969.9
2969.9
2969.9
2969.9
2969.9
2969.9
2969.9
2969.9
2969.9
2969.9
2969.9
2969.9
2970.0
2970.0
2970.1
2970.1
2970.1
2970.1
2970.3
2970.3
2970.3
2970.3
2970.3
2970.4
2970.4
2970.5
2970.7
2970.8
2970.9
2971.1
2971.3
2971.4
2971.6
2971.8
2971.9
2972.4
2972.5
2973.2
2973.2
2973.3
2973.4
2974.0
2974.0
2974.0
2974.0
2974.0
2974.1
2974.1
2974.1
2974.2
2974.2
2974.2
2974.2
2974.2
2974.2
2974.2
2974.2
2974.2
2974.2
2974.2
2974.3
2974.3
2974.3
2974.3
2974.3
2974.3
2974.3
2974.3
2974.3
2974.3
2974.3
2974.4
2974.4
2974.4
2974.4
2974.4
2974.4
2974.4
2974.4
2974.5
2974.5
2974.5
2974.5
2974.5
2974.5
2974.5
2974.5
2974.5
2974.5
2974.5
2974.5
2974.5
2974.5
2974.5
2974.5
2974.5
2974.5
2974.6
2974.6
2974.6
2974.6
2974.6
2974.6
2974.6
2974.6
2974.6
2974.6
2974.7
2974.7
2974.7
2974.7
2974.7
2974.8
2974.8
2974.8
2974.8
2974.9
2974.9
2974.9
2974.9
2974.9
2975.0
2975.1
2975.2
2975.2
2975.3
2975.6
2975.6
2975.9
2975.9
2976.2
2976.3
2976.9
2977.2
2977.7
2978.0
2978.2
2979.6
2979.8
2979.8
2979.9
2980.7
2980.9
2980.9
2980.9
2981.0
2981.0
2981.0
2981.1
2981.1
2981.1
2981.1
2981.1
2981.2
2981.3
2981.3
2981.4
2981.4
2981.4
2981.5
2981.5
2981.5
2981.5
2981.6
2981.6
2981.7
2981.7
2981.7
2981.7
2981.7
2981.8
2981.8
2981.9
2981.9
2981.9
2981.9
2981.9
2982.0
2982.1
2982.1
2982.1
2982.1
2982.1
2982.1
2982.1
2982.2
2982.2
2982.2
2982.4
2982.4
2982.5
2982.5
2982.6
2982.6
2982.6
2982.7
2982.7
2982.7
2982.7
2982.7
2982.7
2982.7
2982.7
2982.7
2982.8
2982.8
2982.8
2982.8
2982.8
2982.9
2982.9
2982.9
2982.9
2982.9
2982.9
2983.0
2983.0
2983.1
2983.1
2983.2
2983.2
2983.3
2983.3
2983.4
2983.4
2983.5
2983.7
2983.8
2983.9
2983.9
2984.6
2984.7
2984.7
2986.0
2987.0
2989.1
2989.6
2996.6
2999.4
2999.8
