246.8
246.8
246.8
246.8
246.8
246.8
246.8
246.8
246.8
246.8
246.8
246.8
246.8
246.8
246.8
246.8
246.8
246.8
246.8
246.9
246.9
246.9
246.9
246.9
246.9
246.9
246.9
246.9
246.9
246.9
246.9
246.9
246.9
246.9
246.9
246.9
246.9
247.0
247.0
247.0
247.0
247.0
247.0
247.0
247.0
247.0
247.0
247.0
247.0
247.0
247.0
247.0
247.0
247.0
247.0
247.1
247.1
247.1
247.1
247.1
247.1
247.1
247.1
247.1
247.1
247.1
247.1
247.1
247.1
247.1
247.1
247.1
247.1
247.1
247.1
247.2
247.2
247.2
247.3
247.5
247.5
247.5
247.6
247.7
247.7
247.7
247.7
247.8
247.8
247.8
247.8
248.0
248.0
248.1
248.3
248.3
248.3
248.4
248.4
248.8
253.1
253.1
253.1
253.1
253.1
253.2
253.2
253.2
253.2
253.2
253.2
253.2
253.3
253.3
253.3
253.3
253.3
253.3
253.3
253.3
253.3
253.3
253.3
253.3
253.3
253.4
253.4
253.4
253.4
253.4
253.4
253.4
253.4
253.4
253.5
253.6
253.6
253.6
253.6
253.6
253.6
253.6
253.6
253.6
253.6
253.7
253.7
253.7
253.7
253.7
253.7
253.7
253.8
253.8
253.8
253.8
253.8
253.8
253.9
253.9
253.9
253.9
253.9
254.0
254.0
254.0
254.0
254.0
254.0
254.0
254.1
254.1
254.1
254.2
254.3
254.3
254.3
254.5
254.6
255.3
255.3
255.6
255.8
255.8
255.9
255.9
256.2
256.3
256.4
256.5
256.8
257.3
257.3
257.4
258.0
258.0
258.1
258.1
258.2
258.2
258.2
258.2
258.2
258.2
258.2
258.2
258.2
258.2
258.2
258.3
258.3
258.3
258.3
258.3
258.3
258.3
258.3
258.3
258.3
258.3
258.3
258.3
258.4
258.4
258.4
258.4
258.4
258.4
258.5
258.5
258.5
258.5
258.5
258.5
258.5
258.6
258.6
258.6
258.6
258.7
258.7
258.7
258.7
258.8
258.8
258.8
258.8
258.9
258.9
258.9
258.9
258.9
258.9
259.0
259.0
259.0
259.1
259.1
259.1
259.1
259.1
259.2
259.2
259.2
259.3
259.3
259.3
259.4
259.5
259.5
259.5
259.6
259.6
259.6
259.7
259.7
259.8
260.0
260.0
261.0
261.0
261.0
261.1
261.2
261.3
261.5
261.7
262.0
262.4
262.7
262.8
262.8
262.9
262.9
262.9
262.9
262.9
262.9
263.0
263.0
263.1
263.1
263.1
263.1
263.2
263.2
263.2
263.3
263.3
263.3
263.3
263.3
263.4
263.4
263.4
263.4
263.4
263.5
263.5
263.5
263.5
263.5
263.5
263.6
263.6
263.6
263.6
263.6
263.6
263.7
263.7
263.7
263.7
263.8
263.8
263.8
263.9
263.9
263.9
263.9
264.0
264.0
264.0
264.0
264.1
264.1
264.1
264.2
264.3
264.3
264.4
264.4
264.5
264.5
264.6
264.6
264.7
264.8
264.9
265.0
265.1
265.2
265.2
265.2
265.2
265.3
265.3
265.5
265.6
265.6
265.6
265.7
265.9
266.1
266.3
266.4
266.5
267.1
267.3
267.5
267.7
267.8
267.9
268.1
268.5
268.8
269.7
269.8
269.9
270.0
270.0
270.1
270.1
270.1
270.1
270.2
270.4
270.5
270.5
270.6
270.7
270.7
270.8
270.8
271.0
271.0
271.1
271.1
271.2
271.2
271.2
271.2
271.3
271.3
271.3
271.4
271.4
271.4
271.4
271.4
271.5
271.6
271.6
271.7
271.7
271.7
271.8
271.8
271.8
271.9
271.9
271.9
272.0
272.0
272.1
272.1
272.1
272.1
272.2
272.3
272.3
272.6
272.7
272.7
272.9
272.9
272.9
273.3
273.4
273.4
273.6
273.8
273.8
273.9
274.0
274.2
274.2
274.2
274.9
274.9
275.1
275.2
275.3
276.7
276.9
276.9
277.1
277.2
277.2
277.9
277.9
278.3
278.6
279.3
279.5
279.9
280.0
280.7
282.0
282.2
282.5
283.1
286.8
306.6
416.5
416.6
416.6
416.6
416.6
416.6
416.6
416.6
416.6
416.6
416.6
416.6
416.6
416.6
416.6
416.6
416.6
416.6
416.7
416.7
416.7
416.7
416.7
416.7
416.7
416.7
416.7
416.7
416.7
416.7
416.7
416.7
416.7
416.7
416.7
416.7
416.7
416.7
416.7
416.7
416.7
416.7
416.7
416.7
416.7
416.7
416.7
416.7
416.7
416.7
416.7
416.7
416.7
416.7
416.7
416.7
416.7
416.7
416.7
416.7
416.7
416.7
416.7
416.8
416.8
416.8
416.8
416.8
416.8
416.8
416.9
416.9
416.9
417.0
417.0
417.0
417.0
417.0
417.1
417.1
417.2
417.3
417.3
417.3
417.3
417.3
417.4
417.4
417.5
417.6
417.6
417.6
417.8
417.8
418.0
418.0
418.1
418.1
418.1
418.2
421.6
421.6
421.6
421.6
421.6
421.6
421.7
421.7
421.7
421.7
421.7
421.7
421.7
421.7
421.7
421.7
421.7
421.7
421.7
421.7
421.7
421.8
421.8
421.8
421.8
421.8
421.8
421.8
421.8
421.8
421.8
421.8
421.8
421.8
421.8
421.8
421.8
421.8
421.8
421.8
421.8
421.8
421.8
421.8
421.8
421.8
421.8
421.8
421.8
421.8
421.8
421.8
421.8
421.8
421.9
421.9
421.9
421.9
421.9
421.9
421.9
421.9
421.9
422.0
422.0
422.0
422.1
422.1
422.1
422.2
422.2
422.3
422.4
422.4
422.5
422.5
422.6
422.6
422.8
423.0
423.1
423.4
423.5
423.5
423.6
423.6
423.8
423.9
424.2
424.2
424.4
424.7
425.1
425.1
425.8
425.9
426.1
426.1
426.3
426.3
426.3
426.3
426.4
426.4
426.4
426.4
426.4
426.4
426.4
426.5
426.5
426.5
426.5
426.5
426.5
426.5
426.5
426.5
426.5
426.5
426.5
426.6
426.6
426.6
426.6
426.6
426.6
426.6
426.6
426.7
426.7
426.7
426.7
426.7
426.7
426.7
426.8
426.8
426.8
426.8
426.8
426.8
426.9
426.9
426.9
426.9
426.9
426.9
426.9
426.9
426.9
427.0
427.0
427.0
427.0
427.0
427.0
427.1
427.1
427.1
427.2
427.2
427.3
427.3
427.5
427.5
427.5
427.6
427.6
427.7
427.7
427.8
427.8
427.9
428.0
428.0
428.1
428.2
428.6
429.1
429.1
429.2
429.3
429.3
429.5
429.7
429.9
430.3
430.6
430.7
431.0
431.2
431.2
431.3
431.3
431.3
431.4
431.4
431.5
431.5
431.6
431.6
431.6
431.6
431.6
431.6
431.6
431.7
431.7
431.8
431.8
431.9
431.9
431.9
431.9
431.9
432.0
432.0
432.0
432.0
432.1
432.1
432.2
432.2
432.3
432.3
432.3
432.3
432.3
432.4
432.4
432.4
432.5
432.5
432.5
432.5
432.6
432.6
432.6
432.7
432.7
432.7
432.8
432.9
432.9
432.9
433.1
433.1
433.1
433.2
433.2
433.2
433.4
433.4
433.5
433.8
433.8
434.0
434.2
434.2
434.3
434.3
434.3
434.5
434.5
434.9
434.9
435.1
435.2
435.3
435.5
435.6
435.8
435.9
436.0
436.4
436.9
437.2
437.8
438.7
439.1
439.3
439.6
440.2
440.2
440.2
440.4
440.6
440.7
441.1
441.4
441.5
441.7
441.8
441.8
441.8
442.2
442.4
442.5
442.5
442.5
442.5
442.9
442.9
443.0
443.0
443.0
443.1
443.6
443.6
443.7
443.9
444.1
444.1
444.2
444.4
444.5
444.8
444.8
445.2
445.3
445.4
445.4
446.0
446.1
446.2
446.6
446.6
446.7
446.7
447.7
447.9
448.0
448.4
448.6
448.7
449.6
449.8
449.9
450.0
450.6
450.7
451.0
451.2
452.8
453.1
453.7
454.5
455.2
455.6
457.9
458.9
462.6
463.4
471.4
546.0
546.0
546.0
546.0
546.0
546.0
546.0
546.1
546.1
546.1
546.1
546.1
546.1
546.1
546.1
546.1
546.1
546.1
546.1
546.1
546.1
546.1
546.1
546.1
546.1
546.1
546.1
546.1
546.1
546.1
546.1
546.1
546.1
546.1
546.1
546.1
546.1
546.1
546.2
546.2
546.2
546.2
546.2
546.2
546.2
546.2
546.2
546.2
546.2
546.2
546.2
546.2
546.2
546.2
546.2
546.2
546.2
546.2
546.2
546.2
546.2
546.2
546.2
546.2
546.2
546.3
546.3
546.3
546.3
546.3
546.3
546.3
546.3
546.3
546.3
546.3
546.3
546.4
546.4
546.6
546.6
546.6
546.6
546.7
546.7
546.7
546.8
546.8
546.8
546.8
546.8
547.0
547.0
547.0
547.2
547.2
547.2
547.3
547.3
547.6
553.0
553.0
553.0
553.0
553.1
553.1
553.1
553.1
553.1
553.2
553.2
553.2
553.2
553.2
553.2
553.2
553.2
553.3
553.3
553.3
553.3
553.3
553.3
553.3
553.3
553.3
553.3
553.3
553.3
553.4
553.4
553.4
553.4
553.4
553.5
553.6
553.6
553.6
553.6
553.6
553.6
553.6
553.6
553.6
553.6
553.7
553.7
553.8
553.8
553.8
553.8
553.8
553.8
553.8
553.9
554.0
554.0
554.0
554.0
554.0
554.0
554.0
554.1
554.1
554.1
554.2
554.2
554.2
554.2
554.2
554.3
554.3
554.4
554.5
554.5
554.6
554.6
555.0
555.1
556.5
556.5
556.7
557.1
557.5
557.7
557.8
558.5
558.6
558.8
558.8
559.4
561.9
562.0
562.4
564.0
564.2
564.4
564.7
564.8
564.9
564.9
564.9
564.9
564.9
564.9
564.9
564.9
564.9
564.9
564.9
564.9
564.9
564.9
564.9
564.9
564.9
564.9
564.9
564.9
564.9
564.9
565.0
565.0
565.0
565.0
565.0
565.0
565.0
565.0
565.0
565.0
565.0
565.0
565.0
565.0
565.0
565.0
565.0
565.0
565.0
565.0
565.0
565.0
565.0
565.0
565.0
565.0
565.0
565.0
565.0
565.0
565.0
565.0
565.0
565.0
565.0
565.0
565.0
565.0
565.0
565.0
565.0
565.0
565.0
565.0
565.0
565.0
565.1
565.1
565.1
565.1
565.2
565.3
565.6
565.7
565.7
565.8
565.8
565.8
565.9
566.2
566.2
566.4
566.4
566.7
566.8
567.1
567.2
567.7
568.0
568.3
569.6
569.7
569.7
569.7
569.7
569.8
569.8
569.8
569.8
569.8
569.8
569.8
569.8
569.9
569.9
569.9
569.9
569.9
569.9
569.9
570.0
570.0
570.0
570.0
570.0
570.0
570.0
570.0
570.0
570.0
570.1
570.1
570.1
570.1
570.1
570.1
570.2
570.2
570.2
570.2
570.2
570.2
570.3
570.3
570.3
570.3
570.3
570.4
570.4
570.4
570.4
570.4
570.5
570.5
570.5
570.5
570.5
570.5
570.6
570.7
570.7
570.7
570.8
570.8
570.9
571.0
571.0
571.1
571.1
571.1
571.2
571.2
571.2
571.3
571.3
571.4
571.6
571.6
571.7
571.8
572.0
572.5
572.5
572.6
572.6
572.6
572.7
572.8
572.8
572.8
573.2
573.4
573.5
573.5
573.7
574.3
574.4
574.7
574.7
574.8
574.8
574.8
574.9
574.9
574.9
575.0
575.0
575.0
575.1
575.1
575.1
575.2
575.2
575.2
575.2
575.2
575.3
575.3
575.4
575.4
575.4
575.5
575.5
575.5
575.5
575.5
575.6
575.7
575.7
575.7
575.8
575.8
575.8
575.8
575.9
575.9
575.9
575.9
576.0
576.0
576.0
576.0
576.2
576.2
576.2
576.2
576.2
576.2
576.4
576.4
576.6
576.6
576.7
576.7
576.7
576.7
576.8
576.8
576.9
576.9
577.2
577.3
577.3
577.4
577.6
577.6
577.6
577.8
577.9
577.9
578.0
578.1
578.1
578.2
578.6
578.7
578.8
578.8
578.9
579.0
579.0
579.1
579.2
579.2
579.3
579.4
579.6
580.2
580.3
580.4
580.4
580.4
580.6
580.6
580.7
580.7
580.7
580.8
580.8
580.8
580.9
580.9
580.9
580.9
580.9
580.9
581.0
581.1
581.2
581.2
581.3
581.3
581.3
581.4
581.4
581.4
581.4
581.5
581.5
581.5
581.6
581.7
581.8
581.8
581.9
581.9
581.9
581.9
582.0
582.0
582.2
582.2
582.2
582.3
582.3
582.4
582.4
582.4
582.4
582.5
582.7
582.8
582.8
582.9
583.0
583.0
583.1
583.3
583.4
583.5
583.5
583.5
583.7
583.8
584.0
584.0
584.1
584.3
584.4
584.5
584.7
585.0
585.1
585.4
585.5
585.6
585.6
585.9
586.5
586.6
586.6
586.7
586.8
587.9
588.0
588.1
588.3
588.3
588.6
589.1
589.2
589.3
589.7
590.0
590.3
592.2
592.6
593.4
593.4
593.8
594.6
594.8
594.8
595.0
595.1
595.3
595.4
595.7
595.8
595.8
596.0
596.2
596.3
596.4
596.9
596.9
597.0
598.1
598.7
598.7
599.0
599.7
599.9
600.0
600.6
601.7
602.5
602.5
602.7
603.5
604.0
605.1
605.4
605.4
605.4
605.6
605.6
605.8
606.1
607.2
608.0
608.9
609.6
609.8
613.0
614.7
614.9
617.1
622.8
623.7
631.6
636.9
693.1
693.1
693.1
693.1
693.2
693.2
693.2
693.2
693.2
693.2
693.2
693.2
693.2
693.2
693.2
693.2
693.2
693.2
693.2
693.2
693.2
693.2
693.2
693.2
693.2
693.2
693.2
693.2
693.2
693.2
693.2
693.2
693.2
693.2
693.2
693.2
693.2
693.2
693.2
693.2
693.2
693.2
693.2
693.2
693.2
693.3
693.3
693.3
693.3
693.3
693.3
693.3
693.3
693.3
693.3
693.3
693.3
693.3
693.3
693.3
693.3
693.3
693.3
693.3
693.3
693.3
693.3
693.3
693.3
693.3
693.3
693.3
693.3
693.4
693.4
693.4
693.4
693.4
693.4
693.6
693.6
693.6
693.7
693.7
693.7
693.7
693.8
693.8
693.8
693.8
693.9
694.0
694.1
694.1
694.2
694.2
694.3
694.3
694.4
694.6
700.1
700.2
700.2
700.3
700.3
700.3
700.3
700.3
700.3
700.4
700.4
700.4
700.4
700.4
700.4
700.4
700.4
700.5
700.5
700.5
700.5
700.5
700.5
700.5
700.5
700.5
700.5
700.5
700.5
700.5
700.5
700.6
700.6
700.6
700.6
700.7
700.7
700.7
700.7
700.7
700.7
700.7
700.8
700.8
700.8
700.8
700.8
700.8
700.9
700.9
700.9
700.9
700.9
700.9
701.0
701.0
701.0
701.0
701.0
701.0
701.0
701.0
701.1
701.1
701.2
701.2
701.2
701.2
701.2
701.2
701.3
701.3
701.3
701.4
701.4
701.5
701.5
701.7
701.7
702.3
702.3
702.4
702.5
702.5
702.6
702.7
702.8
702.9
703.0
703.0
703.2
703.5
703.7
703.7
704.2
704.4
704.6
704.7
704.8
705.1
707.0
707.0
707.1
707.1
707.1
707.1
707.1
707.1
707.1
707.1
707.1
707.2
707.2
707.2
707.2
707.2
707.2
707.2
707.2
707.2
707.2
707.2
707.2
707.2
707.2
707.3
707.3
707.3
707.3
707.3
707.3
707.3
707.3
707.4
707.4
707.4
707.4
707.5
707.5
707.5
707.5
707.5
707.5
707.5
707.5
707.6
707.6
707.7
707.7
707.7
707.7
707.7
707.7
707.8
707.8
707.9
707.9
707.9
707.9
707.9
708.0
708.0
708.0
708.0
708.0
708.1
708.1
708.2
708.2
708.3
708.3
708.3
708.4
708.4
708.4
708.4
708.5
708.5
708.7
708.9
709.1
709.2
709.2
709.3
709.3
709.3
709.4
709.4
709.4
709.6
709.6
709.8
710.2
710.2
710.4
710.5
710.6
710.9
710.9
710.9
711.0
711.0
711.0
711.1
711.1
711.1
711.2
711.2
711.2
711.2
711.2
711.2
711.3
711.3
711.3
711.3
711.3
711.4
711.4
711.4
711.4
711.4
711.4
711.4
711.4
711.5
711.5
711.5
711.5
711.5
711.5
711.5
711.5
711.5
711.6
711.6
711.6
711.6
711.6
711.6
711.6
711.7
711.7
711.8
711.8
711.8
711.8
711.9
711.9
711.9
712.0
712.1
712.1
712.1
712.1
712.1
712.1
712.2
712.3
712.3
712.3
712.4
712.5
712.5
712.6
712.9
713.0
713.0
713.0
713.0
713.1
713.2
713.3
713.3
713.5
713.6
713.7
714.0
714.5
714.8
714.8
714.9
714.9
715.0
715.2
715.3
715.8
715.8
715.9
716.3
716.3
716.4
716.4
716.4
716.5
716.5
716.7
716.7
716.8
716.8
716.8
716.9
716.9
717.0
717.0
717.0
717.1
717.1
717.1
717.2
717.2
717.3
717.3
717.3
717.3
717.3
717.4
717.4
717.4
717.4
717.4
717.4
717.4
717.5
717.5
717.5
717.5
717.6
717.6
717.6
717.7
717.7
717.8
717.8
717.8
717.8
717.8
717.9
717.9
717.9
717.9
717.9
717.9
718.0
718.1
718.1
718.2
718.3
718.3
718.3
718.4
718.6
718.6
718.6
718.6
718.8
718.8
718.9
718.9
719.0
719.2
719.6
719.6
719.9
719.9
720.0
720.0
720.3
720.4
720.4
720.6
720.8
721.0
721.0
721.4
721.6
722.1
722.3
723.1
723.1
723.6
723.7
723.8
723.8
724.3
725.3
727.0
728.0
728.7
729.0
729.8
729.9
730.4
730.5
731.0
731.1
731.3
731.4
731.5
731.9
732.3
732.4
732.6
732.8
733.0
733.0
733.2
733.2
733.4
733.5
733.8
733.8
733.8
733.9
733.9
734.0
734.1
734.2
734.2
734.3
734.3
734.3
734.3
734.3
734.3
734.4
734.4
734.4
734.5
734.5
734.5
734.5
734.5
734.5
734.5
734.5
734.5
734.5
734.5
734.6
734.6
734.6
734.6
734.6
734.6
734.6
734.6
734.6
734.6
734.6
734.6
734.6
734.6
734.6
734.7
734.7
734.7
734.7
734.8
734.8
734.8
734.8
734.8
734.8
734.8
734.8
734.9
734.9
735.0
735.0
735.0
735.0
735.0
735.1
735.2
735.3
735.3
735.3
735.3
735.4
735.4
735.4
735.5
735.5
735.5
735.5
735.5
735.7
735.7
735.7
735.8
735.8
735.8
735.8
735.8
735.9
735.9
736.0
736.4
736.5
736.9
737.0
737.3
737.6
737.8
738.1
738.2
738.6
738.8
739.3
739.4
739.4
739.5
739.5
739.5
739.7
740.0
740.3
740.3
740.4
740.4
740.5
740.5
740.6
740.6
740.7
740.7
740.7
740.7
740.8
740.8
740.8
740.9
740.9
740.9
741.0
741.0
741.0
741.0
741.0
741.0
741.0
741.1
741.1
741.2
741.2
741.2
741.2
741.3
741.3
741.3
741.4
741.4
741.5
741.5
741.6
741.7
741.8
741.8
741.8
741.8
741.9
741.9
742.0
742.0
742.3
742.3
742.4
742.4
742.4
742.5
742.5
742.6
742.6
742.8
742.8
742.8
742.9
742.9
743.1
743.2
743.2
743.2
743.3
743.4
743.4
743.6
743.6
743.7
743.8
743.8
743.8
744.0
744.0
744.0
744.1
744.1
744.2
744.3
744.4
744.4
744.5
744.5
744.7
744.7
744.8
744.8
744.9
745.0
745.0
745.0
745.1
745.1
745.1
745.2
745.3
745.3
745.4
745.4
745.5
745.5
745.5
745.5
745.5
745.5
745.5
745.6
745.7
745.7
745.7
745.8
745.8
745.9
745.9
745.9
746.0
746.1
746.1
746.1
746.1
746.2
746.3
746.4
746.5
746.5
746.5
746.5
746.7
746.7
746.9
747.0
747.0
747.0
747.1
747.1
747.2
747.2
747.4
747.4
747.4
747.4
747.4
747.5
747.5
748.0
748.0
748.1
748.1
748.1
748.2
748.2
748.3
748.4
748.5
748.5
748.7
748.7
748.8
749.0
749.0
749.2
749.4
749.6
749.7
749.9
749.9
750.0
750.0
750.3
750.3
750.4
750.4
750.5
750.6
750.7
750.7
750.7
750.8
750.8
750.9
750.9
750.9
750.9
751.1
751.1
751.1
751.1
751.1
751.1
751.2
751.2
751.2
751.2
751.2
751.3
751.3
751.3
751.4
751.4
751.5
751.5
751.6
751.6
751.7
751.7
751.7
751.8
751.8
751.9
751.9
752.1
752.1
752.1
752.2
752.2
752.2
752.2
752.3
752.3
752.3
752.4
752.4
752.4
752.4
752.5
752.5
752.5
752.7
752.7
752.8
752.8
752.9
752.9
753.1
753.5
753.7
753.8
753.9
754.0
754.1
754.1
754.1
754.2
754.2
754.3
754.4
754.4
754.5
754.6
754.6
754.6
754.8
755.0
755.0
755.1
755.1
755.5
755.6
755.6
755.7
756.5
756.6
756.9
757.2
757.4
757.4
757.6
757.7
757.8
757.8
757.9
758.1
758.2
758.2
758.3
758.3
758.4
758.4
758.4
758.8
758.8
759.0
759.3
759.4
759.4
759.4
759.5
760.0
760.0
760.0
760.2
760.3
760.4
760.4
760.5
760.6
760.6
760.6
760.6
760.6
760.7
760.8
760.8
760.8
760.9
760.9
761.0
761.0
761.1
761.1
761.1
761.2
761.2
761.2
761.3
761.4
761.4
761.4
761.5
761.5
761.6
761.6
761.6
761.6
761.7
761.7
761.7
761.8
761.8
761.9
762.0
762.0
762.0
762.1
762.1
762.1
762.2
762.2
762.2
762.4
762.5
762.5
762.5
762.7
762.7
762.7
762.8
762.9
762.9
763.0
763.1
763.1
763.3
763.4
763.4
763.4
763.5
763.5
763.6
763.7
763.7
763.9
764.0
764.0
764.1
764.1
764.1
764.2
764.2
764.3
764.3
764.4
764.5
764.5
764.5
764.8
764.9
764.9
765.0
765.2
765.7
765.9
765.9
766.0
766.1
766.2
766.8
766.9
767.2
767.3
767.4
767.9
767.9
768.1
768.1
768.2
768.2
768.3
768.7
768.8
768.8
768.9
769.1
769.3
769.3
769.3
769.5
769.5
769.6
769.7
769.7
769.8
769.8
769.8
769.9
770.1
770.3
770.3
770.4
770.4
770.5
770.7
770.8
770.8
770.8
771.0
771.0
771.0
771.1
771.3
771.5
771.6
771.7
771.9
772.1
772.1
772.1
772.2
772.3
772.3
772.6
772.8
772.9
772.9
773.2
773.4
773.4
773.5
773.6
773.6
773.6
773.8
773.9
774.0
774.0
774.2
774.3
774.8
774.8
775.0
775.0
775.4
775.6
775.6
775.7
775.7
775.7
775.8
776.0
776.1
776.2
776.2
776.5
776.6
777.1
777.8
778.0
778.0
778.1
778.1
778.4
778.5
778.7
778.8
779.0
779.1
779.1
779.6
779.8
779.8
779.9
780.3
780.4
780.4
780.6
780.7
780.7
780.7
780.8
781.0
781.6
781.7
781.9
782.1
782.1
782.2
782.3
782.5
782.5
782.5
782.7
782.9
782.9
783.0
783.3
783.8
783.8
784.1
784.2
784.6
784.7
785.1
785.4
785.7
785.9
785.9
786.1
787.1
787.7
787.8
788.0
788.0
788.2
789.2
789.5
790.1
790.5
791.5
791.6
792.4
792.4
797.4
797.7
811.4
815.6
891.1
891.1
891.1
891.1
891.1
891.1
891.1
891.1
891.1
891.1
891.1
891.1
891.1
891.2
891.2
891.2
891.2
891.2
891.2
891.2
891.2
891.2
891.2
891.2
891.2
891.2
891.2
891.2
891.2
891.2
891.2
891.2
891.2
891.2
891.2
891.2
891.2
891.2
891.2
891.2
891.2
891.2
891.2
891.2
891.2
891.2
891.2
891.2
891.2
891.2
891.2
891.2
891.2
891.2
891.2
891.2
891.2
891.2
891.2
891.2
891.2
891.3
891.3
891.3
891.3
891.3
891.3
891.3
891.3
891.3
891.4
891.4
891.4
891.4
891.4
891.5
891.6
891.6
891.6
891.6
891.6
891.6
891.6
891.7
891.7
891.7
891.9
891.9
892.0
892.1
892.1
892.2
892.3
892.3
892.3
892.5
892.5
892.5
892.5
892.6
895.1
895.1
895.1
895.1
895.1
895.1
895.1
895.1
895.1
895.1
895.1
895.2
895.2
895.2
895.2
895.2
895.2
895.2
895.2
895.2
895.2
895.2
895.2
895.2
895.2
895.2
895.2
895.2
895.2
895.2
895.2
895.2
895.2
895.2
895.2
895.2
895.2
895.2
895.2
895.2
895.2
895.2
895.2
895.2
895.2
895.2
895.2
895.2
895.2
895.2
895.2
895.2
895.2
895.2
895.2
895.2
895.3
895.3
895.3
895.3
895.3
895.3
895.3
895.3
895.3
895.3
895.3
895.4
895.4
895.4
895.4
895.5
895.5
895.9
895.9
895.9
895.9
896.0
896.1
896.1
896.2
896.3
896.3
896.3
896.5
896.6
896.9
897.0
897.1
897.3
897.4
897.5
897.9
898.0
898.4
898.4
898.4
898.5
898.6
898.6
898.6
898.7
898.7
898.7
898.7
898.7
898.7
898.7
898.7
898.7
898.7
898.8
898.8
898.8
898.8
898.8
898.8
898.8
898.8
898.8
898.8
898.8
898.8
898.8
898.8
898.8
898.8
898.8
898.8
898.8
898.8
898.9
898.9
898.9
898.9
898.9
898.9
898.9
898.9
898.9
898.9
899.0
899.0
899.0
899.0
899.0
899.0
899.0
899.0
899.0
899.0
899.0
899.0
899.1
899.1
899.1
899.1
899.2
899.2
899.2
899.2
899.2
899.2
899.3
899.3
899.3
899.4
899.4
899.4
899.4
899.6
899.6
899.7
900.0
900.1
900.4
900.4
900.5
900.5
900.7
900.8
900.8
900.8
900.9
901.2
901.5
901.8
902.0
902.4
902.7
902.8
902.9
902.9
903.0
903.0
903.1
903.1
903.1
903.1
903.1
903.2
903.2
903.2
903.2
903.2
903.3
903.3
903.3
903.3
903.3
903.3
903.3
903.3
903.3
903.3
903.3
903.4
903.4
903.4
903.4
903.4
903.4
903.5
903.5
903.5
903.5
903.5
903.5
903.6
903.6
903.6
903.6
903.7
903.7
903.7
903.7
903.7
903.8
903.8
903.8
903.8
903.8
903.8
903.9
903.9
903.9
904.0
904.0
904.0
904.0
904.0
904.1
904.1
904.2
904.2
904.2
904.2
904.4
904.4
904.4
904.5
904.5
904.6
904.6
904.7
904.7
905.0
905.0
905.2
905.4
905.5
905.5
905.6
905.7
906.0
906.4
906.4
906.8
906.9
906.9
907.0
907.0
907.1
907.7
907.9
909.6
909.7
909.8
910.0
910.1
910.4
910.5
910.5
910.6
910.6
910.7
910.7
910.7
910.7
910.7
910.9
910.9
910.9
911.0
911.0
911.1
911.2
911.2
911.3
911.3
911.4
911.4
911.4
911.5
911.5
911.6
911.6
911.7
911.7
911.9
911.9
912.0
912.0
912.0
912.1
912.2
912.2
912.2
912.2
912.2
912.2
912.3
912.4
912.7
912.7
912.7
912.7
912.8
912.8
912.9
912.9
913.0
913.0
913.2
913.2
913.3
913.7
913.9
914.0
914.0
914.1
914.1
914.2
914.6
914.7
914.9
915.1
915.4
915.8
915.8
915.8
916.5
917.1
917.4
917.4
917.5
917.6
917.8
918.5
918.7
918.8
919.1
919.2
919.2
919.6
919.8
919.8
919.9
920.2
920.4
920.5
920.6
922.5
922.5
922.7
923.0
923.2
923.3
923.3
923.4
923.4
923.4
923.5
923.5
923.6
923.6
923.6
923.7
923.7
923.7
923.8
923.8
923.9
923.9
924.0
924.0
924.1
924.1
924.1
924.3
924.3
924.3
924.4
924.4
924.5
924.5
924.7
924.8
924.8
924.9
925.0
925.2
925.3
925.4
925.5
925.5
925.6
925.7
925.7
925.7
926.2
926.2
926.3
926.3
926.4
926.5
926.5
926.6
926.6
926.6
926.6
926.8
926.9
926.9
927.3
927.3
928.5
929.0
929.0
929.4
930.5
930.6
932.3
932.4
932.6
932.8
933.0
933.1
933.3
933.7
933.7
933.9
934.2
934.3
934.4
934.4
934.5
934.5
934.5
934.5
934.5
934.5
934.6
934.6
934.6
934.6
934.6
934.6
934.6
934.6
934.6
934.6
934.6
934.7
934.7
934.7
934.7
934.7
934.7
934.7
934.7
934.7
934.7
934.7
934.7
934.8
934.8
934.8
934.8
934.8
934.8
934.8
934.8
934.8
934.8
934.8
934.9
934.9
934.9
934.9
934.9
934.9
934.9
934.9
934.9
934.9
934.9
934.9
935.0
935.0
935.0
935.0
935.0
935.0
935.0
935.0
935.0
935.0
935.0
935.1
935.1
935.1
935.1
935.1
935.2
935.3
935.3
935.3
935.3
935.5
935.6
935.6
935.9
935.9
936.0
936.0
936.1
936.1
936.1
936.2
936.4
936.4
936.8
936.8
936.9
937.1
937.3
937.8
937.8
937.9
938.1
938.2
938.4
938.6
938.8
938.8
938.9
938.9
938.9
938.9
938.9
939.0
939.0
939.0
939.0
939.0
939.0
939.0
939.1
939.1
939.1
939.1
939.1
939.1
939.1
939.1
939.1
939.1
939.1
939.1
939.1
939.1
939.2
939.2
939.2
939.2
939.2
939.2
939.2
939.2
939.2
939.2
939.3
939.3
939.3
939.3
939.3
939.3
939.3
939.4
939.4
939.4
939.4
939.4
939.4
939.4
939.4
939.4
939.4
939.4
939.4
939.4
939.4
939.5
939.5
939.5
939.5
939.5
939.5
939.5
939.7
939.7
939.7
939.7
939.7
939.9
939.9
939.9
940.2
940.2
940.3
940.6
940.7
940.7
940.7
940.7
940.8
940.8
940.9
941.0
941.0
941.1
941.2
941.3
941.4
941.4
941.6
941.7
941.7
942.0
942.3
942.4
942.4
942.4
942.5
942.5
942.5
942.5
942.5
942.5
942.6
942.6
942.6
942.6
942.6
942.6
942.6
942.6
942.6
942.7
942.7
942.7
942.7
942.7
942.7
942.7
942.7
942.7
942.7
942.8
942.8
942.8
942.8
942.8
942.8
942.8
942.8
942.9
942.9
942.9
943.0
943.0
943.0
943.0
943.0
943.1
943.1
943.1
943.1
943.1
943.1
943.1
943.2
943.2
943.2
943.2
943.2
943.2
943.2
943.2
943.3
943.3
943.3
943.3
943.3
943.4
943.6
943.7
943.7
943.7
943.7
943.9
944.0
944.1
944.3
944.3
944.5
944.5
944.5
944.6
945.0
945.0
945.1
945.2
945.3
945.5
945.5
945.9
945.9
946.2
946.3
946.3
946.4
946.7
946.7
946.8
946.9
946.9
946.9
947.0
947.0
947.1
947.2
947.2
947.2
947.2
947.2
947.2
947.2
947.3
947.3
947.3
947.3
947.3
947.3
947.3
947.3
947.4
947.4
947.4
947.4
947.5
947.5
947.5
947.5
947.5
947.6
947.6
947.6
947.6
947.7
947.7
947.7
947.7
947.8
947.9
947.9
947.9
947.9
947.9
948.1
948.1
948.1
948.1
948.1
948.1
948.2
948.2
948.2
948.3
948.3
948.3
948.3
948.3
948.4
948.4
948.4
948.4
948.4
948.4
948.5
948.5
948.6
948.6
948.7
949.2
949.3
949.4
949.5
949.6
949.6
949.6
950.0
950.0
950.4
950.6
950.7
950.8
951.3
951.7
951.7
952.0
952.2
952.4
952.6
953.1
953.4
953.6
954.3
954.5
954.6
954.9
955.0
955.0
955.2
955.4
955.6
955.6
955.7
955.7
955.7
955.8
955.9
956.0
956.0
956.0
956.0
956.1
956.1
956.1
956.2
956.3
956.4
956.4
956.4
956.7
956.8
956.8
956.9
956.9
957.0
957.2
957.2
957.2
957.3
957.3
957.3
957.6
957.6
957.8
958.1
958.2
958.4
958.6
958.6
958.7
958.7
958.9
959.3
959.3
959.3
959.4
959.4
959.4
959.5
959.5
959.5
960.1
960.1
960.2
960.3
960.7
960.8
961.5
961.8
962.0
962.2
962.4
962.9
963.1
963.6
963.7
967.0
967.4
967.7
968.9
971.8
971.8
972.7
980.5
980.5
981.2
981.5
983.0
985.2
985.3
985.4
985.9
986.0
986.2
986.2
986.4
986.6
986.7
986.7
986.7
986.8
986.9
987.0
987.1
987.1
987.1
987.2
987.3
987.4
987.5
987.6
987.6
987.7
987.7
987.9
987.9
988.2
988.2
988.2
988.2
988.2
988.3
988.3
988.4
988.5
988.5
988.6
988.7
988.8
988.8
989.0
989.1
989.2
989.2
989.3
989.4
989.4
989.6
989.6
989.7
990.0
990.0
990.1
990.1
990.1
990.2
990.2
990.2
990.2
990.2
990.3
990.3
990.4
990.5
990.6
990.6
990.7
991.0
991.2
991.2
991.3
991.7
992.0
992.0
992.1
993.8
996.2
996.8
997.4
1010.4
1013.6
1032.5
1096.3
1096.4
1096.4
1096.4
1096.4
1096.4
1096.4
1096.4
1096.4
1096.4
1096.4
1096.4
1096.4
1096.4
1096.4
1096.4
1096.4
1096.4
1096.4
1096.4
1096.4
1096.4
1096.4
1096.4
1096.4
1096.4
1096.4
1096.4
1096.5
1096.5
1096.5
1096.5
1096.5
1096.5
1096.5
1096.5
1096.5
1096.5
1096.5
1096.5
1096.5
1096.5
1096.5
1096.5
1096.5
1096.5
1096.5
1096.5
1096.5
1096.5
1096.5
1096.5
1096.5
1096.5
1096.5
1096.5
1096.6
1096.6
1096.6
1096.6
1096.6
1096.6
1096.6
1096.6
1096.6
1096.6
1096.6
1096.6
1096.6
1096.6
1096.6
1096.7
1096.7
1096.7
1096.7
1096.8
1096.8
1096.8
1096.8
1096.8
1096.8
1096.9
1096.9
1096.9
1096.9
1096.9
1097.0
1097.0
1097.1
1097.1
1097.1
1097.2
1097.2
1097.2
1097.4
1097.4
1097.4
1097.4
1097.4
1097.5
1100.2
1100.2
1100.2
1100.2
1100.3
1100.3
1100.3
1100.3
1100.3
1100.3
1100.3
1100.3
1100.3
1100.3
1100.3
1100.3
1100.3
1100.3
1100.3
1100.3
1100.3
1100.4
1100.4
1100.4
1100.4
1100.4
1100.4
1100.4
1100.4
1100.4
1100.4
1100.4
1100.4
1100.4
1100.4
1100.4
1100.4
1100.4
1100.4
1100.4
1100.4
1100.5
1100.5
1100.5
1100.5
1100.5
1100.5
1100.5
1100.5
1100.5
1100.5
1100.5
1100.5
1100.5
1100.5
1100.5
1100.5
1100.5
1100.5
1100.5
1100.5
1100.5
1100.5
1100.5
1100.6
1100.6
1100.6
1100.6
1100.7
1100.7
1100.7
1100.7
1100.7
1101.1
1101.1
1101.1
1101.1
1101.2
1101.2
1101.3
1101.3
1101.4
1101.4
1101.5
1101.6
1101.6
1101.8
1101.8
1102.0
1102.1
1102.1
1102.2
1102.4
1102.5
1102.8
1102.8
1102.8
1102.9
1103.0
1103.1
1103.8
1103.8
1103.8
1103.8
1103.8
1103.8
1103.8
1103.9
1103.9
1103.9
1103.9
1103.9
1103.9
1103.9
1103.9
1103.9
1103.9
1103.9
1103.9
1103.9
1104.0
1104.0
1104.0
1104.0
1104.0
1104.0
1104.0
1104.0
1104.0
1104.0
1104.0
1104.0
1104.0
1104.0
1104.1
1104.1
1104.1
1104.1
1104.1
1104.1
1104.1
1104.1
1104.2
1104.2
1104.2
1104.2
1104.2
1104.2
1104.2
1104.2
1104.2
1104.3
1104.3
1104.3
1104.3
1104.3
1104.3
1104.3
1104.3
1104.3
1104.4
1104.4
1104.4
1104.4
1104.4
1104.5
1104.5
1104.6
1104.7
1104.7
1104.8
1104.9
1104.9
1105.2
1105.3
1105.5
1105.6
1105.6
1105.7
1105.9
1105.9
1105.9
1105.9
1106.0
1106.2
1106.6
1106.7
1106.9
1107.2
1107.4
1107.5
1107.6
1108.3
1108.3
1108.3
1108.3
1108.3
1108.3
1108.4
1108.4
1108.4
1108.4
1108.5
1108.5
1108.5
1108.5
1108.5
1108.5
1108.5
1108.5
1108.6
1108.6
1108.6
1108.6
1108.6
1108.6
1108.7
1108.7
1108.7
1108.7
1108.7
1108.7
1108.7
1108.8
1108.8
1108.8
1108.8
1108.8
1108.8
1108.9
1108.9
1108.9
1108.9
1108.9
1108.9
1108.9
1109.0
1109.0
1109.1
1109.1
1109.1
1109.1
1109.1
1109.2
1109.2
1109.2
1109.2
1109.2
1109.2
1109.3
1109.3
1109.3
1109.4
1109.4
1109.4
1109.4
1109.4
1109.4
1109.5
1109.5
1109.5
1109.7
1109.7
1109.7
1109.8
1109.9
1109.9
1109.9
1109.9
1110.2
1110.5
1110.8
1110.9
1111.1
1111.1
1111.8
1111.9
1111.9
1112.1
1112.2
1112.3
1112.4
1112.4
1112.9
1113.6
1114.4
1114.6
1115.3
1115.8
1115.9
1116.0
1116.1
1116.3
1116.3
1116.3
1116.6
1116.7
1116.7
1116.8
1116.8
1116.8
1116.8
1116.9
1117.0
1117.0
1117.0
1117.0
1117.1
1117.1
1117.3
1117.3
1117.4
1117.4
1117.4
1117.5
1117.5
1117.5
1117.6
1117.8
1117.8
1117.9
1118.0
1118.0
1118.1
1118.1
1118.3
1118.4
1118.4
1118.6
1118.6
1118.7
1118.7
1118.7
1118.9
1118.9
1118.9
1119.1
1119.3
1119.3
1119.3
1119.4
1119.5
1119.6
1119.6
1119.7
1119.8
1119.9
1119.9
1120.0
1120.1
1120.2
1120.3
1120.3
1120.4
1120.5
1120.6
1120.6
1120.9
1120.9
1121.0
1122.0
1122.0
1122.2
1122.4
1122.6
1122.8
1124.3
1124.8
1125.3
1125.8
1127.2
1127.5
1127.6
1135.2
1135.7
1137.1
1138.2
1139.3
1140.5
1141.9
1142.7
1143.1
1143.2
1143.4
1143.4
1143.4
1143.4
1143.4
1143.4
1143.4
1143.4
1143.4
1143.4
1143.4
1143.5
1143.5
1143.5
1143.5
1143.5
1143.5
1143.5
1143.5
1143.5
1143.5
1143.5
1143.5
1143.5
1143.5
1143.5
1143.5
1143.5
1143.5
1143.5
1143.5
1143.5
1143.5
1143.5
1143.5
1143.5
1143.5
1143.5
1143.5
1143.5
1143.5
1143.5
1143.5
1143.5
1143.5
1143.5
1143.5
1143.5
1143.5
1143.5
1143.5
1143.5
1143.5
1143.5
1143.5
1143.5
1143.5
1143.5
1143.5
1143.5
1143.5
1143.5
1143.5
1143.6
1143.6
1143.6
1143.6
1143.6
1143.6
1143.6
1143.6
1143.6
1143.6
1143.6
1143.7
1143.8
1143.8
1143.8
1143.8
1143.9
1144.0
1144.0
1144.0
1144.1
1144.1
1144.3
1144.3
1144.3
1144.5
1144.6
1144.6
1144.7
1144.7
1144.9
1145.1
1145.4
1146.8
1147.9
1148.0
1148.1
1148.1
1148.1
1148.1
1148.1
1148.1
1148.1
1148.1
1148.1
1148.1
1148.1
1148.1
1148.1
1148.1
1148.1
1148.1
1148.1
1148.1
1148.1
1148.1
1148.1
1148.1
1148.1
1148.1
1148.1
1148.1
1148.1
1148.1
1148.1
1148.1
1148.1
1148.1
1148.1
1148.1
1148.1
1148.1
1148.1
1148.1
1148.2
1148.2
1148.2
1148.2
1148.2
1148.2
1148.2
1148.2
1148.2
1148.2
1148.2
1148.2
1148.2
1148.2
1148.2
1148.2
1148.2
1148.2
1148.2
1148.2
1148.2
1148.2
1148.2
1148.2
1148.2
1148.2
1148.2
1148.2
1148.2
1148.2
1148.2
1148.2
1148.2
1148.2
1148.3
1148.4
1148.4
1148.6
1148.6
1148.8
1148.9
1149.0
1149.1
1149.1
1149.1
1149.2
1149.4
1149.4
1149.5
1149.6
1150.0
1150.0
1150.2
1150.4
1150.5
1150.6
1150.6
1150.8
1151.0
1151.2
1151.6
1151.6
1151.6
1151.6
1151.7
1151.7
1151.7
1151.7
1151.7
1151.7
1151.7
1151.7
1151.7
1151.7
1151.7
1151.7
1151.7
1151.7
1151.7
1151.7
1151.7
1151.8
1151.8
1151.8
1151.8
1151.8
1151.8
1151.8
1151.8
1151.8
1151.8
1151.8
1151.8
1151.9
1151.9
1151.9
1151.9
1151.9
1151.9
1151.9
1151.9
1151.9
1151.9
1151.9
1152.0
1152.0
1152.0
1152.0
1152.0
1152.0
1152.0
1152.0
1152.0
1152.0
1152.0
1152.1
1152.1
1152.1
1152.1
1152.1
1152.1
1152.2
1152.2
1152.2
1152.2
1152.3
1152.3
1152.3
1152.3
1152.4
1152.5
1152.6
1152.6
1152.6
1152.7
1152.7
1152.9
1152.9
1153.2
1153.5
1153.6
1153.7
1153.8
1154.1
1154.1
1154.4
1154.6
1155.0
1155.2
1155.3
1155.3
1156.0
1156.1
1156.1
1156.2
1156.2
1156.2
1156.3
1156.3
1156.3
1156.3
1156.3
1156.4
1156.4
1156.4
1156.4
1156.4
1156.4
1156.4
1156.4
1156.5
1156.5
1156.5
1156.5
1156.6
1156.6
1156.6
1156.6
1156.6
1156.6
1156.6
1156.6
1156.6
1156.7
1156.7
1156.7
1156.8
1156.8
1156.8
1156.8
1156.8
1156.8
1156.8
1156.8
1156.9
1156.9
1156.9
1156.9
1157.0
1157.0
1157.0
1157.0
1157.1
1157.1
1157.1
1157.1
1157.1
1157.2
1157.2
1157.2
1157.3
1157.3
1157.3
1157.3
1157.3
1157.4
1157.4
1157.4
1157.4
1157.4
1157.6
1157.7
1157.8
1157.8
1157.9
1157.9
1158.0
1158.1
1158.2
1158.4
1158.6
1158.7
1158.7
1158.9
1159.1
1159.1
1159.1
1159.2
1160.1
1160.4
1160.6
1160.6
1160.8
1161.9
1162.9
1163.7
1163.8
1163.9
1163.9
1164.3
1164.5
1164.6
1164.7
1164.7
1164.8
1164.8
1164.8
1164.8
1165.0
1165.0
1165.2
1165.2
1165.4
1165.5
1165.6
1165.6
1165.7
1165.7
1165.7
1165.8
1165.9
1165.9
1166.3
1166.4
1166.4
1166.4
1166.5
1166.5
1166.5
1166.6
1166.7
1166.8
1166.9
1167.0
1167.0
1167.0
1167.0
1167.0
1167.1
1167.3
1167.3
1167.3
1167.3
1167.4
1167.4
1167.5
1167.6
1167.6
1167.7
1167.7
1167.7
1167.8
1167.9
1168.1
1168.2
1168.3
1168.3
1168.3
1168.3
1168.5
1168.5
1168.7
1168.8
1168.9
1168.9
1169.1
1169.1
1169.1
1169.1
1169.1
1169.1
1169.2
1169.3
1169.4
1169.4
1169.6
1169.6
1169.6
1169.7
1169.7
1170.0
1170.1
1170.2
1170.3
1170.4
1171.0
1171.2
1171.3
1171.5
1171.8
1172.1
1172.5
1172.6
1172.9
1173.1
1173.1
1173.1
1173.2
1173.2
1173.3
1173.3
1173.3
1173.5
1173.5
1173.5
1173.7
1173.8
1173.8
1173.9
1174.0
1174.0
1174.1
1174.1
1174.2
1174.2
1174.2
1174.3
1174.3
1174.4
1174.8
1174.9
1175.2
1175.3
1175.5
1175.7
1175.8
1175.8
1175.9
1176.1
1176.3
1176.6
1176.7
1177.0
1177.0
1177.2
1177.3
1177.4
1177.5
1178.3
1178.3
1178.7
1179.2
1179.3
1179.7
1179.8
1179.8
1181.3
1181.9
1182.0
1182.7
1182.9
1183.1
1183.3
1183.6
1185.7
1185.8
1186.0
1186.1
1186.7
1192.1
1193.9
1196.7
1196.8
1197.2
1197.6
1199.7
1206.5
1216.1
1303.0
1303.0
1303.0
1303.0
1303.0
1303.0
1303.0
1303.0
1303.0
1303.0
1303.0
1303.0
1303.0
1303.0
1303.0
1303.0
1303.0
1303.0
1303.0
1303.0
1303.0
1303.0
1303.0
1303.0
1303.0
1303.0
1303.0
1303.0
1303.0
1303.0
1303.0
1303.0
1303.0
1303.0
1303.0
1303.0
1303.0
1303.0
1303.1
1303.1
1303.1
1303.1
1303.1
1303.1
1303.1
1303.1
1303.1
1303.1
1303.1
1303.1
1303.1
1303.1
1303.1
1303.1
1303.1
1303.1
1303.1
1303.1
1303.1
1303.1
1303.1
1303.1
1303.1
1303.1
1303.1
1303.1
1303.1
1303.1
1303.1
1303.1
1303.1
1303.1
1303.2
1303.2
1303.2
1303.2
1303.2
1303.2
1303.2
1303.3
1303.3
1303.3
1303.3
1303.4
1303.4
1303.4
1303.4
1303.4
1303.5
1303.5
1303.5
1303.5
1303.6
1303.6
1303.7
1303.7
1303.8
1303.8
1303.8
1303.8
1306.9
1307.0
1307.0
1307.0
1307.0
1307.0
1307.0
1307.0
1307.0
1307.0
1307.0
1307.0
1307.0
1307.0
1307.0
1307.0
1307.0
1307.0
1307.0
1307.0
1307.0
1307.0
1307.0
1307.0
1307.0
1307.0
1307.0
1307.0
1307.0
1307.0
1307.0
1307.0
1307.0
1307.0
1307.0
1307.0
1307.0
1307.0
1307.0
1307.0
1307.0
1307.0
1307.0
1307.0
1307.0
1307.0
1307.0
1307.0
1307.0
1307.0
1307.0
1307.0
1307.0
1307.0
1307.0
1307.0
1307.0
1307.0
1307.0
1307.0
1307.0
1307.0
1307.0
1307.1
1307.1
1307.1
1307.1
1307.1
1307.1
1307.1
1307.1
1307.2
1307.3
1307.4
1307.4
1307.5
1307.5
1307.6
1307.6
1307.6
1307.7
1307.8
1307.9
1307.9
1308.1
1308.1
1308.1
1308.1
1308.4
1308.5
1308.5
1308.5
1308.8
1308.9
1309.2
1309.2
1309.3
1309.3
1309.3
1309.4
1310.4
1310.4
1310.4
1310.4
1310.5
1310.5
1310.5
1310.5
1310.5
1310.5
1310.5
1310.5
1310.5
1310.5
1310.5
1310.5
1310.5
1310.5
1310.5
1310.5
1310.5
1310.6
1310.6
1310.6
1310.6
1310.6
1310.6
1310.6
1310.6
1310.6
1310.6
1310.6
1310.6
1310.6
1310.6
1310.6
1310.6
1310.6
1310.6
1310.7
1310.7
1310.7
1310.7
1310.7
1310.7
1310.7
1310.7
1310.7
1310.7
1310.7
1310.7
1310.7
1310.8
1310.8
1310.8
1310.8
1310.8
1310.8
1310.8
1310.9
1310.9
1310.9
1310.9
1311.0
1311.0
1311.0
1311.0
1311.1
1311.1
1311.1
1311.2
1311.2
1311.3
1311.5
1311.5
1311.7
1311.8
1312.0
1312.1
1312.1
1312.1
1312.3
1312.3
1312.4
1312.6
1312.9
1312.9
1313.0
1313.4
1313.7
1313.8
1313.8
1314.5
1314.5
1314.8
1314.8
1314.8
1314.8
1314.9
1314.9
1314.9
1315.0
1315.0
1315.0
1315.0
1315.0
1315.0
1315.0
1315.1
1315.1
1315.1
1315.1
1315.1
1315.1
1315.1
1315.1
1315.1
1315.1
1315.1
1315.2
1315.2
1315.2
1315.2
1315.2
1315.2
1315.3
1315.3
1315.3
1315.3
1315.3
1315.3
1315.3
1315.3
1315.3
1315.3
1315.4
1315.4
1315.4
1315.4
1315.5
1315.5
1315.5
1315.5
1315.5
1315.5
1315.6
1315.6
1315.6
1315.6
1315.6
1315.6
1315.7
1315.7
1315.7
1315.7
1315.8
1315.8
1315.8
1315.9
1315.9
1316.0
1316.0
1316.0
1316.0
1316.1
1316.1
1316.1
1316.2
1316.3
1316.5
1316.8
1316.8
1316.9
1317.0
1317.0
1317.6
1317.7
1317.9
1318.1
1318.1
1318.2
1318.2
1318.3
1318.7
1319.0
1320.0
1320.2
1320.8
1321.1
1321.6
1322.1
1322.4
1322.5
1322.5
1322.6
1322.8
1322.8
1322.8
1322.9
1322.9
1322.9
1323.1
1323.1
1323.1
1323.1
1323.2
1323.2
1323.2
1323.3
1323.3
1323.4
1323.5
1323.5
1323.5
1323.7
1323.7
1323.7
1323.9
1323.9
1324.0
1324.1
1324.1
1324.1
1324.1
1324.1
1324.2
1324.3
1324.3
1324.3
1324.3
1324.4
1324.5
1324.6
1324.7
1324.7
1324.7
1324.8
1324.8
1324.8
1324.9
1324.9
1324.9
1325.1
1325.1
1325.2
1325.2
1325.3
1325.4
1325.4
1325.6
1325.6
1325.6
1325.6
1326.0
1326.3
1326.6
1326.6
1326.9
1327.0
1327.1
1327.1
1327.3
1327.3
1327.4
1327.4
1328.0
1328.7
1330.2
1330.5
1330.6
1331.0
1331.1
1331.5
1335.6
1336.9
1338.1
1338.5
1338.6
1339.0
1340.1
1341.4
1345.8
1349.4
1349.4
1349.5
1349.5
1349.5
1349.5
1349.5
1349.5
1349.5
1349.5
1349.5
1349.5
1349.5
1349.5
1349.5
1349.5
1349.5
1349.5
1349.5
1349.5
1349.5
1349.5
1349.5
1349.5
1349.6
1349.6
1349.6
1349.6
1349.6
1349.6
1349.6
1349.6
1349.6
1349.6
1349.6
1349.6
1349.6
1349.6
1349.6
1349.6
1349.6
1349.6
1349.6
1349.6
1349.6
1349.6
1349.6
1349.6
1349.6
1349.6
1349.6
1349.6
1349.6
1349.6
1349.6
1349.6
1349.6
1349.6
1349.6
1349.6
1349.6
1349.6
1349.7
1349.7
1349.7
1349.7
1349.7
1349.7
1349.7
1349.7
1349.7
1349.7
1349.7
1349.7
1349.7
1349.8
1349.8
1349.8
1349.8
1349.9
1349.9
1349.9
1350.0
1350.0
1350.0
1350.0
1350.2
1350.2
1350.3
1350.4
1350.4
1350.4
1350.4
1350.6
1350.7
1350.8
1350.9
1351.0
1351.0
1351.0
1356.2
1356.2
1356.2
1356.3
1356.3
1356.3
1356.3
1356.4
1356.4
1356.4
1356.4
1356.4
1356.4
1356.4
1356.4
1356.4
1356.4
1356.4
1356.4
1356.4
1356.4
1356.4
1356.4
1356.4
1356.5
1356.5
1356.5
1356.5
1356.5
1356.5
1356.5
1356.5
1356.5
1356.5
1356.5
1356.5
1356.5
1356.5
1356.5
1356.6
1356.6
1356.6
1356.6
1356.6
1356.6
1356.6
1356.6
1356.6
1356.6
1356.6
1356.6
1356.6
1356.6
1356.6
1356.6
1356.6
1356.6
1356.7
1356.7
1356.7
1356.7
1356.7
1356.7
1356.7
1356.7
1356.7
1356.7
1356.7
1356.7
1356.7
1356.7
1356.8
1356.8
1356.8
1356.8
1356.8
1357.0
1357.0
1357.0
1357.2
1357.3
1357.3
1357.4
1357.4
1357.5
1357.5
1357.6
1357.7
1357.7
1357.8
1358.0
1358.0
1358.3
1358.4
1358.8
1358.8
1359.0
1359.1
1359.1
1359.2
1360.3
1360.3
1360.3
1360.3
1360.3
1360.4
1360.4
1360.4
1360.4
1360.4
1360.4
1360.4
1360.4
1360.4
1360.5
1360.5
1360.5
1360.5
1360.5
1360.5
1360.5
1360.5
1360.5
1360.5
1360.5
1360.6
1360.6
1360.6
1360.6
1360.6
1360.6
1360.6
1360.6
1360.6
1360.6
1360.6
1360.6
1360.6
1360.7
1360.7
1360.7
1360.7
1360.7
1360.7
1360.7
1360.7
1360.7
1360.8
1360.8
1360.8
1360.8
1360.8
1360.8
1360.8
1360.8
1360.8
1360.9
1360.9
1361.0
1361.0
1361.0
1361.0
1361.1
1361.1
1361.2
1361.2
1361.3
1361.3
1361.3
1361.3
1361.3
1361.4
1361.4
1361.6
1361.7
1361.7
1361.7
1361.7
1361.9
1362.0
1362.5
1362.5
1362.6
1362.6
1362.6
1362.7
1363.0
1363.0
1363.3
1363.6
1363.8
1364.4
1364.8
1364.9
1364.9
1364.9
1364.9
1365.0
1365.0
1365.0
1365.1
1365.1
1365.1
1365.1
1365.2
1365.2
1365.2
1365.2
1365.2
1365.3
1365.3
1365.3
1365.3
1365.4
1365.4
1365.4
1365.4
1365.4
1365.5
1365.5
1365.5
1365.5
1365.6
1365.6
1365.6
1365.6
1365.6
1365.6
1365.7
1365.7
1365.7
1365.7
1365.7
1365.7
1365.7
1365.7
1365.8
1365.8
1365.8
1365.9
1365.9
1365.9
1365.9
1365.9
1365.9
1366.0
1366.0
1366.0
1366.1
1366.1
1366.1
1366.2
1366.2
1366.4
1366.4
1366.4
1366.4
1366.4
1366.5
1366.6
1366.7
1366.9
1366.9
1367.1
1367.2
1367.3
1367.3
1367.4
1367.4
1367.5
1367.6
1367.7
1367.8
1368.1
1368.2
1368.2
1368.5
1369.0
1369.4
1369.8
1369.8
1370.1
1370.1
1370.4
1370.7
1371.5
1372.5
1372.5
1372.7
1372.7
1372.9
1372.9
1373.1
1373.2
1373.4
1373.6
1373.6
1373.7
1373.7
1373.7
1373.7
1373.9
1374.0
1374.3
1374.4
1374.4
1374.4
1374.5
1374.6
1374.6
1374.7
1374.8
1374.8
1375.0
1375.1
1375.3
1375.3
1375.4
1375.6
1375.7
1375.7
1375.8
1375.8
1375.9
1375.9
1375.9
1376.0
1376.0
1376.1
1376.5
1376.5
1376.6
1376.9
1377.0
1377.1
1377.2
1377.4
1377.4
1377.6
1377.6
1377.9
1378.0
1378.3
1378.5
1378.5
1378.6
1379.2
1379.4
1379.5
1379.7
1380.1
1380.2
1380.6
1381.1
1381.5
1384.6
1384.8
1385.6
1386.1
1386.1
1386.3
1389.0
1389.7
1390.8
1391.0
1394.9
1395.7
1397.8
1398.4
1398.7
1399.3
1399.3
1399.4
1399.4
1399.4
1399.5
1399.5
1399.6
1399.7
1399.8
1399.9
1400.1
1400.3
1400.4
1400.4
1400.4
1400.6
1400.7
1400.8
1400.9
1401.0
1401.0
1401.1
1401.1
1401.3
1401.3
1401.3
1401.3
1401.3
1401.4
1401.4
1401.5
1401.6
1401.6
1401.6
1401.7
1401.8
1401.8
1401.8
1401.9
1401.9
1402.0
1402.0
1402.1
1402.1
1402.1
1402.2
1402.3
1402.3
1402.3
1402.4
1402.4
1402.5
1402.5
1402.7
1402.7
1402.7
1402.8
1402.8
1402.9
1403.0
1403.0
1403.0
1403.0
1403.0
1403.0
1403.0
1403.1
1403.2
1403.2
1403.2
1403.3
1403.3
1403.3
1403.3
1403.4
1403.5
1403.5
1403.6
1403.6
1403.7
1403.7
1403.8
1403.9
1403.9
1403.9
1404.0
1404.1
1404.2
1404.2
1404.2
1404.2
1404.3
1404.4
1405.0
1405.2
1410.7
1412.1
1412.7
1415.6
1415.8
1416.3
1416.6
1416.6
1417.6
1417.8
1417.8
1417.9
1418.4
1419.1
1419.2
1419.2
1419.5
1419.9
1420.0
1420.2
1420.4
1420.5
1420.6
1421.1
1421.5
1421.5
1422.1
1422.3
1423.0
1423.6
1423.7
1423.9
1424.0
1424.0
1424.2
1424.5
1424.6
1424.6
1424.7
1425.0
1425.1
1425.4
1425.4
1425.8
1425.9
1426.5
1427.0
1427.3
1427.8
1427.8
1428.0
1428.2
1428.6
1428.6
1429.2
1429.4
1429.6
1431.2
1435.8
1436.4
1437.0
1437.4
1438.3
1439.6
1446.9
1447.1
1450.5
1453.3
1511.8
1511.8
1511.8
1511.8
1511.8
1511.8
1511.8
1511.8
1511.8
1511.8
1511.8
1511.8
1511.8
1511.8
1511.8
1511.8
1511.8
1511.8
1511.8
1511.8
1511.8
1511.8
1511.8
1511.8
1511.8
1511.8
1511.8
1511.8
1511.8
1511.8
1511.8
1511.8
1511.8
1511.8
1511.8
1511.8
1511.8
1511.8
1511.8
1511.8
1511.8
1511.8
1511.8
1511.8
1511.8
1511.8
1511.8
1511.8
1511.9
1511.9
1511.9
1511.9
1511.9
1511.9
1511.9
1511.9
1511.9
1511.9
1511.9
1511.9
1511.9
1511.9
1511.9
1511.9
1511.9
1511.9
1511.9
1511.9
1511.9
1511.9
1512.0
1512.0
1512.0
1512.0
1512.0
1512.0
1512.0
1512.0
1512.1
1512.1
1512.1
1512.2
1512.2
1512.2
1512.2
1512.2
1512.3
1512.3
1512.3
1512.3
1512.4
1512.4
1512.5
1512.5
1512.6
1512.6
1512.6
1512.7
1512.7
1512.8
1516.3
1516.3
1516.3
1516.3
1516.3
1516.3
1516.3
1516.4
1516.4
1516.4
1516.4
1516.4
1516.4
1516.4
1516.4
1516.4
1516.4
1516.4
1516.4
1516.4
1516.4
1516.4
1516.4
1516.4
1516.4
1516.4
1516.4
1516.4
1516.4
1516.4
1516.4
1516.4
1516.4
1516.4
1516.4
1516.4
1516.4
1516.4
1516.4
1516.4
1516.4
1516.4
1516.4
1516.4
1516.4
1516.4
1516.4
1516.4
1516.4
1516.4
1516.4
1516.5
1516.5
1516.5
1516.5
1516.5
1516.5
1516.5
1516.5
1516.5
1516.5
1516.5
1516.5
1516.5
1516.5
1516.5
1516.5
1516.5
1516.5
1516.6
1516.6
1516.6
1516.7
1516.8
1516.8
1516.8
1516.9
1516.9
1517.0
1517.0
1517.0
1517.2
1517.3
1517.3
1517.4
1517.4
1517.4
1517.5
1517.7
1517.8
1517.8
1517.8
1518.1
1518.1
1518.4
1518.5
1518.6
1518.6
1518.6
1518.7
1519.7
1519.7
1519.7
1519.8
1519.8
1519.8
1519.8
1519.8
1519.8
1519.8
1519.8
1519.8
1519.8
1519.8
1519.8
1519.8
1519.9
1519.9
1519.9
1519.9
1519.9
1519.9
1519.9
1519.9
1519.9
1519.9
1519.9
1519.9
1519.9
1519.9
1520.0
1520.0
1520.0
1520.0
1520.0
1520.0
1520.0
1520.0
1520.0
1520.0
1520.0
1520.0
1520.0
1520.0
1520.0
1520.0
1520.0
1520.0
1520.1
1520.1
1520.1
1520.1
1520.1
1520.1
1520.1
1520.1
1520.2
1520.2
1520.2
1520.2
1520.2
1520.3
1520.3
1520.3
1520.4
1520.4
1520.4
1520.5
1520.5
1520.5
1520.5
1520.5
1520.7
1520.8
1520.8
1521.0
1521.1
1521.3
1521.4
1521.4
1521.4
1521.5
1521.5
1521.6
1521.8
1522.1
1522.1
1522.2
1522.5
1522.8
1522.9
1522.9
1523.6
1523.6
1523.9
1523.9
1523.9
1523.9
1524.0
1524.0
1524.0
1524.1
1524.1
1524.1
1524.1
1524.1
1524.1
1524.2
1524.2
1524.2
1524.2
1524.2
1524.2
1524.2
1524.2
1524.2
1524.2
1524.2
1524.3
1524.3
1524.3
1524.3
1524.3
1524.3
1524.3
1524.3
1524.4
1524.4
1524.4
1524.4
1524.4
1524.4
1524.4
1524.5
1524.5
1524.5
1524.5
1524.5
1524.5
1524.5
1524.6
1524.6
1524.6
1524.6
1524.6
1524.6
1524.7
1524.7
1524.7
1524.7
1524.8
1524.8
1524.8
1524.8
1524.8
1524.8
1524.9
1524.9
1524.9
1524.9
1525.0
1525.0
1525.1
1525.1
1525.2
1525.2
1525.2
1525.3
1525.4
1525.6
1525.8
1525.8
1525.9
1525.9
1526.0
1526.5
1526.6
1526.9
1527.0
1527.1
1527.1
1527.2
1527.2
1527.6
1527.9
1528.6
1528.8
1529.5
1529.6
1530.1
1530.3
1530.6
1530.6
1530.7
1530.8
1530.9
1530.9
1531.0
1531.1
1531.1
1531.1
1531.1
1531.2
1531.2
1531.2
1531.2
1531.2
1531.2
1531.3
1531.3
1531.5
1531.5
1531.5
1531.5
1531.6
1531.6
1531.7
1531.7
1531.8
1531.8
1531.8
1531.9
1532.0
1532.0
1532.1
1532.1
1532.1
1532.1
1532.2
1532.2
1532.3
1532.3
1532.3
1532.4
1532.4
1532.4
1532.5
1532.5
1532.5
1532.5
1532.6
1532.7
1532.7
1532.8
1532.9
1532.9
1533.0
1533.0
1533.1
1533.1
1533.1
1533.1
1533.4
1533.4
1533.6
1533.7
1533.8
1533.9
1534.0
1534.3
1534.4
1534.4
1534.5
1534.5
1534.5
1534.6
1535.7
1536.4
1536.5
1536.6
1536.7
1536.8
1537.4
1539.8
1540.2
1540.3
1540.5
1540.7
1540.7
1541.1
1541.8
1541.9
1544.8
1548.1
1552.3
1557.0
1557.0
1557.0
1557.0
1557.0
1557.0
1557.0
1557.0
1557.0
1557.0
1557.0
1557.0
1557.1
1557.1
1557.1
1557.1
1557.1
1557.1
1557.1
1557.1
1557.1
1557.1
1557.1
1557.1
1557.1
1557.1
1557.1
1557.1
1557.1
1557.1
1557.1
1557.1
1557.1
1557.1
1557.1
1557.1
1557.1
1557.1
1557.1
1557.1
1557.1
1557.1
1557.1
1557.1
1557.1
1557.1
1557.1
1557.1
1557.1
1557.1
1557.2
1557.2
1557.2
1557.2
1557.2
1557.2
1557.2
1557.2
1557.2
1557.2
1557.2
1557.2
1557.2
1557.2
1557.2
1557.2
1557.2
1557.2
1557.3
1557.3
1557.3
1557.3
1557.3
1557.3
1557.3
1557.4
1557.4
1557.4
1557.4
1557.5
1557.5
1557.5
1557.5
1557.7
1557.7
1557.7
1557.8
1557.8
1557.8
1557.8
1557.8
1557.9
1557.9
1558.0
1558.1
1558.2
1558.3
1558.4
1558.5
1558.5
1563.8
1563.8
1563.8
1563.9
1563.9
1563.9
1563.9
1563.9
1564.0
1564.0
1564.0
1564.0
1564.0
1564.0
1564.0
1564.0
1564.0
1564.0
1564.0
1564.1
1564.1
1564.1
1564.1
1564.1
1564.1
1564.1
1564.1
1564.1
1564.1
1564.1
1564.1
1564.2
1564.2
1564.2
1564.2
1564.2
1564.2
1564.2
1564.2
1564.2
1564.2
1564.2
1564.2
1564.2
1564.2
1564.3
1564.3
1564.3
1564.3
1564.3
1564.3
1564.3
1564.3
1564.3
1564.3
1564.3
1564.4
1564.4
1564.4
1564.4
1564.4
1564.4
1564.4
1564.4
1564.5
1564.5
1564.5
1564.5
1564.5
1564.5
1564.5
1564.5
1564.6
1564.6
1564.7
1564.7
1564.8
1564.9
1564.9
1565.0
1565.1
1565.1
1565.2
1565.2
1565.3
1565.4
1565.4
1565.4
1565.5
1565.6
1565.7
1565.8
1566.1
1566.1
1566.6
1566.6
1566.8
1566.8
1566.9
1566.9
1567.9
1567.9
1567.9
1568.0
1568.0
1568.0
1568.0
1568.0
1568.0
1568.1
1568.1
1568.1
1568.1
1568.1
1568.1
1568.1
1568.1
1568.1
1568.2
1568.2
1568.2
1568.2
1568.2
1568.2
1568.2
1568.2
1568.2
1568.2
1568.2
1568.3
1568.3
1568.3
1568.3
1568.3
1568.3
1568.3
1568.3
1568.3
1568.3
1568.4
1568.4
1568.4
1568.4
1568.4
1568.4
1568.4
1568.4
1568.5
1568.5
1568.5
1568.5
1568.5
1568.5
1568.5
1568.6
1568.6
1568.6
1568.7
1568.7
1568.7
1568.8
1568.8
1568.8
1568.9
1568.9
1569.0
1569.0
1569.0
1569.1
1569.1
1569.1
1569.2
1569.2
1569.4
1569.5
1569.5
1569.5
1569.7
1570.1
1570.2
1570.3
1570.3
1570.4
1570.4
1570.5
1570.7
1570.7
1570.9
1571.0
1571.2
1571.5
1572.2
1572.5
1572.5
1572.5
1572.5
1572.5
1572.6
1572.6
1572.6
1572.7
1572.7
1572.7
1572.8
1572.8
1572.8
1572.9
1572.9
1572.9
1572.9
1573.0
1573.0
1573.0
1573.0
1573.0
1573.0
1573.1
1573.1
1573.1
1573.2
1573.2
1573.2
1573.2
1573.2
1573.2
1573.2
1573.3
1573.3
1573.3
1573.3
1573.4
1573.4
1573.4
1573.4
1573.4
1573.4
1573.5
1573.5
1573.5
1573.5
1573.6
1573.6
1573.6
1573.6
1573.6
1573.6
1573.6
1573.7
1573.7
1573.7
1573.9
1573.9
1574.0
1574.0
1574.1
1574.1
1574.1
1574.2
1574.2
1574.3
1574.4
1574.6
1574.7
1574.8
1575.0
1575.1
1575.1
1575.1
1575.2
1575.2
1575.3
1575.4
1575.5
1575.9
1576.0
1576.0
1576.3
1577.2
1577.5
1577.9
1578.0
1578.3
1578.5
1578.9
1579.0
1579.1
1580.0
1580.1
1580.3
1580.3
1580.3
1580.3
1580.6
1580.7
1580.9
1580.9
1581.0
1581.1
1581.1
1581.2
1581.3
1581.3
1581.3
1581.8
1581.8
1581.8
1581.9
1581.9
1582.0
1582.1
1582.1
1582.2
1582.3
1582.4
1582.5
1582.6
1582.7
1582.7
1583.0
1583.0
1583.0
1583.3
1583.3
1583.4
1583.4
1583.5
1583.6
1583.6
1583.8
1583.8
1584.1
1584.1
1584.3
1584.5
1584.6
1584.8
1584.8
1584.8
1584.9
1585.1
1585.3
1585.5
1585.8
1585.8
1586.6
1586.7
1586.8
1587.1
1587.6
1587.7
1587.8
1588.2
1588.3
1589.3
1590.2
1591.4
1593.6
1594.9
1596.7
1597.5
1599.1
1600.1
1601.8
1601.9
1604.6
1610.9
1616.9
1620.9
1623.2
1624.0
1626.3
1626.6
1626.7
1627.2
1627.3
1627.4
1627.5
1627.8
1628.2
1628.3
1628.8
1628.8
1628.8
1629.1
1629.7
1630.2
1631.5
1632.2
1632.5
1632.6
1633.4
1633.6
1633.7
1633.7
1633.9
1634.0
1635.1
1635.3
1635.5
1635.8
1636.4
1637.1
1638.0
1638.5
1638.5
1638.6
1640.1
1640.3
1640.4
1640.6
1640.8
1640.8
1640.9
1641.0
1641.2
1642.1
1642.7
1643.8
1643.8
1644.8
1646.9
1648.1
1649.3
1652.3
1652.5
1652.7
1653.8
1654.7
1655.8
1667.1
1718.4
1718.5
1718.5
1718.5
1718.5
1718.5
1718.5
1718.5
1718.5
1718.5
1718.5
1718.5
1718.5
1718.5
1718.5
1718.5
1718.5
1718.5
1718.5
1718.5
1718.5
1718.5
1718.5
1718.5
1718.5
1718.5
1718.5
1718.5
1718.5
1718.5
1718.5
1718.5
1718.5
1718.5
1718.5
1718.5
1718.5
1718.5
1718.5
1718.5
1718.5
1718.5
1718.5
1718.5
1718.5
1718.5
1718.5
1718.5
1718.5
1718.5
1718.5
1718.5
1718.5
1718.5
1718.5
1718.5
1718.5
1718.5
1718.6
1718.6
1718.6
1718.6
1718.6
1718.6
1718.6
1718.6
1718.6
1718.6
1718.6
1718.6
1718.6
1718.7
1718.7
1718.7
1718.7
1718.7
1718.8
1718.8
1718.8
1718.8
1718.8
1718.9
1718.9
1718.9
1719.0
1719.0
1719.0
1719.0
1719.1
1719.1
1719.1
1719.2
1719.2
1719.2
1719.3
1719.4
1719.4
1719.4
1719.5
1719.5
1722.5
1722.6
1722.6
1722.6
1722.6
1722.6
1722.6
1722.6
1722.6
1722.6
1722.6
1722.6
1722.6
1722.6
1722.6
1722.6
1722.6
1722.6
1722.6
1722.6
1722.6
1722.6
1722.6
1722.6
1722.6
1722.6
1722.6
1722.7
1722.7
1722.7
1722.7
1722.7
1722.7
1722.7
1722.7
1722.7
1722.7
1722.7
1722.7
1722.7
1722.7
1722.7
1722.7
1722.7
1722.7
1722.7
1722.7
1722.7
1722.7
1722.7
1722.7
1722.7
1722.7
1722.7
1722.7
1722.7
1722.8
1722.8
1722.8
1722.8
1722.8
1722.8
1722.8
1722.8
1722.8
1722.9
1722.9
1722.9
1722.9
1722.9
1723.0
1723.0
1723.2
1723.3
1723.3
1723.4
1723.5
1723.5
1723.6
1723.6
1723.6
1723.9
1723.9
1724.0
1724.1
1724.1
1724.1
1724.2
1724.4
1724.4
1724.5
1724.6
1724.8
1724.9
1725.1
1725.2
1725.2
1725.3
1725.4
1725.4
1726.1
1726.1
1726.1
1726.1
1726.1
1726.1
1726.1
1726.1
1726.2
1726.2
1726.2
1726.2
1726.2
1726.2
1726.2
1726.2
1726.2
1726.2
1726.2
1726.2
1726.2
1726.2
1726.3
1726.3
1726.3
1726.3
1726.3
1726.3
1726.3
1726.3
1726.3
1726.3
1726.3
1726.3
1726.3
1726.3
1726.4
1726.4
1726.4
1726.4
1726.4
1726.4
1726.4
1726.4
1726.4
1726.4
1726.4
1726.4
1726.4
1726.5
1726.5
1726.5
1726.5
1726.5
1726.6
1726.6
1726.6
1726.6
1726.6
1726.6
1726.7
1726.8
1726.8
1726.8
1726.8
1726.8
1726.9
1727.0
1727.0
1727.0
1727.0
1727.0
1727.3
1727.4
1727.5
1727.7
1727.8
1728.1
1728.1
1728.1
1728.1
1728.3
1728.3
1728.5
1728.7
1728.9
1729.0
1729.0
1729.4
1729.6
1729.8
1729.9
1730.4
1730.5
1730.5
1730.5
1730.5
1730.5
1730.6
1730.6
1730.6
1730.7
1730.7
1730.7
1730.7
1730.7
1730.7
1730.8
1730.8
1730.8
1730.8
1730.8
1730.8
1730.8
1730.8
1730.8
1730.8
1730.9
1730.9
1730.9
1730.9
1730.9
1730.9
1730.9
1731.0
1731.0
1731.0
1731.0
1731.0
1731.0
1731.0
1731.0
1731.0
1731.0
1731.1
1731.1
1731.1
1731.1
1731.1
1731.2
1731.2
1731.2
1731.2
1731.2
1731.3
1731.3
1731.3
1731.3
1731.3
1731.4
1731.4
1731.4
1731.4
1731.4
1731.5
1731.5
1731.5
1731.6
1731.6
1731.8
1731.8
1731.8
1731.8
1731.8
1731.9
1731.9
1732.0
1732.0
1732.1
1732.2
1732.6
1732.7
1732.8
1732.9
1732.9
1733.6
1733.6
1733.9
1734.2
1734.2
1734.2
1734.3
1734.5
1734.9
1735.0
1736.1
1736.3
1736.9
1737.2
1737.6
1737.7
1738.2
1738.2
1738.3
1738.3
1738.4
1738.4
1738.4
1738.5
1738.5
1738.5
1738.7
1738.7
1738.7
1738.8
1738.8
1738.9
1738.9
1738.9
1738.9
1739.0
1739.1
1739.1
1739.1
1739.2
1739.3
1739.4
1739.5
1739.5
1739.5
1739.5
1739.6
1739.7
1739.7
1739.7
1739.8
1739.9
1739.9
1739.9
1740.0
1740.0
1740.1
1740.2
1740.3
1740.3
1740.4
1740.4
1740.4
1740.4
1740.5
1740.5
1740.5
1740.6
1740.8
1740.8
1740.8
1740.9
1741.0
1741.0
1741.1
1741.1
1741.3
1741.3
1741.4
1741.8
1741.8
1741.9
1742.1
1742.2
1742.3
1742.3
1742.5
1742.6
1742.8
1742.9
1743.2
1744.8
1745.0
1745.3
1745.4
1746.3
1746.4
1746.6
1751.6
1752.2
1752.3
1752.6
1752.6
1754.1
1755.4
1757.2
1760.0
1763.8
1764.2
1764.2
1764.3
1764.3
1764.3
1764.3
1764.3
1764.3
1764.3
1764.3
1764.3
1764.3
1764.3
1764.3
1764.3
1764.3
1764.3
1764.3
1764.3
1764.3
1764.3
1764.3
1764.3
1764.3
1764.3
1764.3
1764.3
1764.3
1764.3
1764.3
1764.3
1764.4
1764.4
1764.4
1764.4
1764.4
1764.4
1764.4
1764.4
1764.4
1764.4
1764.4
1764.4
1764.4
1764.4
1764.4
1764.4
1764.4
1764.4
1764.4
1764.4
1764.4
1764.4
1764.4
1764.4
1764.4
1764.4
1764.4
1764.4
1764.4
1764.4
1764.4
1764.4
1764.4
1764.4
1764.5
1764.5
1764.5
1764.5
1764.5
1764.5
1764.5
1764.5
1764.5
1764.5
1764.5
1764.6
1764.6
1764.7
1764.7
1764.7
1764.8
1764.8
1764.8
1764.8
1764.9
1764.9
1765.1
1765.1
1765.1
1765.2
1765.2
1765.4
1765.5
1765.5
1765.6
1765.7
1765.8
1765.8
1771.2
1771.2
1771.2
1771.2
1771.4
1771.4
1771.4
1771.4
1771.4
1771.4
1771.5
1771.5
1771.5
1771.5
1771.5
1771.5
1771.5
1771.5
1771.5
1771.6
1771.6
1771.6
1771.6
1771.6
1771.6
1771.6
1771.6
1771.6
1771.7
1771.7
1771.7
1771.7
1771.7
1771.7
1771.7
1771.7
1771.7
1771.8
1771.8
1771.8
1771.8
1771.8
1771.8
1771.9
1771.9
1771.9
1771.9
1771.9
1771.9
1771.9
1771.9
1772.0
1772.0
1772.0
1772.0
1772.0
1772.0
1772.0
1772.1
1772.1
1772.1
1772.1
1772.1
1772.2
1772.2
1772.2
1772.3
1772.3
1772.3
1772.3
1772.3
1772.4
1772.4
1772.4
1772.4
1772.4
1772.6
1772.7
1772.7
1773.0
1773.0
1773.1
1773.2
1773.2
1773.4
1773.4
1773.5
1773.5
1773.5
1773.6
1773.8
1773.9
1774.1
1774.2
1774.6
1774.6
1774.8
1774.8
1774.9
1775.0
1775.3
1775.3
1775.4
1775.4
1775.4
1775.4
1775.5
1775.5
1775.5
1775.5
1775.5
1775.5
1775.5
1775.5
1775.5
1775.5
1775.6
1775.6
1775.6
1775.6
1775.6
1775.6
1775.6
1775.6
1775.6
1775.7
1775.7
1775.7
1775.7
1775.7
1775.7
1775.7
1775.7
1775.7
1775.8
1775.8
1775.8
1775.8
1775.8
1775.8
1775.8
1775.8
1775.8
1775.8
1775.9
1775.9
1775.9
1776.0
1776.0
1776.0
1776.1
1776.1
1776.1
1776.1
1776.1
1776.1
1776.1
1776.2
1776.2
1776.2
1776.3
1776.3
1776.4
1776.4
1776.4
1776.4
1776.7
1776.7
1776.7
1776.7
1776.8
1776.8
1776.8
1776.8
1776.9
1777.0
1777.3
1777.3
1777.3
1777.7
1778.2
1778.2
1778.3
1778.4
1778.5
1778.5
1778.6
1778.8
1779.0
1779.2
1779.5
1779.5
1779.5
1779.5
1779.6
1779.6
1779.7
1779.7
1779.7
1779.8
1779.8
1779.8
1779.8
1779.8
1779.9
1779.9
1779.9
1779.9
1780.0
1780.0
1780.1
1780.1
1780.1
1780.1
1780.1
1780.1
1780.1
1780.1
1780.1
1780.2
1780.2
1780.2
1780.2
1780.3
1780.3
1780.3
1780.3
1780.3
1780.3
1780.3
1780.4
1780.4
1780.4
1780.5
1780.5
1780.5
1780.5
1780.5
1780.5
1780.6
1780.6
1780.7
1780.7
1780.7
1780.8
1780.8
1780.8
1780.8
1780.8
1780.9
1780.9
1781.1
1781.1
1781.2
1781.3
1781.3
1781.4
1781.4
1781.4
1781.5
1781.8
1781.8
1782.1
1782.1
1782.1
1782.1
1782.2
1782.3
1782.4
1782.4
1782.4
1782.5
1782.6
1782.9
1782.9
1783.3
1783.3
1783.4
1783.4
1784.5
1785.2
1785.3
1785.6
1785.6
1785.6
1785.6
1785.7
1785.8
1785.8
1785.9
1785.9
1786.0
1786.1
1786.1
1786.2
1786.2
1786.4
1786.4
1786.5
1786.5
1786.5
1786.5
1786.8
1786.8
1786.8
1786.9
1786.9
1786.9
1786.9
1786.9
1787.2
1787.2
1787.2
1787.3
1787.3
1787.3
1787.3
1787.3
1787.4
1787.4
1787.4
1787.5
1787.5
1787.5
1787.5
1787.6
1787.7
1787.7
1787.8
1787.8
1787.9
1788.0
1788.2
1788.2
1788.3
1788.3
1788.4
1788.4
1788.4
1788.4
1788.4
1788.7
1788.9
1789.2
1789.2
1789.5
1789.6
1790.0
1790.0
1790.0
1790.1
1790.1
1790.6
1790.8
1792.1
1792.2
1792.8
1792.9
1793.4
1793.5
1794.3
1795.0
1795.0
1795.0
1795.6
1795.7
1795.9
1795.9
1796.8
1797.1
1798.7
1799.1
1799.3
1799.5
1799.8
1802.5
1802.8
1803.1
1803.9
1804.0
1804.2
1804.6
1804.8
1805.1
1805.3
1805.6
1806.0
1806.0
1806.2
1806.3
1806.4
1806.7
1807.0
1807.2
1807.3
1807.3
1807.5
1807.6
1807.6
1807.6
1807.7
1808.0
1808.0
1808.2
1808.2
1808.4
1808.5
1808.5
1808.5
1808.5
1808.6
1808.7
1808.7
1808.8
1809.0
1809.0
1809.1
1809.2
1809.2
1809.3
1809.3
1809.3
1809.4
1809.5
1809.7
1809.8
1809.9
1809.9
1810.2
1810.2
1810.2
1810.3
1810.5
1810.6
1810.8
1810.9
1810.9
1810.9
1811.1
1811.4
1811.5
1811.5
1811.7
1811.7
1812.0
1812.1
1812.2
1812.3
1812.4
1812.4
1812.6
1812.7
1813.1
1813.3
1813.7
1814.0
1814.5
1817.4
1820.1
1824.7
1829.3
1843.4
1926.5
1926.5
1926.5
1926.5
1926.5
1926.5
1926.5
1926.5
1926.5
1926.5
1926.5
1926.5
1926.5
1926.5
1926.5
1926.5
1926.5
1926.5
1926.5
1926.5
1926.5
1926.5
1926.5
1926.5
1926.5
1926.5
1926.5
1926.5
1926.5
1926.5
1926.5
1926.5
1926.5
1926.5
1926.5
1926.5
1926.5
1926.6
1926.6
1926.6
1926.6
1926.6
1926.6
1926.6
1926.6
1926.6
1926.6
1926.6
1926.6
1926.6
1926.6
1926.6
1926.6
1926.6
1926.6
1926.6
1926.6
1926.6
1926.6
1926.6
1926.6
1926.6
1926.6
1926.6
1926.6
1926.6
1926.6
1926.6
1926.6
1926.6
1926.6
1926.6
1926.6
1926.6
1926.6
1926.6
1926.6
1926.6
1926.7
1926.7
1926.7
1926.8
1926.8
1926.8
1926.8
1926.8
1926.8
1926.8
1926.9
1926.9
1927.0
1927.0
1927.1
1927.1
1927.2
1927.2
1927.2
1927.2
1927.2
1927.3
1930.6
1930.6
1930.6
1930.6
1930.6
1930.6
1930.6
1930.6
1930.6
1930.6
1930.6
1930.6
1930.6
1930.6
1930.6
1930.6
1930.6
1930.6
1930.6
1930.6
1930.6
1930.6
1930.6
1930.6
1930.6
1930.6
1930.7
1930.7
1930.7
1930.7
1930.7
1930.7
1930.7
1930.7
1930.7
1930.7
1930.7
1930.7
1930.7
1930.7
1930.7
1930.7
1930.7
1930.7
1930.7
1930.7
1930.7
1930.7
1930.7
1930.7
1930.7
1930.7
1930.7
1930.7
1930.7
1930.7
1930.7
1930.7
1930.7
1930.7
1930.7
1930.7
1930.7
1930.7
1930.7
1930.7
1930.7
1930.7
1930.7
1930.7
1930.7
1930.8
1930.9
1931.0
1931.1
1931.1
1931.1
1931.2
1931.2
1931.2
1931.3
1931.4
1931.5
1931.5
1931.6
1931.7
1931.7
1931.7
1932.0
1932.1
1932.1
1932.1
1932.4
1932.5
1932.8
1932.8
1932.9
1932.9
1932.9
1933.0
1934.0
1934.0
1934.1
1934.1
1934.1
1934.1
1934.1
1934.1
1934.1
1934.1
1934.1
1934.1
1934.2
1934.2
1934.2
1934.2
1934.2
1934.2
1934.2
1934.2
1934.2
1934.2
1934.2
1934.2
1934.2
1934.2
1934.2
1934.2
1934.2
1934.2
1934.2
1934.2
1934.2
1934.3
1934.3
1934.3
1934.3
1934.3
1934.3
1934.3
1934.3
1934.3
1934.3
1934.3
1934.3
1934.3
1934.3
1934.4
1934.4
1934.4
1934.4
1934.4
1934.4
1934.4
1934.4
1934.4
1934.4
1934.4
1934.4
1934.5
1934.5
1934.6
1934.6
1934.6
1934.6
1934.6
1934.6
1934.6
1934.7
1934.7
1934.8
1934.8
1934.9
1935.1
1935.1
1935.3
1935.4
1935.6
1935.6
1935.7
1935.7
1935.8
1935.8
1935.9
1936.1
1936.4
1936.5
1936.6
1937.0
1937.2
1937.3
1937.3
1938.0
1938.0
1938.3
1938.4
1938.4
1938.4
1938.4
1938.5
1938.6
1938.6
1938.6
1938.6
1938.6
1938.6
1938.6
1938.6
1938.7
1938.7
1938.7
1938.7
1938.7
1938.7
1938.7
1938.7
1938.7
1938.7
1938.7
1938.7
1938.8
1938.8
1938.8
1938.8
1938.8
1938.8
1938.8
1938.9
1938.9
1938.9
1938.9
1938.9
1938.9
1938.9
1939.0
1939.0
1939.0
1939.0
1939.0
1939.1
1939.1
1939.1
1939.1
1939.1
1939.1
1939.1
1939.1
1939.1
1939.2
1939.2
1939.2
1939.2
1939.3
1939.3
1939.3
1939.4
1939.4
1939.4
1939.4
1939.4
1939.4
1939.5
1939.5
1939.5
1939.6
1939.6
1939.7
1939.7
1939.8
1940.0
1940.3
1940.3
1940.4
1940.4
1940.5
1941.1
1941.2
1941.4
1941.6
1941.7
1941.7
1941.7
1941.8
1942.2
1942.5
1943.5
1943.7
1944.3
1944.5
1945.0
1945.5
1945.7
1945.9
1946.0
1946.1
1946.2
1946.2
1946.3
1946.3
1946.4
1946.4
1946.5
1946.5
1946.5
1946.5
1946.6
1946.7
1946.7
1946.7
1946.7
1946.8
1946.8
1946.9
1946.9
1947.1
1947.1
1947.1
1947.2
1947.3
1947.3
1947.4
1947.4
1947.5
1947.5
1947.5
1947.6
1947.6
1947.6
1947.7
1947.7
1947.8
1947.9
1947.9
1948.0
1948.0
1948.1
1948.1
1948.1
1948.1
1948.1
1948.3
1948.3
1948.5
1948.5
1948.5
1948.6
1948.6
1948.8
1948.8
1948.8
1948.9
1948.9
1948.9
1949.2
1949.6
1949.6
1949.8
1950.2
1950.2
1950.2
1950.3
1950.3
1950.5
1950.5
1950.6
1951.1
1951.9
1953.1
1953.4
1953.7
1953.8
1953.9
1954.4
1958.3
1959.2
1960.2
1960.4
1960.9
1961.5
1963.1
1964.2
1966.6
1971.5
1971.6
1971.7
1971.7
1971.7
1971.7
1971.7
1971.7
1971.7
1971.7
1971.7
1971.7
1971.7
1971.7
1971.7
1971.7
1971.7
1971.7
1971.8
1971.8
1971.8
1971.8
1971.8
1971.8
1971.8
1971.8
1971.8
1971.8
1971.8
1971.8
1971.8
1971.8
1971.8
1971.8
1971.8
1971.8
1971.8
1971.8
1971.8
1971.8
1971.8
1971.8
1971.8
1971.8
1971.8
1971.8
1971.8
1971.8
1971.8
1971.8
1971.8
1971.8
1971.8
1971.8
1971.8
1971.8
1971.8
1971.9
1971.9
1971.9
1971.9
1971.9
1971.9
1971.9
1971.9
1971.9
1971.9
1971.9
1971.9
1971.9
1971.9
1971.9
1972.0
1972.0
1972.0
1972.0
1972.0
1972.0
1972.1
1972.1
1972.1
1972.1
1972.2
1972.2
1972.2
1972.2
1972.4
1972.4
1972.5
1972.6
1972.6
1972.6
1972.6
1972.8
1972.8
1972.9
1973.0
1973.1
1973.2
1973.3
1978.6
1978.7
1978.7
1978.8
1978.8
1978.8
1978.8
1978.8
1978.9
1978.9
1978.9
1978.9
1978.9
1978.9
1979.0
1979.0
1979.0
1979.0
1979.0
1979.0
1979.0
1979.0
1979.0
1979.1
1979.1
1979.1
1979.1
1979.1
1979.1
1979.1
1979.1
1979.1
1979.1
1979.1
1979.1
1979.2
1979.2
1979.2
1979.2
1979.2
1979.2
1979.2
1979.3
1979.3
1979.3
1979.3
1979.3
1979.3
1979.3
1979.4
1979.4
1979.4
1979.4
1979.4
1979.4
1979.4
1979.4
1979.5
1979.5
1979.5
1979.5
1979.5
1979.5
1979.5
1979.6
1979.6
1979.7
1979.7
1979.7
1979.7
1979.7
1979.7
1979.7
1979.7
1979.7
1979.7
1979.9
1980.0
1980.0
1980.2
1980.2
1980.4
1980.4
1980.4
1980.5
1980.6
1980.6
1980.7
1980.7
1980.7
1980.9
1980.9
1981.2
1981.2
1981.5
1981.5
1981.7
1981.7
1981.7
1981.8
1982.9
1982.9
1982.9
1982.9
1982.9
1983.0
1983.0
1983.0
1983.0
1983.0
1983.0
1983.0
1983.0
1983.0
1983.0
1983.1
1983.1
1983.1
1983.1
1983.1
1983.1
1983.1
1983.1
1983.1
1983.1
1983.1
1983.1
1983.2
1983.2
1983.2
1983.2
1983.2
1983.2
1983.2
1983.3
1983.3
1983.3
1983.3
1983.3
1983.3
1983.3
1983.3
1983.3
1983.3
1983.3
1983.4
1983.4
1983.4
1983.4
1983.4
1983.4
1983.4
1983.5
1983.5
1983.5
1983.5
1983.5
1983.5
1983.6
1983.6
1983.6
1983.7
1983.7
1983.7
1983.7
1983.9
1983.9
1983.9
1983.9
1984.0
1984.0
1984.0
1984.0
1984.1
1984.2
1984.2
1984.3
1984.4
1984.4
1984.7
1985.0
1985.1
1985.1
1985.1
1985.2
1985.3
1985.5
1985.5
1985.8
1986.0
1986.2
1986.5
1986.9
1987.1
1987.2
1987.3
1987.3
1987.3
1987.4
1987.4
1987.4
1987.4
1987.4
1987.5
1987.5
1987.5
1987.5
1987.5
1987.6
1987.6
1987.6
1987.6
1987.6
1987.6
1987.6
1987.7
1987.7
1987.7
1987.7
1987.7
1987.7
1987.7
1987.7
1987.8
1987.8
1987.8
1987.8
1987.8
1987.8
1987.8
1987.8
1987.9
1987.9
1987.9
1987.9
1987.9
1987.9
1987.9
1988.0
1988.0
1988.0
1988.0
1988.0
1988.1
1988.1
1988.1
1988.1
1988.2
1988.2
1988.2
1988.2
1988.3
1988.3
1988.3
1988.4
1988.4
1988.5
1988.5
1988.6
1988.6
1988.7
1988.7
1988.8
1988.9
1988.9
1989.0
1989.1
1989.1
1989.2
1989.2
1989.3
1989.3
1989.5
1989.7
1989.8
1989.9
1990.2
1990.2
1990.3
1990.9
1991.0
1991.3
1991.3
1991.3
1991.5
1992.0
1992.7
1993.2
1993.7
1993.9
1993.9
1994.1
1994.2
1994.4
1994.4
1994.4
1994.5
1994.5
1994.6
1994.8
1994.9
1994.9
1994.9
1995.0
1995.0
1995.1
1995.1
1995.1
1995.2
1995.2
1995.4
1995.4
1995.4
1995.5
1995.5
1995.6
1995.6
1995.6
1995.7
1995.7
1995.7
1995.7
1995.8
1995.8
1995.8
1995.9
1996.0
1996.0
1996.1
1996.1
1996.2
1996.2
1996.2
1996.4
1996.4
1996.4
1996.4
1996.5
1996.6
1996.6
1996.7
1996.7
1996.7
1996.9
1996.9
1997.1
1997.5
1997.7
1997.7
1997.8
1997.9
1997.9
1998.1
1998.2
1998.2
1998.3
1998.3
1998.4
1998.4
1998.7
1999.0
1999.8
1999.8
2000.0
2000.0
2000.3
2000.4
2001.1
2002.5
2002.8
2003.1
2003.1
2004.2
2004.4
2006.1
2007.7
2008.4
2008.4
2008.8
2009.4
2009.7
2011.1
2012.2
2012.4
2012.5
2012.6
2012.7
2012.8
2013.0
2013.0
2013.1
2013.2
2013.2
2013.3
2013.3
2013.4
2013.4
2013.5
2013.6
2013.6
2013.7
2013.7
2013.7
2013.9
2013.9
2013.9
2014.1
2014.2
2014.3
2014.3
2014.4
2014.5
2014.6
2014.7
2014.8
2014.8
2015.0
2015.1
2015.2
2015.2
2015.2
2015.3
2015.3
2015.3
2015.5
2015.7
2015.8
2015.8
2015.8
2015.8
2015.8
2015.9
2015.9
2015.9
2016.0
2016.1
2016.6
2016.7
2017.4
2017.4
2018.2
2018.5
2018.9
2019.7
2020.5
2021.7
2023.1
2023.8
2024.7
2025.1
2028.7
2032.0
2032.1
2033.9
2036.3
2039.1
2043.1
2134.8
2134.8
2134.8
2134.8
2134.8
2134.8
2134.8
2134.8
2134.8
2134.8
2134.8
2134.8
2134.8
2134.8
2134.8
2134.8
2134.8
2134.8
2134.8
2134.8
2134.8
2134.8
2134.8
2134.8
2134.8
2134.8
2134.8
2134.8
2134.8
2134.8
2134.8
2134.8
2134.8
2134.8
2134.8
2134.8
2134.8
2134.8
2134.8
2134.8
2134.8
2134.8
2134.8
2134.8
2134.8
2134.8
2134.8
2134.8
2134.8
2134.8
2134.8
2134.8
2134.8
2134.8
2134.8
2134.8
2134.8
2134.8
2134.8
2134.8
2134.8
2134.8
2134.8
2134.8
2134.8
2134.8
2134.8
2134.8
2134.8
2134.8
2134.9
2134.9
2134.9
2134.9
2134.9
2134.9
2134.9
2135.0
2135.0
2135.0
2135.0
2135.1
2135.1
2135.1
2135.1
2135.2
2135.2
2135.2
2135.2
2135.3
2135.3
2135.3
2135.4
2135.4
2135.5
2135.5
2135.5
2135.6
2135.6
2135.6
2138.8
2138.8
2138.8
2138.9
2138.9
2138.9
2138.9
2138.9
2138.9
2138.9
2138.9
2138.9
2138.9
2138.9
2138.9
2138.9
2138.9
2138.9
2138.9
2138.9
2138.9
2138.9
2138.9
2138.9
2138.9
2138.9
2138.9
2138.9
2138.9
2138.9
2138.9
2138.9
2138.9
2138.9
2138.9
2138.9
2138.9
2138.9
2138.9
2138.9
2138.9
2138.9
2138.9
2138.9
2138.9
2138.9
2138.9
2138.9
2138.9
2138.9
2138.9
2138.9
2138.9
2138.9
2138.9
2138.9
2138.9
2138.9
2138.9
2138.9
2138.9
2138.9
2138.9
2138.9
2138.9
2138.9
2138.9
2138.9
2138.9
2139.0
2139.0
2139.0
2139.1
2139.3
2139.3
2139.3
2139.4
2139.4
2139.5
2139.5
2139.6
2139.7
2139.8
2139.8
2140.0
2140.0
2140.0
2140.0
2140.3
2140.4
2140.4
2140.4
2140.7
2140.8
2141.1
2141.1
2141.2
2141.2
2141.2
2141.3
2142.3
2142.3
2142.3
2142.3
2142.4
2142.4
2142.4
2142.4
2142.4
2142.4
2142.4
2142.4
2142.4
2142.4
2142.4
2142.4
2142.4
2142.4
2142.4
2142.4
2142.4
2142.4
2142.4
2142.4
2142.4
2142.4
2142.5
2142.5
2142.5
2142.5
2142.5
2142.5
2142.5
2142.5
2142.5
2142.5
2142.5
2142.5
2142.5
2142.5
2142.5
2142.5
2142.5
2142.6
2142.6
2142.6
2142.6
2142.6
2142.6
2142.6
2142.6
2142.6
2142.6
2142.6
2142.6
2142.6
2142.6
2142.6
2142.6
2142.7
2142.7
2142.8
2142.8
2142.8
2142.8
2142.8
2142.9
2142.9
2142.9
2142.9
2143.0
2143.0
2143.2
2143.3
2143.4
2143.6
2143.7
2143.9
2144.0
2144.0
2144.0
2144.2
2144.2
2144.3
2144.5
2144.8
2144.9
2144.9
2145.3
2145.6
2145.8
2145.8
2146.4
2146.5
2146.6
2146.7
2146.7
2146.7
2146.8
2146.8
2146.8
2146.8
2146.8
2146.8
2146.8
2146.8
2146.8
2146.9
2146.9
2146.9
2146.9
2146.9
2146.9
2146.9
2146.9
2147.0
2147.0
2147.0
2147.0
2147.0
2147.0
2147.0
2147.0
2147.1
2147.1
2147.1
2147.1
2147.1
2147.1
2147.1
2147.2
2147.2
2147.2
2147.2
2147.2
2147.2
2147.2
2147.2
2147.2
2147.2
2147.3
2147.3
2147.3
2147.3
2147.3
2147.4
2147.4
2147.4
2147.4
2147.4
2147.4
2147.4
2147.5
2147.5
2147.5
2147.6
2147.6
2147.6
2147.7
2147.7
2147.7
2147.8
2147.9
2147.9
2147.9
2147.9
2147.9
2148.0
2148.1
2148.3
2148.6
2148.6
2148.7
2148.7
2148.8
2149.4
2149.5
2149.9
2150.0
2150.1
2150.2
2150.2
2150.3
2150.7
2150.8
2151.9
2152.3
2152.8
2153.0
2153.5
2153.7
2154.0
2154.1
2154.1
2154.3
2154.3
2154.4
2154.4
2154.4
2154.5
2154.6
2154.6
2154.6
2154.6
2154.6
2154.7
2154.7
2154.7
2154.9
2154.9
2155.0
2155.1
2155.1
2155.1
2155.2
2155.3
2155.3
2155.4
2155.4
2155.5
2155.5
2155.5
2155.6
2155.7
2155.7
2155.7
2155.7
2155.8
2155.9
2155.9
2156.0
2156.0
2156.0
2156.2
2156.2
2156.2
2156.2
2156.2
2156.2
2156.3
2156.3
2156.6
2156.6
2156.8
2156.8
2156.9
2156.9
2156.9
2157.1
2157.1
2157.3
2157.5
2157.6
2157.8
2157.9
2158.0
2158.1
2158.3
2158.6
2158.7
2158.9
2158.9
2159.0
2159.1
2159.4
2160.1
2160.4
2161.9
2162.5
2162.7
2162.9
2163.0
2164.4
2167.4
2169.0
2172.5
2174.4
2175.6
2176.1
2179.2
2179.7
2180.0
2180.0
2180.0
2180.0
2180.0
2180.0
2180.0
2180.0
2180.0
2180.0
2180.1
2180.1
2180.1
2180.1
2180.1
2180.1
2180.1
2180.1
2180.1
2180.1
2180.1
2180.1
2180.1
2180.1
2180.1
2180.1
2180.1
2180.1
2180.1
2180.1
2180.1
2180.1
2180.1
2180.1
2180.1
2180.1
2180.1
2180.1
2180.1
2180.1
2180.1
2180.1
2180.1
2180.1
2180.1
2180.1
2180.1
2180.1
2180.1
2180.1
2180.1
2180.2
2180.2
2180.2
2180.2
2180.2
2180.2
2180.2
2180.2
2180.2
2180.2
2180.2
2180.2
2180.2
2180.2
2180.2
2180.2
2180.2
2180.3
2180.3
2180.3
2180.3
2180.3
2180.3
2180.3
2180.3
2180.3
2180.3
2180.4
2180.4
2180.4
2180.4
2180.5
2180.6
2180.6
2180.6
2180.6
2180.7
2180.9
2180.9
2181.0
2181.0
2181.2
2181.3
2181.4
2181.6
2181.9
2182.2
2186.3
2187.0
2187.0
2187.0
2187.1
2187.1
2187.1
2187.2
2187.2
2187.2
2187.2
2187.2
2187.2
2187.2
2187.3
2187.3
2187.3
2187.3
2187.3
2187.3
2187.3
2187.3
2187.3
2187.4
2187.4
2187.4
2187.4
2187.4
2187.4
2187.4
2187.4
2187.4
2187.4
2187.4
2187.5
2187.5
2187.5
2187.5
2187.5
2187.5
2187.6
2187.6
2187.6
2187.6
2187.6
2187.6
2187.6
2187.7
2187.7
2187.7
2187.7
2187.7
2187.7
2187.7
2187.7
2187.7
2187.8
2187.8
2187.8
2187.9
2187.9
2187.9
2187.9
2187.9
2188.0
2188.0
2188.0
2188.1
2188.1
2188.1
2188.1
2188.1
2188.2
2188.2
2188.2
2188.2
2188.2
2188.4
2188.4
2188.4
2188.5
2188.5
2188.8
2188.9
2188.9
2189.0
2189.1
2189.2
2189.3
2189.4
2189.6
2189.7
2190.0
2190.0
2190.4
2190.4
2190.6
2190.7
2190.8
2190.8
2191.5
2191.5
2191.5
2191.5
2191.5
2191.5
2191.5
2191.6
2191.6
2191.6
2191.6
2191.6
2191.6
2191.6
2191.6
2191.6
2191.6
2191.6
2191.6
2191.7
2191.7
2191.7
2191.7
2191.7
2191.8
2191.8
2191.8
2191.8
2191.8
2191.8
2191.8
2191.8
2191.8
2191.8
2191.8
2191.8
2191.9
2191.9
2191.9
2191.9
2191.9
2191.9
2191.9
2191.9
2191.9
2192.0
2192.0
2192.0
2192.1
2192.1
2192.1
2192.2
2192.2
2192.2
2192.2
2192.2
2192.2
2192.2
2192.2
2192.2
2192.3
2192.4
2192.4
2192.4
2192.5
2192.5
2192.7
2192.7
2192.7
2192.8
2192.8
2192.8
2192.9
2192.9
2193.0
2193.0
2193.1
2193.2
2193.2
2193.3
2193.5
2193.6
2193.6
2194.0
2194.3
2194.3
2194.5
2194.7
2194.9
2195.2
2195.5
2195.9
2195.9
2195.9
2196.0
2196.0
2196.1
2196.1
2196.1
2196.1
2196.2
2196.2
2196.2
2196.2
2196.3
2196.3
2196.3
2196.3
2196.4
2196.4
2196.4
2196.5
2196.5
2196.5
2196.5
2196.5
2196.5
2196.5
2196.6
2196.6
2196.6
2196.6
2196.6
2196.6
2196.6
2196.6
2196.7
2196.7
2196.7
2196.7
2196.7
2196.7
2196.7
2196.8
2196.8
2196.9
2196.9
2196.9
2196.9
2196.9
2197.0
2197.0
2197.0
2197.1
2197.1
2197.2
2197.2
2197.2
2197.3
2197.3
2197.3
2197.4
2197.4
2197.5
2197.5
2197.6
2197.7
2197.7
2197.7
2197.8
2197.9
2198.0
2198.3
2198.3
2198.4
2198.5
2198.6
2198.6
2198.6
2198.7
2198.7
2198.8
2199.0
2199.2
2199.4
2199.5
2199.6
2199.7
2199.9
2200.1
2200.4
2200.7
2201.0
2201.9
2202.2
2203.0
2203.0
2203.1
2203.2
2203.3
2203.4
2203.4
2203.6
2203.7
2203.8
2204.0
2204.1
2204.1
2204.2
2204.3
2204.3
2204.4
2204.5
2204.5
2204.6
2204.6
2204.7
2204.7
2204.8
2204.8
2204.9
2205.0
2205.0
2205.1
2205.1
2205.1
2205.2
2205.4
2205.6
2205.6
2205.7
2205.7
2205.8
2205.8
2205.9
2206.0
2206.1
2206.1
2206.3
2206.3
2206.5
2206.5
2206.5
2206.6
2206.6
2206.7
2206.7
2206.8
2206.9
2207.4
2207.5
2207.6
2207.7
2207.9
2208.7
2208.7
2208.9
2209.2
2209.3
2209.4
2209.4
2209.5
2209.9
2210.7
2211.5
2211.7
2212.8
2213.6
2213.7
2213.8
2214.3
2214.6
2214.7
2215.0
2215.3
2215.4
2215.5
2216.1
2216.1
2216.2
2216.3
2216.5
2216.6
2216.8
2217.1
2217.3
2217.4
2218.1
2219.1
2219.3
2219.4
2220.0
2220.6
2221.8
2222.5
2223.9
2223.9
2224.9
2225.1
2225.4
2225.5
2225.6
2225.6
2225.7
2225.8
2225.8
2225.8
2226.0
2226.4
2226.5
2226.6
2226.8
2226.8
2226.9
2227.0
2227.1
2227.1
2227.2
2227.3
2227.4
2227.4
2227.5
2227.5
2227.6
2227.9
2228.1
2228.2
2228.4
2228.4
2228.5
2228.6
2228.6
2228.8
2229.0
2229.1
2229.2
2229.2
2229.3
2229.4
2229.6
2229.6
2229.7
2229.8
2229.8
2229.9
2230.0
2230.3
2230.4
2230.4
2230.4
2230.5
2230.5
2230.5
2230.6
2230.6
2230.7
2230.7
2230.8
2230.8
2231.0
2231.4
2231.6
2231.6
2232.2
2232.3
2232.4
2232.5
2232.5
2232.7
2233.2
2233.2
2233.4
2233.7
2233.7
2234.0
2236.5
2237.4
2237.6
2238.1
2238.2
2238.8
2240.1
2247.3
2249.1
2255.5
2256.1
2340.5
2340.6
2340.6
2340.6
2340.6
2340.6
2340.6
2340.6
2340.6
2340.6
2340.6
2340.6
2340.6
2340.6
2340.6
2340.6
2340.6
2340.6
2340.6
2340.6
2340.6
2340.6
2340.6
2340.6
2340.6
2340.6
2340.6
2340.7
2340.7
2340.7
2340.7
2340.7
2340.7
2340.7
2340.7
2340.7
2340.7
2340.7
2340.7
2340.7
2340.7
2340.7
2340.7
2340.7
2340.7
2340.7
2340.7
2340.7
2340.7
2340.7
2340.7
2340.8
2340.8
2340.8
2340.8
2340.8
2340.8
2340.8
2340.8
2340.8
2340.8
2340.8
2340.8
2340.9
2340.9
2340.9
2340.9
2340.9
2341.0
2341.0
2341.0
2341.0
2341.0
2341.0
2341.0
2341.1
2341.1
2341.1
2341.1
2341.2
2341.2
2341.3
2341.3
2341.3
2341.3
2341.3
2341.4
2341.4
2341.4
2341.4
2341.5
2341.6
2341.6
2341.6
2341.7
2341.8
2341.8
2341.8
2341.8
2341.9
2344.7
2344.7
2344.7
2344.7
2344.7
2344.7
2344.7
2344.7
2344.7
2344.7
2344.8
2344.8
2344.8
2344.8
2344.8
2344.8
2344.8
2344.8
2344.8
2344.8
2344.8
2344.8
2344.8
2344.8
2344.9
2344.9
2344.9
2344.9
2344.9
2344.9
2344.9
2344.9
2344.9
2344.9
2344.9
2344.9
2344.9
2344.9
2344.9
2344.9
2344.9
2344.9
2344.9
2344.9
2344.9
2345.0
2345.0
2345.0
2345.0
2345.0
2345.0
2345.0
2345.0
2345.0
2345.0
2345.0
2345.0
2345.1
2345.1
2345.1
2345.1
2345.1
2345.1
2345.1
2345.2
2345.2
2345.2
2345.2
2345.2
2345.3
2345.3
2345.4
2345.5
2345.5
2345.6
2345.6
2345.7
2345.7
2345.8
2345.8
2345.9
2346.0
2346.1
2346.2
2346.2
2346.3
2346.3
2346.3
2346.6
2346.6
2346.7
2346.7
2346.9
2347.0
2347.3
2347.3
2347.4
2347.5
2347.5
2347.5
2348.1
2348.1
2348.1
2348.2
2348.2
2348.2
2348.2
2348.2
2348.2
2348.2
2348.3
2348.3
2348.3
2348.3
2348.3
2348.3
2348.3
2348.3
2348.3
2348.3
2348.3
2348.4
2348.4
2348.4
2348.4
2348.4
2348.4
2348.4
2348.4
2348.4
2348.5
2348.5
2348.5
2348.5
2348.5
2348.5
2348.5
2348.5
2348.5
2348.5
2348.6
2348.6
2348.6
2348.6
2348.6
2348.6
2348.6
2348.6
2348.6
2348.6
2348.7
2348.7
2348.7
2348.7
2348.8
2348.8
2348.8
2348.8
2348.8
2348.9
2349.0
2349.0
2349.0
2349.1
2349.1
2349.1
2349.2
2349.2
2349.2
2349.2
2349.2
2349.3
2349.5
2349.6
2349.6
2349.9
2349.9
2350.2
2350.2
2350.2
2350.3
2350.4
2350.4
2350.5
2350.7
2351.0
2351.1
2351.1
2351.5
2351.7
2351.8
2351.9
2352.4
2352.4
2352.5
2352.5
2352.5
2352.5
2352.6
2352.6
2352.6
2352.6
2352.6
2352.7
2352.7
2352.7
2352.7
2352.8
2352.8
2352.8
2352.8
2352.8
2352.8
2352.8
2352.8
2352.8
2352.8
2352.8
2352.9
2352.9
2352.9
2352.9
2352.9
2352.9
2353.0
2353.0
2353.0
2353.0
2353.0
2353.0
2353.0
2353.1
2353.1
2353.1
2353.1
2353.1
2353.1
2353.2
2353.2
2353.2
2353.2
2353.2
2353.2
2353.3
2353.3
2353.3
2353.4
2353.4
2353.4
2353.4
2353.5
2353.5
2353.5
2353.5
2353.5
2353.6
2353.6
2353.7
2353.7
2353.8
2353.8
2353.9
2354.0
2354.0
2354.0
2354.0
2354.2
2354.2
2354.3
2354.4
2354.7
2354.8
2354.9
2354.9
2355.0
2355.6
2355.7
2356.0
2356.1
2356.1
2356.2
2356.2
2356.4
2356.7
2357.0
2357.9
2358.0
2358.7
2358.9
2359.3
2359.3
2359.5
2359.5
2359.8
2359.8
2359.8
2359.9
2360.0
2360.0
2360.0
2360.1
2360.1
2360.1
2360.2
2360.3
2360.3
2360.3
2360.3
2360.4
2360.5
2360.5
2360.5
2360.6
2360.6
2360.6
2360.7
2360.8
2360.8
2360.9
2361.0
2361.0
2361.0
2361.1
2361.1
2361.2
2361.2
2361.3
2361.3
2361.3
2361.4
2361.4
2361.5
2361.5
2361.6
2361.7
2361.7
2361.8
2361.9
2361.9
2361.9
2361.9
2362.0
2362.1
2362.1
2362.2
2362.2
2362.2
2362.3
2362.3
2362.4
2362.5
2362.6
2362.8
2362.9
2363.1
2363.1
2363.3
2363.4
2363.4
2363.8
2363.9
2364.0
2364.0
2364.1
2364.1
2364.2
2365.8
2366.5
2366.6
2366.6
2366.8
2367.3
2367.6
2371.1
2371.3
2371.4
2371.8
2371.9
2372.9
2373.3
2374.2
2374.7
2379.3
2385.8
2385.8
2386.0
2386.0
2386.1
2386.1
2386.1
2386.1
2386.1
2386.1
2386.1
2386.1
2386.1
2386.1
2386.1
2386.1
2386.1
2386.1
2386.1
2386.1
2386.1
2386.1
2386.1
2386.1
2386.1
2386.1
2386.1
2386.1
2386.1
2386.1
2386.1
2386.1
2386.1
2386.1
2386.1
2386.1
2386.1
2386.1
2386.1
2386.1
2386.2
2386.2
2386.2
2386.2
2386.2
2386.2
2386.2
2386.2
2386.2
2386.2
2386.2
2386.2
2386.2
2386.2
2386.2
2386.2
2386.2
2386.2
2386.2
2386.2
2386.2
2386.2
2386.2
2386.2
2386.2
2386.3
2386.3
2386.3
2386.3
2386.3
2386.3
2386.3
2386.3
2386.3
2386.3
2386.3
2386.4
2386.4
2386.5
2386.5
2386.5
2386.5
2386.5
2386.6
2386.6
2386.7
2386.7
2386.8
2386.9
2386.9
2386.9
2386.9
2386.9
2387.0
2387.2
2387.3
2387.3
2387.4
2387.5
2387.6
2393.0
2393.0
2393.0
2393.1
2393.1
2393.1
2393.1
2393.2
2393.2
2393.2
2393.2
2393.2
2393.2
2393.2
2393.2
2393.2
2393.2
2393.2
2393.3
2393.3
2393.3
2393.3
2393.3
2393.3
2393.3
2393.3
2393.4
2393.4
2393.4
2393.4
2393.4
2393.4
2393.4
2393.4
2393.4
2393.4
2393.5
2393.5
2393.5
2393.5
2393.5
2393.5
2393.5
2393.5
2393.5
2393.5
2393.6
2393.6
2393.6
2393.6
2393.6
2393.6
2393.6
2393.6
2393.7
2393.7
2393.7
2393.8
2393.8
2393.8
2393.8
2393.8
2393.9
2393.9
2393.9
2394.0
2394.0
2394.0
2394.1
2394.1
2394.1
2394.1
2394.1
2394.1
2394.2
2394.2
2394.3
2394.4
2394.4
2394.7
2394.8
2394.8
2394.9
2395.0
2395.1
2395.1
2395.1
2395.2
2395.2
2395.2
2395.4
2395.6
2395.7
2395.8
2396.2
2396.2
2396.3
2396.4
2396.5
2396.5
2396.9
2396.9
2397.0
2397.0
2397.0
2397.0
2397.0
2397.0
2397.1
2397.1
2397.1
2397.1
2397.1
2397.1
2397.1
2397.1
2397.2
2397.2
2397.2
2397.2
2397.2
2397.2
2397.2
2397.2
2397.2
2397.2
2397.2
2397.3
2397.3
2397.3
2397.3
2397.3
2397.3
2397.3
2397.3
2397.3
2397.3
2397.3
2397.4
2397.4
2397.4
2397.4
2397.4
2397.4
2397.5
2397.5
2397.5
2397.5
2397.5
2397.6
2397.6
2397.6
2397.7
2397.7
2397.7
2397.7
2397.7
2397.7
2397.8
2397.8
2397.9
2397.9
2397.9
2398.0
2398.0
2398.0
2398.3
2398.3
2398.3
2398.4
2398.4
2398.4
2398.4
2398.5
2398.6
2398.8
2398.9
2398.9
2399.1
2399.2
2399.7
2399.8
2399.9
2399.9
2400.0
2400.0
2400.1
2400.3
2400.5
2400.7
2401.0
2401.1
2401.1
2401.1
2401.1
2401.2
2401.3
2401.3
2401.3
2401.3
2401.3
2401.3
2401.4
2401.4
2401.4
2401.5
2401.5
2401.5
2401.5
2401.6
2401.6
2401.6
2401.6
2401.7
2401.7
2401.7
2401.7
2401.7
2401.7
2401.7
2401.7
2401.7
2401.8
2401.8
2401.8
2401.8
2401.8
2401.9
2401.9
2401.9
2401.9
2402.0
2402.0
2402.0
2402.0
2402.0
2402.0
2402.0
2402.0
2402.1
2402.1
2402.2
2402.2
2402.2
2402.3
2402.3
2402.3
2402.3
2402.4
2402.4
2402.5
2402.6
2402.6
2402.7
2402.7
2402.7
2402.8
2402.9
2402.9
2402.9
2403.3
2403.4
2403.4
2403.6
2403.6
2403.6
2403.7
2403.8
2403.8
2404.0
2404.0
2404.1
2404.3
2404.4
2404.4
2404.8
2404.9
2404.9
2405.7
2405.9
2406.7
2406.9
2407.0
2407.0
2407.3
2407.3
2407.4
2407.4
2407.4
2407.5
2407.6
2407.6
2407.7
2407.8
2407.8
2408.0
2408.1
2408.1
2408.1
2408.3
2408.3
2408.3
2408.4
2408.6
2408.6
2408.6
2408.6
2408.6
2408.7
2408.7
2408.8
2408.8
2408.9
2409.0
2409.0
2409.0
2409.0
2409.0
2409.1
2409.2
2409.2
2409.2
2409.2
2409.3
2409.3
2409.3
2409.4
2409.5
2409.5
2409.6
2409.6
2409.8
2409.9
2409.9
2410.1
2410.2
2410.2
2410.2
2410.2
2410.3
2410.4
2410.4
2410.7
2411.0
2411.1
2411.3
2411.5
2411.7
2411.8
2411.9
2412.0
2412.1
2412.6
2412.6
2413.5
2413.9
2414.7
2415.6
2415.8
2415.8
2415.9
2416.1
2416.2
2418.2
2418.2
2418.6
2418.7
2420.2
2420.4
2421.2
2421.5
2422.3
2427.7
2429.2
2433.7
2433.9
2434.9
2435.5
2436.1
2436.9
2437.8
2437.9
2438.0
2438.3
2438.6
2438.9
2439.1
2439.4
2439.5
2439.7
2439.9
2440.0
2440.1
2441.0
2441.3
2441.4
2441.4
2441.5
2441.7
2441.8
2441.9
2442.4
2442.5
2442.5
2442.5
2442.6
2442.6
2442.6
2442.6
2442.9
2442.9
2443.1
2443.2
2443.3
2443.3
2443.5
2443.5
2443.6
2443.7
2443.8
2443.9
2443.9
2443.9
2444.0
2444.0
2444.0
2444.1
2444.1
2444.3
2444.4
2444.4
2444.4
2444.4
2444.4
2444.5
2444.9
2445.2
2445.3
2445.4
2445.7
2445.8
2446.1
2446.2
2446.7
2447.1
2447.2
2448.2
2448.2
2448.5
2448.6
2449.0
2449.5
2449.8
2450.5
2450.8
2450.8
2450.8
2451.0
2451.1
2451.5
2451.8
2453.4
2455.7
2456.5
2457.6
2463.7
2466.1
2474.6
2548.7
2548.7
2548.7
2548.7
2548.7
2548.7
2548.8
2548.8
2548.8
2548.8
2548.8
2548.8
2548.8
2548.8
2548.8
2548.8
2548.8
2548.8
2548.8
2548.8
2548.8
2548.8
2548.8
2548.8
2548.8
2548.8
2548.8
2548.8
2548.8
2548.8
2548.8
2548.8
2548.8
2548.8
2548.8
2548.8
2548.8
2548.8
2548.8
2548.8
2548.8
2548.8
2548.8
2548.8
2548.8
2548.8
2548.8
2548.8
2548.8
2548.8
2548.8
2548.8
2548.8
2548.8
2548.8
2548.8
2548.8
2548.8
2548.8
2548.8
2548.8
2548.8
2548.8
2548.8
2548.8
2548.8
2548.8
2548.8
2548.8
2548.8
2548.8
2548.8
2548.9
2548.9
2548.9
2548.9
2548.9
2548.9
2549.0
2549.0
2549.0
2549.1
2549.1
2549.1
2549.1
2549.1
2549.2
2549.2
2549.2
2549.2
2549.3
2549.3
2549.4
2549.4
2549.5
2549.5
2549.5
2549.6
2549.6
2549.6
2552.8
2552.8
2552.9
2552.9
2552.9
2552.9
2552.9
2552.9
2552.9
2552.9
2552.9
2552.9
2552.9
2552.9
2552.9
2552.9
2552.9
2552.9
2552.9
2552.9
2552.9
2552.9
2552.9
2552.9
2552.9
2552.9
2552.9
2552.9
2552.9
2552.9
2552.9
2552.9
2552.9
2552.9
2552.9
2552.9
2552.9
2552.9
2552.9
2552.9
2552.9
2552.9
2552.9
2552.9
2552.9
2552.9
2552.9
2552.9
2552.9
2552.9
2552.9
2552.9
2552.9
2552.9
2552.9
2552.9
2552.9
2552.9
2553.0
2553.0
2553.0
2553.0
2553.0
2553.0
2553.0
2553.0
2553.0
2553.0
2553.1
2553.1
2553.1
2553.2
2553.3
2553.4
2553.4
2553.4
2553.5
2553.5
2553.7
2553.7
2553.7
2553.8
2553.9
2554.0
2554.1
2554.1
2554.1
2554.1
2554.4
2554.4
2554.5
2554.5
2554.7
2554.8
2555.1
2555.1
2555.2
2555.2
2555.3
2555.3
2556.3
2556.4
2556.4
2556.4
2556.4
2556.4
2556.4
2556.4
2556.4
2556.4
2556.4
2556.4
2556.4
2556.4
2556.4
2556.5
2556.5
2556.5
2556.5
2556.5
2556.5
2556.5
2556.5
2556.5
2556.5
2556.5
2556.5
2556.5
2556.5
2556.5
2556.5
2556.5
2556.5
2556.5
2556.5
2556.5
2556.6
2556.6
2556.6
2556.6
2556.6
2556.6
2556.6
2556.6
2556.6
2556.6
2556.6
2556.6
2556.7
2556.7
2556.7
2556.7
2556.7
2556.7
2556.7
2556.7
2556.7
2556.7
2556.7
2556.8
2556.8
2556.9
2556.9
2556.9
2557.0
2557.0
2557.0
2557.1
2557.1
2557.1
2557.1
2557.2
2557.4
2557.5
2557.5
2557.7
2557.8
2558.1
2558.1
2558.1
2558.2
2558.3
2558.3
2558.4
2558.6
2558.9
2559.0
2559.1
2559.4
2559.6
2559.8
2559.8
2560.4
2560.5
2560.7
2560.7
2560.8
2560.8
2560.8
2560.9
2560.9
2560.9
2560.9
2560.9
2560.9
2561.0
2561.0
2561.0
2561.0
2561.0
2561.0
2561.0
2561.0
2561.0
2561.1
2561.1
2561.1
2561.1
2561.1
2561.1
2561.1
2561.1
2561.2
2561.2
2561.2
2561.2
2561.2
2561.3
2561.3
2561.3
2561.3
2561.3
2561.3
2561.3
2561.3
2561.3
2561.3
2561.3
2561.4
2561.4
2561.4
2561.4
2561.5
2561.5
2561.5
2561.5
2561.5
2561.5
2561.6
2561.6
2561.6
2561.6
2561.6
2561.7
2561.7
2561.7
2561.7
2561.7
2561.7
2561.8
2561.9
2561.9
2561.9
2562.0
2562.1
2562.1
2562.2
2562.2
2562.3
2562.5
2562.8
2562.8
2562.9
2562.9
2563.1
2563.7
2563.7
2564.0
2564.2
2564.3
2564.4
2564.4
2564.5
2564.8
2565.1
2566.1
2566.3
2566.9
2567.2
2567.6
2568.1
2568.3
2568.7
2568.7
2568.7
2568.8
2568.8
2568.9
2569.0
2569.0
2569.1
2569.2
2569.2
2569.2
2569.2
2569.3
2569.3
2569.3
2569.4
2569.4
2569.5
2569.5
2569.6
2569.6
2569.7
2569.9
2569.9
2570.0
2570.0
2570.1
2570.1
2570.1
2570.1
2570.3
2570.3
2570.3
2570.4
2570.4
2570.4
2570.5
2570.5
2570.6
2570.7
2570.7
2570.7
2570.7
2570.9
2570.9
2570.9
2571.0
2571.0
2571.1
2571.3
2571.3
2571.3
2571.4
2571.4
2571.4
2571.6
2571.7
2571.7
2571.8
2571.8
2571.9
2572.2
2572.6
2572.8
2572.9
2573.1
2573.2
2573.2
2573.2
2573.4
2573.4
2573.5
2574.3
2575.2
2576.4
2576.5
2576.9
2577.1
2577.7
2577.8
2582.7
2582.9
2583.3
2584.4
2585.3
2587.7
2590.2
2592.3
2593.7
2593.9
2594.0
2594.0
2594.0
2594.0
2594.0
2594.0
2594.0
2594.0
2594.0
2594.0
2594.0
2594.0
2594.0
2594.0
2594.0
2594.0
2594.0
2594.0
2594.0
2594.0
2594.0
2594.0
2594.1
2594.1
2594.1
2594.1
2594.1
2594.1
2594.1
2594.1
2594.1
2594.1
2594.1
2594.1
2594.1
2594.1
2594.1
2594.1
2594.1
2594.1
2594.1
2594.1
2594.1
2594.1
2594.1
2594.1
2594.1
2594.1
2594.1
2594.1
2594.1
2594.1
2594.1
2594.1
2594.1
2594.1
2594.1
2594.1
2594.1
2594.1
2594.2
2594.2
2594.2
2594.2
2594.2
2594.2
2594.2
2594.2
2594.2
2594.2
2594.2
2594.2
2594.2
2594.3
2594.3
2594.3
2594.3
2594.4
2594.4
2594.4
2594.4
2594.5
2594.5
2594.5
2594.6
2594.7
2594.7
2594.8
2594.9
2594.9
2595.1
2595.2
2595.3
2595.4
2595.4
2595.5
2595.5
2598.4
2600.9
2601.0
2601.0
2601.1
2601.1
2601.1
2601.1
2601.2
2601.2
2601.2
2601.2
2601.2
2601.2
2601.2
2601.3
2601.3
2601.3
2601.3
2601.3
2601.3
2601.3
2601.3
2601.3
2601.4
2601.4
2601.4
2601.4
2601.4
2601.4
2601.4
2601.4
2601.4
2601.4
2601.5
2601.5
2601.5
2601.5
2601.5
2601.5
2601.6
2601.6
2601.6
2601.6
2601.6
2601.6
2601.6
2601.6
2601.7
2601.7
2601.7
2601.7
2601.7
2601.7
2601.7
2601.8
2601.8
2601.8
2601.9
2601.9
2601.9
2601.9
2601.9
2601.9
2601.9
2601.9
2602.0
2602.1
2602.1
2602.1
2602.1
2602.1
2602.2
2602.2
2602.2
2602.2
2602.2
2602.3
2602.4
2602.5
2602.6
2602.8
2602.9
2603.0
2603.0
2603.1
2603.2
2603.3
2603.4
2603.4
2603.6
2603.7
2604.0
2604.0
2604.4
2604.4
2604.6
2604.6
2604.7
2604.8
2604.8
2605.4
2605.4
2605.4
2605.5
2605.5
2605.5
2605.5
2605.5
2605.5
2605.5
2605.5
2605.5
2605.5
2605.6
2605.6
2605.6
2605.6
2605.6
2605.6
2605.6
2605.6
2605.6
2605.6
2605.6
2605.7
2605.7
2605.7
2605.7
2605.7
2605.7
2605.8
2605.8
2605.8
2605.8
2605.8
2605.8
2605.8
2605.9
2605.9
2605.9
2605.9
2605.9
2605.9
2605.9
2605.9
2606.0
2606.0
2606.1
2606.1
2606.1
2606.1
2606.1
2606.1
2606.2
2606.2
2606.2
2606.2
2606.2
2606.2
2606.2
2606.4
2606.4
2606.4
2606.5
2606.5
2606.7
2606.7
2606.7
2606.8
2606.8
2606.8
2606.8
2606.9
2607.0
2607.1
2607.1
2607.2
2607.2
2607.3
2607.5
2607.6
2608.1
2608.3
2608.3
2608.6
2608.6
2608.7
2609.0
2609.2
2609.5
2609.9
2609.9
2609.9
2609.9
2610.0
2610.0
2610.0
2610.0
2610.1
2610.1
2610.1
2610.2
2610.2
2610.2
2610.3
2610.3
2610.3
2610.3
2610.3
2610.3
2610.3
2610.4
2610.4
2610.5
2610.5
2610.5
2610.5
2610.5
2610.5
2610.5
2610.6
2610.6
2610.6
2610.6
2610.6
2610.6
2610.6
2610.6
2610.7
2610.7
2610.7
2610.7
2610.7
2610.8
2610.8
2610.8
2610.8
2610.9
2610.9
2610.9
2610.9
2610.9
2611.0
2611.1
2611.1
2611.1
2611.1
2611.2
2611.2
2611.3
2611.3
2611.4
2611.5
2611.5
2611.5
2611.7
2611.7
2611.7
2611.7
2611.8
2612.1
2612.3
2612.3
2612.4
2612.5
2612.5
2612.6
2612.6
2612.7
2612.7
2612.8
2613.0
2613.1
2613.5
2613.5
2613.7
2613.8
2614.0
2614.3
2614.6
2615.1
2616.0
2616.3
2616.7
2617.0
2617.1
2617.1
2617.2
2617.2
2617.3
2617.4
2617.6
2617.6
2617.7
2617.9
2618.0
2618.0
2618.1
2618.3
2618.4
2618.5
2618.5
2618.5
2618.5
2618.6
2618.6
2618.7
2618.7
2618.8
2618.9
2618.9
2618.9
2619.0
2619.0
2619.1
2619.1
2619.3
2619.5
2619.5
2619.6
2619.6
2619.7
2619.7
2619.8
2619.9
2620.0
2620.1
2620.1
2620.2
2620.3
2620.3
2620.3
2620.5
2620.5
2620.6
2620.6
2620.7
2620.7
2620.9
2621.2
2621.2
2621.7
2621.7
2621.7
2622.6
2622.7
2622.9
2623.4
2623.4
2623.6
2623.7
2623.8
2623.8
2625.5
2626.2
2626.2
2627.3
2629.5
2629.9
2631.5
2631.6
2631.8
2633.0
2634.5
2635.0
2635.4
2635.9
2636.2
2636.3
2636.3
2636.6
2636.8
2636.8
2637.0
2637.1
2637.1
2637.1
2637.2
2637.3
2637.3
2637.4
2637.4
2637.5
2637.5
2637.6
2637.6
2637.6
2637.7
2637.8
2637.8
2637.9
2637.9
2637.9
2638.0
2638.0
2638.0
2638.0
2638.1
2638.1
2638.1
2638.1
2638.2
2638.2
2638.2
2638.5
2638.5
2638.5
2638.5
2638.5
2638.6
2638.6
2638.6
2638.6
2638.7
2638.7
2638.7
2638.8
2638.8
2638.9
2638.9
2639.0
2639.1
2639.1
2639.2
2639.4
2639.5
2639.7
2639.7
2639.8
2639.9
2640.1
2640.1
2640.7
2640.7
2640.8
2640.8
2641.0
2641.4
2641.4
2641.6
2642.3
2642.7
2642.8
2642.9
2642.9
2643.0
2643.2
2643.4
2643.7
2644.7
2645.2
2645.3
2645.6
2645.9
2645.9
2646.7
2647.2
2649.3
2650.2
2650.7
2651.1
2651.3
2653.1
2653.5
2657.0
2657.9
2658.6
2659.4
2659.9
2662.8
2664.0
2664.4
2667.4
2668.6
2668.6
2670.2
2672.4
2690.9
2754.7
2754.7
2754.7
2754.7
2754.7
2754.7
2754.7
2754.7
2754.7
2754.7
2754.7
2754.7
2754.7
2754.7
2754.7
2754.7
2754.7
2754.7
2754.7
2754.7
2754.7
2754.7
2754.7
2754.7
2754.7
2754.7
2754.7
2754.7
2754.8
2754.8
2754.8
2754.8
2754.8
2754.8
2754.8
2754.8
2754.8
2754.8
2754.8
2754.8
2754.8
2754.8
2754.8
2754.8
2754.8
2754.8
2754.8
2754.8
2754.8
2754.8
2754.8
2754.8
2754.8
2754.8
2754.8
2754.8
2754.8
2754.8
2754.8
2754.8
2754.8
2754.8
2754.8
2754.8
2754.8
2754.8
2754.8
2754.8
2754.8
2754.8
2754.8
2754.8
2754.8
2754.8
2754.8
2754.8
2754.9
2754.9
2754.9
2754.9
2754.9
2755.0
2755.0
2755.0
2755.0
2755.0
2755.1
2755.1
2755.2
2755.2
2755.2
2755.2
2755.3
2755.3
2755.4
2755.4
2755.5
2755.5
2755.5
2755.5
2759.0
2759.0
2759.0
2759.0
2759.0
2759.0
2759.0
2759.0
2759.0
2759.0
2759.0
2759.0
2759.0
2759.0
2759.0
2759.0
2759.0
2759.0
2759.0
2759.0
2759.0
2759.0
2759.0
2759.0
2759.0
2759.0
2759.0
2759.0
2759.0
2759.0
2759.0
2759.1
2759.1
2759.1
2759.1
2759.1
2759.1
2759.1
2759.1
2759.1
2759.1
2759.1
2759.1
2759.1
2759.1
2759.1
2759.1
2759.1
2759.1
2759.1
2759.1
2759.1
2759.1
2759.1
2759.1
2759.1
2759.1
2759.1
2759.1
2759.1
2759.1
2759.1
2759.1
2759.1
2759.1
2759.1
2759.1
2759.1
2759.1
2759.1
2759.1
2759.2
2759.3
2759.4
2759.5
2759.5
2759.5
2759.6
2759.6
2759.6
2759.7
2759.8
2759.9
2759.9
2760.1
2760.1
2760.1
2760.2
2760.5
2760.5
2760.5
2760.6
2760.9
2760.9
2761.2
2761.3
2761.4
2761.4
2761.4
2761.5
2762.3
2762.4
2762.4
2762.4
2762.4
2762.4
2762.4
2762.4
2762.5
2762.5
2762.5
2762.5
2762.5
2762.5
2762.5
2762.5
2762.5
2762.5
2762.5
2762.5
2762.5
2762.5
2762.5
2762.5
2762.5
2762.5
2762.5
2762.5
2762.6
2762.6
2762.6
2762.6
2762.6
2762.6
2762.6
2762.6
2762.6
2762.6
2762.6
2762.7
2762.7
2762.7
2762.7
2762.7
2762.7
2762.7
2762.7
2762.7
2762.7
2762.7
2762.7
2762.7
2762.7
2762.7
2762.7
2762.7
2762.7
2762.8
2762.8
2762.8
2762.8
2762.9
2762.9
2762.9
2762.9
2762.9
2762.9
2763.0
2763.0
2763.0
2763.1
2763.1
2763.3
2763.4
2763.5
2763.7
2763.8
2764.0
2764.0
2764.0
2764.1
2764.2
2764.2
2764.3
2764.5
2764.8
2764.8
2764.9
2765.3
2765.5
2765.7
2765.7
2766.4
2766.4
2766.6
2766.6
2766.6
2766.7
2766.7
2766.8
2766.8
2766.8
2766.8
2766.8
2766.8
2766.8
2766.8
2766.9
2766.9
2766.9
2766.9
2766.9
2766.9
2766.9
2766.9
2766.9
2766.9
2766.9
2766.9
2767.0
2767.0
2767.0
2767.0
2767.0
2767.0
2767.0
2767.0
2767.1
2767.1
2767.1
2767.1
2767.1
2767.1
2767.1
2767.1
2767.1
2767.2
2767.2
2767.2
2767.3
2767.3
2767.3
2767.3
2767.3
2767.3
2767.3
2767.3
2767.4
2767.4
2767.4
2767.4
2767.4
2767.4
2767.5
2767.5
2767.5
2767.6
2767.6
2767.6
2767.7
2767.7
2767.7
2767.8
2767.8
2767.8
2767.8
2767.9
2767.9
2768.0
2768.2
2768.5
2768.5
2768.6
2768.6
2768.7
2769.3
2769.4
2769.7
2769.8
2769.9
2769.9
2769.9
2770.1
2770.4
2770.7
2771.6
2771.8
2772.5
2772.6
2773.1
2773.2
2773.5
2773.5
2773.7
2773.8
2773.8
2773.8
2773.8
2773.9
2774.0
2774.0
2774.0
2774.0
2774.0
2774.0
2774.1
2774.1
2774.2
2774.2
2774.3
2774.3
2774.4
2774.4
2774.4
2774.5
2774.6
2774.6
2774.7
2774.7
2774.8
2774.8
2774.8
2774.9
2774.9
2774.9
2775.0
2775.0
2775.1
2775.1
2775.2
2775.2
2775.2
2775.3
2775.3
2775.4
2775.4
2775.5
2775.5
2775.5
2775.5
2775.5
2775.6
2775.8
2775.9
2776.0
2776.0
2776.0
2776.1
2776.1
2776.2
2776.4
2776.4
2776.7
2776.7
2776.7
2776.8
2777.0
2777.1
2777.3
2777.4
2777.4
2777.5
2777.6
2777.6
2777.7
2778.6
2779.0
2779.8
2780.0
2780.0
2780.3
2780.8
2781.3
2783.9
2784.4
2785.6
2785.7
2787.0
2787.2
2787.5
2788.0
2788.8
2793.1
2799.4
2799.6
2799.7
2799.7
2799.7
2799.7
2799.7
2799.7
2799.7
2799.7
2799.7
2799.7
2799.7
2799.7
2799.8
2799.8
2799.8
2799.8
2799.8
2799.8
2799.8
2799.8
2799.8
2799.8
2799.8
2799.8
2799.8
2799.8
2799.8
2799.8
2799.8
2799.8
2799.8
2799.8
2799.8
2799.8
2799.8
2799.8
2799.8
2799.8
2799.8
2799.8
2799.8
2799.8
2799.8
2799.8
2799.8
2799.8
2799.8
2799.8
2799.8
2799.8
2799.8
2799.8
2799.8
2799.9
2799.9
2799.9
2799.9
2799.9
2799.9
2799.9
2799.9
2799.9
2799.9
2799.9
2799.9
2799.9
2800.0
2800.0
2800.0
2800.0
2800.0
2800.0
2800.0
2800.0
2800.0
2800.1
2800.1
2800.1
2800.1
2800.2
2800.2
2800.2
2800.3
2800.4
2800.4
2800.5
2800.6
2800.6
2800.6
2800.6
2800.6
2800.7
2800.9
2801.0
2801.0
2801.2
2801.3
2801.3
2806.6
2806.6
2806.6
2806.6
2806.7
2806.7
2806.7
2806.7
2806.7
2806.8
2806.8
2806.8
2806.8
2806.8
2806.8
2806.8
2806.8
2806.8
2806.9
2806.9
2806.9
2806.9
2806.9
2806.9
2806.9
2806.9
2806.9
2806.9
2806.9
2806.9
2807.0
2807.0
2807.0
2807.0
2807.0
2807.0
2807.0
2807.0
2807.0
2807.1
2807.1
2807.1
2807.1
2807.1
2807.1
2807.1
2807.2
2807.2
2807.2
2807.2
2807.2
2807.2
2807.2
2807.2
2807.2
2807.2
2807.3
2807.3
2807.3
2807.3
2807.3
2807.3
2807.3
2807.3
2807.4
2807.4
2807.4
2807.4
2807.4
2807.4
2807.5
2807.5
2807.5
2807.5
2807.6
2807.7
2807.7
2807.8
2807.8
2808.0
2808.1
2808.2
2808.2
2808.2
2808.3
2808.4
2808.4
2808.4
2808.5
2808.5
2808.7
2808.7
2809.0
2809.0
2809.4
2809.4
2809.5
2809.5
2809.6
2809.7
2810.8
2810.8
2810.9
2810.9
2810.9
2810.9
2810.9
2810.9
2810.9
2810.9
2810.9
2810.9
2810.9
2811.0
2811.0
2811.0
2811.0
2811.0
2811.0
2811.0
2811.0
2811.0
2811.0
2811.0
2811.0
2811.1
2811.1
2811.1
2811.1
2811.1
2811.1
2811.1
2811.1
2811.1
2811.1
2811.2
2811.2
2811.2
2811.2
2811.2
2811.2
2811.2
2811.2
2811.2
2811.2
2811.2
2811.2
2811.3
2811.3
2811.3
2811.3
2811.3
2811.4
2811.4
2811.4
2811.4
2811.4
2811.4
2811.4
2811.4
2811.5
2811.5
2811.5
2811.5
2811.5
2811.6
2811.7
2811.7
2811.7
2811.7
2811.8
2811.8
2811.8
2811.8
2811.9
2812.1
2812.2
2812.2
2812.5
2812.5
2812.8
2812.9
2812.9
2812.9
2813.0
2813.0
2813.2
2813.2
2813.6
2813.8
2814.0
2814.3
2814.8
2815.0
2815.1
2815.2
2815.2
2815.2
2815.2
2815.3
2815.3
2815.3
2815.3
2815.4
2815.4
2815.4
2815.4
2815.5
2815.5
2815.5
2815.5
2815.5
2815.5
2815.5
2815.6
2815.6
2815.6
2815.6
2815.6
2815.6
2815.6
2815.7
2815.7
2815.7
2815.7
2815.7
2815.7
2815.7
2815.7
2815.7
2815.7
2815.8
2815.8
2815.8
2815.8
2815.8
2815.8
2815.8
2815.8
2815.9
2815.9
2815.9
2815.9
2815.9
2815.9
2816.0
2816.0
2816.0
2816.1
2816.1
2816.1
2816.1
2816.2
2816.2
2816.2
2816.2
2816.3
2816.3
2816.4
2816.5
2816.5
2816.5
2816.6
2816.6
2816.7
2816.9
2816.9
2817.0
2817.0
2817.0
2817.0
2817.1
2817.3
2817.4
2817.4
2817.6
2817.9
2817.9
2818.3
2818.5
2819.0
2819.0
2819.0
2819.2
2819.2
2819.6
2820.4
2820.8
2821.4
2821.7
2821.8
2822.0
2822.1
2822.2
2822.3
2822.3
2822.4
2822.4
2822.5
2822.6
2822.7
2822.7
2822.7
2822.9
2822.9
2822.9
2822.9
2823.0
2823.1
2823.1
2823.1
2823.2
2823.3
2823.4
2823.4
2823.4
2823.4
2823.4
2823.5
2823.6
2823.6
2823.6
2823.6
2823.7
2823.7
2823.8
2823.8
2823.9
2823.9
2824.0
2824.0
2824.0
2824.1
2824.1
2824.2
2824.2
2824.3
2824.4
2824.4
2824.4
2824.5
2824.6
2824.7
2824.8
2824.8
2824.9
2825.1
2825.3
2825.4
2825.6
2825.7
2825.8
2825.9
2825.9
2825.9
2825.9
2826.2
2826.2
2826.3
2826.4
2826.8
2827.3
2827.4
2827.5
2827.8
2827.8
2827.9
2828.7
2829.9
2830.3
2830.7
2831.0
2832.1
2832.9
2833.0
2834.7
2835.2
2836.6
2836.6
2836.6
2838.1
2838.3
2846.3
2849.5
2851.3
2851.4
2852.3
2853.9
2854.0
2854.3
2854.3
2854.3
2854.4
2854.6
2854.7
2854.9
2855.0
2855.2
2855.2
2855.3
2855.3
2855.3
2855.6
2855.6
2855.6
2855.7
2855.7
2855.8
2855.8
2855.8
2855.8
2855.9
2856.0
2856.0
2856.3
2856.3
2856.3
2856.4
2856.5
2856.5
2856.6
2856.6
2856.6
2856.7
2856.7
2856.8
2856.8
2856.8
2856.8
2856.9
2857.0
2857.0
2857.1
2857.1
2857.1
2857.3
2857.3
2857.6
2857.9
2858.1
2858.7
2858.7
2859.8
2860.1
2862.1
2862.3
2862.4
2863.0
2864.6
2865.6
2867.5
2867.9
2868.3
2868.8
2869.9
2870.9
2872.9
2875.3
2877.5
2963.3
2963.3
2963.3
2963.3
2963.3
2963.3
2963.3
2963.3
2963.3
2963.3
2963.3
2963.3
2963.3
2963.3
2963.3
2963.3
2963.3
2963.3
2963.3
2963.3
2963.3
2963.3
2963.3
2963.3
2963.3
2963.3
2963.3
2963.3
2963.3
2963.3
2963.3
2963.3
2963.3
2963.3
2963.3
2963.3
2963.3
2963.3
2963.3
2963.3
2963.3
2963.3
2963.3
2963.3
2963.3
2963.3
2963.3
2963.3
2963.3
2963.3
2963.3
2963.3
2963.3
2963.3
2963.3
2963.3
2963.3
2963.3
2963.3
2963.3
2963.4
2963.4
2963.4
2963.4
2963.4
2963.4
2963.4
2963.4
2963.4
2963.4
2963.4
2963.4
2963.4
2963.4
2963.4
2963.4
2963.5
2963.5
2963.5
2963.6
2963.6
2963.6
2963.6
2963.6
2963.7
2963.7
2963.7
2963.7
2963.8
2963.8
2963.8
2963.8
2963.9
2963.9
2964.0
2964.0
2964.1
2964.1
2964.1
2964.1
2967.5
2967.5
2967.5
2967.5
2967.5
2967.5
2967.5
2967.5
2967.5
2967.5
2967.5
2967.6
2967.6
2967.6
2967.6
2967.6
2967.6
2967.6
2967.6
2967.6
2967.6
2967.6
2967.6
2967.6
2967.6
2967.6
2967.6
2967.6
2967.6
2967.6
2967.6
2967.6
2967.6
2967.6
2967.6
2967.6
2967.6
2967.6
2967.6
2967.6
2967.6
2967.6
2967.6
2967.6
2967.6
2967.6
2967.6
2967.6
2967.6
2967.6
2967.6
2967.6
2967.6
2967.6
2967.6
2967.6
2967.6
2967.6
2967.6
2967.6
2967.6
2967.6
2967.6
2967.6
2967.6
2967.6
2967.7
2967.7
2967.7
2967.7
2967.7
2967.7
2967.8
2967.9
2967.9
2968.0
2968.0
2968.1
2968.1
2968.1
2968.2
2968.3
2968.4
2968.5
2968.6
2968.6
2968.6
2968.7
2968.9
2969.0
2969.0
2969.1
2969.3
2969.4
2969.7
2969.7
2969.8
2969.8
2969.8
2969.9
2971.0
2971.0
2971.0
2971.1
2971.1
2971.1
2971.1
2971.1
2971.1
2971.1
2971.1
2971.1
2971.1
2971.1
2971.1
2971.1
2971.1
2971.1
2971.1
2971.1
2971.1
2971.1
2971.1
2971.1
2971.1
2971.1
2971.1
2971.2
2971.2
2971.2
2971.2
2971.2
2971.2
2971.2
2971.2
2971.2
2971.2
2971.2
2971.2
2971.2
2971.2
2971.2
2971.2
2971.2
2971.2
2971.2
2971.2
2971.2
2971.2
2971.2
2971.3
2971.3
2971.3
2971.3
2971.3
2971.3
2971.3
2971.3
2971.3
2971.3
2971.4
2971.4
2971.4
2971.4
2971.4
2971.4
2971.5
2971.5
2971.5
2971.6
2971.6
2971.7
2971.8
2972.0
2972.0
2972.2
2972.3
2972.6
2972.6
2972.6
2972.6
2972.8
2972.8
2972.9
2973.1
2973.4
2973.5
2973.6
2973.9
2974.2
2974.4
2974.4
2975.1
2975.1
2975.3
2975.4
2975.4
2975.4
2975.4
2975.4
2975.5
2975.5
2975.5
2975.5
2975.5
2975.5
2975.5
2975.5
2975.5
2975.5
2975.6
2975.6
2975.6
2975.6
2975.6
2975.6
2975.6
2975.6
2975.7
2975.7
2975.7
2975.7
2975.7
2975.7
2975.7
2975.7
2975.8
2975.8
2975.8
2975.8
2975.8
2975.8
2975.8
2975.8
2975.8
2975.8
2975.8
2975.8
2975.9
2975.9
2975.9
2975.9
2975.9
2976.0
2976.0
2976.0
2976.0
2976.0
2976.0
2976.0
2976.1
2976.1
2976.1
2976.1
2976.2
2976.2
2976.2
2976.3
2976.3
2976.3
2976.3
2976.4
2976.5
2976.5
2976.5
2976.5
2976.6
2976.6
2976.7
2976.9
2977.2
2977.2
2977.3
2977.3
2977.4
2978.0
2978.1
2978.5
2978.6
2978.7
2978.8
2978.8
2978.9
2979.4
2979.5
2980.6
2980.9
2981.5
2981.7
2982.2
2982.3
2982.6
2982.7
2982.7
2982.9
2982.9
2983.0
2983.0
2983.1
2983.1
2983.2
2983.2
2983.2
2983.2
2983.2
2983.2
2983.3
2983.3
2983.4
2983.5
2983.6
2983.7
2983.7
2983.7
2983.7
2983.8
2983.9
2984.0
2984.0
2984.0
2984.0
2984.1
2984.2
2984.2
2984.2
2984.3
2984.3
2984.4
2984.4
2984.5
2984.5
2984.5
2984.6
2984.6
2984.7
2984.7
2984.7
2984.7
2984.7
2984.8
2984.8
2985.1
2985.1
2985.3
2985.3
2985.3
2985.4
2985.4
2985.6
2985.7
2985.7
2986.1
2986.1
2986.3
2986.4
2986.5
2986.6
2986.8
2987.0
2987.2
2987.2
2987.3
2987.4
2987.5
2987.9
2988.6
2989.0
2990.2
2990.9
2991.1
2991.1
2991.2
2992.9
2995.8
2997.2
