131
393
133
293
489
761
341
604
726
139
842
170
694
258
640
230
309
629
697
164
361
120
184
255
261
288
337
352
592
143
457
616
626
735
154
156
193
312
381
532
599
136
244
250
325
330
402
114
173
222
238
267
269
318
362
509
562
573
593
653
706
862
196
204
212
289
295
311
394
401
405
539
874
894
89
292
298
340
525
552
667
758
850
126
151
441
540
601
644
691
718
67
92
246
274
308
368
493
631
202
220
232
322
329
332
448
613
638
666
749
762
852
895
118
119
127
179
189
209
266
316
642
654
764
60
106
224
228
279
296
326
504
549
580
589
595
893
104
225
247
286
404
407
430
453
506
574
645
660
677
684
819
90
116
124
183
231
237
243
320
331
351
392
466
485
557
628
651
803
848
91
93
103
123
153
167
182
271
299
335
388
491
502
581
585
602
627
719
741
753
754
816
817
122
178
205
262
389
714
757
797
864
158
226
257
285
305
373
465
471
499
545
563
575
648
673
674
774
781
790
836
165
245
256
259
263
291
474
500
512
566
621
732
786
791
794
910
149
270
319
348
387
406
414
415
455
467
554
569
622
635
686
723
769
824
869
902
938
87
95
96
113
159
160
210
241
287
290
369
386
452
518
551
606
702
711
739
777
849
886
38
77
108
144
169
200
218
223
251
265
280
315
347
423
444
459
460
501
579
634
668
770
830
923
68
79
157
172
174
277
284
301
303
304
327
343
358
364
398
435
442
449
469
511
542
553
568
611
633
681
700
703
738
750
820
832
891
105
107
129
199
203
253
306
385
431
434
458
464
508
605
612
680
730
788
814
843
920
954
94
134
138
148
166
207
215
235
248
254
273
282
294
307
378
424
450
482
483
522
655
699
705
737
831
884
889
908
73
100
130
152
233
281
400
436
454
513
550
600
617
657
713
845
859
872
881
190
234
240
333
349
353
356
375
417
439
476
514
535
572
614
676
682
693
696
707
716
773
903
140
146
195
211
321
363
397
503
548
567
597
607
663
687
708
833
883
917
84
128
141
150
175
272
372
427
428
438
519
526
529
560
582
598
608
715
724
728
792
827
851
912
921
168
252
314
336
342
367
422
463
533
547
565
646
685
810
826
890
927
101
117
142
145
180
197
350
359
391
412
446
505
510
521
570
576
637
650
683
701
720
766
807
857
898
899
924
937
98
121
242
297
366
396
403
411
558
659
727
772
799
835
860
81
208
217
221
323
380
383
399
440
497
520
537
588
609
652
731
734
778
847
955
147
171
214
216
524
546
564
647
672
782
783
853
909
940
109
110
161
260
345
528
555
559
709
744
767
822
841
896
906
51
59
86
229
339
355
382
390
395
477
486
496
523
538
556
649
689
743
780
808
811
829
837
838
855
871
933
69
264
276
283
416
527
624
690
747
798
834
870
887
926
929
934
99
162
370
377
408
479
498
610
733
736
771
818
866
873
907
943
55
82
137
313
334
346
507
571
623
746
756
787
876
880
882
905
70
186
275
432
456
481
515
531
591
661
784
802
815
839
854
916
97
185
198
227
357
461
478
494
530
665
669
801
861
865
888
892
900
915
43
213
302
338
618
643
763
768
785
821
23
278
354
426
451
632
793
823
828
868
925
62
102
111
236
268
300
410
443
543
578
662
670
671
759
844
901
918
931
155
192
206
324
421
473
603
619
722
800
813
846
928
945
132
163
219
239
495
615
625
639
717
729
840
953
63
115
125
135
187
249
317
328
409
429
475
544
620
641
704
745
751
806
812
942
54
71
191
413
516
577
675
679
796
911
949
42
58
61
176
194
536
596
712
879
922
201
310
344
480
517
721
804
944
33
52
80
85
181
561
742
188
376
418
437
488
590
809
919
48
53
66
75
419
445
586
678
725
760
805
858
948
752
825
45
425
594
34
885
50
365
779
960
112
371
630
776
65
78
177
658
765
935
966
57
72
360
374
664
748
484
492
587
863
957
958
83
490
913
40
541
584
789
867
19
44
897
930
11
447
534
698
740
775
29
462
688
692
936
976
47
76
468
49
946
956
472
636
755
877
939
420
795
963
20
384
583
10
941
695
878
904
470
30
433
932
64
961
974
74
875
951
979
88
379
22
656
487
710
950
973
25
914
989
952
15
962
46
856
947
980
975
21
972
971
969
14
983
31
12
35
39
0
36
981
987
16
24
978
970
41
965
964
27
977
17
32
37
18
13
959
26
56
988
4
968
8
997
6
9
604
341
393
293
131
133
638
726
735
154
250
509
592
761
842
244
269
489
539
573
595
616
706
204
267
288
298
325
340
352
532
581
629
640
694
697
143
153
196
255
299
644
874
139
158
184
224
261
292
361
593
677
895
120
127
179
258
289
318
329
337
362
552
599
626
631
691
114
136
156
164
173
193
212
230
238
270
330
402
580
666
667
714
819
129
222
245
295
312
368
381
404
405
504
525
589
622
894
89
124
189
228
308
309
407
506
545
585
660
718
754
764
116
170
183
232
273
394
474
500
575
601
606
674
699
732
758
852
90
93
165
169
174
252
253
305
320
388
467
471
491
540
549
569
574
602
613
621
684
749
762
786
797
850
869
118
126
151
210
226
231
246
257
259
262
274
290
319
347
348
387
414
444
448
453
457
512
568
642
648
655
719
769
100
104
178
182
202
205
279
296
397
401
441
458
465
518
562
563
579
611
635
653
700
707
723
730
790
836
862
891
903
954
60
91
92
103
106
119
209
215
220
237
241
256
266
280
286
291
316
327
331
431
466
476
519
533
553
557
605
628
637
651
711
739
753
757
781
160
167
200
225
243
271
287
304
306
307
332
369
430
454
459
485
502
550
551
566
576
686
738
791
799
849
864
883
886
148
159
199
218
285
311
315
321
322
326
343
358
460
477
482
542
548
560
565
588
600
645
654
673
702
724
777
794
816
831
845
860
889
938
38
67
117
149
171
180
203
251
254
265
284
294
303
351
424
435
442
464
493
499
511
607
663
680
716
728
803
830
833
848
881
73
81
96
122
123
138
211
223
234
235
240
247
282
297
333
342
364
389
438
469
505
582
597
627
676
681
705
713
859
893
910
79
108
113
207
248
263
349
363
398
449
501
522
524
529
537
546
612
634
659
668
682
683
701
727
733
750
774
778
788
146
172
366
373
386
392
399
406
415
422
439
455
503
526
554
572
703
736
770
824
843
906
908
923
937
77
94
105
141
145
152
166
217
281
314
432
514
521
528
555
609
614
617
633
646
649
687
693
715
720
747
766
773
782
792
817
820
902
912
140
150
195
272
335
339
345
370
378
385
400
417
427
452
558
567
570
598
608
696
741
745
807
827
851
853
896
82
84
95
101
110
121
128
144
277
434
483
657
798
838
841
854
861
898
69
99
130
134
233
242
283
336
350
356
375
488
510
564
577
661
690
734
737
744
787
822
826
835
899
909
917
921
109
162
168
208
214
229
275
276
278
301
302
334
353
367
411
428
508
535
538
639
685
708
756
814
829
870
887
97
98
142
161
213
219
264
383
408
412
429
436
481
496
497
507
527
556
559
625
783
821
832
847
857
884
905
929
933
945
59
107
216
221
346
372
391
423
513
520
530
531
578
643
679
771
780
801
810
892
925
927
68
87
115
157
190
191
227
463
478
479
615
717
763
768
811
871
873
882
916
924
955
132
176
197
313
338
416
450
515
547
743
802
804
823
839
840
866
872
55
70
137
147
198
260
355
395
403
446
516
536
620
647
650
652
665
672
709
729
759
818
876
926
943
48
102
175
192
310
323
324
359
382
443
473
571
591
596
618
623
662
670
689
767
784
800
834
837
890
911
920
934
953
51
58
62
66
188
357
380
390
451
544
561
678
846
900
918
935
23
86
249
413
486
603
610
624
731
808
907
163
186
187
344
495
619
632
746
793
815
888
940
949
42
61
185
268
300
328
426
456
498
523
704
722
772
813
844
111
201
206
239
421
440
447
475
671
692
725
901
915
181
377
410
418
492
590
594
742
751
855
865
868
919
43
53
155
437
543
675
752
785
805
880
958
960
33
194
236
354
384
445
461
494
765
806
931
942
80
396
409
517
586
721
796
928
45
71
135
425
658
698
858
944
125
365
688
885
63
76
177
376
583
712
809
879
922
47
50
54
75
78
480
490
584
587
664
748
760
948
40
641
779
789
825
828
52
57
112
317
374
419
669
740
863
941
34
49
360
630
877
695
867
936
65
484
636
776
812
72
85
904
83
371
951
957
11
433
755
878
930
966
541
963
976
19
29
88
420
534
875
956
472
775
939
20
44
897
470
913
10
15
74
468
487
946
974
656
856
462
710
64
952
961
962
795
932
950
22
30
914
46
379
973
25
972
947
989
979
975
980
971
983
14
21
35
0
969
12
39
31
36
24
987
964
978
981
41
970
16
27
17
977
32
965
37
959
56
18
26
13
4
991
968
9
997
8
988
6
982
984
2
985
992
3
998
993
28
604
341
393
131
133
735
293
761
154
250
539
638
726
204
244
509
532
592
616
694
269
292
352
489
593
595
629
706
842
196
224
325
573
581
139
153
158
179
184
267
288
298
299
361
640
874
120
143
173
230
255
289
599
622
677
697
819
895
127
164
212
337
340
404
405
407
506
605
631
667
691
714
786
156
189
238
245
258
261
270
318
329
362
575
580
589
626
644
660
666
754
790
852
124
129
136
169
319
330
545
552
557
602
606
699
758
89
114
149
193
202
228
474
525
533
548
642
718
723
762
119
160
183
222
252
262
274
295
305
308
309
312
381
402
414
448
467
469
471
500
601
613
655
700
730
753
764
797
883
894
116
118
174
226
232
246
273
290
297
368
387
388
444
504
512
540
549
574
585
654
674
749
850
81
151
165
170
178
199
200
205
215
218
231
237
253
287
296
394
401
453
458
465
466
485
491
511
568
569
611
621
635
648
707
711
719
739
886
954
93
148
182
209
210
241
256
257
259
279
320
327
348
364
430
454
457
628
645
684
686
732
769
781
845
869
891
903
90
91
92
106
126
159
167
172
266
280
286
304
347
460
482
502
518
519
542
550
553
562
728
738
750
766
777
791
794
816
862
864
893
100
104
105
138
141
225
243
271
291
306
307
316
343
358
397
431
441
476
503
537
551
563
565
579
582
600
659
703
724
756
757
778
803
831
836
60
73
103
134
171
180
220
240
251
284
315
321
326
332
369
385
435
459
464
526
554
560
566
588
651
653
663
773
830
860
910
938
38
79
113
122
166
203
424
477
522
529
555
576
614
627
673
676
680
693
701
702
713
774
799
827
859
117
123
146
223
233
282
285
303
311
331
342
351
432
438
455
493
501
524
634
637
657
668
682
683
685
733
744
788
792
817
833
849
906
94
96
109
110
144
145
207
248
254
263
281
294
314
322
345
349
363
386
400
496
528
546
572
597
607
617
716
745
848
881
889
908
152
211
350
415
442
449
483
520
649
681
715
736
741
747
820
822
824
835
841
853
870
902
69
101
108
130
132
217
235
247
265
272
283
333
353
366
392
398
399
406
499
521
535
570
612
661
687
705
727
770
798
811
838
843
873
917
921
937
77
99
128
147
227
234
276
356
367
372
373
375
403
427
439
505
514
515
527
564
598
646
690
734
782
829
832
861
67
84
97
107
121
140
214
229
334
335
370
383
389
422
429
434
538
558
567
578
618
633
720
746
763
771
814
834
854
896
899
912
923
95
98
115
150
190
310
417
428
463
488
507
510
531
596
652
696
737
802
821
826
847
857
887
909
929
87
137
142
162
168
213
219
277
278
301
302
395
408
411
452
481
513
556
559
609
639
768
780
787
851
882
898
934
82
102
195
208
216
221
242
264
336
339
378
436
450
516
615
625
632
643
650
679
743
783
807
823
871
884
175
260
275
346
497
508
577
608
662
665
692
784
801
805
810
813
901
905
927
933
945
62
68
157
197
338
382
423
495
523
530
536
623
689
708
729
759
767
785
865
48
59
161
176
188
412
437
675
709
804
837
839
840
872
916
924
925
935
55
192
323
355
390
416
418
443
446
451
478
479
547
670
722
866
911
920
926
66
70
125
191
473
544
620
647
658
678
800
846
888
890
892
919
943
953
23
51
58
163
198
313
391
413
486
492
498
571
717
731
808
880
955
155
186
357
359
377
447
517
591
603
671
672
742
751
752
793
818
844
918
181
249
268
300
324
561
594
610
688
772
868
900
907
86
187
194
236
239
354
380
384
426
440
445
456
543
584
624
704
796
806
809
815
876
940
949
960
111
185
344
583
619
698
725
931
61
76
206
421
765
915
958
42
201
328
365
410
53
80
396
475
740
779
828
885
75
409
480
494
641
712
855
944
34
135
177
461
586
755
858
43
54
63
376
590
748
760
879
904
928
33
50
57
490
630
664
721
922
948
112
425
789
825
941
942
40
45
65
317
360
669
47
78
85
776
52
71
419
484
587
878
374
420
433
534
541
695
863
951
957
49
636
83
462
936
487
877
472
812
867
913
856
371
775
976
29
72
956
88
468
963
20
64
11
930
19
470
932
974
10
875
74
710
795
15
656
952
914
939
44
966
897
946
961
25
962
22
379
950
973
30
947
46
983
14
35
979
972
975
989
971
39
980
21
0
969
981
987
12
36
24
41
977
31
964
17
978
16
970
27
37
32
959
56
965
18
26
4
13
997
984
968
988
9
991
6
8
982
985
2
28
992
998
3
993
994
604
638
158
341
154
548
581
153
224
509
129
250
735
292
273
592
819
244
726
595
204
269
131
298
616
270
293
575
622
299
325
393
677
706
245
329
588
288
387
545
81
629
611
874
127
730
700
133
506
252
319
404
500
532
565
699
860
253
621
631
667
290
546
593
655
179
580
585
156
340
397
537
589
533
557
694
786
321
602
674
732
852
477
895
174
165
768
196
474
660
745
637
666
842
352
488
503
542
573
605
606
711
184
267
539
640
739
761
489
799
257
504
512
644
691
869
237
368
407
552
648
697
117
259
448
467
723
550
756
903
305
308
429
707
836
891
189
318
599
164
169
574
626
714
576
600
82
218
295
577
183
511
769
256
883
143
289
683
145
226
459
553
173
231
458
693
754
304
471
896
199
280
797
287
297
361
491
569
764
773
100
350
555
718
348
566
790
886
327
663
719
105
358
792
822
478
643
762
248
388
613
753
178
200
160
330
255
736
444
845
414
431
639
139
180
684
476
524
618
733
833
106
261
291
831
148
296
405
464
582
747
110
701
136
212
230
787
119
202
228
241
258
654
115
116
124
207
217
439
193
320
339
460
910
118
454
572
114
210
262
518
579
801
424
838
657
92
171
642
659
121
568
702
465
738
750
215
362
728
889
48
93
227
430
563
954
505
945
502
627
649
282
381
578
703
238
266
334
777
366
686
778
203
209
402
485
679
749
306
525
522
89
607
628
781
53
597
827
408
191
312
625
149
240
438
782
243
521
846
307
337
246
286
364
859
69
91
182
516
558
79
223
367
144
530
538
645
73
90
678
759
220
384
850
549
466
535
205
453
857
601
536
807
336
347
370
906
151
167
722
132
162
823
152
394
556
870
911
314
232
279
401
676
94
526
141
688
385
514
66
894
560
214
892
363
635
609
233
687
222
682
99
302
690
109
369
771
830
345
432
234
899
272
343
383
763
251
840
917
716
598
386
554
211
519
70
938
399
696
481
788
658
501
653
38
274
705
692
315
520
826
216
342
551
531
646
661
724
839
564
103
101
146
528
800
905
159
617
161
934
195
861
147
441
284
614
322
303
326
727
428
249
235
829
909
937
134
742
283
713
126
316
912
97
929
854
633
96
529
483
403
752
213
570
221
960
281
172
717
871
844
632
482
720
435
898
449
794
665
102
120
285
496
499
60
935
758
400
229
734
108
393
604
341
539
133
293
595
120
138
154
735
761
532
540
179
244
352
361
592
593
640
706
131
143
204
267
269
489
509
573
697
726
842
196
250
258
261
288
299
309
405
457
616
629
638
694
212
292
337
340
362
469
581
599
631
644
667
677
714
786
124
139
153
170
173
230
255
289
325
404
562
602
626
766
791
819
862
864
874
895
184
224
238
245
274
298
318
331
402
413
471
552
580
605
666
691
850
852
58
89
156
228
308
329
455
506
525
568
589
606
651
680
699
758
790
104
158
169
232
271
474
519
574
575
622
674
757
816
883
136
164
193
202
205
222
225
273
295
305
312
327
330
351
401
407
442
444
467
493
500
504
545
585
655
660
673
723
724
749
754
853
116
127
149
183
189
209
215
226
252
270
316
319
381
387
414
435
465
466
482
485
533
549
557
621
642
645
684
686
718
781
894
103
122
129
148
151
165
174
182
199
200
231
257
259
262
290
294
332
345
347
388
394
448
453
518
537
560
563
576
579
600
601
613
617
634
635
654
681
707
711
762
803
804
817
831
849
881
886
908
954
92
93
100
114
118
123
126
167
210
241
253
254
263
276
287
297
315
320
348
349
369
372
430
441
454
460
476
507
512
526
529
548
551
569
582
611
653
715
719
728
737
753
769
774
777
794
797
835
893
903
128
159
178
220
237
240
246
251
256
279
284
291
311
333
342
358
364
398
406
415
431
438
458
464
491
502
553
607
648
668
676
685
700
703
738
741
744
764
778
811
869
902
90
113
119
141
160
166
172
218
280
296
306
307
343
368
397
432
477
496
503
612
663
713
730
732
798
799
802
830
884
891
938
60
265
266
304
310
375
378
385
392
422
424
434
501
510
524
528
550
554
565
572
597
614
628
659
739
745
750
756
820
824
841
843
845
848
882
910
73
98
223
243
247
282
286
303
321
353
356
363
417
427
452
459
463
511
521
527
547
555
566
567
588
646
683
716
773
788
827
832
854
921
937
81
96
106
140
144
150
168
171
180
235
248
260
285
322
326
412
513
515
542
546
559
608
637
682
693
702
727
733
770
780
833
834
836
847
851
859
887
889
906
923
38
105
134
145
146
175
192
208
211
264
373
389
411
483
505
544
625
649
652
701
705
747
783
792
813
814
860
933
77
79
91
101
107
130
137
142
152
176
203
219
233
234
275
278
281
301
314
338
386
395
403
429
449
488
497
499
570
598
615
661
708
736
746
837
873
94
99
109
188
277
323
335
346
350
366
383
416
423
436
535
558
620
627
643
657
670
720
729
784
810
821
829
870
67
69
95
117
121
190
207
227
359
367
391
399
400
418
439
443
479
481
486
495
520
523
530
538
556
609
618
633
672
687
690
771
807
822
861
866
872
909
84
87
97
132
217
272
283
302
354
382
408
437
446
450
514
564
577
578
591
603
692
696
709
743
763
826
838
888
896
899
912
917
925
927
59
115
197
214
242
334
428
440
478
492
508
522
571
767
782
805
823
880
898
924
163
177
186
195
198
213
300
324
336
339
370
531
561
596
610
623
624
639
689
698
801
818
840
857
900
901
919
23
68
157
216
355
357
447
584
586
650
662
665
671
734
751
772
785
789
793
808
871
920
926
125
155
162
221
239
313
328
344
377
380
426
451
456
473
475
516
536
583
632
679
704
725
787
806
892
916
929
953
955
76
82
110
147
185
268
390
421
494
619
647
717
731
809
876
905
62
86
191
194
229
365
384
425
594
765
768
800
839
844
865
918
934
943
51
102
161
187
410
445
480
498
517
587
590
678
688
722
815
868
890
911
945
55
70
111
181
461
543
675
740
759
907
928
940
949
61
75
201
396
462
664
915
71
80
360
376
630
641
712
742
748
752
796
935
958
48
63
135
236
317
409
534
669
760
885
931
43
66
206
484
658
855
944
948
33
50
249
541
825
42
57
420
490
775
776
779
812
846
879
922
941
960
472
487
636
721
863
468
53
65
419
755
828
858
877
913
45
371
374
875
878
942
34
54
78
83
656
695
867
47
85
112
433
49
856
936
957
951
40
897
52
939
956
904
710
930
932
64
379
976
20
470
795
963
11
72
88
29
74
15
950
914
947
966
10
952
962
973
19
44
946
961
983
14
22
46
974
25
30
35
21
972
36
971
989
31
980
39
24
41
975
979
12
977
969
978
0
964
17
37
987
16
18
970
981
27
32
56
26
965
13
959
9
982
968
4
997
6
985
3
8
988
2
984
991
992
28
998
994
993
999
393
120
341
539
595
154
133
179
293
592
735
604
212
244
269
352
361
267
299
640
143
706
204
250
309
532
573
677
697
842
124
153
196
261
568
581
638
874
158
245
258
288
318
340
405
599
667
786
852
883
895
224
255
691
761
850
174
308
509
580
644
714
726
819
131
273
289
362
593
602
694
699
89
238
552
606
616
631
666
758
298
474
562
754
93
173
270
327
329
402
519
585
626
655
862
954
252
290
325
471
853
129
139
165
215
228
292
305
351
444
629
903
226
388
457
489
589
605
831
156
169
184
295
337
404
526
545
621
651
674
707
711
724
749
794
816
891
116
138
170
230
232
241
274
279
284
330
467
469
506
533
540
560
766
790
100
136
148
193
200
254
315
381
453
482
500
525
635
894
182
183
199
205
231
294
312
316
348
414
575
622
686
718
757
778
781
799
864
869
159
167
262
271
319
345
347
435
518
557
574
582
660
738
886
60
122
222
257
307
320
387
394
407
504
601
680
700
728
769
849
104
149
151
164
189
237
240
253
259
342
349
364
397
401
431
476
485
549
563
579
588
663
676
719
723
732
797
893
937
103
127
251
256
321
333
369
465
477
491
572
576
613
617
684
881
38
172
178
209
225
265
280
297
331
368
438
529
611
614
645
753
791
830
836
841
843
860
90
92
114
202
210
287
304
634
637
733
739
108
223
246
332
464
553
569
597
600
642
683
764
777
845
889
938
118
119
276
343
430
454
458
459
653
703
792
803
854
902
908
73
126
166
171
235
363
432
448
460
565
607
702
713
727
745
756
884
218
234
306
424
466
502
503
548
551
648
654
715
762
820
887
910
117
141
146
266
282
285
291
512
550
646
649
827
896
160
220
243
263
296
322
358
442
555
673
716
730
737
747
774
798
817
851
859
861
145
211
247
248
303
326
370
441
493
501
505
521
524
537
542
659
788
921
96
99
113
123
128
180
366
392
398
406
417
496
528
685
687
734
741
773
848
906
909
917
152
213
260
281
483
499
612
628
668
681
682
701
750
822
829
833
188
283
422
449
511
515
546
705
744
770
801
835
838
873
69
91
98
101
106
286
314
334
429
452
598
693
736
783
807
870
923
81
95
105
195
278
386
400
415
566
577
720
802
871
77
79
140
203
301
339
378
399
527
558
620
633
661
679
824
847
898
899
912
208
233
373
412
455
507
514
530
615
643
826
882
94
115
121
150
217
229
272
408
439
488
531
554
567
625
696
780
814
823
840
866
82
137
142
168
191
242
264
311
353
356
383
478
510
771
892
905
84
97
175
227
385
389
434
481
538
559
570
627
639
821
834
872
888
134
190
216
219
277
302
310
372
375
427
513
564
608
670
690
782
787
804
857
945
144
162
275
335
336
350
411
463
708
717
729
927
67
130
198
207
357
391
522
578
609
618
725
763
768
839
916
919
929
59
132
176
214
344
346
418
479
520
535
544
672
784
811
818
832
925
109
221
324
338
516
547
665
746
107
313
416
556
933
23
68
186
192
197
395
536
709
759
810
844
70
110
300
495
508
808
837
900
911
926
958
58
359
423
497
632
692
955
51
102
161
367
380
486
603
657
742
805
815
918
943
87
323
443
561
652
800
880
934
935
157
163
201
384
428
450
451
492
591
662
678
743
806
953
62
66
187
413
436
473
596
623
813
901
924
48
53
437
446
447
610
619
722
767
772
949
249
355
382
571
650
688
704
793
960
55
185
403
587
751
752
809
920
181
354
583
624
671
111
147
425
426
523
698
785
846
876
907
155
239
410
456
647
940
865
915
928
948
543
594
689
765
941
47
50
475
890
177
268
328
445
590
76
80
194
409
498
675
748
796
868
936
71
86
206
584
885
494
879
421
517
731
855
931
42
61
377
586
45
365
944
43
236
480
740
825
125
376
461
721
789
867
922
33
75
317
658
63
440
664
779
390
712
78
374
40
135
484
877
942
951
34
396
419
828
863
957
54
490
669
858
956
656
695
760
775
856
57
371
875
878
976
636
49
641
52
360
950
812
939
630
963
776
930
487
990
65
112
534
83
897
7
72
962
11
88
420
85
433
966
462
904
470
755
15
472
541
64
932
952
20
19
914
913
29
946
947
967
972
974
44
10
961
468
74
46
983
379
710
795
973
971
22
25
969
35
980
30
12
964
39
14
978
979
21
986
975
36
31
17
0
987
989
24
393
604
133
532
595
120
293
154
489
539
593
706
735
352
573
592
640
726
761
131
341
361
405
509
602
697
267
292
337
340
401
457
599
616
629
631
638
694
714
842
143
196
204
212
244
269
288
362
404
506
605
667
758
819
124
153
179
184
224
230
250
258
261
299
308
325
469
471
537
574
581
666
677
89
139
156
173
402
525
580
606
622
644
674
754
786
790
850
895
232
289
298
309
329
387
407
435
460
496
500
504
529
533
552
557
568
575
589
655
862
864
874
138
149
158
164
202
245
255
262
274
305
318
448
465
466
560
562
617
621
626
635
660
686
691
718
723
766
136
169
193
205
209
238
271
295
345
358
441
474
485
493
512
545
548
576
611
613
654
699
724
749
116
127
148
167
170
215
228
259
273
287
319
327
444
467
482
491
507
540
553
585
600
642
645
684
769
778
781
816
852
853
883
886
92
119
151
174
182
183
189
200
210
225
226
231
253
291
316
330
342
348
381
414
431
432
438
454
464
476
501
526
563
569
579
582
601
651
653
676
707
753
762
791
794
797
129
165
222
240
252
297
312
351
372
385
388
394
430
453
455
458
502
503
518
519
549
554
607
703
711
719
728
730
750
777
817
831
869
894
954
103
144
160
199
237
256
257
284
290
294
296
331
343
347
397
400
511
528
551
566
634
659
663
681
715
734
756
830
891
893
908
105
106
114
118
122
126
128
141
172
178
241
251
266
286
306
315
320
321
326
349
375
403
406
415
424
434
477
510
521
524
546
547
550
565
648
668
673
685
700
701
713
739
745
757
799
833
848
854
859
903
60
81
96
100
123
134
159
166
218
220
246
270
280
303
304
311
367
369
392
398
542
555
572
588
597
628
646
683
732
738
741
747
764
773
774
835
889
910
73
93
98
113
243
248
263
279
285
307
332
333
364
368
378
383
440
442
459
463
488
520
535
556
612
614
625
661
737
792
802
845
902
937
938
90
142
145
146
171
180
203
223
233
282
322
338
395
412
429
449
452
481
483
513
609
657
680
687
693
705
716
827
829
832
849
861
906
101
104
108
109
132
152
350
356
363
386
411
417
428
439
499
505
558
570
586
598
637
649
682
702
727
733
744
780
784
788
798
803
814
820
822
836
870
873
881
38
79
91
121
207
211
214
235
254
260
276
310
314
427
437
527
530
538
559
571
608
690
746
770
771
783
810
813
834
841
847
851
884
887
909
94
219
227
234
247
264
281
323
346
354
366
373
389
408
422
423
436
515
523
567
578
618
627
632
643
692
708
720
736
805
843
860
898
921
97
117
130
175
229
265
302
336
353
391
416
418
446
478
479
495
531
564
591
665
672
763
804
807
823
866
899
912
69
77
99
107
115
140
168
213
272
275
301
335
382
399
443
486
514
522
536
603
620
633
696
743
782
789
811
824
826
837
838
137
150
208
217
239
283
300
334
359
456
494
577
624
639
709
840
871
872
880
882
900
917
923
929
933
67
110
157
186
188
277
339
377
413
492
497
615
623
650
652
729
767
793
888
919
925
935
59
87
125
155
162
185
195
198
216
221
278
355
390
421
426
447
450
462
473
475
508
596
610
689
722
768
801
844
857
892
896
920
924
927
934
23
95
102
147
163
190
192
242
313
370
380
384
516
583
670
679
698
717
751
772
787
800
818
821
901
905
926
68
84
161
197
324
357
365
425
561
587
647
671
678
704
765
806
911
955
176
268
344
480
498
517
543
544
619
725
731
785
808
809
839
876
890
916
82
86
191
194
360
396
445
451
590
662
669
688
742
945
62
70
75
236
594
630
759
865
868
918
928
940
943
48
76
181
317
376
410
468
534
584
641
658
664
740
748
776
815
846
907
55
58
111
177
461
484
541
760
885
944
949
51
80
135
472
752
812
855
915
61
66
187
796
953
33
43
53
71
206
249
328
409
420
487
675
825
913
50
63
65
775
779
863
922
931
941
960
57
712
858
948
42
201
419
721
958
34
112
490
828
877
879
83
636
656
867
878
49
54
85
755
45
695
710
856
875
371
374
433
78
795
942
904
957
52
64
897
40
47
379
936
951
470
939
956
963
20
72
29
932
11
74
88
976
930
10
15
947
950
962
952
973
914
14
19
44
961
22
946
966
983
974
30
46
25
35
21
989
41
971
36
972
980
31
39
975
977
979
24
12
0
981
969
978
37
964
16
17
987
970
27
18
32
56
26
959
965
13
968
982
9
4
997
985
6
8
988
3
2
984
991
28
992
994
998
993
999
604
638
509
616
726
131
292
325
629
250
341
404
581
293
393
512
532
548
593
622
735
506
694
761
153
158
224
298
575
631
819
127
133
489
545
592
595
706
730
204
244
288
156
169
269
329
340
589
674
677
700
842
81
129
154
184
270
299
467
500
565
573
600
611
644
648
667
273
319
387
407
504
537
569
576
602
626
640
218
252
253
352
448
550
684
697
723
762
874
114
164
173
245
368
477
525
539
546
557
574
605
660
714
739
786
139
143
196
228
257
291
337
362
397
580
637
642
666
691
699
732
764
790
860
118
126
160
179
180
183
193
202
230
289
330
458
460
466
471
476
488
511
533
553
628
655
707
852
895
136
220
258
259
262
267
287
465
502
503
524
579
599
607
613
621
747
769
773
781
797
799
910
189
199
205
210
232
261
274
297
305
320
361
474
478
491
542
552
566
577
585
588
606
681
718
736
745
750
777
869
222
255
280
290
295
296
358
402
435
454
563
654
659
663
703
724
749
753
886
894
896
100
124
149
178
237
243
286
303
306
312
318
405
414
429
442
551
643
645
683
693
713
719
754
845
906
90
105
106
116
165
207
238
256
304
321
350
424
431
441
505
518
519
521
549
617
657
702
716
728
758
836
864
891
903
938
203
209
212
226
266
308
327
331
345
347
348
381
389
394
399
400
444
469
485
496
540
554
555
625
639
673
738
756
792
802
826
833
883
79
89
103
134
144
145
151
174
217
225
231
246
248
282
285
369
385
401
403
427
430
449
457
482
535
582
597
598
609
618
646
701
778
788
791
854
82
94
119
148
152
170
182
200
241
367
453
455
464
493
499
558
560
578
627
635
653
668
682
685
686
696
705
711
782
831
889
937
92
108
109
115
141
159
215
240
316
342
366
388
439
459
507
528
529
556
568
601
649
720
757
787
817
822
862
954
117
120
132
171
172
227
229
233
235
281
302
311
343
363
364
408
422
432
436
438
483
526
538
733
734
768
801
807
827
829
830
850
859
91
99
104
121
138
167
251
272
307
314
336
339
378
415
481
497
501
514
530
547
570
572
608
633
676
766
794
823
847
870
899
908
60
69
73
93
101
128
211
214
223
315
326
398
516
564
612
651
687
690
692
715
717
727
813
832
834
905
96
146
150
176
332
406
522
561
567
614
661
744
759
771
774
800
824
838
840
853
857
861
924
48
97
162
234
323
356
372
386
428
510
615
688
763
803
848
849
923
933
130
147
168
191
208
216
219
221
264
271
275
279
322
333
383
412
417
434
463
536
562
737
798
816
892
909
921
945
110
123
161
177
263
309
324
370
382
391
413
416
443
452
513
527
559
603
652
680
708
780
784
804
810
835
871
881
898
902
912
917
67
113
137
249
254
283
284
310
334
338
346
384
390
411
440
520
531
583
634
662
672
675
678
679
742
765
770
837
839
893
38
70
77
86
107
140
242
294
353
373
375
450
456
515
517
591
594
630
665
670
689
698
729
731
743
751
767
783
811
818
821
911
925
929
934
87
122
142
190
277
278
349
392
426
446
447
508
586
610
650
658
740
741
752
785
882
888
927
935
155
166
188
195
197
395
423
475
492
624
671
808
820
844
851
866
901
916
213
354
451
479
584
620
704
722
841
843
887
900
919
953
960
53
66
76
98
102
187
192
247
351
486
495
544
571
590
647
664
712
746
789
793
873
58
163
194
268
276
328
335
365
377
421
437
523
619
632
636
805
814
815
865
872
880
62
111
185
186
265
301
344
380
473
596
709
748
806
846
918
59
80
135
300
410
445
494
587
775
868
42
43
61
181
239
355
376
418
419
425
490
498
669
776
809
884
955
84
175
260
357
360
461
534
623
926
943
57
75
95
125
359
725
760
779
876
942
78
236
374
409
480
541
825
885
890
920
63
157
198
472
487
641
721
855
875
907
949
23
55
710
951
33
51
796
858
863
68
201
313
371
462
468
772
71
206
484
656
928
936
939
940
958
47
65
913
931
948
543
828
879
915
944
40
49
112
396
695
867
50
420
755
45
470
52
54
317
922
941
34
433
877
878
856
904
957
897
83
812
15
85
11
20
72
795
932
952
64
950
88
930
29
947
956
379
914
974
19
10
962
963
966
35
976
30
36
946
983
22
46
74
972
14
973
971
21
25
961
39
44
989
12
31
969
17
24
41
978
977
975
987
18
964
980
979
0
37
16
27
32
970
981
56
959
9
26
13
982
965
968
4
997
6
985
3
8
988
984
2
28
991
998
992
994
993
999
604
638
509
341
726
131
250
616
735
153
158
293
298
325
629
224
292
581
244
129
269
622
270
288
127
548
592
819
133
154
204
299
329
368
393
706
545
273
489
575
644
677
694
761
156
253
340
404
593
631
732
532
626
730
500
842
595
611
637
674
860
184
512
565
589
764
114
245
397
506
569
573
648
697
81
252
257
504
580
700
196
267
319
467
640
666
874
477
552
660
684
691
895
164
169
330
352
387
550
585
588
259
448
546
179
228
290
577
621
667
699
852
139
183
193
295
407
539
576
869
136
189
320
525
542
723
762
836
118
143
173
218
258
474
488
524
574
579
599
714
896
82
220
255
261
289
458
471
553
566
600
739
769
797
799
894
100
117
165
180
222
291
318
537
655
736
786
90
217
286
312
628
642
903
210
321
381
491
663
910
160
178
230
296
305
337
394
503
606
702
707
719
126
207
237
280
287
308
362
402
459
476
502
505
563
613
718
202
304
361
518
533
549
607
693
711
781
787
116
226
256
347
414
466
557
891
238
262
388
511
627
683
773
845
906
106
174
232
339
350
478
602
639
753
199
209
231
243
306
348
389
429
431
551
682
738
745
754
826
886
241
248
358
399
444
454
465
643
716
749
777
790
833
282
327
331
424
747
889
93
103
108
235
246
366
430
441
499
609
696
768
782
788
79
145
442
453
792
121
182
203
266
439
460
601
605
625
659
720
91
124
151
205
211
234
274
363
369
521
522
801
807
938
94
200
212
405
464
713
831
105
171
297
422
558
633
191
285
307
336
449
497
514
519
653
705
727
733
750
883
92
159
657
673
681
701
717
89
104
272
555
572
649
728
923
954
170
223
408
597
646
838
945
60
69
152
302
303
427
516
578
703
759
791
849
892
148
215
281
332
540
568
582
598
857
115
149
150
311
485
608
618
654
679
724
48
249
315
316
530
538
645
758
99
161
251
370
561
756
757
839
67
162
195
343
564
567
570
800
824
850
73
221
686
822
227
364
435
937
70
214
216
229
233
322
326
535
536
554
556
829
854
870
905
96
110
225
314
690
840
859
899
912
119
176
240
438
560
827
101
167
279
334
385
635
676
830
141
367
436
482
528
678
864
942
66
275
398
400
455
481
615
651
168
403
668
881
933
147
342
345
617
778
144
177
378
401
38
53
146
386
680
734
763
924
97
109
172
278
612
715
803
911
134
140
328
415
443
752
821
847
208
254
493
953
86
130
242
324
662
687
823
861
219
457
501
898
908
120
123
428
483
661
771
798
862
871
909
917
283
294
452
527
559
688
774
77
78
333
652
708
770
802
832
929
960
42
187
265
277
731
818
284
416
526
594
614
383
675
128
132
213
271
384
837
846
412
432
544
591
742
921
247
264
346
417
925
373
391
413
451
490
804
808
916
356
496
507
508
529
263
531
685
692
794
848
670
744
882
102
107
447
671
783
817
934
935
61
111
197
473
584
647
658
47
137
323
374
636
672
815
590
737
43
87
122
190
450
138
434
309
382
390
469
665
766
843
58
84
113
192
344
698
902
335
510
634
767
888
900
349
353
406
411
475
517
603
619
740
743
751
927
268
729
868
943
689
765
918
936
520
712
722
835
76
816
844
310
562
813
392
492
583
820
834
851
163
188
201
375
479
95
547
624
664
780
181
456
610
57
62
423
426
926
446
721
951
955
40
338
372
276
620
142
939
463
495
135
155
515
811
887
650
810
958
33
80
380
704
901
949
194
419
630
785
409
779
410
875
853
793
301
513
784
841
185
365
186
866
498
596
872
55
748
51
355
445
486
825
865
63
461
893
421
741
59
357
890
760
806
198
376
425
709
858
206
377
45
855
876
948
52
371
98
166
395
919
907
300
440
885
239
571
623
725
75
236
71
952
15
632
586
863
972
814
23
494
487
68
49
695
54
470
710
873
920
351
746
789
354
884
587
480
974
776
940
112
931
437
656
175
669
523
796
809
313
359
157
928
828
433
879
19
393
604
595
133
532
120
489
761
293
539
593
706
735
131
154
457
573
697
726
352
361
401
405
592
602
629
640
842
337
340
341
362
506
509
605
616
631
694
714
758
212
230
267
288
292
404
469
471
599
638
819
124
143
173
184
196
204
244
258
261
269
309
325
402
525
574
667
786
790
89
139
179
224
250
274
289
299
308
460
496
537
606
617
644
666
677
754
850
862
864
874
153
156
202
232
298
493
504
529
557
562
568
580
581
622
654
766
895
138
149
164
238
245
255
318
329
387
435
441
448
466
485
500
533
552
575
589
613
626
674
686
691
699
718
723
724
749
136
169
193
205
209
262
271
305
407
507
512
548
560
621
635
655
660
762
781
127
158
167
170
215
228
287
295
327
345
358
438
444
465
482
540
545
576
600
611
642
645
684
778
816
817
852
883
886
116
119
148
151
183
189
225
259
316
319
351
372
381
385
467
474
491
553
554
585
653
750
769
777
791
794
853
92
103
126
144
182
199
200
210
222
226
231
240
253
256
273
291
297
312
330
342
343
348
394
430
453
454
464
476
501
503
547
549
569
582
601
634
651
676
703
719
728
730
753
797
869
893
894
908
106
128
160
165
166
174
252
266
294
296
326
331
388
403
414
431
432
434
455
458
502
510
511
518
519
526
528
563
566
579
607
648
663
681
707
711
734
774
830
831
854
954
114
118
123
129
220
237
246
251
257
280
284
286
290
303
306
311
315
320
347
369
375
400
406
415
424
463
477
535
550
551
628
659
668
673
685
701
713
715
739
741
747
756
757
773
802
833
848
859
891
902
81
96
105
113
134
141
159
172
178
218
241
279
304
321
349
367
378
392
397
398
513
521
524
546
565
646
657
700
737
745
764
835
903
910
938
60
98
100
109
122
142
233
243
263
270
285
333
364
440
452
542
555
556
597
614
625
661
683
693
732
738
744
803
813
827
832
73
146
180
203
248
260
282
307
322
332
338
368
383
395
411
412
442
459
483
488
520
572
588
609
687
705
780
784
792
799
814
829
834
845
889
906
937
90
93
108
132
145
152
171
223
350
356
363
417
427
428
429
439
449
481
499
505
570
586
612
618
680
702
716
746
788
798
805
820
849
861
884
101
104
175
207
214
227
235
254
310
314
323
353
354
386
418
422
423
515
527
530
538
558
559
571
598
608
643
649
682
690
727
733
770
771
783
810
822
836
851
870
873
880
881
38
91
94
121
211
229
264
276
281
346
389
416
437
523
627
632
637
665
692
708
720
736
763
789
841
847
887
898
909
921
79
130
234
247
272
301
302
336
366
373
408
436
446
479
486
567
578
591
672
696
807
824
837
843
860
866
899
912
77
97
99
107
115
140
219
265
275
283
335
359
391
456
462
495
531
564
603
624
633
804
811
826
917
117
125
137
168
239
300
377
382
399
443
478
494
514
522
536
689
709
729
743
782
823
838
872
923
933
67
69
87
150
190
208
213
217
277
334
355
413
421
450
497
577
620
623
639
650
671
767
772
793
840
871
882
888
900
920
924
929
59
110
147
155
157
163
185
186
610
615
652
722
751
844
857
919
925
927
935
188
197
198
216
221
278
339
384
390
426
447
473
475
492
508
583
596
698
765
768
785
800
818
821
892
896
926
934
95
162
192
195
242
268
313
357
360
365
380
425
516
587
619
670
678
704
717
731
787
801
806
809
901
955
23
68
84
102
324
370
396
480
498
517
561
630
647
679
688
808
890
905
916
86
161
176
194
445
468
534
544
590
664
725
839
876
911
344
451
541
543
641
669
740
742
776
865
928
940
62
75
82
191
236
317
376
410
461
484
594
658
662
748
760
812
868
913
918
943
944
58
70
76
181
420
752
759
815
885
907
915
945
48
55
80
111
135
177
187
472
584
775
846
855
949
51
61
65
953
71
487
675
712
755
796
931
33
43
50
63
66
206
249
328
409
779
825
960
53
863
877
922
941
57
828
858
42
112
419
878
879
948
34
83
85
636
721
958
201
490
656
710
867
875
371
856
49
54
795
45
379
433
695
897
374
942
957
78
904
52
64
470
932
939
951
20
29
40
47
936
956
72
930
963
74
88
11
947
976
10
15
914
950
973
952
962
14
22
966
946
19
44
983
961
30
46
974
21
25
35
989
971
36
980
31
39
972
977
41
979
24
975
12
0
969
978
981
16
17
37
964
987
18
27
970
56
32
13
26
959
965
968
982
9
997
4
985
6
3
8
988
2
984
991
28
992
998
994
993
999
604
638
509
292
726
532
404
629
131
548
735
489
512
575
593
616
622
288
325
393
153
224
293
298
340
506
537
581
631
706
761
819
133
250
500
244
341
573
576
595
448
589
592
611
674
694
730
127
156
204
329
387
545
565
842
81
158
273
299
467
471
488
504
525
574
600
644
677
697
723
154
169
184
253
269
477
546
580
602
605
640
648
667
684
129
196
291
319
407
460
466
503
553
569
626
714
762
173
245
259
337
397
465
524
533
550
557
621
655
700
732
164
202
230
305
352
368
458
539
579
599
607
625
660
666
699
786
790
139
143
210
218
252
257
261
270
286
287
289
320
330
362
429
435
476
478
496
566
577
588
606
613
642
707
747
764
869
874
114
228
267
295
304
345
358
361
502
552
663
718
745
769
799
852
895
160
179
180
193
199
209
220
232
258
262
308
350
402
403
414
424
441
474
511
563
617
637
681
773
777
781
797
860
910
149
183
274
290
321
401
405
442
454
491
507
535
542
551
554
585
618
628
643
654
659
691
693
736
739
750
886
100
118
124
126
136
189
205
207
256
280
431
505
521
703
713
716
724
749
845
906
105
165
178
222
296
297
306
385
464
485
518
519
555
558
609
657
683
719
753
754
756
758
826
854
864
116
212
226
237
248
266
285
303
312
331
347
348
369
394
430
432
438
444
449
455
457
459
493
528
529
530
578
646
711
720
728
833
850
883
896
103
106
144
151
200
203
231
238
302
318
327
367
381
388
400
408
436
469
482
499
549
556
560
568
582
598
639
645
673
686
696
734
778
788
791
802
831
891
894
903
92
145
148
152
217
255
282
336
342
399
422
427
439
453
540
547
570
653
682
692
701
738
792
836
889
938
89
94
108
117
120
121
182
215
227
233
240
241
243
275
375
383
389
443
481
538
601
627
635
668
676
702
715
766
768
817
829
859
79
90
109
115
128
132
134
167
174
225
251
311
316
343
363
372
378
398
412
501
510
536
597
685
705
782
807
813
827
830
862
119
141
159
170
229
235
364
366
415
497
572
608
633
649
690
771
800
832
870
899
908
937
954
138
211
214
223
234
246
281
307
314
315
326
339
434
440
514
526
561
661
733
757
774
787
801
822
823
892
69
73
82
96
99
101
171
172
272
294
310
323
333
391
416
428
452
475
483
527
559
562
564
567
612
651
688
717
727
737
763
834
838
847
924
177
219
271
384
406
516
586
591
672
687
765
840
853
857
861
912
60
91
146
147
264
309
332
346
382
417
456
463
486
522
603
614
671
678
744
784
789
837
849
97
123
130
161
162
168
221
284
322
338
356
395
413
446
520
583
634
698
794
798
803
804
810
835
839
848
881
888
902
905
909
917
921
923
933
86
93
104
142
150
216
263
334
386
390
411
423
426
473
492
513
615
652
665
708
767
816
824
898
945
110
113
140
191
208
279
324
353
392
447
495
517
531
624
630
679
689
729
731
740
751
780
785
818
871
925
929
48
67
70
107
122
137
155
176
277
373
377
437
571
664
680
752
759
783
821
844
900
911
935
77
195
268
283
344
370
421
450
479
515
584
594
610
619
658
662
722
743
770
882
893
76
163
192
249
254
276
349
354
365
494
544
590
636
675
704
741
742
793
808
887
919
927
38
98
166
185
186
188
190
213
247
278
508
620
632
650
746
811
820
851
901
926
934
87
102
111
197
239
418
425
445
487
490
670
805
841
868
872
880
916
53
175
181
194
242
260
328
355
380
523
647
709
712
814
815
866
953
960
135
187
265
300
301
351
410
451
534
587
669
748
760
776
806
843
846
873
918
955
61
66
335
480
623
884
43
59
75
125
357
360
376
461
472
779
809
865
875
876
57
78
498
541
596
825
885
920
58
80
198
359
374
725
775
942
943
42
62
95
236
409
419
462
468
863
890
23
33
65
84
641
710
855
949
951
63
313
656
55
721
772
907
928
939
948
68
484
543
71
157
371
796
858
913
940
51
201
206
396
695
828
915
936
958
877
49
112
420
470
755
931
944
47
317
50
433
878
941
856
867
40
45
54
879
922
52
812
957
34
897
15
83
795
85
904
932
952
20
64
379
947
29
950
88
930
11
72
956
914
962
10
974
19
30
35
963
966
14
74
36
946
976
22
46
983
972
973
971
21
961
25
39
44
978
12
17
31
989
969
980
24
41
977
18
987
37
964
975
979
0
27
16
32
56
970
981
959
26
13
965
982
9
968
4
997
985
6
3
8
988
984
2
991
28
998
992
993
994
999
604
638
509
341
726
131
250
616
735
298
629
153
292
293
325
158
224
581
622
129
244
288
127
204
269
270
133
299
329
368
393
548
592
340
706
732
819
489
644
694
761
273
545
575
593
677
842
154
156
253
404
626
631
730
500
512
532
637
764
114
184
467
674
700
196
565
569
589
595
611
648
860
397
504
506
573
580
697
81
245
257
684
762
164
252
267
319
552
640
169
295
330
550
588
660
666
691
874
895
259
352
387
477
667
139
228
407
448
525
546
577
585
621
723
869
143
183
193
320
576
836
173
179
189
290
542
699
714
739
852
118
136
218
220
255
286
289
291
488
524
539
579
655
799
894
896
117
222
312
458
553
574
600
769
82
100
165
180
230
258
261
471
474
566
599
628
736
797
90
160
178
207
210
217
414
642
337
459
491
537
663
718
786
903
296
304
318
362
381
394
502
505
606
702
719
910
126
305
308
321
466
503
518
563
613
711
202
237
280
287
361
402
476
549
607
707
781
826
845
116
256
347
389
627
693
745
787
209
226
262
533
551
557
906
106
232
238
306
350
388
399
511
639
696
716
749
753
773
790
891
103
243
331
339
431
478
682
683
738
747
174
348
429
444
454
465
602
777
199
231
241
246
248
282
358
424
430
441
442
453
499
609
643
754
788
833
886
79
93
94
108
235
363
366
625
713
720
768
782
889
203
234
521
601
605
633
91
182
205
266
274
327
439
460
659
792
938
121
145
151
211
212
369
422
522
801
807
159
170
285
514
540
681
883
124
297
405
449
464
519
703
750
831
60
105
171
200
307
336
497
558
653
657
673
705
717
733
892
69
104
191
223
272
302
332
408
427
727
923
67
92
152
89
149
555
572
578
646
701
728
791
954
303
370
570
597
598
608
649
654
800
838
849
150
215
281
311
516
568
759
839
857
945
249
314
485
758
850
99
115
148
161
251
435
582
618
645
724
824
854
48
70
110
195
221
275
315
316
343
364
530
535
538
561
564
567
679
757
162
214
73
859
937
119
227
385
536
554
686
756
827
829
830
96
101
167
225
229
233
279
322
326
556
560
822
870
881
912
216
334
436
528
690
840
899
905
176
443
635
864
942
240
438
778
345
367
398
400
651
676
774
803
141
168
378
455
481
482
615
668
678
715
933
66
147
342
821
924
177
294
333
617
680
140
144
219
403
412
415
493
612
652
734
752
38
53
78
109
134
146
172
278
386
687
763
798
77
86
97
120
130
208
254
328
401
527
662
731
847
911
917
953
242
283
324
452
771
862
247
277
559
457
818
908
123
265
271
428
483
501
661
708
823
832
861
871
909
929
128
132
346
373
416
688
770
802
898
960
42
284
594
675
187
473
507
817
921
391
591
925
432
526
544
383
614
837
111
213
264
384
417
451
496
671
742
804
808
846
413
508
916
375
529
636
672
356
374
744
434
490
685
767
794
848
113
263
268
531
692
737
783
61
102
107
192
197
309
323
447
450
584
590
647
658
670
815
882
888
934
935
43
87
137
190
517
619
765
900
510
634
47
122
392
562
390
469
926
951
138
382
766
902
344
665
820
349
406
411
475
603
698
729
743
751
834
843
918
927
58
84
95
181
276
335
353
689
740
868
943
712
456
835
936
446
664
844
76
650
816
188
520
547
810
163
310
372
423
624
722
780
813
851
426
479
492
583
610
785
955
57
62
201
463
721
779
40
338
409
939
704
135
486
853
142
380
495
620
155
515
811
887
33
80
194
410
419
630
901
949
958
55
875
948
445
872
513
784
841
186
301
365
498
596
793
866
59
185
865
51
461
748
825
63
855
421
357
355
893
377
741
907
709
890
198
376
425
760
806
876
885
45
206
239
725
371
487
858
52
236
571
863
98
395
440
166
814
919
300
623
632
75
49
71
695
15
952
920
972
313
494
586
884
23
68
54
470
710
940
437
480
789
873
175
351
354
746
587
974
776
669
112
931
828
796
523
359
157
809
928
656
433
879
418
915
88
19
867
393
604
595
133
532
120
293
489
593
761
539
706
726
735
154
457
640
697
131
337
352
361
401
573
592
629
694
842
362
405
469
506
599
602
616
631
758
267
292
340
341
404
471
509
605
638
714
124
173
184
204
212
230
244
258
261
269
288
309
325
402
525
537
574
617
667
786
819
89
139
143
179
196
224
250
274
308
493
496
529
581
644
677
754
790
862
864
153
156
202
232
289
299
435
460
504
557
575
606
622
654
666
674
766
874
895
138
149
164
238
245
262
298
318
329
387
407
448
466
485
500
533
552
562
568
580
589
613
626
686
699
724
749
850
136
169
193
205
255
305
345
441
465
482
512
545
560
635
645
655
660
691
718
723
127
158
170
209
215
228
271
287
295
327
358
444
507
540
548
576
600
611
621
642
684
762
778
781
816
853
116
119
148
151
167
189
225
259
291
330
348
351
372
438
455
467
474
476
491
501
553
579
585
651
653
728
750
769
777
791
794
817
883
886
893
92
126
144
182
183
199
200
210
222
226
240
253
297
312
316
319
342
343
381
385
394
403
430
454
464
526
547
549
554
569
582
601
607
648
676
681
703
719
730
753
797
852
894
908
103
106
128
166
231
252
256
273
296
311
331
400
406
414
431
432
453
502
503
511
518
551
563
566
634
663
668
685
707
734
741
830
831
869
114
118
123
129
160
165
174
220
246
251
257
266
290
303
306
315
326
347
369
375
388
397
415
424
434
440
458
510
519
528
550
628
659
673
701
711
713
715
737
756
757
773
802
833
848
854
902
954
81
96
105
113
134
141
172
178
218
237
241
260
279
280
284
294
320
321
349
367
378
398
463
477
513
521
524
535
546
565
646
657
739
747
774
835
859
891
903
910
60
98
100
122
142
159
233
243
263
270
286
392
395
542
555
556
597
614
661
683
738
745
764
805
813
827
938
109
203
248
285
304
307
322
332
338
364
368
411
442
452
481
483
520
572
609
612
625
693
700
705
716
732
744
780
784
792
799
803
814
832
834
889
73
90
93
108
132
146
152
171
180
223
282
333
356
383
412
417
427
428
439
449
459
488
570
586
588
598
687
746
788
820
829
845
861
880
884
906
937
101
104
145
207
310
323
350
354
363
386
436
499
505
558
571
608
618
680
682
690
702
727
733
770
771
798
822
836
841
849
851
870
873
881
91
121
175
211
214
227
229
235
254
264
281
314
353
373
416
422
429
515
523
527
530
538
559
627
643
649
665
692
708
736
783
810
847
887
898
909
921
38
79
94
130
272
302
346
382
389
408
418
423
437
446
479
567
578
632
637
672
720
763
789
837
860
97
99
107
140
234
247
276
301
336
359
366
391
462
486
495
531
564
591
603
624
696
804
807
811
824
843
866
899
912
77
115
125
137
168
208
219
265
275
283
300
335
355
377
456
478
497
620
633
689
709
729
743
767
782
823
826
872
917
923
933
69
87
117
150
190
217
239
399
421
450
494
514
522
536
772
793
838
882
900
924
929
59
67
157
163
185
186
213
277
334
413
426
443
475
492
508
577
610
623
639
650
671
751
840
857
871
888
919
927
935
110
147
155
198
221
278
339
360
390
561
583
615
652
698
722
785
800
844
920
925
162
188
197
216
384
447
596
704
765
768
801
818
821
892
896
901
926
934
955
23
68
95
102
192
195
242
324
357
365
380
396
425
473
480
498
516
534
543
587
619
630
647
670
678
688
717
731
787
806
808
809
876
916
84
86
161
268
370
468
517
541
590
641
669
679
890
905
176
194
313
445
544
662
664
725
740
839
911
62
75
191
344
410
451
461
484
594
742
776
865
913
928
940
944
82
236
376
472
658
748
759
760
775
812
815
868
907
918
943
945
48
58
70
76
135
177
317
420
584
752
885
55
65
80
111
181
187
675
712
846
855
915
949
953
50
51
61
755
796
931
43
63
71
206
487
922
33
66
249
328
409
825
941
960
53
779
828
877
57
858
863
878
42
83
85
112
419
490
721
879
948
34
636
656
875
958
201
710
371
433
795
856
45
49
54
695
867
379
897
942
957
374
78
904
52
64
932
939
951
20
470
29
40
47
72
936
956
930
963
11
74
966
88
947
950
976
914
973
10
15
952
962
14
19
22
946
44
961
983
30
46
974
21
25
35
989
971
36
972
980
31
39
977
41
979
24
975
12
0
969
978
981
17
16
37
964
987
18
27
970
32
56
13
26
959
965
968
982
9
4
997
985
6
8
3
988
2
984
991
28
992
998
994
993
999
604
509
638
726
131
292
532
629
548
735
393
404
489
593
616
622
224
288
298
325
512
575
706
761
819
250
293
506
537
631
153
340
500
573
581
595
133
341
592
611
694
127
204
387
448
504
545
576
589
674
730
842
156
158
244
273
299
329
471
488
525
574
600
644
677
697
723
81
154
169
184
253
269
467
503
546
565
580
602
605
640
648
684
129
291
319
337
407
460
466
477
539
553
569
626
714
762
196
202
245
259
362
524
533
550
557
599
621
655
667
699
786
790
164
173
230
267
352
397
458
606
660
666
700
732
139
252
257
261
270
286
289
305
345
358
361
368
429
465
476
496
502
552
566
579
588
607
613
625
642
747
852
869
895
114
143
179
209
210
218
220
228
258
287
295
435
511
563
577
617
663
718
745
764
769
773
781
874
149
160
180
183
193
232
262
274
290
304
308
320
350
401
402
403
405
414
441
454
474
507
542
585
628
637
681
691
707
739
750
777
797
799
860
189
199
205
330
424
478
491
521
551
554
618
643
654
659
693
724
736
749
864
886
910
118
124
126
136
165
222
248
256
296
306
321
331
385
431
438
464
505
518
535
555
609
657
683
703
713
719
753
754
756
758
845
854
906
100
105
207
237
238
266
280
297
312
347
442
444
457
459
485
493
519
528
568
646
673
720
791
826
833
850
883
103
106
116
178
200
212
226
255
318
327
348
369
381
394
408
430
469
499
529
530
540
549
556
558
560
582
686
711
716
728
734
778
802
891
894
896
903
89
92
120
121
144
148
151
215
231
241
282
285
342
343
367
388
400
422
427
432
453
455
481
482
578
598
601
639
645
696
701
738
766
788
792
831
836
889
938
108
134
145
152
174
182
203
217
225
227
233
240
243
302
303
311
316
363
372
378
439
449
501
547
570
653
682
692
702
715
817
829
862
90
94
109
115
128
159
167
170
235
251
336
375
389
412
415
436
443
572
597
627
635
676
690
705
768
782
807
813
827
830
859
79
117
119
132
214
223
246
275
307
315
366
383
398
399
434
452
497
510
526
536
538
608
633
649
668
685
733
757
774
800
832
908
937
954
73
96
138
141
171
272
281
294
314
326
364
562
564
661
727
771
787
822
834
870
69
82
99
101
172
211
229
234
271
309
310
323
339
416
428
440
463
514
527
559
561
567
651
717
737
763
801
838
847
892
899
60
219
332
333
417
483
516
586
591
612
672
687
688
744
823
837
840
849
853
857
861
912
91
123
146
264
338
346
382
384
406
411
456
522
614
634
671
784
789
798
835
93
97
104
147
150
168
177
221
279
284
322
356
386
391
392
395
413
475
486
513
517
520
583
603
652
665
678
698
765
794
803
804
816
824
839
848
881
888
898
902
909
923
924
933
113
130
142
161
324
334
353
423
446
447
492
531
615
679
708
731
767
780
810
917
921
925
86
110
137
140
162
191
208
216
263
283
354
426
473
495
624
630
680
689
729
740
751
770
783
818
821
905
929
67
70
107
122
155
176
195
268
349
373
437
450
515
571
590
664
722
743
752
759
785
844
871
900
911
935
945
48
77
98
163
166
254
276
277
278
370
377
390
421
479
494
544
584
594
610
619
632
658
741
793
820
851
882
887
38
188
190
192
213
239
247
365
508
650
662
742
746
805
808
811
893
926
76
87
102
175
185
186
197
249
265
355
418
445
451
523
620
636
670
675
704
866
901
916
919
934
111
181
187
242
344
351
380
425
487
647
712
814
841
868
872
880
53
135
194
300
301
328
480
490
498
709
748
760
806
815
843
873
884
927
953
960
66
260
335
410
587
623
669
776
846
918
43
61
75
125
357
360
376
461
534
596
779
809
865
920
955
57
58
59
825
875
876
885
62
78
80
198
359
409
419
462
472
541
725
775
943
42
84
95
236
468
863
890
942
23
313
374
484
641
855
907
949
33
63
710
772
928
656
721
948
951
55
65
68
71
157
543
939
940
51
206
371
396
796
858
913
201
828
915
420
931
936
944
958
49
112
433
470
695
755
877
47
50
317
878
856
941
45
54
867
879
922
40
52
812
957
34
83
85
795
897
15
64
379
932
20
952
904
29
88
947
950
72
11
914
930
956
10
19
962
963
974
30
966
35
74
976
14
22
36
46
973
946
972
983
21
971
25
961
44
39
31
12
17
989
24
978
980
977
41
969
18
975
987
37
979
964
0
16
27
32
56
970
981
959
26
13
965
982
9
968
4
997
985
6
3
8
988
984
2
991
28
998
992
994
993
999
604
638
509
341
131
726
250
616
735
298
629
292
293
325
153
158
224
288
581
622
244
127
129
133
204
269
270
299
329
368
393
340
548
592
706
732
273
489
644
761
819
404
512
593
631
694
842
154
156
253
532
545
575
626
677
730
500
764
114
184
580
589
637
674
700
196
467
565
569
573
611
648
697
397
595
684
860
81
245
252
257
319
504
506
164
640
660
762
169
267
295
330
477
550
552
588
666
691
874
139
259
387
407
448
525
621
895
143
183
228
352
577
585
667
723
869
193
289
320
539
546
836
852
173
179
189
286
290
714
118
136
218
220
222
255
261
312
458
524
542
576
579
655
699
739
894
896
117
165
180
230
291
488
553
574
600
718
797
799
82
100
210
258
304
362
471
474
566
599
642
736
769
90
160
178
207
217
337
414
491
502
628
318
361
381
459
537
563
786
126
296
305
321
394
503
505
518
606
613
663
707
719
903
910
202
466
702
845
116
280
287
308
399
402
476
549
696
781
237
256
347
389
454
511
533
551
607
627
693
711
745
787
826
906
238
306
331
465
602
103
106
209
226
232
262
388
557
639
683
716
747
749
753
773
790
891
243
339
350
424
431
441
478
499
682
738
777
174
231
429
442
453
720
788
889
199
241
248
348
358
430
444
460
609
625
633
754
833
886
79
93
94
108
203
234
235
246
282
363
366
601
605
643
713
768
782
91
151
205
266
422
521
540
938
182
212
274
285
327
369
439
659
681
121
145
159
522
673
792
801
807
124
170
211
302
307
449
514
519
883
405
427
464
555
558
892
60
69
105
171
200
297
336
408
653
703
705
727
750
831
92
104
152
191
223
272
311
332
497
657
717
733
67
578
646
649
850
923
89
149
570
654
954
215
281
303
572
597
608
701
728
791
849
945
150
314
370
516
564
568
598
724
757
800
838
839
857
99
161
249
251
275
618
758
759
70
73
148
195
435
485
530
535
582
645
756
824
854
115
315
316
343
364
538
567
859
48
110
162
214
221
679
937
227
536
561
686
326
554
690
829
912
119
167
225
229
233
279
322
385
438
556
560
822
827
830
864
870
899
905
96
101
176
216
334
398
436
481
528
635
881
443
803
840
942
345
678
715
240
367
400
482
778
141
168
219
342
378
403
455
615
651
668
676
774
924
66
120
147
294
680
821
933
177
333
401
412
652
734
77
78
109
140
527
617
752
917
144
172
277
493
612
38
130
134
146
254
278
386
415
452
687
763
798
862
911
53
86
97
208
283
324
328
559
662
731
771
847
953
242
247
818
265
457
501
871
908
929
123
128
271
428
483
526
661
802
832
861
925
132
284
346
373
416
688
708
770
817
823
898
909
42
187
391
432
451
507
508
591
594
614
921
960
473
544
675
375
517
111
417
383
636
213
264
384
413
496
671
692
804
808
837
309
590
672
742
744
846
916
356
434
685
113
374
670
888
268
529
562
619
848
344
447
737
794
263
406
531
634
87
107
192
197
323
450
490
647
767
783
882
934
935
61
102
122
137
190
353
392
510
584
658
765
815
900
43
390
475
926
47
382
689
729
411
469
951
138
181
276
310
766
918
349
902
335
665
698
712
743
820
834
843
58
463
603
740
751
835
868
927
84
95
446
456
844
943
76
664
188
409
650
936
810
372
520
547
813
816
780
163
423
426
479
492
583
610
624
722
851
338
785
955
57
62
721
779
887
40
135
201
419
486
704
939
445
380
875
853
142
515
495
620
811
80
155
194
498
630
901
33
55
410
872
949
958
186
948
185
355
513
784
841
301
365
596
793
866
59
421
51
63
357
461
748
825
855
865
709
907
741
893
395
377
806
198
376
425
760
876
890
239
725
885
45
166
206
236
371
487
571
858
52
623
863
494
440
98
313
814
632
300
919
75
920
71
49
586
695
789
15
952
68
972
175
480
884
23
437
940
54
710
523
470
873
354
351
746
974
587
776
669
112
931
418
828
928
796
433
656
359
157
809
915
879
260
88
19
867
966
950
393
604
133
489
532
595
293
593
761
120
539
726
735
154
457
573
640
697
706
131
337
352
401
405
592
629
694
842
341
361
362
469
506
509
602
616
758
212
230
267
288
292
340
404
471
599
605
631
638
714
124
173
184
204
244
258
261
269
325
402
525
537
574
617
667
786
819
89
139
143
179
196
224
250
274
308
309
460
493
496
529
581
622
644
666
677
754
790
862
864
153
156
202
232
289
299
435
448
504
557
575
606
626
654
674
766
874
895
138
149
164
238
245
262
298
318
329
387
407
441
466
485
500
533
552
562
568
580
589
613
686
724
749
850
136
169
193
205
209
255
271
305
465
482
512
545
548
560
635
645
655
660
691
699
718
723
781
127
158
167
170
215
225
228
287
295
327
345
358
444
474
507
553
576
600
611
621
642
684
762
778
816
817
853
116
119
148
151
183
189
259
291
316
330
348
351
372
438
455
464
467
476
491
540
554
569
579
585
651
653
728
750
769
777
791
794
883
886
893
92
103
126
144
182
199
200
210
222
226
231
240
253
297
312
319
342
343
381
385
394
403
430
432
454
501
526
547
549
566
582
601
676
681
703
719
730
753
797
852
894
908
106
128
160
174
252
256
266
273
296
331
400
406
414
431
453
502
503
518
528
551
563
607
634
648
663
668
707
734
737
741
830
831
869
114
118
123
129
165
166
172
220
246
251
257
290
294
303
306
311
315
320
326
347
369
375
388
397
415
424
434
440
458
477
510
511
519
550
628
659
673
685
701
711
713
715
757
773
802
833
848
854
902
954
81
96
105
122
134
141
178
218
237
241
279
280
284
286
349
367
378
398
463
513
521
524
535
546
565
646
657
739
747
756
764
774
835
859
891
903
910
60
98
100
113
142
159
233
243
263
270
321
364
392
442
542
556
597
661
693
700
732
738
745
805
813
827
938
109
146
180
203
248
285
304
307
322
332
333
338
368
383
395
452
481
483
520
555
572
609
612
614
625
683
687
705
716
744
780
784
792
799
803
814
832
834
845
889
906
73
90
93
108
132
145
152
171
223
282
350
356
386
411
412
417
428
439
449
459
488
499
505
570
588
598
746
771
788
798
820
829
849
861
880
884
937
101
104
207
260
323
363
423
427
429
436
538
558
571
586
608
618
680
682
702
727
733
770
822
836
841
851
870
873
881
38
91
121
175
211
214
227
229
235
254
264
281
310
314
346
353
354
373
389
416
422
515
527
530
559
567
627
643
649
665
690
708
736
783
810
847
887
898
909
921
79
94
130
272
301
302
336
382
391
418
437
446
479
523
591
603
632
637
672
692
720
763
789
807
837
843
860
97
99
107
140
234
247
276
359
366
377
408
462
478
486
495
531
564
578
624
804
811
823
824
866
899
912
77
115
125
137
168
208
219
265
275
283
300
335
355
443
456
497
514
522
620
633
689
696
709
729
743
767
782
826
872
917
923
933
67
87
117
150
190
213
217
239
334
399
421
450
494
536
639
671
772
793
838
882
900
919
924
929
59
69
147
157
163
277
390
413
426
475
492
508
577
610
615
623
650
751
840
857
871
888
920
927
935
110
155
185
186
188
198
221
278
339
360
561
583
596
652
698
722
785
800
818
844
896
925
934
162
197
216
324
380
384
425
447
473
516
704
731
765
768
801
806
809
821
892
901
926
955
23
95
102
192
195
242
268
357
365
396
498
534
543
587
619
630
641
647
670
678
688
717
787
808
876
916
68
84
86
161
176
194
313
370
468
480
541
590
669
679
890
905
911
445
461
517
544
662
664
725
740
776
839
865
62
75
191
344
376
410
451
484
594
742
760
913
928
940
943
944
82
236
317
420
472
658
748
759
775
812
815
868
907
918
945
48
58
70
76
135
177
181
584
752
846
855
885
915
55
65
80
111
187
675
949
953
50
51
61
712
755
796
931
33
43
63
71
206
249
487
825
922
960
66
328
409
941
53
57
779
828
863
877
42
490
858
878
83
85
112
419
721
879
948
34
201
636
958
371
656
710
875
54
433
795
856
867
45
49
695
897
374
379
942
957
78
904
52
64
932
939
470
951
20
40
72
936
956
29
47
930
11
963
74
88
947
976
10
15
914
973
952
962
14
22
950
19
946
966
44
961
983
30
46
974
21
25
35
989
36
971
972
31
39
980
41
977
24
975
979
12
0
969
978
981
17
37
16
964
987
18
27
970
32
56
13
26
959
965
968
982
9
4
997
985
6
8
3
988
2
984
991
28
992
998
994
993
999
604
638
509
292
532
726
131
404
629
735
548
616
622
325
393
489
512
593
224
288
293
298
575
706
761
819
340
506
537
631
153
250
500
573
581
595
127
133
341
592
611
204
387
448
504
545
576
589
674
694
730
842
156
158
244
273
299
329
471
488
525
565
574
600
644
677
697
723
81
154
169
184
253
269
467
477
503
546
580
602
605
640
684
129
291
319
407
460
466
553
569
626
648
714
762
196
245
259
337
362
524
539
550
667
700
790
173
202
230
286
352
397
458
533
557
599
606
621
655
660
666
699
732
786
139
164
252
257
267
289
305
368
429
465
476
496
502
552
566
579
588
607
613
625
642
852
869
895
114
143
209
218
228
258
261
270
287
295
345
358
361
435
478
511
563
577
617
663
718
745
747
764
769
773
781
860
874
149
160
179
180
183
193
210
220
262
290
304
308
320
330
350
401
402
403
414
424
441
454
474
637
707
739
750
777
797
799
189
205
232
274
321
405
431
442
491
507
521
542
551
585
618
628
643
654
659
681
691
693
724
736
749
886
910
118
124
165
199
256
306
385
464
485
505
535
554
555
609
657
703
713
719
753
754
756
845
854
864
906
100
126
136
207
222
237
248
280
296
297
312
331
438
457
459
518
673
683
720
758
826
833
103
105
178
200
238
266
318
327
348
369
430
444
449
493
519
528
529
530
540
549
558
560
568
646
686
711
716
734
778
791
802
850
883
894
896
903
106
116
121
144
151
212
215
226
231
255
282
342
347
367
381
388
394
400
408
422
427
439
453
455
469
481
482
499
556
578
582
639
645
696
701
728
836
889
891
938
89
92
108
120
145
148
203
217
233
241
243
285
302
303
363
432
436
547
570
598
601
682
692
702
715
738
766
788
792
817
829
831
94
128
152
174
182
225
227
240
311
316
336
343
372
375
378
389
399
501
627
635
653
676
705
768
782
807
859
862
90
109
115
117
134
159
167
170
223
251
275
383
398
412
415
443
536
538
572
597
608
633
649
690
813
827
830
79
96
119
132
138
141
171
214
235
246
281
307
314
315
326
364
366
434
452
497
510
526
564
668
685
727
733
757
771
774
787
800
822
832
870
908
937
954
73
99
211
229
234
271
272
294
416
514
527
559
561
562
567
651
661
801
834
69
82
101
172
219
310
323
332
333
339
406
428
440
463
483
516
591
672
687
688
717
737
763
838
840
847
849
857
892
899
60
91
264
309
338
346
384
391
417
456
475
522
586
612
614
634
744
798
823
835
837
853
861
912
93
97
104
123
146
221
322
382
395
411
517
583
671
678
698
765
784
789
803
881
924
113
130
147
150
168
177
279
284
334
356
386
413
423
446
447
486
513
520
603
615
652
665
708
794
804
810
816
824
839
848
888
898
902
909
923
933
142
161
162
191
216
324
353
392
492
531
630
679
689
731
740
751
767
780
783
818
917
921
925
929
86
107
110
137
140
176
195
208
263
349
354
373
377
390
426
473
495
624
664
680
729
759
770
785
821
844
871
900
905
911
48
67
70
122
155
268
277
283
370
421
437
450
479
494
515
571
584
590
619
722
743
752
935
945
77
98
163
166
254
276
278
365
508
544
594
610
632
658
741
742
793
808
820
851
882
887
38
76
175
188
190
192
213
247
249
344
418
620
636
650
662
675
704
746
805
811
893
926
87
102
185
186
197
239
265
355
425
445
451
487
523
647
670
866
868
880
901
916
919
934
111
181
187
242
300
351
380
480
712
814
841
872
53
135
194
301
328
490
498
709
748
760
806
815
843
846
873
884
927
953
960
61
66
260
335
357
410
534
587
623
669
776
918
43
75
125
360
376
461
596
779
809
865
875
885
920
955
57
58
59
80
198
825
876
62
78
236
359
409
419
472
541
725
775
943
42
84
95
374
462
468
863
890
942
23
313
484
641
855
907
949
33
63
656
710
772
928
721
948
951
51
55
65
68
71
157
371
543
939
940
206
396
796
858
913
828
201
420
433
877
915
931
936
958
49
112
470
695
755
944
47
50
317
878
856
941
45
54
867
879
922
40
52
812
957
34
83
85
15
795
897
379
932
952
20
64
904
29
88
947
950
72
11
914
930
956
19
974
10
963
30
962
966
35
74
14
976
22
36
972
46
946
973
983
971
21
25
961
39
44
12
17
31
989
978
980
24
969
977
41
18
987
975
37
979
964
0
16
27
32
56
970
981
959
13
26
965
9
982
968
4
985
997
6
3
8
988
2
984
991
28
992
998
994
993
999
604
638
509
131
341
726
250
735
298
616
629
288
292
293
325
153
224
158
244
581
622
127
133
269
393
129
204
270
299
368
329
340
548
592
706
761
273
404
489
512
532
631
694
732
819
593
644
842
154
156
545
575
626
677
114
253
580
730
764
184
196
500
589
637
700
573
648
467
569
595
611
674
697
319
397
504
565
684
860
164
245
330
506
640
660
762
81
169
252
257
448
477
552
588
874
143
267
286
387
407
525
577
666
691
895
139
259
289
295
550
621
723
852
869
193
290
352
458
539
667
173
183
228
261
320
546
585
836
189
291
304
488
576
600
699
714
799
896
118
136
165
179
180
218
220
222
230
255
312
524
542
553
579
655
718
797
894
82
100
117
599
642
739
258
337
361
362
414
471
474
563
574
90
160
178
207
210
217
381
466
491
502
566
628
736
769
305
321
459
503
537
707
126
202
296
318
394
399
518
606
613
663
719
786
845
903
910
388
454
465
505
511
696
702
209
237
308
402
442
602
607
781
116
238
256
280
287
306
331
347
431
476
478
533
549
551
627
693
711
745
790
826
906
262
389
424
557
639
716
720
747
787
891
232
441
683
749
753
103
106
174
226
231
241
243
350
429
453
499
682
738
773
777
788
889
248
266
339
358
625
633
363
449
460
601
605
754
782
886
79
91
93
94
108
151
199
203
205
235
246
282
348
366
430
444
521
540
555
609
643
681
713
833
938
170
234
285
369
422
439
519
768
121
212
274
558
659
673
124
145
159
182
327
405
883
69
200
211
302
307
336
427
514
522
792
801
807
850
892
223
408
92
297
464
578
653
750
831
60
67
104
105
152
171
272
311
332
497
570
646
657
703
705
717
727
733
923
191
649
791
954
89
149
281
654
849
945
215
303
485
568
572
597
598
608
701
724
728
838
73
99
150
251
275
314
316
370
435
516
530
535
564
618
756
757
759
800
839
854
857
70
161
195
249
758
824
937
645
148
315
343
538
582
679
686
859
912
48
110
115
162
214
221
227
326
364
398
536
554
561
567
690
436
438
829
899
345
864
905
96
119
167
225
385
528
556
560
635
827
830
101
229
233
279
322
455
481
715
803
822
840
870
881
176
216
219
294
334
342
443
678
168
774
942
120
401
482
651
676
778
141
240
367
378
400
403
668
734
109
140
147
177
333
412
527
615
652
680
821
917
924
933
66
77
277
452
612
752
78
265
324
911
144
493
617
862
925
134
146
172
415
687
771
798
847
38
86
97
130
208
247
254
278
283
386
483
501
559
662
731
763
818
53
242
328
391
929
953
373
417
457
614
832
871
187
517
128
132
271
284
432
507
526
661
802
817
908
123
346
375
383
416
428
708
770
823
861
898
909
921
473
508
544
591
594
675
688
42
111
451
692
960
344
636
496
309
562
113
264
356
413
434
672
685
744
804
837
213
384
406
590
671
742
808
846
848
888
916
268
390
475
619
634
670
374
447
490
529
263
323
510
737
794
107
122
137
190
353
392
450
531
767
783
882
900
935
61
87
102
192
197
310
382
584
647
658
689
729
765
815
926
934
43
181
276
411
47
84
918
951
469
712
138
766
868
902
349
446
463
603
665
820
834
835
335
423
456
547
698
740
743
751
843
844
927
58
76
95
188
650
664
810
943
409
486
936
372
779
816
520
780
813
338
426
479
624
851
887
163
492
583
610
704
722
785
955
57
62
135
380
445
201
419
721
875
40
939
421
853
142
495
515
620
811
872
155
194
410
630
901
80
185
186
355
498
949
33
55
377
948
958
513
784
841
301
793
866
59
357
365
596
709
748
865
51
63
461
825
855
395
907
863
741
893
166
239
571
198
425
806
876
236
376
623
725
760
885
890
206
487
313
371
494
858
45
52
920
440
98
814
586
632
789
300
919
175
75
68
71
49
480
695
15
952
972
884
437
523
23
354
873
940
710
54
470
974
351
746
418
587
669
776
928
931
828
112
796
433
656
359
260
809
157
915
879
867
88
19
966
950
393
604
133
595
489
532
593
761
120
293
539
726
457
573
640
706
735
131
154
352
401
592
629
697
337
361
405
506
602
694
842
267
292
340
341
362
404
469
471
509
599
605
616
631
638
714
758
184
212
230
244
258
269
288
325
402
525
574
667
786
819
89
124
139
143
173
179
196
204
224
250
261
274
309
496
537
581
617
644
677
790
862
864
153
156
202
232
289
299
308
435
460
493
504
529
575
606
622
654
666
674
754
766
874
895
149
164
238
245
298
318
329
387
407
448
466
533
552
557
562
568
589
613
626
724
850
136
138
169
193
205
255
262
441
465
485
500
560
580
635
645
655
660
686
691
699
718
723
749
127
158
209
228
271
295
305
358
474
482
507
512
545
548
576
600
611
621
642
684
762
781
816
116
148
167
170
215
225
259
287
316
327
345
351
372
438
444
467
476
491
540
553
554
579
651
653
750
769
777
778
791
817
853
883
886
92
119
126
144
151
182
183
189
199
200
210
222
240
253
291
312
319
330
343
348
381
385
394
403
430
455
464
501
547
549
569
582
585
601
676
681
728
730
753
794
797
852
893
894
908
103
128
226
231
252
256
273
296
297
331
342
400
414
432
453
454
502
503
518
526
551
563
566
607
634
648
663
668
703
707
719
734
830
869
106
114
118
123
160
165
166
174
220
246
251
257
266
303
306
311
315
320
326
347
369
388
397
406
415
431
434
440
458
510
511
519
528
550
659
673
685
701
711
713
737
741
757
802
831
833
848
854
902
954
96
105
129
134
141
172
178
218
237
241
280
284
286
290
294
349
367
375
378
424
463
477
513
521
524
535
546
565
628
646
657
715
739
747
756
764
773
774
835
859
891
903
910
60
81
98
113
122
159
233
243
270
279
321
392
398
556
597
661
700
738
745
805
813
827
938
100
109
142
180
203
248
263
285
304
322
332
333
338
364
368
383
395
442
452
481
520
542
555
572
609
612
614
625
683
693
705
732
744
780
784
799
803
832
834
845
889
73
90
93
108
132
146
152
171
282
307
350
356
411
412
428
449
459
483
488
499
570
588
598
687
716
746
788
792
814
820
829
849
861
880
884
906
937
101
104
145
207
223
260
323
363
386
417
427
429
439
505
558
571
586
608
618
680
682
702
727
733
770
771
798
822
841
851
881
91
175
214
227
229
235
254
264
281
310
314
353
354
389
422
423
436
515
527
530
538
559
627
643
649
690
708
736
783
810
836
847
870
873
887
898
909
921
38
79
94
121
130
211
272
346
373
382
416
437
446
479
523
567
632
637
665
672
692
720
763
789
837
860
97
99
107
140
234
247
276
301
302
336
359
366
391
408
418
462
486
495
531
564
578
591
603
624
804
807
811
824
843
866
899
912
77
115
125
137
208
219
265
275
283
300
335
355
377
456
478
497
620
633
689
696
709
729
743
767
782
823
826
872
917
923
933
67
87
117
150
168
190
217
239
399
443
450
494
514
522
536
639
793
838
882
900
924
929
59
69
157
163
213
277
334
413
421
426
492
508
577
610
623
650
671
751
772
840
857
871
888
919
920
927
935
110
147
155
185
186
188
198
221
278
339
360
390
475
561
583
615
652
698
722
785
800
818
844
896
925
162
197
216
380
384
447
473
596
704
765
768
801
821
892
901
926
934
955
23
95
102
192
195
242
268
324
357
365
396
425
498
516
534
543
587
619
630
647
670
678
717
731
787
806
808
809
876
916
68
84
86
161
176
313
370
468
480
541
641
669
679
688
890
905
911
194
445
517
544
590
662
664
725
740
839
62
75
191
344
410
451
461
484
594
742
776
865
913
928
940
944
70
82
236
317
376
472
658
748
759
760
775
812
815
868
907
918
943
945
58
76
135
177
181
420
584
752
855
885
915
48
55
65
80
111
187
675
846
949
953
51
61
712
796
931
43
50
63
71
206
249
487
755
825
922
33
66
328
409
779
941
960
53
57
828
863
877
490
858
42
85
112
419
721
878
879
948
34
83
636
958
201
371
656
710
875
433
856
867
45
49
54
695
795
379
897
942
957
78
374
904
52
932
939
64
470
951
20
40
956
29
47
72
930
936
963
11
74
976
88
947
10
914
973
15
950
952
962
14
22
19
946
966
44
961
983
30
46
974
21
25
35
989
36
971
972
31
39
980
41
977
24
975
979
12
0
969
978
981
16
17
37
964
987
18
27
970
32
56
13
26
959
965
968
982
9
4
997
985
6
8
3
988
2
984
991
28
992
998
994
993
999
604
638
509
292
726
131
404
532
629
735
548
616
622
288
325
393
489
512
575
593
224
293
298
631
706
761
819
153
250
340
500
506
537
133
341
573
581
595
127
448
576
592
611
674
694
730
842
204
244
329
387
504
545
589
644
154
156
158
253
269
273
299
471
488
525
565
574
600
677
697
723
81
169
184
466
467
477
503
546
569
580
602
605
640
648
684
714
129
196
245
259
291
319
337
407
460
539
553
626
667
762
173
202
230
352
362
397
458
524
533
550
557
599
606
621
655
660
666
699
700
732
786
790
139
164
252
286
289
305
465
502
579
114
143
209
228
257
258
261
267
270
287
295
358
361
368
476
496
511
552
566
588
607
613
625
642
663
718
745
747
852
869
874
895
160
179
210
218
220
262
345
402
414
424
429
435
441
454
563
577
617
637
764
769
773
777
781
799
860
149
180
183
189
193
205
232
274
290
304
308
320
321
330
401
403
405
431
474
478
491
507
542
551
585
628
659
681
691
707
739
750
797
910
118
124
165
199
256
350
442
485
505
521
535
555
618
643
654
693
703
713
719
724
736
749
754
864
886
906
100
126
136
207
222
237
280
296
297
306
312
331
385
438
457
464
518
554
609
657
683
753
756
758
826
833
845
854
105
178
238
248
266
318
327
348
430
444
459
493
519
529
530
540
549
558
560
568
646
673
686
711
716
720
734
791
850
883
894
903
103
106
116
120
144
151
200
212
215
226
231
255
282
342
347
367
369
381
388
394
408
427
439
449
453
455
469
482
528
556
578
582
639
696
728
778
802
836
889
891
896
89
92
121
145
148
217
241
285
302
303
363
400
422
432
481
499
547
598
601
645
682
692
701
702
738
766
788
792
817
829
831
938
94
108
128
152
174
182
203
225
227
233
240
243
311
316
336
343
372
375
378
389
399
436
501
570
627
635
653
715
768
862
90
109
115
117
134
159
167
170
223
251
275
398
412
415
538
572
597
676
690
705
782
807
813
827
830
859
79
96
119
132
138
141
171
214
235
246
281
307
315
326
364
366
383
434
443
452
497
526
536
564
608
633
649
668
685
733
757
771
774
800
822
832
908
937
954
73
99
211
271
272
294
314
510
514
561
562
567
651
661
727
787
834
870
69
82
101
172
229
234
310
323
332
339
406
416
428
440
463
483
516
527
559
591
717
737
763
801
838
847
849
892
899
60
91
219
309
333
338
346
391
417
475
522
586
612
614
634
672
687
688
744
823
835
837
840
853
857
861
912
93
104
123
146
221
264
322
382
384
395
411
456
517
671
678
784
789
798
803
881
902
924
97
113
130
147
150
168
177
279
284
334
356
386
413
446
447
486
513
520
583
603
652
665
698
708
765
794
804
810
816
824
839
848
888
898
909
923
933
142
161
162
191
263
324
353
392
423
492
531
615
679
680
689
731
740
751
767
780
783
917
921
925
929
86
107
110
122
137
140
176
195
208
216
349
354
373
377
390
426
495
624
630
729
759
770
785
818
821
871
900
905
911
48
67
70
155
268
277
283
370
421
437
450
473
479
515
544
571
590
619
664
722
743
752
844
935
945
38
77
98
163
166
254
276
278
365
494
508
584
594
610
632
658
741
742
793
808
820
851
882
887
76
87
175
188
190
192
213
239
247
249
344
418
620
636
650
662
670
675
704
746
805
811
893
926
934
102
185
186
197
265
355
425
445
451
487
523
647
866
872
880
901
916
919
111
181
187
242
300
351
380
480
712
814
841
868
873
884
927
53
135
194
301
328
335
490
498
709
748
760
806
815
843
846
953
960
61
66
260
357
410
534
587
623
669
776
809
918
43
59
75
125
360
376
461
596
779
865
875
885
920
955
57
58
80
198
472
825
876
62
78
84
95
236
359
409
419
462
541
725
775
943
42
374
468
863
890
942
23
33
63
313
484
641
855
907
949
656
710
772
928
65
71
157
543
721
940
948
951
51
55
68
371
939
206
396
796
858
913
201
828
915
931
958
112
420
433
877
936
49
50
695
755
944
47
317
878
941
470
856
879
922
45
54
812
867
40
52
83
957
34
85
795
897
15
20
64
379
932
952
904
29
88
947
950
72
11
914
930
956
19
963
974
10
962
30
74
966
35
976
14
36
22
46
946
972
973
983
971
21
25
961
44
39
31
12
17
989
978
980
24
969
977
41
18
975
987
37
979
0
964
16
27
32
56
970
981
959
13
26
965
9
982
968
4
997
985
6
3
8
988
984
2
991
28
992
998
994
993
999
604
638
509
131
341
726
250
298
735
616
629
288
292
293
325
153
224
127
133
158
244
393
581
622
204
269
299
129
270
368
706
761
273
329
340
404
512
532
548
592
732
819
489
644
694
842
545
575
631
154
156
593
626
677
114
253
500
580
589
700
730
764
184
196
573
637
595
648
319
397
467
504
569
611
674
684
697
330
565
860
164
245
252
506
640
660
762
874
81
169
257
286
387
448
477
552
577
588
139
143
259
267
289
295
407
525
621
666
691
723
852
895
458
550
869
173
193
290
352
539
667
183
189
228
261
291
304
320
488
546
576
585
600
699
799
836
179
230
714
896
100
118
136
165
180
218
220
222
255
312
524
542
553
579
599
642
655
718
739
797
894
82
117
414
563
210
258
337
361
362
471
474
491
566
574
628
769
90
160
178
207
217
305
321
381
459
466
502
503
707
736
202
399
537
606
786
845
126
296
318
394
454
465
505
511
518
607
613
663
702
719
903
910
209
237
388
431
442
478
696
720
826
287
308
402
602
781
790
116
238
256
262
280
306
331
347
389
476
533
549
551
557
627
693
711
716
745
747
891
906
424
639
683
753
787
232
441
453
749
777
103
106
174
226
231
241
243
266
350
358
429
499
601
625
633
682
738
773
788
889
248
339
363
449
782
205
430
444
460
555
605
754
886
79
91
93
94
108
151
170
199
203
234
235
246
282
285
348
366
369
422
519
521
540
609
643
659
673
681
713
768
833
938
121
439
558
124
212
274
405
145
159
182
200
211
307
327
427
514
792
850
883
69
223
302
336
408
522
578
801
807
892
92
105
297
464
646
653
657
703
750
831
60
67
104
152
171
191
272
311
332
497
570
649
705
717
727
733
791
923
954
281
838
849
945
89
149
568
654
724
215
251
303
314
316
435
485
535
572
597
598
608
701
728
757
758
854
70
73
99
150
161
195
249
275
370
516
530
564
618
756
759
800
824
839
857
937
679
912
148
214
227
315
326
343
364
398
438
538
554
567
582
645
686
829
859
48
110
115
162
221
345
436
536
561
690
899
905
864
96
119
167
225
233
279
385
528
556
560
635
715
827
830
101
216
219
229
294
322
334
342
443
455
481
774
803
822
840
870
881
168
176
678
942
120
401
482
651
778
109
141
240
333
367
378
400
403
412
527
668
676
680
734
77
140
147
177
277
452
612
615
652
752
821
911
917
924
925
933
66
78
265
324
144
493
617
862
130
134
146
172
386
415
483
501
559
687
763
771
798
847
38
86
97
208
242
247
254
278
283
391
614
662
731
818
832
871
929
53
328
373
417
517
953
187
457
123
128
271
284
375
432
507
526
661
802
817
908
132
346
383
416
428
473
591
708
770
823
861
898
909
921
111
451
508
544
594
675
688
692
960
42
344
636
309
496
434
562
685
113
213
264
356
384
406
413
634
671
672
744
804
837
848
888
268
390
447
475
590
619
670
742
808
846
916
374
490
529
122
263
323
392
510
737
794
87
107
137
190
197
276
310
353
382
411
450
531
689
729
765
767
783
882
900
926
934
935
43
61
102
181
192
584
647
658
815
918
84
712
868
951
47
469
138
766
349
902
446
456
463
547
603
665
743
810
820
834
835
843
95
188
335
423
486
650
664
698
740
751
844
927
58
76
409
943
779
936
372
816
338
520
780
813
163
426
479
492
583
610
624
785
851
887
62
135
380
445
704
722
955
57
419
721
875
40
201
421
939
853
142
515
155
495
620
630
811
872
901
185
186
194
355
377
410
498
33
55
80
948
949
958
513
784
841
59
301
365
395
596
709
793
866
357
461
748
865
51
63
825
855
863
907
741
893
166
571
239
198
376
425
494
623
725
760
806
876
890
920
236
313
487
885
206
371
858
45
52
440
98
586
632
789
814
175
300
919
68
75
71
480
49
695
15
952
972
884
437
873
354
523
23
940
710
54
470
974
351
746
418
587
669
776
928
796
931
828
112
656
433
260
359
157
809
915
879
867
88
950
19
966
393
604
133
532
595
293
489
593
761
120
539
726
154
457
573
640
697
706
735
131
352
401
405
592
629
694
842
337
341
361
362
506
509
602
616
758
230
267
288
292
340
404
469
471
599
605
631
638
714
124
173
184
212
244
258
261
269
325
402
525
574
667
786
819
89
139
143
179
196
204
224
250
274
308
309
496
529
537
581
617
644
666
677
790
862
864
153
156
202
232
289
299
435
460
493
504
557
562
575
606
622
654
674
754
766
874
895
138
149
164
238
245
298
318
329
387
407
448
466
500
533
552
568
580
589
613
626
686
724
850
136
169
193
205
255
262
305
441
465
485
545
560
635
645
655
660
691
699
718
723
749
127
158
209
215
228
271
287
295
327
345
358
474
482
507
512
548
576
600
611
621
642
684
762
781
816
853
116
148
167
170
225
259
316
351
372
438
444
467
476
491
540
553
554
579
651
653
728
750
769
777
778
791
817
883
886
92
119
126
144
151
182
183
189
199
200
210
222
240
253
291
312
319
330
343
348
381
385
394
403
430
432
455
464
501
526
547
549
569
582
585
601
676
681
719
730
753
794
797
852
893
894
908
103
128
226
231
252
256
273
296
297
331
342
400
414
431
453
454
502
503
518
519
551
563
566
607
634
648
663
668
703
707
734
830
831
869
106
114
118
123
129
160
165
166
174
220
246
251
257
266
294
303
306
311
315
320
326
347
369
375
388
397
406
415
434
440
458
510
511
528
550
628
659
673
685
701
711
713
715
737
741
757
773
774
802
833
848
854
902
954
96
105
134
141
172
178
218
237
241
279
280
284
286
290
349
367
378
424
463
477
513
521
524
535
546
565
646
657
739
747
756
764
835
859
891
903
910
60
81
98
100
113
122
142
159
233
243
270
321
392
398
556
597
661
700
738
745
805
813
827
938
109
180
203
248
263
285
304
322
332
333
338
364
368
383
395
442
452
481
520
542
555
572
609
612
614
625
683
693
705
716
732
744
780
784
799
803
832
834
845
880
889
73
90
93
108
132
146
152
171
282
307
350
356
411
412
428
449
459
483
488
499
570
588
598
687
746
788
792
814
820
829
849
861
884
906
937
101
104
145
207
223
260
323
363
386
417
427
429
439
505
558
571
586
608
618
680
682
702
727
733
770
771
798
810
822
841
851
870
873
881
91
175
211
214
227
229
235
254
264
281
310
314
346
353
354
389
416
422
423
436
515
527
530
538
559
627
643
649
690
708
736
783
836
847
887
898
909
921
38
79
94
121
130
272
373
382
437
446
479
523
567
632
637
665
672
692
720
763
789
837
860
97
99
107
140
234
247
276
301
302
336
359
366
391
408
418
462
486
495
531
564
578
591
603
624
804
807
811
824
843
866
899
912
77
115
125
137
208
219
265
275
283
300
335
355
377
456
478
497
620
633
689
696
709
729
743
767
782
823
826
838
872
917
923
933
67
87
117
150
168
190
217
239
277
399
443
450
494
514
522
536
639
772
793
882
900
924
929
59
69
157
163
213
334
413
421
426
492
508
577
610
623
650
671
751
840
857
871
888
919
920
927
935
110
147
155
185
186
188
198
221
278
339
360
390
475
561
583
615
652
698
722
785
800
818
844
896
925
162
197
216
380
384
447
473
596
704
765
768
801
821
892
901
926
934
955
23
95
102
192
195
242
268
324
357
365
396
425
498
516
534
543
587
619
630
647
670
678
717
731
787
806
808
809
876
916
68
84
86
161
176
313
370
468
480
541
641
669
679
688
890
905
911
194
445
517
544
590
662
664
725
740
839
62
75
191
344
410
451
461
484
594
742
776
865
913
928
940
944
82
236
317
376
472
658
748
760
775
812
815
868
907
918
943
945
58
70
76
135
177
181
420
584
752
759
885
915
48
55
65
80
111
187
675
846
855
949
953
51
61
712
796
931
43
50
63
71
206
249
487
755
825
922
33
66
328
409
779
941
960
53
828
863
877
57
490
858
42
85
112
419
721
878
879
948
34
83
636
958
201
656
710
875
371
433
856
867
45
49
54
695
795
957
379
897
942
78
374
904
52
64
470
932
939
951
20
40
956
29
47
72
930
936
963
11
74
976
88
947
10
914
15
973
950
952
962
14
19
22
946
966
44
961
983
30
974
46
21
25
35
989
36
971
31
972
980
39
977
24
41
979
975
12
0
969
978
981
17
16
37
964
987
18
970
27
32
56
959
13
26
965
968
982
9
4
997
985
6
8
3
988
2
984
991
28
992
998
994
993
999
604
509
638
292
726
131
404
532
629
735
548
616
622
325
393
489
512
593
224
288
293
298
575
631
706
761
819
153
250
340
500
506
537
595
133
341
573
581
592
127
204
387
448
576
589
611
674
694
730
842
156
158
244
299
329
504
545
644
677
697
154
184
253
269
273
467
471
488
525
565
574
600
602
605
640
684
723
81
169
407
466
477
503
539
546
569
580
626
648
714
129
196
245
259
291
319
337
362
460
553
599
667
762
790
173
202
230
352
397
458
524
533
550
557
606
621
655
660
666
699
700
732
786
139
143
164
252
261
267
286
289
305
361
465
476
496
502
552
579
607
613
642
852
895
114
179
209
218
228
257
258
270
287
295
345
358
368
402
435
511
563
566
588
617
625
663
718
745
747
764
769
781
869
874
149
160
180
183
193
205
210
220
232
262
274
290
304
308
330
403
405
414
424
429
441
454
577
585
637
691
707
739
750
773
777
797
799
860
124
165
189
199
320
321
350
401
431
442
474
478
491
507
542
551
628
654
659
681
693
724
736
749
754
864
886
910
118
126
136
222
256
296
306
385
438
457
464
485
505
518
521
535
554
555
609
618
643
657
683
703
713
719
753
756
758
845
854
906
100
105
178
207
237
238
248
266
280
297
312
318
327
331
348
430
444
459
493
519
568
646
673
711
720
791
826
833
850
883
894
103
106
116
120
151
200
212
215
226
231
255
347
369
381
394
449
455
469
482
528
529
530
540
549
558
560
582
686
716
728
734
778
802
891
896
903
89
92
121
144
148
241
282
285
342
367
388
400
408
422
427
432
439
453
481
499
547
556
578
601
639
645
696
701
738
766
788
817
831
836
889
938
108
128
145
152
174
182
203
217
225
227
233
240
243
302
303
311
316
343
363
372
375
378
389
436
501
570
598
627
635
653
682
692
702
715
792
829
862
90
94
109
134
159
167
170
251
336
398
399
415
572
597
668
676
690
705
768
782
807
813
827
830
859
79
96
115
117
119
132
138
141
171
214
223
235
246
275
307
315
326
364
366
412
434
452
526
536
538
608
633
649
685
733
757
774
822
832
908
937
954
73
271
272
281
294
314
383
443
497
510
514
562
564
651
661
727
771
787
800
834
870
69
99
101
172
211
229
234
309
310
323
332
339
406
416
428
440
463
483
527
559
561
567
591
717
737
763
801
838
847
849
853
892
899
60
82
91
123
219
333
338
346
391
417
516
586
612
614
634
672
687
688
744
823
835
837
840
857
861
912
93
104
146
264
322
382
384
395
411
456
475
513
522
671
784
789
794
798
803
816
848
881
902
924
97
113
130
147
150
168
221
279
284
334
353
356
386
392
413
446
447
486
517
520
583
603
652
665
678
698
708
765
780
804
810
824
888
898
909
923
933
140
142
161
177
263
324
423
492
531
615
679
680
689
731
751
783
839
917
921
925
929
67
86
107
110
122
137
162
191
195
208
216
283
349
354
373
377
390
426
495
624
630
729
740
767
770
785
818
821
844
871
900
905
911
48
70
77
155
166
176
268
277
421
437
450
473
479
494
515
571
590
619
664
722
741
743
752
759
887
935
945
38
98
163
213
247
254
276
278
365
370
418
508
544
584
594
610
620
632
658
746
793
808
820
851
882
893
87
175
185
186
188
190
192
239
249
265
344
355
523
650
662
670
675
704
742
805
811
866
901
926
934
76
102
197
351
425
445
451
487
636
647
814
841
872
880
916
919
111
181
187
242
300
380
480
498
709
712
843
868
873
884
927
53
135
194
260
301
328
335
490
748
760
806
815
846
953
960
61
66
357
410
534
587
596
623
669
776
809
918
920
955
43
58
59
75
125
198
360
376
461
779
865
875
885
57
80
359
472
541
825
876
943
62
84
95
236
409
419
462
468
725
775
890
23
42
78
313
641
855
863
907
942
33
63
374
484
772
928
949
157
656
710
940
55
65
68
71
543
721
948
951
51
206
371
396
796
858
913
939
828
915
201
420
877
931
958
112
433
695
755
936
944
49
50
317
47
856
878
922
941
45
54
470
812
867
879
40
52
83
957
34
85
897
795
15
379
932
20
64
904
952
29
88
947
950
72
930
11
956
914
963
19
10
962
974
30
74
966
35
976
14
22
36
46
946
973
972
983
971
21
25
961
44
39
31
12
989
17
978
980
24
969
977
41
18
975
987
979
37
964
0
16
27
32
56
970
981
959
13
26
965
982
9
968
4
997
985
6
3
8
988
2
984
991
28
992
998
994
993
999
604
638
509
131
341
726
735
250
298
616
288
292
293
325
629
153
224
127
158
244
581
622
133
269
393
129
204
270
299
368
273
340
404
512
532
592
706
761
819
329
489
548
732
545
575
631
644
694
842
154
593
677
114
156
253
500
580
589
626
637
700
730
764
184
573
196
648
595
674
697
319
397
467
504
565
569
611
684
860
245
330
506
552
640
81
164
169
252
257
286
387
448
477
588
660
762
852
874
267
525
577
666
691
139
143
259
289
290
295
407
458
550
621
723
869
895
352
539
667
173
183
189
193
228
261
291
304
320
488
546
576
585
600
699
799
836
896
136
179
222
230
255
312
414
524
553
563
579
599
714
718
739
82
100
117
118
165
180
218
220
542
642
655
797
894
258
337
361
362
471
574
90
160
178
207
210
305
321
381
459
466
474
491
502
503
566
628
707
736
769
845
217
399
202
209
318
394
454
511
518
537
606
613
663
719
786
910
126
237
296
388
431
442
465
478
505
607
696
702
720
826
903
116
238
256
262
280
287
306
308
331
347
402
476
533
549
551
557
602
683
693
711
716
745
747
753
781
790
389
424
627
639
787
891
906
232
441
103
106
174
226
231
241
243
266
358
429
453
499
601
625
682
738
749
773
777
889
248
339
350
363
449
555
633
782
788
460
605
754
151
170
199
203
205
246
285
348
369
430
444
519
521
540
558
643
673
681
713
833
886
938
79
91
93
94
108
121
234
235
282
366
422
439
609
659
768
212
405
124
159
182
274
327
792
850
883
69
145
200
211
223
302
307
336
408
427
514
522
578
801
807
892
92
311
653
750
60
104
105
152
171
272
297
332
464
497
570
646
649
657
703
705
727
733
791
831
849
923
954
67
191
281
717
838
945
568
758
89
149
215
251
316
435
485
535
654
701
724
728
756
757
854
73
99
150
161
275
303
314
516
530
564
572
597
598
608
618
800
824
857
912
937
70
195
249
370
679
759
839
686
148
315
326
343
398
438
554
582
645
110
115
162
214
221
227
345
364
436
536
538
561
567
690
829
859
899
48
905
119
167
225
385
528
556
560
635
715
864
96
101
229
233
279
294
322
342
443
455
481
774
803
822
827
830
840
870
881
168
176
216
219
334
678
120
401
942
141
240
333
367
378
400
403
412
452
482
651
668
676
734
778
77
109
140
147
265
277
527
612
615
652
680
917
924
925
933
66
177
324
752
821
911
78
144
493
617
862
134
146
172
415
483
501
38
97
130
208
247
254
278
283
373
386
391
417
559
614
687
731
763
771
798
832
847
871
929
53
86
187
242
328
517
662
818
953
457
271
432
507
526
802
817
908
123
128
132
284
375
383
416
428
661
692
770
861
898
909
921
346
451
473
508
544
591
594
688
708
823
42
111
344
636
675
960
496
562
309
113
356
406
434
634
672
685
744
848
213
264
268
384
390
413
475
590
670
671
742
804
808
837
888
447
490
619
846
916
374
529
392
510
737
794
107
122
137
263
276
310
323
353
382
411
531
689
767
783
61
87
102
190
192
197
450
729
765
882
900
918
926
934
935
43
84
181
584
647
658
712
815
868
47
951
469
766
138
547
349
463
834
835
902
335
423
446
456
486
603
650
665
698
743
751
810
820
843
927
58
76
95
188
664
740
844
943
409
779
936
816
372
813
338
479
520
624
780
851
887
163
426
445
492
583
610
704
722
785
62
135
380
421
955
57
201
419
721
875
40
939
853
142
515
620
155
185
186
355
377
495
630
811
872
901
80
194
410
498
33
55
948
949
958
395
513
784
841
301
866
59
357
365
461
596
709
793
748
825
865
907
51
63
855
863
166
741
893
571
239
494
198
425
623
806
876
920
313
725
760
890
206
236
376
487
885
371
858
45
52
98
440
586
814
175
632
789
300
919
480
68
75
71
49
695
15
952
972
884
354
437
523
873
23
940
710
54
470
974
351
746
418
587
669
776
928
796
931
828
112
656
433
260
359
157
809
915
879
867
88
950
19
966
