246.7
246.7
246.7
246.7
246.7
246.7
246.7
246.7
246.8
246.8
246.8
246.8
246.8
246.8
246.8
246.8
246.8
246.8
246.8
246.8
246.8
246.8
246.8
246.8
246.8
246.8
246.8
246.8
246.8
246.8
246.8
246.8
246.8
246.8
246.8
246.9
246.9
246.9
246.9
246.9
246.9
246.9
246.9
246.9
246.9
246.9
246.9
246.9
246.9
246.9
247.0
247.0
247.0
247.0
247.0
247.0
247.0
247.0
247.0
247.0
247.0
247.0
247.0
247.0
247.0
247.0
247.0
247.0
247.0
247.0
247.0
247.1
247.1
247.1
247.1
247.1
247.1
247.2
247.2
247.5
247.5
247.5
247.5
247.6
247.6
247.7
247.7
247.7
247.7
247.8
247.8
247.9
247.9
248.1
248.2
248.3
248.3
248.3
248.4
248.7
252.8
252.9
252.9
252.9
252.9
253.0
253.0
253.0
253.0
253.0
253.0
253.0
253.0
253.0
253.0
253.1
253.1
253.1
253.1
253.1
253.1
253.1
253.1
253.1
253.1
253.1
253.1
253.1
253.1
253.1
253.1
253.2
253.2
253.2
253.3
253.3
253.3
253.3
253.4
253.4
253.4
253.4
253.4
253.4
253.4
253.4
253.5
253.5
253.5
253.5
253.5
253.5
253.5
253.5
253.5
253.5
253.6
253.6
253.6
253.6
253.6
253.6
253.7
253.7
253.7
253.8
253.8
253.8
253.9
253.9
253.9
253.9
254.0
254.0
254.1
254.1
254.2
254.4
254.5
255.2
255.2
255.4
255.6
255.6
255.7
255.8
256.1
256.1
256.1
256.3
256.6
257.0
257.1
257.1
257.6
257.6
257.7
257.7
257.7
257.8
257.8
257.8
257.8
257.8
257.8
257.8
257.8
257.8
257.8
257.8
257.8
257.8
257.9
257.9
257.9
257.9
257.9
257.9
257.9
257.9
257.9
257.9
257.9
257.9
258.0
258.0
258.0
258.0
258.0
258.1
258.1
258.1
258.1
258.1
258.1
258.1
258.1
258.1
258.2
258.2
258.2
258.2
258.3
258.3
258.3
258.4
258.4
258.4
258.4
258.5
258.5
258.5
258.5
258.5
258.6
258.6
258.6
258.6
258.7
258.7
258.7
258.7
258.8
258.8
258.8
258.8
258.9
259.1
259.1
259.1
259.2
259.2
259.2
259.3
259.3
259.4
259.4
259.7
259.7
260.7
260.8
260.8
260.9
261.0
261.0
261.3
261.5
261.8
262.0
262.3
262.3
262.4
262.4
262.4
262.5
262.5
262.5
262.5
262.6
262.6
262.6
262.6
262.7
262.7
262.7
262.7
262.8
262.8
262.8
262.8
262.8
262.9
262.9
262.9
262.9
262.9
262.9
263.0
263.0
263.0
263.0
263.0
263.1
263.1
263.1
263.1
263.1
263.1
263.1
263.1
263.2
263.2
263.2
263.3
263.4
263.4
263.4
263.4
263.4
263.4
263.4
263.5
263.5
263.5
263.6
263.6
263.6
263.8
263.8
263.9
263.9
263.9
264.0
264.0
264.1
264.2
264.2
264.4
264.5
264.6
264.6
264.7
264.7
264.7
264.8
264.8
264.8
264.9
265.0
265.1
265.2
265.3
265.4
265.7
265.8
265.9
266.1
266.4
266.9
267.2
267.3
267.4
267.5
267.7
268.2
268.4
269.0
269.2
269.4
269.4
269.4
269.4
269.5
269.5
269.5
269.7
269.7
269.7
269.8
269.9
269.9
270.0
270.1
270.1
270.2
270.4
270.4
270.4
270.5
270.5
270.5
270.5
270.5
270.6
270.6
270.6
270.6
270.6
270.7
270.7
270.8
270.8
270.8
270.8
270.9
270.9
271.0
271.0
271.1
271.1
271.1
271.2
271.3
271.3
271.3
271.3
271.3
271.3
271.4
271.5
271.6
271.7
271.7
271.8
271.9
272.0
272.1
272.3
272.4
272.6
272.8
272.8
273.0
273.1
273.2
273.3
273.5
273.7
273.8
274.1
274.1
274.1
274.6
275.4
275.7
276.0
276.3
276.3
276.4
276.6
276.8
277.3
277.9
278.1
278.3
278.8
279.0
279.1
279.9
280.5
280.6
281.5
284.2
295.4
295.9
298.8
309.2
321.3
416.5
416.5
416.5
416.5
416.5
416.5
416.5
416.6
416.6
416.6
416.6
416.6
416.6
416.6
416.6
416.6
416.6
416.6
416.6
416.6
416.6
416.6
416.6
416.6
416.6
416.6
416.6
416.6
416.6
416.6
416.6
416.6
416.6
416.6
416.6
416.6
416.6
416.6
416.6
416.6
416.6
416.6
416.6
416.6
416.6
416.6
416.6
416.6
416.6
416.6
416.6
416.6
416.6
416.6
416.6
416.7
416.7
416.7
416.7
416.7
416.7
416.7
416.7
416.7
416.7
416.7
416.7
416.8
416.8
416.8
416.8
416.8
416.9
416.9
416.9
416.9
417.0
417.0
417.0
417.1
417.1
417.2
417.3
417.3
417.3
417.3
417.4
417.4
417.5
417.5
417.5
417.6
417.7
417.7
417.9
418.0
418.0
418.0
418.1
418.1
421.4
421.5
421.5
421.5
421.5
421.5
421.5
421.5
421.5
421.5
421.5
421.6
421.6
421.6
421.6
421.6
421.6
421.6
421.6
421.6
421.6
421.6
421.6
421.6
421.6
421.6
421.6
421.6
421.6
421.6
421.6
421.6
421.6
421.6
421.6
421.6
421.6
421.6
421.7
421.7
421.7
421.7
421.7
421.7
421.7
421.7
421.7
421.7
421.7
421.7
421.7
421.7
421.7
421.7
421.7
421.7
421.7
421.7
421.7
421.7
421.7
421.8
421.8
421.8
421.8
421.9
421.9
422.0
422.0
422.1
422.1
422.2
422.3
422.4
422.4
422.4
422.5
422.6
422.7
422.9
423.0
423.3
423.3
423.4
423.4
423.5
423.7
423.7
424.0
424.0
424.2
424.5
424.8
424.8
425.4
425.6
425.8
425.8
425.9
425.9
425.9
425.9
426.0
426.0
426.0
426.0
426.0
426.0
426.1
426.1
426.1
426.1
426.1
426.1
426.1
426.1
426.1
426.1
426.1
426.2
426.2
426.2
426.2
426.2
426.2
426.2
426.2
426.2
426.3
426.3
426.3
426.3
426.3
426.3
426.3
426.4
426.4
426.4
426.4
426.4
426.4
426.4
426.5
426.5
426.5
426.5
426.5
426.5
426.5
426.6
426.6
426.6
426.6
426.6
426.6
426.6
426.7
426.7
426.7
426.7
426.8
426.8
426.9
427.0
427.2
427.2
427.2
427.3
427.3
427.3
427.3
427.4
427.4
427.6
427.6
427.7
427.8
427.9
428.3
428.8
428.9
429.0
429.0
429.1
429.2
429.4
429.7
430.1
430.3
430.5
430.7
430.7
430.8
430.9
430.9
430.9
430.9
431.0
431.1
431.1
431.1
431.1
431.1
431.1
431.2
431.2
431.2
431.2
431.3
431.3
431.4
431.4
431.4
431.4
431.4
431.5
431.5
431.5
431.5
431.5
431.6
431.7
431.8
431.8
431.8
431.8
431.8
431.8
431.8
431.9
431.9
432.0
432.0
432.0
432.0
432.0
432.1
432.1
432.2
432.2
432.2
432.2
432.2
432.4
432.5
432.6
432.6
432.6
432.6
432.6
432.7
432.7
432.8
432.8
433.0
433.2
433.3
433.5
433.6
433.7
433.8
433.8
433.9
433.9
433.9
434.3
434.4
434.5
434.8
434.8
434.9
435.1
435.2
435.4
435.4
435.9
436.1
436.4
437.4
438.0
438.6
438.7
438.8
439.2
439.4
439.5
439.8
439.9
439.9
440.4
440.6
440.7
440.7
440.7
440.9
441.0
441.1
441.4
441.4
441.5
441.7
441.8
441.9
442.1
442.1
442.1
442.2
442.2
442.2
442.3
442.4
442.8
443.1
443.2
443.2
443.4
443.5
443.6
443.7
444.0
444.1
444.2
444.3
444.3
444.4
444.4
444.5
444.6
444.9
445.6
446.0
446.2
446.2
446.5
446.7
446.8
447.0
447.1
447.7
447.8
448.5
448.6
448.9
449.4
449.5
449.7
450.8
450.9
451.1
452.6
453.9
454.8
456.7
458.2
462.3
468.2
496.7
546.0
546.0
546.0
546.0
546.0
546.0
546.0
546.0
546.0
546.0
546.0
546.0
546.0
546.0
546.0
546.0
546.0
546.0
546.0
546.0
546.0
546.0
546.0
546.0
546.0
546.0
546.0
546.0
546.0
546.0
546.0
546.0
546.0
546.1
546.1
546.1
546.1
546.1
546.1
546.1
546.1
546.1
546.1
546.1
546.1
546.1
546.1
546.1
546.1
546.1
546.1
546.2
546.2
546.2
546.2
546.2
546.2
546.2
546.2
546.2
546.2
546.2
546.2
546.2
546.2
546.2
546.2
546.2
546.2
546.2
546.2
546.2
546.2
546.3
546.3
546.3
546.3
546.3
546.4
546.5
546.5
546.5
546.6
546.7
546.7
546.7
546.7
546.7
546.7
546.8
546.8
546.9
546.9
547.0
547.1
547.2
547.2
547.2
547.3
547.5
552.7
552.8
552.8
552.8
552.8
552.8
552.8
552.9
552.9
552.9
552.9
552.9
552.9
552.9
552.9
553.0
553.0
553.0
553.0
553.0
553.0
553.0
553.0
553.0
553.0
553.0
553.0
553.0
553.0
553.0
553.1
553.1
553.1
553.1
553.2
553.2
553.3
553.3
553.3
553.3
553.3
553.4
553.4
553.4
553.4
553.4
553.4
553.5
553.5
553.5
553.5
553.5
553.5
553.5
553.5
553.6
553.6
553.6
553.6
553.6
553.7
553.7
553.7
553.8
553.8
553.9
553.9
553.9
554.0
554.0
554.0
554.1
554.1
554.2
554.3
554.4
554.4
554.8
554.9
556.2
556.2
556.3
556.7
557.1
557.3
557.5
557.9
558.1
558.2
558.3
559.0
560.9
560.9
561.7
563.2
564.0
564.1
564.4
564.5
564.7
564.7
564.7
564.7
564.7
564.7
564.7
564.7
564.7
564.8
564.8
564.8
564.8
564.8
564.8
564.8
564.8
564.8
564.8
564.8
564.8
564.8
564.8
564.8
564.8
564.8
564.8
564.8
564.8
564.8
564.8
564.8
564.8
564.8
564.8
564.8
564.8
564.8
564.8
564.8
564.8
564.8
564.8
564.8
564.8
564.8
564.8
564.8
564.8
564.8
564.8
564.8
564.8
564.9
564.9
564.9
564.9
564.9
564.9
564.9
564.9
564.9
564.9
564.9
564.9
564.9
564.9
564.9
564.9
564.9
565.0
565.0
565.0
565.2
565.5
565.6
565.6
565.7
565.7
565.7
565.7
566.0
566.1
566.2
566.3
566.6
566.6
566.9
567.0
567.4
567.6
567.8
568.8
569.1
569.1
569.1
569.1
569.1
569.2
569.2
569.2
569.2
569.2
569.2
569.2
569.3
569.3
569.3
569.3
569.3
569.3
569.3
569.4
569.4
569.4
569.4
569.4
569.4
569.4
569.4
569.5
569.5
569.5
569.5
569.5
569.5
569.6
569.6
569.6
569.6
569.6
569.6
569.6
569.6
569.7
569.7
569.8
569.8
569.8
569.8
569.8
569.8
569.8
569.8
569.9
569.9
569.9
569.9
569.9
569.9
570.0
570.0
570.0
570.0
570.1
570.1
570.2
570.3
570.5
570.6
570.6
570.6
570.6
570.8
570.8
570.8
570.9
570.9
571.1
571.1
571.4
571.6
571.6
571.8
571.8
572.0
572.1
572.1
572.3
572.3
572.4
572.6
572.6
572.8
572.9
573.2
573.5
573.7
574.1
574.2
574.2
574.2
574.3
574.3
574.3
574.3
574.4
574.4
574.4
574.5
574.5
574.5
574.5
574.5
574.6
574.6
574.7
574.7
574.7
574.8
574.8
574.8
574.8
574.9
574.9
574.9
574.9
574.9
575.0
575.0
575.1
575.2
575.2
575.2
575.2
575.3
575.3
575.3
575.3
575.3
575.3
575.3
575.4
575.4
575.5
575.5
575.5
575.6
575.6
575.7
575.8
575.9
575.9
576.0
576.0
576.1
576.1
576.1
576.2
576.2
576.3
576.5
576.6
576.8
576.8
576.9
577.1
577.1
577.2
577.4
577.5
577.7
577.8
577.9
577.9
577.9
577.9
578.0
578.1
578.3
578.6
578.6
578.7
578.8
578.8
578.9
579.0
579.1
579.3
579.8
579.9
579.9
580.0
580.1
580.1
580.1
580.1
580.1
580.2
580.2
580.2
580.3
580.3
580.3
580.3
580.4
580.4
580.4
580.5
580.5
580.5
580.6
580.6
580.7
580.7
580.7
580.7
580.8
580.8
580.8
580.9
580.9
580.9
580.9
580.9
581.0
581.0
581.1
581.1
581.2
581.3
581.3
581.3
581.3
581.4
581.4
581.4
581.4
581.5
581.5
581.6
581.8
581.9
581.9
581.9
582.0
582.0
582.0
582.2
582.2
582.3
582.4
582.5
582.6
582.7
582.9
582.9
583.1
583.1
583.2
583.7
583.7
583.7
584.2
584.2
584.4
584.7
584.8
584.9
585.2
585.5
586.0
586.1
586.2
586.5
587.2
587.5
587.5
587.5
587.9
588.1
588.3
588.5
588.5
588.5
589.7
589.7
590.9
590.9
591.1
591.8
592.5
592.8
593.0
593.3
593.5
593.6
593.6
593.6
593.7
594.0
594.1
594.3
594.5
594.6
594.7
594.9
594.9
595.0
595.4
595.6
595.8
595.9
596.3
596.6
596.8
596.8
596.8
596.9
597.1
597.4
597.5
597.5
597.5
598.1
598.2
598.6
598.9
599.6
600.0
600.2
600.3
600.8
600.9
601.0
601.4
602.2
602.3
602.5
602.8
602.9
604.8
604.8
605.0
605.1
606.9
607.6
612.4
617.0
624.1
693.1
693.1
693.1
693.1
693.1
693.1
693.1
693.1
693.1
693.1
693.1
693.1
693.1
693.1
693.1
693.1
693.1
693.1
693.1
693.1
693.1
693.1
693.1
693.1
693.1
693.1
693.1
693.1
693.1
693.1
693.2
693.2
693.2
693.2
693.2
693.2
693.2
693.2
693.2
693.2
693.2
693.2
693.2
693.2
693.2
693.2
693.2
693.2
693.2
693.2
693.2
693.2
693.2
693.2
693.2
693.2
693.2
693.2
693.2
693.2
693.2
693.2
693.3
693.3
693.3
693.3
693.3
693.3
693.3
693.3
693.3
693.3
693.3
693.3
693.3
693.4
693.4
693.4
693.4
693.6
693.6
693.6
693.6
693.7
693.7
693.7
693.8
693.8
693.8
693.8
693.8
694.0
694.0
694.0
694.1
694.2
694.2
694.3
694.3
694.6
699.9
700.0
700.0
700.0
700.0
700.0
700.1
700.1
700.1
700.1
700.1
700.1
700.1
700.1
700.2
700.2
700.2
700.2
700.2
700.2
700.2
700.2
700.2
700.2
700.2
700.2
700.2
700.2
700.3
700.3
700.3
700.3
700.3
700.3
700.4
700.4
700.4
700.5
700.5
700.5
700.5
700.5
700.5
700.5
700.5
700.6
700.6
700.6
700.6
700.6
700.6
700.6
700.6
700.6
700.7
700.7
700.7
700.7
700.7
700.7
700.8
700.8
700.8
700.9
700.9
700.9
701.0
701.0
701.1
701.1
701.1
701.1
701.2
701.2
701.3
701.3
701.4
701.6
701.6
702.2
702.2
702.3
702.4
702.4
702.5
702.6
702.7
702.8
702.8
702.9
703.1
703.4
703.5
703.5
703.9
704.2
704.3
704.5
704.5
704.9
706.4
706.4
706.4
706.4
706.5
706.5
706.5
706.5
706.5
706.5
706.5
706.5
706.5
706.5
706.6
706.6
706.6
706.6
706.6
706.6
706.6
706.6
706.6
706.6
706.6
706.6
706.6
706.6
706.6
706.7
706.7
706.8
706.8
706.8
706.8
706.8
706.8
706.8
706.9
706.9
706.9
706.9
706.9
706.9
706.9
706.9
707.0
707.1
707.1
707.1
707.1
707.1
707.2
707.2
707.2
707.3
707.3
707.3
707.3
707.3
707.4
707.4
707.4
707.5
707.6
707.6
707.6
707.7
707.8
707.8
707.9
707.9
707.9
707.9
708.0
708.0
708.0
708.2
708.4
708.6
708.8
708.8
708.9
709.0
709.0
709.0
709.1
709.1
709.2
709.2
709.3
709.5
709.9
710.0
710.1
710.2
710.2
710.3
710.3
710.3
710.3
710.3
710.4
710.4
710.4
710.4
710.4
710.5
710.5
710.5
710.5
710.5
710.5
710.6
710.7
710.7
710.7
710.7
710.7
710.7
710.7
710.7
710.7
710.7
710.7
710.7
710.7
710.7
710.8
710.8
710.8
710.8
710.8
710.8
710.8
710.8
710.8
710.9
710.9
710.9
711.0
711.0
711.1
711.1
711.1
711.1
711.2
711.2
711.2
711.2
711.3
711.3
711.4
711.4
711.4
711.4
711.5
711.5
711.5
711.5
711.6
711.6
711.8
711.8
711.9
712.3
712.4
712.5
712.5
712.5
712.7
712.7
712.8
712.8
713.0
713.1
713.3
713.5
714.0
714.4
714.4
714.5
714.6
714.6
714.8
714.9
715.3
715.3
715.3
715.4
715.4
715.5
715.5
715.5
715.7
715.7
715.7
715.8
715.8
715.9
715.9
715.9
715.9
715.9
716.0
716.0
716.1
716.1
716.1
716.1
716.1
716.1
716.3
716.3
716.3
716.4
716.4
716.4
716.4
716.4
716.4
716.4
716.4
716.4
716.5
716.5
716.5
716.5
716.5
716.6
716.6
716.6
716.6
716.6
716.7
716.8
716.9
716.9
717.0
717.0
717.0
717.0
717.0
717.1
717.1
717.2
717.3
717.3
717.4
717.4
717.5
717.5
717.5
717.6
717.6
717.8
717.9
718.0
718.0
718.1
718.5
718.7
718.8
718.9
719.0
719.0
719.2
719.5
719.5
719.8
719.8
719.9
720.0
720.1
720.9
721.0
721.1
721.3
722.3
722.5
722.7
723.0
723.3
723.3
723.5
724.6
725.9
726.6
726.9
727.0
727.1
727.2
727.2
727.2
727.4
727.5
727.6
727.7
727.8
727.9
728.0
728.2
728.4
728.4
728.6
729.1
729.1
729.3
729.4
729.4
729.6
730.0
730.1
730.1
730.1
730.4
730.7
731.1
731.2
731.2
731.3
731.3
731.3
731.7
731.7
732.0
732.5
732.5
732.6
732.7
732.8
732.9
733.1
733.2
733.6
733.9
733.9
733.9
734.0
734.0
734.0
734.0
734.0
734.0
734.1
734.1
734.1
734.2
734.3
734.4
734.4
734.4
734.4
734.5
734.5
734.6
734.6
734.6
734.6
734.7
734.7
734.7
734.7
734.7
734.7
734.8
734.8
734.8
734.9
734.9
735.0
735.0
735.0
735.1
735.1
735.1
735.2
735.2
735.2
735.2
735.2
735.2
735.2
735.2
735.2
735.2
735.2
735.2
735.2
735.2
735.2
735.2
735.3
735.3
735.3
735.3
735.3
735.3
735.3
735.3
735.4
735.4
735.4
735.4
735.4
735.4
735.5
735.5
735.5
735.5
735.5
735.6
735.6
735.7
735.7
735.7
735.7
735.8
735.8
735.8
735.9
735.9
736.2
736.4
736.5
737.0
737.2
737.2
737.3
737.4
737.7
737.9
738.1
738.4
739.3
739.3
739.5
739.5
739.6
739.7
739.7
739.7
739.7
739.8
739.8
739.9
740.3
740.5
740.5
740.6
740.6
740.7
740.8
740.8
741.0
741.0
741.1
741.2
741.3
741.3
741.4
741.5
741.6
741.6
741.7
741.7
741.7
741.7
741.7
741.7
741.7
741.7
741.7
741.7
741.8
741.8
741.8
741.8
741.8
741.8
741.9
741.9
741.9
741.9
742.0
742.0
742.0
742.1
742.1
742.1
742.2
742.2
742.2
742.2
742.2
742.2
742.3
742.3
742.3
742.4
742.4
742.4
742.5
742.6
742.6
742.6
742.6
742.6
742.7
742.9
742.9
743.0
743.1
743.1
743.3
743.3
743.4
743.4
743.4
743.6
743.7
743.7
743.7
743.7
743.8
743.8
743.8
743.9
743.9
743.9
744.0
744.0
744.0
744.0
744.1
744.2
744.3
744.3
744.3
744.4
744.4
744.7
744.7
744.7
744.8
745.0
745.3
745.5
745.5
745.7
745.8
745.8
746.0
746.3
746.4
746.5
746.5
746.5
746.6
746.6
746.6
746.7
746.7
746.8
746.8
746.8
746.8
747.0
747.0
747.0
747.0
747.1
747.2
747.2
747.2
747.3
747.3
747.3
747.3
747.3
747.4
747.4
747.4
747.4
747.4
747.4
747.5
747.6
747.6
747.6
747.6
747.6
747.6
747.7
747.7
747.8
747.9
747.9
748.0
748.0
748.1
748.2
748.3
748.6
748.6
748.7
749.0
749.2
749.3
749.4
749.6
749.7
749.7
749.7
749.8
749.8
749.9
749.9
750.2
750.2
750.2
750.4
750.7
751.1
751.2
751.2
751.5
751.5
751.6
751.6
751.7
751.8
751.9
752.1
752.1
752.4
752.5
752.6
752.7
752.7
752.8
752.9
752.9
752.9
753.0
753.0
753.1
753.1
753.1
753.1
753.1
753.2
753.3
753.4
753.4
753.4
753.5
753.5
753.5
753.5
753.5
753.5
753.6
753.6
753.6
753.7
753.8
753.8
753.8
753.9
753.9
753.9
754.0
754.0
754.1
754.1
754.1
754.2
754.2
754.2
754.4
754.4
754.5
754.5
754.5
754.5
754.5
754.6
754.6
754.6
754.6
754.7
754.8
754.8
754.8
754.9
754.9
754.9
755.0
755.2
755.4
755.5
755.7
755.7
755.8
755.9
755.9
756.0
756.2
756.2
756.3
756.3
756.4
756.4
756.5
756.7
756.7
756.9
756.9
757.1
757.3
758.2
758.6
758.9
759.9
760.6
762.2
762.2
762.3
762.4
762.4
762.5
762.5
762.6
762.7
762.8
762.9
763.0
763.1
763.2
763.2
763.3
763.5
763.6
763.7
764.2
764.4
764.5
764.7
764.9
764.9
765.0
765.0
765.1
765.2
766.0
766.0
766.2
766.4
766.9
767.0
767.0
767.5
767.6
767.6
767.9
768.3
768.6
768.7
769.0
769.3
769.4
769.7
769.9
771.1
772.5
772.6
773.7
774.2
774.3
775.3
775.6
776.0
776.2
777.7
779.6
780.5
782.7
782.7
785.1
785.6
787.7
791.4
863.5
863.6
863.6
863.6
863.6
863.6
863.6
863.6
863.6
863.6
863.6
863.6
863.6
863.6
863.6
863.6
863.6
863.7
863.7
863.7
863.7
863.7
863.7
863.7
863.7
863.7
863.7
863.7
863.7
863.7
863.7
863.7
863.7
863.7
863.7
863.7
863.7
863.7
863.7
863.7
863.7
863.7
863.7
863.7
863.7
863.8
863.8
863.8
863.8
863.8
863.8
863.8
863.8
863.8
863.8
863.8
863.8
863.8
863.8
863.8
863.8
863.8
863.8
863.8
863.8
863.8
863.9
863.9
863.9
863.9
864.0
864.0
864.0
864.0
864.1
864.2
864.3
864.4
864.4
864.4
864.4
864.5
864.5
864.5
864.5
864.6
864.9
865.1
865.2
865.3
865.5
865.6
865.7
865.9
866.0
866.2
866.4
866.5
866.5
866.5
868.1
868.1
868.1
868.1
868.1
868.1
868.1
868.1
868.1
868.1
868.1
868.1
868.1
868.1
868.1
868.1
868.2
868.2
868.2
868.2
868.2
868.2
868.2
868.2
868.2
868.2
868.2
868.2
868.2
868.2
868.2
868.2
868.2
868.2
868.2
868.2
868.2
868.2
868.2
868.2
868.2
868.2
868.2
868.2
868.2
868.2
868.2
868.2
868.2
868.2
868.2
868.2
868.2
868.2
868.2
868.2
868.2
868.2
868.2
868.2
868.2
868.2
868.2
868.2
868.2
868.2
868.2
868.3
868.3
868.3
868.3
868.3
868.3
868.6
868.6
868.6
868.6
868.6
868.7
868.7
868.7
868.8
868.8
868.9
869.0
869.0
869.4
869.5
869.5
869.7
869.9
870.2
870.7
870.9
870.9
871.4
871.7
872.0
872.0
872.1
872.4
872.4
872.4
872.4
872.4
872.5
872.5
872.5
872.5
872.5
872.5
872.5
872.5
872.5
872.5
872.5
872.5
872.5
872.5
872.5
872.5
872.5
872.5
872.5
872.5
872.5
872.5
872.5
872.5
872.5
872.5
872.5
872.5
872.5
872.5
872.5
872.5
872.5
872.5
872.5
872.5
872.5
872.5
872.6
872.6
872.6
872.6
872.6
872.6
872.6
872.6
872.6
872.6
872.6
872.6
872.6
872.6
872.6
872.7
872.7
872.7
872.7
872.7
872.7
872.7
872.8
872.8
872.8
872.8
872.8
872.8
872.9
873.0
873.1
873.1
873.3
873.3
873.4
873.4
873.5
873.5
873.5
873.6
873.6
873.8
873.9
874.1
874.3
874.6
874.7
874.8
875.0
876.0
876.0
876.3
876.5
876.5
876.5
876.5
876.6
876.6
876.6
876.6
876.6
876.6
876.6
876.6
876.7
876.7
876.7
876.7
876.7
876.7
876.7
876.7
876.7
876.7
876.8
876.8
876.8
876.8
876.8
876.8
876.8
876.8
876.8
876.8
876.8
876.8
876.9
876.9
876.9
876.9
876.9
876.9
876.9
876.9
876.9
877.0
877.0
877.0
877.0
877.0
877.0
877.0
877.0
877.0
877.1
877.1
877.1
877.1
877.1
877.1
877.1
877.1
877.2
877.2
877.3
877.4
877.4
877.4
877.4
877.5
877.5
877.5
877.6
877.6
877.8
877.9
877.9
878.0
878.0
878.1
878.2
878.4
878.4
878.5
878.7
878.8
878.9
878.9
878.9
879.0
879.2
879.3
879.9
880.3
880.7
881.0
881.6
881.9
882.2
882.4
882.6
882.6
882.6
882.8
882.8
882.8
882.9
882.9
882.9
882.9
882.9
882.9
883.0
883.1
883.2
883.2
883.2
883.3
883.3
883.3
883.3
883.3
883.4
883.4
883.4
883.4
883.5
883.5
883.6
883.7
883.7
883.7
883.7
883.7
883.7
883.7
883.8
883.8
883.8
883.8
883.8
883.8
883.9
884.0
884.0
884.0
884.1
884.1
884.1
884.2
884.2
884.3
884.3
884.6
884.6
884.6
884.7
884.7
884.7
884.7
884.8
884.8
884.8
884.9
885.1
885.2
885.4
885.7
885.7
885.8
886.1
886.2
886.5
886.9
887.0
887.4
887.5
887.5
887.7
888.0
888.2
888.6
888.8
888.9
889.3
889.5
889.5
890.3
891.0
892.2
895.0
895.3
895.4
899.3
900.1
906.8
907.5
907.8
908.2
908.3
908.3
908.3
908.4
908.4
908.4
908.4
908.4
908.4
908.4
908.4
908.4
908.5
908.5
908.5
908.5
908.5
908.5
908.5
908.5
908.5
908.5
908.5
908.6
908.6
908.6
908.6
908.6
908.6
908.6
908.6
908.6
908.6
908.6
908.6
908.6
908.6
908.6
908.6
908.6
908.6
908.7
908.7
908.7
908.7
908.7
908.7
908.7
908.7
908.7
908.7
908.7
908.7
908.7
908.8
908.8
908.8
908.8
908.8
908.8
908.8
908.8
908.9
908.9
908.9
908.9
908.9
909.0
909.1
909.1
909.1
909.3
909.3
909.3
909.4
909.5
909.6
909.6
909.6
909.7
909.7
909.8
909.8
909.9
910.1
910.4
910.4
910.5
910.5
910.9
911.2
911.3
911.5
911.6
912.4
912.7
917.3
917.4
917.4
917.4
917.4
917.4
917.4
917.4
917.4
917.4
917.4
917.4
917.4
917.4
917.4
917.4
917.4
917.4
917.5
917.5
917.5
917.5
917.5
917.5
917.5
917.5
917.5
917.5
917.5
917.5
917.5
917.5
917.5
917.5
917.5
917.5
917.5
917.5
917.5
917.5
917.5
917.5
917.5
917.5
917.5
917.5
917.5
917.5
917.5
917.5
917.5
917.5
917.5
917.5
917.5
917.5
917.5
917.5
917.5
917.5
917.5
917.6
917.6
917.6
917.6
917.6
917.6
917.6
917.6
917.6
917.6
917.6
917.6
917.7
917.7
917.8
917.9
917.9
917.9
918.0
918.0
918.0
918.0
918.1
918.1
918.2
918.3
918.3
918.4
918.4
918.4
918.6
918.7
918.7
919.0
919.0
919.1
919.2
919.3
919.3
922.3
922.3
922.3
922.3
922.3
922.3
922.3
922.4
922.4
922.4
922.4
922.4
922.4
922.4
922.4
922.4
922.4
922.4
922.4
922.4
922.5
922.5
922.5
922.5
922.5
922.5
922.5
922.5
922.5
922.5
922.5
922.5
922.5
922.5
922.5
922.5
922.5
922.5
922.5
922.5
922.5
922.5
922.5
922.5
922.5
922.6
922.6
922.6
922.6
922.6
922.6
922.6
922.6
922.6
922.6
922.6
922.6
922.6
922.7
922.7
922.7
922.7
922.7
922.8
922.8
922.8
922.8
922.9
922.9
922.9
923.0
923.0
923.1
923.1
923.2
923.2
923.3
923.4
923.5
923.5
923.6
923.7
923.7
923.8
923.8
923.8
923.9
924.1
924.2
924.3
924.4
924.8
924.8
925.1
925.4
925.4
925.6
925.9
926.1
926.1
926.6
926.7
926.7
926.7
926.7
926.7
926.8
926.8
926.9
926.9
926.9
926.9
926.9
926.9
927.0
927.0
927.0
927.0
927.0
927.0
927.1
927.1
927.1
927.1
927.1
927.1
927.1
927.1
927.1
927.2
927.2
927.2
927.2
927.2
927.2
927.3
927.3
927.3
927.3
927.3
927.3
927.3
927.3
927.3
927.4
927.4
927.4
927.5
927.5
927.5
927.5
927.5
927.6
927.6
927.6
927.6
927.6
927.8
927.8
927.8
927.8
927.9
928.0
928.1
928.1
928.2
928.4
928.4
928.4
928.5
928.5
928.6
928.6
928.9
928.9
929.0
929.0
929.3
929.8
929.9
930.0
930.1
930.1
930.2
930.2
930.3
930.5
930.5
931.0
931.2
931.3
932.4
932.5
932.6
932.9
932.9
933.0
933.1
933.1
933.2
933.2
933.2
933.3
933.3
933.3
933.3
933.3
933.3
933.4
933.4
933.4
933.5
933.5
933.6
933.7
933.7
933.8
933.8
933.8
933.9
933.9
933.9
933.9
933.9
934.0
934.0
934.0
934.1
934.1
934.2
934.2
934.2
934.2
934.2
934.2
934.2
934.2
934.2
934.3
934.3
934.3
934.4
934.4
934.5
934.5
934.5
934.6
934.6
934.6
934.8
934.8
934.9
934.9
935.0
935.1
935.1
935.2
935.2
935.2
935.2
935.3
935.3
935.5
935.7
936.0
936.0
936.0
936.0
936.1
936.4
936.4
936.9
937.2
937.2
937.2
937.4
937.5
938.7
939.6
939.9
940.2
940.4
940.5
941.0
941.1
942.5
942.6
943.2
944.4
944.6
945.0
946.6
946.8
947.0
947.2
948.4
948.4
948.7
949.2
949.3
949.7
949.8
950.5
950.7
950.8
951.2
951.3
951.4
951.5
951.7
951.8
952.2
952.8
952.9
953.1
953.1
953.2
953.3
953.9
954.0
954.2
954.8
954.8
955.0
955.5
955.8
956.0
956.5
956.6
957.2
957.8
958.0
958.1
959.4
959.6
960.1
962.1
963.8
966.1
967.5
968.5
975.0
977.0
986.8
1039.1
1039.1
1039.1
1039.1
1039.1
1039.2
1039.2
1039.2
1039.2
1039.2
1039.2
1039.2
1039.2
1039.2
1039.2
1039.2
1039.2
1039.2
1039.2
1039.2
1039.2
1039.3
1039.3
1039.3
1039.3
1039.3
1039.3
1039.3
1039.3
1039.3
1039.3
1039.3
1039.3
1039.3
1039.3
1039.3
1039.3
1039.3
1039.3
1039.3
1039.3
1039.3
1039.3
1039.4
1039.4
1039.4
1039.4
1039.4
1039.4
1039.4
1039.4
1039.4
1039.4
1039.4
1039.4
1039.5
1039.5
1039.5
1039.5
1039.6
1039.6
1039.6
1039.6
1039.6
1039.7
1039.8
1039.8
1039.8
1039.8
1039.9
1039.9
1039.9
1040.0
1040.1
1040.1
1040.2
1040.3
1040.3
1040.3
1040.3
1040.4
1040.4
1040.4
1040.5
1040.5
1040.5
1040.7
1040.8
1040.8
1040.9
1040.9
1041.0
1041.1
1041.1
1041.2
1041.2
1041.3
1041.4
1041.4
1041.4
1043.1
1043.1
1043.1
1043.1
1043.1
1043.1
1043.1
1043.1
1043.1
1043.2
1043.2
1043.2
1043.2
1043.2
1043.2
1043.2
1043.2
1043.3
1043.3
1043.3
1043.3
1043.3
1043.3
1043.3
1043.3
1043.3
1043.3
1043.3
1043.3
1043.4
1043.4
1043.4
1043.4
1043.4
1043.4
1043.4
1043.4
1043.4
1043.4
1043.4
1043.4
1043.4
1043.4
1043.4
1043.5
1043.5
1043.5
1043.5
1043.5
1043.5
1043.5
1043.5
1043.5
1043.6
1043.6
1043.6
1043.7
1043.7
1043.7
1043.7
1043.8
1043.9
1043.9
1043.9
1044.0
1044.0
1044.1
1044.1
1044.1
1044.1
1044.2
1044.3
1044.3
1044.8
1044.8
1044.8
1044.9
1044.9
1045.0
1045.0
1045.1
1045.2
1045.2
1045.3
1045.5
1045.5
1045.8
1045.9
1046.1
1046.1
1046.3
1046.4
1046.7
1046.8
1047.0
1047.0
1047.0
1047.0
1047.0
1047.0
1047.1
1047.1
1047.1
1047.1
1047.1
1047.1
1047.1
1047.1
1047.1
1047.1
1047.1
1047.1
1047.2
1047.2
1047.2
1047.2
1047.2
1047.2
1047.2
1047.2
1047.2
1047.2
1047.2
1047.3
1047.3
1047.3
1047.3
1047.3
1047.3
1047.3
1047.3
1047.3
1047.3
1047.3
1047.4
1047.4
1047.4
1047.4
1047.4
1047.4
1047.4
1047.4
1047.4
1047.4
1047.4
1047.4
1047.5
1047.5
1047.5
1047.5
1047.5
1047.5
1047.5
1047.5
1047.6
1047.6
1047.7
1047.7
1047.9
1047.9
1047.9
1047.9
1048.0
1048.1
1048.1
1048.1
1048.1
1048.1
1048.2
1048.2
1048.4
1048.4
1048.5
1049.0
1049.0
1049.3
1049.4
1049.4
1049.5
1049.7
1049.7
1049.7
1049.8
1049.9
1050.3
1050.5
1050.7
1051.0
1051.1
1051.2
1051.2
1051.3
1051.3
1051.3
1051.3
1051.3
1051.3
1051.4
1051.4
1051.4
1051.4
1051.4
1051.4
1051.5
1051.5
1051.5
1051.5
1051.5
1051.5
1051.5
1051.5
1051.6
1051.6
1051.6
1051.6
1051.6
1051.6
1051.7
1051.7
1051.7
1051.8
1051.8
1051.8
1051.8
1051.8
1051.8
1051.8
1051.8
1051.9
1051.9
1051.9
1051.9
1051.9
1051.9
1051.9
1051.9
1051.9
1051.9
1052.0
1052.0
1052.0
1052.0
1052.1
1052.1
1052.2
1052.2
1052.3
1052.3
1052.3
1052.4
1052.6
1052.6
1052.7
1052.7
1052.8
1052.8
1052.8
1052.8
1052.9
1053.1
1053.1
1053.1
1053.1
1053.2
1053.2
1053.3
1053.3
1053.4
1053.8
1053.8
1053.9
1054.2
1054.2
1054.3
1054.3
1055.0
1055.1
1055.3
1055.4
1055.4
1055.5
1055.5
1055.7
1056.3
1056.4
1057.4
1057.5
1057.5
1057.7
1057.8
1057.8
1057.9
1057.9
1057.9
1057.9
1057.9
1057.9
1058.0
1058.0
1058.0
1058.2
1058.3
1058.4
1058.4
1058.4
1058.4
1058.4
1058.5
1058.5
1058.5
1058.6
1058.6
1058.6
1058.7
1058.8
1058.8
1058.8
1058.9
1058.9
1058.9
1059.0
1059.0
1059.0
1059.1
1059.1
1059.1
1059.1
1059.2
1059.2
1059.2
1059.2
1059.3
1059.5
1059.5
1059.6
1059.6
1059.7
1059.8
1059.9
1060.0
1060.0
1060.2
1060.2
1060.3
1060.3
1060.4
1060.4
1060.4
1060.6
1060.6
1060.7
1060.8
1061.1
1061.2
1061.6
1061.6
1061.7
1061.9
1061.9
1062.4
1062.7
1063.5
1063.8
1064.0
1064.7
1064.8
1065.0
1065.1
1066.5
1067.1
1067.5
1067.8
1068.7
1069.1
1069.4
1070.3
1070.5
1072.1
1072.1
1073.5
1076.6
1080.8
1083.1
1205.5
1205.5
1205.5
1205.5
1205.5
1205.5
1205.5
1205.5
1205.5
1205.5
1205.5
1205.5
1205.5
1205.5
1205.5
1205.5
1205.5
1205.5
1205.5
1205.5
1205.5
1205.5
1205.5
1205.5
1205.5
1205.5
1205.5
1205.5
1205.5
1205.5
1205.5
1205.5
1205.5
1205.5
1205.5
1205.5
1205.6
1205.6
1205.6
1205.6
1205.6
1205.6
1205.6
1205.6
1205.6
1205.6
1205.6
1205.6
1205.6
1205.6
1205.6
1205.6
1205.6
1205.6
1205.6
1205.6
1205.6
1205.6
1205.6
1205.6
1205.6
1205.6
1205.6
1205.6
1205.6
1205.6
1205.6
1205.6
1205.7
1205.7
1205.7
1205.7
1205.7
1205.7
1205.7
1205.7
1205.7
1205.8
1205.8
1205.8
1205.8
1205.9
1205.9
1205.9
1205.9
1205.9
1206.0
1206.0
1206.0
1206.0
1206.1
1206.1
1206.2
1206.2
1206.2
1206.3
1206.3
1206.3
1206.3
1206.4
1209.7
1209.7
1209.7
1209.7
1209.7
1209.7
1209.7
1209.7
1209.7
1209.7
1209.7
1209.7
1209.7
1209.7
1209.7
1209.7
1209.7
1209.7
1209.7
1209.7
1209.7
1209.7
1209.7
1209.7
1209.8
1209.8
1209.8
1209.8
1209.8
1209.8
1209.8
1209.8
1209.8
1209.8
1209.8
1209.8
1209.8
1209.8
1209.8
1209.8
1209.8
1209.8
1209.8
1209.8
1209.8
1209.8
1209.8
1209.8
1209.8
1209.8
1209.8
1209.8
1209.8
1209.8
1209.8
1209.8
1209.8
1209.8
1209.8
1209.8
1209.8
1209.9
1209.9
1209.9
1209.9
1209.9
1209.9
1209.9
1210.0
1210.0
1210.0
1210.1
1210.2
1210.3
1210.3
1210.3
1210.4
1210.4
1210.5
1210.6
1210.6
1210.7
1210.8
1210.8
1210.9
1211.0
1211.0
1211.0
1211.2
1211.2
1211.3
1211.4
1211.6
1211.7
1211.9
1212.0
1212.0
1212.1
1212.2
1212.2
1213.3
1213.3
1213.3
1213.4
1213.4
1213.4
1213.4
1213.4
1213.4
1213.4
1213.4
1213.4
1213.5
1213.5
1213.5
1213.5
1213.5
1213.5
1213.5
1213.5
1213.5
1213.5
1213.5
1213.5
1213.5
1213.5
1213.6
1213.6
1213.6
1213.6
1213.6
1213.6
1213.6
1213.6
1213.6
1213.6
1213.6
1213.6
1213.6
1213.6
1213.6
1213.6
1213.6
1213.6
1213.7
1213.7
1213.7
1213.7
1213.7
1213.7
1213.7
1213.7
1213.7
1213.8
1213.8
1213.8
1213.8
1213.8
1213.8
1213.8
1213.9
1214.0
1214.0
1214.0
1214.1
1214.1
1214.2
1214.2
1214.2
1214.3
1214.3
1214.3
1214.6
1214.6
1214.6
1214.8
1214.9
1215.2
1215.3
1215.3
1215.4
1215.5
1215.5
1215.6
1215.8
1216.1
1216.3
1216.3
1216.5
1216.8
1217.1
1217.3
1217.8
1217.8
1217.9
1218.1
1218.2
1218.2
1218.2
1218.3
1218.3
1218.3
1218.3
1218.4
1218.4
1218.4
1218.4
1218.4
1218.5
1218.5
1218.5
1218.5
1218.6
1218.6
1218.6
1218.6
1218.6
1218.6
1218.6
1218.6
1218.6
1218.6
1218.6
1218.7
1218.7
1218.7
1218.8
1218.8
1218.8
1218.8
1218.8
1218.8
1218.8
1218.8
1218.9
1218.9
1218.9
1218.9
1218.9
1218.9
1219.0
1219.0
1219.0
1219.0
1219.0
1219.0
1219.1
1219.1
1219.2
1219.2
1219.2
1219.2
1219.2
1219.3
1219.3
1219.3
1219.3
1219.3
1219.4
1219.4
1219.5
1219.5
1219.7
1219.7
1219.8
1219.8
1219.9
1220.0
1220.2
1220.4
1220.5
1220.6
1220.8
1220.8
1220.8
1221.5
1221.5
1221.9
1222.0
1222.1
1222.2
1222.3
1222.4
1222.6
1222.9
1224.0
1224.5
1224.6
1225.3
1225.6
1227.2
1227.4
1227.5
1228.1
1228.1
1228.1
1228.2
1228.2
1228.6
1228.8
1228.8
1228.9
1229.0
1229.1
1229.1
1229.1
1229.2
1229.2
1229.4
1229.4
1229.5
1229.5
1229.6
1229.9
1229.9
1230.0
1230.0
1230.1
1230.1
1230.2
1230.3
1230.3
1230.4
1230.5
1230.7
1230.8
1230.8
1230.9
1231.0
1231.1
1231.1
1231.1
1231.2
1231.3
1231.3
1231.6
1231.6
1231.7
1231.8
1231.9
1232.1
1232.1
1232.2
1232.6
1232.9
1233.2
1233.2
1233.3
1233.3
1233.4
1233.7
1233.8
1233.8
1234.0
1234.6
1234.9
1236.8
1237.3
1237.3
1237.8
1238.3
1238.3
1238.4
1238.9
1239.0
1239.0
1240.8
1248.5
1254.2
1258.4
1258.7
1258.8
1258.8
1258.8
1258.9
1258.9
1258.9
1258.9
1258.9
1258.9
1258.9
1258.9
1258.9
1258.9
1258.9
1258.9
1258.9
1258.9
1258.9
1258.9
1258.9
1258.9
1258.9
1258.9
1258.9
1258.9
1258.9
1258.9
1258.9
1258.9
1258.9
1258.9
1258.9
1258.9
1259.0
1259.0
1259.0
1259.0
1259.0
1259.0
1259.0
1259.0
1259.0
1259.0
1259.0
1259.0
1259.0
1259.0
1259.0
1259.0
1259.0
1259.0
1259.0
1259.0
1259.0
1259.0
1259.0
1259.0
1259.0
1259.0
1259.0
1259.0
1259.0
1259.0
1259.0
1259.0
1259.0
1259.1
1259.1
1259.1
1259.1
1259.1
1259.1
1259.1
1259.1
1259.1
1259.1
1259.1
1259.2
1259.2
1259.3
1259.3
1259.3
1259.3
1259.3
1259.4
1259.4
1259.4
1259.5
1259.5
1259.5
1259.6
1259.8
1259.8
1259.8
1260.0
1260.0
1260.1
1260.4
1264.6
1265.7
1265.8
1265.8
1265.9
1265.9
1265.9
1265.9
1265.9
1265.9
1265.9
1265.9
1266.0
1266.0
1266.0
1266.0
1266.0
1266.0
1266.0
1266.0
1266.0
1266.0
1266.0
1266.0
1266.1
1266.1
1266.1
1266.1
1266.1
1266.1
1266.1
1266.1
1266.1
1266.2
1266.2
1266.2
1266.2
1266.3
1266.3
1266.3
1266.3
1266.3
1266.3
1266.4
1266.4
1266.4
1266.4
1266.5
1266.5
1266.5
1266.5
1266.5
1266.5
1266.5
1266.5
1266.6
1266.6
1266.6
1266.6
1266.6
1266.6
1266.7
1266.7
1266.7
1266.7
1266.7
1266.7
1266.7
1266.8
1266.8
1267.0
1267.0
1267.1
1267.1
1267.2
1267.2
1267.2
1267.3
1267.4
1268.3
1268.7
1269.1
1269.2
1269.4
1269.5
1269.5
1270.3
1270.4
1270.8
1270.9
1271.9
1273.7
1273.8
1273.8
1274.0
1274.4
1275.8
1276.2
1276.4
1276.4
1276.5
1276.7
1276.8
1276.8
1276.9
1276.9
1276.9
1277.0
1277.0
1277.0
1277.0
1277.0
1277.1
1277.1
1277.1
1277.1
1277.1
1277.1
1277.2
1277.2
1277.2
1277.3
1277.3
1277.3
1277.3
1277.3
1277.3
1277.4
1277.5
1277.6
1277.7
1277.8
1277.8
1278.0
1278.2
1278.3
1278.5
1278.7
1278.8
1278.8
1279.1
1279.2
1279.2
1279.2
1279.3
1279.5
1280.1
1280.2
1280.2
1280.3
1280.3
1280.5
1280.6
1281.2
1281.4
1281.6
1281.8
1281.8
1281.9
1282.0
1282.1
1282.2
1282.4
1282.6
1282.9
1283.0
1283.2
1284.4
1284.5
1284.5
1284.5
1284.7
1284.7
1284.8
1284.8
1284.9
1285.2
1285.3
1285.4
1285.7
1285.7
1285.8
1286.1
1286.1
1286.2
1286.2
1286.3
1286.5
1286.5
1286.6
1286.6
1286.6
1286.7
1286.8
1287.0
1287.1
1287.3
1287.6
1287.7
1287.7
1287.8
1287.9
1288.1
1288.2
1288.3
1288.3
1288.9
1289.2
1291.0
1291.5
1292.0
1292.1
1292.8
1292.9
1293.0
1293.9
1294.3
1294.7
1296.5
1296.9
1297.5
1297.7
1298.8
1301.2
1302.8
1303.5
1306.3
1311.6
1321.0
1374.9
1374.9
1374.9
1374.9
1374.9
1374.9
1374.9
1374.9
1374.9
1375.0
1375.0
1375.0
1375.0
1375.0
1375.0
1375.0
1375.0
1375.0
1375.0
1375.0
1375.0
1375.0
1375.0
1375.0
1375.0
1375.0
1375.0
1375.0
1375.0
1375.0
1375.0
1375.0
1375.0
1375.0
1375.0
1375.0
1375.0
1375.0
1375.0
1375.0
1375.0
1375.0
1375.0
1375.0
1375.0
1375.0
1375.0
1375.0
1375.0
1375.0
1375.0
1375.0
1375.0
1375.0
1375.0
1375.0
1375.0
1375.0
1375.0
1375.0
1375.0
1375.0
1375.0
1375.0
1375.1
1375.1
1375.1
1375.2
1375.2
1375.2
1375.2
1375.2
1375.2
1375.3
1375.3
1375.4
1375.4
1375.4
1375.4
1375.5
1375.5
1375.5
1375.5
1375.5
1375.5
1375.6
1375.8
1375.8
1375.9
1376.0
1376.1
1376.1
1376.3
1376.3
1376.4
1376.5
1376.6
1376.7
1376.8
1376.8
1379.1
1379.1
1379.1
1379.1
1379.1
1379.1
1379.1
1379.1
1379.1
1379.1
1379.1
1379.1
1379.1
1379.1
1379.1
1379.1
1379.1
1379.1
1379.1
1379.1
1379.1
1379.1
1379.1
1379.1
1379.1
1379.1
1379.1
1379.1
1379.1
1379.1
1379.1
1379.1
1379.1
1379.1
1379.1
1379.1
1379.1
1379.1
1379.1
1379.1
1379.1
1379.1
1379.1
1379.1
1379.1
1379.1
1379.1
1379.1
1379.1
1379.1
1379.1
1379.1
1379.1
1379.1
1379.1
1379.1
1379.1
1379.1
1379.1
1379.1
1379.2
1379.2
1379.2
1379.2
1379.2
1379.2
1379.2
1379.2
1379.2
1379.3
1379.3
1379.3
1379.4
1379.6
1379.6
1379.7
1379.7
1379.7
1379.7
1379.8
1379.9
1379.9
1379.9
1380.0
1380.1
1380.1
1380.4
1380.5
1380.6
1380.8
1380.9
1381.1
1381.5
1381.6
1381.9
1381.9
1382.2
1382.4
1382.5
1382.5
1382.8
1382.8
1382.8
1382.8
1382.8
1382.8
1382.8
1382.8
1382.8
1382.8
1382.9
1382.9
1382.9
1382.9
1382.9
1382.9
1382.9
1382.9
1382.9
1382.9
1382.9
1382.9
1382.9
1382.9
1382.9
1382.9
1382.9
1382.9
1382.9
1382.9
1382.9
1382.9
1383.0
1383.0
1383.0
1383.0
1383.0
1383.0
1383.0
1383.0
1383.0
1383.0
1383.1
1383.1
1383.1
1383.1
1383.1
1383.1
1383.2
1383.2
1383.2
1383.2
1383.2
1383.2
1383.2
1383.2
1383.2
1383.2
1383.2
1383.2
1383.2
1383.3
1383.3
1383.3
1383.3
1383.3
1383.3
1383.4
1383.5
1383.5
1383.5
1383.6
1383.6
1383.8
1383.8
1384.0
1384.0
1384.1
1384.1
1384.2
1384.2
1384.2
1384.3
1384.3
1384.6
1384.8
1384.9
1385.1
1385.5
1385.7
1385.8
1385.9
1386.8
1386.8
1386.9
1386.9
1386.9
1387.0
1387.0
1387.1
1387.1
1387.1
1387.1
1387.1
1387.1
1387.1
1387.1
1387.1
1387.2
1387.2
1387.2
1387.2
1387.2
1387.2
1387.2
1387.2
1387.2
1387.3
1387.3
1387.3
1387.3
1387.3
1387.3
1387.3
1387.3
1387.3
1387.3
1387.3
1387.4
1387.4
1387.4
1387.4
1387.4
1387.5
1387.5
1387.5
1387.5
1387.5
1387.5
1387.5
1387.5
1387.6
1387.6
1387.6
1387.6
1387.6
1387.6
1387.7
1387.7
1387.7
1387.7
1387.8
1387.8
1387.8
1387.8
1387.9
1387.9
1387.9
1387.9
1387.9
1388.0
1388.0
1388.0
1388.1
1388.2
1388.2
1388.3
1388.4
1388.6
1388.6
1388.7
1388.8
1388.8
1388.8
1388.8
1389.2
1389.3
1389.5
1389.5
1389.7
1389.7
1389.7
1389.7
1390.1
1390.2
1390.9
1391.3
1391.8
1392.0
1392.6
1392.9
1393.3
1393.3
1393.4
1393.5
1393.5
1393.5
1393.5
1393.6
1393.6
1393.6
1393.7
1393.7
1393.8
1393.8
1393.8
1393.8
1393.8
1393.9
1394.0
1394.0
1394.0
1394.0
1394.1
1394.1
1394.1
1394.2
1394.2
1394.2
1394.2
1394.3
1394.3
1394.5
1394.5
1394.5
1394.5
1394.6
1394.6
1394.6
1394.6
1394.7
1394.7
1394.8
1394.8
1394.9
1394.9
1395.0
1395.1
1395.1
1395.1
1395.1
1395.2
1395.2
1395.2
1395.3
1395.3
1395.3
1395.4
1395.5
1395.6
1395.6
1395.7
1395.8
1395.8
1396.0
1396.1
1396.1
1396.1
1396.3
1396.6
1396.7
1396.8
1396.8
1396.8
1397.1
1397.2
1398.1
1398.2
1398.4
1398.5
1398.6
1398.6
1398.8
1399.4
1399.9
1400.1
1400.5
1400.6
1400.7
1400.8
1402.2
1403.5
1403.8
1405.3
1405.6
1407.7
1414.5
1426.0
1428.3
1542.0
1542.0
1542.0
1542.0
1542.0
1542.0
1542.0
1542.0
1542.0
1542.0
1542.0
1542.0
1542.0
1542.0
1542.0
1542.0
1542.0
1542.0
1542.0
1542.0
1542.1
1542.1
1542.1
1542.1
1542.1
1542.1
1542.1
1542.1
1542.1
1542.1
1542.1
1542.1
1542.1
1542.1
1542.1
1542.1
1542.1
1542.1
1542.1
1542.1
1542.1
1542.1
1542.1
1542.1
1542.1
1542.1
1542.1
1542.1
1542.1
1542.1
1542.1
1542.1
1542.1
1542.1
1542.1
1542.1
1542.1
1542.1
1542.1
1542.1
1542.1
1542.1
1542.1
1542.1
1542.1
1542.1
1542.1
1542.1
1542.1
1542.1
1542.2
1542.2
1542.2
1542.2
1542.2
1542.2
1542.2
1542.2
1542.3
1542.3
1542.3
1542.4
1542.4
1542.4
1542.4
1542.4
1542.4
1542.4
1542.5
1542.5
1542.5
1542.6
1542.6
1542.6
1542.7
1542.7
1542.8
1542.8
1542.8
1542.8
1546.2
1546.2
1546.2
1546.2
1546.2
1546.2
1546.3
1546.3
1546.3
1546.3
1546.3
1546.3
1546.3
1546.3
1546.3
1546.3
1546.3
1546.3
1546.3
1546.3
1546.3
1546.3
1546.3
1546.3
1546.3
1546.3
1546.3
1546.3
1546.3
1546.3
1546.3
1546.3
1546.3
1546.3
1546.3
1546.3
1546.3
1546.3
1546.3
1546.3
1546.3
1546.3
1546.3
1546.3
1546.3
1546.3
1546.3
1546.3
1546.3
1546.3
1546.3
1546.3
1546.3
1546.3
1546.3
1546.3
1546.3
1546.3
1546.4
1546.4
1546.4
1546.4
1546.4
1546.4
1546.4
1546.4
1546.4
1546.4
1546.5
1546.5
1546.5
1546.6
1546.7
1546.8
1546.8
1546.8
1546.9
1546.9
1547.0
1547.0
1547.1
1547.2
1547.3
1547.3
1547.4
1547.4
1547.4
1547.4
1547.7
1547.7
1547.8
1547.9
1548.0
1548.1
1548.4
1548.4
1548.5
1548.6
1548.6
1548.6
1549.9
1549.9
1549.9
1549.9
1549.9
1550.0
1550.0
1550.0
1550.0
1550.0
1550.0
1550.0
1550.0
1550.0
1550.0
1550.0
1550.1
1550.1
1550.1
1550.1
1550.1
1550.1
1550.1
1550.1
1550.1
1550.1
1550.1
1550.1
1550.1
1550.1
1550.1
1550.1
1550.2
1550.2
1550.2
1550.2
1550.2
1550.2
1550.2
1550.2
1550.2
1550.2
1550.2
1550.2
1550.2
1550.2
1550.2
1550.2
1550.3
1550.3
1550.3
1550.3
1550.3
1550.3
1550.3
1550.3
1550.3
1550.3
1550.3
1550.4
1550.5
1550.6
1550.6
1550.6
1550.6
1550.6
1550.7
1550.8
1550.8
1550.8
1550.8
1550.9
1551.1
1551.1
1551.1
1551.4
1551.5
1551.7
1551.8
1551.9
1551.9
1552.0
1552.0
1552.1
1552.3
1552.5
1552.7
1552.8
1553.0
1553.3
1553.5
1553.7
1554.2
1554.3
1554.4
1554.8
1554.8
1554.8
1554.9
1554.9
1554.9
1554.9
1554.9
1555.0
1555.0
1555.0
1555.0
1555.0
1555.1
1555.1
1555.1
1555.1
1555.1
1555.2
1555.2
1555.2
1555.2
1555.2
1555.2
1555.2
1555.2
1555.3
1555.3
1555.3
1555.3
1555.3
1555.4
1555.4
1555.4
1555.4
1555.4
1555.5
1555.5
1555.5
1555.5
1555.5
1555.5
1555.5
1555.5
1555.5
1555.6
1555.6
1555.6
1555.6
1555.7
1555.7
1555.7
1555.7
1555.8
1555.8
1555.8
1555.8
1555.9
1555.9
1555.9
1555.9
1555.9
1556.0
1556.0
1556.0
1556.1
1556.2
1556.3
1556.4
1556.5
1556.5
1556.6
1556.6
1556.9
1557.1
1557.2
1557.3
1557.5
1557.6
1557.6
1558.1
1558.2
1558.7
1558.8
1558.8
1559.0
1559.1
1559.2
1559.6
1560.0
1561.0
1561.5
1561.8
1562.8
1562.9
1564.4
1564.9
1565.1
1565.2
1565.3
1565.3
1565.4
1565.5
1565.7
1565.9
1566.0
1566.0
1566.1
1566.2
1566.2
1566.4
1566.4
1566.5
1566.6
1566.6
1566.7
1566.9
1566.9
1567.1
1567.3
1567.3
1567.4
1567.4
1567.5
1567.6
1567.6
1567.7
1567.8
1567.9
1568.0
1568.0
1568.4
1568.5
1568.6
1568.6
1568.7
1568.7
1568.9
1569.1
1569.1
1569.1
1569.2
1569.3
1569.6
1569.7
1569.8
1569.9
1570.1
1570.1
1570.2
1570.6
1570.9
1571.1
1571.7
1571.8
1571.8
1571.9
1572.4
1572.7
1573.0
1573.7
1575.4
1575.7
1575.9
1577.0
1577.1
1577.5
1577.8
1577.9
1579.7
1581.4
1581.9
1587.4
1594.9
1595.3
1595.5
1595.5
1595.6
1595.6
1595.6
1595.6
1595.6
1595.6
1595.6
1595.6
1595.6
1595.6
1595.6
1595.6
1595.6
1595.6
1595.7
1595.7
1595.7
1595.7
1595.7
1595.7
1595.7
1595.7
1595.7
1595.7
1595.7
1595.7
1595.7
1595.7
1595.7
1595.7
1595.7
1595.7
1595.7
1595.7
1595.7
1595.7
1595.7
1595.7
1595.7
1595.7
1595.7
1595.7
1595.7
1595.7
1595.7
1595.7
1595.7
1595.7
1595.7
1595.7
1595.7
1595.7
1595.7
1595.7
1595.7
1595.7
1595.7
1595.7
1595.7
1595.8
1595.8
1595.8
1595.8
1595.8
1595.8
1595.8
1595.8
1595.8
1595.8
1595.8
1595.9
1595.9
1595.9
1595.9
1595.9
1595.9
1595.9
1596.0
1596.0
1596.0
1596.0
1596.0
1596.1
1596.2
1596.2
1596.2
1596.2
1596.3
1596.3
1596.5
1596.5
1596.5
1596.7
1596.7
1596.9
1597.1
1600.9
1601.9
1602.4
1602.5
1602.6
1602.6
1602.6
1602.6
1602.6
1602.6
1602.7
1602.7
1602.7
1602.7
1602.7
1602.7
1602.7
1602.7
1602.8
1602.8
1602.8
1602.8
1602.8
1602.8
1602.8
1602.8
1602.8
1602.8
1602.9
1602.9
1602.9
1602.9
1602.9
1602.9
1603.0
1603.0
1603.0
1603.0
1603.0
1603.0
1603.1
1603.1
1603.1
1603.1
1603.1
1603.1
1603.2
1603.2
1603.2
1603.2
1603.2
1603.2
1603.2
1603.2
1603.2
1603.3
1603.3
1603.3
1603.3
1603.3
1603.3
1603.3
1603.4
1603.4
1603.4
1603.4
1603.4
1603.5
1603.5
1603.6
1603.7
1603.7
1603.8
1603.9
1604.0
1604.0
1604.0
1604.0
1604.1
1605.1
1605.3
1605.8
1605.8
1606.0
1606.1
1606.2
1607.0
1607.1
1607.5
1607.6
1608.5
1610.5
1610.6
1611.1
1611.2
1611.5
1612.6
1613.2
1613.3
1613.4
1613.6
1613.9
1614.0
1614.1
1614.1
1614.2
1614.3
1614.3
1614.4
1614.4
1614.4
1614.4
1614.4
1614.5
1614.5
1614.5
1614.5
1614.5
1614.5
1614.6
1614.6
1614.7
1614.8
1614.8
1614.9
1614.9
1615.0
1615.1
1615.3
1615.5
1615.6
1615.7
1615.7
1616.0
1616.2
1616.7
1616.7
1617.2
1617.7
1617.9
1618.1
1618.2
1619.0
1619.1
1619.3
1619.6
1620.1
1621.5
1621.6
1621.9
1622.3
1622.4
1622.4
1622.9
1623.2
1623.6
1623.6
1626.0
1626.3
1626.4
1626.5
1626.6
1627.9
1628.6
1628.7
1629.4
1630.7
1631.1
1631.6
1632.1
1633.2
1633.7
1635.2
1636.2
1637.4
1638.1
1638.7
1639.8
1640.0
1640.0
1642.0
1643.3
1645.5
1711.3
1711.3
1711.3
1711.3
1711.3
1711.3
1711.3
1711.3
1711.3
1711.3
1711.3
1711.3
1711.3
1711.3
1711.3
1711.3
1711.3
1711.3
1711.3
1711.3
1711.3
1711.3
1711.3
1711.3
1711.3
1711.3
1711.3
1711.3
1711.3
1711.3
1711.3
1711.3
1711.3
1711.3
1711.3
1711.3
1711.3
1711.3
1711.3
1711.3
1711.3
1711.3
1711.3
1711.3
1711.3
1711.3
1711.3
1711.3
1711.3
1711.3
1711.3
1711.3
1711.3
1711.3
1711.3
1711.3
1711.3
1711.3
1711.3
1711.4
1711.4
1711.4
1711.4
1711.4
1711.4
1711.4
1711.4
1711.5
1711.5
1711.5
1711.5
1711.5
1711.5
1711.6
1711.6
1711.7
1711.7
1711.7
1711.7
1711.7
1711.8
1711.8
1711.8
1711.8
1711.8
1711.8
1712.0
1712.0
1712.1
1712.2
1712.3
1712.3
1712.5
1712.5
1712.5
1712.7
1712.8
1712.8
1712.8
1712.9
1715.4
1715.4
1715.4
1715.4
1715.5
1715.5
1715.5
1715.5
1715.5
1715.5
1715.5
1715.5
1715.5
1715.5
1715.5
1715.5
1715.5
1715.5
1715.5
1715.5
1715.5
1715.5
1715.5
1715.5
1715.5
1715.5
1715.5
1715.5
1715.5
1715.5
1715.5
1715.5
1715.5
1715.5
1715.5
1715.5
1715.5
1715.5
1715.5
1715.5
1715.5
1715.5
1715.5
1715.5
1715.5
1715.5
1715.5
1715.5
1715.5
1715.5
1715.5
1715.5
1715.5
1715.5
1715.5
1715.5
1715.5
1715.5
1715.5
1715.5
1715.5
1715.5
1715.5
1715.6
1715.6
1715.6
1715.6
1715.6
1715.6
1715.6
1715.6
1715.6
1715.7
1715.9
1715.9
1715.9
1716.0
1716.0
1716.0
1716.0
1716.2
1716.2
1716.2
1716.3
1716.4
1716.4
1716.5
1716.6
1716.9
1716.9
1717.0
1717.1
1717.4
1717.4
1717.9
1717.9
1718.1
1718.3
1718.3
1718.4
1719.0
1719.0
1719.0
1719.1
1719.1
1719.1
1719.1
1719.1
1719.1
1719.1
1719.1
1719.1
1719.1
1719.1
1719.1
1719.1
1719.1
1719.2
1719.2
1719.2
1719.2
1719.2
1719.2
1719.2
1719.2
1719.2
1719.2
1719.2
1719.2
1719.2
1719.2
1719.2
1719.2
1719.2
1719.2
1719.2
1719.3
1719.3
1719.3
1719.3
1719.3
1719.3
1719.3
1719.3
1719.3
1719.3
1719.4
1719.4
1719.4
1719.4
1719.4
1719.4
1719.4
1719.4
1719.4
1719.5
1719.5
1719.5
1719.5
1719.5
1719.5
1719.6
1719.6
1719.6
1719.6
1719.6
1719.7
1719.7
1719.7
1719.7
1719.8
1719.8
1719.9
1720.0
1720.1
1720.2
1720.2
1720.4
1720.4
1720.5
1720.5
1720.6
1720.6
1720.7
1720.9
1721.1
1721.1
1721.2
1721.6
1721.8
1721.9
1722.0
1722.6
1722.7
1723.2
1723.2
1723.2
1723.3
1723.4
1723.4
1723.4
1723.4
1723.4
1723.4
1723.4
1723.4
1723.4
1723.4
1723.5
1723.5
1723.5
1723.5
1723.5
1723.5
1723.5
1723.5
1723.5
1723.5
1723.6
1723.6
1723.6
1723.6
1723.6
1723.6
1723.6
1723.6
1723.6
1723.7
1723.7
1723.7
1723.7
1723.7
1723.7
1723.7
1723.7
1723.8
1723.8
1723.8
1723.8
1723.8
1723.9
1723.9
1723.9
1723.9
1723.9
1723.9
1724.0
1724.0
1724.0
1724.0
1724.1
1724.1
1724.1
1724.1
1724.1
1724.1
1724.2
1724.2
1724.3
1724.3
1724.3
1724.3
1724.5
1724.5
1724.5
1724.5
1724.6
1724.6
1724.7
1724.9
1725.0
1725.1
1725.1
1725.1
1725.2
1725.5
1725.6
1725.8
1726.0
1726.1
1726.1
1726.1
1726.2
1726.5
1726.7
1727.1
1727.8
1728.1
1728.2
1728.6
1729.4
1729.4
1729.8
1729.8
1729.9
1730.0
1730.0
1730.1
1730.1
1730.1
1730.2
1730.2
1730.3
1730.3
1730.3
1730.3
1730.4
1730.4
1730.5
1730.5
1730.6
1730.7
1730.7
1730.7
1730.7
1730.7
1730.8
1730.8
1730.8
1730.8
1730.9
1730.9
1731.0
1731.1
1731.1
1731.2
1731.2
1731.2
1731.3
1731.3
1731.3
1731.4
1731.4
1731.4
1731.4
1731.5
1731.6
1731.6
1731.7
1731.7
1731.7
1731.8
1731.8
1731.8
1731.9
1731.9
1731.9
1731.9
1732.0
1732.2
1732.3
1732.4
1732.5
1732.5
1732.5
1732.5
1732.7
1732.9
1733.0
1733.1
1733.2
1733.6
1733.6
1733.7
1733.8
1733.9
1734.1
1734.1
1735.2
1735.4
1735.4
1735.8
1736.2
1736.3
1737.2
1737.3
1737.9
1738.0
1738.1
1738.1
1738.6
1739.5
1739.8
1741.4
1746.9
1747.7
1780.9
1878.3
1878.3
1878.3
1878.3
1878.3
1878.3
1878.3
1878.4
1878.4
1878.4
1878.4
1878.4
1878.4
1878.4
1878.4
1878.4
1878.4
1878.4
1878.4
1878.4
1878.4
1878.4
1878.4
1878.4
1878.4
1878.4
1878.4
1878.4
1878.4
1878.4
1878.4
1878.4
1878.4
1878.4
1878.4
1878.4
1878.4
1878.4
1878.4
1878.4
1878.4
1878.4
1878.4
1878.4
1878.4
1878.4
1878.4
1878.4
1878.4
1878.4
1878.4
1878.4
1878.4
1878.4
1878.4
1878.4
1878.4
1878.4
1878.4
1878.4
1878.4
1878.4
1878.4
1878.4
1878.4
1878.4
1878.4
1878.5
1878.5
1878.5
1878.5
1878.5
1878.5
1878.5
1878.5
1878.5
1878.6
1878.6
1878.6
1878.6
1878.6
1878.7
1878.7
1878.7
1878.7
1878.7
1878.8
1878.8
1878.8
1878.8
1878.9
1878.9
1879.0
1879.0
1879.1
1879.1
1879.1
1879.2
1879.2
1879.2
1882.6
1882.6
1882.6
1882.6
1882.6
1882.6
1882.6
1882.6
1882.6
1882.6
1882.6
1882.6
1882.6
1882.6
1882.6
1882.6
1882.6
1882.6
1882.6
1882.6
1882.6
1882.6
1882.6
1882.6
1882.6
1882.6
1882.6
1882.7
1882.7
1882.7
1882.7
1882.7
1882.7
1882.7
1882.7
1882.7
1882.7
1882.7
1882.7
1882.7
1882.7
1882.7
1882.7
1882.7
1882.7
1882.7
1882.7
1882.7
1882.7
1882.7
1882.7
1882.7
1882.7
1882.7
1882.7
1882.7
1882.7
1882.7
1882.7
1882.7
1882.7
1882.7
1882.7
1882.8
1882.8
1882.8
1882.8
1882.8
1882.9
1882.9
1882.9
1883.0
1883.1
1883.2
1883.2
1883.2
1883.3
1883.3
1883.5
1883.5
1883.5
1883.6
1883.7
1883.7
1883.9
1883.9
1883.9
1883.9
1884.1
1884.2
1884.3
1884.4
1884.5
1884.6
1884.9
1884.9
1885.0
1885.1
1885.1
1885.1
1886.2
1886.3
1886.3
1886.3
1886.3
1886.3
1886.3
1886.3
1886.3
1886.4
1886.4
1886.4
1886.4
1886.4
1886.4
1886.4
1886.4
1886.4
1886.4
1886.4
1886.4
1886.4
1886.4
1886.4
1886.4
1886.4
1886.5
1886.5
1886.5
1886.5
1886.5
1886.5
1886.5
1886.5
1886.5
1886.5
1886.5
1886.5
1886.5
1886.5
1886.5
1886.5
1886.5
1886.6
1886.6
1886.6
1886.6
1886.6
1886.6
1886.6
1886.6
1886.6
1886.6
1886.7
1886.7
1886.7
1886.7
1886.7
1886.7
1886.7
1886.8
1886.9
1886.9
1886.9
1887.0
1887.0
1887.1
1887.1
1887.1
1887.1
1887.2
1887.2
1887.5
1887.5
1887.5
1887.7
1887.8
1888.1
1888.2
1888.2
1888.3
1888.4
1888.4
1888.5
1888.7
1889.0
1889.1
1889.1
1889.4
1889.7
1889.9
1890.2
1890.6
1890.6
1890.8
1891.0
1891.0
1891.1
1891.1
1891.1
1891.2
1891.2
1891.2
1891.2
1891.2
1891.2
1891.3
1891.3
1891.3
1891.3
1891.4
1891.4
1891.4
1891.4
1891.4
1891.4
1891.4
1891.4
1891.5
1891.5
1891.5
1891.5
1891.5
1891.5
1891.5
1891.5
1891.6
1891.6
1891.6
1891.6
1891.6
1891.7
1891.7
1891.7
1891.7
1891.7
1891.7
1891.7
1891.7
1891.8
1891.8
1891.8
1891.8
1891.8
1891.8
1891.9
1891.9
1891.9
1892.0
1892.0
1892.0
1892.0
1892.1
1892.1
1892.1
1892.2
1892.2
1892.2
1892.2
1892.2
1892.3
1892.4
1892.6
1892.6
1892.7
1892.7
1892.7
1892.9
1893.1
1893.3
1893.4
1893.4
1893.6
1893.7
1893.8
1894.3
1894.4
1894.9
1895.0
1895.1
1895.2
1895.3
1895.3
1895.8
1895.9
1897.0
1897.5
1897.7
1898.5
1898.7
1899.9
1899.9
1900.5
1900.5
1900.6
1900.6
1900.6
1900.7
1901.0
1901.1
1901.2
1901.2
1901.3
1901.3
1901.3
1901.5
1901.5
1901.6
1901.6
1901.7
1901.8
1902.1
1902.2
1902.3
1902.5
1902.5
1902.6
1902.6
1902.6
1902.7
1902.7
1902.7
1902.7
1902.8
1902.9
1902.9
1903.0
1903.1
1903.1
1903.2
1903.3
1903.4
1903.4
1903.4
1903.5
1903.6
1903.8
1903.8
1904.0
1904.1
1904.3
1904.4
1904.4
1904.4
1904.6
1904.8
1904.9
1905.1
1905.1
1905.2
1905.3
1905.3
1905.7
1905.8
1906.1
1906.2
1907.5
1908.2
1908.2
1908.4
1908.5
1908.6
1908.7
1909.0
1909.4
1910.4
1910.7
1913.5
1914.5
1915.3
1920.3
1929.4
1930.1
1930.1
1930.5
1930.7
1930.7
1930.9
1930.9
1930.9
1930.9
1930.9
1930.9
1930.9
1930.9
1930.9
1930.9
1930.9
1930.9
1930.9
1930.9
1930.9
1930.9
1930.9
1930.9
1930.9
1930.9
1930.9
1930.9
1930.9
1930.9
1931.0
1931.0
1931.0
1931.0
1931.0
1931.0
1931.0
1931.0
1931.0
1931.0
1931.0
1931.0
1931.0
1931.0
1931.0
1931.0
1931.0
1931.0
1931.0
1931.0
1931.0
1931.0
1931.0
1931.0
1931.0
1931.0
1931.0
1931.0
1931.0
1931.0
1931.0
1931.0
1931.0
1931.0
1931.0
1931.0
1931.0
1931.0
1931.0
1931.0
1931.1
1931.1
1931.1
1931.1
1931.1
1931.1
1931.1
1931.1
1931.1
1931.1
1931.1
1931.1
1931.2
1931.2
1931.2
1931.3
1931.3
1931.3
1931.4
1931.4
1931.5
1931.5
1931.6
1931.8
1931.8
1931.8
1932.0
1932.0
1932.1
1932.4
1936.4
1937.0
1937.4
1937.7
1937.8
1937.8
1937.8
1937.9
1937.9
1937.9
1937.9
1937.9
1937.9
1938.0
1938.0
1938.0
1938.0
1938.0
1938.0
1938.0
1938.0
1938.0
1938.0
1938.0
1938.0
1938.0
1938.1
1938.1
1938.1
1938.1
1938.1
1938.1
1938.1
1938.1
1938.1
1938.1
1938.2
1938.2
1938.2
1938.2
1938.3
1938.3
1938.3
1938.3
1938.3
1938.3
1938.3
1938.3
1938.4
1938.4
1938.4
1938.4
1938.5
1938.5
1938.5
1938.5
1938.5
1938.5
1938.5
1938.6
1938.6
1938.6
1938.6
1938.7
1938.7
1938.7
1938.7
1938.7
1938.7
1938.8
1938.8
1938.8
1938.9
1939.0
1939.0
1939.1
1939.2
1939.2
1939.3
1939.3
1939.9
1940.3
1940.4
1940.7
1941.0
1941.0
1941.1
1941.2
1941.9
1942.2
1942.3
1942.7
1943.8
1945.4
1945.4
1946.3
1947.4
1947.5
1947.5
1947.5
1947.7
1947.9
1948.0
1948.0
1948.0
1948.0
1948.2
1948.2
1948.2
1948.2
1948.2
1948.3
1948.3
1948.3
1948.4
1948.4
1948.4
1948.4
1948.5
1948.5
1948.5
1948.6
1948.6
1948.7
1948.7
1948.8
1948.8
1948.9
1949.0
1949.1
1949.2
1949.4
1949.6
1949.8
1950.1
1950.2
1950.3
1950.3
1951.1
1951.2
1951.4
1951.8
1951.9
1952.1
1952.2
1952.4
1953.1
1953.5
1954.1
1954.4
1954.4
1954.4
1954.5
1954.5
1955.5
1955.5
1956.0
1956.7
1957.1
1957.1
1957.2
1957.4
1957.7
1957.8
1958.2
1958.3
1959.4
1959.8
1959.8
1959.9
1959.9
1960.0
1960.1
1960.2
1960.4
1960.6
1960.7
1960.7
1960.8
1960.9
1961.0
1961.1
1962.2
1962.3
1963.4
1963.7
1963.8
1963.9
1963.9
1963.9
1964.5
1965.1
1965.7
1965.9
1966.8
1967.6
1967.6
1968.8
1969.2
1975.1
1985.5
2047.6
2047.7
2047.7
2047.7
2047.7
2047.7
2047.7
2047.7
2047.7
2047.7
2047.7
2047.7
2047.7
2047.7
2047.7
2047.7
2047.7
2047.7
2047.7
2047.7
2047.7
2047.7
2047.7
2047.7
2047.7
2047.7
2047.7
2047.7
2047.7
2047.7
2047.7
2047.7
2047.7
2047.7
2047.7
2047.7
2047.7
2047.7
2047.7
2047.7
2047.7
2047.7
2047.7
2047.7
2047.7
2047.7
2047.7
2047.7
2047.7
2047.7
2047.7
2047.7
2047.7
2047.7
2047.7
2047.7
2047.7
2047.7
2047.7
2047.7
2047.7
2047.8
2047.8
2047.8
2047.8
2047.8
2047.8
2047.8
2047.9
2047.9
2047.9
2047.9
2047.9
2048.0
2048.0
2048.1
2048.1
2048.1
2048.1
2048.1
2048.2
2048.2
2048.2
2048.2
2048.2
2048.2
2048.4
2048.5
2048.5
2048.6
2048.7
2048.7
2048.9
2048.9
2048.9
2049.1
2049.1
2049.2
2049.3
2049.3
2051.7
2051.7
2051.7
2051.7
2051.7
2051.7
2051.7
2051.8
2051.8
2051.8
2051.8
2051.8
2051.8
2051.8
2051.8
2051.8
2051.8
2051.8
2051.8
2051.8
2051.8
2051.8
2051.8
2051.8
2051.8
2051.8
2051.8
2051.8
2051.8
2051.8
2051.8
2051.8
2051.8
2051.8
2051.8
2051.8
2051.8
2051.8
2051.8
2051.8
2051.8
2051.8
2051.8
2051.8
2051.8
2051.8
2051.8
2051.8
2051.8
2051.8
2051.8
2051.8
2051.8
2051.8
2051.8
2051.8
2051.8
2051.8
2051.8
2051.8
2051.8
2051.8
2051.8
2051.9
2051.9
2051.9
2051.9
2051.9
2051.9
2051.9
2051.9
2051.9
2052.0
2052.2
2052.3
2052.3
2052.3
2052.3
2052.3
2052.4
2052.5
2052.5
2052.6
2052.6
2052.7
2052.8
2052.9
2053.0
2053.2
2053.3
2053.4
2053.5
2053.9
2053.9
2054.3
2054.4
2054.6
2054.8
2054.8
2054.8
2055.3
2055.3
2055.4
2055.4
2055.4
2055.4
2055.4
2055.4
2055.4
2055.4
2055.4
2055.4
2055.4
2055.4
2055.4
2055.4
2055.4
2055.4
2055.5
2055.5
2055.5
2055.5
2055.5
2055.5
2055.5
2055.5
2055.5
2055.5
2055.5
2055.5
2055.5
2055.5
2055.5
2055.5
2055.5
2055.5
2055.6
2055.6
2055.6
2055.6
2055.6
2055.6
2055.6
2055.6
2055.6
2055.6
2055.7
2055.7
2055.7
2055.7
2055.7
2055.7
2055.7
2055.7
2055.7
2055.8
2055.8
2055.8
2055.8
2055.8
2055.8
2055.9
2055.9
2055.9
2055.9
2055.9
2056.0
2056.0
2056.0
2056.0
2056.1
2056.1
2056.2
2056.4
2056.4
2056.6
2056.6
2056.7
2056.8
2056.8
2056.8
2056.9
2056.9
2057.0
2057.2
2057.4
2057.4
2057.6
2058.0
2058.2
2058.4
2058.4
2059.2
2059.2
2059.5
2059.5
2059.5
2059.6
2059.7
2059.7
2059.7
2059.7
2059.7
2059.7
2059.7
2059.7
2059.8
2059.8
2059.8
2059.8
2059.8
2059.8
2059.8
2059.8
2059.8
2059.8
2059.9
2059.9
2059.9
2059.9
2059.9
2059.9
2059.9
2059.9
2059.9
2059.9
2060.0
2060.0
2060.0
2060.0
2060.0
2060.0
2060.0
2060.0
2060.1
2060.1
2060.1
2060.1
2060.2
2060.2
2060.2
2060.2
2060.2
2060.2
2060.2
2060.3
2060.3
2060.3
2060.3
2060.3
2060.4
2060.4
2060.4
2060.4
2060.4
2060.4
2060.5
2060.5
2060.6
2060.6
2060.6
2060.7
2060.7
2060.8
2060.9
2060.9
2060.9
2061.0
2061.1
2061.1
2061.3
2061.4
2061.4
2061.4
2061.5
2061.8
2062.0
2062.1
2062.3
2062.4
2062.5
2062.5
2062.5
2062.9
2063.0
2063.5
2064.1
2064.5
2064.6
2065.2
2065.7
2066.0
2066.1
2066.1
2066.3
2066.3
2066.4
2066.4
2066.4
2066.4
2066.5
2066.5
2066.6
2066.6
2066.6
2066.7
2066.7
2066.7
2066.8
2066.9
2066.9
2067.0
2067.0
2067.0
2067.0
2067.1
2067.1
2067.1
2067.2
2067.2
2067.2
2067.3
2067.4
2067.5
2067.5
2067.5
2067.5
2067.5
2067.6
2067.6
2067.6
2067.6
2067.7
2067.8
2067.8
2067.9
2067.9
2068.0
2068.1
2068.1
2068.1
2068.1
2068.2
2068.2
2068.2
2068.2
2068.3
2068.3
2068.4
2068.6
2068.7
2068.8
2068.8
2068.9
2069.0
2069.2
2069.3
2069.3
2069.4
2069.4
2069.5
2070.0
2070.1
2070.1
2070.3
2070.5
2071.1
2071.1
2071.7
2071.8
2071.9
2072.3
2072.6
2072.7
2073.8
2074.1
2074.6
2074.7
2075.0
2075.4
2076.2
2076.3
2077.5
2078.2
2082.5
2086.3
2095.1
2214.8
2214.8
2214.8
2214.8
2214.8
2214.8
2214.8
2214.8
2214.8
2214.8
2214.8
2214.8
2214.8
2214.8
2214.8
2214.8
2214.8
2214.8
2214.8
2214.8
2214.8
2214.8
2214.8
2214.8
2214.8
2214.8
2214.8
2214.8
2214.8
2214.8
2214.8
2214.8
2214.8
2214.8
2214.8
2214.8
2214.8
2214.8
2214.8
2214.8
2214.8
2214.8
2214.8
2214.8
2214.8
2214.8
2214.8
2214.8
2214.8
2214.8
2214.8
2214.8
2214.8
2214.8
2214.8
2214.8
2214.8
2214.8
2214.8
2214.8
2214.8
2214.8
2214.8
2214.8
2214.8
2214.9
2214.9
2214.9
2214.9
2214.9
2214.9
2214.9
2214.9
2214.9
2214.9
2215.0
2215.0
2215.0
2215.0
2215.0
2215.1
2215.1
2215.1
2215.1
2215.1
2215.1
2215.2
2215.2
2215.2
2215.2
2215.3
2215.3
2215.4
2215.4
2215.4
2215.5
2215.5
2215.5
2215.5
2215.6
2218.9
2218.9
2219.0
2219.0
2219.0
2219.0
2219.0
2219.0
2219.0
2219.0
2219.0
2219.0
2219.0
2219.0
2219.0
2219.0
2219.0
2219.0
2219.0
2219.0
2219.0
2219.0
2219.0
2219.0
2219.0
2219.0
2219.0
2219.0
2219.0
2219.0
2219.0
2219.0
2219.0
2219.0
2219.0
2219.0
2219.0
2219.0
2219.0
2219.0
2219.0
2219.0
2219.0
2219.0
2219.0
2219.0
2219.0
2219.0
2219.0
2219.1
2219.1
2219.1
2219.1
2219.1
2219.1
2219.1
2219.1
2219.1
2219.1
2219.1
2219.1
2219.1
2219.1
2219.1
2219.1
2219.1
2219.2
2219.2
2219.2
2219.2
2219.2
2219.3
2219.5
2219.5
2219.5
2219.6
2219.6
2219.6
2219.8
2219.8
2219.8
2220.0
2220.0
2220.0
2220.1
2220.2
2220.2
2220.2
2220.4
2220.4
2220.5
2220.6
2220.8
2220.9
2221.1
2221.1
2221.2
2221.3
2221.3
2221.4
2222.6
2222.6
2222.6
2222.7
2222.7
2222.7
2222.7
2222.7
2222.7
2222.7
2222.7
2222.7
2222.7
2222.8
2222.8
2222.8
2222.8
2222.8
2222.8
2222.8
2222.8
2222.8
2222.8
2222.8
2222.8
2222.8
2222.8
2222.8
2222.8
2222.9
2222.9
2222.9
2222.9
2222.9
2222.9
2222.9
2222.9
2222.9
2222.9
2222.9
2222.9
2222.9
2222.9
2222.9
2222.9
2223.0
2223.0
2223.0
2223.0
2223.0
2223.0
2223.0
2223.0
2223.0
2223.0
2223.1
2223.1
2223.1
2223.1
2223.1
2223.2
2223.3
2223.3
2223.3
2223.3
2223.4
2223.4
2223.5
2223.5
2223.5
2223.5
2223.6
2223.8
2223.8
2223.9
2224.1
2224.2
2224.4
2224.6
2224.6
2224.6
2224.7
2224.8
2224.8
2225.0
2225.3
2225.5
2225.5
2225.7
2226.0
2226.3
2226.5
2227.0
2227.0
2227.1
2227.4
2227.5
2227.5
2227.6
2227.6
2227.6
2227.7
2227.7
2227.7
2227.7
2227.7
2227.7
2227.8
2227.8
2227.8
2227.8
2227.8
2227.9
2227.9
2227.9
2227.9
2227.9
2227.9
2228.0
2228.0
2228.0
2228.0
2228.0
2228.0
2228.0
2228.1
2228.1
2228.1
2228.1
2228.1
2228.2
2228.2
2228.2
2228.2
2228.2
2228.2
2228.2
2228.3
2228.3
2228.3
2228.3
2228.3
2228.4
2228.4
2228.4
2228.4
2228.4
2228.4
2228.5
2228.5
2228.5
2228.5
2228.6
2228.6
2228.6
2228.6
2228.7
2228.7
2228.7
2228.7
2228.9
2228.9
2229.0
2229.1
2229.2
2229.2
2229.3
2229.4
2229.6
2229.8
2229.9
2230.0
2230.1
2230.3
2230.3
2230.8
2231.0
2231.3
2231.4
2231.5
2231.7
2231.8
2231.9
2232.2
2232.6
2233.6
2234.1
2234.5
2235.1
2235.4
2237.2
2237.7
2237.8
2238.0
2238.1
2238.1
2238.1
2238.2
2238.5
2238.7
2238.8
2238.8
2238.8
2239.0
2239.0
2239.0
2239.2
2239.2
2239.2
2239.3
2239.4
2239.4
2239.5
2239.6
2239.8
2240.0
2240.0
2240.1
2240.1
2240.4
2240.5
2240.6
2240.7
2240.7
2240.8
2240.9
2241.0
2241.1
2241.2
2241.3
2241.4
2241.4
2241.4
2241.6
2241.6
2241.9
2241.9
2242.2
2242.5
2242.6
2242.7
2242.7
2242.8
2242.9
2243.0
2243.0
2243.6
2243.9
2244.0
2244.5
2244.5
2244.6
2245.3
2245.8
2246.0
2246.4
2248.3
2248.8
2249.2
2249.8
2250.2
2250.3
2250.8
2250.9
2252.2
2252.8
2255.6
2265.9
2266.6
2266.6
2266.9
2266.9
2266.9
2267.0
2267.0
2267.0
2267.0
2267.0
2267.0
2267.0
2267.0
2267.0
2267.0
2267.0
2267.0
2267.0
2267.0
2267.0
2267.0
2267.0
2267.1
2267.1
2267.1
2267.1
2267.1
2267.1
2267.1
2267.1
2267.1
2267.1
2267.1
2267.1
2267.1
2267.1
2267.1
2267.1
2267.1
2267.1
2267.1
2267.1
2267.1
2267.1
2267.1
2267.1
2267.1
2267.1
2267.1
2267.1
2267.1
2267.1
2267.1
2267.1
2267.1
2267.1
2267.1
2267.1
2267.1
2267.1
2267.1
2267.1
2267.1
2267.1
2267.2
2267.2
2267.2
2267.2
2267.2
2267.2
2267.2
2267.2
2267.2
2267.2
2267.3
2267.3
2267.3
2267.3
2267.3
2267.3
2267.3
2267.3
2267.4
2267.4
2267.4
2267.5
2267.5
2267.5
2267.6
2267.6
2267.7
2267.7
2267.9
2267.9
2267.9
2268.1
2268.1
2268.3
2268.5
2271.5
2272.8
2273.3
2273.8
2273.9
2274.0
2274.0
2274.0
2274.0
2274.0
2274.0
2274.1
2274.1
2274.1
2274.1
2274.1
2274.1
2274.1
2274.1
2274.2
2274.2
2274.2
2274.2
2274.2
2274.2
2274.2
2274.2
2274.2
2274.2
2274.3
2274.3
2274.3
2274.3
2274.3
2274.3
2274.4
2274.4
2274.4
2274.4
2274.4
2274.4
2274.5
2274.5
2274.5
2274.5
2274.5
2274.5
2274.5
2274.6
2274.6
2274.6
2274.6
2274.6
2274.6
2274.6
2274.6
2274.7
2274.7
2274.7
2274.7
2274.7
2274.7
2274.8
2274.8
2274.8
2274.8
2274.8
2274.9
2274.9
2275.0
2275.1
2275.1
2275.1
2275.3
2275.3
2275.4
2275.4
2275.5
2275.5
2276.4
2276.7
2277.2
2277.2
2277.3
2277.4
2277.5
2278.2
2278.5
2278.8
2278.9
2279.7
2281.5
2281.6
2281.7
2282.3
2282.3
2283.3
2283.3
2283.3
2283.4
2283.6
2283.6
2283.7
2283.8
2283.8
2283.8
2283.9
2283.9
2284.0
2284.0
2284.1
2284.1
2284.1
2284.1
2284.1
2284.2
2284.2
2284.2
2284.2
2284.2
2284.2
2284.3
2284.4
2284.5
2284.5
2284.5
2284.5
2284.6
2284.7
2284.8
2284.8
2284.9
2285.0
2285.1
2285.4
2285.7
2286.0
2286.0
2286.5
2286.7
2286.8
2287.1
2287.1
2287.1
2287.2
2287.4
2288.2
2288.6
2288.8
2288.9
2289.0
2289.2
2289.7
2290.0
2290.1
2290.3
2290.8
2291.1
2291.7
2292.0
2292.1
2292.2
2292.4
2292.5
2292.8
2292.9
2293.2
2293.6
2294.1
2294.2
2294.4
2294.8
2294.8
2294.8
2294.9
2294.9
2294.9
2295.3
2295.5
2295.6
2295.7
2295.9
2295.9
2296.1
2296.3
2296.4
2296.4
2297.0
2297.1
2297.4
2297.6
2297.7
2298.4
2298.5
2298.6
2299.2
2299.9
2300.3
2301.4
2301.5
2303.9
2305.5
2307.8
2310.9
2319.1
2384.1
2384.1
2384.1
2384.1
2384.1
2384.1
2384.1
2384.1
2384.1
2384.1
2384.1
2384.1
2384.1
2384.1
2384.1
2384.1
2384.1
2384.1
2384.1
2384.1
2384.1
2384.1
2384.1
2384.1
2384.1
2384.1
2384.2
2384.2
2384.2
2384.2
2384.2
2384.2
2384.2
2384.2
2384.2
2384.2
2384.2
2384.2
2384.2
2384.2
2384.2
2384.2
2384.2
2384.2
2384.2
2384.2
2384.2
2384.2
2384.2
2384.2
2384.2
2384.2
2384.2
2384.2
2384.2
2384.2
2384.2
2384.2
2384.2
2384.2
2384.2
2384.2
2384.2
2384.2
2384.2
2384.3
2384.3
2384.3
2384.3
2384.3
2384.3
2384.4
2384.4
2384.4
2384.4
2384.5
2384.6
2384.6
2384.6
2384.6
2384.6
2384.6
2384.6
2384.7
2384.7
2384.7
2384.9
2384.9
2385.0
2385.1
2385.1
2385.2
2385.3
2385.4
2385.4
2385.5
2385.6
2385.7
2385.8
2385.8
2388.1
2388.1
2388.1
2388.1
2388.1
2388.1
2388.1
2388.1
2388.1
2388.1
2388.1
2388.1
2388.1
2388.1
2388.1
2388.1
2388.1
2388.1
2388.1
2388.1
2388.1
2388.1
2388.1
2388.1
2388.1
2388.1
2388.1
2388.1
2388.1
2388.1
2388.1
2388.1
2388.1
2388.1
2388.1
2388.1
2388.1
2388.1
2388.1
2388.1
2388.1
2388.1
2388.1
2388.1
2388.1
2388.1
2388.1
2388.1
2388.1
2388.1
2388.1
2388.1
2388.1
2388.2
2388.2
2388.2
2388.2
2388.2
2388.2
2388.2
2388.2
2388.2
2388.2
2388.2
2388.2
2388.2
2388.2
2388.2
2388.3
2388.3
2388.3
2388.3
2388.4
2388.7
2388.7
2388.7
2388.7
2388.7
2388.8
2388.8
2388.9
2389.0
2389.0
2389.1
2389.2
2389.2
2389.4
2389.5
2389.7
2389.9
2390.0
2390.1
2390.5
2390.6
2390.9
2391.0
2391.2
2391.4
2391.4
2391.5
2391.7
2391.7
2391.7
2391.7
2391.7
2391.7
2391.7
2391.8
2391.8
2391.8
2391.8
2391.8
2391.8
2391.8
2391.8
2391.8
2391.8
2391.8
2391.8
2391.8
2391.8
2391.8
2391.8
2391.8
2391.8
2391.8
2391.8
2391.8
2391.8
2391.8
2391.9
2391.9
2391.9
2391.9
2391.9
2391.9
2391.9
2391.9
2391.9
2391.9
2391.9
2391.9
2392.0
2392.0
2392.0
2392.0
2392.0
2392.0
2392.1
2392.1
2392.1
2392.1
2392.1
2392.1
2392.1
2392.1
2392.1
2392.1
2392.1
2392.2
2392.2
2392.2
2392.2
2392.2
2392.3
2392.3
2392.3
2392.3
2392.4
2392.4
2392.5
2392.5
2392.5
2392.8
2392.8
2393.0
2393.0
2393.1
2393.1
2393.2
2393.2
2393.3
2393.3
2393.4
2393.6
2393.9
2394.0
2394.1
2394.6
2394.8
2394.9
2395.0
2395.8
2395.8
2395.9
2395.9
2395.9
2396.0
2396.0
2396.0
2396.0
2396.0
2396.0
2396.1
2396.1
2396.1
2396.1
2396.1
2396.1
2396.1
2396.1
2396.1
2396.1
2396.2
2396.2
2396.2
2396.2
2396.2
2396.2
2396.2
2396.2
2396.2
2396.3
2396.3
2396.3
2396.3
2396.3
2396.3
2396.3
2396.3
2396.3
2396.4
2396.4
2396.4
2396.5
2396.5
2396.5
2396.5
2396.5
2396.5
2396.5
2396.6
2396.6
2396.6
2396.6
2396.6
2396.7
2396.7
2396.7
2396.7
2396.7
2396.7
2396.8
2396.8
2396.8
2396.8
2396.9
2396.9
2396.9
2397.0
2397.0
2397.0
2397.0
2397.1
2397.2
2397.3
2397.3
2397.4
2397.7
2397.7
2397.7
2397.8
2397.8
2397.8
2397.8
2398.2
2398.3
2398.6
2398.7
2398.8
2398.8
2398.8
2398.9
2399.3
2399.4
2400.1
2400.6
2401.1
2401.3
2402.0
2402.0
2402.3
2402.4
2402.6
2402.6
2402.6
2402.7
2402.7
2402.8
2402.8
2402.8
2402.9
2402.9
2402.9
2402.9
2402.9
2403.0
2403.0
2403.0
2403.1
2403.2
2403.2
2403.2
2403.2
2403.3
2403.3
2403.3
2403.4
2403.4
2403.4
2403.4
2403.4
2403.7
2403.7
2403.7
2403.7
2403.8
2403.8
2403.8
2403.8
2403.9
2403.9
2403.9
2404.0
2404.0
2404.1
2404.2
2404.3
2404.3
2404.4
2404.4
2404.4
2404.4
2404.4
2404.5
2404.5
2404.5
2404.8
2405.0
2405.0
2405.0
2405.0
2405.0
2405.3
2405.4
2405.4
2405.5
2405.5
2405.7
2406.1
2406.2
2406.2
2406.2
2406.5
2406.6
2406.7
2407.7
2408.0
2408.1
2408.3
2408.4
2408.6
2408.9
2409.0
2410.0
2410.3
2410.9
2410.9
2411.0
2411.7
2413.1
2415.0
2415.3
2417.9
2419.8
2426.7
2551.1
2551.1
2551.1
2551.1
2551.1
2551.1
2551.1
2551.1
2551.1
2551.1
2551.1
2551.1
2551.1
2551.1
2551.1
2551.1
2551.1
2551.1
2551.1
2551.1
2551.1
2551.1
2551.1
2551.1
2551.1
2551.1
2551.1
2551.1
2551.1
2551.1
2551.1
2551.1
2551.1
2551.1
2551.1
2551.1
2551.1
2551.1
2551.1
2551.1
2551.1
2551.1
2551.1
2551.1
2551.1
2551.1
2551.1
2551.1
2551.1
2551.1
2551.1
2551.1
2551.1
2551.2
2551.2
2551.2
2551.2
2551.2
2551.2
2551.2
2551.2
2551.2
2551.2
2551.2
2551.2
2551.2
2551.2
2551.2
2551.2
2551.2
2551.2
2551.3
2551.3
2551.3
2551.3
2551.3
2551.3
2551.3
2551.4
2551.4
2551.4
2551.4
2551.5
2551.5
2551.5
2551.5
2551.5
2551.5
2551.6
2551.6
2551.6
2551.6
2551.7
2551.7
2551.8
2551.8
2551.9
2551.9
2551.9
2551.9
2555.3
2555.3
2555.3
2555.3
2555.3
2555.3
2555.3
2555.3
2555.3
2555.3
2555.3
2555.3
2555.3
2555.3
2555.3
2555.3
2555.3
2555.3
2555.3
2555.3
2555.3
2555.3
2555.3
2555.3
2555.3
2555.3
2555.3
2555.3
2555.4
2555.4
2555.4
2555.4
2555.4
2555.4
2555.4
2555.4
2555.4
2555.4
2555.4
2555.4
2555.4
2555.4
2555.4
2555.4
2555.4
2555.4
2555.4
2555.4
2555.4
2555.4
2555.4
2555.4
2555.4
2555.4
2555.4
2555.4
2555.4
2555.4
2555.4
2555.4
2555.4
2555.4
2555.4
2555.5
2555.5
2555.5
2555.5
2555.5
2555.5
2555.6
2555.6
2555.7
2555.8
2555.8
2555.9
2555.9
2556.0
2556.0
2556.1
2556.1
2556.1
2556.3
2556.3
2556.4
2556.5
2556.5
2556.5
2556.5
2556.7
2556.8
2556.9
2557.0
2557.1
2557.2
2557.4
2557.5
2557.5
2557.7
2557.7
2557.7
2558.9
2559.0
2559.0
2559.0
2559.0
2559.0
2559.0
2559.0
2559.1
2559.1
2559.1
2559.1
2559.1
2559.1
2559.1
2559.1
2559.1
2559.1
2559.1
2559.1
2559.1
2559.1
2559.1
2559.1
2559.1
2559.2
2559.2
2559.2
2559.2
2559.2
2559.2
2559.2
2559.2
2559.2
2559.2
2559.2
2559.2
2559.2
2559.2
2559.2
2559.2
2559.2
2559.2
2559.3
2559.3
2559.3
2559.3
2559.3
2559.3
2559.3
2559.3
2559.3
2559.4
2559.4
2559.4
2559.4
2559.4
2559.4
2559.4
2559.4
2559.5
2559.6
2559.6
2559.7
2559.7
2559.7
2559.8
2559.8
2559.8
2559.9
2559.9
2559.9
2560.2
2560.2
2560.2
2560.4
2560.5
2560.8
2560.9
2560.9
2560.9
2561.0
2561.1
2561.2
2561.4
2561.6
2561.8
2561.8
2562.1
2562.4
2562.6
2562.8
2563.3
2563.3
2563.5
2563.8
2563.8
2563.8
2563.9
2563.9
2563.9
2564.0
2564.0
2564.0
2564.0
2564.1
2564.1
2564.1
2564.1
2564.1
2564.1
2564.1
2564.2
2564.2
2564.3
2564.3
2564.3
2564.3
2564.3
2564.3
2564.3
2564.3
2564.3
2564.3
2564.4
2564.4
2564.5
2564.5
2564.5
2564.5
2564.5
2564.5
2564.5
2564.5
2564.5
2564.6
2564.6
2564.6
2564.6
2564.6
2564.6
2564.7
2564.7
2564.7
2564.7
2564.7
2564.7
2564.7
2564.8
2564.8
2564.8
2564.8
2564.9
2564.9
2564.9
2565.0
2565.0
2565.0
2565.0
2565.1
2565.2
2565.2
2565.4
2565.4
2565.5
2565.5
2565.6
2565.7
2565.9
2566.1
2566.2
2566.3
2566.5
2566.6
2566.6
2567.1
2567.2
2567.7
2567.8
2567.8
2568.1
2568.1
2568.2
2568.6
2568.8
2569.8
2570.4
2570.6
2571.5
2571.7
2573.2
2573.5
2573.6
2574.2
2574.2
2574.3
2574.3
2574.3
2574.8
2575.0
2575.1
2575.1
2575.1
2575.1
2575.2
2575.4
2575.4
2575.5
2575.5
2575.6
2575.7
2575.8
2575.8
2576.2
2576.2
2576.3
2576.4
2576.5
2576.5
2576.6
2576.7
2576.8
2576.8
2576.9
2576.9
2577.0
2577.4
2577.4
2577.5
2577.6
2577.7
2577.8
2577.8
2577.9
2578.1
2578.1
2578.1
2578.2
2578.5
2578.6
2578.7
2578.7
2578.9
2579.0
2579.1
2579.1
2579.4
2579.7
2579.9
2580.6
2580.8
2580.8
2580.8
2581.4
2581.8
2581.9
2583.8
2584.4
2584.7
2584.9
2585.2
2585.7
2586.3
2586.3
2587.1
2589.2
2590.6
2595.0
2603.4
2603.6
2603.9
2604.0
2604.0
2604.0
2604.0
2604.0
2604.0
2604.0
2604.0
2604.0
2604.0
2604.0
2604.0
2604.0
2604.0
2604.0
2604.0
2604.1
2604.1
2604.1
2604.1
2604.1
2604.1
2604.1
2604.1
2604.1
2604.1
2604.1
2604.1
2604.1
2604.1
2604.1
2604.1
2604.1
2604.1
2604.1
2604.1
2604.1
2604.1
2604.1
2604.1
2604.1
2604.1
2604.1
2604.1
2604.1
2604.1
2604.1
2604.1
2604.1
2604.1
2604.1
2604.1
2604.1
2604.1
2604.1
2604.1
2604.1
2604.1
2604.1
2604.1
2604.2
2604.2
2604.2
2604.2
2604.2
2604.2
2604.2
2604.2
2604.2
2604.2
2604.2
2604.3
2604.3
2604.3
2604.3
2604.3
2604.3
2604.3
2604.4
2604.4
2604.4
2604.4
2604.5
2604.5
2604.6
2604.6
2604.6
2604.6
2604.6
2604.7
2604.9
2604.9
2604.9
2605.1
2605.1
2605.3
2605.5
2609.4
2610.2
2610.8
2610.9
2611.0
2611.0
2611.0
2611.0
2611.0
2611.0
2611.1
2611.1
2611.1
2611.1
2611.1
2611.1
2611.1
2611.1
2611.2
2611.2
2611.2
2611.2
2611.2
2611.2
2611.2
2611.2
2611.2
2611.2
2611.3
2611.3
2611.3
2611.3
2611.3
2611.3
2611.3
2611.4
2611.4
2611.4
2611.4
2611.4
2611.5
2611.5
2611.5
2611.5
2611.5
2611.5
2611.6
2611.6
2611.6
2611.6
2611.6
2611.6
2611.6
2611.6
2611.6
2611.7
2611.7
2611.7
2611.7
2611.7
2611.7
2611.8
2611.8
2611.8
2611.8
2611.8
2611.8
2611.9
2611.9
2612.0
2612.1
2612.1
2612.2
2612.3
2612.3
2612.4
2612.4
2612.5
2612.5
2613.5
2613.9
2614.0
2614.3
2614.5
2614.5
2614.6
2615.4
2615.5
2615.9
2616.0
2617.0
2618.7
2618.9
2619.1
2619.4
2619.6
2620.8
2620.9
2621.1
2621.1
2621.1
2621.3
2621.4
2621.5
2621.5
2621.5
2621.6
2621.6
2621.7
2621.7
2621.8
2621.8
2621.8
2621.8
2621.8
2621.8
2621.9
2621.9
2621.9
2621.9
2622.0
2622.1
2622.1
2622.2
2622.2
2622.2
2622.3
2622.3
2622.5
2622.6
2622.7
2622.9
2622.9
2623.2
2623.2
2623.7
2623.9
2623.9
2624.5
2624.8
2624.8
2625.3
2625.3
2625.5
2625.5
2625.8
2626.4
2627.7
2627.8
2627.8
2627.9
2627.9
2628.2
2628.5
2629.4
2629.5
2630.0
2630.7
2630.8
2631.1
2631.1
2631.2
2631.6
2632.0
2632.2
2632.8
2633.7
2633.8
2633.8
2633.9
2634.1
2634.4
2634.6
2634.7
2634.9
2635.1
2635.2
2635.3
2635.3
2635.4
2636.2
2636.4
2637.7
2638.9
2639.3
2639.5
2639.9
2640.3
2640.5
2640.7
2641.1
2642.1
2642.5
2643.6
2645.3
2651.0
2656.5
2720.3
2720.3
2720.3
2720.3
2720.3
2720.3
2720.3
2720.3
2720.3
2720.3
2720.3
2720.3
2720.3
2720.3
2720.3
2720.3
2720.3
2720.3
2720.3
2720.3
2720.3
2720.3
2720.3
2720.3
2720.3
2720.3
2720.3
2720.3
2720.3
2720.3
2720.3
2720.3
2720.3
2720.3
2720.3
2720.4
2720.4
2720.4
2720.4
2720.4
2720.4
2720.4
2720.4
2720.4
2720.4
2720.4
2720.4
2720.4
2720.4
2720.4
2720.4
2720.4
2720.4
2720.4
2720.4
2720.4
2720.4
2720.4
2720.4
2720.4
2720.4
2720.4
2720.4
2720.4
2720.4
2720.5
2720.5
2720.5
2720.5
2720.5
2720.5
2720.5
2720.5
2720.6
2720.6
2720.7
2720.7
2720.7
2720.7
2720.8
2720.8
2720.8
2720.8
2720.9
2720.9
2720.9
2721.1
2721.1
2721.1
2721.3
2721.3
2721.4
2721.5
2721.5
2721.5
2721.7
2721.8
2721.9
2721.9
2721.9
2724.4
2724.4
2724.4
2724.4
2724.4
2724.4
2724.4
2724.4
2724.4
2724.4
2724.4
2724.4
2724.4
2724.4
2724.4
2724.4
2724.4
2724.4
2724.4
2724.4
2724.4
2724.4
2724.4
2724.4
2724.4
2724.4
2724.4
2724.4
2724.4
2724.4
2724.4
2724.4
2724.4
2724.4
2724.4
2724.4
2724.4
2724.4
2724.4
2724.4
2724.4
2724.4
2724.4
2724.4
2724.4
2724.4
2724.4
2724.4
2724.5
2724.5
2724.5
2724.5
2724.5
2724.5
2724.5
2724.5
2724.5
2724.5
2724.5
2724.5
2724.5
2724.5
2724.5
2724.5
2724.5
2724.5
2724.5
2724.6
2724.6
2724.6
2724.6
2724.6
2724.7
2724.9
2724.9
2724.9
2725.0
2725.0
2725.0
2725.0
2725.1
2725.2
2725.2
2725.3
2725.4
2725.4
2725.5
2725.6
2725.9
2725.9
2726.0
2726.1
2726.5
2726.6
2726.9
2727.0
2727.2
2727.4
2727.4
2727.4
2728.0
2728.0
2728.0
2728.0
2728.0
2728.1
2728.1
2728.1
2728.1
2728.1
2728.1
2728.1
2728.1
2728.1
2728.1
2728.1
2728.1
2728.1
2728.1
2728.1
2728.1
2728.1
2728.1
2728.1
2728.1
2728.1
2728.1
2728.1
2728.1
2728.2
2728.2
2728.2
2728.2
2728.2
2728.2
2728.2
2728.2
2728.2
2728.2
2728.2
2728.3
2728.3
2728.3
2728.3
2728.3
2728.3
2728.3
2728.3
2728.3
2728.4
2728.4
2728.4
2728.4
2728.4
2728.4
2728.4
2728.4
2728.5
2728.5
2728.5
2728.5
2728.5
2728.5
2728.5
2728.6
2728.6
2728.6
2728.6
2728.7
2728.7
2728.8
2728.8
2728.8
2729.0
2729.0
2729.2
2729.2
2729.4
2729.4
2729.4
2729.5
2729.5
2729.6
2729.6
2729.9
2730.1
2730.1
2730.2
2730.6
2730.8
2731.0
2731.0
2731.8
2731.8
2732.1
2732.2
2732.2
2732.3
2732.3
2732.3
2732.3
2732.4
2732.4
2732.4
2732.4
2732.4
2732.4
2732.4
2732.4
2732.5
2732.5
2732.5
2732.5
2732.5
2732.5
2732.5
2732.5
2732.5
2732.5
2732.5
2732.6
2732.6
2732.6
2732.6
2732.6
2732.6
2732.6
2732.6
2732.6
2732.6
2732.6
2732.6
2732.6
2732.7
2732.7
2732.7
2732.8
2732.8
2732.8
2732.8
2732.9
2732.9
2732.9
2732.9
2732.9
2732.9
2732.9
2732.9
2733.0
2733.0
2733.0
2733.1
2733.1
2733.1
2733.1
2733.1
2733.1
2733.2
2733.2
2733.3
2733.3
2733.4
2733.4
2733.4
2733.5
2733.5
2733.6
2733.6
2733.7
2733.8
2734.0
2734.0
2734.1
2734.1
2734.2
2734.5
2734.6
2734.8
2735.0
2735.1
2735.1
2735.1
2735.1
2735.5
2735.7
2736.2
2736.8
2737.1
2737.3
2737.6
2738.4
2738.5
2738.7
2738.8
2739.0
2739.0
2739.0
2739.1
2739.1
2739.1
2739.2
2739.2
2739.2
2739.2
2739.3
2739.3
2739.4
2739.4
2739.4
2739.5
2739.5
2739.6
2739.6
2739.7
2739.7
2739.7
2739.8
2739.8
2739.8
2739.9
2739.9
2739.9
2740.1
2740.1
2740.1
2740.2
2740.2
2740.2
2740.2
2740.2
2740.3
2740.3
2740.3
2740.4
2740.4
2740.5
2740.5
2740.6
2740.7
2740.7
2740.8
2740.8
2740.8
2740.8
2740.8
2740.8
2740.9
2740.9
2741.0
2741.2
2741.3
2741.5
2741.5
2741.5
2741.7
2741.8
2741.9
2741.9
2742.0
2742.0
2742.1
2742.6
2742.6
2742.7
2742.9
2743.0
2743.3
2743.7
2744.0
2744.4
2744.5
2744.9
2745.2
2745.2
2746.3
2746.4
2747.1
2747.1
2747.4
2747.7
2747.8
2748.6
2749.3
2749.9
2754.0
2756.1
2762.7
2887.4
2887.4
2887.4
2887.4
2887.4
2887.4
2887.4
2887.4
2887.4
2887.4
2887.4
2887.4
2887.4
2887.4
2887.4
2887.4
2887.4
2887.4
2887.4
2887.4
2887.4
2887.4
2887.4
2887.4
2887.4
2887.4
2887.4
2887.4
2887.4
2887.4
2887.4
2887.4
2887.4
2887.4
2887.4
2887.4
2887.4
2887.4
2887.4
2887.4
2887.4
2887.4
2887.4
2887.4
2887.4
2887.4
2887.4
2887.4
2887.4
2887.4
2887.4
2887.4
2887.4
2887.4
2887.4
2887.4
2887.4
2887.4
2887.4
2887.4
2887.4
2887.5
2887.5
2887.5
2887.5
2887.5
2887.5
2887.5
2887.5
2887.5
2887.5
2887.6
2887.6
2887.6
2887.6
2887.6
2887.6
2887.6
2887.6
2887.7
2887.7
2887.8
2887.8
2887.8
2887.8
2887.8
2887.8
2887.8
2887.9
2887.9
2887.9
2888.0
2888.0
2888.0
2888.1
2888.2
2888.2
2888.2
2888.2
2888.3
2891.6
2891.6
2891.6
2891.6
2891.6
2891.6
2891.6
2891.6
2891.6
2891.6
2891.6
2891.6
2891.6
2891.6
2891.6
2891.6
2891.6
2891.6
2891.6
2891.6
2891.6
2891.7
2891.7
2891.7
2891.7
2891.7
2891.7
2891.7
2891.7
2891.7
2891.7
2891.7
2891.7
2891.7
2891.7
2891.7
2891.7
2891.7
2891.7
2891.7
2891.7
2891.7
2891.7
2891.7
2891.7
2891.7
2891.7
2891.7
2891.7
2891.7
2891.7
2891.7
2891.7
2891.7
2891.7
2891.7
2891.7
2891.7
2891.7
2891.7
2891.7
2891.7
2891.8
2891.8
2891.8
2891.8
2891.8
2891.8
2891.9
2891.9
2891.9
2892.0
2892.1
2892.2
2892.2
2892.2
2892.3
2892.3
2892.5
2892.5
2892.5
2892.7
2892.7
2892.8
2892.9
2892.9
2892.9
2892.9
2893.1
2893.2
2893.3
2893.4
2893.5
2893.6
2893.9
2893.9
2894.0
2894.1
2894.1
2894.2
2895.2
2895.2
2895.3
2895.3
2895.3
2895.3
2895.3
2895.3
2895.3
2895.4
2895.4
2895.4
2895.4
2895.4
2895.4
2895.4
2895.4
2895.4
2895.4
2895.4
2895.4
2895.4
2895.4
2895.4
2895.4
2895.4
2895.5
2895.5
2895.5
2895.5
2895.5
2895.5
2895.5
2895.5
2895.5
2895.5
2895.5
2895.5
2895.5
2895.5
2895.5
2895.5
2895.5
2895.6
2895.6
2895.6
2895.6
2895.6
2895.6
2895.6
2895.6
2895.6
2895.7
2895.7
2895.7
2895.7
2895.7
2895.7
2895.7
2895.7
2895.8
2895.9
2895.9
2895.9
2896.0
2896.0
2896.1
2896.1
2896.1
2896.1
2896.2
2896.2
2896.5
2896.5
2896.5
2896.7
2896.8
2897.1
2897.2
2897.2
2897.3
2897.4
2897.4
2897.5
2897.7
2898.0
2898.1
2898.1
2898.4
2898.7
2898.9
2899.2
2899.7
2899.7
2899.8
2900.0
2900.0
2900.1
2900.1
2900.1
2900.2
2900.2
2900.2
2900.2
2900.2
2900.3
2900.3
2900.3
2900.3
2900.3
2900.4
2900.4
2900.4
2900.4
2900.4
2900.4
2900.5
2900.5
2900.5
2900.5
2900.5
2900.5
2900.5
2900.5
2900.6
2900.6
2900.6
2900.6
2900.6
2900.7
2900.7
2900.7
2900.7
2900.7
2900.7
2900.7
2900.8
2900.8
2900.8
2900.8
2900.8
2900.8
2900.8
2900.9
2900.9
2900.9
2900.9
2900.9
2901.0
2901.0
2901.0
2901.1
2901.1
2901.1
2901.2
2901.2
2901.2
2901.2
2901.2
2901.3
2901.4
2901.4
2901.6
2901.6
2901.6
2901.7
2901.7
2901.9
2902.1
2902.3
2902.4
2902.5
2902.6
2902.7
2902.7
2903.3
2903.4
2903.9
2904.0
2904.1
2904.2
2904.4
2904.4
2904.8
2905.1
2906.1
2906.6
2907.0
2907.9
2907.9
2909.0
2909.7
2909.7
2909.8
2909.8
2909.9
2909.9
2910.1
2910.2
2910.3
2910.4
2910.5
2910.5
2910.5
2910.6
2910.7
2910.8
2910.8
2910.9
2910.9
2911.1
2911.4
2911.5
2911.7
2911.8
2911.8
2911.8
2911.8
2911.8
2911.9
2911.9
2911.9
2912.0
2912.0
2912.0
2912.3
2912.4
2912.4
2912.4
2912.4
2912.5
2912.6
2912.6
2912.8
2912.9
2912.9
2913.2
2913.3
2913.4
2913.6
2913.6
2913.6
2913.8
2913.8
2914.0
2914.1
2914.2
2914.7
2914.8
2914.9
2915.2
2915.3
2915.3
2915.4
2915.6
2915.9
2917.1
2917.4
2917.7
2917.8
2917.9
2919.0
2919.2
2919.6
2920.1
2920.6
2921.1
2925.1
2925.3
2926.3
2935.2
2939.3
2939.3
2939.5
2939.5
2939.6
2939.6
2939.6
2939.6
2939.6
2939.6
2939.6
2939.6
2939.6
2939.6
2939.6
2939.6
2939.6
2939.6
2939.6
2939.6
2939.6
2939.6
2939.6
2939.6
2939.6
2939.6
2939.7
2939.7
2939.7
2939.7
2939.7
2939.7
2939.7
2939.7
2939.7
2939.7
2939.7
2939.7
2939.7
2939.7
2939.7
2939.7
2939.7
2939.7
2939.7
2939.7
2939.7
2939.7
2939.7
2939.7
2939.7
2939.7
2939.7
2939.7
2939.7
2939.7
2939.7
2939.7
2939.7
2939.7
2939.7
2939.7
2939.7
2939.7
2939.7
2939.7
2939.7
2939.7
2939.8
2939.8
2939.8
2939.8
2939.8
2939.8
2939.8
2939.8
2939.8
2939.8
2939.9
2939.9
2939.9
2939.9
2939.9
2940.0
2940.0
2940.0
2940.1
2940.1
2940.2
2940.2
2940.3
2940.3
2940.4
2940.4
2940.5
2940.5
2940.7
2940.7
2940.8
2941.1
2946.2
2946.3
2946.4
2946.5
2946.5
2946.5
2946.6
2946.6
2946.6
2946.6
2946.6
2946.6
2946.7
2946.7
2946.7
2946.7
2946.7
2946.7
2946.7
2946.7
2946.8
2946.8
2946.8
2946.8
2946.8
2946.8
2946.8
2946.8
2946.8
2946.8
2946.8
2946.8
2946.8
2946.9
2946.9
2947.0
2947.0
2947.0
2947.0
2947.0
2947.0
2947.0
2947.0
2947.0
2947.0
2947.1
2947.1
2947.1
2947.1
2947.1
2947.2
2947.2
2947.2
2947.2
2947.2
2947.2
2947.2
2947.3
2947.3
2947.3
2947.3
2947.3
2947.3
2947.4
2947.4
2947.4
2947.4
2947.5
2947.5
2947.6
2947.6
2947.7
2947.7
2947.8
2947.9
2947.9
2948.0
2948.0
2948.6
2949.0
2949.3
2949.6
2949.7
2949.8
2949.8
2949.8
2950.7
2950.9
2951.0
2951.4
2952.1
2953.3
2953.8
2954.0
2954.4
2954.4
2955.6
2955.7
2955.7
2955.8
2956.1
2956.2
2956.3
2956.3
2956.3
2956.4
2956.4
2956.5
2956.5
2956.5
2956.6
2956.6
2956.6
2956.6
2956.6
2956.6
2956.7
2956.7
2956.7
2956.8
2956.8
2956.9
2956.9
2956.9
2957.0
2957.0
2957.1
2957.2
2957.2
2957.4
2957.4
2957.6
2957.7
2957.8
2958.3
2958.3
2958.4
2958.4
2959.1
2959.1
2959.5
2959.6
2959.7
2959.8
2959.9
2960.2
2960.8
2961.7
2961.8
2961.8
2962.0
2962.0
2962.2
2962.7
2963.4
2963.7
2964.2
2965.2
2965.4
2965.4
2965.9
2966.0
2966.1
2966.4
2966.9
2966.9
2967.7
2968.1
2968.2
2968.2
2968.5
2968.7
2968.8
2968.9
2968.9
2968.9
2969.0
2969.4
2969.5
2969.5
2969.7
2970.2
2970.8
2971.0
2971.1
2971.5
2971.6
2971.9
2972.0
2972.2
2972.3
2973.2
2973.7
2974.6
2975.1
2975.9
2976.8
2979.1
2983.2
