246.6
246.6
246.6
246.6
246.6
246.6
246.6
246.6
246.6
246.7
246.7
246.7
246.7
246.7
246.7
246.7
246.7
246.7
246.7
246.7
246.7
246.7
246.7
246.7
246.7
246.7
246.7
246.7
246.7
246.7
246.7
246.7
246.7
246.7
246.7
246.8
246.8
246.8
246.8
246.8
246.8
246.8
246.8
246.8
246.8
246.8
246.8
246.8
246.8
246.8
246.8
246.8
246.8
246.8
246.8
246.8
246.8
246.8
246.9
246.9
246.9
246.9
246.9
246.9
246.9
246.9
246.9
246.9
246.9
246.9
247.0
247.0
247.0
247.0
247.0
247.0
247.1
247.1
247.2
247.3
247.4
247.4
247.4
247.5
247.6
247.6
247.6
247.6
247.6
247.7
247.7
247.8
247.9
247.9
248.0
248.1
248.2
248.2
248.2
248.5
252.5
252.5
252.6
252.6
252.6
252.6
252.6
252.6
252.6
252.6
252.6
252.7
252.7
252.7
252.7
252.7
252.7
252.7
252.7
252.7
252.7
252.7
252.7
252.7
252.7
252.7
252.7
252.8
252.8
252.8
252.8
252.8
252.9
252.9
252.9
252.9
252.9
253.0
253.0
253.0
253.0
253.0
253.0
253.0
253.0
253.0
253.0
253.0
253.0
253.1
253.1
253.1
253.1
253.1
253.1
253.1
253.1
253.2
253.2
253.2
253.2
253.2
253.2
253.2
253.3
253.3
253.3
253.4
253.6
253.6
253.6
253.6
253.8
253.8
253.8
253.9
253.9
254.2
254.2
254.9
255.0
255.0
255.2
255.4
255.4
255.5
255.7
255.8
255.8
255.8
256.0
256.5
256.5
256.6
256.9
257.0
257.0
257.0
257.0
257.1
257.1
257.1
257.1
257.1
257.1
257.1
257.1
257.1
257.1
257.1
257.2
257.2
257.2
257.2
257.2
257.2
257.2
257.2
257.2
257.3
257.3
257.3
257.3
257.3
257.3
257.3
257.4
257.4
257.4
257.4
257.4
257.4
257.4
257.4
257.4
257.5
257.5
257.5
257.5
257.5
257.5
257.6
257.6
257.6
257.6
257.6
257.6
257.7
257.7
257.7
257.8
257.8
257.8
257.8
257.9
257.9
257.9
257.9
257.9
258.0
258.0
258.1
258.1
258.2
258.2
258.3
258.3
258.4
258.4
258.5
258.6
258.7
258.7
258.8
258.8
258.8
259.1
259.2
259.3
260.2
260.4
260.4
260.6
260.7
260.7
260.9
261.3
261.5
261.5
261.6
261.6
261.6
261.7
261.7
261.7
261.7
261.7
261.7
261.8
261.8
261.8
261.8
261.8
261.9
261.9
261.9
261.9
262.0
262.0
262.0
262.0
262.0
262.1
262.1
262.1
262.1
262.1
262.1
262.2
262.2
262.2
262.2
262.2
262.2
262.2
262.3
262.3
262.3
262.3
262.3
262.4
262.4
262.5
262.5
262.5
262.5
262.5
262.5
262.6
262.6
262.6
262.7
262.7
262.7
262.7
262.8
263.0
263.0
263.0
263.1
263.1
263.1
263.2
263.2
263.3
263.3
263.4
263.8
263.8
263.8
263.8
263.9
263.9
263.9
264.0
264.0
264.0
264.1
264.3
264.4
264.5
264.7
264.8
265.0
265.0
265.1
265.3
265.4
266.2
266.7
266.8
266.8
267.0
267.2
267.7
267.8
268.0
268.1
268.3
268.3
268.4
268.4
268.4
268.5
268.6
268.7
268.7
268.8
268.8
268.8
268.8
268.9
268.9
269.0
269.2
269.2
269.2
269.2
269.3
269.3
269.3
269.3
269.3
269.3
269.3
269.4
269.4
269.4
269.4
269.5
269.6
269.6
269.6
269.6
269.6
269.6
269.8
269.8
269.8
269.9
269.9
269.9
269.9
270.0
270.0
270.0
270.0
270.0
270.2
270.2
270.3
270.3
270.5
270.6
270.6
270.6
270.7
270.8
270.8
271.0
271.2
271.4
271.7
271.7
271.8
271.9
272.1
272.2
272.3
272.4
272.8
273.1
273.3
273.6
273.7
274.5
274.7
274.8
274.8
274.8
274.9
275.8
275.9
276.1
276.5
276.6
277.5
278.0
278.0
278.6
279.0
280.4
280.6
284.4
285.0
285.6
288.9
290.5
291.1
291.3
292.0
294.1
295.7
295.9
299.5
300.1
305.9
307.4
313.0
416.4
416.4
416.4
416.4
416.4
416.5
416.5
416.5
416.5
416.5
416.5
416.5
416.5
416.5
416.5
416.5
416.5
416.5
416.5
416.5
416.5
416.5
416.5
416.5
416.5
416.5
416.5
416.5
416.5
416.5
416.5
416.5
416.5
416.5
416.5
416.5
416.5
416.5
416.5
416.5
416.5
416.5
416.5
416.5
416.5
416.5
416.5
416.5
416.5
416.5
416.5
416.5
416.5
416.5
416.5
416.6
416.6
416.6
416.6
416.6
416.6
416.6
416.6
416.6
416.6
416.6
416.7
416.7
416.7
416.7
416.8
416.8
416.8
416.9
416.9
416.9
416.9
416.9
417.0
417.1
417.1
417.2
417.2
417.2
417.2
417.2
417.3
417.3
417.4
417.4
417.4
417.5
417.5
417.6
417.8
417.9
417.9
417.9
417.9
418.0
421.2
421.2
421.3
421.3
421.3
421.3
421.3
421.3
421.3
421.3
421.3
421.3
421.3
421.3
421.4
421.4
421.4
421.4
421.4
421.4
421.4
421.4
421.4
421.4
421.4
421.4
421.4
421.4
421.4
421.4
421.4
421.4
421.4
421.4
421.4
421.4
421.4
421.4
421.4
421.4
421.4
421.4
421.4
421.4
421.4
421.4
421.5
421.5
421.5
421.5
421.5
421.5
421.5
421.5
421.5
421.5
421.5
421.5
421.5
421.5
421.6
421.6
421.6
421.6
421.6
421.7
421.7
421.7
421.9
421.9
422.0
422.1
422.1
422.2
422.2
422.3
422.3
422.4
422.5
422.8
422.8
423.0
423.1
423.1
423.2
423.2
423.4
423.5
423.7
423.7
423.8
424.1
424.3
424.4
424.9
425.1
425.2
425.2
425.3
425.4
425.4
425.4
425.4
425.4
425.4
425.5
425.5
425.5
425.5
425.5
425.5
425.5
425.5
425.5
425.6
425.6
425.6
425.6
425.6
425.6
425.6
425.6
425.6
425.6
425.7
425.7
425.7
425.7
425.7
425.7
425.7
425.7
425.7
425.8
425.8
425.8
425.8
425.8
425.8
425.8
425.8
425.9
425.9
425.9
425.9
425.9
425.9
425.9
426.0
426.0
426.0
426.0
426.0
426.0
426.0
426.1
426.1
426.1
426.2
426.2
426.3
426.3
426.3
426.6
426.6
426.6
426.7
426.7
426.8
426.9
426.9
426.9
426.9
426.9
427.3
427.3
427.4
427.6
427.9
428.4
428.5
428.6
428.6
428.7
428.8
429.0
429.3
429.7
429.8
430.0
430.1
430.1
430.2
430.2
430.2
430.2
430.3
430.3
430.4
430.4
430.4
430.4
430.4
430.5
430.5
430.5
430.5
430.5
430.6
430.6
430.7
430.7
430.7
430.7
430.7
430.8
430.8
430.8
430.8
430.9
430.9
430.9
431.0
431.0
431.0
431.0
431.1
431.1
431.1
431.1
431.1
431.2
431.2
431.2
431.3
431.3
431.3
431.3
431.3
431.4
431.4
431.5
431.5
431.7
431.7
431.7
431.7
431.7
431.8
431.9
431.9
431.9
432.0
432.0
432.3
432.4
432.5
432.6
432.7
432.7
433.0
433.1
433.1
433.2
433.2
433.3
433.7
433.7
433.9
434.1
434.1
434.1
434.3
434.4
434.7
434.8
434.8
435.1
436.5
437.0
437.5
437.6
438.0
438.1
438.1
438.4
438.6
438.7
438.8
439.1
439.2
439.4
439.4
439.4
439.5
439.7
439.7
439.7
439.7
440.0
440.3
440.5
440.5
440.5
440.6
440.7
440.7
440.7
440.8
440.8
440.9
441.0
441.5
441.5
441.7
441.8
441.8
441.8
441.9
442.0
442.0
442.1
442.3
442.3
442.3
442.5
442.5
442.5
442.8
442.9
443.0
443.2
443.3
443.5
443.6
443.9
444.0
444.2
444.6
444.6
445.0
445.4
445.8
446.4
446.5
446.6
446.7
447.2
447.3
447.3
447.5
449.3
449.7
450.1
452.9
454.4
454.7
455.4
455.6
457.1
458.3
473.3
545.9
545.9
545.9
545.9
545.9
545.9
545.9
545.9
545.9
545.9
545.9
545.9
545.9
545.9
545.9
545.9
545.9
545.9
545.9
545.9
545.9
545.9
546.0
546.0
546.0
546.0
546.0
546.0
546.0
546.0
546.0
546.0
546.0
546.0
546.0
546.0
546.0
546.0
546.0
546.0
546.0
546.0
546.0
546.0
546.0
546.0
546.0
546.0
546.0
546.0
546.0
546.1
546.1
546.1
546.1
546.1
546.1
546.1
546.1
546.1
546.1
546.1
546.1
546.1
546.1
546.1
546.1
546.1
546.2
546.2
546.2
546.2
546.2
546.2
546.2
546.2
546.2
546.3
546.3
546.5
546.5
546.5
546.5
546.6
546.6
546.6
546.6
546.6
546.7
546.7
546.7
546.8
546.9
546.9
547.0
547.1
547.1
547.1
547.1
547.4
552.3
552.3
552.4
552.4
552.4
552.4
552.4
552.4
552.4
552.4
552.5
552.5
552.5
552.5
552.5
552.5
552.5
552.5
552.6
552.6
552.6
552.6
552.6
552.6
552.6
552.6
552.6
552.6
552.6
552.6
552.7
552.7
552.7
552.8
552.8
552.8
552.8
552.8
552.8
552.8
552.8
552.9
552.9
552.9
552.9
552.9
552.9
552.9
552.9
553.0
553.0
553.0
553.0
553.0
553.0
553.0
553.0
553.1
553.1
553.1
553.2
553.2
553.2
553.2
553.3
553.3
553.3
553.4
553.7
553.7
553.7
553.7
553.9
553.9
553.9
554.0
554.1
554.4
554.5
555.7
555.7
555.8
556.0
556.6
556.6
556.9
557.1
557.3
557.4
557.6
557.8
559.5
559.7
560.0
561.4
562.8
563.0
563.4
563.5
564.4
564.4
564.5
564.5
564.5
564.5
564.5
564.5
564.5
564.5
564.5
564.5
564.5
564.5
564.5
564.5
564.5
564.5
564.5
564.5
564.5
564.5
564.5
564.5
564.5
564.5
564.5
564.5
564.5
564.5
564.5
564.5
564.5
564.6
564.6
564.6
564.6
564.6
564.6
564.6
564.6
564.6
564.6
564.6
564.6
564.6
564.6
564.6
564.6
564.6
564.6
564.6
564.6
564.6
564.6
564.6
564.6
564.6
564.6
564.6
564.6
564.6
564.6
564.6
564.6
564.7
564.7
564.7
564.7
564.8
564.8
564.8
564.9
565.1
565.3
565.3
565.4
565.4
565.5
565.5
565.5
565.7
565.8
565.9
566.0
566.2
566.2
566.3
566.3
566.6
566.6
566.8
567.3
567.4
567.5
568.5
568.5
568.6
568.6
568.6
568.6
568.6
568.6
568.6
568.7
568.7
568.7
568.7
568.7
568.7
568.7
568.7
568.7
568.7
568.8
568.8
568.8
568.8
568.8
568.8
568.8
568.8
568.8
568.8
568.9
568.9
568.9
568.9
568.9
569.0
569.0
569.0
569.0
569.0
569.0
569.0
569.0
569.0
569.1
569.1
569.1
569.1
569.1
569.1
569.1
569.1
569.2
569.2
569.2
569.3
569.3
569.3
569.4
569.4
569.4
569.5
569.6
569.8
569.8
569.8
569.8
569.8
569.9
570.0
570.1
570.1
570.3
570.4
570.5
570.5
570.6
570.8
570.8
570.9
571.2
571.3
571.6
571.7
571.7
571.8
571.8
572.0
572.1
572.5
572.7
572.8
573.0
573.1
573.5
573.6
573.6
573.7
573.7
573.8
573.8
573.8
573.9
573.9
573.9
573.9
573.9
574.0
574.0
574.0
574.1
574.1
574.1
574.1
574.2
574.2
574.2
574.2
574.3
574.3
574.3
574.3
574.3
574.3
574.3
574.3
574.4
574.4
574.4
574.4
574.5
574.5
574.6
574.6
574.6
574.6
574.7
574.7
574.8
574.9
574.9
574.9
574.9
575.0
575.0
575.1
575.2
575.2
575.2
575.3
575.3
575.3
575.4
575.6
575.6
575.7
575.8
575.9
576.0
576.1
576.1
576.1
576.2
576.4
576.5
576.6
576.7
576.8
577.0
577.1
577.1
577.4
577.9
578.0
578.0
578.1
578.1
578.3
578.5
578.6
578.6
578.6
578.7
578.9
578.9
579.0
579.3
579.3
579.4
579.5
579.6
579.8
579.8
579.8
579.9
579.9
579.9
579.9
579.9
579.9
579.9
580.0
580.0
580.0
580.0
580.0
580.0
580.1
580.1
580.1
580.2
580.2
580.2
580.2
580.3
580.3
580.3
580.3
580.3
580.3
580.3
580.3
580.4
580.4
580.5
580.5
580.5
580.5
580.5
580.6
580.6
580.6
580.6
580.8
580.8
580.8
580.9
580.9
580.9
581.1
581.2
581.3
581.3
581.3
581.4
581.5
581.5
581.6
581.6
581.7
581.7
581.8
581.8
582.5
582.5
582.6
582.6
582.7
582.7
582.8
583.0
583.2
583.3
583.4
583.5
584.3
584.4
584.5
585.2
585.3
585.4
586.7
586.9
586.9
587.0
587.1
587.3
587.5
587.9
587.9
588.4
588.7
588.9
589.2
590.0
590.4
590.5
590.5
590.8
591.1
591.4
592.2
592.2
592.4
592.5
592.6
592.6
592.7
592.7
593.1
593.2
593.2
593.3
593.3
593.4
593.5
593.6
593.7
593.8
593.8
594.3
594.3
594.7
594.7
594.8
594.9
595.1
595.2
595.3
595.4
595.5
595.7
595.7
595.8
597.0
597.2
597.3
597.4
597.4
597.8
598.0
598.8
598.9
599.5
599.6
600.0
600.4
600.5
600.6
600.9
601.2
601.2
601.4
601.8
602.0
602.4
602.9
603.3
603.4
603.5
604.4
604.8
605.3
605.5
608.0
609.3
612.2
617.4
693.0
693.0
693.0
693.0
693.0
693.0
693.0
693.0
693.0
693.0
693.0
693.1
693.1
693.1
693.1
693.1
693.1
693.1
693.1
693.1
693.1
693.1
693.1
693.1
693.1
693.1
693.1
693.1
693.1
693.1
693.1
693.1
693.1
693.1
693.1
693.1
693.1
693.1
693.1
693.1
693.1
693.1
693.1
693.1
693.1
693.1
693.1
693.1
693.1
693.1
693.1
693.1
693.1
693.1
693.1
693.1
693.1
693.1
693.1
693.2
693.2
693.2
693.2
693.2
693.2
693.2
693.2
693.2
693.2
693.2
693.3
693.3
693.3
693.3
693.3
693.3
693.3
693.4
693.4
693.5
693.5
693.5
693.6
693.6
693.6
693.7
693.7
693.7
693.7
693.7
693.7
693.9
693.9
693.9
694.0
694.1
694.1
694.1
694.2
694.4
699.6
699.6
699.6
699.6
699.6
699.7
699.7
699.7
699.7
699.7
699.7
699.7
699.7
699.8
699.8
699.8
699.8
699.8
699.8
699.8
699.8
699.8
699.8
699.8
699.8
699.8
699.8
699.8
699.9
699.9
699.9
699.9
699.9
700.0
700.0
700.0
700.0
700.0
700.0
700.0
700.0
700.1
700.1
700.1
700.1
700.1
700.1
700.1
700.1
700.1
700.2
700.2
700.2
700.2
700.2
700.2
700.2
700.3
700.3
700.3
700.4
700.4
700.4
700.4
700.5
700.5
700.5
700.6
700.8
700.8
700.8
700.8
701.0
701.0
701.0
701.1
701.1
701.4
701.4
702.0
702.0
702.0
702.2
702.3
702.3
702.4
702.5
702.6
702.6
702.6
702.8
703.1
703.2
703.2
703.6
703.9
703.9
704.0
704.1
704.5
705.4
705.5
705.5
705.5
705.5
705.5
705.5
705.6
705.6
705.6
705.6
705.6
705.6
705.6
705.6
705.6
705.6
705.6
705.6
705.6
705.7
705.7
705.7
705.7
705.7
705.7
705.7
705.7
705.7
705.8
705.8
705.8
705.9
705.9
705.9
705.9
705.9
705.9
705.9
705.9
705.9
705.9
706.0
706.0
706.0
706.0
706.0
706.1
706.1
706.1
706.1
706.1
706.1
706.2
706.2
706.2
706.2
706.2
706.3
706.3
706.4
706.4
706.4
706.5
706.5
706.7
706.7
706.8
706.8
706.9
707.0
707.1
707.1
707.1
707.2
707.3
707.4
707.5
707.7
708.1
708.4
708.4
708.4
708.5
708.5
708.5
708.7
708.7
708.7
708.8
708.8
709.2
709.2
709.2
709.3
709.3
709.4
709.4
709.4
709.4
709.4
709.4
709.4
709.4
709.4
709.5
709.5
709.5
709.5
709.5
709.5
709.6
709.6
709.6
709.6
709.6
709.6
709.6
709.6
709.6
709.6
709.6
709.7
709.7
709.7
709.7
709.7
709.7
709.7
709.7
709.8
709.8
709.8
709.8
709.8
709.8
709.9
709.9
709.9
709.9
709.9
709.9
710.0
710.0
710.1
710.1
710.1
710.1
710.1
710.2
710.2
710.2
710.2
710.3
710.3
710.3
710.3
710.4
710.4
710.5
710.5
710.5
710.6
710.6
710.7
711.0
711.0
711.4
711.4
711.4
711.5
711.6
711.7
711.9
712.1
712.1
712.5
712.5
712.9
713.7
713.8
713.9
713.9
714.0
714.0
714.1
714.1
714.2
714.2
714.3
714.3
714.4
714.4
714.4
714.4
714.5
714.5
714.5
714.5
714.5
714.5
714.6
714.6
714.6
714.6
714.6
714.7
714.7
714.7
714.7
714.8
714.8
714.8
714.8
714.8
714.9
714.9
714.9
714.9
714.9
714.9
714.9
714.9
714.9
715.0
715.0
715.0
715.1
715.1
715.1
715.1
715.1
715.1
715.1
715.2
715.2
715.2
715.2
715.2
715.3
715.4
715.4
715.4
715.4
715.6
715.7
715.7
715.8
715.8
715.9
716.0
716.1
716.1
716.1
716.3
716.5
716.6
716.8
716.9
716.9
716.9
717.3
717.4
717.4
717.5
717.7
717.7
717.8
717.9
717.9
718.1
718.3
718.8
719.2
719.3
719.3
719.7
719.8
721.3
721.6
721.6
721.6
722.0
722.1
722.5
723.3
723.4
723.6
723.6
723.7
724.1
724.1
724.2
724.2
724.2
724.3
724.4
724.6
724.6
724.6
724.7
724.8
725.0
725.0
725.1
725.2
725.3
725.4
725.4
725.4
725.5
725.8
725.8
725.8
725.9
725.9
725.9
725.9
726.0
726.0
726.1
726.2
726.2
726.3
726.3
726.3
726.4
726.5
726.5
726.5
726.6
726.8
727.0
727.1
727.2
727.2
727.3
727.3
727.3
727.4
727.5
728.0
728.1
728.1
728.2
728.6
729.0
729.0
729.1
729.3
729.3
729.5
729.6
730.8
731.4
732.2
732.8
732.9
734.0
734.0
734.2
734.2
734.3
734.5
734.5
734.6
734.6
734.6
734.7
734.8
734.8
734.8
734.9
734.9
735.0
735.0
735.0
735.0
735.0
735.0
735.0
735.0
735.0
735.0
735.0
735.0
735.0
735.0
735.0
735.0
735.1
735.1
735.1
735.1
735.1
735.1
735.1
735.1
735.1
735.1
735.1
735.1
735.1
735.1
735.1
735.1
735.1
735.1
735.1
735.1
735.1
735.1
735.1
735.1
735.1
735.1
735.1
735.1
735.1
735.1
735.1
735.1
735.1
735.2
735.2
735.2
735.2
735.2
735.2
735.2
735.2
735.2
735.2
735.2
735.2
735.2
735.2
735.2
735.2
735.3
735.3
735.3
735.3
735.3
735.4
735.4
735.6
735.6
735.6
735.6
735.7
735.7
736.0
736.0
736.5
736.6
737.6
737.8
739.7
739.9
740.3
740.4
740.6
740.7
740.7
740.8
740.8
740.8
740.8
740.8
740.9
740.9
740.9
740.9
740.9
740.9
740.9
740.9
740.9
740.9
740.9
740.9
740.9
740.9
741.0
741.0
741.0
741.0
741.0
741.0
741.0
741.0
741.0
741.0
741.0
741.0
741.1
741.1
741.1
741.1
741.1
741.1
741.1
741.1
741.1
741.1
741.1
741.2
741.2
741.2
741.2
741.2
741.2
741.2
741.2
741.3
741.3
741.3
741.3
741.3
741.3
741.4
741.4
741.4
741.4
741.4
741.5
741.5
741.5
741.5
741.5
741.6
741.7
741.9
741.9
742.0
742.0
742.1
742.2
742.3
742.4
742.4
742.4
742.4
742.5
742.5
742.6
742.6
742.9
742.9
742.9
742.9
743.0
743.1
743.1
743.7
743.7
744.2
744.9
745.5
745.5
745.5
745.6
745.6
745.6
745.7
745.7
745.7
745.7
745.8
745.8
745.8
745.8
745.9
745.9
745.9
745.9
745.9
746.0
746.0
746.0
746.0
746.1
746.1
746.1
746.1
746.2
746.2
746.2
746.2
746.2
746.2
746.2
746.2
746.2
746.3
746.3
746.3
746.3
746.4
746.4
746.4
746.5
746.5
746.5
746.5
746.6
746.6
746.6
746.6
746.6
746.6
746.7
746.7
746.7
746.7
746.8
746.8
746.9
747.2
747.2
747.2
747.2
747.2
747.3
747.3
747.4
747.5
747.6
747.6
748.1
748.2
748.3
748.4
749.5
749.8
749.9
749.9
750.0
750.1
750.7
750.9
751.0
751.2
751.4
751.5
751.7
751.8
751.8
752.0
752.1
752.1
752.1
752.1
752.2
752.3
752.3
752.4
752.4
752.6
752.6
752.6
752.6
752.7
752.7
752.7
752.8
752.8
752.8
752.8
752.8
752.8
752.8
752.9
752.9
753.0
753.0
753.0
753.0
753.1
753.1
753.1
753.1
753.1
753.1
753.2
753.3
753.3
753.4
753.4
753.4
753.5
753.5
753.5
753.5
753.5
753.5
753.6
753.6
753.6
753.7
753.7
753.7
753.7
753.8
753.8
753.9
753.9
754.0
754.0
754.0
754.0
754.1
754.1
754.1
754.2
754.2
754.2
754.3
754.4
754.4
754.6
754.6
754.6
754.6
754.6
754.6
754.9
755.0
755.2
755.6
755.6
755.9
756.2
756.7
756.8
757.8
757.9
758.7
759.0
760.0
760.3
760.5
760.6
760.6
760.7
760.7
760.8
761.2
761.2
761.8
761.8
761.9
761.9
762.0
762.2
762.3
762.5
762.5
762.6
762.8
762.8
763.2
763.3
763.5
763.5
763.6
763.6
763.6
763.7
763.8
763.9
763.9
764.0
764.0
764.1
764.5
764.6
765.0
765.2
765.3
765.4
765.6
765.8
765.8
766.1
766.3
766.5
766.6
766.8
766.9
767.0
767.2
767.2
767.6
767.9
768.1
768.2
768.4
768.7
769.1
769.4
769.6
769.8
769.8
769.9
770.0
770.3
770.5
771.3
772.0
772.2
772.6
773.5
777.3
781.2
782.8
786.1
863.4
863.4
863.4
863.4
863.5
863.5
863.5
863.5
863.5
863.5
863.5
863.5
863.5
863.5
863.5
863.5
863.5
863.5
863.5
863.5
863.5
863.5
863.5
863.5
863.5
863.5
863.6
863.6
863.6
863.6
863.6
863.6
863.6
863.6
863.6
863.6
863.6
863.6
863.6
863.6
863.6
863.6
863.6
863.6
863.6
863.6
863.6
863.6
863.6
863.6
863.6
863.6
863.6
863.6
863.6
863.6
863.6
863.6
863.6
863.6
863.6
863.7
863.7
863.7
863.7
863.7
863.8
863.8
863.8
863.9
863.9
863.9
863.9
863.9
864.0
864.1
864.2
864.2
864.2
864.2
864.3
864.3
864.3
864.4
864.4
864.6
864.7
864.9
865.0
865.2
865.2
865.4
865.5
865.6
865.8
865.9
866.1
866.2
866.2
866.3
868.0
868.0
868.0
868.0
868.0
868.0
868.0
868.0
868.0
868.0
868.0
868.0
868.0
868.0
868.0
868.0
868.0
868.0
868.0
868.0
868.0
868.0
868.0
868.0
868.0
868.0
868.0
868.0
868.0
868.0
868.1
868.1
868.1
868.1
868.1
868.1
868.1
868.1
868.1
868.1
868.1
868.1
868.1
868.1
868.1
868.1
868.1
868.1
868.1
868.1
868.1
868.1
868.1
868.1
868.1
868.1
868.1
868.1
868.1
868.1
868.1
868.1
868.1
868.1
868.1
868.2
868.2
868.2
868.2
868.2
868.2
868.2
868.3
868.5
868.5
868.5
868.5
868.6
868.6
868.6
868.6
868.7
868.7
868.7
868.8
868.9
869.1
869.2
869.2
869.5
869.6
869.9
870.3
870.4
870.5
870.8
871.2
871.3
871.4
871.5
872.1
872.1
872.1
872.1
872.1
872.1
872.1
872.1
872.1
872.1
872.1
872.1
872.1
872.1
872.1
872.1
872.1
872.1
872.1
872.1
872.2
872.2
872.2
872.2
872.2
872.2
872.2
872.2
872.2
872.2
872.2
872.2
872.2
872.2
872.2
872.2
872.2
872.2
872.2
872.2
872.2
872.2
872.2
872.2
872.2
872.2
872.2
872.2
872.2
872.2
872.2
872.2
872.2
872.3
872.3
872.3
872.3
872.3
872.4
872.4
872.4
872.4
872.4
872.5
872.5
872.5
872.5
872.5
872.5
872.5
872.6
872.6
872.7
872.9
872.9
873.0
873.0
873.2
873.2
873.2
873.2
873.2
873.3
873.3
873.5
873.6
873.7
873.9
874.2
874.3
874.3
874.6
875.4
875.5
875.7
876.1
876.1
876.1
876.1
876.1
876.1
876.2
876.2
876.2
876.2
876.2
876.2
876.2
876.2
876.2
876.3
876.3
876.3
876.3
876.3
876.3
876.3
876.3
876.3
876.3
876.3
876.3
876.3
876.3
876.4
876.4
876.4
876.4
876.4
876.4
876.4
876.4
876.4
876.4
876.4
876.5
876.5
876.5
876.5
876.5
876.5
876.5
876.5
876.6
876.6
876.6
876.6
876.6
876.6
876.6
876.6
876.6
876.7
876.7
876.7
876.7
876.7
876.7
876.9
877.0
877.0
877.0
877.0
877.1
877.1
877.1
877.2
877.3
877.3
877.4
877.5
877.5
877.6
877.6
877.6
878.0
878.1
878.2
878.3
878.4
878.5
878.5
878.5
878.8
878.8
879.3
879.7
880.0
880.3
880.6
881.1
881.3
881.8
882.0
882.0
882.0
882.1
882.2
882.2
882.2
882.2
882.2
882.3
882.3
882.3
882.4
882.4
882.5
882.5
882.5
882.5
882.6
882.6
882.6
882.7
882.7
882.7
882.7
882.8
882.8
882.8
882.8
882.9
882.9
882.9
882.9
882.9
883.0
883.0
883.0
883.0
883.0
883.0
883.0
883.0
883.1
883.1
883.2
883.3
883.3
883.3
883.3
883.3
883.4
883.4
883.4
883.4
883.4
883.6
883.7
883.7
883.8
883.8
883.9
883.9
884.0
884.2
884.2
884.3
884.6
884.6
884.8
884.8
884.8
885.1
885.2
885.3
885.5
885.7
886.1
886.3
886.4
886.7
886.9
887.3
887.4
887.9
888.0
888.2
888.3
889.0
889.2
889.4
889.9
891.2
891.8
894.2
895.8
895.8
897.6
906.5
907.0
907.7
907.9
908.0
908.0
908.1
908.1
908.1
908.1
908.2
908.2
908.2
908.2
908.2
908.2
908.2
908.2
908.2
908.2
908.3
908.3
908.3
908.3
908.3
908.3
908.3
908.3
908.3
908.3
908.3
908.3
908.3
908.3
908.3
908.4
908.4
908.4
908.4
908.4
908.4
908.4
908.4
908.4
908.4
908.4
908.4
908.5
908.5
908.5
908.5
908.5
908.5
908.5
908.6
908.6
908.6
908.6
908.6
908.6
908.6
908.6
908.6
908.6
908.6
908.6
908.6
908.6
908.7
908.7
908.8
908.9
908.9
909.0
909.0
909.1
909.1
909.2
909.2
909.3
909.3
909.4
909.4
909.5
909.6
909.6
909.6
909.7
910.0
910.1
910.2
910.3
910.4
910.7
910.8
910.9
910.9
911.0
911.7
911.8
914.8
916.4
917.1
917.1
917.2
917.2
917.2
917.3
917.3
917.3
917.3
917.3
917.3
917.3
917.3
917.3
917.3
917.3
917.3
917.3
917.3
917.3
917.3
917.3
917.3
917.3
917.3
917.3
917.3
917.3
917.3
917.3
917.3
917.3
917.3
917.3
917.3
917.3
917.4
917.4
917.4
917.4
917.4
917.4
917.4
917.4
917.4
917.4
917.4
917.4
917.4
917.4
917.4
917.4
917.4
917.4
917.4
917.4
917.4
917.4
917.4
917.4
917.4
917.4
917.4
917.5
917.5
917.5
917.5
917.5
917.5
917.6
917.7
917.7
917.8
917.8
917.8
917.9
917.9
917.9
917.9
918.0
918.0
918.1
918.1
918.2
918.2
918.2
918.2
918.3
918.4
918.4
918.4
918.5
918.8
918.8
918.9
918.9
919.0
919.0
919.1
921.1
921.7
921.8
921.8
921.8
921.8
921.8
921.8
921.9
921.9
921.9
921.9
921.9
921.9
921.9
921.9
921.9
921.9
921.9
921.9
921.9
921.9
921.9
921.9
921.9
921.9
921.9
921.9
921.9
921.9
921.9
922.0
922.0
922.0
922.0
922.0
922.0
922.0
922.0
922.0
922.0
922.0
922.0
922.0
922.0
922.0
922.0
922.1
922.1
922.1
922.1
922.1
922.1
922.1
922.1
922.1
922.1
922.1
922.1
922.2
922.3
922.3
922.3
922.3
922.4
922.4
922.4
922.4
922.5
922.5
922.5
922.6
922.6
922.6
922.8
922.8
922.9
923.0
923.2
923.3
923.3
923.3
923.4
923.4
923.5
923.7
923.8
923.8
923.8
924.0
924.0
924.2
924.3
924.6
924.9
925.0
925.1
925.1
925.5
925.6
925.6
926.1
926.1
926.1
926.1
926.1
926.2
926.2
926.2
926.2
926.3
926.3
926.3
926.3
926.3
926.3
926.3
926.4
926.4
926.4
926.4
926.4
926.4
926.4
926.4
926.4
926.5
926.5
926.5
926.5
926.5
926.5
926.6
926.6
926.6
926.6
926.6
926.6
926.7
926.7
926.7
926.7
926.7
926.7
926.8
926.8
926.8
926.9
926.9
926.9
926.9
926.9
927.0
927.0
927.0
927.0
927.1
927.1
927.1
927.1
927.2
927.4
927.5
927.5
927.6
927.6
927.7
927.9
928.0
928.0
928.1
928.1
928.1
928.2
928.4
928.5
928.6
929.0
929.3
929.5
929.5
929.6
929.7
929.7
930.1
930.1
930.5
930.6
930.6
930.6
930.8
931.1
931.6
931.9
932.2
932.2
932.3
932.3
932.3
932.4
932.4
932.4
932.5
932.5
932.5
932.5
932.5
932.6
932.6
932.7
932.7
932.7
932.8
932.8
932.9
933.0
933.0
933.0
933.1
933.1
933.1
933.1
933.1
933.2
933.2
933.2
933.2
933.3
933.3
933.3
933.3
933.3
933.3
933.3
933.3
933.3
933.3
933.4
933.4
933.4
933.4
933.4
933.6
933.6
933.6
933.6
933.6
933.7
933.7
933.8
933.8
934.0
934.0
934.0
934.0
934.2
934.2
934.2
934.3
934.3
934.4
934.6
934.6
934.8
934.8
934.9
934.9
935.2
935.3
935.4
935.9
936.0
936.2
936.4
936.5
936.5
936.8
937.7
938.5
938.8
939.3
939.3
939.6
940.0
940.1
940.2
940.6
942.9
943.1
943.9
944.0
944.1
944.1
944.6
945.0
945.1
945.8
946.1
946.3
946.5
946.7
946.9
947.1
947.1
947.4
947.5
947.5
947.5
947.6
947.6
947.8
947.8
947.9
947.9
948.1
948.4
948.6
948.6
948.6
949.0
949.0
949.1
949.2
949.2
949.3
949.4
949.6
949.6
950.0
950.6
950.9
951.4
951.6
952.2
952.3
952.5
952.6
953.5
953.9
953.9
954.0
954.2
954.3
954.4
954.5
954.5
954.6
955.5
955.6
956.1
956.4
956.8
958.2
958.6
958.6
959.0
960.4
961.9
966.8
970.4
978.4
1039.0
1039.0
1039.0
1039.0
1039.0
1039.0
1039.1
1039.1
1039.1
1039.1
1039.1
1039.1
1039.1
1039.1
1039.1
1039.1
1039.1
1039.1
1039.1
1039.1
1039.1
1039.2
1039.2
1039.2
1039.2
1039.2
1039.2
1039.2
1039.2
1039.2
1039.2
1039.2
1039.2
1039.2
1039.2
1039.2
1039.2
1039.2
1039.2
1039.2
1039.2
1039.2
1039.2
1039.3
1039.3
1039.3
1039.3
1039.3
1039.3
1039.3
1039.3
1039.3
1039.3
1039.3
1039.3
1039.4
1039.4
1039.4
1039.4
1039.4
1039.5
1039.5
1039.5
1039.5
1039.6
1039.7
1039.7
1039.7
1039.7
1039.8
1039.8
1039.8
1039.9
1040.0
1040.0
1040.1
1040.2
1040.2
1040.2
1040.3
1040.3
1040.3
1040.3
1040.4
1040.4
1040.4
1040.6
1040.7
1040.7
1040.8
1040.8
1040.9
1041.0
1041.0
1041.1
1041.1
1041.2
1041.2
1041.3
1041.3
1042.9
1042.9
1042.9
1042.9
1042.9
1042.9
1042.9
1042.9
1042.9
1042.9
1042.9
1042.9
1042.9
1042.9
1042.9
1043.0
1043.0
1043.0
1043.0
1043.0
1043.0
1043.1
1043.1
1043.1
1043.1
1043.1
1043.1
1043.1
1043.1
1043.1
1043.1
1043.1
1043.1
1043.1
1043.1
1043.1
1043.2
1043.2
1043.2
1043.2
1043.2
1043.2
1043.2
1043.2
1043.2
1043.2
1043.2
1043.2
1043.3
1043.3
1043.3
1043.3
1043.3
1043.3
1043.3
1043.3
1043.4
1043.4
1043.4
1043.5
1043.5
1043.7
1043.7
1043.8
1043.8
1043.8
1043.9
1043.9
1043.9
1043.9
1044.0
1044.1
1044.1
1044.6
1044.6
1044.6
1044.7
1044.8
1044.8
1044.9
1044.9
1045.0
1045.1
1045.1
1045.3
1045.3
1045.5
1045.6
1045.9
1045.9
1046.0
1046.1
1046.4
1046.4
1046.6
1046.6
1046.6
1046.6
1046.6
1046.6
1046.6
1046.7
1046.7
1046.7
1046.7
1046.7
1046.7
1046.7
1046.7
1046.7
1046.7
1046.7
1046.8
1046.8
1046.8
1046.8
1046.8
1046.8
1046.8
1046.8
1046.8
1046.8
1046.8
1046.9
1046.9
1046.9
1046.9
1046.9
1046.9
1046.9
1046.9
1046.9
1046.9
1047.0
1047.0
1047.0
1047.0
1047.0
1047.0
1047.0
1047.0
1047.0
1047.0
1047.0
1047.0
1047.0
1047.0
1047.0
1047.1
1047.1
1047.1
1047.1
1047.1
1047.2
1047.2
1047.2
1047.2
1047.3
1047.4
1047.5
1047.6
1047.6
1047.7
1047.7
1047.8
1047.8
1047.8
1047.8
1047.9
1047.9
1048.0
1048.2
1048.2
1048.7
1048.8
1049.1
1049.1
1049.1
1049.1
1049.4
1049.4
1049.5
1049.5
1049.6
1050.0
1050.2
1050.4
1050.6
1050.7
1050.7
1050.7
1050.7
1050.8
1050.8
1050.8
1050.8
1050.8
1050.8
1050.9
1050.9
1050.9
1050.9
1051.0
1051.0
1051.0
1051.0
1051.0
1051.0
1051.0
1051.0
1051.0
1051.0
1051.0
1051.0
1051.1
1051.1
1051.1
1051.1
1051.2
1051.2
1051.2
1051.2
1051.2
1051.3
1051.3
1051.3
1051.3
1051.3
1051.3
1051.3
1051.3
1051.4
1051.4
1051.4
1051.4
1051.4
1051.4
1051.4
1051.5
1051.5
1051.5
1051.5
1051.5
1051.6
1051.6
1051.7
1051.7
1051.7
1051.8
1051.8
1052.1
1052.1
1052.2
1052.2
1052.2
1052.2
1052.4
1052.4
1052.5
1052.6
1052.6
1052.7
1052.7
1052.7
1052.7
1052.7
1052.8
1052.8
1053.3
1053.4
1053.4
1053.6
1053.6
1053.8
1053.9
1054.6
1054.7
1054.8
1054.9
1054.9
1055.0
1055.2
1055.3
1055.8
1056.1
1056.6
1056.7
1056.8
1056.9
1057.0
1057.0
1057.1
1057.1
1057.1
1057.1
1057.1
1057.1
1057.2
1057.2
1057.2
1057.4
1057.4
1057.5
1057.5
1057.5
1057.5
1057.5
1057.6
1057.6
1057.6
1057.7
1057.7
1057.7
1057.7
1057.7
1057.9
1057.9
1057.9
1057.9
1057.9
1057.9
1057.9
1058.0
1058.1
1058.1
1058.1
1058.2
1058.2
1058.2
1058.2
1058.3
1058.3
1058.4
1058.4
1058.5
1058.6
1058.6
1058.7
1058.7
1058.8
1058.8
1059.0
1059.0
1059.1
1059.1
1059.1
1059.3
1059.3
1059.4
1059.4
1059.6
1059.9
1060.0
1060.0
1060.1
1060.3
1060.5
1060.8
1060.9
1061.4
1061.5
1061.8
1062.3
1062.5
1062.9
1063.1
1063.3
1063.7
1063.7
1063.9
1064.3
1065.5
1066.0
1067.0
1068.6
1068.6
1068.7
1068.9
1069.4
1070.4
1071.9
1072.2
1072.7
1073.0
1086.7
1205.4
1205.5
1205.5
1205.5
1205.5
1205.5
1205.5
1205.5
1205.5
1205.5
1205.5
1205.5
1205.5
1205.5
1205.5
1205.5
1205.5
1205.5
1205.5
1205.5
1205.5
1205.5
1205.5
1205.5
1205.5
1205.5
1205.5
1205.5
1205.5
1205.5
1205.5
1205.5
1205.5
1205.5
1205.5
1205.5
1205.5
1205.5
1205.5
1205.5
1205.5
1205.5
1205.5
1205.5
1205.5
1205.5
1205.5
1205.5
1205.5
1205.5
1205.5
1205.5
1205.5
1205.5
1205.5
1205.5
1205.5
1205.5
1205.5
1205.6
1205.6
1205.6
1205.6
1205.6
1205.6
1205.6
1205.6
1205.6
1205.6
1205.6
1205.6
1205.7
1205.7
1205.7
1205.7
1205.7
1205.7
1205.7
1205.8
1205.8
1205.8
1205.9
1205.9
1205.9
1205.9
1205.9
1205.9
1205.9
1206.0
1206.0
1206.0
1206.1
1206.1
1206.1
1206.2
1206.2
1206.2
1206.3
1206.3
1206.3
1209.5
1209.5
1209.5
1209.5
1209.5
1209.5
1209.5
1209.5
1209.5
1209.5
1209.5
1209.6
1209.6
1209.6
1209.6
1209.6
1209.6
1209.6
1209.6
1209.6
1209.6
1209.6
1209.6
1209.6
1209.6
1209.6
1209.6
1209.6
1209.6
1209.6
1209.6
1209.6
1209.6
1209.6
1209.6
1209.6
1209.6
1209.6
1209.6
1209.6
1209.6
1209.6
1209.6
1209.6
1209.6
1209.6
1209.6
1209.6
1209.6
1209.6
1209.6
1209.6
1209.6
1209.6
1209.6
1209.6
1209.6
1209.6
1209.7
1209.7
1209.7
1209.7
1209.7
1209.7
1209.7
1209.7
1209.8
1209.8
1209.8
1209.8
1209.9
1210.0
1210.1
1210.1
1210.1
1210.2
1210.2
1210.2
1210.4
1210.4
1210.4
1210.6
1210.6
1210.6
1210.7
1210.7
1210.8
1210.8
1211.0
1211.0
1211.1
1211.2
1211.3
1211.4
1211.6
1211.7
1211.7
1211.8
1211.8
1211.9
1213.1
1213.1
1213.2
1213.2
1213.2
1213.2
1213.2
1213.2
1213.2
1213.2
1213.2
1213.2
1213.3
1213.3
1213.3
1213.3
1213.3
1213.3
1213.3
1213.3
1213.3
1213.3
1213.3
1213.3
1213.3
1213.3
1213.3
1213.3
1213.3
1213.3
1213.3
1213.4
1213.4
1213.4
1213.4
1213.4
1213.4
1213.4
1213.4
1213.4
1213.4
1213.4
1213.4
1213.4
1213.4
1213.4
1213.4
1213.5
1213.5
1213.5
1213.5
1213.5
1213.5
1213.5
1213.5
1213.5
1213.6
1213.6
1213.6
1213.6
1213.8
1213.8
1213.8
1213.9
1213.9
1213.9
1214.0
1214.0
1214.1
1214.1
1214.1
1214.2
1214.4
1214.4
1214.4
1214.7
1214.7
1214.9
1215.1
1215.1
1215.1
1215.2
1215.3
1215.3
1215.5
1215.6
1215.9
1215.9
1216.2
1216.4
1216.6
1216.8
1217.2
1217.3
1217.5
1217.7
1217.9
1217.9
1217.9
1218.0
1218.0
1218.0
1218.0
1218.0
1218.1
1218.1
1218.1
1218.1
1218.1
1218.1
1218.2
1218.2
1218.3
1218.3
1218.3
1218.3
1218.3
1218.3
1218.3
1218.3
1218.3
1218.4
1218.4
1218.4
1218.4
1218.4
1218.4
1218.4
1218.4
1218.5
1218.5
1218.5
1218.5
1218.5
1218.5
1218.5
1218.5
1218.6
1218.6
1218.6
1218.6
1218.6
1218.6
1218.6
1218.7
1218.7
1218.7
1218.7
1218.8
1218.8
1218.8
1218.8
1218.9
1218.9
1218.9
1218.9
1219.0
1219.0
1219.0
1219.1
1219.1
1219.3
1219.4
1219.4
1219.4
1219.5
1219.6
1219.7
1219.9
1219.9
1220.3
1220.3
1220.6
1220.6
1220.6
1221.0
1221.3
1221.6
1221.6
1221.7
1221.8
1221.8
1221.9
1222.4
1222.7
1223.4
1223.9
1224.3
1224.6
1224.8
1226.4
1226.9
1227.0
1227.3
1227.4
1227.6
1227.6
1228.0
1228.1
1228.1
1228.4
1228.4
1228.4
1228.5
1228.5
1228.6
1228.6
1228.7
1228.7
1228.7
1228.7
1228.8
1228.9
1229.1
1229.3
1229.4
1229.4
1229.5
1229.6
1229.7
1229.7
1229.7
1229.8
1229.8
1229.9
1229.9
1230.1
1230.1
1230.2
1230.2
1230.3
1230.3
1230.5
1230.5
1230.5
1230.6
1230.7
1230.9
1231.0
1231.0
1231.1
1231.1
1231.5
1231.6
1231.6
1231.8
1231.9
1232.0
1232.3
1232.3
1232.6
1232.8
1232.9
1233.4
1234.1
1235.1
1235.2
1235.2
1235.3
1235.4
1235.6
1235.7
1235.9
1236.4
1236.8
1238.3
1239.5
1241.5
1247.0
1251.7
1258.1
1258.2
1258.6
1258.6
1258.8
1258.8
1258.8
1258.8
1258.8
1258.8
1258.8
1258.8
1258.8
1258.8
1258.8
1258.8
1258.8
1258.8
1258.8
1258.8
1258.8
1258.8
1258.8
1258.8
1258.8
1258.8
1258.9
1258.9
1258.9
1258.9
1258.9
1258.9
1258.9
1258.9
1258.9
1258.9
1258.9
1258.9
1258.9
1258.9
1258.9
1258.9
1258.9
1258.9
1258.9
1258.9
1258.9
1258.9
1258.9
1258.9
1258.9
1258.9
1258.9
1258.9
1258.9
1258.9
1258.9
1258.9
1258.9
1258.9
1258.9
1258.9
1258.9
1258.9
1258.9
1258.9
1259.0
1259.0
1259.0
1259.0
1259.0
1259.0
1259.0
1259.0
1259.0
1259.1
1259.1
1259.1
1259.1
1259.1
1259.2
1259.2
1259.2
1259.2
1259.2
1259.3
1259.3
1259.4
1259.4
1259.4
1259.5
1259.7
1259.7
1259.7
1259.9
1259.9
1260.0
1260.1
1260.2
1260.3
1263.9
1264.0
1265.2
1265.4
1265.4
1265.4
1265.4
1265.4
1265.4
1265.5
1265.5
1265.5
1265.5
1265.5
1265.5
1265.5
1265.6
1265.6
1265.6
1265.6
1265.6
1265.6
1265.6
1265.6
1265.6
1265.6
1265.6
1265.6
1265.6
1265.6
1265.7
1265.7
1265.7
1265.7
1265.7
1265.7
1265.8
1265.8
1265.8
1265.8
1265.8
1265.8
1265.9
1265.9
1265.9
1265.9
1265.9
1265.9
1265.9
1265.9
1265.9
1266.0
1266.0
1266.0
1266.0
1266.0
1266.0
1266.0
1266.1
1266.1
1266.1
1266.1
1266.2
1266.2
1266.2
1266.2
1266.3
1266.3
1266.3
1266.4
1266.4
1266.5
1266.6
1266.7
1266.8
1266.8
1266.9
1267.0
1267.0
1268.0
1268.2
1268.6
1268.7
1268.7
1268.8
1269.0
1269.7
1269.8
1269.9
1270.1
1270.4
1271.3
1271.6
1271.8
1271.8
1271.9
1271.9
1271.9
1271.9
1272.0
1272.0
1272.0
1272.1
1272.1
1272.1
1272.1
1272.2
1272.2
1272.2
1272.2
1272.2
1272.2
1272.3
1272.3
1272.3
1272.3
1272.3
1272.3
1272.3
1272.4
1272.4
1272.4
1272.4
1272.4
1272.5
1272.6
1272.6
1272.7
1272.7
1272.7
1272.7
1272.9
1272.9
1273.0
1273.0
1273.2
1273.3
1273.3
1273.4
1273.4
1273.6
1273.7
1273.7
1273.9
1273.9
1273.9
1274.0
1274.1
1274.1
1274.1
1274.2
1274.3
1274.4
1274.4
1274.6
1274.7
1274.7
1274.7
1274.8
1275.1
1275.2
1275.3
1275.4
1275.4
1275.4
1275.5
1275.6
1275.6
1275.7
1275.8
1276.3
1276.5
1276.8
1277.0
1277.1
1277.2
1277.2
1277.4
1277.4
1277.5
1277.5
1277.7
1277.8
1277.8
1277.8
1277.9
1277.9
1278.0
1278.0
1278.0
1278.1
1278.1
1278.2
1278.3
1278.3
1278.4
1278.5
1278.6
1278.7
1278.9
1278.9
1279.0
1279.0
1279.1
1279.3
1279.3
1279.3
1279.4
1279.5
1279.5
1279.6
1279.6
1279.8
1279.9
1279.9
1279.9
1280.2
1280.4
1280.5
1280.7
1280.9
1280.9
1280.9
1281.1
1281.1
1281.4
1281.5
1281.7
1281.8
1281.9
1282.0
1282.2
1282.2
1282.3
1282.4
1282.4
1282.4
1282.8
1282.8
1282.9
1283.0
1283.0
1283.0
1283.5
1283.8
1284.0
1284.1
1284.2
1284.7
1285.0
1285.1
1285.2
1285.3
1285.5
1285.5
1286.1
1286.9
1287.3
1288.2
1288.8
1289.4
1289.7
1290.2
1290.2
1291.2
1291.7
1291.7
1291.7
1291.8
1292.6
1293.4
1295.5
1295.5
1295.6
1295.8
1295.8
1296.5
1297.4
1298.2
1298.7
1299.0
1299.1
1300.0
1300.2
1301.5
1302.6
1304.4
1305.6
1307.4
1307.7
1310.9
1322.6
1324.3
1374.8
1374.9
1374.9
1374.9
1374.9
1374.9
1374.9
1374.9
1374.9
1374.9
1374.9
1374.9
1374.9
1374.9
1374.9
1374.9
1374.9
1374.9
1374.9
1374.9
1374.9
1374.9
1374.9
1374.9
1374.9
1374.9
1374.9
1374.9
1374.9
1374.9
1374.9
1374.9
1374.9
1374.9
1374.9
1374.9
1374.9
1374.9
1374.9
1374.9
1374.9
1374.9
1374.9
1374.9
1374.9
1374.9
1374.9
1374.9
1374.9
1374.9
1374.9
1374.9
1374.9
1374.9
1374.9
1374.9
1374.9
1374.9
1374.9
1374.9
1374.9
1374.9
1375.0
1375.0
1375.0
1375.0
1375.1
1375.1
1375.1
1375.1
1375.1
1375.2
1375.2
1375.2
1375.2
1375.3
1375.3
1375.4
1375.4
1375.4
1375.4
1375.4
1375.5
1375.5
1375.5
1375.5
1375.7
1375.7
1375.8
1375.9
1375.9
1376.0
1376.2
1376.2
1376.2
1376.3
1376.5
1376.5
1376.6
1376.6
1378.9
1378.9
1378.9
1378.9
1378.9
1379.0
1379.0
1379.0
1379.0
1379.0
1379.0
1379.0
1379.0
1379.0
1379.0
1379.0
1379.0
1379.0
1379.0
1379.0
1379.0
1379.0
1379.0
1379.0
1379.0
1379.0
1379.0
1379.0
1379.0
1379.0
1379.0
1379.0
1379.0
1379.0
1379.0
1379.0
1379.0
1379.0
1379.0
1379.0
1379.0
1379.0
1379.0
1379.0
1379.0
1379.0
1379.0
1379.0
1379.0
1379.0
1379.0
1379.0
1379.0
1379.0
1379.0
1379.0
1379.0
1379.0
1379.0
1379.0
1379.0
1379.1
1379.1
1379.1
1379.1
1379.1
1379.1
1379.1
1379.1
1379.2
1379.2
1379.2
1379.3
1379.5
1379.5
1379.6
1379.6
1379.6
1379.6
1379.7
1379.7
1379.8
1379.8
1379.9
1380.0
1380.0
1380.2
1380.2
1380.4
1380.6
1380.6
1380.8
1381.1
1381.3
1381.6
1381.6
1381.9
1381.9
1382.0
1382.1
1382.7
1382.7
1382.7
1382.7
1382.7
1382.7
1382.7
1382.7
1382.7
1382.7
1382.7
1382.7
1382.7
1382.7
1382.7
1382.7
1382.7
1382.8
1382.8
1382.8
1382.8
1382.8
1382.8
1382.8
1382.8
1382.8
1382.8
1382.8
1382.8
1382.8
1382.8
1382.8
1382.8
1382.8
1382.8
1382.8
1382.8
1382.8
1382.8
1382.8
1382.9
1382.9
1382.9
1382.9
1382.9
1382.9
1382.9
1382.9
1382.9
1382.9
1382.9
1382.9
1382.9
1382.9
1382.9
1382.9
1383.0
1383.0
1383.0
1383.0
1383.1
1383.1
1383.1
1383.1
1383.1
1383.2
1383.2
1383.2
1383.2
1383.2
1383.3
1383.4
1383.4
1383.6
1383.6
1383.8
1383.8
1383.9
1383.9
1383.9
1384.0
1384.0
1384.1
1384.1
1384.4
1384.5
1384.6
1384.7
1385.2
1385.3
1385.4
1385.5
1386.2
1386.3
1386.7
1386.8
1386.8
1386.8
1386.8
1386.8
1386.8
1386.9
1386.9
1386.9
1386.9
1386.9
1386.9
1386.9
1386.9
1386.9
1387.0
1387.0
1387.0
1387.0
1387.0
1387.0
1387.0
1387.0
1387.0
1387.0
1387.0
1387.0
1387.0
1387.0
1387.1
1387.1
1387.1
1387.1
1387.1
1387.1
1387.1
1387.1
1387.1
1387.1
1387.1
1387.1
1387.2
1387.2
1387.2
1387.2
1387.2
1387.3
1387.3
1387.3
1387.3
1387.3
1387.3
1387.3
1387.3
1387.3
1387.4
1387.4
1387.4
1387.4
1387.5
1387.5
1387.5
1387.5
1387.6
1387.7
1387.7
1387.7
1387.7
1387.7
1387.8
1387.9
1387.9
1388.0
1388.0
1388.0
1388.3
1388.4
1388.4
1388.4
1388.4
1388.8
1389.0
1389.1
1389.2
1389.3
1389.3
1389.3
1389.4
1389.8
1389.8
1390.4
1390.7
1391.1
1391.4
1391.7
1392.5
1392.5
1392.6
1392.9
1392.9
1392.9
1393.0
1393.0
1393.1
1393.1
1393.1
1393.2
1393.2
1393.2
1393.2
1393.3
1393.3
1393.3
1393.4
1393.5
1393.5
1393.5
1393.5
1393.5
1393.6
1393.6
1393.7
1393.7
1393.7
1393.7
1393.8
1393.8
1393.8
1393.9
1393.9
1394.0
1394.0
1394.0
1394.0
1394.0
1394.0
1394.0
1394.0
1394.1
1394.1
1394.2
1394.2
1394.2
1394.2
1394.2
1394.3
1394.3
1394.4
1394.4
1394.4
1394.5
1394.5
1394.6
1394.7
1394.8
1394.8
1394.9
1395.0
1395.0
1395.1
1395.2
1395.2
1395.3
1395.5
1395.6
1395.7
1395.7
1395.9
1396.0
1396.4
1396.4
1396.5
1396.6
1397.2
1397.2
1397.2
1397.5
1397.5
1398.4
1398.6
1398.7
1399.2
1399.3
1399.5
1399.7
1399.8
1400.2
1401.1
1401.4
1401.9
1404.4
1409.3
1410.7
1412.1
1419.8
1542.0
1542.0
1542.0
1542.0
1542.0
1542.0
1542.0
1542.0
1542.0
1542.0
1542.0
1542.0
1542.0
1542.0
1542.0
1542.0
1542.0
1542.0
1542.0
1542.0
1542.0
1542.0
1542.0
1542.0
1542.0
1542.0
1542.0
1542.0
1542.0
1542.0
1542.0
1542.0
1542.0
1542.0
1542.0
1542.0
1542.0
1542.0
1542.0
1542.0
1542.0
1542.0
1542.0
1542.0
1542.0
1542.0
1542.0
1542.0
1542.0
1542.0
1542.0
1542.0
1542.0
1542.0
1542.0
1542.0
1542.0
1542.0
1542.0
1542.0
1542.1
1542.1
1542.1
1542.1
1542.1
1542.1
1542.1
1542.1
1542.1
1542.1
1542.1
1542.1
1542.2
1542.2
1542.2
1542.2
1542.2
1542.2
1542.2
1542.3
1542.3
1542.3
1542.3
1542.3
1542.4
1542.4
1542.4
1542.4
1542.4
1542.4
1542.5
1542.5
1542.5
1542.6
1542.6
1542.7
1542.7
1542.7
1542.7
1542.8
1546.0
1546.0
1546.1
1546.1
1546.1
1546.1
1546.1
1546.1
1546.1
1546.1
1546.1
1546.1
1546.1
1546.1
1546.1
1546.1
1546.1
1546.1
1546.1
1546.1
1546.1
1546.1
1546.1
1546.1
1546.1
1546.1
1546.1
1546.1
1546.1
1546.1
1546.1
1546.1
1546.1
1546.1
1546.1
1546.1
1546.1
1546.1
1546.1
1546.1
1546.1
1546.1
1546.1
1546.1
1546.1
1546.1
1546.1
1546.1
1546.1
1546.1
1546.1
1546.1
1546.2
1546.2
1546.2
1546.2
1546.2
1546.2
1546.2
1546.2
1546.2
1546.2
1546.2
1546.2
1546.2
1546.3
1546.3
1546.3
1546.3
1546.3
1546.4
1546.5
1546.6
1546.6
1546.6
1546.7
1546.7
1546.7
1546.9
1546.9
1546.9
1547.0
1547.0
1547.1
1547.2
1547.2
1547.2
1547.2
1547.4
1547.4
1547.5
1547.6
1547.8
1547.9
1548.1
1548.1
1548.1
1548.3
1548.3
1548.4
1549.7
1549.7
1549.7
1549.7
1549.7
1549.7
1549.8
1549.8
1549.8
1549.8
1549.8
1549.8
1549.8
1549.8
1549.8
1549.8
1549.8
1549.8
1549.8
1549.9
1549.9
1549.9
1549.9
1549.9
1549.9
1549.9
1549.9
1549.9
1549.9
1549.9
1549.9
1549.9
1549.9
1549.9
1549.9
1549.9
1549.9
1549.9
1549.9
1550.0
1550.0
1550.0
1550.0
1550.0
1550.0
1550.0
1550.0
1550.0
1550.0
1550.0
1550.0
1550.0
1550.1
1550.1
1550.1
1550.1
1550.1
1550.1
1550.1
1550.2
1550.3
1550.3
1550.3
1550.4
1550.4
1550.5
1550.5
1550.5
1550.6
1550.6
1550.6
1550.7
1550.9
1550.9
1550.9
1551.2
1551.2
1551.4
1551.6
1551.6
1551.6
1551.6
1551.7
1551.7
1552.0
1552.1
1552.4
1552.4
1552.6
1552.8
1553.1
1553.3
1553.7
1553.7
1553.9
1554.1
1554.4
1554.4
1554.5
1554.6
1554.6
1554.6
1554.7
1554.7
1554.7
1554.7
1554.7
1554.7
1554.7
1554.7
1554.8
1554.8
1554.8
1554.9
1554.9
1554.9
1554.9
1554.9
1554.9
1554.9
1555.0
1555.0
1555.0
1555.0
1555.0
1555.0
1555.0
1555.1
1555.1
1555.1
1555.1
1555.1
1555.1
1555.1
1555.2
1555.2
1555.2
1555.2
1555.2
1555.2
1555.2
1555.2
1555.2
1555.2
1555.3
1555.3
1555.3
1555.4
1555.4
1555.4
1555.4
1555.4
1555.5
1555.5
1555.5
1555.5
1555.6
1555.6
1555.6
1555.7
1555.8
1556.0
1556.0
1556.0
1556.0
1556.1
1556.3
1556.4
1556.5
1556.5
1556.9
1556.9
1557.2
1557.3
1557.3
1557.7
1557.9
1558.2
1558.3
1558.5
1558.5
1558.5
1558.9
1559.0
1559.6
1560.2
1561.0
1561.1
1561.7
1561.7
1563.5
1564.0
1564.1
1564.2
1564.8
1564.8
1564.9
1565.0
1565.2
1565.2
1565.6
1565.6
1565.6
1565.7
1565.7
1565.8
1565.8
1565.8
1565.8
1565.8
1566.0
1566.1
1566.1
1566.3
1566.4
1566.5
1566.6
1567.0
1567.1
1567.1
1567.1
1567.1
1567.3
1567.3
1567.4
1567.4
1567.4
1567.5
1567.5
1567.6
1567.7
1567.8
1567.8
1567.8
1568.0
1568.0
1568.2
1568.2
1568.4
1568.4
1568.4
1568.4
1568.4
1568.5
1569.2
1569.4
1569.6
1569.6
1569.8
1569.9
1570.0
1570.3
1570.4
1570.6
1571.9
1572.3
1572.8
1572.9
1573.6
1573.6
1573.7
1573.8
1574.0
1574.0
1574.8
1575.0
1576.2
1583.3
1584.4
1595.2
1595.3
1595.3
1595.4
1595.4
1595.5
1595.5
1595.5
1595.5
1595.5
1595.5
1595.6
1595.6
1595.6
1595.6
1595.6
1595.6
1595.6
1595.6
1595.6
1595.6
1595.6
1595.6
1595.6
1595.6
1595.6
1595.6
1595.6
1595.6
1595.6
1595.6
1595.6
1595.6
1595.6
1595.6
1595.6
1595.6
1595.6
1595.6
1595.6
1595.6
1595.6
1595.6
1595.6
1595.6
1595.6
1595.6
1595.6
1595.6
1595.6
1595.6
1595.6
1595.6
1595.6
1595.6
1595.6
1595.6
1595.6
1595.7
1595.7
1595.7
1595.7
1595.7
1595.7
1595.7
1595.7
1595.7
1595.7
1595.7
1595.7
1595.7
1595.7
1595.7
1595.7
1595.7
1595.8
1595.8
1595.8
1595.8
1595.8
1595.8
1595.9
1595.9
1595.9
1595.9
1596.0
1596.0
1596.1
1596.1
1596.1
1596.1
1596.2
1596.4
1596.4
1596.4
1596.6
1596.6
1596.7
1596.8
1597.0
1601.4
1601.8
1602.1
1602.1
1602.1
1602.1
1602.2
1602.2
1602.2
1602.2
1602.2
1602.3
1602.3
1602.3
1602.3
1602.3
1602.3
1602.3
1602.3
1602.3
1602.3
1602.3
1602.3
1602.3
1602.4
1602.4
1602.4
1602.4
1602.4
1602.4
1602.4
1602.4
1602.4
1602.4
1602.4
1602.4
1602.5
1602.5
1602.5
1602.6
1602.6
1602.6
1602.6
1602.6
1602.6
1602.6
1602.7
1602.7
1602.7
1602.7
1602.7
1602.7
1602.7
1602.7
1602.7
1602.7
1602.7
1602.8
1602.8
1602.8
1602.9
1602.9
1602.9
1602.9
1602.9
1602.9
1603.0
1603.0
1603.1
1603.1
1603.2
1603.3
1603.4
1603.4
1603.5
1603.6
1603.6
1603.7
1603.8
1604.7
1604.9
1605.2
1605.3
1605.3
1605.5
1605.5
1605.6
1606.4
1606.5
1606.6
1606.8
1607.0
1607.9
1608.2
1608.5
1608.5
1608.5
1608.6
1608.6
1608.6
1608.6
1608.6
1608.6
1608.7
1608.7
1608.8
1608.8
1608.8
1608.8
1608.9
1608.9
1608.9
1608.9
1608.9
1608.9
1609.0
1609.0
1609.0
1609.0
1609.0
1609.0
1609.0
1609.1
1609.1
1609.1
1609.3
1609.3
1609.3
1609.3
1609.5
1609.5
1609.6
1609.6
1609.7
1609.8
1609.9
1609.9
1610.0
1610.1
1610.1
1610.2
1610.4
1610.4
1610.5
1610.5
1610.7
1610.7
1610.8
1610.8
1610.9
1610.9
1611.0
1611.1
1611.1
1611.3
1611.4
1611.5
1611.5
1611.5
1612.0
1612.1
1612.2
1612.3
1612.3
1612.4
1612.4
1612.5
1612.7
1612.8
1612.9
1613.6
1613.8
1614.4
1614.4
1614.5
1614.6
1614.7
1614.8
1614.8
1614.9
1615.1
1615.1
1615.1
1615.2
1615.2
1615.3
1615.3
1615.3
1615.3
1615.5
1615.5
1615.6
1615.6
1615.6
1616.0
1616.1
1616.2
1616.2
1616.2
1616.4
1616.5
1616.6
1616.6
1616.7
1616.7
1616.7
1616.8
1617.1
1617.3
1617.4
1617.5
1617.9
1618.0
1618.1
1618.1
1618.1
1618.6
1618.7
1618.8
1618.9
1619.4
1619.5
1619.5
1619.7
1619.8
1619.8
1619.9
1619.9
1620.2
1620.2
1620.8
1621.5
1621.5
1621.7
1621.9
1622.4
1622.5
1622.7
1624.1
1624.2
1624.7
1624.7
1625.6
1625.6
1626.0
1626.1
1626.4
1626.7
1626.8
1627.0
1627.4
1627.8
1629.4
1631.3
1632.4
1636.7
1641.2
1641.4
1644.9
1646.6
1646.8
1650.9
1652.9
1711.2
1711.2
1711.2
1711.2
1711.2
1711.2
1711.2
1711.2
1711.2
1711.2
1711.2
1711.2
1711.2
1711.2
1711.2
1711.2
1711.2
1711.2
1711.2
1711.2
1711.2
1711.2
1711.2
1711.2
1711.2
1711.2
1711.2
1711.2
1711.2
1711.2
1711.2
1711.2
1711.2
1711.2
1711.2
1711.2
1711.2
1711.2
1711.2
1711.2
1711.2
1711.2
1711.2
1711.2
1711.2
1711.3
1711.3
1711.3
1711.3
1711.3
1711.3
1711.3
1711.3
1711.3
1711.3
1711.3
1711.3
1711.3
1711.3
1711.3
1711.3
1711.3
1711.3
1711.3
1711.3
1711.4
1711.4
1711.4
1711.4
1711.4
1711.4
1711.4
1711.5
1711.5
1711.5
1711.6
1711.6
1711.6
1711.7
1711.7
1711.7
1711.7
1711.7
1711.7
1711.8
1711.8
1711.9
1711.9
1712.0
1712.1
1712.1
1712.2
1712.3
1712.4
1712.4
1712.5
1712.6
1712.6
1712.7
1712.7
1715.3
1715.3
1715.3
1715.3
1715.3
1715.3
1715.3
1715.3
1715.3
1715.3
1715.3
1715.3
1715.3
1715.3
1715.3
1715.3
1715.3
1715.3
1715.3
1715.3
1715.4
1715.4
1715.4
1715.4
1715.4
1715.4
1715.4
1715.4
1715.4
1715.4
1715.4
1715.4
1715.4
1715.4
1715.4
1715.4
1715.4
1715.4
1715.4
1715.4
1715.4
1715.4
1715.4
1715.4
1715.4
1715.4
1715.4
1715.4
1715.4
1715.4
1715.4
1715.4
1715.4
1715.4
1715.4
1715.4
1715.4
1715.4
1715.4
1715.4
1715.4
1715.4
1715.4
1715.5
1715.5
1715.5
1715.5
1715.5
1715.5
1715.5
1715.6
1715.6
1715.7
1715.8
1715.8
1715.9
1715.9
1715.9
1715.9
1715.9
1716.1
1716.1
1716.1
1716.2
1716.3
1716.3
1716.3
1716.4
1716.7
1716.7
1716.7
1716.9
1717.1
1717.2
1717.5
1717.7
1717.8
1717.8
1717.9
1718.0
1718.9
1718.9
1719.0
1719.0
1719.0
1719.0
1719.0
1719.0
1719.0
1719.0
1719.0
1719.0
1719.0
1719.0
1719.0
1719.0
1719.0
1719.0
1719.0
1719.0
1719.0
1719.0
1719.0
1719.0
1719.0
1719.1
1719.1
1719.1
1719.1
1719.1
1719.1
1719.1
1719.1
1719.1
1719.1
1719.1
1719.1
1719.1
1719.1
1719.1
1719.1
1719.1
1719.2
1719.2
1719.2
1719.2
1719.2
1719.2
1719.2
1719.2
1719.2
1719.2
1719.2
1719.2
1719.2
1719.2
1719.3
1719.3
1719.3
1719.3
1719.4
1719.4
1719.4
1719.5
1719.5
1719.5
1719.5
1719.5
1719.5
1719.5
1719.7
1719.7
1719.7
1719.9
1719.9
1720.1
1720.1
1720.3
1720.3
1720.3
1720.3
1720.3
1720.4
1720.4
1720.7
1720.8
1720.8
1720.9
1721.3
1721.4
1721.6
1721.6
1722.2
1722.3
1722.8
1722.9
1723.0
1723.0
1723.1
1723.1
1723.1
1723.1
1723.2
1723.2
1723.2
1723.2
1723.2
1723.2
1723.2
1723.3
1723.3
1723.3
1723.3
1723.3
1723.3
1723.3
1723.3
1723.3
1723.3
1723.3
1723.3
1723.3
1723.4
1723.4
1723.4
1723.4
1723.4
1723.4
1723.4
1723.4
1723.4
1723.4
1723.5
1723.5
1723.5
1723.5
1723.5
1723.5
1723.5
1723.6
1723.6
1723.6
1723.6
1723.6
1723.6
1723.6
1723.7
1723.7
1723.7
1723.7
1723.7
1723.8
1723.8
1723.8
1723.8
1723.8
1723.8
1723.9
1723.9
1723.9
1724.0
1724.1
1724.1
1724.1
1724.1
1724.2
1724.3
1724.4
1724.5
1724.5
1724.7
1724.8
1724.8
1724.8
1724.9
1725.2
1725.3
1725.5
1725.6
1725.7
1725.7
1725.8
1725.9
1726.2
1726.3
1726.6
1727.1
1727.4
1727.5
1727.9
1728.6
1728.9
1729.1
1729.4
1729.4
1729.5
1729.6
1729.6
1729.7
1729.7
1729.7
1729.7
1729.7
1729.8
1729.8
1729.8
1729.9
1729.9
1730.0
1730.0
1730.0
1730.1
1730.1
1730.1
1730.1
1730.1
1730.2
1730.2
1730.3
1730.3
1730.3
1730.4
1730.4
1730.4
1730.4
1730.5
1730.6
1730.6
1730.6
1730.6
1730.6
1730.7
1730.7
1730.7
1730.7
1730.7
1730.7
1730.8
1730.8
1730.9
1730.9
1731.0
1731.0
1731.0
1731.1
1731.1
1731.1
1731.2
1731.3
1731.4
1731.5
1731.6
1731.6
1731.7
1731.7
1731.8
1731.9
1731.9
1731.9
1731.9
1732.3
1732.4
1732.6
1732.6
1732.8
1732.9
1733.1
1733.3
1734.0
1734.3
1734.3
1734.6
1734.7
1735.1
1735.3
1735.5
1735.6
1735.8
1736.4
1736.5
1737.0
1737.2
1738.9
1739.0
1740.2
1742.5
1749.7
1751.9
1753.4
1878.3
1878.3
1878.3
1878.3
1878.3
1878.3
1878.3
1878.3
1878.3
1878.3
1878.3
1878.3
1878.3
1878.3
1878.3
1878.3
1878.3
1878.3
1878.3
1878.3
1878.3
1878.3
1878.3
1878.3
1878.3
1878.3
1878.3
1878.3
1878.3
1878.3
1878.3
1878.3
1878.3
1878.3
1878.3
1878.3
1878.3
1878.3
1878.3
1878.3
1878.3
1878.3
1878.3
1878.3
1878.3
1878.3
1878.3
1878.3
1878.3
1878.3
1878.3
1878.3
1878.3
1878.3
1878.4
1878.4
1878.4
1878.4
1878.4
1878.4
1878.4
1878.4
1878.4
1878.4
1878.4
1878.4
1878.4
1878.4
1878.4
1878.4
1878.5
1878.5
1878.5
1878.5
1878.5
1878.5
1878.5
1878.5
1878.6
1878.6
1878.6
1878.7
1878.7
1878.7
1878.7
1878.7
1878.7
1878.7
1878.8
1878.8
1878.8
1878.9
1878.9
1878.9
1879.0
1879.0
1879.0
1879.1
1879.1
1879.1
1882.4
1882.4
1882.4
1882.4
1882.4
1882.4
1882.4
1882.4
1882.4
1882.4
1882.4
1882.4
1882.4
1882.4
1882.4
1882.5
1882.5
1882.5
1882.5
1882.5
1882.5
1882.5
1882.5
1882.5
1882.5
1882.5
1882.5
1882.5
1882.5
1882.5
1882.5
1882.5
1882.5
1882.5
1882.5
1882.5
1882.5
1882.5
1882.5
1882.5
1882.5
1882.5
1882.5
1882.5
1882.5
1882.5
1882.5
1882.5
1882.5
1882.5
1882.5
1882.5
1882.5
1882.5
1882.5
1882.5
1882.5
1882.5
1882.5
1882.6
1882.6
1882.6
1882.6
1882.6
1882.6
1882.6
1882.7
1882.7
1882.7
1882.7
1882.8
1882.8
1883.0
1883.0
1883.0
1883.1
1883.1
1883.2
1883.3
1883.3
1883.3
1883.5
1883.5
1883.5
1883.6
1883.6
1883.6
1883.7
1883.9
1883.9
1884.0
1884.1
1884.2
1884.3
1884.5
1884.6
1884.6
1884.8
1884.8
1884.8
1886.1
1886.1
1886.1
1886.1
1886.1
1886.1
1886.1
1886.1
1886.1
1886.2
1886.2
1886.2
1886.2
1886.2
1886.2
1886.2
1886.2
1886.2
1886.2
1886.2
1886.2
1886.2
1886.2
1886.2
1886.2
1886.2
1886.2
1886.2
1886.2
1886.2
1886.3
1886.3
1886.3
1886.3
1886.3
1886.3
1886.3
1886.3
1886.3
1886.3
1886.3
1886.3
1886.3
1886.3
1886.4
1886.4
1886.4
1886.4
1886.4
1886.4
1886.4
1886.4
1886.4
1886.4
1886.4
1886.5
1886.5
1886.5
1886.5
1886.5
1886.7
1886.7
1886.7
1886.8
1886.8
1886.8
1886.9
1886.9
1887.0
1887.0
1887.0
1887.1
1887.3
1887.3
1887.3
1887.6
1887.6
1887.8
1888.0
1888.0
1888.0
1888.0
1888.1
1888.2
1888.4
1888.5
1888.7
1888.8
1889.0
1889.2
1889.5
1889.7
1890.1
1890.1
1890.3
1890.6
1890.8
1890.8
1890.8
1890.8
1890.8
1890.9
1890.9
1890.9
1891.0
1891.0
1891.0
1891.0
1891.0
1891.0
1891.0
1891.1
1891.1
1891.1
1891.1
1891.1
1891.1
1891.1
1891.1
1891.2
1891.2
1891.2
1891.2
1891.2
1891.2
1891.3
1891.3
1891.3
1891.3
1891.3
1891.3
1891.4
1891.4
1891.4
1891.4
1891.4
1891.4
1891.4
1891.4
1891.4
1891.4
1891.5
1891.5
1891.5
1891.5
1891.5
1891.6
1891.6
1891.6
1891.6
1891.6
1891.7
1891.7
1891.7
1891.7
1891.7
1891.8
1891.8
1891.8
1891.9
1892.0
1892.2
1892.2
1892.3
1892.3
1892.4
1892.4
1892.6
1892.7
1892.8
1893.1
1893.1
1893.4
1893.4
1893.5
1893.8
1894.1
1894.5
1894.5
1894.7
1894.7
1894.8
1895.0
1895.2
1895.6
1896.4
1897.0
1897.0
1897.6
1897.7
1899.5
1899.5
1899.6
1899.8
1900.0
1900.2
1900.3
1900.3
1900.5
1900.6
1900.7
1900.7
1900.8
1900.9
1900.9
1900.9
1900.9
1901.0
1901.1
1901.2
1901.3
1901.3
1901.4
1901.6
1901.6
1901.7
1901.7
1901.8
1901.9
1902.1
1902.2
1902.2
1902.3
1902.3
1902.3
1902.3
1902.4
1902.4
1902.5
1902.5
1902.6
1902.6
1902.6
1902.7
1902.8
1902.8
1902.9
1902.9
1903.0
1903.1
1903.2
1903.2
1903.5
1903.5
1903.7
1903.7
1903.8
1903.9
1904.0
1904.1
1904.3
1904.5
1904.5
1904.7
1905.3
1906.1
1906.2
1906.6
1906.8
1906.9
1906.9
1907.1
1907.1
1907.2
1907.4
1908.6
1908.7
1910.7
1912.7
1914.5
1915.5
1916.4
1917.1
1919.6
1929.0
1930.5
1930.8
1930.8
1930.8
1930.8
1930.8
1930.8
1930.8
1930.8
1930.8
1930.8
1930.8
1930.8
1930.8
1930.8
1930.9
1930.9
1930.9
1930.9
1930.9
1930.9
1930.9
1930.9
1930.9
1930.9
1930.9
1930.9
1930.9
1930.9
1930.9
1930.9
1930.9
1930.9
1930.9
1930.9
1930.9
1930.9
1930.9
1930.9
1930.9
1930.9
1930.9
1930.9
1930.9
1930.9
1930.9
1930.9
1930.9
1930.9
1930.9
1930.9
1930.9
1930.9
1930.9
1930.9
1930.9
1930.9
1930.9
1930.9
1930.9
1930.9
1931.0
1931.0
1931.0
1931.0
1931.0
1931.0
1931.0
1931.0
1931.0
1931.0
1931.0
1931.0
1931.1
1931.1
1931.1
1931.1
1931.1
1931.1
1931.1
1931.1
1931.1
1931.1
1931.2
1931.3
1931.3
1931.4
1931.4
1931.4
1931.5
1931.7
1931.7
1931.7
1931.9
1931.9
1932.0
1932.0
1932.1
1932.2
1934.2
1937.4
1937.4
1937.4
1937.4
1937.4
1937.5
1937.5
1937.5
1937.5
1937.5
1937.5
1937.5
1937.5
1937.6
1937.6
1937.6
1937.6
1937.6
1937.6
1937.6
1937.6
1937.6
1937.6
1937.6
1937.6
1937.6
1937.7
1937.7
1937.7
1937.7
1937.7
1937.7
1937.7
1937.7
1937.8
1937.8
1937.8
1937.8
1937.8
1937.8
1937.9
1937.9
1937.9
1937.9
1937.9
1937.9
1937.9
1937.9
1937.9
1937.9
1938.0
1938.0
1938.0
1938.0
1938.0
1938.0
1938.0
1938.0
1938.1
1938.1
1938.1
1938.1
1938.1
1938.2
1938.2
1938.3
1938.3
1938.4
1938.4
1938.4
1938.5
1938.7
1938.7
1938.8
1938.8
1939.0
1939.0
1939.0
1939.5
1940.0
1940.2
1940.5
1940.5
1940.6
1940.6
1941.5
1941.6
1941.7
1941.9
1942.0
1942.8
1943.1
1943.2
1943.3
1943.3
1943.3
1943.4
1943.4
1943.4
1943.4
1943.4
1943.5
1943.5
1943.6
1943.6
1943.6
1943.7
1943.7
1943.7
1943.7
1943.7
1943.7
1943.8
1943.8
1943.8
1943.8
1943.8
1943.8
1943.8
1943.9
1943.9
1943.9
1943.9
1944.0
1944.0
1944.0
1944.2
1944.2
1944.3
1944.4
1944.4
1944.5
1944.5
1944.5
1944.6
1944.6
1944.8
1944.9
1945.0
1945.0
1945.0
1945.1
1945.2
1945.2
1945.3
1945.3
1945.3
1945.4
1945.4
1945.5
1945.5
1945.5
1945.6
1945.8
1945.8
1945.9
1945.9
1945.9
1946.3
1946.4
1946.6
1946.6
1946.6
1946.7
1946.8
1947.1
1947.1
1947.2
1947.2
1948.0
1948.5
1948.6
1949.0
1949.0
1949.1
1949.4
1949.5
1949.5
1949.5
1949.6
1949.8
1949.9
1949.9
1950.0
1950.1
1950.1
1950.1
1950.1
1950.1
1950.1
1950.3
1950.5
1950.6
1950.8
1950.9
1951.0
1951.1
1951.1
1951.2
1951.2
1951.2
1951.2
1951.3
1951.4
1951.5
1951.5
1951.7
1951.7
1952.2
1952.4
1952.5
1952.7
1952.8
1952.8
1953.0
1953.0
1953.4
1953.6
1953.6
1953.9
1954.0
1954.2
1954.2
1954.5
1954.5
1954.7
1954.8
1955.0
1955.1
1955.5
1955.5
1955.6
1955.7
1955.8
1955.8
1955.8
1956.5
1956.7
1956.8
1956.9
1957.1
1957.4
1957.4
1958.2
1958.8
1959.0
1959.0
1959.4
1960.2
1960.2
1961.2
1961.8
1963.7
1965.4
1967.4
1970.1
1970.1
1973.3
1973.9
1977.2
1983.6
1992.0
2004.5
2047.6
2047.6
2047.6
2047.6
2047.6
2047.6
2047.6
2047.6
2047.6
2047.6
2047.6
2047.6
2047.6
2047.6
2047.6
2047.6
2047.6
2047.6
2047.6
2047.6
2047.6
2047.6
2047.6
2047.6
2047.6
2047.6
2047.6
2047.6
2047.6
2047.6
2047.6
2047.6
2047.6
2047.6
2047.6
2047.6
2047.6
2047.6
2047.6
2047.6
2047.6
2047.6
2047.6
2047.6
2047.6
2047.6
2047.6
2047.6
2047.6
2047.6
2047.7
2047.7
2047.7
2047.7
2047.7
2047.7
2047.7
2047.7
2047.7
2047.7
2047.7
2047.7
2047.7
2047.7
2047.7
2047.8
2047.8
2047.8
2047.8
2047.8
2047.8
2047.8
2047.9
2047.9
2047.9
2048.0
2048.0
2048.0
2048.0
2048.1
2048.1
2048.1
2048.1
2048.1
2048.1
2048.2
2048.3
2048.3
2048.4
2048.5
2048.5
2048.6
2048.7
2048.8
2048.8
2048.9
2049.0
2049.0
2049.1
2049.1
2051.6
2051.6
2051.6
2051.6
2051.6
2051.6
2051.6
2051.6
2051.6
2051.6
2051.6
2051.6
2051.6
2051.6
2051.6
2051.6
2051.6
2051.6
2051.6
2051.6
2051.6
2051.6
2051.6
2051.6
2051.6
2051.6
2051.6
2051.6
2051.6
2051.6
2051.6
2051.6
2051.6
2051.6
2051.6
2051.6
2051.6
2051.6
2051.6
2051.6
2051.6
2051.6
2051.6
2051.6
2051.6
2051.6
2051.6
2051.7
2051.7
2051.7
2051.7
2051.7
2051.7
2051.7
2051.7
2051.7
2051.7
2051.7
2051.7
2051.7
2051.7
2051.7
2051.7
2051.8
2051.8
2051.8
2051.8
2051.8
2051.8
2051.8
2051.9
2051.9
2052.0
2052.1
2052.2
2052.2
2052.2
2052.2
2052.2
2052.3
2052.4
2052.4
2052.4
2052.5
2052.6
2052.6
2052.7
2052.8
2053.0
2053.1
2053.1
2053.3
2053.5
2053.7
2054.0
2054.1
2054.2
2054.3
2054.4
2054.4
2055.2
2055.2
2055.2
2055.2
2055.2
2055.3
2055.3
2055.3
2055.3
2055.3
2055.3
2055.3
2055.3
2055.3
2055.3
2055.3
2055.3
2055.3
2055.3
2055.3
2055.3
2055.3
2055.3
2055.3
2055.3
2055.3
2055.3
2055.3
2055.3
2055.3
2055.3
2055.4
2055.4
2055.4
2055.4
2055.4
2055.4
2055.4
2055.4
2055.4
2055.4
2055.4
2055.4
2055.4
2055.4
2055.4
2055.4
2055.4
2055.5
2055.5
2055.5
2055.5
2055.5
2055.5
2055.5
2055.5
2055.5
2055.6
2055.6
2055.6
2055.6
2055.6
2055.7
2055.7
2055.8
2055.8
2055.8
2055.8
2055.8
2055.8
2055.9
2056.0
2056.0
2056.2
2056.2
2056.4
2056.4
2056.6
2056.6
2056.6
2056.6
2056.7
2056.7
2056.7
2057.0
2057.2
2057.2
2057.3
2057.7
2057.8
2058.0
2058.0
2058.6
2058.8
2059.3
2059.3
2059.3
2059.4
2059.4
2059.4
2059.4
2059.4
2059.4
2059.5
2059.5
2059.5
2059.5
2059.5
2059.5
2059.5
2059.5
2059.6
2059.6
2059.6
2059.6
2059.6
2059.6
2059.6
2059.6
2059.6
2059.6
2059.6
2059.6
2059.6
2059.7
2059.7
2059.7
2059.7
2059.7
2059.7
2059.7
2059.7
2059.7
2059.7
2059.8
2059.8
2059.8
2059.8
2059.8
2059.8
2059.9
2059.9
2059.9
2059.9
2059.9
2059.9
2060.0
2060.0
2060.0
2060.0
2060.0
2060.0
2060.1
2060.1
2060.1
2060.1
2060.1
2060.1
2060.1
2060.3
2060.3
2060.4
2060.4
2060.4
2060.4
2060.5
2060.6
2060.7
2060.7
2060.8
2061.0
2061.1
2061.1
2061.1
2061.2
2061.5
2061.7
2061.8
2061.9
2062.0
2062.0
2062.1
2062.1
2062.5
2062.6
2063.1
2063.5
2063.9
2064.0
2064.4
2065.2
2065.3
2065.3
2065.7
2065.7
2065.7
2065.9
2065.9
2065.9
2066.0
2066.0
2066.0
2066.0
2066.0
2066.1
2066.1
2066.2
2066.2
2066.3
2066.3
2066.4
2066.4
2066.4
2066.4
2066.4
2066.4
2066.6
2066.6
2066.6
2066.6
2066.7
2066.7
2066.7
2066.7
2066.8
2066.8
2066.8
2066.9
2066.9
2066.9
2066.9
2066.9
2066.9
2067.0
2067.0
2067.0
2067.0
2067.1
2067.2
2067.2
2067.2
2067.2
2067.3
2067.3
2067.4
2067.4
2067.5
2067.6
2067.7
2067.8
2067.8
2067.8
2068.0
2068.0
2068.1
2068.2
2068.2
2068.2
2068.4
2068.6
2068.8
2068.8
2068.9
2069.1
2069.2
2069.2
2069.5
2069.6
2070.4
2070.6
2070.6
2070.7
2071.0
2071.8
2072.1
2072.2
2072.4
2072.8
2072.8
2072.9
2073.3
2073.6
2075.3
2075.5
2077.2
2079.9
2084.4
2088.8
2097.4
2214.7
2214.7
2214.7
2214.7
2214.7
2214.7
2214.7
2214.7
2214.7
2214.7
2214.7
2214.7
2214.7
2214.7
2214.7
2214.7
2214.7
2214.7
2214.7
2214.7
2214.7
2214.7
2214.7
2214.7
2214.7
2214.7
2214.7
2214.7
2214.7
2214.7
2214.7
2214.7
2214.7
2214.7
2214.7
2214.7
2214.7
2214.7
2214.7
2214.7
2214.7
2214.7
2214.8
2214.8
2214.8
2214.8
2214.8
2214.8
2214.8
2214.8
2214.8
2214.8
2214.8
2214.8
2214.8
2214.8
2214.8
2214.8
2214.8
2214.8
2214.8
2214.8
2214.8
2214.8
2214.8
2214.8
2214.8
2214.8
2214.8
2214.9
2214.9
2214.9
2214.9
2214.9
2214.9
2214.9
2214.9
2214.9
2215.0
2215.0
2215.0
2215.1
2215.1
2215.1
2215.1
2215.1
2215.1
2215.1
2215.2
2215.2
2215.2
2215.2
2215.3
2215.3
2215.4
2215.4
2215.4
2215.4
2215.5
2215.5
2218.8
2218.8
2218.8
2218.8
2218.8
2218.8
2218.8
2218.8
2218.8
2218.8
2218.8
2218.8
2218.8
2218.8
2218.8
2218.8
2218.8
2218.8
2218.8
2218.8
2218.8
2218.8
2218.8
2218.8
2218.8
2218.8
2218.8
2218.8
2218.8
2218.8
2218.8
2218.8
2218.8
2218.8
2218.8
2218.8
2218.8
2218.9
2218.9
2218.9
2218.9
2218.9
2218.9
2218.9
2218.9
2218.9
2218.9
2218.9
2218.9
2218.9
2218.9
2218.9
2218.9
2218.9
2218.9
2218.9
2218.9
2218.9
2218.9
2218.9
2218.9
2219.0
2219.0
2219.0
2219.0
2219.0
2219.0
2219.1
2219.1
2219.1
2219.1
2219.2
2219.3
2219.4
2219.4
2219.4
2219.5
2219.5
2219.6
2219.6
2219.6
2219.8
2219.8
2219.8
2219.9
2219.9
2220.0
2220.0
2220.2
2220.2
2220.3
2220.4
2220.5
2220.6
2220.8
2220.9
2220.9
2221.0
2221.0
2221.1
2222.4
2222.4
2222.4
2222.5
2222.5
2222.5
2222.5
2222.5
2222.5
2222.5
2222.5
2222.5
2222.6
2222.6
2222.6
2222.6
2222.6
2222.6
2222.6
2222.6
2222.6
2222.6
2222.6
2222.6
2222.6
2222.6
2222.6
2222.6
2222.6
2222.6
2222.6
2222.6
2222.6
2222.7
2222.7
2222.7
2222.7
2222.7
2222.7
2222.7
2222.7
2222.7
2222.7
2222.7
2222.7
2222.7
2222.7
2222.7
2222.8
2222.8
2222.8
2222.8
2222.8
2222.8
2222.8
2222.8
2222.8
2222.9
2222.9
2222.9
2223.0
2223.0
2223.1
2223.1
2223.1
2223.2
2223.2
2223.3
2223.3
2223.3
2223.4
2223.5
2223.6
2223.7
2223.7
2223.9
2223.9
2224.2
2224.3
2224.3
2224.3
2224.4
2224.5
2224.5
2224.7
2224.8
2225.1
2225.1
2225.4
2225.6
2225.8
2226.0
2226.4
2226.4
2226.7
2226.9
2227.1
2227.1
2227.2
2227.3
2227.3
2227.4
2227.4
2227.4
2227.4
2227.4
2227.5
2227.5
2227.5
2227.5
2227.5
2227.5
2227.6
2227.6
2227.6
2227.6
2227.6
2227.6
2227.6
2227.6
2227.7
2227.7
2227.7
2227.7
2227.7
2227.8
2227.8
2227.8
2227.8
2227.8
2227.8
2227.8
2227.9
2227.9
2227.9
2227.9
2227.9
2227.9
2227.9
2227.9
2227.9
2227.9
2227.9
2228.0
2228.0
2228.0
2228.1
2228.1
2228.1
2228.1
2228.1
2228.2
2228.2
2228.2
2228.2
2228.3
2228.3
2228.3
2228.3
2228.4
2228.5
2228.7
2228.8
2228.8
2228.8
2228.8
2229.0
2229.1
2229.3
2229.3
2229.6
2229.6
2230.0
2230.0
2230.0
2230.4
2230.6
2230.9
2231.0
2231.2
2231.2
2231.2
2231.5
2231.7
2232.2
2232.8
2233.6
2233.8
2234.2
2234.4
2236.1
2236.4
2236.7
2237.0
2237.5
2237.6
2237.7
2237.7
2238.0
2238.0
2238.1
2238.3
2238.4
2238.5
2238.5
2238.5
2238.5
2238.6
2238.6
2238.6
2238.6
2238.7
2238.9
2239.0
2239.2
2239.2
2239.2
2239.3
2239.8
2239.8
2239.9
2239.9
2239.9
2240.0
2240.0
2240.0
2240.1
2240.2
2240.2
2240.3
2240.3
2240.3
2240.5
2240.6
2240.6
2240.7
2241.0
2241.0
2241.1
2241.1
2241.3
2241.3
2241.4
2241.4
2241.9
2242.0
2242.2
2242.4
2242.6
2242.7
2242.8
2243.1
2243.2
2243.4
2244.6
2245.3
2245.7
2246.4
2246.4
2246.5
2246.6
2246.8
2247.0
2247.3
2247.5
2248.9
2249.6
2256.4
2258.1
2266.7
2266.7
2266.8
2266.8
2266.8
2266.9
2266.9
2266.9
2266.9
2266.9
2266.9
2266.9
2266.9
2266.9
2267.0
2267.0
2267.0
2267.0
2267.0
2267.0
2267.0
2267.0
2267.0
2267.0
2267.0
2267.0
2267.0
2267.0
2267.0
2267.0
2267.0
2267.0
2267.0
2267.0
2267.0
2267.0
2267.0
2267.0
2267.0
2267.0
2267.0
2267.0
2267.0
2267.0
2267.0
2267.0
2267.0
2267.0
2267.0
2267.0
2267.0
2267.0
2267.0
2267.0
2267.0
2267.0
2267.0
2267.0
2267.0
2267.0
2267.0
2267.0
2267.1
2267.1
2267.1
2267.1
2267.1
2267.1
2267.1
2267.1
2267.1
2267.1
2267.1
2267.1
2267.1
2267.2
2267.2
2267.2
2267.2
2267.2
2267.2
2267.3
2267.3
2267.3
2267.3
2267.4
2267.4
2267.5
2267.5
2267.5
2267.5
2267.6
2267.8
2267.8
2267.8
2268.0
2268.0
2268.1
2268.3
2268.4
2272.9
2273.2
2273.5
2273.5
2273.5
2273.5
2273.6
2273.6
2273.6
2273.6
2273.6
2273.7
2273.7
2273.7
2273.7
2273.7
2273.7
2273.7
2273.7
2273.7
2273.7
2273.7
2273.7
2273.7
2273.8
2273.8
2273.8
2273.8
2273.8
2273.8
2273.8
2273.8
2273.8
2273.8
2273.8
2273.8
2273.9
2273.9
2273.9
2274.0
2274.0
2274.0
2274.0
2274.0
2274.0
2274.0
2274.1
2274.1
2274.1
2274.1
2274.1
2274.1
2274.1
2274.1
2274.1
2274.1
2274.1
2274.2
2274.2
2274.2
2274.2
2274.3
2274.3
2274.3
2274.3
2274.3
2274.4
2274.4
2274.5
2274.5
2274.6
2274.6
2274.7
2274.8
2274.9
2275.0
2275.0
2275.1
2275.2
2276.1
2276.3
2276.6
2276.7
2276.8
2276.8
2277.0
2277.1
2277.6
2277.7
2278.0
2278.1
2278.1
2278.9
2279.2
2279.3
2279.3
2279.3
2279.4
2279.4
2279.4
2279.4
2279.5
2279.5
2279.6
2279.6
2279.6
2279.6
2279.7
2279.7
2279.7
2279.7
2279.7
2279.7
2279.8
2279.8
2279.8
2279.8
2279.9
2279.9
2279.9
2279.9
2279.9
2279.9
2280.0
2280.0
2280.0
2280.1
2280.2
2280.3
2280.3
2280.5
2280.5
2280.5
2280.5
2280.5
2280.6
2280.7
2280.7
2280.8
2280.8
2280.9
2280.9
2281.0
2281.1
2281.2
2281.2
2281.2
2281.4
2281.4
2281.4
2281.4
2281.5
2281.6
2281.7
2281.7
2281.8
2281.8
2281.9
2281.9
2282.2
2282.3
2282.5
2282.5
2282.5
2282.6
2282.7
2283.0
2283.0
2283.1
2283.4
2283.9
2284.3
2284.5
2284.8
2284.8
2285.0
2285.2
2285.3
2285.4
2285.4
2285.4
2285.8
2285.8
2285.9
2285.9
2285.9
2286.0
2286.0
2286.1
2286.1
2286.1
2286.2
2286.3
2286.5
2286.6
2286.8
2286.9
2286.9
2286.9
2286.9
2287.0
2287.0
2287.0
2287.1
2287.2
2287.2
2287.3
2287.4
2287.5
2288.0
2288.1
2288.1
2288.1
2288.3
2288.4
2288.5
2288.7
2288.8
2288.9
2289.0
2289.4
2289.6
2289.6
2289.8
2290.1
2290.1
2290.2
2290.2
2290.3
2290.4
2290.5
2290.5
2290.7
2290.9
2291.0
2291.0
2291.2
2291.5
2291.8
2291.9
2292.2
2292.2
2292.2
2292.4
2292.9
2293.1
2293.6
2293.8
2293.8
2294.0
2294.8
2294.9
2295.5
2295.6
2295.7
2297.3
2299.3
2299.5
2300.5
2301.9
2303.9
2304.3
2304.5
2306.3
2306.7
2307.6
2309.5
2311.0
2315.8
2316.4
2316.6
2384.0
2384.0
2384.0
2384.0
2384.0
2384.0
2384.0
2384.0
2384.0
2384.0
2384.0
2384.0
2384.0
2384.0
2384.0
2384.0
2384.0
2384.0
2384.0
2384.1
2384.1
2384.1
2384.1
2384.1
2384.1
2384.1
2384.1
2384.1
2384.1
2384.1
2384.1
2384.1
2384.1
2384.1
2384.1
2384.1
2384.1
2384.1
2384.1
2384.1
2384.1
2384.1
2384.1
2384.1
2384.1
2384.1
2384.1
2384.1
2384.1
2384.1
2384.1
2384.1
2384.1
2384.1
2384.1
2384.1
2384.1
2384.1
2384.1
2384.1
2384.1
2384.1
2384.1
2384.1
2384.1
2384.2
2384.2
2384.2
2384.3
2384.3
2384.3
2384.3
2384.3
2384.4
2384.4
2384.4
2384.5
2384.5
2384.5
2384.5
2384.5
2384.6
2384.6
2384.6
2384.6
2384.7
2384.8
2384.8
2384.9
2385.0
2385.0
2385.1
2385.2
2385.2
2385.3
2385.4
2385.5
2385.5
2385.6
2385.6
2387.9
2388.0
2388.0
2388.0
2388.0
2388.0
2388.0
2388.0
2388.0
2388.0
2388.0
2388.0
2388.0
2388.0
2388.0
2388.0
2388.0
2388.0
2388.0
2388.0
2388.0
2388.0
2388.0
2388.0
2388.0
2388.0
2388.0
2388.0
2388.0
2388.0
2388.0
2388.0
2388.0
2388.0
2388.0
2388.0
2388.0
2388.0
2388.0
2388.0
2388.0
2388.0
2388.0
2388.0
2388.0
2388.0
2388.0
2388.0
2388.0
2388.0
2388.0
2388.0
2388.0
2388.0
2388.0
2388.0
2388.0
2388.0
2388.0
2388.0
2388.0
2388.1
2388.1
2388.1
2388.1
2388.1
2388.2
2388.2
2388.2
2388.2
2388.2
2388.3
2388.3
2388.5
2388.6
2388.6
2388.6
2388.6
2388.7
2388.7
2388.8
2388.8
2388.8
2388.9
2389.0
2389.0
2389.2
2389.3
2389.5
2389.7
2389.7
2389.8
2390.1
2390.3
2390.6
2390.6
2390.9
2390.9
2391.0
2391.1
2391.6
2391.6
2391.6
2391.6
2391.6
2391.6
2391.6
2391.6
2391.6
2391.6
2391.6
2391.6
2391.6
2391.6
2391.6
2391.6
2391.6
2391.7
2391.7
2391.7
2391.7
2391.7
2391.7
2391.7
2391.7
2391.7
2391.7
2391.7
2391.7
2391.7
2391.7
2391.7
2391.7
2391.7
2391.7
2391.7
2391.7
2391.7
2391.7
2391.7
2391.8
2391.8
2391.8
2391.8
2391.8
2391.8
2391.8
2391.8
2391.8
2391.8
2391.8
2391.8
2391.8
2391.8
2391.9
2391.9
2391.9
2391.9
2391.9
2392.0
2392.0
2392.0
2392.0
2392.1
2392.1
2392.1
2392.1
2392.1
2392.2
2392.2
2392.3
2392.3
2392.3
2392.5
2392.6
2392.8
2392.8
2392.9
2392.9
2393.0
2393.0
2393.1
2393.1
2393.1
2393.4
2393.6
2393.7
2393.8
2394.2
2394.4
2394.5
2394.6
2395.3
2395.4
2395.6
2395.7
2395.7
2395.7
2395.7
2395.8
2395.8
2395.8
2395.8
2395.8
2395.8
2395.8
2395.9
2395.9
2395.9
2395.9
2395.9
2395.9
2395.9
2395.9
2395.9
2395.9
2395.9
2395.9
2396.0
2396.0
2396.0
2396.0
2396.0
2396.0
2396.0
2396.0
2396.0
2396.0
2396.0
2396.0
2396.1
2396.1
2396.1
2396.1
2396.1
2396.1
2396.1
2396.1
2396.2
2396.2
2396.2
2396.2
2396.2
2396.2
2396.3
2396.3
2396.3
2396.3
2396.3
2396.3
2396.3
2396.4
2396.4
2396.4
2396.4
2396.4
2396.5
2396.5
2396.6
2396.7
2396.7
2396.7
2396.7
2396.8
2396.8
2396.9
2397.0
2397.1
2397.1
2397.1
2397.4
2397.4
2397.4
2397.5
2397.5
2397.9
2398.0
2398.2
2398.3
2398.4
2398.4
2398.5
2398.5
2398.9
2399.0
2399.6
2399.9
2400.4
2400.6
2401.0
2401.6
2401.8
2401.9
2402.0
2402.0
2402.0
2402.1
2402.1
2402.2
2402.2
2402.2
2402.3
2402.3
2402.3
2402.3
2402.3
2402.4
2402.4
2402.5
2402.5
2402.6
2402.6
2402.6
2402.6
2402.7
2402.7
2402.8
2402.8
2402.8
2402.9
2402.9
2402.9
2402.9
2403.0
2403.1
2403.1
2403.1
2403.1
2403.1
2403.2
2403.2
2403.2
2403.2
2403.2
2403.2
2403.4
2403.4
2403.4
2403.4
2403.5
2403.5
2403.5
2403.6
2403.6
2403.7
2403.7
2403.8
2403.8
2403.9
2404.0
2404.0
2404.2
2404.2
2404.3
2404.4
2404.4
2404.5
2404.8
2404.8
2405.0
2405.1
2405.3
2405.3
2405.4
2405.7
2405.8
2406.0
2406.5
2406.6
2406.7
2406.7
2407.0
2407.0
2408.0
2408.4
2408.4
2409.1
2409.2
2409.6
2409.7
2410.0
2410.8
2411.2
2412.0
2413.0
2416.5
2428.2
2434.2
2551.0
2551.0
2551.0
2551.0
2551.0
2551.1
2551.1
2551.1
2551.1
2551.1
2551.1
2551.1
2551.1
2551.1
2551.1
2551.1
2551.1
2551.1
2551.1
2551.1
2551.1
2551.1
2551.1
2551.1
2551.1
2551.1
2551.1
2551.1
2551.1
2551.1
2551.1
2551.1
2551.1
2551.1
2551.1
2551.1
2551.1
2551.1
2551.1
2551.1
2551.1
2551.1
2551.1
2551.1
2551.1
2551.1
2551.1
2551.1
2551.1
2551.1
2551.1
2551.1
2551.1
2551.1
2551.1
2551.1
2551.1
2551.1
2551.1
2551.1
2551.1
2551.1
2551.1
2551.1
2551.1
2551.1
2551.1
2551.2
2551.2
2551.2
2551.2
2551.2
2551.2
2551.2
2551.3
2551.3
2551.3
2551.3
2551.3
2551.4
2551.4
2551.4
2551.4
2551.4
2551.4
2551.4
2551.5
2551.5
2551.5
2551.5
2551.6
2551.6
2551.6
2551.6
2551.7
2551.8
2551.8
2551.8
2551.8
2551.9
2555.1
2555.1
2555.1
2555.1
2555.1
2555.1
2555.1
2555.1
2555.1
2555.1
2555.1
2555.1
2555.1
2555.1
2555.2
2555.2
2555.2
2555.2
2555.2
2555.2
2555.2
2555.2
2555.2
2555.2
2555.2
2555.2
2555.2
2555.2
2555.2
2555.2
2555.2
2555.2
2555.2
2555.2
2555.2
2555.2
2555.2
2555.2
2555.2
2555.2
2555.2
2555.2
2555.2
2555.2
2555.2
2555.2
2555.2
2555.2
2555.2
2555.2
2555.2
2555.2
2555.2
2555.2
2555.2
2555.2
2555.2
2555.2
2555.2
2555.3
2555.3
2555.3
2555.3
2555.3
2555.3
2555.3
2555.4
2555.4
2555.4
2555.4
2555.5
2555.5
2555.6
2555.7
2555.7
2555.8
2555.8
2555.8
2555.9
2556.0
2556.0
2556.1
2556.1
2556.2
2556.3
2556.3
2556.3
2556.3
2556.5
2556.5
2556.6
2556.7
2556.8
2556.9
2557.1
2557.2
2557.2
2557.3
2557.4
2557.4
2558.8
2558.8
2558.8
2558.8
2558.8
2558.8
2558.8
2558.8
2558.9
2558.9
2558.9
2558.9
2558.9
2558.9
2558.9
2558.9
2558.9
2558.9
2558.9
2558.9
2558.9
2558.9
2558.9
2558.9
2558.9
2558.9
2558.9
2558.9
2558.9
2558.9
2559.0
2559.0
2559.0
2559.0
2559.0
2559.0
2559.0
2559.0
2559.0
2559.0
2559.0
2559.0
2559.0
2559.0
2559.0
2559.1
2559.1
2559.1
2559.1
2559.1
2559.1
2559.1
2559.1
2559.1
2559.1
2559.2
2559.2
2559.2
2559.2
2559.2
2559.4
2559.4
2559.4
2559.5
2559.5
2559.5
2559.6
2559.6
2559.6
2559.7
2559.7
2559.8
2559.9
2560.0
2560.0
2560.2
2560.3
2560.5
2560.6
2560.6
2560.7
2560.7
2560.8
2560.8
2561.0
2561.2
2561.4
2561.5
2561.7
2561.9
2562.1
2562.3
2562.8
2562.8
2563.0
2563.2
2563.4
2563.5
2563.6
2563.7
2563.7
2563.7
2563.7
2563.7
2563.8
2563.8
2563.8
2563.8
2563.8
2563.8
2563.9
2563.9
2563.9
2563.9
2563.9
2564.0
2564.0
2564.0
2564.0
2564.0
2564.0
2564.1
2564.1
2564.1
2564.1
2564.1
2564.1
2564.1
2564.1
2564.1
2564.2
2564.2
2564.2
2564.2
2564.2
2564.2
2564.2
2564.2
2564.2
2564.2
2564.2
2564.3
2564.3
2564.3
2564.3
2564.3
2564.4
2564.4
2564.4
2564.5
2564.5
2564.5
2564.5
2564.6
2564.6
2564.6
2564.6
2564.7
2564.7
2564.7
2564.8
2565.0
2565.1
2565.1
2565.1
2565.2
2565.3
2565.4
2565.6
2565.6
2565.9
2566.0
2566.3
2566.3
2566.3
2566.7
2566.9
2567.3
2567.3
2567.5
2567.5
2567.6
2567.9
2568.0
2568.6
2569.3
2569.9
2570.0
2570.6
2570.6
2572.6
2572.9
2573.0
2573.3
2573.6
2573.7
2573.9
2574.0
2574.2
2574.3
2574.4
2574.6
2574.6
2574.6
2574.7
2574.8
2574.8
2574.9
2574.9
2574.9
2575.1
2575.1
2575.2
2575.3
2575.4
2575.6
2575.7
2575.7
2575.9
2576.1
2576.2
2576.2
2576.3
2576.4
2576.4
2576.4
2576.5
2576.5
2576.5
2576.6
2576.8
2576.8
2576.8
2576.8
2577.0
2577.0
2577.1
2577.1
2577.3
2577.4
2577.4
2577.5
2577.5
2577.7
2578.2
2578.2
2578.6
2578.7
2578.9
2578.9
2579.0
2579.3
2579.4
2579.6
2580.8
2581.4
2581.5
2581.8
2582.6
2582.6
2582.7
2582.8
2582.8
2582.9
2583.6
2583.8
2585.1
2592.1
2593.1
2600.4
2603.6
2603.6
2603.8
2603.8
2603.9
2603.9
2603.9
2603.9
2603.9
2603.9
2604.0
2604.0
2604.0
2604.0
2604.0
2604.0
2604.0
2604.0
2604.0
2604.0
2604.0
2604.0
2604.0
2604.0
2604.0
2604.0
2604.0
2604.0
2604.0
2604.0
2604.0
2604.0
2604.0
2604.0
2604.0
2604.0
2604.0
2604.0
2604.0
2604.0
2604.0
2604.0
2604.0
2604.0
2604.0
2604.0
2604.0
2604.0
2604.0
2604.0
2604.0
2604.0
2604.0
2604.0
2604.0
2604.0
2604.0
2604.0
2604.1
2604.1
2604.1
2604.1
2604.1
2604.1
2604.1
2604.1
2604.1
2604.1
2604.1
2604.1
2604.1
2604.1
2604.1
2604.1
2604.2
2604.2
2604.2
2604.2
2604.2
2604.2
2604.3
2604.3
2604.3
2604.3
2604.4
2604.4
2604.5
2604.5
2604.5
2604.5
2604.6
2604.8
2604.8
2604.8
2605.0
2605.0
2605.1
2605.2
2605.4
2606.2
2609.8
2609.9
2610.5
2610.5
2610.5
2610.5
2610.6
2610.6
2610.6
2610.6
2610.6
2610.7
2610.7
2610.7
2610.7
2610.7
2610.7
2610.7
2610.7
2610.7
2610.7
2610.7
2610.7
2610.7
2610.8
2610.8
2610.8
2610.8
2610.8
2610.8
2610.8
2610.8
2610.8
2610.8
2610.8
2610.8
2610.9
2610.9
2610.9
2611.0
2611.0
2611.0
2611.0
2611.0
2611.0
2611.0
2611.1
2611.1
2611.1
2611.1
2611.1
2611.1
2611.1
2611.1
2611.1
2611.1
2611.1
2611.2
2611.2
2611.2
2611.3
2611.3
2611.3
2611.3
2611.3
2611.4
2611.4
2611.4
2611.4
2611.5
2611.6
2611.7
2611.7
2611.8
2611.9
2611.9
2612.0
2612.1
2612.2
2613.0
2613.3
2613.7
2613.7
2613.8
2613.9
2614.0
2614.7
2614.8
2615.0
2615.1
2615.3
2616.1
2616.4
2616.6
2616.6
2616.6
2616.6
2616.6
2616.7
2616.7
2616.7
2616.7
2616.8
2616.8
2616.8
2616.8
2616.9
2616.9
2616.9
2616.9
2617.0
2617.0
2617.0
2617.1
2617.1
2617.1
2617.1
2617.1
2617.1
2617.1
2617.1
2617.1
2617.2
2617.2
2617.3
2617.3
2617.4
2617.5
2617.5
2617.6
2617.7
2617.8
2617.8
2617.8
2617.8
2617.9
2617.9
2618.0
2618.0
2618.1
2618.3
2618.3
2618.3
2618.4
2618.5
2618.6
2618.6
2618.6
2618.8
2618.8
2618.8
2618.8
2618.9
2619.0
2619.1
2619.2
2619.2
2619.2
2619.3
2619.6
2619.7
2619.9
2619.9
2619.9
2620.1
2620.1
2620.4
2620.5
2620.5
2620.5
2621.3
2621.9
2622.0
2622.1
2622.4
2622.4
2622.6
2622.6
2622.7
2622.7
2623.0
2623.1
2623.1
2623.1
2623.2
2623.3
2623.3
2623.4
2623.4
2623.4
2623.5
2623.5
2623.7
2623.8
2624.1
2624.2
2624.2
2624.3
2624.3
2624.4
2624.5
2624.5
2624.5
2624.6
2624.7
2624.7
2624.8
2624.9
2625.0
2625.6
2625.6
2625.7
2626.0
2626.1
2626.1
2626.2
2626.3
2626.7
2626.9
2626.9
2627.2
2627.3
2627.5
2627.5
2627.8
2627.8
2628.0
2628.2
2628.3
2628.8
2628.8
2629.0
2629.2
2629.2
2629.3
2629.4
2629.8
2630.0
2630.3
2630.4
2630.7
2630.8
2631.1
2631.9
2632.4
2632.5
2632.5
2632.8
2633.1
2633.3
2633.6
2634.7
2635.6
2635.9
2638.6
2643.2
2643.4
2643.6
2645.4
2651.8
2652.7
2654.7
2720.2
2720.2
2720.2
2720.2
2720.2
2720.2
2720.2
2720.2
2720.2
2720.2
2720.2
2720.2
2720.2
2720.2
2720.2
2720.2
2720.2
2720.2
2720.2
2720.2
2720.2
2720.2
2720.2
2720.2
2720.3
2720.3
2720.3
2720.3
2720.3
2720.3
2720.3
2720.3
2720.3
2720.3
2720.3
2720.3
2720.3
2720.3
2720.3
2720.3
2720.3
2720.3
2720.3
2720.3
2720.3
2720.3
2720.3
2720.3
2720.3
2720.3
2720.3
2720.3
2720.3
2720.3
2720.3
2720.3
2720.3
2720.3
2720.3
2720.3
2720.3
2720.3
2720.3
2720.3
2720.4
2720.4
2720.4
2720.4
2720.4
2720.5
2720.5
2720.5
2720.5
2720.6
2720.6
2720.7
2720.7
2720.7
2720.7
2720.7
2720.7
2720.7
2720.7
2720.8
2720.8
2720.8
2721.0
2721.0
2721.0
2721.2
2721.2
2721.2
2721.3
2721.4
2721.4
2721.5
2721.7
2721.7
2721.7
2721.7
2724.3
2724.3
2724.3
2724.3
2724.3
2724.3
2724.3
2724.3
2724.3
2724.3
2724.3
2724.3
2724.3
2724.3
2724.3
2724.3
2724.3
2724.3
2724.3
2724.3
2724.3
2724.3
2724.3
2724.3
2724.3
2724.3
2724.3
2724.3
2724.3
2724.3
2724.3
2724.3
2724.3
2724.3
2724.3
2724.3
2724.3
2724.3
2724.3
2724.3
2724.3
2724.3
2724.3
2724.3
2724.3
2724.3
2724.3
2724.3
2724.3
2724.3
2724.3
2724.3
2724.3
2724.3
2724.3
2724.3
2724.3
2724.3
2724.3
2724.3
2724.4
2724.4
2724.4
2724.4
2724.4
2724.4
2724.5
2724.5
2724.5
2724.5
2724.5
2724.5
2724.6
2724.8
2724.8
2724.9
2724.9
2724.9
2724.9
2724.9
2725.0
2725.1
2725.1
2725.2
2725.3
2725.3
2725.4
2725.4
2725.6
2725.7
2725.7
2725.9
2726.2
2726.3
2726.6
2726.7
2726.9
2726.9
2727.0
2727.1
2727.9
2727.9
2727.9
2727.9
2727.9
2727.9
2727.9
2727.9
2727.9
2727.9
2727.9
2727.9
2728.0
2728.0
2728.0
2728.0
2728.0
2728.0
2728.0
2728.0
2728.0
2728.0
2728.0
2728.0
2728.0
2728.0
2728.0
2728.0
2728.0
2728.0
2728.0
2728.0
2728.0
2728.0
2728.0
2728.0
2728.0
2728.0
2728.1
2728.1
2728.1
2728.1
2728.1
2728.1
2728.1
2728.1
2728.1
2728.1
2728.1
2728.1
2728.1
2728.2
2728.2
2728.2
2728.2
2728.2
2728.2
2728.2
2728.3
2728.3
2728.3
2728.3
2728.3
2728.4
2728.4
2728.4
2728.5
2728.5
2728.5
2728.5
2728.6
2728.6
2728.7
2728.8
2728.8
2729.0
2729.0
2729.2
2729.2
2729.3
2729.3
2729.3
2729.4
2729.4
2729.7
2729.8
2729.8
2729.9
2730.3
2730.4
2730.6
2730.6
2731.2
2731.3
2732.0
2732.0
2732.0
2732.0
2732.0
2732.0
2732.1
2732.1
2732.1
2732.1
2732.1
2732.1
2732.1
2732.1
2732.2
2732.2
2732.2
2732.2
2732.2
2732.2
2732.2
2732.2
2732.3
2732.3
2732.3
2732.3
2732.3
2732.3
2732.3
2732.3
2732.3
2732.3
2732.3
2732.4
2732.4
2732.4
2732.4
2732.4
2732.4
2732.4
2732.4
2732.4
2732.4
2732.4
2732.5
2732.5
2732.5
2732.5
2732.6
2732.6
2732.6
2732.6
2732.6
2732.6
2732.6
2732.7
2732.7
2732.7
2732.7
2732.7
2732.8
2732.8
2732.8
2732.8
2732.8
2732.9
2732.9
2733.0
2733.1
2733.1
2733.1
2733.1
2733.3
2733.3
2733.4
2733.4
2733.7
2733.7
2733.7
2733.8
2733.8
2734.1
2734.3
2734.4
2734.6
2734.7
2734.7
2734.8
2734.8
2735.2
2735.2
2735.7
2736.1
2736.5
2736.6
2737.0
2737.7
2737.9
2738.0
2738.3
2738.4
2738.4
2738.5
2738.5
2738.6
2738.6
2738.7
2738.7
2738.7
2738.7
2738.7
2738.8
2738.8
2738.9
2738.9
2738.9
2739.0
2739.0
2739.0
2739.1
2739.1
2739.1
2739.2
2739.3
2739.3
2739.3
2739.3
2739.3
2739.3
2739.4
2739.4
2739.5
2739.5
2739.5
2739.5
2739.6
2739.6
2739.6
2739.6
2739.6
2739.6
2739.7
2739.7
2739.8
2739.8
2739.8
2739.8
2739.9
2740.0
2740.0
2740.0
2740.0
2740.2
2740.3
2740.3
2740.3
2740.5
2740.5
2740.6
2740.7
2740.8
2740.9
2740.9
2740.9
2740.9
2741.3
2741.3
2741.5
2741.6
2741.7
2741.8
2741.9
2742.1
2742.3
2743.0
2743.2
2743.3
2743.5
2743.6
2744.4
2744.6
2744.7
2744.8
2745.1
2745.4
2745.5
2745.9
2746.3
2748.0
2748.1
2749.2
2752.2
2756.6
2760.4
2764.3
2887.3
2887.3
2887.3
2887.3
2887.3
2887.3
2887.3
2887.3
2887.3
2887.3
2887.3
2887.3
2887.3
2887.3
2887.3
2887.3
2887.3
2887.3
2887.3
2887.3
2887.3
2887.3
2887.3
2887.3
2887.3
2887.4
2887.4
2887.4
2887.4
2887.4
2887.4
2887.4
2887.4
2887.4
2887.4
2887.4
2887.4
2887.4
2887.4
2887.4
2887.4
2887.4
2887.4
2887.4
2887.4
2887.4
2887.4
2887.4
2887.4
2887.4
2887.4
2887.4
2887.4
2887.4
2887.4
2887.4
2887.4
2887.4
2887.4
2887.4
2887.4
2887.4
2887.4
2887.4
2887.4
2887.4
2887.4
2887.4
2887.5
2887.5
2887.5
2887.5
2887.5
2887.5
2887.6
2887.6
2887.6
2887.6
2887.6
2887.7
2887.7
2887.7
2887.7
2887.7
2887.7
2887.8
2887.8
2887.8
2887.8
2887.8
2887.9
2887.9
2888.0
2888.0
2888.0
2888.1
2888.1
2888.1
2888.1
2888.2
2891.4
2891.4
2891.4
2891.4
2891.4
2891.4
2891.4
2891.4
2891.4
2891.4
2891.4
2891.4
2891.4
2891.4
2891.5
2891.5
2891.5
2891.5
2891.5
2891.5
2891.5
2891.5
2891.5
2891.5
2891.5
2891.5
2891.5
2891.5
2891.5
2891.5
2891.5
2891.5
2891.5
2891.5
2891.5
2891.5
2891.5
2891.5
2891.5
2891.5
2891.5
2891.5
2891.5
2891.5
2891.5
2891.5
2891.5
2891.5
2891.5
2891.5
2891.5
2891.5
2891.5
2891.5
2891.5
2891.5
2891.5
2891.5
2891.5
2891.6
2891.6
2891.6
2891.6
2891.6
2891.6
2891.6
2891.7
2891.7
2891.7
2891.7
2891.8
2891.8
2892.0
2892.0
2892.0
2892.1
2892.2
2892.2
2892.3
2892.3
2892.3
2892.5
2892.5
2892.5
2892.6
2892.6
2892.7
2892.7
2892.9
2892.9
2893.0
2893.1
2893.2
2893.3
2893.6
2893.6
2893.6
2893.8
2893.8
2893.9
2895.1
2895.1
2895.1
2895.1
2895.1
2895.1
2895.1
2895.1
2895.1
2895.1
2895.2
2895.2
2895.2
2895.2
2895.2
2895.2
2895.2
2895.2
2895.2
2895.2
2895.2
2895.2
2895.2
2895.2
2895.2
2895.2
2895.2
2895.2
2895.2
2895.2
2895.3
2895.3
2895.3
2895.3
2895.3
2895.3
2895.3
2895.3
2895.3
2895.3
2895.3
2895.3
2895.3
2895.3
2895.3
2895.3
2895.4
2895.4
2895.4
2895.4
2895.4
2895.4
2895.4
2895.4
2895.4
2895.5
2895.5
2895.5
2895.5
2895.5
2895.7
2895.7
2895.7
2895.8
2895.8
2895.8
2895.9
2895.9
2895.9
2896.0
2896.0
2896.1
2896.3
2896.3
2896.3
2896.6
2896.6
2896.8
2897.0
2897.0
2897.0
2897.1
2897.2
2897.2
2897.4
2897.5
2897.7
2897.8
2898.1
2898.2
2898.5
2898.7
2899.1
2899.1
2899.4
2899.6
2899.8
2899.8
2899.8
2899.8
2899.9
2899.9
2899.9
2899.9
2900.0
2900.0
2900.0
2900.0
2900.0
2900.0
2900.1
2900.1
2900.1
2900.1
2900.1
2900.1
2900.1
2900.1
2900.2
2900.2
2900.2
2900.2
2900.2
2900.2
2900.3
2900.3
2900.3
2900.3
2900.3
2900.3
2900.3
2900.4
2900.4
2900.4
2900.4
2900.4
2900.4
2900.4
2900.4
2900.4
2900.4
2900.4
2900.5
2900.5
2900.5
2900.5
2900.6
2900.6
2900.6
2900.6
2900.6
2900.7
2900.7
2900.7
2900.7
2900.7
2900.8
2900.8
2900.8
2900.9
2901.0
2901.2
2901.2
2901.3
2901.3
2901.3
2901.4
2901.6
2901.7
2901.8
2902.1
2902.1
2902.4
2902.4
2902.5
2902.9
2903.1
2903.5
2903.5
2903.7
2903.7
2903.8
2904.0
2904.2
2904.7
2905.3
2906.0
2906.2
2906.6
2906.8
2908.6
2908.6
2908.9
2908.9
2909.3
2909.4
2909.4
2909.5
2909.7
2909.7
2909.9
2910.0
2910.0
2910.1
2910.1
2910.2
2910.2
2910.2
2910.4
2910.4
2910.5
2910.5
2910.5
2910.7
2910.7
2910.7
2910.9
2911.1
2911.3
2911.3
2911.4
2911.4
2911.5
2911.5
2911.5
2911.5
2911.6
2911.6
2911.6
2911.7
2911.7
2911.8
2911.9
2912.0
2912.1
2912.1
2912.2
2912.2
2912.2
2912.3
2912.3
2912.5
2912.7
2912.9
2913.1
2913.1
2913.1
2913.2
2913.4
2913.4
2913.5
2913.7
2913.7
2913.8
2914.8
2915.3
2915.9
2916.0
2916.2
2916.4
2916.4
2916.4
2916.4
2916.5
2917.3
2917.5
2918.8
2920.7
2923.7
2926.1
2926.2
2926.7
2926.8
2928.8
2938.4
2939.1
2939.5
2939.5
2939.5
2939.5
2939.5
2939.5
2939.5
2939.5
2939.5
2939.5
2939.5
2939.5
2939.5
2939.6
2939.6
2939.6
2939.6
2939.6
2939.6
2939.6
2939.6
2939.6
2939.6
2939.6
2939.6
2939.6
2939.6
2939.6
2939.6
2939.6
2939.6
2939.6
2939.6
2939.6
2939.6
2939.6
2939.6
2939.6
2939.6
2939.6
2939.6
2939.6
2939.6
2939.6
2939.6
2939.6
2939.6
2939.6
2939.6
2939.6
2939.6
2939.6
2939.6
2939.6
2939.6
2939.6
2939.6
2939.6
2939.6
2939.6
2939.7
2939.7
2939.7
2939.7
2939.7
2939.7
2939.7
2939.7
2939.7
2939.7
2939.7
2939.7
2939.8
2939.8
2939.8
2939.8
2939.8
2939.8
2939.8
2939.8
2939.8
2939.9
2939.9
2939.9
2940.0
2940.0
2940.1
2940.1
2940.2
2940.4
2940.4
2940.4
2940.6
2940.6
2940.7
2940.7
2940.8
2940.9
2944.3
2945.9
2946.1
2946.1
2946.1
2946.1
2946.1
2946.1
2946.2
2946.2
2946.2
2946.2
2946.2
2946.2
2946.3
2946.3
2946.3
2946.3
2946.3
2946.3
2946.3
2946.3
2946.3
2946.3
2946.3
2946.4
2946.4
2946.4
2946.4
2946.4
2946.4
2946.4
2946.4
2946.4
2946.5
2946.5
2946.5
2946.5
2946.5
2946.5
2946.6
2946.6
2946.6
2946.6
2946.6
2946.6
2946.6
2946.6
2946.6
2946.6
2946.7
2946.7
2946.7
2946.7
2946.7
2946.7
2946.7
2946.7
2946.8
2946.8
2946.8
2946.8
2946.9
2946.9
2946.9
2946.9
2947.0
2947.0
2947.1
2947.1
2947.1
2947.1
2947.4
2947.4
2947.5
2947.5
2947.7
2947.7
2947.7
2948.2
2948.7
2949.0
2949.2
2949.2
2949.2
2949.2
2950.1
2950.2
2950.4
2950.6
2950.6
2951.4
2951.8
2951.9
2951.9
2951.9
2952.0
2952.0
2952.0
2952.0
2952.0
2952.0
2952.1
2952.1
2952.2
2952.2
2952.2
2952.2
2952.3
2952.3
2952.3
2952.3
2952.3
2952.4
2952.4
2952.4
2952.4
2952.4
2952.4
2952.4
2952.5
2952.5
2952.5
2952.5
2952.6
2952.6
2952.8
2952.8
2952.8
2952.9
2953.0
2953.0
2953.0
2953.1
2953.1
2953.1
2953.3
2953.3
2953.5
2953.5
2953.5
2953.6
2953.7
2953.7
2953.8
2953.8
2953.9
2953.9
2953.9
2954.0
2954.0
2954.0
2954.1
2954.2
2954.2
2954.3
2954.3
2954.3
2954.4
2954.7
2954.8
2955.0
2955.0
2955.0
2955.2
2955.2
2955.5
2955.5
2955.6
2955.8
2956.1
2956.4
2956.9
2957.0
2957.4
2957.4
2957.8
2957.9
2958.0
2958.1
2958.1
2958.4
2958.4
2958.5
2958.5
2958.5
2958.6
2958.7
2958.7
2958.7
2958.8
2958.8
2959.0
2959.2
2959.3
2959.5
2959.6
2959.6
2959.6
2959.7
2959.7
2959.7
2959.7
2959.8
2959.9
2959.9
2960.1
2960.1
2960.3
2960.9
2960.9
2960.9
2961.0
2961.2
2961.3
2961.3
2961.6
2961.7
2961.9
2961.9
2962.3
2962.3
2962.5
2962.8
2962.9
2963.1
2963.1
2963.1
2963.3
2963.4
2963.5
2963.6
2963.9
2963.9
2964.0
2964.1
2964.3
2964.7
2965.0
2965.2
2965.2
2965.2
2965.3
2965.5
2965.9
2966.4
2967.3
2967.5
2968.2
2968.8
2969.0
2969.4
2971.7
2971.9
2972.4
2976.5
2978.2
2978.3
2979.3
2983.3
2993.5
