426.2
426.2
426.2
426.2
426.2
426.2
426.2
426.2
426.2
426.2
426.2
426.2
426.2
426.2
426.2
426.2
426.2
426.2
426.2
426.2
426.3
426.3
426.3
426.3
426.3
426.3
426.3
426.3
426.3
426.3
426.3
426.3
426.3
426.3
426.3
426.3
426.3
426.3
426.3
426.3
426.3
426.3
426.3
426.3
426.3
426.4
426.4
426.4
426.4
426.4
426.4
426.4
426.4
426.4
426.4
426.4
426.4
426.4
426.4
426.4
426.4
426.4
426.4
426.4
426.4
426.4
426.4
426.4
426.4
426.5
426.5
426.5
426.5
426.5
426.5
426.5
426.5
426.6
426.6
426.8
426.8
426.8
426.8
426.9
427.0
427.0
427.0
427.0
427.0
427.0
427.1
427.2
427.2
427.3
427.4
427.5
427.5
427.5
427.5
427.8
432.7
432.7
432.8
432.8
432.8
432.8
432.9
432.9
432.9
432.9
432.9
432.9
432.9
433.0
433.0
433.0
433.0
433.0
433.0
433.0
433.0
433.0
433.0
433.0
433.0
433.0
433.0
433.0
433.0
433.1
433.1
433.1
433.1
433.1
433.2
433.2
433.2
433.3
433.3
433.3
433.3
433.3
433.4
433.4
433.4
433.4
433.4
433.4
433.4
433.5
433.5
433.5
433.5
433.5
433.5
433.5
433.5
433.6
433.6
433.6
433.6
433.7
433.7
433.8
433.8
433.8
433.8
433.9
434.0
434.1
434.1
434.1
434.2
434.3
434.3
434.4
434.4
434.8
434.9
436.2
436.2
436.2
436.4
437.2
437.2
437.2
437.3
437.4
437.5
438.0
438.0
438.1
438.2
438.2
438.3
438.3
438.3
438.3
438.3
438.3
438.3
438.3
438.4
438.4
438.4
438.4
438.4
438.5
438.5
438.5
438.5
438.5
438.5
438.6
438.6
438.6
438.6
438.6
438.7
438.7
438.7
438.7
438.8
438.8
438.8
438.8
438.9
438.9
438.9
438.9
438.9
439.0
439.0
439.0
439.1
439.2
439.2
439.2
439.3
439.3
439.3
439.4
439.4
439.4
439.5
439.5
439.6
439.6
439.7
439.7
439.7
439.8
439.8
439.8
439.8
440.0
440.0
440.1
440.1
440.1
440.2
440.3
440.3
440.3
440.4
440.5
440.6
440.7
440.8
441.1
441.3
441.3
441.3
441.5
441.6
441.7
442.0
442.3
443.1
443.8
443.9
443.9
444.0
444.1
444.1
444.1
444.2
444.2
444.2
444.2
444.2
444.4
444.4
444.4
444.5
444.5
444.6
444.6
444.7
444.8
444.8
444.8
444.8
445.0
445.0
445.0
445.0
445.1
445.1
445.1
445.3
445.3
445.3
445.3
445.4
445.4
445.5
445.5
445.6
445.6
445.7
445.7
445.7
445.8
445.8
446.2
446.2
446.3
446.4
446.5
446.5
446.5
446.6
446.6
446.7
446.9
446.9
447.0
447.0
447.1
447.1
447.3
447.3
447.4
447.6
447.8
447.9
448.0
448.4
448.5
448.6
448.6
448.6
448.9
449.1
450.2
450.7
451.3
451.4
451.6
451.8
452.2
452.6
452.8
452.9
453.2
454.0
454.7
454.9
455.6
456.1
457.2
457.7
458.0
458.2
458.3
458.9
459.1
461.2
462.1
462.4
462.7
463.7
463.8
463.8
463.9
464.0
464.8
466.5
467.1
467.4
469.5
470.1
471.7
481.4
481.8
483.6
492.6
586.0
586.0
586.0
586.1
586.1
586.1
586.1
586.1
586.1
586.1
586.1
586.1
586.1
586.1
586.1
586.1
586.1
586.1
586.1
586.1
586.1
586.1
586.1
586.1
586.1
586.1
586.1
586.1
586.1
586.1
586.1
586.1
586.1
586.1
586.1
586.2
586.2
586.2
586.2
586.2
586.2
586.2
586.2
586.2
586.2
586.2
586.2
586.2
586.2
586.2
586.2
586.2
586.2
586.2
586.2
586.2
586.2
586.3
586.3
586.3
586.3
586.3
586.3
586.3
586.3
586.3
586.3
586.3
586.3
586.3
586.3
586.3
586.3
586.3
586.4
586.4
586.4
586.4
586.5
586.7
586.7
586.7
586.7
586.8
586.8
586.8
586.9
586.9
586.9
586.9
587.0
587.1
587.1
587.2
587.3
587.4
587.4
587.4
587.5
587.7
592.4
592.4
592.5
592.5
592.5
592.5
592.5
592.6
592.6
592.6
592.6
592.6
592.6
592.7
592.7
592.7
592.7
592.7
592.7
592.7
592.7
592.7
592.7
592.7
592.7
592.7
592.7
592.7
592.7
592.8
592.8
592.8
592.8
592.8
592.9
592.9
592.9
593.0
593.0
593.0
593.0
593.0
593.1
593.1
593.1
593.1
593.1
593.1
593.1
593.2
593.2
593.2
593.2
593.2
593.2
593.2
593.2
593.3
593.3
593.3
593.3
593.4
593.4
593.4
593.4
593.4
593.5
593.6
593.7
593.7
593.8
593.8
593.9
593.9
594.0
594.1
594.1
594.5
594.6
595.8
595.9
595.9
596.1
596.8
596.9
597.0
597.5
597.6
597.7
597.8
598.4
600.1
600.2
600.8
602.4
604.2
604.5
605.5
605.6
607.0
607.1
607.3
607.4
607.5
607.6
607.7
607.7
607.7
607.7
607.8
607.8
607.8
607.8
607.9
607.9
607.9
607.9
607.9
608.0
608.0
608.1
608.1
608.2
608.2
608.2
608.2
608.5
608.5
608.7
608.7
609.0
609.0
609.2
609.2
609.2
609.8
610.1
610.4
610.6
611.0
611.1
611.1
611.1
611.3
611.4
611.4
611.8
612.4
613.0
613.0
613.2
613.6
613.8
613.9
614.0
614.5
614.7
614.8
615.5
615.5
615.5
615.6
615.7
616.2
616.6
616.7
616.8
617.3
617.3
617.4
617.5
617.7
617.7
617.8
618.0
618.0
618.2
618.4
618.4
618.5
618.5
618.7
619.5
619.5
619.8
619.9
620.0
620.1
620.2
620.3
620.3
620.7
620.8
621.3
621.3
622.7
623.4
625.0
626.1
626.4
626.5
627.0
629.9
634.1
634.4
641.3
648.6
705.0
705.0
705.0
705.0
705.0
705.0
705.0
705.0
705.0
705.0
705.0
705.0
705.1
705.1
705.1
705.1
705.1
705.1
705.1
705.1
705.1
705.1
705.1
705.1
705.1
705.1
705.1
705.1
705.1
705.1
705.1
705.1
705.1
705.1
705.1
705.1
705.1
705.1
705.1
705.1
705.1
705.1
705.1
705.1
705.1
705.1
705.1
705.1
705.1
705.1
705.1
705.1
705.2
705.2
705.2
705.2
705.2
705.2
705.2
705.2
705.2
705.2
705.2
705.2
705.2
705.2
705.2
705.2
705.2
705.2
705.2
705.2
705.3
705.3
705.3
705.3
705.3
705.4
705.4
705.5
705.5
705.5
705.6
705.6
705.7
705.7
705.7
705.7
705.7
705.7
705.8
705.9
705.9
706.0
706.1
706.1
706.1
706.2
706.2
706.5
711.7
711.8
711.8
711.8
711.9
711.9
711.9
711.9
711.9
711.9
711.9
711.9
711.9
712.0
712.0
712.0
712.0
712.0
712.0
712.0
712.0
712.0
712.0
712.0
712.0
712.0
712.0
712.1
712.1
712.1
712.1
712.1
712.1
712.1
712.2
712.2
712.2
712.3
712.3
712.3
712.3
712.3
712.4
712.4
712.4
712.4
712.4
712.4
712.4
712.5
712.5
712.5
712.5
712.5
712.5
712.5
712.5
712.5
712.6
712.6
712.6
712.6
712.7
712.7
712.8
712.8
712.8
712.9
713.1
713.1
713.1
713.1
713.2
713.3
713.4
713.4
713.4
713.8
713.9
715.2
715.2
715.3
715.5
716.2
716.2
716.3
716.7
716.9
717.0
717.0
717.6
718.1
718.1
718.3
718.4
718.4
718.4
718.4
718.4
718.4
718.5
718.5
718.5
718.6
718.6
718.6
718.6
718.6
718.6
718.7
718.7
718.8
718.8
718.8
718.8
718.8
718.8
718.9
718.9
718.9
718.9
718.9
718.9
719.1
719.1
719.1
719.2
719.2
719.3
719.3
719.4
719.4
719.5
719.5
719.6
719.9
719.9
719.9
720.0
720.1
720.1
720.1
720.1
720.2
720.4
720.4
720.5
720.7
720.7
720.7
720.8
720.9
721.0
721.0
721.2
721.4
721.6
721.7
721.9
722.0
722.2
722.3
722.3
722.3
722.4
722.6
723.3
723.8
723.8
724.2
724.2
724.2
724.2
724.5
724.6
724.7
724.7
725.2
725.2
725.3
725.4
725.4
725.5
725.6
725.8
725.8
725.8
725.9
726.0
726.0
726.1
726.2
726.3
726.4
726.5
726.6
726.6
726.6
726.7
726.7
726.7
726.9
726.9
727.0
727.1
727.6
727.7
727.9
728.1
728.1
728.1
728.5
729.0
729.0
729.1
729.2
729.4
730.2
730.7
730.7
732.9
733.3
733.4
733.8
734.6
735.3
735.5
737.1
739.8
740.1
742.6
743.2
746.3
752.5
754.1
755.6
755.6
755.7
755.7
755.7
755.7
755.8
755.8
755.8
755.8
755.8
755.8
755.8
755.8
755.8
755.9
755.9
755.9
755.9
755.9
755.9
755.9
755.9
755.9
755.9
755.9
755.9
755.9
755.9
755.9
755.9
755.9
755.9
755.9
755.9
755.9
755.9
756.0
756.0
756.0
756.0
756.0
756.0
756.0
756.0
756.0
756.0
756.0
756.0
756.0
756.0
756.0
756.0
756.0
756.0
756.0
756.0
756.0
756.1
756.1
756.1
756.1
756.1
756.1
756.1
756.1
756.1
756.2
756.2
756.2
756.2
756.2
756.2
756.2
756.3
756.3
756.3
756.3
756.3
756.4
756.4
756.5
756.5
756.5
756.5
756.6
756.6
756.7
756.7
756.7
756.7
756.8
756.9
756.9
757.1
757.1
757.2
757.3
757.3
759.1
761.5
761.6
761.7
761.7
761.7
761.8
761.8
761.8
761.8
761.8
761.8
761.8
761.8
761.8
761.8
761.8
761.9
761.9
761.9
761.9
761.9
761.9
761.9
762.0
762.0
762.1
762.1
762.1
762.1
762.1
762.1
762.1
762.1
762.2
762.2
762.3
762.3
762.3
762.3
762.3
762.3
762.3
762.3
762.3
762.4
762.4
762.4
762.4
762.5
762.5
762.5
762.5
762.5
762.5
762.6
762.6
762.6
762.6
762.6
762.7
762.7
762.7
762.7
762.7
762.8
762.8
762.8
762.8
762.8
763.0
763.0
763.1
763.3
763.3
763.3
763.4
763.4
763.4
763.6
763.6
763.7
763.7
763.8
763.9
764.3
764.4
764.4
764.5
764.5
764.5
764.5
764.7
764.9
764.9
765.1
765.3
765.4
765.9
766.1
766.8
767.1
767.1
767.3
767.3
767.3
767.4
767.5
767.6
767.6
767.6
767.6
767.6
767.7
767.7
767.8
767.8
767.8
767.9
767.9
767.9
768.0
768.0
768.1
768.1
768.2
768.4
768.5
768.8
768.8
769.2
769.2
769.3
769.4
769.7
769.8
769.8
769.8
769.9
770.4
770.5
770.7
770.8
770.8
771.0
771.0
771.0
771.2
771.3
771.4
771.5
772.0
772.1
772.3
772.5
772.6
772.7
773.0
773.1
773.2
773.3
773.7
773.8
773.8
774.0
774.3
774.4
774.7
774.8
774.9
774.9
775.0
775.1
775.2
775.2
775.3
775.3
775.4
775.6
775.8
775.8
776.0
776.0
776.1
776.6
777.2
777.5
777.7
778.0
778.0
778.1
778.3
778.7
779.2
779.3
779.7
779.7
779.8
779.9
780.1
780.1
780.3
780.3
781.7
782.4
783.0
783.4
785.5
785.7
785.8
785.8
787.7
790.0
791.1
794.2
794.3
797.6
800.0
803.7
806.4
817.3
869.4
869.4
869.4
869.4
869.4
869.4
869.4
869.4
869.4
869.4
869.4
869.4
869.4
869.4
869.4
869.4
869.4
869.4
869.5
869.5
869.5
869.5
869.5
869.5
869.5
869.5
869.5
869.5
869.5
869.5
869.5
869.5
869.5
869.5
869.5
869.5
869.5
869.5
869.5
869.5
869.5
869.5
869.5
869.5
869.5
869.5
869.5
869.5
869.5
869.5
869.5
869.5
869.5
869.5
869.5
869.5
869.5
869.5
869.5
869.6
869.6
869.6
869.6
869.6
869.6
869.6
869.6
869.6
869.6
869.6
869.6
869.6
869.6
869.7
869.7
869.7
869.7
869.7
869.7
869.9
869.9
869.9
869.9
870.0
870.0
870.0
870.1
870.1
870.1
870.1
870.2
870.3
870.3
870.3
870.4
870.5
870.5
870.6
870.6
870.8
876.1
876.2
876.2
876.2
876.3
876.3
876.3
876.3
876.3
876.3
876.3
876.3
876.3
876.4
876.4
876.4
876.4
876.4
876.4
876.4
876.4
876.4
876.4
876.4
876.5
876.5
876.5
876.5
876.5
876.5
876.5
876.5
876.5
876.6
876.6
876.6
876.7
876.7
876.7
876.7
876.7
876.7
876.8
876.8
876.8
876.8
876.8
876.8
876.8
876.9
876.9
876.9
876.9
876.9
876.9
876.9
876.9
877.0
877.0
877.0
877.0
877.1
877.1
877.2
877.2
877.2
877.2
877.3
877.5
877.5
877.5
877.5
877.6
877.7
877.8
877.8
877.9
878.2
878.3
879.6
879.6
879.7
879.9
880.6
880.7
880.8
881.3
881.4
881.5
881.6
882.3
884.1
884.2
884.9
886.6
888.6
889.1
890.7
891.1
934.0
934.0
934.0
934.0
934.0
934.0
934.0
934.0
934.0
934.0
934.0
934.0
934.0
934.0
934.0
934.0
934.0
934.0
934.0
934.0
934.0
934.0
934.0
934.0
934.0
934.0
934.0
934.0
934.0
934.0
934.0
934.0
934.1
934.1
934.1
934.1
934.1
934.1
934.1
934.1
934.1
934.1
934.1
934.1
934.1
934.1
934.1
934.1
934.1
934.1
934.1
934.1
934.1
934.1
934.1
934.1
934.1
934.1
934.2
934.2
934.2
934.2
934.2
934.2
934.2
934.2
934.2
934.2
934.2
934.2
934.2
934.2
934.2
934.3
934.3
934.3
934.3
934.3
934.4
934.6
934.6
934.6
934.6
934.7
934.7
934.7
934.7
934.7
934.8
934.8
934.8
935.0
935.0
935.0
935.1
935.2
935.2
935.3
935.3
935.3
940.5
940.6
940.6
940.7
940.7
940.7
940.7
940.7
940.7
940.7
940.7
940.7
940.8
940.8
940.8
940.8
940.8
940.8
940.8
940.8
940.8
940.8
940.8
940.8
940.9
940.9
940.9
940.9
940.9
940.9
940.9
940.9
940.9
940.9
941.1
941.1
941.1
941.1
941.1
941.1
941.1
941.2
941.2
941.2
941.2
941.2
941.2
941.2
941.2
941.3
941.3
941.3
941.3
941.3
941.3
941.3
941.3
941.4
941.4
941.4
941.4
941.5
941.5
941.6
941.6
941.6
941.6
941.7
941.7
941.8
941.9
941.9
941.9
942.0
942.0
942.1
942.2
942.2
942.6
942.8
942.9
943.3
943.3
943.4
943.6
943.6
943.7
943.9
943.9
944.0
944.2
944.3
944.3
944.4
944.4
944.6
944.8
944.8
944.8
944.9
945.0
945.0
945.0
945.0
945.0
945.1
945.2
945.2
945.2
945.2
945.2
945.2
945.3
945.3
945.3
945.4
945.4
945.4
945.4
945.4
945.4
945.4
945.5
945.5
945.5
945.5
945.5
945.5
945.5
945.5
945.6
945.6
945.6
945.6
945.6
945.6
945.6
945.6
945.7
945.7
945.8
945.8
945.8
945.9
945.9
945.9
945.9
946.0
946.0
946.0
946.0
946.0
946.0
946.1
946.2
946.2
946.3
946.5
946.5
946.7
946.7
946.7
946.8
946.8
947.0
947.4
947.5
947.6
947.7
947.7
948.0
948.2
948.3
948.3
948.6
948.7
949.2
949.4
950.2
950.9
951.0
951.1
951.2
951.4
951.5
951.5
951.5
951.6
951.8
951.8
951.9
951.9
952.0
952.0
952.0
952.1
952.2
952.2
952.3
952.3
952.4
952.4
952.5
952.6
952.6
952.6
952.7
952.8
952.8
952.8
952.9
953.0
953.0
953.0
953.0
953.2
953.2
953.2
953.3
953.4
953.4
953.5
953.5
953.5
953.6
953.6
953.8
953.8
953.9
954.0
954.0
954.0
954.0
954.0
954.1
954.3
954.3
954.4
954.4
954.4
954.5
955.0
955.1
955.2
955.3
955.4
955.6
955.7
955.9
956.2
956.5
957.0
957.1
957.1
957.5
958.0
959.2
960.1
961.0
961.1
961.4
961.5
961.6
963.0
963.1
963.8
964.5
969.2
971.7
971.7
975.0
980.0
983.8
986.0
992.8
1047.0
1047.0
1047.1
1047.1
1047.1
1047.1
1047.1
1047.1
1047.1
1047.1
1047.1
1047.1
1047.1
1047.1
1047.1
1047.1
1047.1
1047.1
1047.1
1047.1
1047.1
1047.1
1047.1
1047.1
1047.1
1047.1
1047.1
1047.1
1047.1
1047.1
1047.1
1047.1
1047.1
1047.1
1047.1
1047.1
1047.1
1047.1
1047.1
1047.1
1047.1
1047.1
1047.1
1047.1
1047.1
1047.1
1047.1
1047.1
1047.2
1047.2
1047.2
1047.2
1047.2
1047.2
1047.2
1047.2
1047.2
1047.2
1047.2
1047.2
1047.2
1047.2
1047.2
1047.2
1047.2
1047.2
1047.2
1047.2
1047.3
1047.3
1047.3
1047.3
1047.3
1047.3
1047.3
1047.3
1047.3
1047.4
1047.4
1047.5
1047.5
1047.5
1047.6
1047.6
1047.7
1047.7
1047.7
1047.7
1047.7
1047.7
1047.8
1047.9
1047.9
1048.0
1048.1
1048.1
1048.2
1048.2
1048.2
1048.5
1053.8
1053.8
1053.9
1053.9
1053.9
1053.9
1053.9
1053.9
1053.9
1053.9
1054.0
1054.0
1054.0
1054.0
1054.0
1054.0
1054.0
1054.0
1054.0
1054.1
1054.1
1054.1
1054.1
1054.1
1054.1
1054.1
1054.1
1054.1
1054.1
1054.1
1054.1
1054.2
1054.2
1054.2
1054.2
1054.3
1054.3
1054.3
1054.3
1054.3
1054.4
1054.4
1054.4
1054.4
1054.4
1054.4
1054.4
1054.4
1054.4
1054.5
1054.5
1054.5
1054.5
1054.5
1054.5
1054.5
1054.6
1054.6
1054.6
1054.6
1054.7
1054.7
1054.7
1054.8
1054.8
1054.8
1054.9
1054.9
1055.1
1055.1
1055.1
1055.2
1055.3
1055.3
1055.4
1055.4
1055.5
1055.9
1056.0
1057.2
1057.3
1057.3
1057.6
1058.2
1058.3
1058.4
1058.9
1059.0
1059.1
1059.2
1059.9
1061.8
1061.8
1062.4
1064.2
1066.3
1066.7
1068.4
1068.7
1208.7
1208.7
1208.7
1208.7
1208.7
1208.7
1208.7
1208.7
1208.7
1208.7
1208.7
1208.7
1208.7
1208.7
1208.7
1208.7
1208.7
1208.7
1208.7
1208.7
1208.7
1208.7
1208.7
1208.7
1208.7
1208.7
1208.7
1208.7
1208.7
1208.7
1208.7
1208.7
1208.7
1208.7
1208.7
1208.7
1208.7
1208.7
1208.7
1208.8
1208.8
1208.8
1208.8
1208.8
1208.8
1208.8
1208.8
1208.8
1208.8
1208.8
1208.8
1208.8
1208.8
1208.8
1208.8
1208.8
1208.8
1208.8
1208.8
1208.8
1208.8
1208.8
1208.8
1208.8
1208.8
1208.8
1208.8
1208.8
1208.9
1208.9
1208.9
1208.9
1208.9
1208.9
1208.9
1208.9
1208.9
1209.0
1209.0
1209.1
1209.2
1209.2
1209.2
1209.3
1209.3
1209.3
1209.3
1209.3
1209.3
1209.4
1209.4
1209.5
1209.5
1209.6
1209.7
1209.8
1209.8
1209.8
1209.8
1210.1
1215.4
1215.4
1215.5
1215.5
1215.5
1215.5
1215.5
1215.6
1215.6
1215.6
1215.6
1215.6
1215.6
1215.6
1215.6
1215.6
1215.6
1215.7
1215.7
1215.7
1215.7
1215.7
1215.7
1215.7
1215.7
1215.7
1215.7
1215.7
1215.7
1215.8
1215.8
1215.8
1215.8
1215.8
1215.9
1215.9
1215.9
1215.9
1215.9
1216.0
1216.0
1216.0
1216.0
1216.0
1216.0
1216.1
1216.1
1216.1
1216.1
1216.1
1216.1
1216.1
1216.1
1216.2
1216.2
1216.2
1216.2
1216.2
1216.2
1216.3
1216.3
1216.3
1216.3
1216.4
1216.4
1216.4
1216.5
1216.6
1216.7
1216.7
1216.7
1216.8
1216.9
1216.9
1217.0
1217.1
1217.1
1217.5
1217.6
1218.8
1218.9
1219.0
1219.2
1219.8
1219.9
1220.1
1220.5
1220.7
1220.7
1220.9
1221.5
1223.2
1223.3
1224.1
1224.8
1225.1
1225.1
1225.2
1225.2
1225.2
1225.2
1225.3
1225.3
1225.3
1225.3
1225.4
1225.4
1225.4
1225.4
1225.5
1225.5
1225.5
1225.5
1225.5
1225.5
1225.5
1225.5
1225.6
1225.6
1225.6
1225.6
1225.6
1225.7
1225.7
1225.7
1225.7
1225.8
1225.8
1225.8
1226.1
1226.1
1226.3
1226.3
1226.3
1226.5
1226.7
1226.9
1227.0
1227.1
1227.1
1227.1
1227.1
1227.3
1227.4
1227.5
1228.0
1228.0
1228.1
1228.1
1228.1
1228.4
1228.4
1228.6
1228.7
1228.8
1228.9
1229.3
1229.3
1229.3
1229.4
1229.4
1229.5
1229.9
1230.2
1230.3
1230.3
1230.4
1230.5
1230.5
1230.5
1230.6
1230.8
1231.0
1231.1
1231.2
1231.2
1231.3
1231.4
1231.5
1231.6
1231.6
1231.7
1231.8
1231.9
1231.9
1231.9
1232.0
1232.0
1232.2
1232.3
1232.3
1232.4
1232.5
1232.6
1232.6
1232.7
1232.8
1232.8
1233.0
1233.1
1233.2
1233.2
1233.3
1233.5
1233.5
1233.5
1233.7
1233.7
1233.7
1234.0
1234.0
1234.3
1234.8
1234.9
1235.0
1235.1
1235.2
1235.2
1235.3
1235.3
1235.3
1235.4
1235.8
1236.0
1236.0
1236.2
1236.8
1237.0
1237.1
1237.1
1237.4
1237.6
1238.0
1238.8
1238.9
1239.3
1239.5
1239.6
1239.8
1240.1
1241.4
1242.2
1242.6
1242.7
1243.1
1243.3
1243.4
1244.0
1244.1
1245.7
1245.8
1246.2
1246.4
1246.6
1247.0
1247.1
1247.3
1248.0
1248.0
1248.3
1248.4
1248.7
1249.1
1249.4
1250.9
1251.1
1251.5
1251.8
1255.5
1257.0
1258.1
1259.5
1260.4
1270.7
1276.1
1277.0
1304.5
1376.0
1376.0
1376.0
1376.0
1376.0
1376.0
1376.0
1376.0
1376.0
1376.0
1376.0
1376.0
1376.0
1376.0
1376.0
1376.0
1376.0
1376.0
1376.0
1376.0
1376.0
1376.0
1376.0
1376.0
1376.0
1376.0
1376.0
1376.0
1376.0
1376.0
1376.0
1376.0
1376.0
1376.0
1376.0
1376.0
1376.1
1376.1
1376.1
1376.1
1376.1
1376.1
1376.1
1376.1
1376.1
1376.1
1376.1
1376.1
1376.1
1376.1
1376.1
1376.1
1376.1
1376.1
1376.1
1376.1
1376.1
1376.1
1376.1
1376.1
1376.1
1376.1
1376.1
1376.1
1376.1
1376.1
1376.1
1376.2
1376.2
1376.2
1376.2
1376.2
1376.2
1376.2
1376.2
1376.2
1376.2
1376.3
1376.3
1376.5
1376.5
1376.5
1376.5
1376.6
1376.6
1376.6
1376.6
1376.6
1376.7
1376.7
1376.7
1376.9
1376.9
1376.9
1377.0
1377.1
1377.1
1377.1
1377.1
1377.4
1382.7
1382.7
1382.8
1382.8
1382.8
1382.8
1382.9
1382.9
1382.9
1382.9
1382.9
1382.9
1382.9
1382.9
1383.0
1383.0
1383.0
1383.0
1383.0
1383.0
1383.0
1383.0
1383.0
1383.0
1383.0
1383.0
1383.0
1383.0
1383.0
1383.1
1383.1
1383.1
1383.1
1383.1
1383.2
1383.2
1383.2
1383.2
1383.2
1383.3
1383.3
1383.3
1383.3
1383.3
1383.3
1383.4
1383.4
1383.4
1383.4
1383.4
1383.4
1383.4
1383.5
1383.5
1383.5
1383.5
1383.5
1383.5
1383.5
1383.6
1383.6
1383.6
1383.7
1383.7
1383.7
1383.7
1383.8
1383.9
1384.0
1384.0
1384.1
1384.1
1384.2
1384.2
1384.3
1384.4
1384.4
1384.8
1384.9
1386.1
1386.2
1386.3
1386.5
1387.1
1387.2
1387.4
1387.8
1388.0
1388.1
1388.2
1388.8
1390.7
1390.7
1391.4
1393.1
1395.1
1395.5
1396.6
1396.9
1399.6
1399.9
1399.9
1399.9
1399.9
1400.0
1400.2
1400.3
1400.4
1400.4
1400.4
1400.6
1400.6
1400.7
1400.7
1400.9
1400.9
1400.9
1401.0
1401.0
1401.0
1401.0
1401.0
1401.2
1401.2
1401.2
1401.2
1401.3
1401.3
1401.3
1401.3
1401.3
1401.4
1401.4
1401.4
1401.4
1401.4
1401.4
1401.5
1401.5
1401.5
1401.6
1401.6
1401.7
1401.7
1401.7
1401.7
1401.7
1401.8
1401.8
1401.8
1401.9
1401.9
1402.0
1402.0
1402.2
1402.3
1402.3
1402.3
1402.4
1402.5
1402.5
1402.6
1402.7
1402.7
1402.7
1402.8
1402.9
1403.4
1403.4
1403.4
1403.5
1403.7
1403.7
1403.8
1403.9
1404.1
1404.1
1404.1
1404.6
1404.8
1404.9
1404.9
1405.7
1406.1
1406.5
1406.6
1407.4
1407.9
1408.6
1410.9
1411.9
1412.7
1414.7
1417.0
1417.2
1417.9
1418.5
1418.8
1419.2
1420.0
1420.9
1421.4
1422.5
1423.2
1423.6
1423.8
1424.2
1424.3
1424.5
1426.7
1427.3
1428.7
1428.9
1430.5
1433.1
1439.2
1544.4
1544.4
1544.4
1544.4
1544.4
1544.4
1544.4
1544.4
1544.4
1544.4
1544.4
1544.4
1544.4
1544.4
1544.4
1544.4
1544.4
1544.4
1544.4
1544.4
1544.4
1544.4
1544.4
1544.4
1544.4
1544.4
1544.4
1544.4
1544.4
1544.4
1544.4
1544.4
1544.4
1544.4
1544.4
1544.4
1544.5
1544.5
1544.5
1544.5
1544.5
1544.5
1544.5
1544.5
1544.5
1544.5
1544.5
1544.5
1544.5
1544.5
1544.5
1544.5
1544.5
1544.5
1544.5
1544.5
1544.5
1544.5
1544.5
1544.5
1544.5
1544.5
1544.5
1544.5
1544.5
1544.5
1544.5
1544.6
1544.6
1544.6
1544.6
1544.6
1544.6
1544.6
1544.6
1544.6
1544.6
1544.7
1544.7
1544.9
1544.9
1544.9
1544.9
1545.0
1545.0
1545.0
1545.0
1545.0
1545.1
1545.1
1545.1
1545.3
1545.3
1545.3
1545.4
1545.5
1545.5
1545.5
1545.5
1545.8
1551.1
1551.1
1551.2
1551.2
1551.2
1551.2
1551.3
1551.3
1551.3
1551.3
1551.3
1551.3
1551.3
1551.3
1551.4
1551.4
1551.4
1551.4
1551.4
1551.4
1551.4
1551.4
1551.4
1551.4
1551.4
1551.4
1551.4
1551.4
1551.4
1551.5
1551.5
1551.5
1551.5
1551.5
1551.6
1551.6
1551.6
1551.6
1551.6
1551.7
1551.7
1551.7
1551.7
1551.7
1551.8
1551.8
1551.8
1551.8
1551.8
1551.8
1551.8
1551.8
1551.9
1551.9
1551.9
1551.9
1551.9
1551.9
1551.9
1552.0
1552.0
1552.0
1552.1
1552.1
1552.1
1552.1
1552.2
1552.3
1552.4
1552.4
1552.5
1552.5
1552.6
1552.6
1552.7
1552.8
1552.8
1553.2
1553.3
1554.5
1554.6
1554.7
1554.9
1555.5
1555.6
1555.8
1556.2
1556.4
1556.5
1556.6
1557.2
1558.6
1558.7
1559.6
1559.6
1559.6
1559.6
1559.7
1559.7
1559.7
1559.7
1559.7
1559.8
1559.8
1559.9
1559.9
1559.9
1560.0
1560.0
1560.0
1560.0
1560.1
1560.1
1560.1
1560.1
1560.2
1560.2
1560.2
1560.2
1560.2
1560.2
1560.3
1560.3
1560.4
1560.4
1560.4
1560.4
1560.5
1560.5
1560.6
1560.6
1560.6
1560.6
1560.6
1560.7
1560.7
1560.8
1560.8
1560.9
1560.9
1560.9
1560.9
1561.0
1561.0
1561.1
1561.1
1561.1
1561.1
1561.2
1561.3
1561.4
1561.5
1561.5
1561.5
1561.5
1561.6
1561.6
1561.6
1561.7
1561.8
1562.0
1562.0
1562.0
1562.0
1562.1
1562.4
1562.6
1562.6
1562.8
1562.9
1563.3
1563.6
1563.6
1563.8
1564.2
1564.8
1565.3
1565.3
1567.2
1567.3
1567.6
1567.7
1567.7
1567.8
1567.9
1567.9
1568.0
1568.0
1568.2
1568.2
1568.3
1568.4
1568.6
1568.7
1569.1
1569.1
1569.3
1569.4
1569.5
1569.7
1569.9
1569.9
1570.1
1570.1
1570.1
1570.3
1570.3
1570.4
1570.5
1570.9
1570.9
1571.2
1571.2
1571.4
1571.7
1571.8
1572.0
1572.3
1572.4
1572.7
1572.9
1573.1
1573.1
1573.1
1573.3
1573.7
1573.7
1573.7
1573.8
1573.9
1574.0
1574.0
1574.2
1574.4
1574.6
1574.7
1575.5
1575.6
1576.0
1576.2
1576.6
1576.7
1576.9
1577.0
1577.5
1577.7
1578.1
1578.7
1579.7
1580.0
1581.4
1581.9
1582.3
1582.9
1586.8
1587.0
1587.9
1590.0
1593.5
1596.8
1603.1
1712.7
1712.7
1712.7
1712.7
1712.7
1712.7
1712.7
1712.7
1712.7
1712.7
1712.7
1712.7
1712.7
1712.7
1712.7
1712.7
1712.7
1712.7
1712.7
1712.7
1712.7
1712.7
1712.7
1712.7
1712.7
1712.7
1712.7
1712.7
1712.7
1712.7
1712.7
1712.7
1712.7
1712.7
1712.7
1712.7
1712.8
1712.8
1712.8
1712.8
1712.8
1712.8
1712.8
1712.8
1712.8
1712.8
1712.8
1712.8
1712.8
1712.8
1712.8
1712.8
1712.8
1712.8
1712.8
1712.8
1712.8
1712.8
1712.8
1712.8
1712.8
1712.8
1712.8
1712.8
1712.8
1712.8
1712.8
1712.9
1712.9
1712.9
1712.9
1712.9
1712.9
1712.9
1712.9
1712.9
1712.9
1713.0
1713.0
1713.2
1713.2
1713.2
1713.2
1713.3
1713.3
1713.3
1713.3
1713.3
1713.4
1713.4
1713.4
1713.6
1713.6
1713.6
1713.7
1713.8
1713.8
1713.8
1713.8
1714.1
1719.4
1719.4
1719.5
1719.5
1719.5
1719.5
1719.6
1719.6
1719.6
1719.6
1719.6
1719.6
1719.6
1719.6
1719.7
1719.7
1719.7
1719.7
1719.7
1719.7
1719.7
1719.7
1719.7
1719.7
1719.7
1719.7
1719.7
1719.7
1719.7
1719.8
1719.8
1719.8
1719.8
1719.8
1719.9
1719.9
1719.9
1719.9
1719.9
1720.0
1720.0
1720.0
1720.0
1720.0
1720.1
1720.1
1720.1
1720.1
1720.1
1720.1
1720.1
1720.1
1720.2
1720.2
1720.2
1720.2
1720.2
1720.2
1720.2
1720.3
1720.3
1720.3
1720.4
1720.4
1720.4
1720.4
1720.5
1720.6
1720.7
1720.7
1720.8
1720.8
1720.9
1720.9
1721.0
1721.1
1721.1
1721.5
1721.6
1722.8
1722.9
1723.0
1723.2
1723.8
1723.9
1724.1
1724.5
1724.7
1724.8
1724.9
1725.5
1727.0
1727.1
1728.1
1729.0
1729.2
1729.3
1729.6
1729.7
1730.3
1730.5
1730.8
1730.9
1731.0
1731.1
1731.2
1731.2
1731.3
1731.3
1731.4
1731.4
1731.4
1731.4
1731.5
1731.5
1731.8
1731.8
1731.9
1732.0
1732.0
1732.2
1732.2
1732.3
1732.3
1732.3
1732.4
1732.9
1733.1
1733.2
1733.2
1733.4
1733.6
1734.2
1734.4
1734.4
1734.8
1735.0
1735.0
1735.1
1735.1
1735.1
1735.2
1735.3
1735.3
1735.5
1735.5
1735.5
1735.6
1735.8
1735.9
1735.9
1735.9
1736.0
1736.1
1736.1
1736.1
1736.2
1736.2
1736.3
1736.6
1736.9
1737.0
1737.1
1737.3
1737.5
1737.6
1738.0
1738.0
1738.2
1738.4
1738.5
1738.7
1739.0
1739.0
1739.2
1739.6
1739.7
1739.9
1740.0
1740.3
1740.4
1740.7
1741.7
1742.6
1743.5
1744.4
1746.2
1746.4
1749.1
1749.8
1750.2
1750.5
1750.6
1750.8
1751.2
1751.8
1752.0
1752.6
1752.7
1753.1
1753.7
1753.9
1754.8
1754.8
1754.9
1755.7
1756.0
1756.4
1756.7
1757.1
1757.9
1757.9
1758.6
1759.5
1761.6
1761.8
1762.9
1763.2
1767.1
1768.6
1769.8
1771.6
1775.3
1880.7
1880.7
1880.7
1880.7
1880.7
1880.7
1880.7
1880.7
1880.7
1880.7
1880.7
1880.7
1880.7
1880.7
1880.7
1880.7
1880.7
1880.7
1880.7
1880.7
1880.7
1880.7
1880.7
1880.7
1880.7
1880.7
1880.7
1880.7
1880.7
1880.7
1880.7
1880.7
1880.7
1880.7
1880.7
1880.7
1880.8
1880.8
1880.8
1880.8
1880.8
1880.8
1880.8
1880.8
1880.8
1880.8
1880.8
1880.8
1880.8
1880.8
1880.8
1880.8
1880.8
1880.8
1880.8
1880.8
1880.8
1880.8
1880.8
1880.8
1880.8
1880.8
1880.8
1880.8
1880.8
1880.8
1880.8
1880.9
1880.9
1880.9
1880.9
1880.9
1880.9
1880.9
1880.9
1880.9
1880.9
1881.0
1881.0
1881.2
1881.2
1881.2
1881.2
1881.3
1881.3
1881.3
1881.3
1881.3
1881.4
1881.4
1881.4
1881.6
1881.6
1881.6
1881.7
1881.8
1881.8
1881.8
1881.8
1882.1
1887.4
1887.4
1887.5
1887.5
1887.5
1887.5
1887.6
1887.6
1887.6
1887.6
1887.6
1887.6
1887.6
1887.6
1887.7
1887.7
1887.7
1887.7
1887.7
1887.7
1887.7
1887.7
1887.7
1887.7
1887.7
1887.7
1887.7
1887.7
1887.7
1887.8
1887.8
1887.8
1887.8
1887.8
1887.9
1887.9
1887.9
1887.9
1887.9
1888.0
1888.0
1888.0
1888.0
1888.0
1888.0
1888.1
1888.1
1888.1
1888.1
1888.1
1888.1
1888.1
1888.2
1888.2
1888.2
1888.2
1888.2
1888.2
1888.2
1888.3
1888.3
1888.3
1888.4
1888.4
1888.4
1888.4
1888.5
1888.6
1888.7
1888.7
1888.8
1888.8
1888.9
1888.9
1889.0
1889.1
1889.1
1889.5
1889.6
1890.8
1890.9
1891.0
1891.2
1891.8
1891.9
1892.1
1892.5
1892.7
1892.8
1892.9
1893.5
1894.9
1895.0
1895.7
1895.7
1895.9
1895.9
1895.9
1896.0
1896.0
1896.1
1896.1
1896.1
1896.1
1896.1
1896.1
1896.1
1896.1
1896.2
1896.2
1896.3
1896.3
1896.3
1896.3
1896.3
1896.3
1896.3
1896.4
1896.4
1896.4
1896.4
1896.4
1896.5
1896.5
1896.5
1896.5
1896.6
1896.6
1896.6
1896.7
1896.7
1896.7
1896.7
1896.8
1896.8
1896.8
1896.8
1896.9
1897.0
1897.0
1897.0
1897.0
1897.1
1897.1
1897.1
1897.1
1897.2
1897.2
1897.2
1897.4
1897.4
1897.5
1897.5
1897.5
1897.5
1897.6
1897.7
1897.7
1897.7
1898.0
1898.1
1898.1
1898.1
1898.2
1898.4
1898.5
1898.7
1898.7
1899.0
1899.5
1899.6
1899.6
1899.7
1899.9
1900.0
1900.8
1901.3
1902.4
1903.2
1903.6
1903.9
1904.0
1904.2
1904.4
1904.5
1904.5
1904.6
1904.6
1904.7
1904.8
1905.1
1905.3
1905.3
1905.5
1905.6
1905.8
1905.9
1905.9
1906.1
1906.4
1906.4
1906.4
1906.4
1906.4
1906.5
1906.5
1906.6
1906.7
1906.8
1906.8
1906.9
1907.0
1907.2
1907.6
1907.8
1908.0
1908.0
1908.2
1908.2
1908.2
1908.4
1908.4
1908.7
1908.7
1908.9
1908.9
1909.0
1909.2
1909.3
1909.3
1909.4
1909.7
1909.7
1909.9
1910.0
1910.0
1910.3
1910.3
1910.3
1910.5
1910.6
1910.7
1910.8
1911.2
1912.3
1912.6
1912.8
1912.8
1913.8
1914.3
1915.1
1915.2
1915.5
1915.8
1918.1
1920.0
1920.3
1921.0
1925.4
1925.6
1927.4
1927.5
1929.6
1929.7
1932.9
1937.5
1950.8
2049.0
2049.0
2049.0
2049.0
2049.0
2049.0
2049.0
2049.0
2049.0
2049.0
2049.0
2049.0
2049.0
2049.0
2049.0
2049.0
2049.0
2049.0
2049.0
2049.0
2049.0
2049.0
2049.0
2049.0
2049.0
2049.0
2049.0
2049.0
2049.0
2049.0
2049.0
2049.0
2049.0
2049.0
2049.0
2049.0
2049.1
2049.1
2049.1
2049.1
2049.1
2049.1
2049.1
2049.1
2049.1
2049.1
2049.1
2049.1
2049.1
2049.1
2049.1
2049.1
2049.1
2049.1
2049.1
2049.1
2049.1
2049.1
2049.1
2049.1
2049.1
2049.1
2049.1
2049.1
2049.1
2049.1
2049.1
2049.2
2049.2
2049.2
2049.2
2049.2
2049.2
2049.2
2049.2
2049.2
2049.2
2049.3
2049.3
2049.5
2049.5
2049.5
2049.5
2049.6
2049.6
2049.6
2049.6
2049.6
2049.7
2049.7
2049.7
2049.9
2049.9
2049.9
2050.0
2050.1
2050.1
2050.1
2050.1
2050.4
2055.7
2055.7
2055.8
2055.8
2055.8
2055.8
2055.9
2055.9
2055.9
2055.9
2055.9
2055.9
2055.9
2055.9
2056.0
2056.0
2056.0
2056.0
2056.0
2056.0
2056.0
2056.0
2056.0
2056.0
2056.0
2056.0
2056.0
2056.0
2056.0
2056.1
2056.1
2056.1
2056.1
2056.1
2056.2
2056.2
2056.2
2056.2
2056.2
2056.3
2056.3
2056.3
2056.3
2056.3
2056.4
2056.4
2056.4
2056.4
2056.4
2056.4
2056.4
2056.4
2056.5
2056.5
2056.5
2056.5
2056.5
2056.5
2056.5
2056.6
2056.6
2056.6
2056.7
2056.7
2056.7
2056.7
2056.8
2056.9
2057.0
2057.0
2057.1
2057.1
2057.2
2057.2
2057.3
2057.4
2057.4
2057.8
2057.9
2059.1
2059.2
2059.3
2059.5
2060.1
2060.2
2060.4
2060.8
2061.0
2061.1
2061.2
2061.8
2063.5
2063.5
2064.4
2065.4
2066.8
2066.9
2067.3
2067.4
2068.2
2068.3
2068.4
2068.4
2068.6
2068.6
2068.6
2068.7
2068.9
2069.1
2069.4
2069.6
2070.0
2070.0
2070.1
2070.3
2070.4
2070.4
2070.4
2070.8
2070.8
2070.9
2070.9
2071.0
2071.2
2071.2
2071.4
2071.4
2071.6
2071.6
2071.7
2071.7
2071.7
2071.8
2071.9
2071.9
2071.9
2071.9
2071.9
2071.9
2072.0
2072.0
2072.1
2072.2
2072.4
2072.4
2072.4
2072.5
2072.6
2072.6
2072.7
2072.7
2072.9
2073.1
2073.2
2073.2
2073.2
2073.3
2073.3
2073.3
2073.3
2073.4
2073.5
2073.8
2073.8
2073.9
2074.1
2074.3
2074.6
2074.6
2074.7
2074.7
2074.9
2075.2
2075.5
2075.9
2075.9
2076.1
2076.3
2076.8
2077.1
2077.3
2077.4
2077.9
2078.9
2080.1
2080.7
2085.0
2085.9
2086.4
2087.9
2093.1
2093.9
2095.9
2097.7
2098.3
2100.0
2111.7
2217.2
2217.2
2217.2
2217.2
2217.2
2217.2
2217.2
2217.2
2217.2
2217.2
2217.2
2217.2
2217.2
2217.2
2217.2
2217.2
2217.2
2217.2
2217.2
2217.2
2217.2
2217.2
2217.2
2217.2
2217.2
2217.2
2217.2
2217.2
2217.2
2217.2
2217.2
2217.2
2217.2
2217.2
2217.2
2217.2
2217.3
2217.3
2217.3
2217.3
2217.3
2217.3
2217.3
2217.3
2217.3
2217.3
2217.3
2217.3
2217.3
2217.3
2217.3
2217.3
2217.3
2217.3
2217.3
2217.3
2217.3
2217.3
2217.3
2217.3
2217.3
2217.3
2217.3
2217.3
2217.3
2217.3
2217.3
2217.4
2217.4
2217.4
2217.4
2217.4
2217.4
2217.4
2217.4
2217.4
2217.4
2217.5
2217.5
2217.7
2217.7
2217.7
2217.7
2217.8
2217.8
2217.8
2217.8
2217.8
2217.9
2217.9
2217.9
2218.1
2218.1
2218.1
2218.2
2218.3
2218.3
2218.3
2218.3
2218.6
2223.9
2223.9
2224.0
2224.0
2224.0
2224.0
2224.1
2224.1
2224.1
2224.1
2224.1
2224.1
2224.1
2224.1
2224.2
2224.2
2224.2
2224.2
2224.2
2224.2
2224.2
2224.2
2224.2
2224.2
2224.2
2224.2
2224.2
2224.2
2224.2
2224.3
2224.3
2224.3
2224.3
2224.3
2224.4
2224.4
2224.4
2224.4
2224.4
2224.5
2224.5
2224.5
2224.5
2224.5
2224.6
2224.6
2224.6
2224.6
2224.6
2224.6
2224.6
2224.6
2224.7
2224.7
2224.7
2224.7
2224.7
2224.7
2224.7
2224.8
2224.8
2224.8
2224.9
2224.9
2224.9
2224.9
2225.0
2225.1
2225.2
2225.2
2225.3
2225.3
2225.4
2225.4
2225.5
2225.6
2225.6
2226.0
2226.1
2227.3
2227.4
2227.5
2227.7
2228.3
2228.4
2228.6
2229.0
2229.2
2229.3
2229.4
2230.0
2231.2
2231.3
2231.9
2232.0
2232.0
2232.1
2232.1
2232.1
2232.1
2232.2
2232.2
2232.2
2232.2
2232.2
2232.2
2232.2
2232.2
2232.2
2232.3
2232.3
2232.4
2232.4
2232.4
2232.4
2232.4
2232.4
2232.5
2232.5
2232.5
2232.5
2232.5
2232.6
2232.6
2232.7
2232.7
2232.7
2232.7
2232.7
2232.8
2232.8
2232.8
2232.8
2232.9
2232.9
2232.9
2232.9
2233.0
2233.0
2233.0
2233.1
2233.1
2233.1
2233.1
2233.2
2233.2
2233.3
2233.4
2233.4
2233.5
2233.6
2233.6
2233.6
2233.8
2233.8
2233.9
2234.0
2234.0
2234.1
2234.1
2234.1
2234.2
2234.2
2234.2
2234.5
2234.5
2234.6
2234.6
2234.6
2235.2
2236.0
2236.0
2236.0
2236.2
2236.5
2237.3
2237.4
2237.8
2238.0
2239.1
2239.2
2239.3
2239.5
2239.5
2239.7
2239.9
2240.1
2240.1
2240.1
2240.2
2240.2
2240.3
2240.5
2240.5
2240.5
2240.5
2240.5
2240.6
2240.7
2240.7
2240.8
2240.9
2241.0
2241.1
2241.2
2241.5
2241.6
2242.0
2242.3
2242.4
2242.5
2242.6
2242.6
2242.8
2242.9
2242.9
2243.0
2243.4
2243.4
2244.0
2244.1
2244.1
2244.3
2244.4
2244.7
2244.8
2245.3
2245.3
2245.5
2245.6
2245.7
2245.7
2246.3
2246.4
2246.5
2246.7
2246.7
2246.7
2246.7
2246.8
2247.2
2247.3
2247.7
2248.1
2248.3
2249.2
2249.3
2249.9
2250.4
2251.2
2251.4
2251.5
2251.8
2252.2
2252.5
2252.9
2253.6
2254.0
2254.3
2254.4
2254.6
2254.9
2254.9
2256.2
2256.3
2256.3
2256.4
2256.4
2256.4
2257.7
2258.3
2259.1
2259.8
2260.0
2260.9
2261.4
2262.0
2262.3
2263.2
2265.3
2265.6
2266.5
2271.1
2271.4
2271.9
2385.3
2385.3
2385.3
2385.3
2385.3
2385.3
2385.3
2385.3
2385.3
2385.3
2385.3
2385.3
2385.3
2385.3
2385.3
2385.3
2385.3
2385.3
2385.3
2385.3
2385.3
2385.3
2385.3
2385.3
2385.3
2385.3
2385.3
2385.3
2385.3
2385.3
2385.3
2385.3
2385.3
2385.3
2385.3
2385.3
2385.4
2385.4
2385.4
2385.4
2385.4
2385.4
2385.4
2385.4
2385.4
2385.4
2385.4
2385.4
2385.4
2385.4
2385.4
2385.4
2385.4
2385.4
2385.4
2385.4
2385.4
2385.4
2385.4
2385.4
2385.4
2385.4
2385.4
2385.4
2385.4
2385.4
2385.4
2385.5
2385.5
2385.5
2385.5
2385.5
2385.5
2385.5
2385.5
2385.5
2385.5
2385.6
2385.6
2385.8
2385.8
2385.8
2385.8
2385.9
2385.9
2385.9
2385.9
2385.9
2386.0
2386.0
2386.0
2386.2
2386.2
2386.2
2386.3
2386.4
2386.4
2386.4
2386.4
2386.7
2392.0
2392.0
2392.1
2392.1
2392.1
2392.1
2392.2
2392.2
2392.2
2392.2
2392.2
2392.2
2392.2
2392.2
2392.3
2392.3
2392.3
2392.3
2392.3
2392.3
2392.3
2392.3
2392.3
2392.3
2392.3
2392.3
2392.3
2392.3
2392.3
2392.4
2392.4
2392.4
2392.4
2392.4
2392.5
2392.5
2392.5
2392.5
2392.5
2392.6
2392.6
2392.6
2392.6
2392.6
2392.6
2392.7
2392.7
2392.7
2392.7
2392.7
2392.7
2392.7
2392.8
2392.8
2392.8
2392.8
2392.8
2392.8
2392.8
2392.9
2392.9
2392.9
2393.0
2393.0
2393.0
2393.0
2393.1
2393.2
2393.3
2393.3
2393.4
2393.4
2393.5
2393.5
2393.6
2393.7
2393.7
2394.1
2394.2
2395.4
2395.5
2395.6
2395.8
2396.4
2396.5
2396.7
2397.1
2397.3
2397.4
2397.5
2398.1
2399.9
2400.0
2400.7
2402.4
2404.3
2404.3
2405.3
2405.7
2407.9
2408.0
2408.3
2408.4
2408.5
2408.6
2408.6
2409.0
2409.0
2409.0
2409.1
2409.2
2409.5
2409.5
2409.6
2409.8
2409.9
2410.2
2410.3
2410.3
2410.4
2410.5
2410.5
2410.5
2410.6
2410.7
2410.8
2410.8
2410.9
2410.9
2411.0
2411.0
2411.0
2411.2
2411.2
2411.3
2411.3
2411.4
2411.5
2411.6
2411.7
2411.7
2411.8
2411.8
2411.8
2411.8
2411.9
2411.9
2411.9
2411.9
2412.0
2412.0
2412.0
2412.1
2412.1
2412.1
2412.1
2412.2
2412.2
2412.2
2412.2
2412.4
2412.4
2412.4
2412.5
2412.5
2412.5
2412.5
2412.6
2412.7
2412.9
2413.2
2413.3
2413.3
2413.4
2413.4
2413.5
2413.6
2413.7
2414.3
2415.2
2416.1
2416.2
2416.3
2417.0
2417.0
2417.1
2418.1
2421.9
2426.1
2428.1
2429.6
2432.0
2436.5
2446.2
2553.6
2553.6
2553.6
2553.6
2553.6
2553.6
2553.6
2553.6
2553.6
2553.6
2553.6
2553.6
2553.6
2553.6
2553.6
2553.6
2553.6
2553.6
2553.6
2553.6
2553.6
2553.6
2553.6
2553.6
2553.6
2553.6
2553.6
2553.6
2553.6
2553.6
2553.6
2553.6
2553.6
2553.6
2553.6
2553.6
2553.7
2553.7
2553.7
2553.7
2553.7
2553.7
2553.7
2553.7
2553.7
2553.7
2553.7
2553.7
2553.7
2553.7
2553.7
2553.7
2553.7
2553.7
2553.7
2553.7
2553.7
2553.7
2553.7
2553.7
2553.7
2553.7
2553.7
2553.7
2553.7
2553.7
2553.7
2553.8
2553.8
2553.8
2553.8
2553.8
2553.8
2553.8
2553.8
2553.8
2553.8
2553.9
2553.9
2554.1
2554.1
2554.1
2554.1
2554.2
2554.2
2554.2
2554.2
2554.2
2554.3
2554.3
2554.3
2554.5
2554.5
2554.5
2554.6
2554.7
2554.7
2554.7
2554.7
2555.0
2560.3
2560.3
2560.4
2560.4
2560.4
2560.4
2560.5
2560.5
2560.5
2560.5
2560.5
2560.5
2560.5
2560.5
2560.6
2560.6
2560.6
2560.6
2560.6
2560.6
2560.6
2560.6
2560.6
2560.6
2560.6
2560.6
2560.6
2560.6
2560.6
2560.7
2560.7
2560.7
2560.7
2560.7
2560.8
2560.8
2560.8
2560.8
2560.8
2560.9
2560.9
2560.9
2560.9
2560.9
2561.0
2561.0
2561.0
2561.0
2561.0
2561.0
2561.0
2561.0
2561.1
2561.1
2561.1
2561.1
2561.1
2561.1
2561.1
2561.2
2561.2
2561.2
2561.3
2561.3
2561.3
2561.3
2561.4
2561.5
2561.6
2561.6
2561.7
2561.7
2561.8
2561.8
2561.9
2562.0
2562.0
2562.4
2562.5
2563.7
2563.8
2563.9
2564.1
2564.7
2564.8
2565.0
2565.4
2565.6
2565.7
2565.8
2566.3
2567.7
2567.7
2568.3
2568.4
2568.5
2568.5
2568.6
2568.6
2568.6
2568.6
2568.7
2568.7
2568.7
2568.8
2568.8
2568.8
2568.8
2568.8
2568.8
2568.8
2568.9
2568.9
2568.9
2569.0
2569.0
2569.0
2569.1
2569.1
2569.1
2569.1
2569.1
2569.1
2569.1
2569.2
2569.2
2569.2
2569.2
2569.3
2569.3
2569.3
2569.3
2569.4
2569.4
2569.4
2569.4
2569.5
2569.5
2569.5
2569.5
2569.6
2569.6
2569.6
2569.8
2569.8
2569.9
2569.9
2569.9
2569.9
2570.0
2570.1
2570.1
2570.3
2570.3
2570.4
2570.4
2570.4
2570.5
2570.5
2570.6
2570.6
2570.6
2570.7
2570.8
2570.9
2571.0
2571.0
2571.1
2571.3
2571.7
2572.1
2572.4
2572.6
2572.6
2573.0
2573.2
2573.7
2574.2
2575.1
2575.2
2575.7
2575.9
2576.0
2576.1
2576.2
2576.3
2576.4
2576.5
2576.6
2576.6
2576.8
2577.0
2577.3
2577.3
2577.6
2577.7
2577.9
2577.9
2577.9
2577.9
2578.0
2578.0
2578.4
2578.5
2578.7
2578.9
2579.0
2579.1
2579.2
2579.3
2579.6
2579.6
2579.9
2580.0
2580.5
2580.6
2580.8
2581.2
2581.2
2581.6
2581.7
2581.7
2581.7
2582.1
2582.1
2582.1
2582.3
2582.6
2582.6
2582.6
2582.8
2582.9
2583.1
2583.2
2583.4
2583.9
2584.1
2584.7
2585.7
2586.0
2586.6
2587.0
2587.4
2587.5
2587.5
2587.7
2589.1
2589.8
2590.0
2591.1
2595.7
2598.3
2599.2
2600.9
2608.1
2721.7
2721.7
2721.7
2721.7
2721.7
2721.7
2721.7
2721.7
2721.7
2721.7
2721.7
2721.7
2721.7
2721.7
2721.7
2721.7
2721.7
2721.7
2721.7
2721.7
2721.7
2721.7
2721.7
2721.7
2721.7
2721.7
2721.7
2721.7
2721.7
2721.7
2721.7
2721.7
2721.7
2721.7
2721.7
2721.7
2721.8
2721.8
2721.8
2721.8
2721.8
2721.8
2721.8
2721.8
2721.8
2721.8
2721.8
2721.8
2721.8
2721.8
2721.8
2721.8
2721.8
2721.8
2721.8
2721.8
2721.8
2721.8
2721.8
2721.8
2721.8
2721.8
2721.8
2721.8
2721.8
2721.8
2721.8
2721.9
2721.9
2721.9
2721.9
2721.9
2721.9
2721.9
2721.9
2721.9
2721.9
2722.0
2722.0
2722.2
2722.2
2722.2
2722.2
2722.3
2722.3
2722.3
2722.3
2722.3
2722.4
2722.4
2722.4
2722.6
2722.6
2722.6
2722.7
2722.8
2722.8
2722.8
2722.8
2723.1
2728.4
2728.4
2728.5
2728.5
2728.5
2728.5
2728.6
2728.6
2728.6
2728.6
2728.6
2728.6
2728.6
2728.6
2728.7
2728.7
2728.7
2728.7
2728.7
2728.7
2728.7
2728.7
2728.7
2728.7
2728.7
2728.7
2728.7
2728.7
2728.7
2728.8
2728.8
2728.8
2728.8
2728.8
2728.9
2728.9
2728.9
2728.9
2728.9
2729.0
2729.0
2729.0
2729.0
2729.0
2729.1
2729.1
2729.1
2729.1
2729.1
2729.1
2729.1
2729.1
2729.2
2729.2
2729.2
2729.2
2729.2
2729.2
2729.2
2729.3
2729.3
2729.3
2729.4
2729.4
2729.4
2729.4
2729.5
2729.6
2729.7
2729.7
2729.8
2729.8
2729.9
2729.9
2730.0
2730.1
2730.1
2730.5
2730.6
2731.8
2731.9
2732.0
2732.2
2732.8
2732.9
2733.1
2733.5
2733.7
2733.8
2733.9
2734.5
2736.0
2736.0
2737.1
2737.9
2738.1
2738.2
2738.6
2738.7
2739.2
2739.4
2739.6
2739.7
2740.0
2740.0
2740.0
2740.0
2740.2
2740.2
2740.2
2740.3
2740.3
2740.3
2740.3
2740.4
2740.6
2740.8
2740.8
2740.9
2740.9
2740.9
2740.9
2741.0
2741.2
2741.2
2741.4
2741.9
2741.9
2742.0
2742.0
2742.2
2742.4
2743.2
2743.3
2743.3
2743.7
2744.0
2744.0
2744.0
2744.0
2744.0
2744.0
2744.1
2744.2
2744.3
2744.4
2744.4
2744.4
2744.5
2744.7
2744.8
2744.8
2744.9
2745.0
2745.0
2745.0
2745.0
2745.1
2745.2
2745.5
2745.7
2745.8
2745.9
2745.9
2746.4
2746.6
2746.6
2747.0
2747.0
2747.1
2747.1
2747.3
2747.4
2747.4
2747.7
2748.2
2748.4
2748.6
2748.6
2748.7
2749.0
2749.0
2749.6
2750.9
2751.6
2752.4
2752.4
2752.5
2752.5
2753.4
2753.5
2753.8
2754.0
2754.6
2754.7
2754.8
2755.5
2755.6
2755.7
2756.0
2756.3
2756.7
2756.7
2756.9
2757.2
2757.6
2757.6
2757.9
2758.2
2758.5
2759.1
2759.5
2759.7
2760.6
2761.3
2762.7
2763.6
2764.3
2765.9
2766.1
2766.8
2768.2
2768.8
2777.1
2779.8
2889.8
2889.8
2889.8
2889.8
2889.8
2889.8
2889.8
2889.8
2889.8
2889.8
2889.8
2889.8
2889.8
2889.8
2889.8
2889.8
2889.8
2889.8
2889.8
2889.8
2889.8
2889.8
2889.8
2889.8
2889.8
2889.8
2889.8
2889.8
2889.8
2889.8
2889.8
2889.8
2889.8
2889.8
2889.8
2889.8
2889.9
2889.9
2889.9
2889.9
2889.9
2889.9
2889.9
2889.9
2889.9
2889.9
2889.9
2889.9
2889.9
2889.9
2889.9
2889.9
2889.9
2889.9
2889.9
2889.9
2889.9
2889.9
2889.9
2889.9
2889.9
2889.9
2889.9
2889.9
2889.9
2889.9
2889.9
2890.0
2890.0
2890.0
2890.0
2890.0
2890.0
2890.0
2890.0
2890.0
2890.0
2890.1
2890.1
2890.3
2890.3
2890.3
2890.3
2890.4
2890.4
2890.4
2890.4
2890.4
2890.5
2890.5
2890.5
2890.7
2890.7
2890.7
2890.8
2890.9
2890.9
2890.9
2890.9
2891.2
2896.5
2896.5
2896.6
2896.6
2896.6
2896.6
2896.7
2896.7
2896.7
2896.7
2896.7
2896.7
2896.7
2896.7
2896.8
2896.8
2896.8
2896.8
2896.8
2896.8
2896.8
2896.8
2896.8
2896.8
2896.8
2896.8
2896.8
2896.8
2896.8
2896.9
2896.9
2896.9
2896.9
2896.9
2897.0
2897.0
2897.0
2897.0
2897.0
2897.1
2897.1
2897.1
2897.1
2897.1
2897.1
2897.2
2897.2
2897.2
2897.2
2897.2
2897.2
2897.2
2897.3
2897.3
2897.3
2897.3
2897.3
2897.3
2897.3
2897.4
2897.4
2897.4
2897.5
2897.5
2897.5
2897.5
2897.6
2897.7
2897.8
2897.8
2897.9
2897.9
2898.0
2898.0
2898.1
2898.2
2898.2
2898.6
2898.7
2899.9
2900.0
2900.1
2900.3
2900.9
2901.0
2901.2
2901.6
2901.8
2901.9
2902.0
2902.6
2904.0
2904.2
2905.0
2905.0
2905.2
2905.2
2905.2
2905.2
2905.3
2905.3
2905.3
2905.3
2905.3
2905.3
2905.4
2905.4
2905.4
2905.4
2905.4
2905.4
2905.5
2905.5
2905.5
2905.5
2905.5
2905.5
2905.5
2905.6
2905.6
2905.6
2905.6
2905.7
2905.8
2905.8
2905.8
2905.8
2905.8
2905.8
2905.8
2905.9
2905.9
2905.9
2905.9
2906.1
2906.1
2906.1
2906.2
2906.2
2906.3
2906.4
2906.4
2906.4
2906.4
2906.6
2906.6
2906.7
2906.7
2906.8
2906.8
2906.8
2906.8
2906.8
2906.8
2906.8
2906.9
2906.9
2906.9
2907.0
2907.1
2907.2
2907.3
2907.5
2907.7
2907.9
2907.9
2907.9
2908.0
2908.2
2908.7
2908.8
2908.8
2908.8
2909.0
2909.2
2909.9
2910.4
2911.5
2912.3
2912.4
2913.1
2913.3
2913.8
2913.8
2913.8
2913.9
2914.0
2914.0
2914.4
2914.5
2914.7
2914.7
2915.0
2915.0
2915.1
2915.3
2915.5
2915.5
2915.6
2915.7
2915.7
2915.8
2916.0
2916.0
2916.0
2916.2
2916.4
2916.4
2916.4
2916.5
2916.5
2916.6
2916.7
2916.7
2916.8
2917.3
2917.3
2917.4
2917.4
2917.5
2917.6
2917.9
2918.0
2918.3
2918.4
2918.6
2918.6
2918.6
2918.8
2918.9
2919.0
2919.0
2919.1
2919.1
2919.3
2919.3
2919.4
2919.5
2919.8
2919.9
2920.0
2920.7
2920.8
2921.0
2921.2
2921.6
2922.1
2922.3
2922.8
2923.3
2923.4
2923.5
2924.6
2925.0
2925.3
2926.2
2926.9
2929.2
2929.6
2929.8
2930.0
2930.3
2930.5
2930.5
2930.7
2931.1
2931.3
2932.1
2932.2
2932.5
2934.6
2935.5
2936.3
2937.9
2940.5
2943.5
2944.2
2953.4
2954.5
