247.4
247.4
247.4
247.5
247.5
247.5
247.5
247.5
247.5
247.5
247.5
247.5
247.5
247.5
247.5
247.5
247.5
247.5
247.5
247.5
247.5
247.5
247.5
247.6
247.6
247.6
247.6
247.6
247.6
247.6
247.6
247.6
247.6
247.6
247.6
247.6
247.6
247.6
247.6
247.6
247.6
247.6
247.6
247.6
247.6
247.7
247.7
247.7
247.7
247.8
247.8
247.8
247.8
247.8
247.8
247.8
247.8
247.8
247.8
247.8
247.8
247.8
247.8
247.8
247.8
247.8
247.8
247.9
247.9
247.9
247.9
247.9
247.9
247.9
247.9
247.9
247.9
247.9
247.9
247.9
248.0
248.0
248.1
248.1
248.2
248.2
248.3
248.4
248.4
248.4
248.5
248.7
248.8
248.8
249.0
249.2
249.2
249.2
249.3
249.9
255.3
255.4
255.4
255.4
255.4
255.4
255.5
255.5
255.5
255.6
255.6
255.6
255.6
255.6
255.6
255.7
255.7
255.7
255.7
255.7
255.7
255.7
255.7
255.7
255.7
255.8
255.8
255.8
255.8
255.8
255.8
255.8
255.8
255.8
255.8
255.9
255.9
255.9
255.9
255.9
255.9
255.9
256.0
256.0
256.0
256.0
256.1
256.1
256.1
256.2
256.3
256.3
256.3
256.3
256.3
256.3
256.3
256.4
256.4
256.4
256.4
256.4
256.4
256.4
256.4
256.4
256.4
256.4
256.4
256.4
256.5
256.5
256.5
256.5
256.5
256.6
256.6
256.6
256.6
256.7
256.8
257.3
257.4
257.6
257.6
257.7
258.1
258.1
259.0
259.1
259.3
259.3
260.5
260.7
262.0
262.5
262.7
262.9
263.0
263.8
264.1
264.1
264.1
264.1
264.1
264.2
264.2
264.2
264.2
264.2
264.2
264.2
264.2
264.2
264.2
264.2
264.2
264.2
264.3
264.3
264.3
264.3
264.3
264.3
264.3
264.3
264.3
264.3
264.4
264.4
264.4
264.4
264.4
264.5
264.5
264.5
264.6
264.6
264.6
264.6
264.6
264.6
264.7
264.7
264.8
264.8
264.9
264.9
265.0
265.0
265.1
265.1
265.1
265.1
265.1
265.2
265.2
265.2
265.2
265.3
265.3
265.4
265.4
265.4
265.5
265.5
265.5
265.5
265.6
265.6
265.6
265.6
265.7
265.7
265.8
265.8
265.9
265.9
265.9
266.0
266.0
266.4
266.4
266.5
266.5
266.5
266.6
266.7
266.8
267.1
267.2
267.7
268.1
268.8
269.1
269.2
269.3
269.3
269.3
269.3
269.3
269.3
269.3
269.4
269.4
269.6
269.6
269.6
269.7
269.7
269.7
269.7
269.7
269.7
269.8
269.8
269.8
269.9
269.9
269.9
269.9
269.9
269.9
269.9
270.0
270.1
270.1
270.1
270.2
270.2
270.2
270.3
270.3
270.3
270.4
270.4
270.4
270.4
270.4
270.5
270.6
270.6
270.6
270.7
270.7
270.7
270.7
270.8
270.8
270.9
270.9
271.0
271.0
271.1
271.1
271.2
271.3
271.4
271.4
271.5
271.6
271.7
271.7
271.7
271.8
271.8
271.9
272.1
272.3
272.4
272.4
272.4
272.4
272.6
272.8
272.9
272.9
273.3
274.1
274.4
274.7
274.8
274.8
275.1
275.2
276.2
276.9
277.2
277.3
277.5
277.9
277.9
278.2
278.2
278.2
278.4
278.4
278.5
278.8
278.8
278.8
278.9
279.0
279.1
279.2
279.2
279.2
279.2
279.7
279.8
280.0
280.2
280.2
280.2
280.3
280.3
280.4
280.5
280.7
280.7
280.8
281.0
281.0
281.6
281.8
282.3
282.4
282.5
282.7
282.9
282.9
283.2
283.6
283.9
284.0
284.3
284.4
284.4
284.4
285.2
285.2
285.3
285.5
285.5
285.9
286.1
286.2
286.3
286.3
287.4
287.6
287.8
288.1
289.1
289.1
289.8
290.3
291.7
295.0
295.5
300.8
303.5
306.0
322.3
417.1
417.1
417.1
417.1
417.1
417.1
417.1
417.2
417.2
417.2
417.2
417.2
417.2
417.2
417.2
417.2
417.2
417.2
417.2
417.2
417.2
417.2
417.2
417.2
417.2
417.2
417.2
417.2
417.2
417.2
417.2
417.2
417.2
417.2
417.2
417.2
417.2
417.2
417.2
417.2
417.2
417.2
417.2
417.2
417.2
417.2
417.3
417.3
417.3
417.3
417.3
417.3
417.3
417.3
417.3
417.3
417.3
417.3
417.3
417.3
417.3
417.3
417.3
417.3
417.3
417.3
417.3
417.3
417.4
417.4
417.4
417.4
417.4
417.4
417.4
417.4
417.4
417.4
417.5
417.5
417.5
417.7
417.7
417.7
417.8
417.8
417.8
417.8
418.1
418.1
418.2
418.2
418.4
418.4
418.6
418.7
418.7
418.8
418.8
419.1
423.1
423.1
423.2
423.2
423.2
423.2
423.2
423.2
423.2
423.2
423.3
423.3
423.3
423.3
423.3
423.3
423.3
423.3
423.3
423.3
423.3
423.3
423.3
423.3
423.3
423.3
423.3
423.3
423.4
423.4
423.4
423.4
423.4
423.4
423.4
423.4
423.4
423.4
423.4
423.4
423.4
423.4
423.4
423.5
423.5
423.5
423.5
423.5
423.5
423.5
423.5
423.5
423.5
423.5
423.5
423.5
423.6
423.6
423.6
423.6
423.6
423.7
423.7
423.7
423.7
423.7
423.7
423.8
423.8
423.8
423.8
423.8
423.8
423.8
423.8
423.9
423.9
423.9
424.2
424.2
424.3
424.8
424.9
425.1
425.2
425.2
425.5
425.5
426.4
426.5
426.8
427.1
428.1
428.1
429.6
430.5
430.9
431.1
431.3
435.6
435.7
435.7
435.7
435.7
435.7
435.7
435.7
435.8
435.8
435.8
435.8
435.8
435.9
435.9
435.9
435.9
435.9
435.9
435.9
435.9
435.9
436.0
436.0
436.0
436.0
436.1
436.1
436.1
436.1
436.2
436.2
436.2
436.2
436.2
436.2
436.2
436.3
436.3
436.3
436.3
436.3
436.3
436.4
436.4
436.5
436.6
436.6
436.6
436.6
436.8
436.8
436.8
436.9
436.9
436.9
437.0
437.0
437.0
437.2
437.3
437.8
437.8
437.9
437.9
437.9
437.9
438.1
438.3
438.3
438.6
438.6
438.8
438.8
438.9
439.0
439.2
439.8
439.9
440.0
440.1
440.2
440.2
440.7
441.1
441.3
441.5
441.5
441.6
441.7
441.7
441.7
441.8
441.8
441.9
441.9
442.0
442.0
442.1
442.1
442.2
442.2
442.2
442.3
442.3
442.4
442.4
442.5
442.6
442.6
442.6
442.7
442.9
442.9
443.0
443.0
443.1
443.1
443.2
443.2
443.3
443.4
443.5
443.7
443.8
443.8
444.0
444.1
444.4
444.5
444.6
444.7
444.8
444.9
445.2
445.3
445.4
445.5
445.9
446.2
446.5
446.7
446.9
447.4
447.7
447.8
448.2
449.0
449.0
449.2
449.4
449.8
450.4
450.4
450.5
451.1
451.4
453.0
453.0
453.1
454.2
454.3
455.3
455.4
456.2
456.6
456.8
456.8
457.5
457.8
458.2
458.9
459.4
459.7
460.1
460.3
461.0
465.5
465.5
467.3
467.8
469.2
476.6
477.4
478.6
479.6
546.4
546.5
546.5
546.5
546.5
546.6
546.6
546.6
546.6
546.6
546.6
546.6
546.6
546.6
546.6
546.6
546.6
546.6
546.6
546.6
546.6
546.6
546.6
546.6
546.6
546.6
546.6
546.6
546.6
546.6
546.6
546.6
546.6
546.6
546.6
546.6
546.6
546.6
546.7
546.7
546.7
546.7
546.7
546.7
546.7
546.7
546.7
546.7
546.7
546.7
546.8
546.8
546.8
546.8
546.8
546.8
546.8
546.8
546.8
546.8
546.8
546.8
546.8
546.8
546.8
546.8
546.8
546.8
546.8
546.8
546.8
546.8
546.8
546.8
546.8
546.8
546.9
546.9
546.9
546.9
546.9
547.0
547.0
547.1
547.1
547.2
547.2
547.3
547.3
547.3
547.3
547.6
547.6
547.6
547.8
547.9
548.0
548.0
548.0
548.6
556.3
556.3
556.5
556.5
556.5
556.5
556.5
556.5
556.5
556.7
556.7
556.8
556.9
556.9
557.0
557.0
557.0
557.0
557.0
557.0
557.1
557.1
557.1
557.1
557.1
557.2
557.2
557.2
557.2
557.2
557.3
557.3
557.3
557.3
557.3
557.4
557.4
557.4
557.5
557.5
557.5
557.6
557.6
557.7
557.7
557.7
557.8
557.9
557.9
558.1
558.4
558.4
558.5
558.5
558.5
558.6
558.7
558.7
558.7
558.7
558.9
558.9
558.9
559.0
559.0
559.0
559.0
559.0
559.1
559.2
559.2
559.2
559.2
559.2
559.2
559.3
559.4
559.5
559.8
560.0
560.5
561.9
562.2
562.6
562.8
563.6
564.1
564.1
564.5
564.7
564.9
565.1
565.8
565.9
566.6
566.7
566.7
566.7
566.7
566.8
566.8
566.8
566.8
566.8
566.8
566.8
566.8
566.8
566.8
566.9
566.9
566.9
566.9
566.9
566.9
566.9
566.9
566.9
566.9
566.9
566.9
566.9
566.9
566.9
567.0
567.0
567.0
567.0
567.0
567.0
567.0
567.0
567.0
567.0
567.0
567.0
567.0
567.0
567.0
567.0
567.0
567.0
567.0
567.1
567.1
567.1
567.1
567.1
567.1
567.1
567.1
567.1
567.1
567.1
567.1
567.1
567.2
567.2
567.2
567.2
567.2
567.2
567.2
567.3
567.3
567.3
567.3
567.3
567.3
567.3
567.4
567.4
567.4
567.4
567.4
567.4
567.4
567.6
567.6
568.0
568.1
573.9
574.3
574.5
575.3
575.6
576.0
576.3
576.3
576.3
576.4
576.4
576.6
576.6
576.6
576.8
576.8
576.8
576.9
576.9
576.9
576.9
576.9
577.0
577.0
577.0
577.0
577.0
577.1
577.1
577.2
577.2
577.2
577.2
577.3
577.4
577.4
577.4
577.5
577.5
577.8
577.8
577.9
578.1
578.1
578.3
578.4
578.4
578.5
578.7
578.8
578.8
579.0
579.6
579.7
579.7
579.8
579.8
579.9
579.9
580.0
580.0
580.0
580.0
580.1
580.1
580.1
580.1
580.1
580.1
580.2
580.2
580.2
580.2
580.2
580.2
580.2
580.3
580.3
580.3
580.3
580.4
580.4
580.4
580.4
580.4
580.4
580.5
580.5
580.6
580.6
580.6
580.7
580.7
580.8
581.1
581.9
582.2
582.3
582.6
582.7
583.2
583.3
583.3
583.4
583.7
583.9
584.1
584.1
584.3
584.3
584.4
584.5
584.6
584.7
584.8
584.8
584.9
584.9
585.0
585.0
585.0
585.1
585.2
585.3
585.3
585.3
585.4
585.5
585.5
585.5
585.5
585.5
585.6
585.6
585.6
585.6
585.7
585.8
585.9
585.9
586.0
586.1
586.2
586.3
586.3
586.4
586.4
586.4
586.5
586.5
586.5
586.5
586.5
586.6
586.6
586.6
586.6
586.7
586.7
586.7
586.7
586.7
586.8
586.8
586.9
586.9
587.0
587.0
587.1
587.1
587.1
587.1
587.1
587.2
587.2
587.2
587.2
587.3
587.3
587.3
587.3
587.5
587.5
587.7
588.1
588.1
588.3
588.3
588.7
588.9
589.0
589.1
589.5
589.6
589.8
590.1
590.4
590.8
590.9
590.9
591.0
591.2
591.2
591.3
591.4
591.5
591.5
591.5
591.5
591.6
591.6
591.6
591.7
591.7
591.8
591.8
591.8
591.8
591.9
591.9
592.0
592.1
592.1
592.3
592.3
592.3
592.4
592.4
592.4
592.4
592.5
592.5
592.5
592.6
592.6
592.7
592.7
592.8
593.0
593.0
593.0
593.0
593.0
593.1
593.2
593.2
593.3
593.3
593.5
593.8
594.0
594.1
594.1
594.2
594.3
594.3
594.5
594.6
594.8
594.9
595.0
595.0
595.0
595.1
595.3
595.3
595.3
595.4
595.5
595.7
595.9
596.1
596.1
596.1
596.2
596.4
596.8
597.0
597.6
599.1
600.3
601.2
601.6
603.1
603.7
604.7
605.4
605.8
605.9
606.0
606.1
606.7
606.9
608.8
609.7
610.2
610.3
611.0
611.4
612.3
615.6
616.0
616.5
617.2
618.2
618.4
618.5
621.4
621.9
622.0
624.3
693.6
693.6
693.6
693.6
693.6
693.6
693.6
693.6
693.6
693.6
693.7
693.7
693.7
693.7
693.7
693.7
693.7
693.7
693.7
693.7
693.7
693.7
693.7
693.7
693.7
693.7
693.7
693.7
693.7
693.7
693.7
693.7
693.7
693.7
693.7
693.7
693.7
693.7
693.7
693.7
693.7
693.7
693.7
693.7
693.7
693.7
693.7
693.7
693.8
693.8
693.8
693.8
693.8
693.8
693.8
693.8
693.8
693.8
693.8
693.8
693.8
693.8
693.8
693.8
693.8
693.8
693.8
693.8
693.9
693.9
693.9
693.9
693.9
693.9
693.9
693.9
693.9
693.9
693.9
693.9
694.0
694.0
694.1
694.1
694.1
694.2
694.3
694.3
694.3
694.3
694.4
694.6
694.6
694.6
694.8
695.0
695.0
695.0
695.0
695.6
702.3
702.3
702.3
702.3
702.3
702.4
702.4
702.4
702.4
702.4
702.5
702.5
702.5
702.5
702.5
702.5
702.5
702.5
702.5
702.5
702.5
702.5
702.5
702.5
702.5
702.5
702.6
702.6
702.6
702.6
702.6
702.6
702.6
702.6
702.6
702.6
702.6
702.6
702.6
702.6
702.6
702.6
702.6
702.6
702.7
702.7
702.7
702.7
702.7
702.7
702.7
702.7
702.8
702.8
702.8
702.8
702.8
702.8
702.8
702.9
702.9
702.9
702.9
702.9
702.9
702.9
702.9
702.9
702.9
702.9
702.9
702.9
703.0
703.0
703.0
703.0
703.0
703.0
703.0
703.2
703.2
703.6
703.6
703.7
703.8
703.9
704.1
704.1
704.6
704.7
704.9
705.1
705.6
705.7
706.5
707.0
707.2
707.3
707.4
708.6
710.3
710.4
710.4
710.4
710.4
710.4
710.4
710.4
710.4
710.5
710.5
710.5
710.5
710.5
710.5
710.5
710.5
710.5
710.5
710.5
710.5
710.5
710.5
710.5
710.5
710.5
710.5
710.5
710.5
710.6
710.6
710.6
710.6
710.6
710.6
710.6
710.6
710.6
710.6
710.6
710.6
710.6
710.6
710.6
710.6
710.6
710.6
710.6
710.6
710.6
710.6
710.6
710.6
710.6
710.6
710.6
710.6
710.7
710.7
710.7
710.7
710.7
710.7
710.7
710.7
710.7
710.7
710.7
710.7
710.7
710.7
710.7
710.7
710.7
710.8
710.8
710.9
711.0
711.0
711.0
711.3
711.4
711.5
711.6
712.0
712.0
712.4
712.5
713.3
713.6
713.7
713.8
714.7
714.7
715.0
715.0
715.0
715.0
715.1
715.1
715.1
715.1
715.1
715.1
715.1
715.1
715.1
715.2
715.2
715.2
715.2
715.2
715.2
715.2
715.2
715.3
715.3
715.3
715.3
715.3
715.3
715.3
715.3
715.4
715.4
715.4
715.4
715.4
715.4
715.4
715.5
715.5
715.5
715.5
715.5
715.5
715.5
715.5
715.5
715.5
715.6
715.6
715.6
715.6
715.6
715.7
715.7
715.7
715.7
715.7
715.7
715.7
715.7
715.8
715.8
715.8
715.9
715.9
715.9
715.9
716.0
716.0
716.0
716.1
716.1
716.2
716.2
716.3
716.3
716.3
716.4
716.5
716.5
716.5
716.5
716.7
716.9
716.9
717.0
717.1
717.1
717.2
717.2
717.4
717.8
718.2
718.3
719.0
720.1
720.2
720.2
720.3
720.5
720.6
720.6
720.6
720.6
720.7
720.7
720.7
720.7
720.7
720.7
720.7
720.8
720.9
720.9
721.0
721.0
721.0
721.0
721.1
721.1
721.1
721.1
721.1
721.1
721.1
721.1
721.2
721.2
721.2
721.3
721.4
721.4
721.4
721.5
721.5
721.6
721.6
721.6
721.6
721.7
721.7
721.7
721.7
721.8
721.9
722.0
722.0
722.1
722.1
722.2
722.2
722.2
722.3
722.4
722.4
722.5
722.6
722.6
722.8
722.8
722.9
723.0
723.0
723.4
723.5
723.6
723.6
723.6
723.7
723.8
724.2
724.3
724.5
724.5
724.9
725.0
725.3
725.3
725.4
725.5
725.7
725.7
725.9
726.3
726.3
726.4
726.7
727.8
728.8
729.9
730.7
730.9
731.4
731.9
732.0
732.2
732.7
733.0
733.9
733.9
734.0
734.0
734.0
734.1
734.3
734.3
734.3
734.4
734.4
734.5
734.5
734.5
734.6
734.6
734.6
734.6
734.6
734.6
734.7
734.7
734.7
734.7
734.7
734.8
734.8
734.8
734.8
734.8
734.9
734.9
734.9
734.9
734.9
734.9
734.9
734.9
734.9
734.9
734.9
735.0
735.0
735.0
735.0
735.0
735.0
735.0
735.0
735.1
735.1
735.1
735.1
735.1
735.2
735.2
735.2
735.2
735.2
735.2
735.2
735.2
735.2
735.2
735.3
735.3
735.4
735.4
735.4
735.4
735.5
735.5
735.5
735.5
735.5
735.5
735.5
735.6
735.7
735.7
735.7
735.7
735.8
735.8
736.0
736.0
736.3
736.3
736.6
736.7
736.8
736.8
736.9
737.0
737.8
737.8
738.2
738.3
738.7
738.9
740.5
740.7
740.8
740.8
740.9
741.1
741.4
741.6
741.7
741.8
741.9
742.0
742.1
742.2
742.3
742.5
742.5
742.7
742.8
742.8
742.8
742.8
742.8
742.8
742.8
742.8
742.8
742.9
742.9
742.9
742.9
743.0
743.0
743.1
743.2
743.2
743.2
743.2
743.2
743.3
743.4
743.4
743.5
743.5
743.6
743.6
743.6
743.6
743.6
743.7
743.7
743.7
743.8
743.8
743.9
744.0
744.1
744.1
744.1
744.2
744.2
744.2
744.4
744.4
744.5
744.5
744.6
744.7
744.7
744.8
744.9
745.0
745.0
745.2
745.3
745.4
745.6
745.6
745.8
746.1
746.1
746.3
746.5
746.5
746.8
746.8
746.9
747.9
748.4
748.8
749.2
749.9
750.1
751.1
751.6
751.9
752.1
752.6
753.6
753.9
754.3
754.5
754.5
754.5
754.6
754.6
754.6
754.7
754.7
754.8
754.9
754.9
754.9
754.9
755.0
755.0
755.0
755.1
755.1
755.1
755.2
755.2
755.2
755.3
755.3
755.3
755.3
755.3
755.4
755.4
755.4
755.4
755.4
755.4
755.5
755.5
755.5
755.5
755.5
755.5
755.5
755.5
755.6
755.6
755.6
755.6
755.6
755.6
755.7
755.7
755.8
755.8
755.8
755.8
755.8
755.8
755.9
755.9
755.9
755.9
755.9
755.9
755.9
755.9
756.0
756.0
756.0
756.1
756.1
756.1
756.1
756.1
756.2
756.2
756.5
756.5
756.5
756.5
756.8
757.1
757.3
757.4
757.4
757.8
757.9
758.7
758.8
760.3
760.3
764.1
764.7
766.2
766.5
770.8
777.1
864.4
864.4
864.4
864.5
864.5
864.5
864.5
864.5
864.6
864.6
864.6
864.6
864.6
864.7
864.7
864.7
864.7
864.7
864.7
864.8
864.8
864.8
864.8
864.8
864.8
864.8
864.8
864.8
864.8
864.8
864.8
864.9
864.9
864.9
864.9
864.9
864.9
864.9
864.9
864.9
864.9
864.9
864.9
864.9
864.9
864.9
864.9
864.9
864.9
864.9
864.9
864.9
864.9
864.9
864.9
864.9
864.9
864.9
864.9
865.0
865.0
865.0
865.0
865.0
865.0
865.0
865.0
865.0
865.0
865.0
865.0
865.0
865.0
865.0
865.0
865.0
865.1
865.1
865.2
865.3
865.3
865.3
865.3
865.3
865.3
865.6
865.8
866.0
866.1
866.7
866.7
866.7
867.1
867.3
867.3
867.6
867.6
867.6
867.8
867.8
869.0
869.0
869.0
869.0
869.0
869.0
869.0
869.0
869.1
869.1
869.1
869.1
869.1
869.1
869.1
869.1
869.1
869.1
869.1
869.1
869.1
869.2
869.2
869.2
869.2
869.2
869.2
869.2
869.2
869.2
869.2
869.2
869.2
869.2
869.2
869.2
869.2
869.2
869.2
869.2
869.2
869.2
869.2
869.2
869.2
869.2
869.2
869.2
869.2
869.2
869.2
869.3
869.3
869.3
869.3
869.3
869.3
869.3
869.3
869.3
869.3
869.3
869.3
869.3
869.3
869.3
869.3
869.3
869.3
869.3
869.3
869.3
869.3
869.3
869.4
869.5
869.5
869.6
869.7
869.7
869.7
869.7
869.7
870.0
870.1
870.1
871.0
871.0
871.2
872.3
872.4
872.6
873.7
874.1
875.0
875.0
875.1
875.1
875.1
875.1
875.1
875.1
875.1
875.1
875.1
875.1
875.1
875.1
875.2
875.2
875.2
875.2
875.2
875.2
875.2
875.2
875.2
875.2
875.2
875.2
875.2
875.2
875.2
875.2
875.2
875.2
875.2
875.2
875.2
875.2
875.3
875.3
875.3
875.3
875.3
875.3
875.3
875.3
875.3
875.3
875.3
875.3
875.3
875.3
875.3
875.3
875.3
875.3
875.3
875.3
875.3
875.3
875.3
875.3
875.3
875.3
875.3
875.3
875.3
875.3
875.4
875.4
875.4
875.4
875.4
875.4
875.4
875.4
875.4
875.4
875.5
875.5
875.6
875.7
875.7
875.8
875.8
875.8
875.8
876.0
876.0
876.0
876.1
876.1
876.5
876.6
876.9
877.1
877.8
878.1
878.3
878.4
879.4
879.5
879.6
879.6
879.7
879.7
879.7
879.7
879.7
879.8
879.8
879.8
879.8
879.8
879.8
879.8
879.9
879.9
879.9
880.0
880.0
880.0
880.0
880.0
880.0
880.0
880.0
880.0
880.0
880.0
880.1
880.1
880.1
880.2
880.2
880.2
880.2
880.2
880.3
880.3
880.3
880.3
880.3
880.3
880.3
880.3
880.4
880.4
880.4
880.4
880.5
880.5
880.5
880.5
880.5
880.6
880.6
880.6
880.7
880.7
880.7
880.7
880.8
880.8
880.8
880.9
881.0
881.0
881.0
881.1
881.2
881.3
881.4
881.4
881.4
881.6
881.7
881.8
882.1
882.4
882.5
882.5
882.8
882.9
883.0
883.0
883.2
883.4
883.6
883.7
883.7
885.0
885.4
885.6
886.4
886.7
886.7
886.8
887.0
887.2
887.6
887.6
887.6
887.8
887.8
887.9
887.9
888.0
888.0
888.0
888.0
888.0
888.1
888.2
888.5
888.6
888.6
888.7
888.7
889.0
889.0
889.1
889.1
889.2
889.2
889.2
889.3
889.3
889.5
889.5
889.5
889.5
889.7
889.8
890.0
890.0
890.1
890.2
890.3
890.3
890.4
890.4
890.5
890.6
890.8
890.9
890.9
891.0
891.0
891.1
891.2
891.2
891.2
891.4
891.5
891.8
892.0
892.3
892.3
892.6
892.7
892.9
893.2
893.9
894.1
895.3
896.0
896.1
896.2
896.8
897.0
897.9
898.7
901.3
901.6
904.2
906.8
907.1
908.6
908.6
908.8
908.8
908.8
908.8
908.8
909.1
909.7
909.7
909.7
909.7
909.7
909.8
909.8
909.8
909.8
909.9
909.9
909.9
909.9
909.9
909.9
909.9
909.9
909.9
909.9
909.9
910.0
910.0
910.0
910.0
910.0
910.0
910.0
910.0
910.0
910.0
910.0
910.1
910.1
910.1
910.1
910.1
910.1
910.1
910.1
910.1
910.1
910.1
910.1
910.1
910.1
910.1
910.1
910.1
910.2
910.2
910.2
910.2
910.2
910.2
910.2
910.2
910.2
910.3
910.3
910.3
910.3
910.3
910.3
910.3
910.3
910.4
910.4
910.4
910.5
910.5
910.6
910.6
910.6
910.7
910.7
910.9
911.0
911.3
911.3
911.5
911.6
911.6
912.2
912.3
912.4
912.5
912.6
913.2
914.5
915.0
917.3
917.8
918.0
918.1
918.2
918.2
918.2
918.2
918.2
918.2
918.2
918.2
918.3
918.3
918.3
918.3
918.3
918.3
918.3
918.3
918.3
918.3
918.3
918.3
918.3
918.3
918.3
918.3
918.3
918.3
918.3
918.3
918.3
918.3
918.3
918.3
918.3
918.3
918.3
918.3
918.3
918.3
918.3
918.3
918.3
918.3
918.3
918.3
918.3
918.3
918.3
918.3
918.3
918.3
918.3
918.3
918.4
918.4
918.4
918.4
918.4
918.4
918.4
918.4
918.4
918.4
918.4
918.4
918.4
918.4
918.4
918.4
918.4
918.4
918.4
918.4
918.4
918.4
918.4
918.4
918.4
918.5
918.5
918.5
918.6
918.7
918.8
918.8
919.0
919.2
919.3
919.3
919.5
919.5
919.9
920.0
920.3
920.4
921.1
921.2
924.2
925.4
925.5
926.0
926.1
926.1
926.1
926.2
926.3
926.3
926.4
926.5
926.5
926.5
926.5
926.6
926.6
926.6
926.6
926.6
926.6
926.6
926.6
926.6
926.6
926.7
926.7
926.7
926.7
926.7
926.7
926.7
926.7
926.7
926.7
926.7
926.7
926.7
926.8
926.8
926.8
926.8
926.8
926.8
926.9
926.9
926.9
926.9
927.0
927.0
927.0
927.0
927.0
927.0
927.0
927.0
927.0
927.0
927.0
927.1
927.1
927.1
927.1
927.1
927.1
927.1
927.1
927.1
927.2
927.2
927.2
927.2
927.2
927.2
927.3
927.3
927.3
927.4
927.4
927.4
927.4
927.6
927.6
927.7
928.0
928.0
928.9
929.1
929.8
929.9
930.3
930.4
930.5
931.4
931.5
931.7
932.0
932.1
932.3
932.7
933.6
933.6
933.8
933.8
933.9
933.9
934.0
934.0
934.0
934.1
934.1
934.2
934.2
934.4
934.4
934.5
934.5
934.5
934.6
934.6
934.7
934.7
934.7
934.8
934.8
934.8
934.8
934.8
934.8
934.8
934.8
934.9
934.9
934.9
935.0
935.0
935.0
935.1
935.2
935.3
935.3
935.3
935.4
935.4
935.4
935.5
935.5
935.5
935.5
935.6
935.6
935.8
935.9
935.9
936.1
936.1
936.3
936.4
936.4
936.5
936.5
936.7
936.8
936.8
936.8
936.8
936.9
936.9
936.9
937.0
937.0
937.1
937.2
937.3
937.4
937.4
937.5
937.6
937.6
937.8
937.8
937.8
937.9
937.9
937.9
938.1
938.2
938.2
938.6
938.7
938.9
940.3
940.3
940.5
940.5
940.5
940.6
940.9
941.0
941.2
941.2
941.2
941.2
941.2
941.2
941.3
941.3
941.3
941.3
941.5
941.5
941.5
941.5
941.5
941.6
941.7
941.7
941.8
941.8
941.9
941.9
941.9
941.9
942.0
942.2
942.2
942.3
942.4
942.5
942.5
942.7
942.8
942.8
943.0
943.1
943.1
943.2
943.2
943.4
943.4
943.5
943.6
943.6
943.8
944.0
944.5
944.6
944.8
945.1
945.2
945.3
945.7
945.8
945.9
946.0
946.2
946.4
946.4
946.7
946.8
946.8
947.3
947.3
947.4
947.4
947.4
948.1
948.3
948.5
948.8
949.6
950.0
950.0
950.0
950.1
950.5
950.6
950.8
950.9
951.4
952.3
952.4
952.5
952.7
952.9
952.9
953.9
955.1
955.1
957.5
960.1
962.2
962.5
963.0
963.8
964.6
964.6
964.8
966.2
966.6
969.5
982.3
1039.7
1039.9
1039.9
1039.9
1039.9
1039.9
1039.9
1039.9
1039.9
1039.9
1039.9
1039.9
1040.0
1040.0
1040.0
1040.0
1040.0
1040.0
1040.0
1040.0
1040.0
1040.0
1040.0
1040.0
1040.0
1040.0
1040.1
1040.1
1040.1
1040.1
1040.1
1040.1
1040.1
1040.1
1040.1
1040.1
1040.1
1040.1
1040.1
1040.1
1040.1
1040.2
1040.2
1040.2
1040.2
1040.2
1040.2
1040.2
1040.2
1040.2
1040.2
1040.2
1040.3
1040.3
1040.3
1040.3
1040.3
1040.3
1040.4
1040.4
1040.4
1040.4
1040.4
1040.4
1040.4
1040.5
1040.5
1040.6
1040.6
1040.6
1040.6
1040.6
1040.7
1040.7
1040.7
1040.7
1040.8
1040.8
1040.8
1040.8
1040.8
1040.9
1040.9
1041.0
1041.0
1041.0
1041.2
1041.2
1041.2
1041.4
1041.4
1041.4
1041.6
1041.7
1041.8
1041.9
1041.9
1041.9
1042.0
1042.0
1044.5
1044.7
1044.7
1044.7
1044.8
1044.8
1044.8
1044.8
1044.9
1044.9
1044.9
1044.9
1044.9
1044.9
1044.9
1044.9
1045.0
1045.0
1045.0
1045.0
1045.0
1045.0
1045.0
1045.0
1045.0
1045.0
1045.0
1045.1
1045.1
1045.1
1045.1
1045.1
1045.1
1045.1
1045.1
1045.2
1045.2
1045.2
1045.2
1045.2
1045.2
1045.2
1045.2
1045.3
1045.3
1045.3
1045.3
1045.3
1045.3
1045.3
1045.3
1045.4
1045.4
1045.4
1045.4
1045.4
1045.4
1045.4
1045.5
1045.5
1045.5
1045.5
1045.5
1045.5
1045.5
1045.5
1045.6
1045.6
1045.6
1045.6
1045.6
1045.7
1045.7
1045.9
1045.9
1045.9
1046.0
1046.0
1046.1
1046.1
1046.2
1046.3
1046.4
1046.4
1046.7
1046.7
1047.0
1047.1
1047.4
1047.7
1047.8
1047.9
1048.6
1048.7
1049.4
1049.7
1049.9
1050.1
1050.1
1050.1
1050.7
1050.7
1050.7
1050.8
1050.8
1050.8
1050.8
1050.8
1050.8
1050.8
1050.8
1050.8
1050.9
1050.9
1050.9
1050.9
1050.9
1050.9
1050.9
1050.9
1050.9
1050.9
1050.9
1050.9
1050.9
1050.9
1050.9
1050.9
1051.0
1051.0
1051.0
1051.0
1051.0
1051.0
1051.0
1051.0
1051.1
1051.1
1051.1
1051.1
1051.1
1051.2
1051.2
1051.2
1051.2
1051.2
1051.3
1051.3
1051.3
1051.3
1051.3
1051.3
1051.3
1051.4
1051.4
1051.4
1051.4
1051.4
1051.5
1051.5
1051.5
1051.5
1051.6
1051.6
1051.6
1051.6
1051.6
1051.6
1051.7
1051.8
1051.9
1051.9
1052.0
1052.0
1052.1
1052.1
1052.2
1052.2
1052.2
1052.2
1052.3
1052.4
1052.5
1052.7
1052.7
1052.9
1053.1
1053.5
1053.9
1054.0
1054.0
1054.2
1055.1
1055.3
1055.4
1055.4
1055.5
1055.6
1055.6
1055.6
1055.7
1055.7
1055.7
1055.8
1055.8
1055.8
1055.8
1055.8
1055.9
1055.9
1055.9
1055.9
1055.9
1056.0
1056.0
1056.0
1056.0
1056.0
1056.0
1056.0
1056.1
1056.1
1056.1
1056.1
1056.1
1056.2
1056.2
1056.2
1056.2
1056.2
1056.3
1056.3
1056.4
1056.5
1056.6
1056.6
1056.6
1056.7
1056.7
1056.7
1056.8
1056.8
1056.9
1056.9
1056.9
1056.9
1056.9
1057.0
1057.0
1057.0
1057.0
1057.1
1057.1
1057.1
1057.2
1057.3
1057.4
1057.5
1057.6
1057.6
1057.6
1057.7
1057.7
1057.8
1058.0
1058.1
1058.1
1058.2
1058.3
1058.4
1058.5
1058.5
1058.8
1059.2
1059.3
1059.4
1059.4
1059.7
1059.8
1059.9
1059.9
1060.1
1060.1
1060.7
1061.9
1062.5
1062.9
1063.6
1063.8
1064.2
1064.3
1064.4
1064.7
1064.9
1065.1
1065.3
1065.3
1065.4
1065.4
1065.5
1065.6
1065.7
1065.7
1065.7
1065.8
1066.1
1066.3
1066.4
1066.4
1066.5
1066.6
1066.6
1066.8
1066.9
1067.0
1067.3
1067.4
1067.5
1067.5
1067.7
1067.9
1068.0
1068.1
1068.1
1068.2
1068.5
1069.1
1069.2
1069.2
1069.9
1070.0
1070.1
1070.6
1071.2
1071.5
1071.6
1071.7
1071.9
1072.4
1072.5
1072.5
1072.7
1073.2
1074.7
1074.7
1074.8
1075.0
1075.1
1075.8
1076.2
1076.4
1076.5
1076.8
1077.7
1078.3
1079.5
1079.9
1086.0
1091.1
1205.8
1205.8
1205.8
1205.8
1205.8
1205.8
1205.8
1205.8
1205.8
1205.8
1205.8
1205.9
1205.9
1205.9
1205.9
1205.9
1205.9
1205.9
1205.9
1205.9
1205.9
1205.9
1205.9
1205.9
1205.9
1205.9
1205.9
1205.9
1205.9
1205.9
1205.9
1205.9
1205.9
1205.9
1205.9
1205.9
1205.9
1205.9
1205.9
1205.9
1205.9
1205.9
1205.9
1205.9
1205.9
1205.9
1205.9
1205.9
1205.9
1205.9
1205.9
1205.9
1205.9
1205.9
1205.9
1205.9
1205.9
1205.9
1205.9
1205.9
1205.9
1206.0
1206.0
1206.0
1206.0
1206.0
1206.0
1206.0
1206.0
1206.0
1206.0
1206.0
1206.0
1206.0
1206.0
1206.0
1206.0
1206.0
1206.1
1206.1
1206.1
1206.1
1206.2
1206.2
1206.2
1206.2
1206.2
1206.2
1206.4
1206.4
1206.4
1206.4
1206.5
1206.5
1206.7
1206.7
1206.7
1206.8
1206.8
1206.9
1210.9
1210.9
1210.9
1211.0
1211.0
1211.0
1211.0
1211.0
1211.0
1211.0
1211.0
1211.0
1211.0
1211.0
1211.0
1211.0
1211.0
1211.0
1211.0
1211.0
1211.0
1211.0
1211.0
1211.0
1211.0
1211.0
1211.0
1211.0
1211.1
1211.1
1211.1
1211.1
1211.1
1211.1
1211.1
1211.1
1211.1
1211.1
1211.1
1211.1
1211.1
1211.1
1211.1
1211.1
1211.1
1211.1
1211.1
1211.1
1211.1
1211.1
1211.1
1211.1
1211.2
1211.2
1211.2
1211.2
1211.2
1211.2
1211.2
1211.2
1211.2
1211.2
1211.2
1211.2
1211.2
1211.2
1211.2
1211.2
1211.2
1211.2
1211.2
1211.2
1211.3
1211.3
1211.3
1211.3
1211.4
1211.4
1211.5
1211.5
1211.7
1211.8
1211.9
1212.0
1212.3
1212.3
1212.3
1212.4
1213.1
1213.1
1213.2
1213.3
1214.0
1214.0
1214.6
1214.7
1214.8
1214.8
1214.9
1214.9
1214.9
1215.0
1215.0
1215.0
1215.0
1215.0
1215.0
1215.0
1215.1
1215.1
1215.1
1215.1
1215.1
1215.1
1215.1
1215.1
1215.1
1215.1
1215.2
1215.2
1215.2
1215.2
1215.2
1215.2
1215.2
1215.2
1215.3
1215.3
1215.3
1215.3
1215.3
1215.3
1215.3
1215.3
1215.3
1215.3
1215.4
1215.4
1215.4
1215.4
1215.4
1215.4
1215.4
1215.4
1215.4
1215.4
1215.4
1215.4
1215.5
1215.5
1215.5
1215.5
1215.5
1215.5
1215.6
1215.6
1215.6
1215.6
1215.6
1215.7
1215.7
1215.8
1215.8
1215.8
1215.8
1215.8
1215.9
1215.9
1215.9
1216.0
1216.0
1216.1
1216.1
1216.2
1216.2
1216.2
1216.2
1216.6
1216.7
1216.7
1216.8
1216.9
1216.9
1217.0
1217.5
1217.7
1217.9
1218.2
1219.2
1219.6
1219.8
1219.8
1219.9
1219.9
1219.9
1220.0
1220.1
1220.2
1220.2
1220.2
1220.2
1220.2
1220.2
1220.2
1220.3
1220.3
1220.3
1220.3
1220.4
1220.5
1220.5
1220.5
1220.5
1220.6
1220.6
1220.6
1220.6
1220.6
1220.6
1220.6
1220.7
1220.7
1220.7
1220.7
1220.8
1220.8
1220.8
1220.9
1221.0
1221.0
1221.0
1221.0
1221.0
1221.1
1221.1
1221.1
1221.2
1221.2
1221.2
1221.3
1221.4
1221.4
1221.4
1221.4
1221.4
1221.5
1221.5
1221.5
1221.7
1221.7
1221.7
1221.7
1221.7
1221.8
1221.8
1221.9
1222.0
1222.0
1222.1
1222.3
1222.4
1222.5
1222.5
1222.5
1222.5
1222.7
1222.8
1222.9
1223.0
1223.1
1223.2
1223.3
1223.4
1223.4
1223.6
1223.7
1224.0
1224.0
1224.1
1224.2
1224.3
1224.8
1224.9
1225.0
1225.7
1226.3
1228.2
1229.3
1229.3
1229.8
1230.0
1230.2
1231.0
1231.4
1231.4
1231.5
1231.6
1231.6
1231.6
1231.6
1232.0
1232.1
1232.2
1232.4
1232.7
1232.9
1233.0
1233.3
1233.4
1233.6
1233.7
1233.7
1234.1
1234.1
1234.6
1234.6
1234.9
1235.0
1235.0
1235.3
1235.7
1235.9
1236.1
1236.1
1236.2
1236.6
1236.7
1236.7
1236.8
1236.8
1237.0
1237.1
1237.1
1237.2
1237.6
1237.7
1237.9
1238.4
1238.8
1238.8
1239.2
1239.6
1239.9
1240.5
1240.7
1241.6
1242.6
1243.0
1243.6
1246.7
1249.3
1252.0
1252.2
1254.2
1258.7
1258.9
1258.9
1259.0
1259.1
1259.2
1259.2
1259.2
1259.2
1259.3
1259.3
1259.3
1259.3
1259.3
1259.4
1259.4
1259.4
1259.4
1259.4
1259.4
1259.4
1259.5
1259.5
1259.5
1259.5
1259.5
1259.5
1259.5
1259.5
1259.5
1259.5
1259.5
1259.5
1259.5
1259.5
1259.5
1259.5
1259.5
1259.5
1259.5
1259.5
1259.5
1259.5
1259.5
1259.5
1259.5
1259.5
1259.5
1259.5
1259.5
1259.6
1259.6
1259.6
1259.6
1259.6
1259.6
1259.6
1259.6
1259.6
1259.6
1259.6
1259.6
1259.6
1259.6
1259.6
1259.6
1259.6
1259.6
1259.6
1259.6
1259.7
1259.7
1259.7
1259.7
1259.7
1259.7
1259.7
1259.7
1259.7
1259.7
1259.7
1259.7
1259.8
1259.8
1259.8
1259.9
1260.0
1260.0
1260.0
1260.1
1260.1
1260.2
1260.2
1260.3
1260.4
1260.4
1260.5
1260.6
1260.6
1260.9
1267.7
1267.8
1267.9
1268.3
1268.3
1268.8
1268.9
1269.1
1269.2
1269.2
1269.6
1269.7
1269.7
1269.8
1269.8
1269.8
1270.0
1270.1
1270.1
1270.1
1270.1
1270.2
1270.2
1270.2
1270.2
1270.2
1270.3
1270.3
1270.3
1270.3
1270.3
1270.3
1270.3
1270.3
1270.4
1270.4
1270.4
1270.4
1270.4
1270.5
1270.5
1270.6
1270.6
1270.6
1270.6
1270.7
1270.7
1270.7
1270.7
1270.8
1270.8
1270.9
1270.9
1271.0
1271.0
1271.0
1271.2
1271.5
1271.6
1271.6
1271.7
1271.9
1271.9
1271.9
1271.9
1272.0
1272.0
1272.1
1272.2
1272.3
1272.4
1272.4
1272.4
1272.4
1272.5
1272.5
1272.6
1272.8
1273.3
1273.5
1273.5
1273.6
1273.6
1274.2
1274.2
1274.7
1276.6
1277.6
1278.3
1278.6
1279.9
1280.6
1281.2
1285.2
1287.2
1287.5
1290.5
1292.4
1375.5
1375.5
1375.5
1375.5
1375.5
1375.5
1375.5
1375.5
1375.5
1375.6
1375.6
1375.6
1375.6
1375.6
1375.6
1375.6
1375.6
1375.6
1375.6
1375.6
1375.6
1375.6
1375.6
1375.6
1375.6
1375.6
1375.6
1375.6
1375.6
1375.6
1375.6
1375.6
1375.6
1375.6
1375.6
1375.6
1375.6
1375.6
1375.6
1375.6
1375.6
1375.6
1375.6
1375.6
1375.6
1375.6
1375.7
1375.7
1375.7
1375.7
1375.7
1375.7
1375.7
1375.7
1375.7
1375.7
1375.7
1375.7
1375.7
1375.7
1375.7
1375.7
1375.7
1375.7
1375.7
1375.7
1375.7
1375.7
1375.7
1375.8
1375.8
1375.8
1375.8
1375.8
1375.8
1375.8
1375.8
1375.9
1375.9
1375.9
1375.9
1376.0
1376.0
1376.0
1376.0
1376.1
1376.3
1376.4
1376.5
1376.8
1376.9
1376.9
1377.3
1377.3
1377.4
1377.7
1377.7
1377.8
1377.9
1377.9
1380.1
1380.1
1380.2
1380.2
1380.2
1380.2
1380.2
1380.2
1380.2
1380.2
1380.2
1380.2
1380.2
1380.2
1380.2
1380.2
1380.2
1380.2
1380.2
1380.2
1380.2
1380.2
1380.2
1380.2
1380.2
1380.2
1380.2
1380.2
1380.2
1380.2
1380.2
1380.2
1380.2
1380.2
1380.2
1380.3
1380.3
1380.3
1380.3
1380.3
1380.3
1380.3
1380.3
1380.3
1380.3
1380.3
1380.3
1380.3
1380.3
1380.3
1380.3
1380.3
1380.3
1380.3
1380.3
1380.3
1380.3
1380.3
1380.3
1380.3
1380.3
1380.3
1380.3
1380.3
1380.3
1380.3
1380.3
1380.3
1380.3
1380.3
1380.3
1380.4
1380.4
1380.4
1380.5
1380.5
1380.6
1380.6
1380.7
1380.7
1380.7
1380.8
1380.9
1381.0
1381.2
1381.2
1381.7
1381.8
1382.0
1382.7
1382.8
1382.9
1383.8
1384.0
1384.9
1385.1
1385.2
1385.3
1385.3
1385.3
1385.3
1385.4
1385.4
1385.4
1385.4
1385.4
1385.4
1385.4
1385.4
1385.4
1385.4
1385.4
1385.4
1385.4
1385.4
1385.5
1385.5
1385.5
1385.5
1385.5
1385.5
1385.5
1385.5
1385.5
1385.5
1385.5
1385.5
1385.5
1385.5
1385.5
1385.6
1385.6
1385.6
1385.6
1385.6
1385.6
1385.6
1385.6
1385.6
1385.6
1385.6
1385.6
1385.6
1385.6
1385.6
1385.6
1385.6
1385.6
1385.6
1385.6
1385.6
1385.7
1385.7
1385.7
1385.7
1385.7
1385.7
1385.7
1385.7
1385.7
1385.7
1385.8
1385.8
1385.8
1385.8
1385.8
1385.8
1385.8
1385.9
1385.9
1385.9
1385.9
1385.9
1386.0
1386.0
1386.1
1386.1
1386.3
1386.3
1386.4
1386.4
1386.5
1386.5
1386.5
1386.9
1387.0
1387.1
1387.4
1388.2
1388.3
1388.4
1388.5
1389.9
1390.0
1390.0
1390.1
1390.1
1390.2
1390.2
1390.2
1390.2
1390.2
1390.2
1390.2
1390.2
1390.3
1390.3
1390.3
1390.4
1390.4
1390.4
1390.4
1390.4
1390.5
1390.5
1390.5
1390.5
1390.5
1390.5
1390.5
1390.5
1390.5
1390.5
1390.6
1390.6
1390.6
1390.6
1390.7
1390.7
1390.7
1390.8
1390.8
1390.8
1390.8
1390.8
1390.8
1390.8
1390.9
1390.9
1390.9
1391.0
1391.0
1391.0
1391.1
1391.1
1391.1
1391.1
1391.1
1391.2
1391.2
1391.2
1391.2
1391.3
1391.3
1391.4
1391.4
1391.5
1391.5
1391.7
1391.8
1391.8
1391.8
1391.9
1391.9
1392.1
1392.1
1392.4
1392.4
1392.4
1392.5
1392.5
1392.6
1392.6
1392.7
1393.0
1393.0
1393.2
1393.2
1393.3
1393.4
1393.5
1394.0
1394.3
1394.5
1395.2
1395.4
1395.6
1396.4
1397.4
1397.7
1397.9
1398.2
1398.3
1398.8
1398.8
1399.0
1399.0
1399.0
1399.2
1399.2
1399.3
1399.3
1399.3
1399.6
1399.6
1399.6
1399.7
1400.1
1400.1
1400.2
1400.3
1400.4
1400.5
1400.5
1400.5
1400.5
1400.7
1400.7
1400.7
1400.8
1400.9
1400.9
1401.0
1401.1
1401.2
1401.3
1401.3
1401.7
1401.9
1402.0
1402.1
1402.1
1402.1
1402.3
1402.4
1402.4
1402.4
1402.5
1402.8
1402.9
1402.9
1403.1
1403.3
1403.4
1403.9
1404.0
1404.2
1404.6
1404.6
1404.7
1405.5
1405.6
1405.7
1405.9
1406.0
1406.8
1407.0
1408.3
1408.7
1409.8
1409.9
1410.0
1410.4
1411.0
1413.4
1414.2
1415.0
1417.2
1418.8
1421.0
1429.2
1430.0
1432.6
1434.2
1437.3
1542.3
1542.3
1542.3
1542.3
1542.3
1542.3
1542.3
1542.4
1542.4
1542.4
1542.4
1542.4
1542.4
1542.4
1542.4
1542.4
1542.4
1542.4
1542.4
1542.4
1542.4
1542.4
1542.4
1542.4
1542.4
1542.4
1542.4
1542.4
1542.4
1542.4
1542.4
1542.4
1542.4
1542.4
1542.4
1542.4
1542.4
1542.4
1542.4
1542.4
1542.4
1542.4
1542.4
1542.4
1542.4
1542.4
1542.4
1542.4
1542.4
1542.4
1542.4
1542.4
1542.4
1542.4
1542.4
1542.4
1542.4
1542.4
1542.4
1542.4
1542.4
1542.4
1542.4
1542.4
1542.4
1542.4
1542.4
1542.4
1542.4
1542.4
1542.4
1542.4
1542.4
1542.4
1542.4
1542.5
1542.5
1542.5
1542.5
1542.5
1542.5
1542.6
1542.6
1542.6
1542.6
1542.7
1542.7
1542.7
1542.8
1542.8
1542.8
1542.9
1543.0
1543.0
1543.1
1543.2
1543.2
1543.2
1543.2
1543.3
1547.4
1547.5
1547.5
1547.5
1547.5
1547.5
1547.5
1547.5
1547.5
1547.5
1547.5
1547.5
1547.5
1547.5
1547.5
1547.5
1547.5
1547.5
1547.5
1547.6
1547.6
1547.6
1547.6
1547.6
1547.6
1547.6
1547.6
1547.6
1547.6
1547.6
1547.6
1547.6
1547.6
1547.6
1547.6
1547.6
1547.6
1547.6
1547.6
1547.6
1547.6
1547.6
1547.6
1547.6
1547.6
1547.6
1547.6
1547.6
1547.6
1547.6
1547.6
1547.7
1547.7
1547.7
1547.7
1547.7
1547.7
1547.7
1547.7
1547.7
1547.7
1547.7
1547.7
1547.7
1547.7
1547.7
1547.7
1547.7
1547.7
1547.7
1547.7
1547.7
1547.7
1547.8
1547.8
1547.8
1547.9
1547.9
1547.9
1548.0
1548.2
1548.3
1548.3
1548.5
1548.8
1548.8
1548.8
1548.9
1549.6
1549.6
1549.7
1549.8
1550.4
1550.4
1551.0
1551.1
1551.1
1551.2
1551.3
1551.3
1551.4
1551.4
1551.4
1551.4
1551.5
1551.5
1551.5
1551.5
1551.5
1551.5
1551.5
1551.5
1551.5
1551.5
1551.6
1551.6
1551.6
1551.6
1551.6
1551.6
1551.6
1551.6
1551.6
1551.6
1551.7
1551.7
1551.7
1551.7
1551.7
1551.7
1551.7
1551.7
1551.7
1551.8
1551.8
1551.8
1551.8
1551.8
1551.8
1551.8
1551.8
1551.8
1551.8
1551.8
1551.8
1551.8
1551.9
1551.9
1551.9
1551.9
1551.9
1551.9
1552.0
1552.0
1552.0
1552.0
1552.0
1552.0
1552.0
1552.1
1552.1
1552.2
1552.2
1552.2
1552.2
1552.2
1552.3
1552.3
1552.4
1552.4
1552.4
1552.5
1552.5
1552.6
1552.6
1552.6
1552.6
1553.1
1553.1
1553.2
1553.2
1553.3
1553.3
1553.5
1554.0
1554.3
1554.4
1554.7
1555.7
1556.2
1556.3
1556.3
1556.3
1556.4
1556.4
1556.5
1556.6
1556.6
1556.6
1556.6
1556.6
1556.7
1556.7
1556.7
1556.7
1556.7
1556.7
1556.8
1556.9
1556.9
1556.9
1556.9
1557.0
1557.0
1557.0
1557.1
1557.1
1557.1
1557.1
1557.1
1557.1
1557.1
1557.2
1557.3
1557.3
1557.3
1557.3
1557.4
1557.4
1557.5
1557.5
1557.5
1557.6
1557.6
1557.6
1557.6
1557.7
1557.7
1557.7
1557.8
1557.8
1557.9
1558.0
1558.0
1558.0
1558.0
1558.0
1558.0
1558.1
1558.2
1558.2
1558.2
1558.3
1558.3
1558.4
1558.4
1558.6
1558.6
1558.7
1558.8
1559.1
1559.1
1559.1
1559.1
1559.2
1559.3
1559.4
1559.5
1559.8
1559.9
1559.9
1560.0
1560.0
1560.1
1560.3
1560.6
1560.7
1561.0
1561.0
1561.0
1561.2
1561.5
1562.1
1562.2
1562.9
1563.8
1565.1
1565.7
1566.3
1566.7
1566.7
1566.9
1567.6
1567.9
1567.9
1567.9
1568.2
1568.2
1568.3
1568.3
1568.5
1568.7
1569.0
1569.0
1569.5
1569.5
1569.8
1569.8
1570.0
1570.0
1570.1
1570.4
1570.8
1570.8
1570.9
1571.5
1571.7
1571.8
1571.8
1572.1
1572.3
1572.4
1572.6
1572.8
1572.8
1573.2
1573.2
1573.4
1573.6
1573.7
1574.1
1574.2
1574.3
1574.6
1574.7
1574.8
1575.2
1575.4
1576.0
1576.0
1576.4
1576.4
1576.5
1577.0
1578.1
1578.8
1579.0
1580.1
1581.8
1583.6
1583.6
1584.3
1595.6
1595.6
1595.6
1595.7
1595.7
1595.8
1595.8
1595.9
1595.9
1595.9
1596.0
1596.0
1596.0
1596.1
1596.1
1596.1
1596.1
1596.2
1596.2
1596.2
1596.2
1596.2
1596.2
1596.2
1596.2
1596.2
1596.2
1596.2
1596.2
1596.2
1596.2
1596.2
1596.2
1596.2
1596.2
1596.2
1596.2
1596.2
1596.2
1596.2
1596.2
1596.2
1596.2
1596.2
1596.2
1596.2
1596.3
1596.3
1596.3
1596.3
1596.3
1596.3
1596.3
1596.3
1596.3
1596.3
1596.3
1596.3
1596.3
1596.3
1596.3
1596.3
1596.3
1596.3
1596.3
1596.3
1596.4
1596.4
1596.4
1596.4
1596.4
1596.4
1596.4
1596.4
1596.4
1596.4
1596.4
1596.4
1596.4
1596.4
1596.4
1596.4
1596.5
1596.5
1596.5
1596.5
1596.6
1596.7
1596.7
1596.8
1596.8
1596.8
1596.9
1597.0
1597.1
1597.1
1597.2
1597.3
1597.4
1597.6
1604.4
1604.8
1604.9
1605.0
1605.3
1605.4
1605.4
1605.6
1605.6
1605.9
1605.9
1605.9
1606.3
1606.3
1606.4
1606.5
1606.5
1606.6
1606.7
1606.7
1606.8
1606.8
1606.8
1606.8
1606.9
1606.9
1606.9
1606.9
1607.0
1607.0
1607.0
1607.0
1607.0
1607.0
1607.0
1607.0
1607.1
1607.1
1607.1
1607.3
1607.3
1607.3
1607.3
1607.3
1607.3
1607.4
1607.4
1607.4
1607.4
1607.5
1607.5
1607.6
1607.7
1607.7
1607.7
1607.7
1607.8
1607.9
1608.1
1608.3
1608.4
1608.4
1608.6
1608.6
1608.6
1608.7
1608.8
1608.8
1608.8
1608.9
1608.9
1609.0
1609.1
1609.1
1609.2
1609.2
1609.3
1609.3
1609.4
1609.9
1610.0
1610.4
1610.7
1610.9
1611.1
1611.6
1614.4
1616.6
1618.0
1618.9
1622.0
1623.8
1626.1
1711.8
1711.8
1711.8
1711.8
1711.8
1711.8
1711.8
1711.8
1711.8
1711.8
1711.8
1711.8
1711.8
1711.8
1711.8
1711.8
1711.8
1711.8
1711.9
1711.9
1711.9
1711.9
1711.9
1711.9
1711.9
1711.9
1711.9
1711.9
1711.9
1711.9
1711.9
1711.9
1711.9
1711.9
1711.9
1711.9
1711.9
1711.9
1711.9
1711.9
1711.9
1711.9
1711.9
1711.9
1711.9
1711.9
1711.9
1711.9
1711.9
1711.9
1711.9
1711.9
1711.9
1711.9
1711.9
1711.9
1711.9
1711.9
1711.9
1711.9
1711.9
1712.0
1712.0
1712.0
1712.0
1712.0
1712.0
1712.0
1712.0
1712.0
1712.0
1712.0
1712.0
1712.0
1712.0
1712.1
1712.1
1712.1
1712.1
1712.1
1712.2
1712.2
1712.2
1712.3
1712.3
1712.3
1712.5
1712.6
1712.6
1712.9
1712.9
1713.0
1713.3
1713.4
1713.5
1713.7
1713.7
1713.8
1713.9
1713.9
1716.3
1716.4
1716.4
1716.4
1716.4
1716.4
1716.4
1716.4
1716.4
1716.4
1716.4
1716.4
1716.4
1716.4
1716.4
1716.4
1716.4
1716.4
1716.5
1716.5
1716.5
1716.5
1716.5
1716.5
1716.5
1716.5
1716.5
1716.5
1716.5
1716.5
1716.5
1716.5
1716.5
1716.5
1716.5
1716.5
1716.5
1716.5
1716.5
1716.5
1716.5
1716.5
1716.5
1716.5
1716.5
1716.5
1716.5
1716.5
1716.5
1716.5
1716.5
1716.5
1716.5
1716.5
1716.5
1716.5
1716.5
1716.5
1716.5
1716.5
1716.5
1716.5
1716.5
1716.5
1716.5
1716.5
1716.5
1716.5
1716.5
1716.5
1716.6
1716.6
1716.6
1716.6
1716.7
1716.7
1716.7
1716.7
1716.8
1716.8
1716.9
1717.0
1717.0
1717.1
1717.3
1717.3
1717.6
1717.7
1718.1
1718.5
1718.6
1718.8
1719.5
1719.7
1720.6
1720.9
1721.1
1721.1
1721.3
1721.4
1721.4
1721.5
1721.5
1721.5
1721.5
1721.5
1721.5
1721.5
1721.5
1721.5
1721.5
1721.5
1721.5
1721.6
1721.6
1721.6
1721.6
1721.6
1721.6
1721.6
1721.6
1721.6
1721.6
1721.6
1721.6
1721.6
1721.6
1721.6
1721.6
1721.7
1721.7
1721.7
1721.7
1721.7
1721.7
1721.7
1721.7
1721.7
1721.7
1721.7
1721.7
1721.7
1721.7
1721.8
1721.8
1721.8
1721.8
1721.8
1721.8
1721.8
1721.8
1721.8
1721.8
1721.8
1721.8
1721.8
1721.8
1721.8
1721.8
1721.9
1721.9
1721.9
1721.9
1721.9
1722.0
1722.0
1722.0
1722.0
1722.0
1722.1
1722.1
1722.1
1722.1
1722.1
1722.2
1722.2
1722.2
1722.5
1722.5
1722.5
1722.5
1722.6
1722.6
1722.7
1723.0
1723.1
1723.2
1723.4
1724.1
1724.2
1724.3
1724.4
1726.0
1726.1
1726.1
1726.1
1726.1
1726.2
1726.3
1726.3
1726.3
1726.3
1726.4
1726.4
1726.4
1726.4
1726.4
1726.4
1726.5
1726.5
1726.5
1726.6
1726.6
1726.6
1726.6
1726.6
1726.7
1726.7
1726.7
1726.7
1726.7
1726.7
1726.7
1726.7
1726.8
1726.8
1726.8
1726.9
1726.9
1726.9
1726.9
1727.0
1727.0
1727.0
1727.0
1727.0
1727.0
1727.1
1727.1
1727.2
1727.2
1727.2
1727.2
1727.3
1727.3
1727.3
1727.3
1727.3
1727.4
1727.4
1727.4
1727.5
1727.5
1727.5
1727.6
1727.6
1727.7
1727.8
1727.8
1727.9
1728.0
1728.0
1728.1
1728.1
1728.1
1728.2
1728.2
1728.3
1728.4
1728.5
1728.6
1728.6
1728.7
1728.7
1729.0
1729.2
1729.2
1729.4
1729.5
1729.6
1729.7
1729.9
1730.1
1730.3
1730.8
1731.0
1731.6
1732.3
1733.0
1734.1
1734.4
1734.5
1734.8
1734.9
1735.2
1735.3
1735.4
1735.5
1735.6
1735.7
1735.7
1735.7
1735.8
1735.8
1735.9
1736.0
1736.1
1736.2
1736.2
1736.5
1736.7
1736.8
1736.8
1736.9
1737.0
1737.1
1737.1
1737.3
1737.3
1737.3
1737.6
1737.6
1737.7
1737.7
1737.7
1737.8
1737.9
1738.4
1738.5
1738.6
1738.7
1738.7
1739.0
1739.0
1739.2
1739.3
1739.4
1739.5
1739.5
1739.8
1739.9
1740.0
1740.2
1740.3
1740.5
1740.8
1741.1
1741.4
1741.4
1741.5
1741.6
1742.6
1742.7
1743.1
1743.3
1744.0
1744.1
1744.5
1745.1
1746.3
1747.7
1749.0
1749.1
1749.4
1750.0
1750.9
1751.2
1753.2
1756.6
1769.0
1878.7
1878.7
1878.7
1878.7
1878.7
1878.7
1878.7
1878.7
1878.7
1878.7
1878.7
1878.7
1878.7
1878.7
1878.7
1878.7
1878.7
1878.7
1878.7
1878.7
1878.7
1878.7
1878.7
1878.7
1878.7
1878.7
1878.7
1878.7
1878.7
1878.7
1878.7
1878.7
1878.7
1878.7
1878.7
1878.7
1878.7
1878.7
1878.7
1878.7
1878.7
1878.7
1878.7
1878.7
1878.7
1878.7
1878.7
1878.7
1878.7
1878.7
1878.7
1878.7
1878.7
1878.7
1878.7
1878.7
1878.7
1878.7
1878.7
1878.7
1878.7
1878.8
1878.8
1878.8
1878.8
1878.8
1878.8
1878.8
1878.8
1878.8
1878.8
1878.8
1878.8
1878.8
1878.8
1878.8
1878.8
1878.8
1878.9
1878.9
1878.9
1878.9
1879.0
1879.0
1879.0
1879.0
1879.1
1879.1
1879.2
1879.2
1879.2
1879.2
1879.4
1879.4
1879.5
1879.6
1879.6
1879.6
1879.6
1879.8
1883.8
1883.9
1883.9
1883.9
1883.9
1883.9
1883.9
1883.9
1883.9
1883.9
1883.9
1883.9
1883.9
1883.9
1883.9
1883.9
1884.0
1884.0
1884.0
1884.0
1884.0
1884.0
1884.0
1884.0
1884.0
1884.0
1884.0
1884.0
1884.0
1884.0
1884.0
1884.0
1884.0
1884.0
1884.0
1884.0
1884.0
1884.0
1884.0
1884.0
1884.0
1884.0
1884.0
1884.0
1884.0
1884.0
1884.0
1884.1
1884.1
1884.1
1884.1
1884.1
1884.1
1884.1
1884.1
1884.1
1884.1
1884.1
1884.1
1884.1
1884.1
1884.1
1884.1
1884.1
1884.1
1884.1
1884.1
1884.1
1884.1
1884.1
1884.1
1884.2
1884.2
1884.2
1884.2
1884.2
1884.3
1884.3
1884.4
1884.4
1884.6
1884.7
1884.8
1885.0
1885.3
1885.3
1885.3
1885.4
1886.1
1886.2
1886.3
1886.4
1887.0
1887.1
1887.6
1887.7
1887.8
1887.9
1887.9
1887.9
1887.9
1888.0
1888.0
1888.0
1888.0
1888.0
1888.0
1888.0
1888.0
1888.0
1888.0
1888.0
1888.0
1888.1
1888.1
1888.1
1888.1
1888.1
1888.1
1888.1
1888.1
1888.1
1888.2
1888.2
1888.2
1888.2
1888.2
1888.2
1888.2
1888.2
1888.2
1888.3
1888.3
1888.3
1888.3
1888.3
1888.3
1888.3
1888.3
1888.3
1888.3
1888.3
1888.3
1888.3
1888.3
1888.4
1888.4
1888.4
1888.4
1888.4
1888.4
1888.5
1888.5
1888.5
1888.5
1888.5
1888.5
1888.5
1888.5
1888.6
1888.6
1888.7
1888.7
1888.7
1888.7
1888.7
1888.8
1888.8
1888.8
1888.9
1888.9
1889.0
1889.0
1889.1
1889.1
1889.1
1889.1
1889.5
1889.6
1889.6
1889.6
1889.8
1889.8
1889.9
1890.5
1890.7
1890.8
1891.1
1892.2
1892.7
1892.7
1892.8
1892.8
1892.8
1892.9
1892.9
1893.1
1893.1
1893.1
1893.1
1893.1
1893.1
1893.1
1893.2
1893.2
1893.2
1893.2
1893.3
1893.3
1893.4
1893.4
1893.4
1893.5
1893.5
1893.5
1893.5
1893.5
1893.5
1893.5
1893.5
1893.5
1893.6
1893.6
1893.7
1893.7
1893.8
1893.8
1893.9
1893.9
1893.9
1893.9
1894.0
1894.0
1894.0
1894.0
1894.1
1894.1
1894.2
1894.2
1894.2
1894.3
1894.3
1894.4
1894.4
1894.4
1894.4
1894.4
1894.5
1894.6
1894.6
1894.7
1894.7
1894.7
1894.7
1894.8
1894.8
1895.0
1895.0
1895.0
1895.2
1895.4
1895.4
1895.5
1895.6
1895.7
1895.7
1895.8
1895.9
1896.1
1896.3
1896.3
1896.3
1896.4
1896.4
1896.7
1896.7
1897.0
1897.3
1897.3
1897.3
1897.4
1898.0
1898.1
1898.3
1898.5
1899.9
1900.8
1901.9
1902.0
1902.5
1902.7
1902.9
1903.5
1903.8
1903.9
1903.9
1904.0
1904.0
1904.1
1904.1
1904.5
1904.5
1904.7
1904.9
1905.1
1905.1
1905.3
1905.4
1905.5
1905.6
1905.9
1906.1
1906.3
1906.3
1906.6
1906.6
1906.9
1907.0
1907.3
1907.4
1907.5
1907.6
1907.7
1907.8
1907.9
1908.2
1908.4
1908.4
1908.4
1908.6
1908.8
1908.8
1908.9
1909.2
1909.2
1909.6
1909.8
1910.0
1910.0
1910.7
1910.7
1910.8
1910.8
1910.9
1911.4
1912.4
1912.9
1913.1
1913.2
1913.8
1914.2
1916.6
1917.8
1921.4
1922.3
1923.0
1930.5
1930.8
1930.9
1931.0
1931.0
1931.1
1931.2
1931.2
1931.2
1931.2
1931.3
1931.3
1931.3
1931.4
1931.4
1931.4
1931.4
1931.4
1931.4
1931.5
1931.5
1931.5
1931.5
1931.5
1931.5
1931.5
1931.5
1931.5
1931.5
1931.5
1931.5
1931.5
1931.5
1931.5
1931.5
1931.5
1931.5
1931.5
1931.5
1931.5
1931.5
1931.5
1931.5
1931.5
1931.5
1931.5
1931.5
1931.5
1931.5
1931.5
1931.5
1931.5
1931.6
1931.6
1931.6
1931.6
1931.6
1931.6
1931.6
1931.6
1931.6
1931.6
1931.6
1931.6
1931.6
1931.6
1931.6
1931.6
1931.6
1931.6
1931.7
1931.7
1931.7
1931.7
1931.7
1931.7
1931.7
1931.7
1931.7
1931.7
1931.8
1931.8
1931.8
1931.8
1931.8
1931.8
1931.9
1931.9
1931.9
1932.0
1932.0
1932.1
1932.2
1932.3
1932.3
1932.3
1932.4
1932.6
1932.6
1932.8
1938.5
1939.4
1939.8
1940.3
1940.4
1940.6
1940.8
1941.0
1941.4
1941.5
1941.5
1941.7
1941.7
1941.8
1941.8
1941.8
1941.9
1942.0
1942.1
1942.1
1942.1
1942.1
1942.1
1942.1
1942.2
1942.2
1942.2
1942.2
1942.2
1942.2
1942.3
1942.3
1942.3
1942.3
1942.3
1942.3
1942.3
1942.3
1942.3
1942.4
1942.4
1942.4
1942.5
1942.5
1942.6
1942.6
1942.6
1942.7
1942.7
1942.7
1942.9
1942.9
1942.9
1943.0
1943.2
1943.5
1943.5
1943.6
1943.6
1943.6
1943.7
1943.7
1943.7
1943.8
1943.9
1943.9
1943.9
1944.0
1944.0
1944.1
1944.2
1944.3
1944.3
1944.4
1944.4
1944.5
1944.6
1944.8
1944.9
1945.0
1945.0
1945.3
1945.5
1945.6
1945.9
1946.9
1947.5
1951.6
1953.6
1953.8
1955.4
1959.6
1961.2
1979.3
2048.2
2048.2
2048.2
2048.2
2048.2
2048.2
2048.2
2048.2
2048.2
2048.2
2048.2
2048.2
2048.2
2048.2
2048.2
2048.2
2048.2
2048.3
2048.3
2048.3
2048.3
2048.3
2048.3
2048.3
2048.3
2048.3
2048.3
2048.3
2048.3
2048.3
2048.3
2048.3
2048.3
2048.3
2048.3
2048.3
2048.3
2048.3
2048.3
2048.3
2048.3
2048.3
2048.3
2048.3
2048.3
2048.3
2048.3
2048.3
2048.3
2048.3
2048.3
2048.3
2048.3
2048.3
2048.3
2048.3
2048.3
2048.3
2048.3
2048.3
2048.3
2048.4
2048.4
2048.4
2048.4
2048.4
2048.4
2048.4
2048.4
2048.4
2048.4
2048.4
2048.4
2048.4
2048.4
2048.4
2048.5
2048.5
2048.5
2048.5
2048.6
2048.6
2048.6
2048.6
2048.6
2048.7
2048.9
2049.0
2049.0
2049.3
2049.3
2049.4
2049.7
2049.8
2049.9
2050.1
2050.1
2050.2
2050.3
2050.3
2052.7
2052.7
2052.7
2052.7
2052.7
2052.8
2052.8
2052.8
2052.8
2052.8
2052.8
2052.8
2052.8
2052.8
2052.8
2052.8
2052.8
2052.8
2052.8
2052.8
2052.8
2052.8
2052.8
2052.8
2052.8
2052.8
2052.8
2052.8
2052.8
2052.8
2052.8
2052.8
2052.8
2052.8
2052.8
2052.8
2052.8
2052.8
2052.8
2052.8
2052.8
2052.8
2052.8
2052.8
2052.8
2052.8
2052.8
2052.8
2052.8
2052.8
2052.8
2052.8
2052.8
2052.9
2052.9
2052.9
2052.9
2052.9
2052.9
2052.9
2052.9
2052.9
2052.9
2052.9
2052.9
2052.9
2052.9
2052.9
2052.9
2052.9
2052.9
2052.9
2052.9
2053.0
2053.0
2053.1
2053.1
2053.1
2053.2
2053.2
2053.3
2053.4
2053.5
2053.5
2053.7
2053.8
2054.1
2054.2
2054.5
2055.0
2055.1
2055.3
2056.1
2056.2
2057.2
2057.5
2057.6
2057.6
2057.7
2057.8
2057.8
2057.8
2057.8
2057.8
2057.8
2057.8
2057.8
2057.8
2057.8
2057.9
2057.9
2057.9
2057.9
2057.9
2057.9
2057.9
2057.9
2057.9
2057.9
2057.9
2057.9
2057.9
2057.9
2057.9
2057.9
2057.9
2058.0
2058.0
2058.0
2058.0
2058.0
2058.0
2058.0
2058.0
2058.0
2058.0
2058.0
2058.0
2058.0
2058.1
2058.1
2058.1
2058.1
2058.1
2058.1
2058.1
2058.1
2058.1
2058.1
2058.1
2058.1
2058.1
2058.1
2058.1
2058.1
2058.1
2058.2
2058.2
2058.2
2058.2
2058.2
2058.2
2058.2
2058.3
2058.3
2058.3
2058.3
2058.3
2058.3
2058.4
2058.4
2058.4
2058.4
2058.5
2058.5
2058.6
2058.6
2058.8
2058.8
2058.8
2058.9
2058.9
2059.0
2059.0
2059.3
2059.5
2059.5
2059.8
2060.6
2060.7
2060.8
2060.9
2062.4
2062.5
2062.5
2062.6
2062.6
2062.7
2062.7
2062.7
2062.7
2062.7
2062.7
2062.7
2062.7
2062.7
2062.8
2062.8
2062.8
2062.8
2062.9
2062.9
2062.9
2062.9
2063.0
2063.0
2063.0
2063.0
2063.0
2063.0
2063.0
2063.0
2063.0
2063.0
2063.1
2063.1
2063.2
2063.2
2063.2
2063.3
2063.3
2063.3
2063.3
2063.3
2063.4
2063.4
2063.4
2063.4
2063.4
2063.5
2063.5
2063.5
2063.6
2063.6
2063.6
2063.6
2063.7
2063.7
2063.7
2063.8
2063.8
2063.8
2063.9
2063.9
2063.9
2063.9
2064.1
2064.1
2064.2
2064.3
2064.4
2064.4
2064.5
2064.6
2064.7
2064.7
2064.8
2064.9
2064.9
2065.0
2065.0
2065.1
2065.1
2065.3
2065.4
2065.6
2065.7
2065.9
2065.9
2066.0
2066.1
2066.6
2066.8
2066.9
2067.6
2067.7
2068.2
2068.9
2069.8
2070.5
2070.7
2071.0
2071.1
2071.5
2071.7
2071.8
2071.8
2071.9
2072.0
2072.0
2072.1
2072.2
2072.3
2072.4
2072.4
2072.5
2072.6
2072.9
2072.9
2073.1
2073.1
2073.2
2073.3
2073.4
2073.5
2073.5
2073.6
2073.7
2073.7
2073.8
2073.9
2074.0
2074.1
2074.2
2074.2
2074.3
2074.4
2075.0
2075.0
2075.0
2075.1
2075.1
2075.1
2075.6
2075.7
2075.7
2075.8
2075.9
2076.2
2076.4
2076.4
2076.4
2076.5
2076.9
2077.0
2077.6
2077.9
2078.0
2078.0
2078.1
2078.3
2079.0
2079.2
2079.9
2080.0
2080.5
2081.2
2081.7
2082.0
2084.5
2084.6
2084.8
2084.9
2085.2
2086.5
2087.7
2088.6
2089.0
2096.5
2098.5
2111.5
2215.1
2215.1
2215.1
2215.1
2215.1
2215.1
2215.1
2215.1
2215.1
2215.1
2215.1
2215.1
2215.1
2215.1
2215.1
2215.1
2215.1
2215.1
2215.1
2215.1
2215.1
2215.1
2215.1
2215.1
2215.1
2215.1
2215.1
2215.1
2215.1
2215.1
2215.1
2215.1
2215.1
2215.1
2215.1
2215.1
2215.1
2215.1
2215.1
2215.1
2215.1
2215.1
2215.1
2215.1
2215.1
2215.1
2215.1
2215.1
2215.1
2215.1
2215.1
2215.1
2215.1
2215.1
2215.1
2215.1
2215.1
2215.1
2215.1
2215.1
2215.2
2215.2
2215.2
2215.2
2215.2
2215.2
2215.2
2215.2
2215.2
2215.2
2215.2
2215.2
2215.2
2215.2
2215.2
2215.2
2215.2
2215.2
2215.3
2215.3
2215.3
2215.3
2215.3
2215.4
2215.4
2215.4
2215.4
2215.4
2215.5
2215.6
2215.6
2215.6
2215.7
2215.7
2215.8
2215.9
2215.9
2216.0
2216.0
2216.1
2220.1
2220.2
2220.2
2220.2
2220.2
2220.2
2220.2
2220.2
2220.3
2220.3
2220.3
2220.3
2220.3
2220.3
2220.3
2220.3
2220.3
2220.3
2220.3
2220.3
2220.3
2220.3
2220.3
2220.3
2220.3
2220.3
2220.3
2220.3
2220.3
2220.3
2220.3
2220.3
2220.3
2220.3
2220.3
2220.3
2220.3
2220.3
2220.3
2220.3
2220.3
2220.3
2220.4
2220.4
2220.4
2220.4
2220.4
2220.4
2220.4
2220.4
2220.4
2220.4
2220.4
2220.4
2220.4
2220.4
2220.4
2220.4
2220.4
2220.4
2220.4
2220.4
2220.4
2220.4
2220.4
2220.4
2220.4
2220.5
2220.5
2220.5
2220.5
2220.5
2220.5
2220.5
2220.5
2220.5
2220.6
2220.6
2220.7
2220.7
2220.9
2221.0
2221.1
2221.2
2221.5
2221.5
2221.5
2221.6
2222.3
2222.3
2222.4
2222.5
2223.1
2223.2
2223.7
2223.8
2223.8
2223.9
2224.0
2224.1
2224.1
2224.1
2224.2
2224.2
2224.2
2224.2
2224.2
2224.2
2224.2
2224.2
2224.2
2224.2
2224.2
2224.3
2224.3
2224.3
2224.3
2224.3
2224.3
2224.3
2224.3
2224.3
2224.3
2224.4
2224.4
2224.4
2224.4
2224.4
2224.4
2224.4
2224.5
2224.5
2224.5
2224.5
2224.5
2224.5
2224.5
2224.5
2224.5
2224.5
2224.5
2224.5
2224.5
2224.6
2224.6
2224.6
2224.6
2224.6
2224.6
2224.6
2224.7
2224.7
2224.7
2224.7
2224.7
2224.7
2224.7
2224.7
2224.8
2224.8
2224.8
2224.9
2224.9
2224.9
2225.0
2225.0
2225.0
2225.1
2225.1
2225.1
2225.1
2225.2
2225.3
2225.3
2225.4
2225.4
2225.4
2225.8
2225.9
2225.9
2225.9
2226.1
2226.1
2226.2
2226.8
2227.0
2227.1
2227.5
2228.4
2229.0
2229.0
2229.0
2229.0
2229.1
2229.2
2229.2
2229.3
2229.3
2229.3
2229.3
2229.4
2229.4
2229.4
2229.4
2229.4
2229.4
2229.5
2229.5
2229.6
2229.6
2229.7
2229.7
2229.7
2229.8
2229.8
2229.8
2229.8
2229.8
2229.8
2229.8
2229.8
2229.8
2229.9
2230.0
2230.0
2230.0
2230.1
2230.2
2230.2
2230.2
2230.2
2230.2
2230.3
2230.3
2230.3
2230.4
2230.4
2230.5
2230.5
2230.5
2230.5
2230.6
2230.7
2230.7
2230.7
2230.7
2230.7
2230.7
2230.8
2230.9
2230.9
2230.9
2231.0
2231.0
2231.1
2231.1
2231.3
2231.4
2231.4
2231.5
2231.7
2231.7
2231.8
2231.8
2231.9
2232.1
2232.1
2232.2
2232.5
2232.5
2232.5
2232.6
2232.7
2232.8
2233.0
2233.3
2233.3
2233.7
2233.7
2233.7
2233.8
2234.0
2234.7
2234.7
2235.3
2236.5
2237.6
2238.5
2239.1
2239.3
2239.5
2239.6
2240.3
2240.6
2240.6
2240.7
2240.9
2240.9
2241.0
2241.1
2241.2
2241.5
2241.5
2241.8
2242.2
2242.3
2242.4
2242.5
2242.7
2242.8
2242.8
2243.2
2243.5
2244.1
2244.1
2244.2
2244.4
2244.5
2244.5
2244.6
2245.0
2245.1
2245.5
2245.6
2246.1
2246.2
2246.3
2246.6
2246.7
2246.8
2246.9
2247.1
2247.1
2247.2
2247.4
2247.5
2247.5
2248.1
2248.5
2248.7
2248.9
2249.0
2249.2
2250.6
2251.1
2251.7
2252.6
2252.7
2253.0
2253.5
2254.6
2261.5
2267.0
2267.0
2267.0
2267.1
2267.1
2267.1
2267.2
2267.3
2267.3
2267.3
2267.3
2267.3
2267.4
2267.4
2267.4
2267.5
2267.5
2267.5
2267.6
2267.6
2267.6
2267.6
2267.6
2267.6
2267.6
2267.6
2267.6
2267.6
2267.6
2267.6
2267.6
2267.6
2267.6
2267.6
2267.6
2267.6
2267.6
2267.6
2267.6
2267.6
2267.6
2267.6
2267.6
2267.6
2267.6
2267.6
2267.6
2267.6
2267.7
2267.7
2267.7
2267.7
2267.7
2267.7
2267.7
2267.7
2267.7
2267.7
2267.7
2267.7
2267.7
2267.7
2267.7
2267.7
2267.7
2267.7
2267.7
2267.7
2267.8
2267.8
2267.8
2267.8
2267.8
2267.8
2267.8
2267.8
2267.8
2267.8
2267.8
2267.8
2267.8
2267.8
2267.9
2267.9
2267.9
2267.9
2268.0
2268.1
2268.1
2268.2
2268.2
2268.2
2268.3
2268.4
2268.4
2268.5
2268.6
2268.7
2268.8
2268.9
2275.7
2276.2
2276.2
2276.3
2276.6
2276.9
2277.0
2277.0
2277.1
2277.2
2277.2
2277.3
2277.6
2277.7
2277.8
2277.9
2277.9
2278.0
2278.0
2278.1
2278.2
2278.2
2278.2
2278.3
2278.3
2278.3
2278.3
2278.3
2278.4
2278.4
2278.4
2278.4
2278.5
2278.5
2278.5
2278.5
2278.5
2278.5
2278.5
2278.5
2278.6
2278.6
2278.7
2278.7
2278.7
2278.7
2278.7
2278.8
2278.8
2278.9
2278.9
2279.0
2279.0
2279.0
2279.1
2279.1
2279.1
2279.3
2279.5
2279.7
2279.8
2279.8
2280.0
2280.0
2280.1
2280.1
2280.1
2280.1
2280.2
2280.3
2280.4
2280.4
2280.5
2280.5
2280.6
2280.6
2280.6
2280.7
2280.8
2281.2
2281.4
2281.5
2281.7
2282.3
2282.3
2283.0
2285.6
2287.3
2289.6
2290.3
2291.7
2292.2
2294.3
2384.6
2384.6
2384.6
2384.6
2384.7
2384.7
2384.7
2384.7
2384.7
2384.7
2384.7
2384.7
2384.7
2384.7
2384.7
2384.7
2384.7
2384.7
2384.7
2384.7
2384.7
2384.7
2384.7
2384.7
2384.7
2384.7
2384.7
2384.7
2384.7
2384.7
2384.7
2384.7
2384.7
2384.7
2384.7
2384.8
2384.8
2384.8
2384.8
2384.8
2384.8
2384.8
2384.8
2384.8
2384.8
2384.8
2384.8
2384.8
2384.8
2384.8
2384.8
2384.8
2384.8
2384.8
2384.8
2384.8
2384.8
2384.8
2384.8
2384.8
2384.8
2384.8
2384.8
2384.8
2384.8
2384.9
2384.9
2384.9
2384.9
2384.9
2384.9
2384.9
2384.9
2384.9
2384.9
2384.9
2384.9
2385.0
2385.0
2385.0
2385.0
2385.0
2385.1
2385.1
2385.1
2385.2
2385.4
2385.4
2385.5
2385.8
2385.9
2385.9
2386.2
2386.3
2386.4
2386.6
2386.6
2386.7
2386.8
2386.8
2389.2
2389.2
2389.2
2389.2
2389.2
2389.2
2389.2
2389.2
2389.2
2389.2
2389.2
2389.2
2389.2
2389.3
2389.3
2389.3
2389.3
2389.3
2389.3
2389.3
2389.3
2389.3
2389.3
2389.3
2389.3
2389.3
2389.3
2389.3
2389.3
2389.3
2389.3
2389.3
2389.3
2389.3
2389.3
2389.3
2389.3
2389.3
2389.3
2389.3
2389.3
2389.3
2389.3
2389.3
2389.3
2389.3
2389.3
2389.3
2389.3
2389.3
2389.3
2389.3
2389.3
2389.3
2389.4
2389.4
2389.4
2389.4
2389.4
2389.4
2389.4
2389.4
2389.4
2389.4
2389.4
2389.4
2389.4
2389.4
2389.4
2389.4
2389.4
2389.5
2389.5
2389.5
2389.5
2389.5
2389.6
2389.7
2389.7
2389.8
2389.8
2389.9
2390.0
2390.1
2390.3
2390.3
2390.7
2390.9
2391.1
2391.7
2391.8
2392.0
2392.8
2393.0
2393.9
2394.1
2394.2
2394.2
2394.2
2394.2
2394.2
2394.2
2394.3
2394.3
2394.3
2394.3
2394.3
2394.3
2394.3
2394.3
2394.3
2394.3
2394.3
2394.3
2394.3
2394.3
2394.3
2394.3
2394.3
2394.3
2394.3
2394.3
2394.3
2394.3
2394.3
2394.4
2394.4
2394.4
2394.4
2394.4
2394.4
2394.4
2394.4
2394.4
2394.4
2394.4
2394.4
2394.5
2394.5
2394.5
2394.5
2394.5
2394.5
2394.5
2394.5
2394.5
2394.5
2394.5
2394.5
2394.5
2394.5
2394.5
2394.5
2394.5
2394.5
2394.6
2394.6
2394.6
2394.6
2394.6
2394.6
2394.6
2394.7
2394.7
2394.7
2394.7
2394.7
2394.8
2394.8
2394.8
2394.8
2394.8
2394.9
2394.9
2394.9
2395.0
2395.1
2395.2
2395.2
2395.3
2395.3
2395.4
2395.4
2395.4
2395.8
2396.0
2396.0
2396.4
2397.2
2397.3
2397.5
2397.6
2398.8
2398.8
2398.9
2399.0
2399.0
2399.1
2399.1
2399.1
2399.1
2399.1
2399.1
2399.1
2399.1
2399.2
2399.2
2399.3
2399.3
2399.3
2399.3
2399.3
2399.4
2399.4
2399.4
2399.4
2399.4
2399.4
2399.4
2399.4
2399.4
2399.4
2399.5
2399.5
2399.6
2399.6
2399.7
2399.7
2399.7
2399.7
2399.7
2399.7
2399.8
2399.8
2399.8
2399.8
2399.8
2399.8
2399.9
2399.9
2399.9
2400.0
2400.0
2400.0
2400.0
2400.0
2400.1
2400.1
2400.2
2400.2
2400.2
2400.2
2400.2
2400.3
2400.3
2400.4
2400.5
2400.6
2400.7
2400.8
2400.8
2400.8
2400.9
2400.9
2401.0
2401.1
2401.5
2401.5
2401.5
2401.6
2401.6
2401.7
2401.8
2401.9
2402.0
2402.0
2402.2
2402.3
2402.4
2402.4
2402.5
2403.1
2403.4
2403.9
2404.3
2404.5
2404.8
2405.6
2406.7
2406.8
2407.1
2407.4
2407.5
2408.0
2408.2
2408.3
2408.3
2408.3
2408.5
2408.6
2408.6
2408.7
2408.8
2408.9
2408.9
2409.0
2409.3
2409.4
2409.4
2409.5
2409.6
2409.7
2409.8
2409.9
2410.0
2410.1
2410.2
2410.3
2410.3
2410.4
2410.5
2410.5
2410.5
2410.7
2410.7
2410.7
2410.8
2411.3
2411.4
2411.5
2411.5
2411.6
2411.8
2412.0
2412.1
2412.1
2412.4
2412.6
2412.7
2412.8
2412.9
2412.9
2413.0
2413.1
2413.5
2413.9
2414.0
2414.2
2414.6
2414.9
2415.1
2415.2
2415.6
2415.7
2416.5
2416.9
2418.0
2418.5
2421.4
2421.8
2422.3
2423.9
2423.9
2424.3
2425.6
2427.1
2428.4
2551.4
2551.4
2551.4
2551.4
2551.4
2551.4
2551.4
2551.4
2551.4
2551.4
2551.4
2551.4
2551.4
2551.4
2551.4
2551.4
2551.4
2551.4
2551.4
2551.4
2551.4
2551.4
2551.4
2551.4
2551.4
2551.4
2551.4
2551.4
2551.4
2551.4
2551.4
2551.4
2551.4
2551.4
2551.4
2551.4
2551.4
2551.4
2551.4
2551.4
2551.4
2551.4
2551.4
2551.4
2551.5
2551.5
2551.5
2551.5
2551.5
2551.5
2551.5
2551.5
2551.5
2551.5
2551.5
2551.5
2551.5
2551.5
2551.5
2551.5
2551.5
2551.5
2551.5
2551.5
2551.5
2551.5
2551.5
2551.5
2551.5
2551.5
2551.5
2551.5
2551.5
2551.5
2551.5
2551.5
2551.5
2551.6
2551.6
2551.6
2551.6
2551.7
2551.7
2551.7
2551.7
2551.7
2551.8
2551.8
2551.9
2551.9
2551.9
2551.9
2552.1
2552.1
2552.2
2552.3
2552.3
2552.3
2552.3
2552.4
2556.5
2556.5
2556.5
2556.6
2556.6
2556.6
2556.6
2556.6
2556.6
2556.6
2556.6
2556.6
2556.6
2556.6
2556.6
2556.6
2556.6
2556.6
2556.6
2556.6
2556.6
2556.6
2556.6
2556.6
2556.6
2556.6
2556.6
2556.6
2556.6
2556.6
2556.6
2556.6
2556.7
2556.7
2556.7
2556.7
2556.7
2556.7
2556.7
2556.7
2556.7
2556.7
2556.7
2556.7
2556.7
2556.7
2556.7
2556.7
2556.7
2556.7
2556.7
2556.7
2556.7
2556.7
2556.7
2556.7
2556.7
2556.7
2556.7
2556.7
2556.8
2556.8
2556.8
2556.8
2556.8
2556.8
2556.8
2556.8
2556.8
2556.8
2556.8
2556.8
2556.8
2556.8
2556.8
2556.9
2556.9
2556.9
2557.0
2557.1
2557.2
2557.3
2557.4
2557.6
2557.8
2557.8
2557.9
2557.9
2558.7
2558.7
2558.8
2558.9
2559.5
2559.5
2560.0
2560.1
2560.2
2560.3
2560.4
2560.4
2560.4
2560.5
2560.5
2560.5
2560.5
2560.5
2560.5
2560.5
2560.6
2560.6
2560.6
2560.6
2560.6
2560.6
2560.6
2560.6
2560.6
2560.6
2560.7
2560.7
2560.7
2560.7
2560.7
2560.7
2560.7
2560.7
2560.7
2560.7
2560.8
2560.8
2560.8
2560.8
2560.8
2560.8
2560.8
2560.8
2560.8
2560.9
2560.9
2560.9
2560.9
2560.9
2560.9
2560.9
2560.9
2560.9
2560.9
2560.9
2561.0
2561.0
2561.0
2561.0
2561.0
2561.0
2561.0
2561.0
2561.1
2561.1
2561.1
2561.2
2561.2
2561.2
2561.2
2561.3
2561.3
2561.3
2561.4
2561.4
2561.4
2561.4
2561.5
2561.6
2561.6
2561.7
2561.7
2561.7
2561.7
2562.2
2562.2
2562.2
2562.2
2562.4
2562.4
2562.6
2563.1
2563.4
2563.5
2563.8
2564.8
2565.3
2565.3
2565.4
2565.4
2565.4
2565.5
2565.5
2565.7
2565.7
2565.7
2565.7
2565.7
2565.7
2565.7
2565.8
2565.8
2565.8
2565.8
2565.9
2565.9
2566.0
2566.0
2566.0
2566.1
2566.1
2566.1
2566.1
2566.1
2566.1
2566.1
2566.1
2566.1
2566.2
2566.2
2566.3
2566.4
2566.4
2566.4
2566.5
2566.5
2566.5
2566.5
2566.6
2566.6
2566.6
2566.7
2566.7
2566.7
2566.8
2566.8
2566.9
2566.9
2567.0
2567.0
2567.0
2567.0
2567.0
2567.0
2567.1
2567.1
2567.3
2567.3
2567.3
2567.3
2567.3
2567.4
2567.4
2567.6
2567.6
2567.7
2567.8
2568.1
2568.1
2568.1
2568.2
2568.2
2568.3
2568.4
2568.5
2568.8
2568.8
2568.9
2569.0
2569.1
2569.1
2569.4
2569.5
2569.8
2569.9
2570.0
2570.1
2570.2
2570.5
2570.6
2571.2
2571.5
2572.9
2573.9
2574.8
2575.4
2575.5
2575.8
2575.9
2576.6
2577.0
2577.0
2577.0
2577.1
2577.2
2577.3
2577.4
2577.4
2577.8
2578.0
2578.2
2578.2
2578.6
2578.8
2578.8
2578.8
2579.1
2579.4
2579.5
2579.7
2579.8
2580.0
2580.2
2580.7
2580.8
2580.8
2581.1
2581.3
2581.4
2581.7
2581.8
2581.8
2581.8
2582.4
2582.4
2582.4
2582.8
2582.8
2583.1
2583.2
2583.5
2583.6
2584.0
2584.3
2584.3
2584.3
2584.5
2584.8
2585.3
2585.4
2585.9
2586.1
2587.2
2587.6
2588.0
2588.9
2590.8
2593.5
2597.1
2604.0
2604.0
2604.0
2604.1
2604.2
2604.2
2604.2
2604.3
2604.3
2604.3
2604.4
2604.4
2604.4
2604.5
2604.5
2604.5
2604.5
2604.5
2604.6
2604.6
2604.6
2604.6
2604.6
2604.6
2604.6
2604.6
2604.6
2604.6
2604.6
2604.6
2604.6
2604.6
2604.6
2604.6
2604.6
2604.6
2604.6
2604.6
2604.6
2604.6
2604.6
2604.6
2604.6
2604.6
2604.6
2604.6
2604.7
2604.7
2604.7
2604.7
2604.7
2604.7
2604.7
2604.7
2604.7
2604.7
2604.7
2604.7
2604.7
2604.7
2604.7
2604.7
2604.7
2604.7
2604.7
2604.7
2604.8
2604.8
2604.8
2604.8
2604.8
2604.8
2604.8
2604.8
2604.8
2604.8
2604.8
2604.8
2604.8
2604.8
2604.8
2604.9
2604.9
2604.9
2604.9
2605.0
2605.1
2605.1
2605.1
2605.1
2605.2
2605.2
2605.3
2605.4
2605.4
2605.5
2605.6
2605.7
2605.8
2606.0
2612.7
2613.1
2613.2
2613.2
2613.6
2613.8
2613.9
2614.0
2614.2
2614.2
2614.2
2614.4
2614.7
2614.8
2614.8
2614.9
2615.0
2615.0
2615.1
2615.2
2615.2
2615.3
2615.3
2615.3
2615.3
2615.3
2615.3
2615.3
2615.4
2615.4
2615.4
2615.4
2615.4
2615.4
2615.5
2615.5
2615.5
2615.5
2615.5
2615.5
2615.7
2615.7
2615.7
2615.7
2615.7
2615.7
2615.8
2615.8
2615.8
2615.9
2615.9
2616.0
2616.0
2616.1
2616.1
2616.2
2616.2
2616.4
2616.6
2616.7
2616.8
2616.8
2617.0
2617.0
2617.1
2617.1
2617.1
2617.2
2617.2
2617.3
2617.3
2617.5
2617.5
2617.6
2617.6
2617.6
2617.7
2617.7
2618.0
2618.5
2618.8
2618.9
2619.1
2619.5
2619.6
2620.1
2622.8
2625.5
2626.3
2628.5
2633.6
2634.2
2637.3
2720.8
2720.8
2720.8
2720.8
2720.8
2720.9
2720.9
2720.9
2720.9
2720.9
2720.9
2720.9
2720.9
2720.9
2720.9
2720.9
2720.9
2720.9
2720.9
2720.9
2720.9
2720.9
2720.9
2720.9
2720.9
2720.9
2720.9
2720.9
2720.9
2720.9
2720.9
2720.9
2720.9
2720.9
2720.9
2720.9
2720.9
2720.9
2720.9
2720.9
2720.9
2720.9
2720.9
2720.9
2720.9
2720.9
2720.9
2720.9
2720.9
2720.9
2721.0
2721.0
2721.0
2721.0
2721.0
2721.0
2721.0
2721.0
2721.0
2721.0
2721.0
2721.0
2721.0
2721.0
2721.0
2721.0
2721.0
2721.0
2721.0
2721.0
2721.0
2721.0
2721.0
2721.0
2721.1
2721.1
2721.1
2721.1
2721.2
2721.2
2721.2
2721.2
2721.2
2721.3
2721.3
2721.3
2721.6
2721.6
2721.6
2722.0
2722.0
2722.0
2722.3
2722.4
2722.6
2722.7
2722.8
2722.8
2722.9
2723.0
2725.3
2725.4
2725.4
2725.4
2725.4
2725.4
2725.4
2725.4
2725.4
2725.4
2725.4
2725.4
2725.4
2725.4
2725.4
2725.4
2725.4
2725.4
2725.4
2725.4
2725.4
2725.5
2725.5
2725.5
2725.5
2725.5
2725.5
2725.5
2725.5
2725.5
2725.5
2725.5
2725.5
2725.5
2725.5
2725.5
2725.5
2725.5
2725.5
2725.5
2725.5
2725.5
2725.5
2725.5
2725.5
2725.5
2725.5
2725.5
2725.5
2725.5
2725.5
2725.5
2725.5
2725.5
2725.5
2725.5
2725.5
2725.5
2725.5
2725.5
2725.5
2725.5
2725.5
2725.5
2725.5
2725.5
2725.5
2725.5
2725.5
2725.6
2725.6
2725.6
2725.6
2725.6
2725.7
2725.7
2725.7
2725.7
2725.8
2725.8
2725.9
2726.0
2726.1
2726.1
2726.4
2726.4
2726.7
2726.8
2727.2
2727.6
2727.7
2727.9
2728.7
2728.8
2729.8
2730.0
2730.2
2730.2
2730.4
2730.4
2730.4
2730.4
2730.5
2730.5
2730.5
2730.5
2730.5
2730.5
2730.5
2730.5
2730.5
2730.5
2730.5
2730.5
2730.5
2730.5
2730.5
2730.6
2730.6
2730.6
2730.6
2730.6
2730.6
2730.6
2730.6
2730.6
2730.6
2730.6
2730.6
2730.6
2730.6
2730.7
2730.7
2730.7
2730.7
2730.7
2730.7
2730.7
2730.7
2730.7
2730.7
2730.7
2730.7
2730.7
2730.7
2730.7
2730.7
2730.7
2730.7
2730.8
2730.8
2730.8
2730.8
2730.8
2730.8
2730.8
2730.8
2730.8
2730.8
2730.8
2730.9
2730.9
2730.9
2730.9
2730.9
2731.0
2731.0
2731.0
2731.0
2731.0
2731.0
2731.1
2731.1
2731.1
2731.1
2731.2
2731.2
2731.4
2731.5
2731.5
2731.5
2731.6
2731.6
2731.6
2732.0
2732.1
2732.2
2732.4
2733.2
2733.3
2733.4
2733.4
2735.0
2735.1
2735.1
2735.2
2735.2
2735.3
2735.3
2735.3
2735.3
2735.3
2735.3
2735.3
2735.4
2735.4
2735.4
2735.4
2735.4
2735.5
2735.5
2735.5
2735.5
2735.6
2735.6
2735.6
2735.6
2735.6
2735.6
2735.6
2735.6
2735.6
2735.6
2735.7
2735.7
2735.8
2735.8
2735.8
2735.8
2735.9
2735.9
2735.9
2736.0
2736.0
2736.0
2736.0
2736.0
2736.1
2736.1
2736.1
2736.2
2736.2
2736.2
2736.2
2736.3
2736.3
2736.3
2736.3
2736.3
2736.4
2736.4
2736.4
2736.5
2736.5
2736.5
2736.6
2736.7
2736.8
2736.8
2736.9
2737.0
2737.1
2737.1
2737.2
2737.3
2737.3
2737.3
2737.3
2737.5
2737.6
2737.6
2737.7
2737.7
2737.8
2738.1
2738.2
2738.2
2738.4
2738.5
2738.6
2738.7
2739.2
2739.3
2739.4
2740.1
2740.1
2740.7
2741.5
2742.3
2743.1
2743.4
2743.5
2743.8
2744.1
2744.2
2744.3
2744.4
2744.5
2744.6
2744.7
2744.7
2744.8
2744.9
2745.0
2745.0
2745.1
2745.2
2745.2
2745.3
2745.5
2745.7
2745.7
2745.8
2745.9
2746.0
2746.0
2746.1
2746.2
2746.2
2746.3
2746.5
2746.6
2746.6
2746.7
2746.7
2746.8
2746.9
2747.5
2747.5
2747.6
2747.6
2747.6
2747.7
2748.0
2748.2
2748.3
2748.3
2748.3
2748.5
2748.6
2748.6
2748.7
2749.2
2749.4
2749.5
2749.9
2750.0
2750.1
2750.2
2750.4
2750.6
2751.5
2751.6
2751.8
2752.3
2752.4
2753.1
2753.5
2754.0
2756.3
2756.4
2756.7
2756.7
2757.3
2757.7
2757.7
2759.9
2760.0
2769.7
2774.8
2779.7
2887.7
2887.7
2887.7
2887.7
2887.7
2887.7
2887.7
2887.7
2887.7
2887.7
2887.7
2887.7
2887.7
2887.7
2887.7
2887.7
2887.7
2887.7
2887.7
2887.7
2887.7
2887.7
2887.7
2887.7
2887.7
2887.7
2887.7
2887.7
2887.7
2887.7
2887.7
2887.7
2887.7
2887.7
2887.7
2887.7
2887.7
2887.7
2887.7
2887.7
2887.7
2887.7
2887.7
2887.8
2887.8
2887.8
2887.8
2887.8
2887.8
2887.8
2887.8
2887.8
2887.8
2887.8
2887.8
2887.8
2887.8
2887.8
2887.8
2887.8
2887.8
2887.8
2887.8
2887.8
2887.8
2887.8
2887.8
2887.8
2887.8
2887.8
2887.8
2887.8
2887.9
2887.9
2887.9
2887.9
2887.9
2887.9
2887.9
2887.9
2887.9
2888.0
2888.0
2888.1
2888.1
2888.1
2888.1
2888.1
2888.2
2888.3
2888.3
2888.3
2888.4
2888.4
2888.6
2888.6
2888.7
2888.7
2888.7
2888.9
2892.8
2892.9
2892.9
2892.9
2892.9
2892.9
2892.9
2892.9
2892.9
2892.9
2892.9
2892.9
2892.9
2892.9
2892.9
2892.9
2892.9
2893.0
2893.0
2893.0
2893.0
2893.0
2893.0
2893.0
2893.0
2893.0
2893.0
2893.0
2893.0
2893.0
2893.0
2893.0
2893.0
2893.0
2893.0
2893.0
2893.0
2893.0
2893.0
2893.0
2893.0
2893.0
2893.0
2893.0
2893.0
2893.0
2893.0
2893.1
2893.1
2893.1
2893.1
2893.1
2893.1
2893.1
2893.1
2893.1
2893.1
2893.1
2893.1
2893.1
2893.1
2893.1
2893.1
2893.1
2893.1
2893.1
2893.1
2893.1
2893.1
2893.2
2893.2
2893.2
2893.2
2893.2
2893.2
2893.2
2893.3
2893.3
2893.4
2893.4
2893.6
2893.7
2893.8
2894.0
2894.2
2894.2
2894.3
2894.4
2895.1
2895.1
2895.2
2895.4
2896.0
2896.0
2896.5
2896.7
2896.7
2896.8
2896.8
2896.9
2896.9
2896.9
2896.9
2896.9
2896.9
2896.9
2896.9
2897.0
2897.0
2897.0
2897.0
2897.0
2897.0
2897.0
2897.0
2897.0
2897.0
2897.1
2897.1
2897.1
2897.1
2897.1
2897.1
2897.2
2897.2
2897.2
2897.2
2897.2
2897.2
2897.2
2897.2
2897.2
2897.2
2897.2
2897.2
2897.3
2897.3
2897.3
2897.3
2897.3
2897.3
2897.3
2897.3
2897.3
2897.3
2897.4
2897.4
2897.4
2897.4
2897.4
2897.4
2897.4
2897.4
2897.4
2897.5
2897.5
2897.5
2897.5
2897.5
2897.6
2897.6
2897.7
2897.7
2897.7
2897.7
2897.7
2897.8
2897.8
2897.8
2897.9
2897.9
2898.0
2898.0
2898.1
2898.1
2898.1
2898.1
2898.5
2898.6
2898.6
2898.6
2898.8
2898.8
2898.9
2899.5
2899.7
2899.8
2900.1
2901.2
2901.7
2901.7
2901.8
2901.8
2901.8
2901.9
2901.9
2902.0
2902.0
2902.1
2902.1
2902.1
2902.1
2902.1
2902.1
2902.1
2902.2
2902.2
2902.3
2902.3
2902.4
2902.4
2902.4
2902.5
2902.5
2902.5
2902.5
2902.5
2902.5
2902.5
2902.5
2902.5
2902.6
2902.6
2902.7
2902.7
2902.8
2902.8
2902.9
2902.9
2902.9
2902.9
2903.0
2903.0
2903.0
2903.0
2903.1
2903.1
2903.2
2903.2
2903.2
2903.3
2903.3
2903.4
2903.4
2903.4
2903.4
2903.4
2903.4
2903.6
2903.6
2903.7
2903.7
2903.7
2903.8
2903.8
2903.9
2904.0
2904.0
2904.1
2904.2
2904.4
2904.5
2904.5
2904.6
2904.7
2904.8
2904.9
2904.9
2905.1
2905.2
2905.3
2905.3
2905.4
2905.4
2905.7
2905.9
2906.0
2906.3
2906.4
2906.4
2906.5
2907.0
2907.4
2907.5
2907.9
2909.1
2910.0
2911.0
2911.5
2911.6
2911.8
2912.0
2912.6
2913.0
2913.0
2913.1
2913.2
2913.3
2913.3
2913.3
2913.5
2913.8
2913.9
2914.2
2914.4
2914.7
2914.7
2914.7
2914.8
2914.9
2914.9
2915.1
2915.5
2915.7
2915.7
2916.2
2916.3
2916.4
2916.5
2916.5
2916.7
2917.0
2917.1
2917.2
2917.6
2917.7
2918.0
2918.2
2918.2
2918.3
2918.4
2918.6
2918.7
2918.7
2919.1
2919.3
2919.5
2920.0
2920.1
2920.2
2920.3
2920.4
2920.9
2920.9
2921.8
2922.2
2922.6
2922.9
2923.0
2923.2
2924.0
2925.1
2929.6
2932.1
2933.1
2936.5
2939.5
2939.6
2939.7
2939.7
2939.8
2939.8
2939.9
2939.9
2939.9
2939.9
2940.0
2940.0
2940.1
2940.1
2940.1
2940.1
2940.1
2940.1
2940.1
2940.1
2940.2
2940.2
2940.2
2940.2
2940.2
2940.2
2940.2
2940.2
2940.2
2940.2
2940.2
2940.2
2940.2
2940.2
2940.2
2940.2
2940.2
2940.2
2940.2
2940.2
2940.2
2940.2
2940.2
2940.2
2940.2
2940.2
2940.2
2940.2
2940.2
2940.2
2940.3
2940.3
2940.3
2940.3
2940.3
2940.3
2940.3
2940.3
2940.3
2940.3
2940.3
2940.3
2940.3
2940.3
2940.3
2940.3
2940.3
2940.3
2940.4
2940.4
2940.4
2940.4
2940.4
2940.4
2940.4
2940.4
2940.4
2940.4
2940.4
2940.4
2940.5
2940.5
2940.5
2940.5
2940.5
2940.6
2940.6
2940.7
2940.7
2940.7
2940.8
2940.8
2940.9
2941.0
2941.0
2941.1
2941.2
2941.3
2941.6
2941.7
2948.4
2948.4
2948.5
2949.2
2949.4
2949.4
2949.5
2949.7
2950.1
2950.1
2950.1
2950.3
2950.4
2950.5
2950.5
2950.5
2950.6
2950.8
2950.8
2950.8
2950.8
2950.8
2950.9
2950.9
2950.9
2950.9
2950.9
2950.9
2950.9
2951.0
2951.0
2951.0
2951.0
2951.0
2951.0
2951.0
2951.0
2951.1
2951.1
2951.1
2951.1
2951.2
2951.2
2951.3
2951.3
2951.3
2951.4
2951.4
2951.4
2951.5
2951.6
2951.6
2951.6
2951.7
2951.9
2952.1
2952.2
2952.3
2952.3
2952.4
2952.4
2952.5
2952.6
2952.6
2952.6
2952.7
2952.7
2952.8
2952.9
2953.0
2953.0
2953.1
2953.1
2953.1
2953.2
2953.3
2953.5
2953.5
2953.7
2953.7
2953.7
2954.1
2954.4
2954.7
2954.8
2955.4
2956.4
2959.5
2961.6
2962.7
2962.9
2963.4
2963.9
2971.9
