426.3
426.3
426.4
426.4
426.4
426.4
426.4
426.4
426.4
426.4
426.4
426.4
426.4
426.4
426.4
426.4
426.4
426.4
426.4
426.4
426.4
426.4
426.4
426.4
426.4
426.4
426.4
426.4
426.4
426.4
426.4
426.4
426.4
426.4
426.4
426.4
426.5
426.5
426.5
426.5
426.5
426.5
426.5
426.5
426.5
426.5
426.5
426.5
426.5
426.5
426.5
426.5
426.5
426.6
426.6
426.6
426.6
426.6
426.6
426.6
426.6
426.6
426.6
426.6
426.6
426.6
426.6
426.6
426.6
426.6
426.6
426.6
426.6
426.6
426.6
426.6
426.7
426.7
426.7
426.9
426.9
426.9
427.0
427.0
427.1
427.1
427.1
427.1
427.2
427.2
427.2
427.4
427.4
427.5
427.6
427.6
427.6
427.7
427.7
428.0
433.4
433.4
433.5
433.5
433.5
433.5
433.5
433.5
433.6
433.6
433.7
433.7
433.7
433.8
433.8
433.8
433.8
433.8
433.8
433.8
433.8
433.8
433.8
433.8
433.8
433.8
433.9
433.9
433.9
433.9
433.9
433.9
433.9
434.0
434.0
434.0
434.1
434.1
434.2
434.2
434.2
434.2
434.2
434.2
434.3
434.3
434.3
434.3
434.3
434.4
434.4
434.4
434.5
434.5
434.5
434.5
434.6
434.6
434.6
434.6
434.6
434.6
434.7
434.7
434.7
434.7
434.8
434.8
434.8
434.8
434.9
434.9
435.0
435.0
435.0
435.1
435.2
435.4
435.6
437.1
437.1
437.5
437.8
437.9
438.2
438.5
439.0
439.3
439.5
439.8
439.8
440.6
440.9
441.0
441.0
441.1
441.1
441.1
441.1
441.2
441.2
441.3
441.3
441.3
441.3
441.3
441.3
441.3
441.3
441.4
441.4
441.4
441.4
441.4
441.4
441.5
441.5
441.5
441.5
441.5
441.5
441.6
441.6
441.6
441.6
441.8
441.8
441.8
441.9
441.9
442.0
442.0
442.0
442.0
442.2
442.3
442.3
442.4
442.4
442.4
442.6
442.6
442.7
442.7
442.7
442.8
442.9
443.0
443.1
443.3
443.3
443.5
443.5
443.6
443.7
443.7
443.7
443.8
443.9
443.9
444.3
444.5
444.6
444.7
444.7
444.7
444.8
444.9
445.2
445.3
445.5
445.8
446.1
446.3
446.3
446.5
446.5
446.9
447.2
447.2
447.2
447.3
447.4
447.4
447.4
447.4
447.6
447.6
447.7
447.8
447.8
447.8
447.9
447.9
448.0
448.0
448.0
448.3
448.3
448.5
448.5
448.5
448.6
448.6
448.6
448.8
448.8
448.8
448.8
448.8
448.9
449.1
449.2
449.2
449.2
449.4
449.5
449.5
449.6
449.7
449.7
449.8
449.8
449.9
450.0
450.0
450.2
450.2
450.3
450.3
450.6
450.6
450.7
450.7
450.7
450.8
450.9
451.0
451.0
451.1
451.4
451.4
451.6
451.8
452.0
452.1
452.1
452.1
452.1
452.3
452.6
453.7
453.8
454.0
454.3
454.8
455.2
455.7
456.3
456.6
456.6
457.6
458.2
458.3
458.7
459.6
461.2
461.4
461.5
461.5
461.8
462.6
463.0
463.2
463.4
463.9
464.1
465.0
465.5
465.7
465.9
466.4
467.0
467.1
468.4
468.4
468.7
469.3
469.7
471.9
472.4
473.2
473.7
479.0
480.7
481.9
483.1
484.2
586.2
586.2
586.2
586.2
586.2
586.2
586.2
586.2
586.2
586.2
586.2
586.2
586.2
586.2
586.2
586.2
586.2
586.2
586.2
586.3
586.3
586.3
586.3
586.3
586.3
586.3
586.3
586.3
586.3
586.3
586.3
586.3
586.3
586.3
586.3
586.3
586.3
586.3
586.3
586.4
586.4
586.4
586.4
586.4
586.4
586.4
586.4
586.4
586.4
586.4
586.4
586.4
586.4
586.4
586.4
586.4
586.4
586.4
586.4
586.4
586.4
586.4
586.4
586.5
586.5
586.5
586.5
586.5
586.5
586.5
586.5
586.5
586.5
586.5
586.5
586.5
586.5
586.6
586.6
586.8
586.8
586.8
586.9
586.9
586.9
587.0
587.0
587.0
587.1
587.1
587.1
587.3
587.3
587.4
587.5
587.5
587.6
587.6
587.7
587.9
593.1
593.1
593.2
593.2
593.2
593.2
593.2
593.2
593.3
593.3
593.4
593.4
593.4
593.5
593.5
593.5
593.5
593.5
593.5
593.5
593.5
593.5
593.5
593.5
593.5
593.5
593.5
593.6
593.6
593.6
593.6
593.6
593.6
593.7
593.7
593.7
593.8
593.8
593.9
593.9
593.9
593.9
593.9
593.9
593.9
594.0
594.0
594.0
594.0
594.1
594.1
594.1
594.2
594.2
594.2
594.2
594.2
594.3
594.3
594.3
594.3
594.3
594.4
594.4
594.4
594.4
594.4
594.4
594.5
594.5
594.5
594.5
594.6
594.7
594.7
594.8
594.9
595.1
595.3
596.7
596.7
597.1
597.4
597.5
597.8
598.1
598.8
598.9
599.4
599.6
600.1
602.6
603.2
603.5
607.9
609.4
610.4
613.9
616.9
705.1
705.1
705.1
705.2
705.2
705.2
705.2
705.2
705.2
705.2
705.2
705.2
705.2
705.2
705.2
705.2
705.2
705.2
705.2
705.2
705.2
705.2
705.2
705.2
705.2
705.2
705.2
705.2
705.2
705.2
705.2
705.2
705.2
705.2
705.2
705.2
705.2
705.2
705.3
705.3
705.3
705.3
705.3
705.3
705.3
705.3
705.3
705.3
705.3
705.3
705.3
705.3
705.3
705.3
705.3
705.3
705.3
705.3
705.3
705.3
705.3
705.3
705.3
705.3
705.3
705.3
705.3
705.3
705.4
705.4
705.4
705.4
705.4
705.4
705.4
705.4
705.4
705.4
705.5
705.6
705.6
705.7
705.7
705.7
705.7
705.8
705.8
705.8
705.9
705.9
705.9
706.1
706.1
706.1
706.3
706.3
706.3
706.4
706.4
706.7
712.5
712.5
712.5
712.5
712.5
712.5
712.6
712.6
712.6
712.7
712.7
712.7
712.7
712.8
712.8
712.8
712.8
712.8
712.8
712.8
712.8
712.8
712.8
712.8
712.9
712.9
712.9
712.9
712.9
712.9
712.9
712.9
712.9
713.0
713.0
713.0
713.1
713.1
713.1
713.2
713.2
713.2
713.2
713.2
713.3
713.3
713.3
713.3
713.3
713.3
713.4
713.4
713.5
713.5
713.5
713.5
713.5
713.6
713.6
713.6
713.6
713.6
713.7
713.7
713.7
713.7
713.8
713.8
713.8
713.8
713.9
713.9
714.0
714.0
714.0
714.1
714.2
714.5
714.7
716.1
716.1
716.5
716.9
716.9
717.3
717.5
717.9
718.3
718.4
718.4
718.9
719.2
719.5
719.7
719.7
719.7
719.7
719.8
719.8
719.8
719.9
719.9
719.9
719.9
719.9
719.9
720.0
720.0
720.0
720.0
720.0
720.0
720.1
720.1
720.1
720.1
720.1
720.1
720.1
720.2
720.2
720.2
720.2
720.3
720.3
720.4
720.5
720.5
720.5
720.6
720.6
720.6
720.7
720.7
721.0
721.0
721.1
721.1
721.2
721.3
721.4
721.5
721.5
721.5
721.6
721.7
721.8
721.9
722.0
722.2
722.3
722.4
722.5
722.7
722.7
722.7
722.7
722.8
722.8
723.0
723.5
723.7
723.8
723.9
723.9
723.9
724.0
724.3
724.6
724.7
724.9
725.5
725.6
725.8
726.0
726.1
726.1
726.1
726.2
726.2
726.3
726.3
726.4
726.4
726.5
726.5
726.5
726.6
726.6
726.7
726.8
727.1
727.2
727.2
727.3
727.4
727.4
727.4
727.6
727.6
727.6
727.8
727.8
727.9
728.0
728.0
728.1
728.5
728.6
728.6
728.7
728.7
728.8
728.8
728.9
729.0
729.2
729.3
729.7
729.7
729.8
729.8
729.9
730.1
730.1
730.3
730.5
730.7
730.9
731.0
731.1
731.1
731.2
731.2
731.5
731.6
731.7
732.1
732.2
732.2
732.4
732.8
732.9
732.9
732.9
732.9
733.1
733.4
734.0
734.7
734.7
735.1
735.1
736.0
736.6
736.7
736.7
737.9
738.5
739.8
741.2
741.3
741.7
742.3
743.2
743.8
744.7
745.1
745.3
745.8
747.0
747.6
747.6
748.0
749.1
751.2
751.5
752.6
752.8
752.8
755.2
755.2
755.3
755.3
755.3
755.3
755.3
755.4
755.4
755.5
755.5
755.6
755.6
755.6
755.7
755.7
755.8
755.8
755.8
755.8
755.9
755.9
755.9
755.9
755.9
755.9
756.0
756.0
756.0
756.0
756.0
756.0
756.0
756.0
756.0
756.0
756.0
756.0
756.0
756.0
756.0
756.1
756.1
756.1
756.1
756.1
756.1
756.1
756.1
756.1
756.2
756.2
756.2
756.2
756.2
756.3
756.3
756.3
756.3
756.3
756.3
756.3
756.3
756.3
756.4
756.4
756.4
756.4
756.4
756.4
756.4
756.4
756.4
756.5
756.5
756.5
756.5
756.5
756.6
756.6
756.6
756.6
756.6
756.6
756.7
756.7
756.8
756.9
756.9
756.9
756.9
756.9
757.0
757.0
757.1
757.2
757.6
757.7
758.0
759.4
761.2
761.4
761.5
761.5
761.5
761.5
761.5
761.7
761.8
761.9
762.0
762.1
762.2
762.2
762.3
762.3
762.6
762.6
762.7
762.7
762.7
762.7
762.8
762.8
762.8
762.8
762.8
762.8
762.8
762.8
762.8
762.8
762.8
762.9
762.9
762.9
762.9
763.0
763.0
763.0
763.0
763.0
763.1
763.1
763.1
763.1
763.1
763.1
763.2
763.3
763.3
763.3
763.4
763.4
763.4
763.4
763.5
763.6
763.6
763.6
763.6
763.7
763.8
763.8
763.8
763.8
763.8
763.8
763.9
763.9
764.0
764.0
764.1
764.1
764.2
764.4
764.4
764.4
764.4
764.5
764.6
764.8
765.0
765.0
765.3
765.5
765.5
765.6
765.6
765.9
765.9
766.7
766.8
766.8
767.1
767.3
768.1
768.4
769.0
770.3
770.9
771.0
771.3
771.3
771.4
772.0
772.5
772.6
773.1
773.3
773.4
773.4
773.4
773.7
774.0
774.1
774.1
774.2
774.3
774.3
774.3
774.4
774.5
774.6
774.8
774.8
774.9
775.1
775.3
775.5
775.6
775.6
775.7
775.9
775.9
775.9
775.9
776.0
776.1
776.5
776.5
776.7
776.7
777.0
777.1
777.1
777.5
777.5
777.8
778.4
778.6
779.1
779.1
779.2
779.4
779.5
779.6
779.7
780.0
780.1
780.5
780.6
780.7
781.0
781.6
782.4
782.5
783.3
784.0
786.5
787.4
787.8
789.8
790.1
790.1
793.0
793.7
794.4
810.6
814.5
869.5
869.5
869.5
869.5
869.5
869.5
869.5
869.5
869.5
869.6
869.6
869.6
869.6
869.6
869.6
869.6
869.6
869.6
869.6
869.6
869.6
869.6
869.6
869.6
869.6
869.6
869.6
869.6
869.6
869.6
869.6
869.6
869.6
869.6
869.6
869.6
869.6
869.6
869.6
869.6
869.6
869.6
869.6
869.6
869.6
869.7
869.7
869.7
869.7
869.7
869.7
869.7
869.7
869.7
869.7
869.7
869.7
869.7
869.7
869.7
869.7
869.7
869.7
869.7
869.7
869.7
869.7
869.7
869.7
869.7
869.7
869.7
869.8
869.8
869.8
869.8
869.8
869.8
869.8
870.0
870.0
870.0
870.1
870.1
870.1
870.1
870.2
870.2
870.2
870.2
870.3
870.4
870.5
870.5
870.6
870.6
870.7
870.7
870.8
871.0
876.9
876.9
876.9
876.9
876.9
877.0
877.0
877.0
877.0
877.1
877.1
877.1
877.1
877.2
877.2
877.2
877.2
877.2
877.2
877.2
877.2
877.2
877.3
877.3
877.3
877.3
877.3
877.3
877.3
877.3
877.3
877.3
877.3
877.4
877.4
877.4
877.5
877.5
877.5
877.6
877.6
877.6
877.6
877.7
877.7
877.7
877.7
877.7
877.7
877.7
877.8
877.8
877.9
877.9
877.9
877.9
878.0
878.0
878.0
878.0
878.0
878.0
878.1
878.1
878.1
878.1
878.2
878.2
878.2
878.2
878.3
878.3
878.4
878.4
878.5
878.5
878.6
878.8
879.1
880.5
880.5
880.9
881.3
881.3
881.6
881.9
882.6
882.8
883.3
883.5
884.0
886.8
887.4
887.8
892.9
893.9
896.1
901.3
907.0
934.1
934.1
934.1
934.1
934.1
934.1
934.1
934.1
934.2
934.2
934.2
934.2
934.2
934.2
934.2
934.2
934.2
934.2
934.2
934.2
934.2
934.2
934.2
934.2
934.2
934.2
934.2
934.2
934.2
934.2
934.2
934.2
934.2
934.2
934.2
934.2
934.2
934.2
934.2
934.3
934.3
934.3
934.3
934.3
934.3
934.3
934.3
934.3
934.3
934.3
934.3
934.3
934.3
934.3
934.3
934.3
934.3
934.3
934.3
934.3
934.3
934.3
934.3
934.3
934.3
934.3
934.3
934.4
934.4
934.4
934.4
934.4
934.4
934.4
934.4
934.4
934.4
934.5
934.5
934.7
934.7
934.7
934.7
934.8
934.8
934.8
934.9
934.9
934.9
934.9
935.0
935.1
935.2
935.2
935.3
935.4
935.4
935.5
935.6
935.6
941.3
941.3
941.3
941.3
941.3
941.4
941.4
941.4
941.4
941.5
941.5
941.6
941.6
941.6
941.6
941.6
941.6
941.6
941.7
941.7
941.7
941.7
941.7
941.7
941.7
941.7
941.7
941.7
941.7
941.7
941.8
941.8
941.8
941.8
941.8
941.8
941.9
941.9
942.0
942.0
942.0
942.0
942.0
942.1
942.1
942.1
942.1
942.1
942.1
942.2
942.2
942.3
942.3
942.3
942.4
942.4
942.4
942.4
942.4
942.4
942.4
942.5
942.5
942.5
942.5
942.6
942.6
942.6
942.6
942.7
942.7
942.7
942.8
942.8
942.9
942.9
943.0
943.3
943.3
944.2
944.3
944.7
944.8
944.8
944.9
945.0
945.2
945.7
945.7
945.9
945.9
946.0
946.0
946.0
946.0
946.1
946.1
946.1
946.2
946.2
946.2
946.2
946.2
946.2
946.2
946.2
946.3
946.3
946.3
946.3
946.3
946.4
946.4
946.4
946.4
946.4
946.4
946.4
946.4
946.5
946.5
946.5
946.6
946.6
946.6
946.7
946.7
946.7
946.7
946.7
946.8
946.8
946.8
946.8
946.9
946.9
947.0
947.1
947.2
947.2
947.2
947.2
947.3
947.4
947.6
947.6
947.7
947.7
947.7
947.8
947.8
947.9
948.0
948.1
948.2
948.3
948.3
948.5
948.5
948.5
948.6
948.7
948.8
948.9
949.1
949.3
949.3
949.4
949.8
950.0
950.1
950.2
950.3
950.3
950.5
951.1
951.2
951.3
951.8
951.9
952.0
952.1
952.1
952.2
952.2
952.4
952.4
952.5
952.5
952.5
952.6
952.7
952.7
952.8
952.8
952.8
953.0
953.0
953.0
953.1
953.3
953.3
953.3
953.4
953.4
953.4
953.5
953.7
953.7
953.7
953.8
953.8
953.9
953.9
954.0
954.0
954.1
954.1
954.1
954.2
954.2
954.3
954.5
954.7
954.7
954.8
954.9
954.9
955.0
955.0
955.1
955.3
955.3
955.3
955.3
955.4
955.8
955.9
955.9
956.0
956.1
956.2
956.3
956.4
956.8
956.8
957.5
957.5
957.5
957.6
957.6
958.0
958.1
959.4
960.5
960.7
961.0
961.3
962.3
962.5
963.1
964.4
964.5
966.1
966.5
967.8
967.9
969.0
970.4
972.2
978.2
980.7
983.9
986.5
989.2
996.5
999.9
1009.0
1047.2
1047.2
1047.2
1047.2
1047.2
1047.2
1047.2
1047.2
1047.2
1047.2
1047.2
1047.2
1047.2
1047.2
1047.2
1047.2
1047.2
1047.2
1047.2
1047.2
1047.2
1047.2
1047.2
1047.2
1047.2
1047.2
1047.2
1047.2
1047.2
1047.2
1047.2
1047.2
1047.2
1047.2
1047.2
1047.2
1047.2
1047.2
1047.3
1047.3
1047.3
1047.3
1047.3
1047.3
1047.3
1047.3
1047.3
1047.3
1047.3
1047.3
1047.3
1047.3
1047.3
1047.3
1047.3
1047.3
1047.3
1047.3
1047.3
1047.3
1047.3
1047.3
1047.3
1047.3
1047.3
1047.4
1047.4
1047.4
1047.4
1047.4
1047.4
1047.4
1047.4
1047.4
1047.4
1047.4
1047.4
1047.4
1047.5
1047.6
1047.6
1047.7
1047.7
1047.7
1047.7
1047.8
1047.8
1047.8
1047.9
1047.9
1047.9
1048.1
1048.1
1048.1
1048.3
1048.3
1048.3
1048.4
1048.4
1048.7
1054.5
1054.5
1054.5
1054.5
1054.6
1054.6
1054.6
1054.6
1054.7
1054.7
1054.7
1054.8
1054.8
1054.8
1054.8
1054.8
1054.9
1054.9
1054.9
1054.9
1054.9
1054.9
1054.9
1054.9
1054.9
1054.9
1054.9
1054.9
1054.9
1054.9
1055.0
1055.0
1055.0
1055.0
1055.1
1055.1
1055.1
1055.1
1055.2
1055.2
1055.2
1055.2
1055.2
1055.3
1055.3
1055.3
1055.3
1055.3
1055.3
1055.4
1055.4
1055.4
1055.5
1055.5
1055.6
1055.6
1055.6
1055.6
1055.6
1055.6
1055.7
1055.7
1055.7
1055.7
1055.7
1055.8
1055.8
1055.8
1055.8
1055.9
1055.9
1055.9
1056.0
1056.1
1056.1
1056.1
1056.2
1056.4
1056.7
1058.1
1058.2
1058.5
1058.9
1059.0
1059.3
1059.5
1060.3
1060.4
1060.9
1061.1
1061.7
1064.5
1065.1
1065.4
1071.0
1072.6
1073.6
1079.0
1085.1
1208.8
1208.8
1208.8
1208.8
1208.8
1208.8
1208.8
1208.8
1208.8
1208.8
1208.8
1208.8
1208.8
1208.8
1208.8
1208.8
1208.8
1208.8
1208.8
1208.8
1208.8
1208.8
1208.8
1208.8
1208.8
1208.8
1208.8
1208.8
1208.8
1208.8
1208.8
1208.9
1208.9
1208.9
1208.9
1208.9
1208.9
1208.9
1208.9
1208.9
1208.9
1208.9
1208.9
1208.9
1208.9
1208.9
1208.9
1208.9
1208.9
1208.9
1208.9
1208.9
1208.9
1208.9
1208.9
1208.9
1208.9
1208.9
1208.9
1208.9
1209.0
1209.0
1209.0
1209.0
1209.0
1209.0
1209.0
1209.0
1209.0
1209.0
1209.0
1209.0
1209.0
1209.0
1209.0
1209.0
1209.0
1209.1
1209.1
1209.2
1209.2
1209.3
1209.3
1209.3
1209.4
1209.4
1209.4
1209.4
1209.5
1209.5
1209.5
1209.7
1209.7
1209.7
1209.9
1209.9
1209.9
1210.0
1210.0
1210.3
1216.1
1216.1
1216.1
1216.2
1216.2
1216.2
1216.2
1216.2
1216.3
1216.3
1216.4
1216.4
1216.4
1216.4
1216.5
1216.5
1216.5
1216.5
1216.5
1216.5
1216.5
1216.5
1216.5
1216.5
1216.5
1216.5
1216.5
1216.6
1216.6
1216.6
1216.6
1216.6
1216.6
1216.6
1216.7
1216.7
1216.7
1216.7
1216.8
1216.8
1216.8
1216.8
1216.9
1216.9
1216.9
1216.9
1217.0
1217.0
1217.0
1217.0
1217.0
1217.1
1217.1
1217.1
1217.2
1217.2
1217.2
1217.2
1217.3
1217.3
1217.3
1217.3
1217.3
1217.3
1217.3
1217.4
1217.4
1217.4
1217.5
1217.5
1217.5
1217.5
1217.6
1217.7
1217.7
1217.8
1217.8
1218.1
1218.3
1219.7
1219.8
1220.2
1220.5
1220.6
1220.9
1221.2
1221.9
1222.0
1222.6
1222.8
1223.3
1226.1
1226.7
1227.0
1232.0
1233.3
1234.1
1236.3
1236.7
1241.0
1241.7
1242.0
1243.1
1243.1
1243.8
1243.8
1244.0
1244.7
1244.8
1245.4
1245.6
1245.9
1245.9
1246.1
1246.3
1247.1
1247.5
1248.4
1248.5
1248.6
1251.0
1251.2
1251.9
1252.0
1252.1
1252.5
1252.8
1259.6
1261.3
1263.2
1263.4
1376.1
1376.1
1376.1
1376.1
1376.1
1376.1
1376.1
1376.1
1376.1
1376.1
1376.1
1376.1
1376.1
1376.1
1376.1
1376.1
1376.1
1376.1
1376.1
1376.1
1376.1
1376.1
1376.1
1376.1
1376.1
1376.1
1376.2
1376.2
1376.2
1376.2
1376.2
1376.2
1376.2
1376.2
1376.2
1376.2
1376.2
1376.2
1376.2
1376.2
1376.2
1376.2
1376.2
1376.2
1376.2
1376.2
1376.2
1376.2
1376.2
1376.2
1376.2
1376.2
1376.2
1376.2
1376.2
1376.2
1376.2
1376.3
1376.3
1376.3
1376.3
1376.3
1376.3
1376.3
1376.3
1376.3
1376.3
1376.3
1376.3
1376.3
1376.3
1376.3
1376.3
1376.3
1376.3
1376.3
1376.3
1376.4
1376.4
1376.6
1376.6
1376.6
1376.6
1376.6
1376.7
1376.7
1376.8
1376.8
1376.8
1376.8
1376.8
1377.0
1377.0
1377.0
1377.2
1377.2
1377.2
1377.3
1377.3
1377.6
1383.4
1383.5
1383.5
1383.5
1383.5
1383.5
1383.5
1383.6
1383.6
1383.6
1383.7
1383.7
1383.7
1383.7
1383.8
1383.8
1383.8
1383.8
1383.8
1383.8
1383.8
1383.8
1383.8
1383.8
1383.8
1383.8
1383.8
1383.9
1383.9
1383.9
1383.9
1383.9
1383.9
1383.9
1384.0
1384.0
1384.0
1384.0
1384.1
1384.1
1384.2
1384.2
1384.2
1384.2
1384.2
1384.2
1384.3
1384.3
1384.3
1384.3
1384.3
1384.4
1384.4
1384.4
1384.5
1384.5
1384.5
1384.5
1384.6
1384.6
1384.6
1384.6
1384.6
1384.6
1384.7
1384.7
1384.7
1384.8
1384.8
1384.8
1384.8
1384.8
1384.9
1385.0
1385.0
1385.1
1385.1
1385.4
1385.6
1387.0
1387.1
1387.5
1387.8
1387.9
1388.2
1388.5
1389.2
1389.3
1389.9
1390.1
1390.6
1393.4
1394.0
1394.4
1397.4
1397.5
1397.6
1397.6
1397.6
1397.7
1397.7
1397.7
1397.7
1397.8
1397.8
1397.8
1397.8
1397.8
1397.9
1397.9
1398.0
1398.0
1398.1
1398.1
1398.1
1398.2
1398.2
1398.2
1398.2
1398.3
1398.4
1398.4
1398.4
1398.4
1398.5
1398.5
1398.6
1398.6
1398.7
1398.7
1398.8
1399.2
1399.3
1399.3
1399.4
1399.6
1399.7
1399.7
1399.8
1399.9
1400.0
1400.1
1400.5
1400.8
1401.0
1401.1
1401.5
1401.6
1401.7
1402.0
1402.2
1402.7
1403.1
1403.2
1403.7
1403.7
1403.8
1404.1
1404.1
1404.3
1404.4
1404.6
1404.6
1404.9
1405.3
1405.8
1406.1
1406.4
1406.5
1406.6
1406.8
1406.8
1406.9
1406.9
1407.0
1407.0
1407.1
1407.1
1407.3
1407.3
1407.3
1407.8
1407.9
1408.0
1408.2
1408.4
1408.4
1408.6
1408.7
1408.9
1409.2
1409.2
1409.3
1409.5
1409.5
1409.6
1409.7
1410.2
1410.4
1410.4
1410.9
1411.2
1411.8
1411.9
1412.4
1412.5
1414.0
1414.5
1415.2
1415.4
1415.5
1416.0
1416.6
1416.8
1417.3
1418.7
1419.5
1419.5
1419.7
1421.3
1423.5
1424.0
1425.3
1426.0
1429.0
1445.4
1446.9
1544.5
1544.5
1544.5
1544.5
1544.5
1544.5
1544.5
1544.5
1544.5
1544.5
1544.5
1544.5
1544.5
1544.5
1544.5
1544.5
1544.5
1544.5
1544.5
1544.5
1544.5
1544.5
1544.5
1544.5
1544.5
1544.5
1544.6
1544.6
1544.6
1544.6
1544.6
1544.6
1544.6
1544.6
1544.6
1544.6
1544.6
1544.6
1544.6
1544.6
1544.6
1544.6
1544.6
1544.6
1544.6
1544.6
1544.6
1544.6
1544.6
1544.6
1544.6
1544.6
1544.6
1544.6
1544.6
1544.6
1544.6
1544.7
1544.7
1544.7
1544.7
1544.7
1544.7
1544.7
1544.7
1544.7
1544.7
1544.7
1544.7
1544.7
1544.7
1544.7
1544.7
1544.7
1544.7
1544.7
1544.7
1544.8
1544.8
1545.0
1545.0
1545.0
1545.0
1545.0
1545.1
1545.1
1545.2
1545.2
1545.2
1545.2
1545.2
1545.4
1545.4
1545.4
1545.6
1545.6
1545.6
1545.7
1545.7
1546.0
1551.8
1551.8
1551.9
1551.9
1551.9
1551.9
1551.9
1552.0
1552.0
1552.0
1552.1
1552.1
1552.1
1552.1
1552.2
1552.2
1552.2
1552.2
1552.2
1552.2
1552.2
1552.2
1552.2
1552.2
1552.2
1552.2
1552.2
1552.3
1552.3
1552.3
1552.3
1552.3
1552.3
1552.3
1552.4
1552.4
1552.4
1552.4
1552.5
1552.5
1552.6
1552.6
1552.6
1552.6
1552.6
1552.6
1552.7
1552.7
1552.7
1552.7
1552.7
1552.8
1552.8
1552.8
1552.9
1552.9
1552.9
1552.9
1553.0
1553.0
1553.0
1553.0
1553.0
1553.0
1553.1
1553.1
1553.1
1553.2
1553.2
1553.2
1553.2
1553.2
1553.3
1553.4
1553.4
1553.5
1553.5
1553.8
1554.0
1555.4
1555.5
1555.9
1556.3
1556.3
1556.6
1556.9
1557.6
1557.7
1558.3
1558.5
1559.0
1561.4
1561.7
1562.8
1564.4
1564.5
1564.9
1564.9
1565.0
1566.5
1566.6
1566.6
1567.2
1567.3
1567.5
1567.6
1567.8
1567.9
1568.2
1568.6
1568.7
1568.7
1569.2
1569.5
1569.6
1569.7
1570.1
1570.2
1570.5
1570.5
1570.7
1571.1
1571.2
1571.3
1573.0
1573.2
1573.3
1573.3
1573.8
1574.6
1579.0
1579.6
1580.4
1581.0
1588.3
1592.2
1712.8
1712.8
1712.8
1712.8
1712.8
1712.8
1712.8
1712.8
1712.8
1712.8
1712.8
1712.8
1712.8
1712.8
1712.8
1712.8
1712.8
1712.8
1712.8
1712.8
1712.8
1712.8
1712.8
1712.8
1712.8
1712.8
1712.9
1712.9
1712.9
1712.9
1712.9
1712.9
1712.9
1712.9
1712.9
1712.9
1712.9
1712.9
1712.9
1712.9
1712.9
1712.9
1712.9
1712.9
1712.9
1712.9
1712.9
1712.9
1712.9
1712.9
1712.9
1712.9
1712.9
1712.9
1712.9
1712.9
1712.9
1713.0
1713.0
1713.0
1713.0
1713.0
1713.0
1713.0
1713.0
1713.0
1713.0
1713.0
1713.0
1713.0
1713.0
1713.0
1713.0
1713.0
1713.0
1713.0
1713.0
1713.1
1713.1
1713.3
1713.3
1713.3
1713.3
1713.3
1713.4
1713.4
1713.5
1713.5
1713.5
1713.5
1713.5
1713.7
1713.7
1713.7
1713.9
1713.9
1713.9
1714.0
1714.0
1714.3
1720.1
1720.2
1720.2
1720.2
1720.2
1720.2
1720.2
1720.3
1720.3
1720.3
1720.4
1720.4
1720.4
1720.4
1720.5
1720.5
1720.5
1720.5
1720.5
1720.5
1720.5
1720.5
1720.5
1720.5
1720.5
1720.5
1720.5
1720.6
1720.6
1720.6
1720.6
1720.6
1720.6
1720.6
1720.7
1720.7
1720.7
1720.7
1720.8
1720.8
1720.9
1720.9
1720.9
1720.9
1720.9
1720.9
1721.0
1721.0
1721.0
1721.0
1721.0
1721.1
1721.1
1721.1
1721.2
1721.2
1721.2
1721.2
1721.3
1721.3
1721.3
1721.3
1721.3
1721.3
1721.4
1721.4
1721.4
1721.5
1721.5
1721.5
1721.5
1721.5
1721.6
1721.7
1721.7
1721.8
1721.8
1722.1
1722.3
1723.7
1723.8
1724.2
1724.6
1724.6
1724.9
1725.2
1725.9
1726.0
1726.6
1726.8
1727.3
1730.0
1730.6
1731.1
1733.0
1733.2
1733.2
1733.3
1733.3
1733.3
1733.3
1733.3
1733.4
1733.4
1733.4
1733.4
1733.4
1733.6
1733.6
1733.7
1733.7
1733.7
1733.7
1733.8
1733.8
1733.8
1733.8
1733.8
1733.9
1733.9
1734.1
1734.1
1734.1
1734.1
1734.1
1734.2
1734.2
1734.3
1734.3
1734.4
1734.5
1734.8
1735.0
1735.1
1735.1
1735.4
1735.4
1735.4
1735.4
1735.7
1735.9
1735.9
1736.4
1736.6
1736.9
1736.9
1737.4
1737.6
1737.6
1738.0
1738.2
1738.8
1739.1
1739.3
1739.9
1740.0
1740.1
1740.1
1740.6
1740.6
1740.6
1741.1
1741.3
1741.3
1741.3
1741.9
1742.1
1742.4
1742.5
1742.5
1742.6
1742.8
1742.8
1743.0
1743.0
1743.4
1743.6
1743.6
1743.8
1743.9
1744.0
1744.4
1744.4
1744.5
1744.6
1744.7
1744.9
1745.2
1745.5
1745.5
1746.2
1746.5
1746.5
1746.8
1747.1
1747.5
1747.7
1747.8
1748.2
1748.7
1748.8
1749.3
1750.0
1750.4
1750.8
1753.1
1753.2
1753.4
1753.7
1753.8
1758.3
1759.2
1759.7
1761.2
1761.4
1762.1
1764.7
1765.2
1771.1
1774.5
1777.0
1880.8
1880.8
1880.8
1880.8
1880.8
1880.8
1880.8
1880.8
1880.8
1880.8
1880.8
1880.8
1880.8
1880.8
1880.8
1880.8
1880.8
1880.8
1880.8
1880.8
1880.8
1880.8
1880.8
1880.8
1880.8
1880.8
1880.9
1880.9
1880.9
1880.9
1880.9
1880.9
1880.9
1880.9
1880.9
1880.9
1880.9
1880.9
1880.9
1880.9
1880.9
1880.9
1880.9
1880.9
1880.9
1880.9
1880.9
1880.9
1880.9
1880.9
1880.9
1880.9
1880.9
1880.9
1880.9
1880.9
1880.9
1881.0
1881.0
1881.0
1881.0
1881.0
1881.0
1881.0
1881.0
1881.0
1881.0
1881.0
1881.0
1881.0
1881.0
1881.0
1881.0
1881.0
1881.0
1881.0
1881.0
1881.1
1881.1
1881.3
1881.3
1881.3
1881.3
1881.3
1881.4
1881.4
1881.5
1881.5
1881.5
1881.5
1881.5
1881.7
1881.7
1881.7
1881.9
1881.9
1881.9
1882.0
1882.0
1882.3
1888.1
1888.1
1888.2
1888.2
1888.2
1888.2
1888.2
1888.3
1888.3
1888.3
1888.4
1888.4
1888.4
1888.4
1888.5
1888.5
1888.5
1888.5
1888.5
1888.5
1888.5
1888.5
1888.5
1888.5
1888.5
1888.5
1888.5
1888.6
1888.6
1888.6
1888.6
1888.6
1888.6
1888.6
1888.7
1888.7
1888.7
1888.7
1888.8
1888.8
1888.9
1888.9
1888.9
1888.9
1888.9
1888.9
1889.0
1889.0
1889.0
1889.0
1889.0
1889.1
1889.1
1889.1
1889.2
1889.2
1889.2
1889.2
1889.3
1889.3
1889.3
1889.3
1889.3
1889.3
1889.4
1889.4
1889.4
1889.5
1889.5
1889.5
1889.5
1889.5
1889.6
1889.7
1889.7
1889.8
1889.8
1890.1
1890.3
1891.7
1891.8
1892.2
1892.6
1892.6
1892.9
1893.2
1893.9
1894.0
1894.6
1894.8
1895.3
1897.6
1897.8
1899.1
1900.2
1900.4
1900.6
1900.6
1900.8
1902.1
1902.2
1902.3
1902.5
1902.6
1902.9
1903.1
1903.2
1903.6
1903.6
1903.9
1904.0
1904.5
1904.8
1905.2
1905.2
1905.2
1905.6
1905.6
1905.7
1906.0
1906.1
1906.4
1906.5
1907.1
1908.5
1908.7
1908.7
1908.8
1909.1
1910.1
1914.3
1914.8
1914.9
1916.7
1920.6
1922.1
1945.9
2049.1
2049.1
2049.1
2049.1
2049.1
2049.1
2049.1
2049.1
2049.1
2049.1
2049.1
2049.1
2049.1
2049.1
2049.1
2049.1
2049.1
2049.1
2049.1
2049.1
2049.1
2049.1
2049.1
2049.1
2049.1
2049.1
2049.2
2049.2
2049.2
2049.2
2049.2
2049.2
2049.2
2049.2
2049.2
2049.2
2049.2
2049.2
2049.2
2049.2
2049.2
2049.2
2049.2
2049.2
2049.2
2049.2
2049.2
2049.2
2049.2
2049.2
2049.2
2049.2
2049.2
2049.2
2049.2
2049.2
2049.2
2049.3
2049.3
2049.3
2049.3
2049.3
2049.3
2049.3
2049.3
2049.3
2049.3
2049.3
2049.3
2049.3
2049.3
2049.3
2049.3
2049.3
2049.3
2049.3
2049.3
2049.4
2049.4
2049.6
2049.6
2049.6
2049.6
2049.6
2049.7
2049.7
2049.8
2049.8
2049.8
2049.8
2049.8
2050.0
2050.0
2050.0
2050.2
2050.2
2050.2
2050.3
2050.3
2050.6
2056.4
2056.5
2056.5
2056.5
2056.5
2056.5
2056.5
2056.6
2056.6
2056.6
2056.7
2056.7
2056.7
2056.7
2056.8
2056.8
2056.8
2056.8
2056.8
2056.8
2056.8
2056.8
2056.8
2056.8
2056.8
2056.8
2056.8
2056.9
2056.9
2056.9
2056.9
2056.9
2056.9
2056.9
2057.0
2057.0
2057.0
2057.0
2057.1
2057.1
2057.1
2057.2
2057.2
2057.2
2057.2
2057.2
2057.3
2057.3
2057.3
2057.3
2057.3
2057.4
2057.4
2057.4
2057.5
2057.5
2057.5
2057.5
2057.6
2057.6
2057.6
2057.6
2057.6
2057.6
2057.6
2057.7
2057.7
2057.8
2057.8
2057.8
2057.8
2057.8
2057.9
2058.0
2058.0
2058.1
2058.1
2058.4
2058.6
2060.0
2060.1
2060.5
2060.9
2060.9
2061.2
2061.5
2062.2
2062.3
2062.9
2063.1
2063.6
2066.3
2066.9
2067.4
2069.3
2069.4
2069.5
2069.5
2069.5
2069.5
2069.6
2069.6
2069.6
2069.7
2069.7
2069.7
2069.7
2069.8
2069.9
2069.9
2069.9
2070.0
2070.0
2070.0
2070.0
2070.1
2070.1
2070.1
2070.1
2070.1
2070.3
2070.3
2070.3
2070.3
2070.4
2070.4
2070.5
2070.5
2070.5
2070.6
2070.7
2071.0
2071.3
2071.3
2071.3
2071.6
2071.6
2071.7
2071.7
2072.0
2072.1
2072.1
2072.6
2072.9
2073.1
2073.2
2073.7
2073.8
2073.9
2074.2
2074.5
2075.1
2075.3
2075.6
2076.2
2076.4
2076.4
2076.5
2076.9
2077.0
2077.0
2077.5
2077.6
2077.6
2077.8
2078.2
2078.4
2078.7
2078.8
2078.9
2079.0
2079.2
2079.2
2079.4
2079.5
2079.8
2080.0
2080.2
2080.2
2080.5
2080.6
2080.7
2080.9
2081.1
2081.1
2081.2
2081.6
2081.9
2081.9
2082.0
2083.4
2083.6
2084.1
2084.1
2084.2
2084.2
2084.4
2084.8
2085.8
2085.8
2086.6
2087.2
2087.7
2088.0
2089.0
2090.2
2091.8
2092.0
2092.1
2094.4
2096.3
2099.3
2102.0
2103.8
2217.3
2217.3
2217.3
2217.3
2217.3
2217.3
2217.3
2217.3
2217.3
2217.3
2217.3
2217.3
2217.3
2217.3
2217.3
2217.3
2217.3
2217.3
2217.3
2217.3
2217.3
2217.3
2217.3
2217.3
2217.3
2217.3
2217.4
2217.4
2217.4
2217.4
2217.4
2217.4
2217.4
2217.4
2217.4
2217.4
2217.4
2217.4
2217.4
2217.4
2217.4
2217.4
2217.4
2217.4
2217.4
2217.4
2217.4
2217.4
2217.4
2217.4
2217.4
2217.4
2217.4
2217.4
2217.4
2217.4
2217.4
2217.5
2217.5
2217.5
2217.5
2217.5
2217.5
2217.5
2217.5
2217.5
2217.5
2217.5
2217.5
2217.5
2217.5
2217.5
2217.5
2217.5
2217.5
2217.5
2217.5
2217.6
2217.6
2217.8
2217.8
2217.8
2217.8
2217.8
2217.9
2217.9
2218.0
2218.0
2218.0
2218.0
2218.0
2218.2
2218.2
2218.2
2218.4
2218.4
2218.4
2218.5
2218.5
2218.8
2224.6
2224.6
2224.7
2224.7
2224.7
2224.7
2224.7
2224.8
2224.8
2224.8
2224.9
2224.9
2224.9
2224.9
2225.0
2225.0
2225.0
2225.0
2225.0
2225.0
2225.0
2225.0
2225.0
2225.0
2225.0
2225.0
2225.0
2225.1
2225.1
2225.1
2225.1
2225.1
2225.1
2225.1
2225.2
2225.2
2225.2
2225.2
2225.3
2225.3
2225.3
2225.4
2225.4
2225.4
2225.4
2225.4
2225.5
2225.5
2225.5
2225.5
2225.5
2225.6
2225.6
2225.6
2225.7
2225.7
2225.7
2225.7
2225.8
2225.8
2225.8
2225.8
2225.8
2225.8
2225.9
2225.9
2225.9
2226.0
2226.0
2226.0
2226.0
2226.0
2226.1
2226.2
2226.2
2226.3
2226.3
2226.6
2226.8
2228.2
2228.3
2228.7
2229.1
2229.1
2229.4
2229.7
2230.4
2230.5
2231.1
2231.3
2231.8
2234.1
2234.3
2235.6
2236.7
2236.9
2237.1
2237.1
2237.3
2238.6
2238.7
2238.8
2239.0
2239.1
2239.4
2239.5
2239.7
2240.1
2240.1
2240.4
2240.5
2241.0
2241.3
2241.6
2241.6
2241.7
2242.0
2242.0
2242.1
2242.5
2242.6
2242.9
2243.0
2243.6
2245.0
2245.2
2245.2
2245.3
2245.6
2246.6
2250.5
2250.9
2251.3
2253.2
2254.7
2257.9
2385.4
2385.4
2385.4
2385.4
2385.4
2385.4
2385.4
2385.4
2385.4
2385.4
2385.4
2385.4
2385.4
2385.4
2385.4
2385.4
2385.4
2385.4
2385.4
2385.4
2385.4
2385.4
2385.4
2385.4
2385.4
2385.4
2385.5
2385.5
2385.5
2385.5
2385.5
2385.5
2385.5
2385.5
2385.5
2385.5
2385.5
2385.5
2385.5
2385.5
2385.5
2385.5
2385.5
2385.5
2385.5
2385.5
2385.5
2385.5
2385.5
2385.5
2385.5
2385.5
2385.5
2385.5
2385.5
2385.5
2385.5
2385.6
2385.6
2385.6
2385.6
2385.6
2385.6
2385.6
2385.6
2385.6
2385.6
2385.6
2385.6
2385.6
2385.6
2385.6
2385.6
2385.6
2385.6
2385.6
2385.6
2385.7
2385.7
2385.9
2385.9
2385.9
2385.9
2385.9
2386.0
2386.0
2386.1
2386.1
2386.1
2386.1
2386.1
2386.3
2386.3
2386.3
2386.5
2386.5
2386.5
2386.6
2386.6
2386.9
2392.7
2392.8
2392.8
2392.8
2392.8
2392.8
2392.8
2392.9
2392.9
2392.9
2393.0
2393.0
2393.0
2393.0
2393.1
2393.1
2393.1
2393.1
2393.1
2393.1
2393.1
2393.1
2393.1
2393.1
2393.1
2393.1
2393.1
2393.2
2393.2
2393.2
2393.2
2393.2
2393.2
2393.2
2393.3
2393.3
2393.3
2393.3
2393.4
2393.4
2393.5
2393.5
2393.5
2393.5
2393.5
2393.5
2393.6
2393.6
2393.6
2393.6
2393.6
2393.7
2393.7
2393.7
2393.8
2393.8
2393.8
2393.8
2393.9
2393.9
2393.9
2393.9
2393.9
2393.9
2394.0
2394.0
2394.0
2394.1
2394.1
2394.1
2394.1
2394.1
2394.2
2394.3
2394.3
2394.4
2394.4
2394.7
2394.9
2396.3
2396.4
2396.8
2397.2
2397.2
2397.5
2397.8
2398.5
2398.6
2399.2
2399.4
2399.9
2402.6
2403.2
2403.7
2405.6
2405.7
2405.8
2405.8
2405.8
2405.8
2405.9
2405.9
2405.9
2406.0
2406.0
2406.0
2406.0
2406.1
2406.1
2406.2
2406.2
2406.3
2406.3
2406.3
2406.3
2406.4
2406.4
2406.4
2406.4
2406.4
2406.6
2406.6
2406.6
2406.6
2406.7
2406.7
2406.8
2406.8
2406.8
2406.9
2407.0
2407.3
2407.6
2407.6
2407.6
2407.9
2407.9
2408.0
2408.0
2408.3
2408.4
2408.4
2408.9
2409.2
2409.5
2409.5
2410.0
2410.2
2410.2
2410.6
2410.8
2411.4
2411.6
2411.9
2412.5
2412.7
2412.7
2412.9
2413.2
2413.4
2413.4
2413.9
2413.9
2414.0
2414.2
2414.6
2414.8
2415.0
2415.2
2415.2
2415.3
2415.5
2415.6
2415.8
2415.9
2416.2
2416.3
2416.5
2416.5
2416.8
2417.1
2417.1
2417.2
2417.4
2417.5
2417.6
2417.8
2418.2
2418.3
2418.6
2419.6
2419.9
2420.4
2420.6
2420.8
2420.8
2420.9
2421.5
2422.6
2422.7
2423.0
2423.0
2424.4
2424.7
2425.7
2426.5
2427.1
2429.4
2429.5
2430.6
2435.0
2440.3
2443.1
2449.3
2450.6
2553.7
2553.7
2553.7
2553.7
2553.7
2553.7
2553.7
2553.7
2553.7
2553.7
2553.7
2553.7
2553.7
2553.7
2553.7
2553.7
2553.7
2553.7
2553.7
2553.7
2553.7
2553.7
2553.7
2553.7
2553.7
2553.7
2553.8
2553.8
2553.8
2553.8
2553.8
2553.8
2553.8
2553.8
2553.8
2553.8
2553.8
2553.8
2553.8
2553.8
2553.8
2553.8
2553.8
2553.8
2553.8
2553.8
2553.8
2553.8
2553.8
2553.8
2553.8
2553.8
2553.8
2553.8
2553.8
2553.8
2553.8
2553.9
2553.9
2553.9
2553.9
2553.9
2553.9
2553.9
2553.9
2553.9
2553.9
2553.9
2553.9
2553.9
2553.9
2553.9
2553.9
2553.9
2553.9
2553.9
2553.9
2554.0
2554.0
2554.2
2554.2
2554.2
2554.2
2554.2
2554.3
2554.3
2554.4
2554.4
2554.4
2554.4
2554.4
2554.6
2554.6
2554.6
2554.8
2554.8
2554.8
2554.9
2554.9
2555.2
2561.0
2561.0
2561.1
2561.1
2561.1
2561.1
2561.1
2561.2
2561.2
2561.2
2561.3
2561.3
2561.3
2561.3
2561.4
2561.4
2561.4
2561.4
2561.4
2561.4
2561.4
2561.4
2561.4
2561.4
2561.4
2561.4
2561.4
2561.5
2561.5
2561.5
2561.5
2561.5
2561.5
2561.5
2561.6
2561.6
2561.6
2561.6
2561.7
2561.7
2561.7
2561.8
2561.8
2561.8
2561.8
2561.8
2561.9
2561.9
2561.9
2561.9
2561.9
2562.0
2562.0
2562.0
2562.1
2562.1
2562.1
2562.1
2562.2
2562.2
2562.2
2562.2
2562.2
2562.2
2562.3
2562.3
2562.3
2562.4
2562.4
2562.4
2562.4
2562.4
2562.5
2562.6
2562.6
2562.7
2562.7
2563.0
2563.2
2564.6
2564.7
2565.1
2565.5
2565.5
2565.8
2566.1
2566.8
2566.9
2567.5
2567.7
2568.2
2570.5
2570.7
2572.0
2573.1
2573.3
2573.5
2573.5
2573.7
2575.0
2575.1
2575.2
2575.4
2575.5
2575.8
2576.0
2576.1
2576.5
2576.5
2576.8
2577.0
2577.4
2577.8
2578.1
2578.1
2578.1
2578.5
2578.5
2578.5
2578.9
2579.0
2579.3
2579.4
2580.0
2581.4
2581.6
2581.6
2581.7
2582.0
2583.0
2587.2
2587.7
2587.8
2589.6
2593.7
2596.0
2721.8
2721.8
2721.8
2721.8
2721.8
2721.8
2721.8
2721.8
2721.8
2721.8
2721.8
2721.8
2721.8
2721.8
2721.8
2721.8
2721.8
2721.8
2721.8
2721.8
2721.8
2721.8
2721.8
2721.8
2721.8
2721.8
2721.9
2721.9
2721.9
2721.9
2721.9
2721.9
2721.9
2721.9
2721.9
2721.9
2721.9
2721.9
2721.9
2721.9
2721.9
2721.9
2721.9
2721.9
2721.9
2721.9
2721.9
2721.9
2721.9
2721.9
2721.9
2721.9
2721.9
2721.9
2721.9
2721.9
2721.9
2722.0
2722.0
2722.0
2722.0
2722.0
2722.0
2722.0
2722.0
2722.0
2722.0
2722.0
2722.0
2722.0
2722.0
2722.0
2722.0
2722.0
2722.0
2722.0
2722.0
2722.1
2722.1
2722.3
2722.3
2722.3
2722.3
2722.3
2722.4
2722.4
2722.5
2722.5
2722.5
2722.5
2722.5
2722.7
2722.7
2722.7
2722.9
2722.9
2722.9
2723.0
2723.0
2723.3
2729.1
2729.2
2729.2
2729.2
2729.2
2729.2
2729.2
2729.3
2729.3
2729.3
2729.4
2729.4
2729.4
2729.4
2729.5
2729.5
2729.5
2729.5
2729.5
2729.5
2729.5
2729.5
2729.5
2729.5
2729.5
2729.5
2729.5
2729.6
2729.6
2729.6
2729.6
2729.6
2729.6
2729.6
2729.7
2729.7
2729.7
2729.7
2729.8
2729.8
2729.9
2729.9
2729.9
2729.9
2729.9
2729.9
2730.0
2730.0
2730.0
2730.0
2730.0
2730.1
2730.1
2730.1
2730.2
2730.2
2730.2
2730.2
2730.3
2730.3
2730.3
2730.3
2730.3
2730.3
2730.4
2730.4
2730.4
2730.5
2730.5
2730.5
2730.5
2730.5
2730.6
2730.7
2730.7
2730.8
2730.8
2731.1
2731.3
2732.7
2732.8
2733.2
2733.6
2733.6
2733.9
2734.2
2734.9
2735.0
2735.6
2735.8
2736.3
2739.0
2739.6
2740.1
2742.0
2742.1
2742.2
2742.2
2742.2
2742.2
2742.3
2742.3
2742.3
2742.4
2742.4
2742.4
2742.4
2742.5
2742.6
2742.6
2742.6
2742.7
2742.7
2742.7
2742.7
2742.8
2742.8
2742.8
2742.8
2742.8
2743.0
2743.0
2743.0
2743.1
2743.1
2743.1
2743.2
2743.2
2743.2
2743.3
2743.4
2743.7
2744.0
2744.0
2744.0
2744.3
2744.3
2744.4
2744.4
2744.7
2744.8
2744.8
2745.3
2745.6
2745.9
2745.9
2746.4
2746.6
2746.6
2747.0
2747.3
2747.8
2748.0
2748.4
2748.9
2749.1
2749.2
2749.3
2749.6
2749.8
2749.8
2750.3
2750.3
2750.4
2750.6
2751.0
2751.2
2751.4
2751.6
2751.7
2751.7
2752.0
2752.0
2752.3
2752.3
2752.6
2752.9
2753.0
2753.0
2753.4
2753.5
2753.5
2753.6
2753.9
2754.2
2754.3
2754.4
2754.7
2754.7
2755.4
2756.8
2756.8
2756.9
2757.4
2757.4
2757.5
2758.1
2758.6
2760.2
2761.3
2761.5
2761.8
2762.9
2763.2
2763.6
2764.4
2765.4
2765.6
2767.0
2767.1
2770.3
2771.3
2889.9
2889.9
2889.9
2889.9
2889.9
2889.9
2889.9
2889.9
2889.9
2889.9
2889.9
2889.9
2889.9
2889.9
2889.9
2889.9
2889.9
2889.9
2889.9
2889.9
2889.9
2889.9
2889.9
2889.9
2889.9
2889.9
2890.0
2890.0
2890.0
2890.0
2890.0
2890.0
2890.0
2890.0
2890.0
2890.0
2890.0
2890.0
2890.0
2890.0
2890.0
2890.0
2890.0
2890.0
2890.0
2890.0
2890.0
2890.0
2890.0
2890.0
2890.0
2890.0
2890.0
2890.0
2890.0
2890.0
2890.0
2890.1
2890.1
2890.1
2890.1
2890.1
2890.1
2890.1
2890.1
2890.1
2890.1
2890.1
2890.1
2890.1
2890.1
2890.1
2890.1
2890.1
2890.1
2890.1
2890.1
2890.2
2890.2
2890.4
2890.4
2890.4
2890.4
2890.4
2890.5
2890.5
2890.6
2890.6
2890.6
2890.6
2890.6
2890.8
2890.8
2890.8
2891.0
2891.0
2891.0
2891.1
2891.1
2891.4
2897.2
2897.2
2897.3
2897.3
2897.3
2897.3
2897.3
2897.4
2897.4
2897.4
2897.5
2897.5
2897.5
2897.5
2897.6
2897.6
2897.6
2897.6
2897.6
2897.6
2897.6
2897.6
2897.6
2897.6
2897.6
2897.6
2897.6
2897.7
2897.7
2897.7
2897.7
2897.7
2897.7
2897.7
2897.8
2897.8
2897.8
2897.8
2897.9
2897.9
2897.9
2898.0
2898.0
2898.0
2898.0
2898.0
2898.1
2898.1
2898.1
2898.1
2898.1
2898.2
2898.2
2898.2
2898.3
2898.3
2898.3
2898.3
2898.4
2898.4
2898.4
2898.4
2898.4
2898.4
2898.5
2898.5
2898.5
2898.6
2898.6
2898.6
2898.6
2898.6
2898.7
2898.8
2898.8
2898.9
2898.9
2899.2
2899.4
2900.8
2900.9
2901.3
2901.7
2901.7
2902.0
2902.3
2903.0
2903.1
2903.7
2903.9
2904.4
2906.7
2906.9
2908.2
2909.3
2909.5
2909.7
2909.7
2909.9
2911.2
2911.3
2911.4
2911.6
2911.7
2912.0
2912.2
2912.3
2912.7
2912.7
2913.0
2913.1
2913.6
2914.0
2914.3
2914.3
2914.3
2914.7
2914.7
2914.7
2915.1
2915.2
2915.5
2915.6
2916.2
2917.6
2917.8
2917.8
2917.9
2918.2
2919.2
2923.4
2923.9
2924.0
2925.8
2929.9
2932.2
