759.2
761.4
762.0
764.5
764.6
764.8
764.9
765.0
765.1
765.2
765.2
765.8
766.7
766.7
767.7
769.0
770.3
770.3
770.6
771.2
771.2
771.9
772.6
773.3
774.3
776.3
778.5
781.0
782.5
783.5
880.3
881.2
881.6
882.2
882.2
882.3
882.3
883.0
883.1
883.2
883.3
883.7
883.7
883.9
884.2
885.2
885.6
886.1
886.2
887.4
887.9
889.4
890.5
891.0
891.7
897.9
915.3
921.7
921.9
922.1
931.1
932.2
932.2
932.6
932.9
933.5
933.8
933.9
934.3
934.7
934.7
935.2
935.6
935.7
936.3
937.9
938.2
939.4
941.8
942.4
944.0
947.2
949.1
1044.3
1044.3
1044.3
1044.4
1044.4
1044.4
1044.7
1044.7
1044.7
1044.8
1044.9
1044.9
1044.9
1044.9
1044.9
1044.9
1044.9
1045.0
1045.0
1045.0
1045.0
1045.1
1045.1
1045.1
1045.2
1045.3
1045.3
1045.3
1045.7
1046.0
1209.4
1209.4
1209.4
1209.5
1209.5
1209.6
1209.6
1209.6
1209.6
1209.7
1209.7
1209.7
1209.7
1209.7
1209.7
1209.7
1209.7
1209.8
1209.8
1209.8
1209.8
1209.8
1209.8
1209.8
1209.8
1209.8
1209.9
1209.9
1209.9
1210.0
1381.5
1381.5
1381.5
1381.6
1381.6
1381.6
1381.6
1381.6
1381.6
1381.6
1381.6
1381.6
1381.7
1381.7
1381.7
1381.7
1381.7
1381.7
1381.7
1381.7
1381.7
1381.7
1381.8
1381.8
1381.8
1381.8
1381.9
1381.9
1382.0
1382.0
1546.2
1546.3
1546.3
1546.3
1546.3
1546.3
1546.3
1546.3
1546.3
1546.3
1546.3
1546.3
1546.3
1546.4
1546.4
1546.4
1546.4
1546.4
1546.4
1546.4
1546.4
1546.4
1546.4
1546.4
1546.4
1546.4
1546.5
1546.5
1546.5
1546.5
1717.7
1717.7
1717.7
1717.7
1717.8
1717.8
1717.8
1717.8
1717.8
1717.8
1717.8
1717.8
1717.8
1717.8
1717.8
1717.9
1717.9
1717.9
1717.9
1717.9
1717.9
1717.9
1718.0
1718.0
1718.0
1718.0
1718.0
1718.0
1718.1
1718.1
1882.7
1882.8
1882.8
1882.8
1882.8
1882.8
1882.8
1882.9
1882.9
1882.9
1882.9
1882.9
1882.9
1882.9
1882.9
1882.9
1882.9
1882.9
1882.9
1882.9
1882.9
1883.0
1883.0
1883.0
1883.0
1883.0
1883.0
1883.0
1883.0
1883.1
2053.9
2053.9
2054.0
2054.0
2054.0
2054.0
2054.0
2054.0
2054.0
2054.0
2054.0
2054.0
2054.0
2054.0
2054.1
2054.1
2054.1
2054.1
2054.1
2054.1
2054.1
2054.2
2054.2
2054.2
2054.2
2054.2
2054.2
2054.3
2054.3
2054.3
2219.0
2219.0
2219.0
2219.0
2219.0
2219.0
2219.0
2219.1
2219.1
2219.1
2219.1
2219.1
2219.1
2219.1
2219.1
2219.1
2219.1
2219.1
2219.1
2219.1
2219.1
2219.1
2219.2
2219.2
2219.2
2219.2
2219.2
2219.2
2219.3
2219.3
2390.3
2390.3
2390.3
2390.3
2390.3
2390.3
2390.3
2390.4
2390.4
2390.4
2390.4
2390.4
2390.4
2390.4
2390.4
2390.4
2390.4
2390.5
2390.5
2390.5
2390.5
2390.5
2390.5
2390.5
2390.6
2390.6
2390.6
2390.6
2390.7
2390.7
2555.3
2555.3
2555.3
2555.3
2555.4
2555.4
2555.4
2555.4
2555.4
2555.4
2555.4
2555.4
2555.4
2555.4
2555.4
2555.4
2555.4
2555.4
2555.4
2555.5
2555.5
2555.5
2555.5
2555.5
2555.5
2555.5
2555.5
2555.5
2555.6
2555.6
2726.6
2726.6
2726.6
2726.6
2726.6
2726.7
2726.7
2726.7
2726.7
2726.7
2726.7
2726.7
2726.7
2726.7
2726.7
2726.7
2726.7
2726.7
2726.8
2726.8
2726.8
2726.8
2726.8
2726.9
2726.9
2726.9
2726.9
2726.9
2726.9
2727.0
2891.8
2891.8
2891.8
2891.8
2891.8
2891.8
2891.8
2891.8
2891.8
2891.8
2891.9
2891.9
2891.9
2891.9
2891.9
2891.9
2891.9
2891.9
2891.9
2891.9
2892.0
2892.0
2892.0
2892.0
2892.0
2892.0
2892.0
2892.0
2892.1
2892.1
