7688
5077
8043
5505
4970
4984
5577
4703
4768
4809
7837
4927
7876
8163
4779
4799
4864
4957
5968
4961
8179
7698
5261
4800
4695
4666
5169
8080
4614
4544
7688
5077
8043
4809
5505
4703
4768
4970
4984
7837
5577
4927
7876
8163
4779
4799
4957
4961
5968
4864
5261
7698
8179
4800
4695
4666
5169
8080
4614
4544
7688
4809
5077
8043
4768
4703
4984
5505
7837
4927
4970
5577
8163
7876
4779
4799
4957
4961
5968
4864
5261
7698
8179
4666
4800
5169
4544
4614
4695
4768
4809
5077
5505
4703
4779
4927
4957
5577
7688
8080
4799
4961
4970
4984
5261
5968
8043
7837
4864
7876
8163
7698
8179
4544
4614
5169
4666
8080
4695
4768
4800
4809
4703
4779
4799
4957
4961
5077
5505
7688
4927
4970
4984
5261
5968
7837
7876
8043
8163
4864
5577
7698
8179
4957
5169
8163
4544
4703
4961
5261
5505
5968
7688
7876
8043
4614
4666
4695
4768
4779
4799
4809
5077
7837
8080
4800
4970
5577
7698
4864
4927
4984
8179
7688
4544
4703
4768
4799
4809
4957
4961
5169
5505
7837
7876
8043
4614
4666
4695
4779
4800
4970
4984
5077
5261
5968
7698
8080
8163
4864
4927
5577
8179
4703
4809
4961
5169
4544
4666
4768
4779
4957
5261
5968
7688
7876
8043
8163
4614
4695
4799
4970
5077
5505
7837
4800
4864
4927
4984
5577
8080
7698
8179
7688
4544
4768
4809
4957
5169
5505
4614
4666
4695
4703
4799
4961
5077
5261
7698
7837
7876
8043
8080
8163
4779
4800
4864
4927
4970
4984
5577
5968
8179
4703
5169
4544
4768
4779
4809
4957
4961
5261
5968
7688
7876
8043
8163
4614
4666
4695
4799
5077
5505
7837
4800
4927
4970
4984
5577
8080
4864
7698
8179
4544
4703
4768
4809
4957
5169
7688
4614
4666
4695
4779
4799
4961
4984
5077
5261
5505
7837
7876
8043
8080
8163
4800
4864
4927
4970
5968
7698
5577
8179
4703
4957
4961
5169
5261
5505
8163
4544
4614
4768
4779
4799
4809
5968
7688
7876
8043
4666
4695
4927
4970
5077
7837
8080
4800
4984
5577
7698
4864
8179
4768
4809
5169
7688
4544
4614
4666
4703
4779
4799
4957
4961
5077
5261
5505
7837
7876
8043
8163
4695
4800
4864
4927
4970
4984
5968
7698
8080
5577
8179
4703
4768
4809
4961
5169
4544
4614
4666
4779
4799
4957
5261
5505
5968
7688
7876
8043
8163
4695
4970
5077
7837
8080
4800
4864
4927
4984
5577
7698
8179
4544
4703
4768
4799
4809
4957
4961
5169
5505
7688
4614
4666
4695
4779
4970
5077
5261
5968
7837
7876
4800
4864
4927
4984
5577
7698
8043
8080
8163
8179
