257.8
257.9
257.9
257.9
257.9
257.9
257.9
257.9
258.0
258.0
258.0
258.0
258.0
258.0
258.0
258.0
258.0
258.0
258.0
258.0
258.1
258.1
258.1
258.1
258.1
258.1
258.1
258.2
258.2
258.2
258.2
258.2
258.3
258.3
258.3
258.4
258.4
258.5
258.5
258.5
258.6
258.6
258.6
258.6
258.6
258.6
258.6
258.6
258.7
258.7
258.8
258.8
258.8
258.9
258.9
258.9
258.9
259.0
259.0
259.0
259.0
259.1
259.1
259.1
259.2
259.4
259.4
259.5
259.5
259.6
259.7
259.8
259.8
259.9
260.0
260.0
260.1
260.1
260.2
260.4
260.5
260.6
260.7
260.8
260.8
260.9
261.0
261.2
261.3
262.1
262.1
262.1
262.7
262.9
262.9
262.9
263.0
263.0
263.0
263.1
263.1
263.1
263.2
263.2
263.2
263.3
263.3
263.3
263.3
263.3
263.4
263.4
263.4
263.4
263.5
263.5
263.5
263.5
263.5
263.5
263.5
263.5
263.6
263.6
263.6
263.6
263.6
263.6
263.6
263.7
263.7
263.7
263.8
263.8
263.8
263.8
263.8
263.8
263.9
263.9
263.9
263.9
263.9
264.0
264.0
264.0
264.1
264.1
264.1
264.1
264.2
264.3
264.3
264.3
264.4
264.4
264.5
264.7
264.7
264.7
264.7
264.7
264.8
264.8
264.9
264.9
264.9
264.9
265.0
265.1
265.2
265.3
265.3
265.4
265.5
265.6
265.8
266.0
266.2
266.2
266.3
266.6
266.7
266.7
266.7
266.7
267.4
267.5
268.3
269.0
269.2
269.3
269.7
269.7
269.8
270.0
270.1
270.2
270.2
270.3
270.4
270.4
270.4
270.5
270.6
270.7
270.7
270.7
270.8
270.9
270.9
270.9
271.0
271.0
271.1
271.1
271.1
271.2
271.2
271.2
271.3
271.3
271.3
271.4
271.5
271.6
271.6
271.6
271.6
271.6
271.7
271.7
271.8
271.8
271.9
271.9
272.0
272.0
272.0
272.0
272.0
272.2
272.2
272.3
272.3
272.3
272.3
272.4
272.4
272.5
272.5
272.5
272.6
272.6
272.7
272.8
272.8
272.9
273.0
273.0
273.0
273.1
273.1
273.1
273.4
273.4
273.4
273.5
273.5
273.6
273.6
273.6
273.7
273.9
273.9
274.0
274.3
274.5
274.5
274.6
274.9
275.0
275.3
275.3
275.5
275.9
277.1
277.8
278.5
278.8
280.7
281.6
284.9
290.2
293.1
293.2
298.2
300.8
303.7
425.9
426.0
426.0
426.0
426.0
426.0
426.1
426.1
426.1
426.1
426.1
426.1
426.1
426.1
426.1
426.1
426.1
426.2
426.2
426.2
426.2
426.2
426.2
426.3
426.3
426.3
426.3
426.3
426.3
426.3
426.3
426.3
426.3
426.4
426.4
426.4
426.4
426.4
426.4
426.4
426.5
426.5
426.5
426.5
426.5
426.5
426.6
426.6
426.6
426.6
426.7
426.7
426.7
426.7
426.8
426.8
426.8
426.8
426.9
427.0
427.1
427.1
427.1
427.1
427.3
427.3
427.3
427.4
427.5
427.5
427.5
427.7
427.8
427.8
427.9
428.1
428.1
428.4
428.5
428.5
428.7
428.7
428.8
428.8
428.9
429.0
429.3
429.6
429.9
430.4
430.8
430.9
430.9
430.9
431.0
431.0
431.0
431.0
431.1
431.1
431.2
431.2
431.3
431.3
431.3
431.3
431.3
431.4
431.4
431.4
431.4
431.4
431.4
431.4
431.5
431.5
431.5
431.5
431.5
431.5
431.6
431.6
431.6
431.6
431.6
431.6
431.6
431.7
431.7
431.7
431.7
431.7
431.7
431.7
431.7
431.8
431.8
431.8
431.8
431.8
431.8
431.8
431.9
432.0
432.0
432.0
432.0
432.1
432.1
432.1
432.2
432.3
432.3
432.6
432.7
432.7
432.7
432.7
432.9
432.9
433.1
433.1
433.1
433.2
433.5
433.5
433.5
433.6
433.9
434.0
434.1
434.2
434.2
434.3
434.4
434.6
434.9
435.0
435.2
435.3
435.5
435.5
435.6
435.9
436.2
436.6
436.7
437.4
437.5
437.9
438.0
438.2
438.2
438.3
438.3
438.4
438.5
438.6
438.7
438.7
438.8
438.8
438.8
438.9
438.9
438.9
439.0
439.0
439.1
439.1
439.2
439.2
439.2
439.2
439.5
439.6
439.6
439.6
439.6
439.7
439.8
439.8
439.8
439.8
439.9
439.9
440.0
440.0
440.1
440.1
440.1
440.4
440.5
440.5
440.5
440.5
440.6
440.6
440.7
440.7
440.9
440.9
440.9
440.9
441.0
441.0
441.1
441.1
441.2
441.2
441.4
441.4
441.5
441.5
441.8
441.8
441.8
441.9
441.9
442.1
442.5
442.6
442.7
442.7
442.8
442.8
443.0
443.3
443.7
444.4
444.7
445.0
445.3
447.4
447.9
448.0
448.2
450.9
451.5
453.7
456.9
467.7
472.7
481.3
568.8
568.9
568.9
568.9
568.9
568.9
569.0
569.0
569.0
569.0
569.0
569.0
569.0
569.0
569.0
569.0
569.1
569.1
569.1
569.1
569.1
569.1
569.1
569.1
569.1
569.2
569.2
569.2
569.2
569.3
569.3
569.3
569.4
569.4
569.4
569.4
569.5
569.5
569.6
569.6
569.6
569.6
569.6
569.6
569.7
569.7
569.7
569.7
569.8
569.8
569.8
569.8
569.8
569.8
569.8
569.9
569.9
569.9
570.0
570.0
570.0
570.1
570.1
570.2
570.3
570.4
570.4
570.4
570.5
570.5
570.7
570.8
570.8
570.9
570.9
571.1
571.3
571.4
571.6
571.8
571.9
571.9
572.0
572.0
572.1
572.3
572.5
573.2
573.3
573.3
573.4
573.5
573.6
573.6
573.7
573.7
573.7
573.8
573.8
573.8
573.8
573.8
573.8
573.9
573.9
573.9
574.0
574.0
574.0
574.0
574.0
574.0
574.0
574.1
574.1
574.1
574.1
574.1
574.1
574.1
574.2
574.2
574.2
574.2
574.2
574.3
574.3
574.3
574.4
574.4
574.4
574.4
574.4
574.4
574.4
574.5
574.5
574.5
574.5
574.5
574.6
574.6
574.6
574.6
574.7
574.8
574.8
574.9
574.9
574.9
574.9
575.0
575.0
575.4
575.4
575.5
575.6
575.6
575.7
575.8
575.9
576.0
576.1
576.3
576.3
576.4
576.4
576.5
576.8
576.8
576.9
577.1
577.4
577.6
577.9
578.0
578.2
578.4
578.5
578.7
578.8
579.1
579.2
579.5
579.9
580.0
580.2
580.3
580.4
580.5
580.7
580.9
581.0
581.0
581.1
581.1
581.2
581.2
581.2
581.2
581.4
581.4
581.5
581.5
581.5
581.5
581.5
581.5
581.6
581.6
581.6
581.7
581.8
581.8
581.9
581.9
581.9
582.0
582.1
582.1
582.1
582.1
582.1
582.1
582.3
582.3
582.4
582.4
582.5
582.5
582.5
582.6
582.6
582.6
582.7
582.7
582.7
582.8
582.8
582.8
582.9
582.9
582.9
582.9
583.0
583.0
583.1
583.1
583.2
583.3
583.3
583.4
583.4
583.5
583.6
583.7
583.7
583.8
583.9
583.9
584.0
584.0
584.0
584.2
584.2
584.3
584.4
584.4
584.5
584.8
584.9
585.2
585.2
585.2
585.4
585.5
585.9
586.3
586.4
587.7
588.0
588.1
588.4
588.5
588.9
589.0
589.1
589.2
591.1
592.4
592.9
594.1
595.0
595.5
597.5
597.8
598.6
598.7
599.2
600.1
600.2
602.4
602.6
603.6
604.6
605.8
607.3
608.8
614.9
623.3
626.6
630.3
707.5
707.6
707.6
707.6
707.6
707.6
707.7
707.7
707.7
707.7
707.7
707.7
707.7
707.7
707.7
707.7
707.8
707.8
707.8
707.8
707.8
707.8
707.8
707.8
707.8
707.9
707.9
707.9
707.9
707.9
707.9
707.9
708.0
708.0
708.0
708.0
708.1
708.1
708.1
708.1
708.1
708.2
708.2
708.2
708.2
708.3
708.3
708.4
708.4
708.5
708.5
708.5
708.5
708.5
708.6
708.6
708.7
708.7
708.7
708.7
708.8
708.8
708.9
709.0
709.0
709.2
709.4
709.4
709.4
709.5
709.6
709.8
709.9
709.9
710.0
710.0
710.2
710.3
710.3
710.6
710.6
710.7
710.8
710.9
710.9
711.0
711.3
711.3
711.4
711.9
712.0
712.0
712.1
712.1
712.1
712.2
712.2
712.2
712.3
712.3
712.3
712.3
712.4
712.4
712.4
712.4
712.4
712.4
712.5
712.5
712.5
712.5
712.5
712.5
712.6
712.6
712.6
712.6
712.6
712.6
712.6
712.7
712.7
712.7
712.7
712.7
712.7
712.8
712.8
712.8
712.8
712.9
712.9
712.9
712.9
713.0
713.0
713.0
713.0
713.0
713.1
713.1
713.1
713.2
713.2
713.2
713.3
713.3
713.5
713.5
713.5
713.5
713.6
713.7
713.7
713.8
713.9
714.0
714.1
714.2
714.2
714.2
714.3
714.3
714.3
714.4
714.4
714.5
714.5
714.5
714.6
714.8
714.9
714.9
715.2
715.3
715.3
715.6
715.6
715.8
715.9
716.0
716.1
716.2
716.3
716.3
716.9
717.3
717.8
718.4
718.5
718.8
718.9
719.1
719.1
719.2
719.4
719.4
719.5
719.6
719.7
719.7
719.7
719.8
719.8
719.9
720.0
720.1
720.1
720.1
720.2
720.2
720.2
720.2
720.2
720.2
720.2
720.3
720.3
720.3
720.4
720.5
720.5
720.6
720.7
720.8
720.8
720.8
720.8
720.9
720.9
721.0
721.0
721.0
721.0
721.0
721.1
721.2
721.2
721.2
721.2
721.3
721.3
721.4
721.4
721.4
721.5
721.5
721.5
721.6
721.6
721.6
721.7
721.7
721.7
721.7
721.7
721.7
721.8
721.8
721.8
721.8
721.9
722.0
722.1
722.1
722.2
722.2
722.2
722.3
722.3
722.4
722.4
722.6
722.6
722.7
722.8
722.8
722.8
723.0
723.1
723.2
723.2
723.3
723.9
724.5
724.5
725.2
726.0
726.9
727.1
727.5
728.5
733.2
736.1
736.4
736.4
736.5
736.7
737.7
737.8
738.3
738.7
739.5
740.0
740.4
740.5
741.3
741.3
742.6
742.9
742.9
742.9
742.9
743.0
743.0
743.0
743.1
743.1
743.1
743.1
743.2
743.2
743.2
743.2
743.2
743.2
743.2
743.2
743.2
743.2
743.3
743.3
743.3
743.3
743.3
743.4
743.4
743.4
743.4
743.4
743.5
743.5
743.6
743.7
743.7
743.9
743.9
744.0
744.1
744.2
744.2
744.2
744.2
744.3
744.3
744.4
744.4
744.7
744.7
744.8
744.8
744.8
744.9
745.0
745.0
745.2
745.3
745.3
745.4
745.4
745.5
745.6
745.7
745.7
745.8
745.9
745.9
746.1
746.2
746.3
746.4
746.4
746.8
747.1
747.1
747.1
747.3
747.3
747.4
747.6
747.6
747.7
747.8
747.8
747.9
747.9
747.9
747.9
748.0
748.1
748.1
748.1
748.2
748.2
748.2
748.2
748.2
748.3
748.3
748.3
748.3
748.3
748.3
748.4
748.4
748.4
748.5
748.5
748.5
748.5
748.5
748.5
748.6
748.7
748.7
748.8
748.8
748.8
748.9
748.9
749.0
749.0
749.0
749.1
749.1
749.1
749.1
749.2
749.2
749.3
749.4
749.4
749.4
749.5
749.7
749.7
749.7
749.7
749.8
749.9
750.0
750.1
750.3
750.3
750.6
750.6
750.9
750.9
751.0
751.2
751.3
751.6
752.1
752.4
752.4
752.6
753.0
753.2
753.3
753.4
753.8
753.8
754.1
754.2
754.3
754.3
754.7
754.8
754.9
755.0
755.1
755.1
755.2
755.3
755.4
755.4
755.5
755.7
755.7
755.9
755.9
755.9
756.0
756.0
756.1
756.1
756.2
756.5
756.5
756.5
756.6
756.7
756.7
756.7
756.8
756.8
756.8
756.8
756.9
756.9
757.0
757.1
757.2
757.2
757.2
757.3
757.3
757.4
757.4
757.5
757.5
757.6
757.7
757.7
757.8
757.8
757.9
758.1
758.1
758.1
758.1
758.3
758.5
758.5
758.5
758.8
759.0
759.2
759.2
759.7
759.8
759.8
759.8
760.1
760.2
760.3
760.4
760.6
761.2
761.4
761.4
761.5
761.6
762.1
762.2
762.6
762.8
763.0
763.2
763.4
763.6
763.8
765.3
766.1
766.9
767.7
767.8
768.7
768.7
769.3
769.7
770.1
770.2
773.0
784.8
790.2
802.9
873.1
873.1
873.1
873.1
873.1
873.1
873.1
873.1
873.1
873.1
873.2
873.2
873.2
873.2
873.2
873.2
873.2
873.2
873.2
873.2
873.2
873.2
873.2
873.2
873.2
873.2
873.2
873.2
873.2
873.2
873.2
873.2
873.2
873.2
873.2
873.2
873.3
873.3
873.3
873.3
873.3
873.3
873.3
873.3
873.3
873.3
873.3
873.3
873.3
873.4
873.4
873.4
873.4
873.4
873.4
873.4
873.4
873.4
873.4
873.5
873.5
873.5
873.5
873.5
873.6
873.6
873.6
873.6
873.6
873.7
873.7
873.8
873.8
873.9
873.9
873.9
874.0
874.0
874.0
874.1
874.1
874.1
874.2
874.3
874.5
874.6
874.8
874.9
875.1
875.2
875.5
875.7
875.9
876.3
876.4
877.2
877.2
877.4
877.4
877.5
877.5
877.5
877.6
877.6
877.6
877.6
877.6
877.6
877.7
877.7
877.7
877.7
877.7
877.7
877.7
877.7
877.7
877.8
877.8
877.8
877.8
877.9
877.9
877.9
877.9
877.9
877.9
877.9
877.9
877.9
877.9
878.0
878.0
878.0
878.0
878.0
878.0
878.0
878.0
878.0
878.1
878.1
878.1
878.1
878.1
878.1
878.1
878.1
878.2
878.2
878.2
878.2
878.2
878.2
878.2
878.2
878.2
878.3
878.3
878.3
878.3
878.3
878.4
878.4
878.4
878.4
878.4
878.5
878.5
878.6
878.6
878.7
878.7
878.7
878.7
878.8
878.8
878.9
878.9
879.0
879.1
879.2
879.2
879.4
879.7
879.9
880.0
880.1
880.6
880.8
881.5
881.9
882.6
883.5
883.6
884.4
884.5
884.6
884.6
884.8
884.8
884.8
884.9
884.9
884.9
884.9
885.0
885.0
885.1
885.1
885.2
885.2
885.2
885.3
885.3
885.4
885.5
885.5
885.6
885.6
885.6
885.6
885.6
885.6
885.7
885.7
885.7
885.7
885.7
885.8
885.8
885.8
885.9
886.0
886.0
886.1
886.1
886.1
886.1
886.1
886.2
886.2
886.3
886.3
886.3
886.3
886.3
886.3
886.4
886.4
886.5
886.5
886.5
886.6
886.6
886.6
886.6
886.6
886.7
886.7
886.8
886.8
886.8
886.9
886.9
886.9
886.9
887.0
887.0
887.1
887.2
887.2
887.2
887.2
887.2
887.4
887.5
887.6
887.7
887.8
888.0
888.2
888.4
888.5
888.6
888.7
888.7
889.7
889.9
890.9
891.3
894.6
896.3
901.9
903.1
923.0
923.0
923.0
923.0
923.1
923.1
923.1
923.1
923.1
923.1
923.1
923.1
923.2
923.2
923.2
923.2
923.2
923.2
923.2
923.2
923.2
923.2
923.2
923.3
923.3
923.3
923.3
923.3
923.3
923.3
923.3
923.3
923.3
923.3
923.3
923.3
923.3
923.3
923.3
923.3
923.3
923.3
923.4
923.4
923.4
923.4
923.4
923.4
923.4
923.4
923.4
923.4
923.4
923.5
923.5
923.5
923.5
923.5
923.6
923.7
923.7
923.7
923.7
923.7
923.7
923.8
923.8
923.9
923.9
923.9
923.9
923.9
924.0
924.0
924.0
924.1
924.2
924.3
924.4
924.4
924.6
924.6
924.6
924.7
924.7
925.0
925.1
925.3
925.4
925.6
925.6
925.8
926.2
926.2
926.6
926.7
926.7
926.9
927.0
927.3
927.5
927.6
927.6
927.6
927.7
927.7
927.7
927.7
927.8
927.8
927.9
927.9
927.9
927.9
927.9
927.9
927.9
927.9
927.9
927.9
927.9
927.9
928.0
928.0
928.0
928.0
928.0
928.0
928.1
928.1
928.1
928.1
928.1
928.1
928.1
928.1
928.2
928.2
928.2
928.2
928.2
928.2
928.2
928.3
928.3
928.3
928.3
928.3
928.3
928.3
928.4
928.4
928.4
928.4
928.5
928.5
928.6
928.6
928.7
928.7
928.7
928.8
928.8
928.8
928.8
928.9
928.9
929.0
929.1
929.1
929.1
929.2
929.2
929.2
929.2
929.4
929.7
929.7
929.8
929.9
930.5
930.6
930.7
930.8
930.8
931.1
931.4
931.8
932.3
932.3
933.2
934.1
934.1
934.3
934.6
934.6
934.6
934.7
934.9
934.9
935.0
935.0
935.0
935.0
935.1
935.1
935.1
935.1
935.2
935.3
935.3
935.3
935.4
935.4
935.5
935.7
935.7
935.8
935.8
935.8
935.8
935.9
935.9
936.0
936.0
936.0
936.0
936.1
936.1
936.1
936.1
936.2
936.3
936.3
936.4
936.4
936.4
936.4
936.4
936.5
936.5
936.6
936.6
936.6
936.6
936.6
936.7
936.7
936.7
936.7
936.8
936.8
936.9
936.9
936.9
937.0
937.0
937.1
937.1
937.1
937.2
937.2
937.2
937.2
937.2
937.3
937.3
937.4
937.7
937.7
937.8
937.8
937.9
938.0
938.1
938.5
938.6
938.6
938.9
939.1
940.6
940.7
940.9
941.1
941.4
941.6
941.7
943.3
944.4
945.2
954.7
967.3
986.8
1047.4
1047.4
1047.4
1047.4
1047.4
1047.4
1047.5
1047.5
1047.5
1047.5
1047.5
1047.5
1047.5
1047.5
1047.5
1047.5
1047.6
1047.6
1047.6
1047.6
1047.6
1047.6
1047.6
1047.6
1047.6
1047.6
1047.6
1047.6
1047.7
1047.7
1047.7
1047.7
1047.7
1047.7
1047.8
1047.8
1047.8
1047.8
1047.8
1047.9
1047.9
1047.9
1047.9
1047.9
1047.9
1047.9
1047.9
1047.9
1047.9
1048.0
1048.0
1048.0
1048.0
1048.0
1048.1
1048.1
1048.2
1048.2
1048.2
1048.2
1048.2
1048.3
1048.3
1048.3
1048.3
1048.4
1048.5
1048.5
1048.6
1048.6
1048.6
1048.6
1048.6
1048.8
1048.8
1048.9
1049.0
1049.0
1049.1
1049.1
1049.1
1049.2
1049.2
1049.4
1049.5
1049.7
1049.9
1050.0
1050.4
1050.6
1050.6
1051.0
1051.1
1051.8
1051.9
1051.9
1051.9
1051.9
1052.0
1052.0
1052.0
1052.0
1052.0
1052.1
1052.1
1052.1
1052.2
1052.2
1052.2
1052.2
1052.2
1052.2
1052.2
1052.3
1052.3
1052.3
1052.3
1052.3
1052.3
1052.3
1052.3
1052.4
1052.4
1052.4
1052.4
1052.4
1052.4
1052.4
1052.5
1052.5
1052.5
1052.5
1052.5
1052.6
1052.6
1052.6
1052.6
1052.6
1052.6
1052.7
1052.7
1052.7
1052.7
1052.7
1052.7
1052.8
1052.8
1052.8
1052.8
1052.8
1052.8
1052.8
1052.8
1052.9
1052.9
1052.9
1053.0
1053.0
1053.0
1053.1
1053.1
1053.1
1053.1
1053.2
1053.2
1053.3
1053.3
1053.3
1053.3
1053.4
1053.4
1053.4
1053.5
1053.6
1053.6
1053.7
1053.7
1053.7
1053.8
1053.9
1054.1
1054.2
1054.2
1054.2
1054.7
1054.7
1055.1
1055.2
1055.6
1056.2
1056.6
1056.7
1057.5
1058.7
1058.7
1058.9
1058.9
1059.0
1059.0
1059.2
1059.2
1059.2
1059.3
1059.4
1059.4
1059.4
1059.4
1059.5
1059.5
1059.6
1059.6
1059.6
1059.6
1059.7
1059.7
1059.9
1060.0
1060.0
1060.0
1060.0
1060.0
1060.1
1060.1
1060.1
1060.2
1060.2
1060.2
1060.2
1060.2
1060.3
1060.3
1060.3
1060.4
1060.4
1060.4
1060.4
1060.4
1060.6
1060.6
1060.6
1060.6
1060.6
1060.7
1060.7
1060.7
1060.7
1060.7
1060.8
1060.8
1060.9
1060.9
1060.9
1061.0
1061.0
1061.0
1061.0
1061.0
1061.1
1061.1
1061.1
1061.1
1061.2
1061.2
1061.2
1061.3
1061.4
1061.4
1061.4
1061.4
1061.5
1061.5
1061.5
1061.5
1061.5
1061.6
1061.6
1061.8
1061.9
1062.0
1062.1
1062.3
1062.7
1062.8
1062.9
1063.2
1063.7
1063.7
1064.0
1064.4
1066.1
1066.3
1070.3
1075.3
1211.6
1211.6
1211.6
1211.6
1211.6
1211.6
1211.6
1211.6
1211.7
1211.7
1211.7
1211.7
1211.7
1211.7
1211.7
1211.7
1211.7
1211.7
1211.7
1211.7
1211.7
1211.7
1211.7
1211.7
1211.8
1211.8
1211.8
1211.8
1211.8
1211.8
1211.8
1211.8
1211.8
1211.8
1211.8
1211.8
1211.8
1211.8
1211.8
1211.8
1211.8
1211.9
1211.9
1211.9
1211.9
1211.9
1211.9
1211.9
1211.9
1211.9
1211.9
1211.9
1212.0
1212.0
1212.0
1212.0
1212.0
1212.1
1212.1
1212.1
1212.1
1212.1
1212.2
1212.2
1212.2
1212.3
1212.3
1212.4
1212.4
1212.4
1212.4
1212.4
1212.4
1212.6
1212.6
1212.7
1212.7
1212.7
1212.8
1212.8
1212.9
1213.0
1213.0
1213.1
1213.2
1213.4
1213.5
1213.6
1213.9
1214.1
1214.1
1214.5
1214.5
1215.3
1215.4
1215.9
1215.9
1216.0
1216.0
1216.0
1216.0
1216.1
1216.1
1216.1
1216.1
1216.1
1216.2
1216.2
1216.2
1216.2
1216.2
1216.2
1216.3
1216.3
1216.3
1216.3
1216.3
1216.3
1216.3
1216.3
1216.3
1216.3
1216.4
1216.4
1216.4
1216.4
1216.4
1216.4
1216.4
1216.5
1216.5
1216.5
1216.5
1216.5
1216.5
1216.5
1216.5
1216.5
1216.6
1216.6
1216.6
1216.6
1216.6
1216.6
1216.6
1216.7
1216.7
1216.7
1216.7
1216.7
1216.7
1216.7
1216.8
1216.8
1216.8
1216.8
1216.8
1216.9
1216.9
1216.9
1216.9
1216.9
1217.0
1217.0
1217.1
1217.1
1217.1
1217.1
1217.1
1217.1
1217.2
1217.2
1217.3
1217.3
1217.3
1217.5
1217.5
1217.5
1217.5
1217.7
1217.9
1217.9
1218.0
1218.0
1218.4
1218.5
1218.7
1218.9
1219.1
1219.5
1220.0
1220.2
1220.7
1221.3
1221.4
1222.4
1222.6
1222.7
1222.7
1222.8
1223.0
1223.0
1223.1
1223.1
1223.3
1223.3
1223.3
1223.4
1223.4
1223.4
1223.5
1223.5
1223.5
1223.5
1223.6
1223.6
1223.6
1223.7
1223.7
1223.7
1223.7
1223.7
1223.9
1223.9
1224.0
1224.0
1224.0
1224.0
1224.1
1224.1
1224.1
1224.1
1224.2
1224.2
1224.2
1224.2
1224.3
1224.4
1224.4
1224.4
1224.5
1224.5
1224.5
1224.6
1224.6
1224.6
1224.6
1224.6
1224.7
1224.7
1224.7
1224.7
1224.7
1224.8
1224.9
1224.9
1224.9
1225.0
1225.0
1225.1
1225.1
1225.1
1225.1
1225.2
1225.2
1225.2
1225.2
1225.3
1225.3
1225.3
1225.4
1225.4
1225.4
1225.4
1225.5
1225.5
1225.5
1225.5
1225.6
1225.6
1225.6
1225.7
1225.8
1226.2
1226.3
1226.4
1226.5
1226.9
1226.9
1227.0
1227.4
1228.7
1229.2
1231.6
1231.7
1236.0
1236.5
1237.0
1237.3
1247.3
1264.8
1266.4
1284.2
1284.6
1285.5
1285.7
1285.9
1285.9
1286.1
1287.7
1288.4
1288.6
1288.9
1289.2
1289.5
1289.6
1290.1
1290.4
1290.5
1290.9
1292.0
1292.1
1292.4
1292.7
1293.1
1293.8
1294.4
1294.5
1295.2
1295.5
1296.0
1298.4
1303.9
1309.2
1382.9
1382.9
1382.9
1382.9
1382.9
1382.9
1383.0
1383.0
1383.0
1383.0
1383.0
1383.0
1383.0
1383.0
1383.0
1383.0
1383.0
1383.0
1383.0
1383.0
1383.0
1383.0
1383.0
1383.0
1383.0
1383.0
1383.0
1383.0
1383.0
1383.0
1383.1
1383.1
1383.1
1383.1
1383.1
1383.1
1383.1
1383.1
1383.1
1383.1
1383.1
1383.1
1383.1
1383.2
1383.2
1383.2
1383.2
1383.2
1383.2
1383.2
1383.2
1383.2
1383.2
1383.3
1383.3
1383.3
1383.3
1383.3
1383.3
1383.3
1383.4
1383.4
1383.4
1383.4
1383.5
1383.5
1383.5
1383.5
1383.6
1383.6
1383.6
1383.7
1383.8
1383.8
1383.9
1383.9
1383.9
1383.9
1383.9
1384.0
1384.0
1384.1
1384.1
1384.2
1384.5
1384.6
1384.7
1384.9
1385.1
1385.2
1385.5
1385.8
1385.9
1386.3
1386.3
1387.1
1387.2
1387.2
1387.3
1387.3
1387.3
1387.4
1387.4
1387.4
1387.4
1387.4
1387.4
1387.4
1387.5
1387.5
1387.5
1387.5
1387.5
1387.5
1387.5
1387.5
1387.5
1387.6
1387.6
1387.6
1387.6
1387.6
1387.6
1387.7
1387.7
1387.7
1387.7
1387.7
1387.7
1387.8
1387.8
1387.8
1387.8
1387.8
1387.8
1387.8
1387.8
1387.8
1387.8
1387.8
1387.9
1387.9
1387.9
1387.9
1387.9
1387.9
1388.0
1388.0
1388.0
1388.0
1388.0
1388.0
1388.0
1388.0
1388.1
1388.1
1388.1
1388.1
1388.1
1388.1
1388.1
1388.2
1388.2
1388.2
1388.2
1388.2
1388.3
1388.3
1388.4
1388.5
1388.5
1388.5
1388.6
1388.6
1388.6
1388.6
1388.7
1388.8
1388.8
1388.9
1388.9
1389.0
1389.0
1389.3
1389.5
1389.8
1389.9
1390.0
1390.4
1390.7
1391.3
1391.6
1392.3
1392.8
1392.9
1394.2
1394.3
1394.4
1394.4
1394.5
1394.5
1394.6
1394.6
1394.6
1394.7
1394.7
1394.7
1394.8
1394.8
1394.8
1394.8
1394.9
1394.9
1395.0
1395.0
1395.0
1395.0
1395.0
1395.0
1395.0
1395.1
1395.1
1395.3
1395.3
1395.4
1395.4
1395.4
1395.4
1395.4
1395.4
1395.5
1395.5
1395.5
1395.6
1395.6
1395.7
1395.8
1395.8
1395.8
1395.8
1395.9
1395.9
1395.9
1396.0
1396.0
1396.0
1396.0
1396.1
1396.1
1396.1
1396.1
1396.2
1396.2
1396.2
1396.2
1396.3
1396.3
1396.3
1396.4
1396.4
1396.4
1396.4
1396.5
1396.5
1396.6
1396.6
1396.6
1396.6
1396.7
1396.7
1396.7
1396.8
1396.8
1396.8
1396.8
1396.9
1397.0
1397.0
1397.1
1397.3
1397.4
1397.6
1397.8
1397.8
1398.3
1398.4
1398.5
1398.5
1398.5
1399.0
1400.6
1403.5
1404.4
1405.3
1406.9
1422.1
1425.1
1446.1
1548.0
1548.0
1548.0
1548.0
1548.0
1548.0
1548.0
1548.0
1548.1
1548.1
1548.1
1548.1
1548.1
1548.1
1548.1
1548.1
1548.1
1548.1
1548.1
1548.1
1548.1
1548.1
1548.1
1548.1
1548.1
1548.1
1548.1
1548.1
1548.1
1548.1
1548.2
1548.2
1548.2
1548.2
1548.2
1548.2
1548.2
1548.2
1548.2
1548.2
1548.2
1548.2
1548.2
1548.2
1548.2
1548.2
1548.2
1548.3
1548.3
1548.3
1548.3
1548.3
1548.3
1548.3
1548.3
1548.4
1548.4
1548.4
1548.4
1548.5
1548.5
1548.5
1548.5
1548.5
1548.5
1548.6
1548.6
1548.7
1548.7
1548.7
1548.7
1548.8
1548.8
1548.9
1548.9
1549.0
1549.0
1549.1
1549.2
1549.2
1549.2
1549.3
1549.3
1549.5
1549.5
1549.7
1549.8
1549.9
1550.2
1550.4
1550.4
1550.8
1550.8
1551.6
1551.6
1552.2
1552.2
1552.3
1552.3
1552.4
1552.4
1552.4
1552.4
1552.4
1552.5
1552.5
1552.5
1552.5
1552.6
1552.6
1552.6
1552.6
1552.6
1552.6
1552.6
1552.6
1552.6
1552.7
1552.7
1552.7
1552.7
1552.7
1552.7
1552.7
1552.8
1552.8
1552.8
1552.8
1552.8
1552.8
1552.8
1552.8
1552.8
1552.8
1552.9
1552.9
1552.9
1552.9
1552.9
1552.9
1552.9
1553.0
1553.0
1553.0
1553.0
1553.0
1553.0
1553.0
1553.0
1553.0
1553.0
1553.1
1553.1
1553.1
1553.1
1553.1
1553.2
1553.2
1553.2
1553.2
1553.2
1553.2
1553.3
1553.4
1553.4
1553.4
1553.4
1553.4
1553.4
1553.5
1553.5
1553.5
1553.6
1553.6
1553.7
1553.8
1553.8
1553.8
1553.9
1554.0
1554.2
1554.2
1554.3
1554.3
1554.7
1554.8
1555.0
1555.2
1555.4
1556.0
1556.3
1556.6
1557.2
1558.0
1558.2
1559.1
1559.2
1559.4
1559.4
1559.5
1559.5
1559.5
1559.6
1559.6
1559.7
1559.7
1559.7
1559.7
1559.7
1559.8
1559.8
1559.9
1559.9
1559.9
1560.0
1560.1
1560.1
1560.1
1560.1
1560.1
1560.2
1560.2
1560.2
1560.3
1560.4
1560.4
1560.5
1560.5
1560.5
1560.5
1560.5
1560.6
1560.6
1560.6
1560.6
1560.7
1560.7
1560.8
1560.8
1560.9
1560.9
1560.9
1560.9
1561.0
1561.0
1561.0
1561.1
1561.1
1561.1
1561.1
1561.1
1561.1
1561.1
1561.2
1561.3
1561.3
1561.3
1561.4
1561.4
1561.4
1561.5
1561.5
1561.5
1561.5
1561.6
1561.6
1561.6
1561.7
1561.7
1561.7
1561.8
1561.8
1561.9
1561.9
1561.9
1561.9
1561.9
1561.9
1562.0
1562.0
1562.1
1562.2
1562.3
1562.5
1562.9
1563.0
1563.2
1563.4
1563.4
1563.6
1564.1
1565.5
1565.8
1568.7
1569.6
1572.7
1573.4
1574.2
1576.1
1581.5
1596.6
1599.9
1615.1
1631.9
1634.5
1641.2
1719.0
1719.0
1719.0
1719.0
1719.0
1719.0
1719.0
1719.0
1719.0
1719.0
1719.0
1719.0
1719.0
1719.0
1719.1
1719.1
1719.1
1719.1
1719.1
1719.1
1719.1
1719.1
1719.1
1719.1
1719.1
1719.1
1719.1
1719.1
1719.1
1719.1
1719.1
1719.1
1719.1
1719.1
1719.1
1719.1
1719.1
1719.1
1719.2
1719.2
1719.2
1719.2
1719.2
1719.2
1719.2
1719.2
1719.2
1719.3
1719.3
1719.3
1719.3
1719.3
1719.3
1719.3
1719.3
1719.3
1719.3
1719.3
1719.4
1719.4
1719.4
1719.5
1719.5
1719.5
1719.5
1719.5
1719.6
1719.6
1719.6
1719.6
1719.7
1719.7
1719.8
1719.9
1719.9
1719.9
1720.0
1720.0
1720.0
1720.1
1720.1
1720.1
1720.1
1720.3
1720.5
1720.7
1720.8
1720.9
1721.2
1721.3
1721.5
1721.8
1721.9
1722.4
1722.4
1723.1
1723.2
1723.3
1723.4
1723.4
1723.4
1723.4
1723.4
1723.4
1723.4
1723.5
1723.5
1723.5
1723.5
1723.5
1723.5
1723.5
1723.5
1723.5
1723.5
1723.6
1723.6
1723.7
1723.7
1723.7
1723.7
1723.7
1723.7
1723.7
1723.7
1723.7
1723.7
1723.7
1723.8
1723.8
1723.8
1723.8
1723.8
1723.8
1723.9
1723.9
1723.9
1723.9
1723.9
1723.9
1723.9
1723.9
1724.0
1724.0
1724.0
1724.0
1724.0
1724.0
1724.0
1724.0
1724.0
1724.1
1724.1
1724.1
1724.1
1724.1
1724.1
1724.1
1724.1
1724.2
1724.2
1724.2
1724.3
1724.3
1724.3
1724.3
1724.3
1724.4
1724.4
1724.5
1724.5
1724.6
1724.6
1724.6
1724.7
1724.7
1724.8
1724.8
1724.8
1724.9
1725.0
1725.1
1725.1
1725.3
1725.6
1725.8
1726.0
1726.0
1726.4
1726.8
1727.3
1727.5
1728.2
1728.8
1728.9
1730.2
1730.3
1730.4
1730.5
1730.5
1730.5
1730.6
1730.6
1730.6
1730.6
1730.7
1730.8
1730.8
1730.8
1730.9
1730.9
1730.9
1731.0
1731.0
1731.1
1731.1
1731.1
1731.1
1731.1
1731.1
1731.1
1731.2
1731.4
1731.4
1731.4
1731.5
1731.5
1731.5
1731.5
1731.5
1731.5
1731.6
1731.6
1731.6
1731.6
1731.6
1731.7
1731.8
1731.9
1731.9
1731.9
1732.0
1732.0
1732.0
1732.1
1732.1
1732.1
1732.2
1732.2
1732.2
1732.2
1732.2
1732.2
1732.2
1732.3
1732.3
1732.4
1732.4
1732.4
1732.4
1732.5
1732.5
1732.5
1732.6
1732.6
1732.6
1732.6
1732.7
1732.8
1732.8
1732.9
1732.9
1732.9
1733.0
1733.0
1733.0
1733.0
1733.0
1733.1
1733.3
1733.6
1733.7
1734.0
1734.0
1734.3
1734.5
1734.6
1734.6
1734.8
1735.1
1736.9
1740.5
1740.9
1743.1
1743.4
1765.2
1770.4
1884.5
1884.5
1884.5
1884.5
1884.5
1884.5
1884.5
1884.5
1884.6
1884.6
1884.6
1884.6
1884.6
1884.6
1884.6
1884.6
1884.6
1884.6
1884.6
1884.6
1884.6
1884.6
1884.6
1884.6
1884.6
1884.6
1884.7
1884.7
1884.7
1884.7
1884.7
1884.7
1884.7
1884.7
1884.7
1884.7
1884.7
1884.7
1884.7
1884.7
1884.7
1884.7
1884.7
1884.7
1884.7
1884.7
1884.8
1884.8
1884.8
1884.8
1884.8
1884.8
1884.8
1884.8
1884.8
1884.9
1884.9
1884.9
1884.9
1885.0
1885.0
1885.0
1885.0
1885.0
1885.1
1885.1
1885.2
1885.2
1885.2
1885.3
1885.3
1885.3
1885.3
1885.4
1885.4
1885.6
1885.6
1885.6
1885.7
1885.7
1885.8
1885.8
1885.8
1886.0
1886.1
1886.3
1886.5
1886.5
1886.9
1887.0
1887.1
1887.4
1887.5
1888.2
1888.3
1888.8
1888.9
1888.9
1888.9
1888.9
1888.9
1889.0
1889.0
1889.0
1889.0
1889.0
1889.1
1889.1
1889.1
1889.1
1889.1
1889.1
1889.1
1889.1
1889.1
1889.1
1889.2
1889.2
1889.2
1889.2
1889.2
1889.2
1889.3
1889.3
1889.3
1889.3
1889.3
1889.3
1889.3
1889.3
1889.3
1889.3
1889.3
1889.3
1889.4
1889.4
1889.4
1889.4
1889.5
1889.5
1889.5
1889.5
1889.5
1889.5
1889.5
1889.5
1889.5
1889.5
1889.5
1889.5
1889.6
1889.6
1889.6
1889.6
1889.6
1889.7
1889.7
1889.7
1889.7
1889.7
1889.8
1889.8
1889.9
1889.9
1889.9
1889.9
1890.0
1890.0
1890.0
1890.0
1890.0
1890.1
1890.1
1890.2
1890.3
1890.4
1890.4
1890.4
1890.4
1890.6
1890.8
1890.8
1890.9
1890.9
1891.4
1891.4
1891.7
1891.8
1892.1
1892.7
1893.0
1893.3
1893.9
1894.8
1894.8
1895.7
1895.8
1895.9
1895.9
1896.0
1896.0
1896.1
1896.1
1896.2
1896.2
1896.2
1896.2
1896.3
1896.3
1896.3
1896.4
1896.4
1896.4
1896.5
1896.5
1896.5
1896.6
1896.6
1896.6
1896.6
1896.7
1896.7
1896.8
1896.8
1896.9
1896.9
1896.9
1897.0
1897.0
1897.0
1897.0
1897.1
1897.1
1897.1
1897.1
1897.2
1897.2
1897.3
1897.3
1897.4
1897.4
1897.4
1897.5
1897.5
1897.5
1897.5
1897.6
1897.6
1897.6
1897.6
1897.6
1897.6
1897.7
1897.8
1897.8
1897.8
1897.8
1897.8
1897.8
1897.9
1898.0
1898.0
1898.0
1898.0
1898.1
1898.1
1898.1
1898.1
1898.2
1898.2
1898.3
1898.3
1898.3
1898.3
1898.4
1898.4
1898.4
1898.4
1898.5
1898.5
1898.7
1898.8
1898.9
1899.0
1899.3
1899.6
1899.7
1899.8
1899.9
1900.0
1900.4
1901.8
1902.4
1905.3
1905.4
1909.3
1909.9
1910.5
1912.1
1918.4
1922.9
1925.0
1937.6
1949.6
1954.2
1955.5
1956.4
1957.0
1957.2
1957.3
1957.8
1959.1
1960.0
1960.3
1960.9
1961.5
1961.5
1961.9
1962.2
1962.7
1962.9
1963.4
1963.6
1964.9
1965.6
1967.9
1968.2
1969.2
1970.0
1971.6
1972.0
1977.9
1980.8
1984.1
2055.2
2055.2
2055.2
2055.2
2055.2
2055.3
2055.3
2055.3
2055.3
2055.3
2055.3
2055.3
2055.3
2055.3
2055.3
2055.3
2055.3
2055.3
2055.3
2055.3
2055.3
2055.3
2055.3
2055.3
2055.3
2055.3
2055.3
2055.3
2055.3
2055.3
2055.4
2055.4
2055.4
2055.4
2055.4
2055.4
2055.4
2055.4
2055.4
2055.4
2055.4
2055.4
2055.4
2055.5
2055.5
2055.5
2055.5
2055.5
2055.5
2055.5
2055.6
2055.6
2055.6
2055.6
2055.6
2055.6
2055.6
2055.6
2055.7
2055.7
2055.7
2055.7
2055.8
2055.8
2055.8
2055.8
2055.8
2055.8
2055.9
2055.9
2056.0
2056.0
2056.1
2056.1
2056.2
2056.2
2056.2
2056.2
2056.3
2056.3
2056.3
2056.4
2056.4
2056.5
2056.8
2057.0
2057.0
2057.2
2057.4
2057.5
2057.8
2058.1
2058.2
2058.6
2058.7
2059.4
2059.5
2059.6
2059.6
2059.6
2059.6
2059.7
2059.7
2059.7
2059.7
2059.7
2059.7
2059.7
2059.8
2059.8
2059.8
2059.8
2059.8
2059.8
2059.8
2059.8
2059.8
2059.9
2059.9
2059.9
2059.9
2059.9
2060.0
2060.0
2060.0
2060.0
2060.0
2060.0
2060.0
2060.1
2060.1
2060.1
2060.1
2060.1
2060.1
2060.1
2060.1
2060.1
2060.1
2060.2
2060.2
2060.2
2060.2
2060.2
2060.2
2060.3
2060.3
2060.3
2060.3
2060.3
2060.3
2060.3
2060.3
2060.3
2060.4
2060.4
2060.4
2060.4
2060.4
2060.4
2060.5
2060.5
2060.5
2060.5
2060.5
2060.5
2060.6
2060.6
2060.7
2060.8
2060.8
2060.8
2060.9
2060.9
2060.9
2060.9
2061.1
2061.1
2061.1
2061.2
2061.3
2061.3
2061.4
2061.6
2061.9
2062.1
2062.2
2062.3
2062.7
2063.0
2063.6
2063.9
2064.6
2065.1
2065.3
2066.5
2066.6
2066.7
2066.7
2066.8
2066.8
2066.9
2066.9
2066.9
2067.0
2067.0
2067.0
2067.1
2067.1
2067.1
2067.1
2067.2
2067.2
2067.3
2067.3
2067.3
2067.3
2067.3
2067.4
2067.4
2067.4
2067.5
2067.6
2067.6
2067.7
2067.7
2067.7
2067.7
2067.7
2067.8
2067.8
2067.8
2067.8
2067.9
2067.9
2068.0
2068.0
2068.1
2068.1
2068.1
2068.2
2068.2
2068.2
2068.3
2068.3
2068.4
2068.4
2068.4
2068.4
2068.4
2068.4
2068.5
2068.5
2068.5
2068.5
2068.5
2068.6
2068.7
2068.7
2068.7
2068.8
2068.8
2068.8
2068.8
2068.8
2068.9
2068.9
2069.0
2069.1
2069.1
2069.1
2069.1
2069.3
2069.3
2069.3
2069.3
2069.3
2069.3
2069.4
2069.6
2069.8
2069.9
2070.2
2070.5
2070.6
2070.8
2071.0
2071.0
2071.2
2071.6
2073.3
2077.0
2077.9
2078.1
2080.7
2111.9
2122.9
2220.7
2220.7
2220.7
2220.7
2220.7
2220.7
2220.7
2220.7
2220.8
2220.8
2220.8
2220.8
2220.8
2220.8
2220.8
2220.8
2220.8
2220.8
2220.8
2220.8
2220.8
2220.8
2220.8
2220.8
2220.8
2220.9
2220.9
2220.9
2220.9
2220.9
2220.9
2220.9
2220.9
2220.9
2220.9
2220.9
2220.9
2220.9
2220.9
2220.9
2220.9
2220.9
2220.9
2220.9
2220.9
2220.9
2221.0
2221.0
2221.0
2221.0
2221.0
2221.0
2221.0
2221.0
2221.0
2221.1
2221.1
2221.1
2221.1
2221.2
2221.2
2221.2
2221.2
2221.2
2221.3
2221.3
2221.4
2221.4
2221.4
2221.5
2221.5
2221.5
2221.5
2221.6
2221.6
2221.7
2221.8
2221.8
2221.9
2221.9
2221.9
2222.0
2222.0
2222.2
2222.2
2222.4
2222.6
2222.6
2223.0
2223.1
2223.1
2223.5
2223.6
2224.3
2224.4
2224.9
2224.9
2225.0
2225.0
2225.1
2225.1
2225.1
2225.1
2225.2
2225.2
2225.2
2225.2
2225.2
2225.3
2225.3
2225.3
2225.3
2225.3
2225.3
2225.3
2225.3
2225.4
2225.4
2225.4
2225.4
2225.4
2225.4
2225.4
2225.5
2225.5
2225.5
2225.5
2225.5
2225.5
2225.5
2225.5
2225.5
2225.5
2225.5
2225.6
2225.6
2225.6
2225.6
2225.6
2225.7
2225.7
2225.7
2225.7
2225.7
2225.7
2225.7
2225.7
2225.7
2225.7
2225.7
2225.7
2225.8
2225.8
2225.8
2225.8
2225.8
2225.9
2225.9
2225.9
2225.9
2225.9
2226.0
2226.0
2226.1
2226.1
2226.1
2226.1
2226.1
2226.2
2226.2
2226.2
2226.2
2226.3
2226.4
2226.4
2226.5
2226.5
2226.6
2226.6
2226.7
2226.9
2226.9
2227.0
2227.0
2227.5
2227.5
2227.7
2227.9
2228.2
2228.7
2229.0
2229.3
2229.9
2230.6
2230.8
2231.6
2231.8
2231.9
2232.1
2232.1
2232.1
2232.1
2232.2
2232.2
2232.4
2232.4
2232.4
2232.4
2232.4
2232.5
2232.6
2232.6
2232.6
2232.6
2232.7
2232.8
2232.8
2232.8
2232.8
2232.8
2232.8
2232.9
2232.9
2233.0
2233.1
2233.1
2233.1
2233.2
2233.2
2233.2
2233.2
2233.3
2233.3
2233.3
2233.3
2233.4
2233.4
2233.4
2233.5
2233.5
2233.6
2233.6
2233.7
2233.7
2233.7
2233.7
2233.7
2233.7
2233.8
2233.8
2233.8
2233.8
2233.9
2233.9
2234.0
2234.0
2234.0
2234.1
2234.1
2234.1
2234.2
2234.2
2234.2
2234.2
2234.3
2234.3
2234.4
2234.4
2234.4
2234.4
2234.5
2234.5
2234.6
2234.6
2234.6
2234.6
2234.7
2234.7
2234.7
2234.7
2234.9
2234.9
2234.9
2235.3
2235.6
2235.7
2235.8
2236.0
2236.0
2236.1
2236.7
2238.1
2238.4
2240.9
2241.8
2246.0
2246.3
2246.3
2249.7
2256.3
2266.9
2269.1
2290.3
2291.0
2291.9
2292.5
2292.6
2292.7
2293.1
2293.7
2295.2
2296.2
2296.7
2296.9
2297.2
2297.2
2297.7
2298.5
2298.8
2300.0
2300.9
2301.4
2302.8
2303.9
2305.7
2305.9
2306.0
2306.6
2309.9
2313.2
2314.2
2316.7
2391.6
2391.6
2391.6
2391.6
2391.6
2391.6
2391.6
2391.6
2391.6
2391.6
2391.6
2391.6
2391.6
2391.6
2391.6
2391.6
2391.7
2391.7
2391.7
2391.7
2391.7
2391.7
2391.7
2391.7
2391.7
2391.7
2391.7
2391.7
2391.7
2391.7
2391.7
2391.7
2391.7
2391.7
2391.7
2391.7
2391.7
2391.7
2391.7
2391.8
2391.8
2391.8
2391.8
2391.8
2391.8
2391.8
2391.8
2391.9
2391.9
2391.9
2391.9
2391.9
2391.9
2391.9
2391.9
2391.9
2392.0
2392.0
2392.0
2392.0
2392.0
2392.0
2392.1
2392.1
2392.1
2392.1
2392.1
2392.1
2392.3
2392.3
2392.3
2392.3
2392.4
2392.4
2392.5
2392.5
2392.6
2392.6
2392.6
2392.7
2392.7
2392.8
2392.8
2392.8
2393.2
2393.3
2393.3
2393.5
2393.7
2393.9
2394.1
2394.4
2394.5
2394.9
2395.0
2395.7
2395.8
2395.9
2396.0
2396.0
2396.0
2396.0
2396.0
2396.0
2396.0
2396.1
2396.1
2396.1
2396.1
2396.1
2396.1
2396.1
2396.1
2396.1
2396.1
2396.2
2396.2
2396.2
2396.3
2396.3
2396.3
2396.3
2396.3
2396.3
2396.3
2396.3
2396.3
2396.4
2396.4
2396.4
2396.4
2396.4
2396.4
2396.4
2396.4
2396.5
2396.5
2396.5
2396.5
2396.5
2396.5
2396.5
2396.6
2396.6
2396.6
2396.6
2396.6
2396.6
2396.6
2396.6
2396.6
2396.6
2396.7
2396.7
2396.7
2396.7
2396.7
2396.7
2396.7
2396.7
2396.8
2396.8
2396.9
2396.9
2396.9
2396.9
2396.9
2397.0
2397.0
2397.1
2397.2
2397.2
2397.2
2397.2
2397.2
2397.2
2397.4
2397.4
2397.4
2397.5
2397.6
2397.6
2397.7
2397.9
2398.2
2398.4
2398.6
2398.7
2399.0
2399.3
2399.9
2400.2
2400.9
2401.5
2401.6
2402.8
2402.9
2403.0
2403.1
2403.1
2403.1
2403.2
2403.2
2403.2
2403.3
2403.3
2403.3
2403.4
2403.4
2403.5
2403.5
2403.5
2403.5
2403.6
2403.6
2403.6
2403.7
2403.7
2403.7
2403.7
2403.8
2403.8
2404.0
2404.0
2404.0
2404.1
2404.1
2404.1
2404.1
2404.1
2404.1
2404.2
2404.2
2404.2
2404.2
2404.3
2404.3
2404.4
2404.4
2404.4
2404.5
2404.5
2404.6
2404.7
2404.7
2404.7
2404.7
2404.7
2404.8
2404.8
2404.8
2404.8
2404.8
2404.9
2404.9
2404.9
2405.0
2405.0
2405.0
2405.1
2405.1
2405.1
2405.1
2405.1
2405.2
2405.2
2405.3
2405.3
2405.4
2405.4
2405.5
2405.5
2405.5
2405.6
2405.6
2405.6
2405.6
2405.6
2405.7
2405.9
2406.1
2406.2
2406.5
2406.7
2406.9
2407.1
2407.3
2407.3
2407.5
2407.8
2409.4
2413.2
2413.5
2415.5
2416.3
2430.4
2434.6
2557.0
2557.0
2557.0
2557.0
2557.1
2557.1
2557.1
2557.1
2557.1
2557.1
2557.1
2557.1
2557.1
2557.1
2557.1
2557.1
2557.1
2557.1
2557.2
2557.2
2557.2
2557.2
2557.2
2557.2
2557.2
2557.2
2557.2
2557.2
2557.2
2557.2
2557.2
2557.2
2557.2
2557.2
2557.2
2557.2
2557.2
2557.2
2557.2
2557.2
2557.3
2557.3
2557.3
2557.3
2557.3
2557.3
2557.3
2557.3
2557.3
2557.3
2557.3
2557.4
2557.4
2557.4
2557.4
2557.4
2557.4
2557.5
2557.5
2557.5
2557.5
2557.5
2557.5
2557.6
2557.6
2557.6
2557.7
2557.8
2557.8
2557.8
2557.8
2557.8
2557.8
2557.9
2558.0
2558.1
2558.1
2558.1
2558.2
2558.2
2558.3
2558.3
2558.3
2558.5
2558.5
2558.7
2558.9
2559.0
2559.3
2559.4
2559.5
2559.8
2559.9
2560.6
2560.7
2561.2
2561.3
2561.4
2561.4
2561.4
2561.5
2561.5
2561.5
2561.5
2561.5
2561.5
2561.5
2561.6
2561.6
2561.6
2561.6
2561.6
2561.7
2561.7
2561.7
2561.7
2561.7
2561.7
2561.7
2561.7
2561.7
2561.8
2561.8
2561.8
2561.8
2561.8
2561.8
2561.8
2561.8
2561.9
2561.9
2561.9
2561.9
2561.9
2561.9
2561.9
2561.9
2561.9
2562.0
2562.0
2562.0
2562.0
2562.0
2562.0
2562.0
2562.0
2562.1
2562.1
2562.1
2562.1
2562.1
2562.1
2562.1
2562.1
2562.1
2562.2
2562.2
2562.2
2562.2
2562.3
2562.3
2562.3
2562.3
2562.4
2562.4
2562.5
2562.5
2562.5
2562.5
2562.5
2562.5
2562.6
2562.6
2562.7
2562.7
2562.8
2562.9
2562.9
2562.9
2563.1
2563.3
2563.3
2563.3
2563.4
2563.8
2563.9
2564.1
2564.3
2564.5
2565.1
2565.3
2565.6
2566.2
2567.0
2567.1
2567.9
2568.2
2568.3
2568.4
2568.5
2568.5
2568.5
2568.5
2568.6
2568.7
2568.7
2568.8
2568.8
2568.8
2568.8
2568.9
2568.9
2569.0
2569.0
2569.1
2569.1
2569.1
2569.1
2569.1
2569.1
2569.2
2569.2
2569.3
2569.4
2569.4
2569.4
2569.4
2569.5
2569.5
2569.5
2569.5
2569.6
2569.6
2569.6
2569.6
2569.7
2569.8
2569.8
2569.8
2569.8
2569.9
2570.0
2570.0
2570.0
2570.0
2570.0
2570.0
2570.1
2570.1
2570.1
2570.1
2570.1
2570.2
2570.2
2570.3
2570.3
2570.4
2570.4
2570.4
2570.5
2570.5
2570.5
2570.5
2570.5
2570.6
2570.7
2570.7
2570.7
2570.7
2570.8
2570.8
2570.8
2570.8
2570.9
2570.9
2570.9
2571.0
2571.0
2571.0
2571.0
2571.1
2571.2
2571.3
2571.6
2571.9
2571.9
2572.3
2572.3
2572.4
2572.4
2572.8
2574.2
2574.8
2577.8
2577.8
2581.1
2581.6
2582.0
2583.0
2589.5
2598.7
2608.4
2628.4
2628.8
2629.1
2630.6
2631.2
2631.3
2631.6
2632.3
2633.0
2635.0
2637.3
2637.7
2637.7
2639.5
2640.0
2640.3
2641.6
2642.7
2661.9
2663.8
2727.9
2727.9
2727.9
2727.9
2727.9
2727.9
2727.9
2727.9
2727.9
2727.9
2727.9
2727.9
2727.9
2727.9
2727.9
2727.9
2727.9
2728.0
2728.0
2728.0
2728.0
2728.0
2728.0
2728.0
2728.0
2728.0
2728.0
2728.0
2728.0
2728.0
2728.0
2728.0
2728.0
2728.0
2728.0
2728.0
2728.0
2728.0
2728.0
2728.1
2728.1
2728.1
2728.1
2728.1
2728.1
2728.1
2728.1
2728.2
2728.2
2728.2
2728.2
2728.2
2728.2
2728.2
2728.2
2728.2
2728.3
2728.3
2728.3
2728.3
2728.3
2728.4
2728.4
2728.4
2728.4
2728.5
2728.5
2728.5
2728.6
2728.6
2728.6
2728.6
2728.7
2728.8
2728.8
2728.8
2728.9
2728.9
2728.9
2729.0
2729.0
2729.1
2729.1
2729.2
2729.5
2729.6
2729.6
2729.8
2730.1
2730.2
2730.4
2730.7
2730.8
2731.2
2731.3
2732.0
2732.1
2732.2
2732.3
2732.3
2732.3
2732.3
2732.3
2732.3
2732.3
2732.3
2732.4
2732.4
2732.4
2732.4
2732.4
2732.4
2732.4
2732.4
2732.4
2732.4
2732.5
2732.5
2732.6
2732.6
2732.6
2732.6
2732.6
2732.6
2732.6
2732.6
2732.6
2732.6
2732.7
2732.7
2732.7
2732.7
2732.7
2732.7
2732.7
2732.8
2732.8
2732.8
2732.8
2732.8
2732.8
2732.8
2732.8
2732.9
2732.9
2732.9
2732.9
2732.9
2732.9
2732.9
2732.9
2733.0
2733.0
2733.0
2733.0
2733.0
2733.0
2733.0
2733.0
2733.0
2733.1
2733.1
2733.2
2733.2
2733.2
2733.2
2733.2
2733.3
2733.3
2733.4
2733.5
2733.5
2733.5
2733.5
2733.6
2733.6
2733.7
2733.7
2733.7
2733.8
2733.9
2734.0
2734.0
2734.2
2734.5
2734.7
2734.9
2735.0
2735.3
2735.6
2736.2
2736.5
2737.2
2737.7
2737.8
2739.1
2739.2
2739.3
2739.4
2739.4
2739.4
2739.5
2739.5
2739.5
2739.6
2739.6
2739.6
2739.6
2739.7
2739.7
2739.8
2739.8
2739.9
2739.9
2739.9
2740.0
2740.0
2740.0
2740.0
2740.0
2740.1
2740.1
2740.3
2740.3
2740.3
2740.4
2740.4
2740.4
2740.4
2740.4
2740.4
2740.5
2740.5
2740.5
2740.5
2740.5
2740.6
2740.7
2740.7
2740.7
2740.8
2740.8
2740.9
2740.9
2741.0
2741.0
2741.0
2741.0
2741.1
2741.1
2741.1
2741.1
2741.1
2741.2
2741.2
2741.2
2741.3
2741.3
2741.3
2741.3
2741.4
2741.4
2741.4
2741.5
2741.5
2741.5
2741.5
2741.6
2741.7
2741.7
2741.7
2741.8
2741.8
2741.9
2741.9
2741.9
2741.9
2741.9
2742.0
2742.2
2742.4
2742.6
2742.9
2743.0
2743.2
2743.4
2743.5
2743.5
2743.7
2743.9
2745.8
2749.0
2749.7
2749.9
2751.8
2763.7
2763.9
2766.0
2778.6
2893.5
2893.5
2893.5
2893.5
2893.5
2893.5
2893.5
2893.5
2893.5
2893.6
2893.6
2893.6
2893.6
2893.6
2893.6
2893.6
2893.6
2893.6
2893.6
2893.6
2893.6
2893.6
2893.6
2893.6
2893.6
2893.6
2893.7
2893.7
2893.7
2893.7
2893.7
2893.7
2893.7
2893.7
2893.7
2893.7
2893.7
2893.7
2893.8
2893.8
2893.8
2893.8
2893.8
2893.8
2893.8
2893.8
2893.8
2893.8
2893.9
2893.9
2893.9
2893.9
2893.9
2893.9
2894.0
2894.0
2894.1
2894.1
2894.1
2894.1
2894.2
2894.2
2894.2
2894.2
2894.3
2894.3
2894.4
2894.5
2894.5
2894.5
2894.5
2894.5
2894.5
2894.7
2894.7
2894.8
2894.9
2894.9
2895.0
2895.0
2895.1
2895.1
2895.1
2895.4
2895.4
2895.6
2895.8
2895.9
2896.3
2896.4
2896.5
2896.9
2896.9
2897.8
2897.8
2897.8
2897.9
2897.9
2897.9
2898.0
2898.0
2898.0
2898.0
2898.0
2898.1
2898.1
2898.1
2898.1
2898.1
2898.2
2898.2
2898.2
2898.2
2898.2
2898.2
2898.2
2898.2
2898.2
2898.2
2898.3
2898.3
2898.3
2898.3
2898.3
2898.3
2898.4
2898.4
2898.4
2898.4
2898.4
2898.4
2898.4
2898.4
2898.4
2898.5
2898.5
2898.5
2898.5
2898.5
2898.5
2898.5
2898.6
2898.6
2898.6
2898.6
2898.6
2898.6
2898.7
2898.7
2898.7
2898.7
2898.7
2898.7
2898.7
2898.8
2898.8
2898.9
2898.9
2898.9
2899.0
2899.0
2899.0
2899.0
2899.1
2899.2
2899.2
2899.2
2899.2
2899.3
2899.3
2899.4
2899.4
2899.5
2899.5
2899.6
2899.7
2899.7
2899.7
2899.8
2900.0
2900.2
2900.2
2900.3
2900.3
2900.8
2900.9
2901.2
2901.3
2901.7
2902.2
2902.6
2902.9
2903.6
2904.5
2904.7
2904.7
2904.9
2904.9
2904.9
2905.2
2905.2
2905.2
2905.2
2905.2
2905.3
2905.3
2905.4
2905.4
2905.4
2905.5
2905.5
2905.6
2905.6
2905.6
2905.6
2905.8
2905.9
2905.9
2905.9
2906.0
2906.0
2906.0
2906.1
2906.1
2906.1
2906.1
2906.1
2906.1
2906.1
2906.1
2906.1
2906.2
2906.2
2906.3
2906.3
2906.3
2906.3
2906.4
2906.4
2906.4
2906.5
2906.6
2906.6
2906.6
2906.6
2906.6
2906.6
2906.6
2906.7
2906.8
2906.8
2906.8
2906.9
2906.9
2906.9
2906.9
2907.0
2907.0
2907.0
2907.0
2907.1
2907.1
2907.1
2907.2
2907.2
2907.2
2907.2
2907.3
2907.3
2907.4
2907.4
2907.4
2907.5
2907.5
2907.5
2907.5
2907.7
2907.7
2907.9
2908.1
2908.1
2908.1
2908.6
2908.7
2908.7
2908.7
2908.9
2909.4
2909.4
2909.6
2910.4
2911.8
2912.3
2915.1
2915.3
2919.8
2919.9
2921.3
2923.6
2927.4
2928.2
2931.1
2944.3
2951.9
2959.0
2960.7
2961.6
2962.3
2962.4
2962.7
2962.7
2962.9
2963.8
2963.9
2964.7
2964.9
2965.0
2965.1
2965.5
2965.6
2965.9
2966.0
2966.4
2967.2
2968.0
2968.7
2969.1
2969.1
2969.4
2969.5
2969.5
2970.7
2970.8
2971.1
2971.3
2971.5
2974.7
2977.3
2977.4
2978.0
2988.9
2990.9
