246.8
246.8
246.8
246.8
246.8
246.8
246.8
246.8
246.8
246.8
246.8
246.8
246.8
246.8
246.8
246.8
246.8
246.8
246.8
246.9
246.9
246.9
246.9
246.9
246.9
246.9
246.9
246.9
246.9
246.9
246.9
246.9
246.9
246.9
246.9
246.9
246.9
247.0
247.0
247.0
247.0
247.0
247.0
247.0
247.0
247.0
247.0
247.0
247.0
247.0
247.0
247.0
247.0
247.0
247.0
247.1
247.1
247.1
247.1
247.1
247.1
247.1
247.1
247.1
247.1
247.1
247.1
247.1
247.1
247.1
247.1
247.1
247.1
247.1
247.1
247.2
247.2
247.2
247.3
247.5
247.5
247.5
247.6
247.7
247.7
247.7
247.7
247.8
247.8
247.8
247.8
248.0
248.0
248.1
248.3
248.3
248.3
248.4
248.4
248.8
253.1
253.1
253.1
253.1
253.1
253.2
253.2
253.2
253.2
253.2
253.2
253.2
253.3
253.3
253.3
253.3
253.3
253.3
253.3
253.3
253.3
253.3
253.3
253.3
253.3
253.4
253.4
253.4
253.4
253.4
253.4
253.4
253.4
253.4
253.5
253.6
253.6
253.6
253.6
253.6
253.6
253.6
253.6
253.6
253.6
253.7
253.7
253.7
253.7
253.7
253.7
253.7
253.8
253.8
253.8
253.8
253.8
253.8
253.9
253.9
253.9
253.9
253.9
254.0
254.0
254.0
254.0
254.0
254.0
254.0
254.1
254.1
254.1
254.2
254.3
254.3
254.3
254.5
254.6
255.3
255.3
255.6
255.8
255.8
255.9
255.9
256.2
256.3
256.4
256.5
256.8
257.3
257.3
257.4
258.0
258.0
258.1
258.1
258.2
258.2
258.2
258.2
258.2
258.2
258.2
258.2
258.2
258.2
258.2
258.3
258.3
258.3
258.3
258.3
258.3
258.3
258.3
258.3
258.3
258.3
258.3
258.3
258.4
258.4
258.4
258.4
258.4
258.4
258.5
258.5
258.5
258.5
258.5
258.5
258.5
258.6
258.6
258.6
258.6
258.7
258.7
258.7
258.7
258.8
258.8
258.8
258.8
258.9
258.9
258.9
258.9
258.9
258.9
259.0
259.0
259.0
259.1
259.1
259.1
259.1
259.1
259.2
259.2
259.2
259.3
259.3
259.3
259.4
259.5
259.5
259.5
259.6
259.6
259.6
259.7
259.7
259.8
260.0
260.0
261.0
261.0
261.0
261.1
261.2
261.3
261.5
261.7
262.0
262.4
262.7
262.8
262.8
262.9
262.9
262.9
262.9
262.9
262.9
263.0
263.0
263.1
263.1
263.1
263.1
263.2
263.2
263.2
263.3
263.3
263.3
263.3
263.3
263.4
263.4
263.4
263.4
263.4
263.5
263.5
263.5
263.5
263.5
263.5
263.6
263.6
263.6
263.6
263.6
263.6
263.7
263.7
263.7
263.7
263.8
263.8
263.8
263.9
263.9
263.9
263.9
264.0
264.0
264.0
264.0
264.1
264.1
264.1
264.2
264.3
264.3
264.4
264.4
264.5
264.5
264.6
264.6
264.7
264.8
264.9
265.0
265.1
265.2
265.2
265.2
265.2
265.3
265.3
265.5
265.6
265.6
265.6
265.7
265.9
266.1
266.3
266.4
266.5
267.1
267.3
267.5
267.7
267.8
267.9
268.1
268.5
268.8
269.7
269.8
269.9
270.0
270.0
270.1
270.1
270.1
270.1
270.2
270.4
270.5
270.5
270.6
270.7
270.7
270.8
270.8
271.0
271.0
271.1
271.1
271.2
271.2
271.2
271.2
271.3
271.3
271.3
271.4
271.4
271.4
271.4
271.4
271.5
271.6
271.6
271.7
271.7
271.7
271.8
271.8
271.8
271.9
271.9
271.9
272.0
272.0
272.1
272.1
272.1
272.1
272.2
272.3
272.3
272.6
272.7
272.7
272.9
272.9
272.9
273.3
273.4
273.4
273.6
273.8
273.8
273.9
274.0
274.2
274.2
274.2
274.9
274.9
275.1
275.2
275.3
276.7
276.9
276.9
277.1
277.2
277.2
277.9
277.9
278.3
278.6
279.3
279.5
279.9
280.0
280.7
282.0
282.2
282.5
283.1
286.8
306.6
416.5
416.6
416.6
416.6
416.6
416.6
416.6
416.6
416.6
416.6
416.6
416.6
416.6
416.6
416.6
416.6
416.6
416.6
416.7
416.7
416.7
416.7
416.7
416.7
416.7
416.7
416.7
416.7
416.7
416.7
416.7
416.7
416.7
416.7
416.7
416.7
416.7
416.7
416.7
416.7
416.7
416.7
416.7
416.7
416.7
416.7
416.7
416.7
416.7
416.7
416.7
416.7
416.7
416.7
416.7
416.7
416.7
416.7
416.7
416.7
416.7
416.7
416.7
416.8
416.8
416.8
416.8
416.8
416.8
416.8
416.9
416.9
416.9
417.0
417.0
417.0
417.0
417.0
417.1
417.1
417.2
417.3
417.3
417.3
417.3
417.3
417.4
417.4
417.5
417.6
417.6
417.6
417.8
417.8
418.0
418.0
418.1
418.1
418.1
418.2
421.6
421.6
421.6
421.6
421.6
421.6
421.7
421.7
421.7
421.7
421.7
421.7
421.7
421.7
421.7
421.7
421.7
421.7
421.7
421.7
421.7
421.8
421.8
421.8
421.8
421.8
421.8
421.8
421.8
421.8
421.8
421.8
421.8
421.8
421.8
421.8
421.8
421.8
421.8
421.8
421.8
421.8
421.8
421.8
421.8
421.8
421.8
421.8
421.8
421.8
421.8
421.8
421.8
421.8
421.9
421.9
421.9
421.9
421.9
421.9
421.9
421.9
421.9
422.0
422.0
422.0
422.1
422.1
422.1
422.2
422.2
422.3
422.4
422.4
422.5
422.5
422.6
422.6
422.8
423.0
423.1
423.4
423.5
423.5
423.6
423.6
423.8
423.9
424.2
424.2
424.4
424.7
425.1
425.1
425.8
425.9
426.1
426.1
426.3
426.3
426.3
426.3
426.4
426.4
426.4
426.4
426.4
426.4
426.4
426.5
426.5
426.5
426.5
426.5
426.5
426.5
426.5
426.5
426.5
426.5
426.5
426.6
426.6
426.6
426.6
426.6
426.6
426.6
426.6
426.7
426.7
426.7
426.7
426.7
426.7
426.7
426.8
426.8
426.8
426.8
426.8
426.8
426.9
426.9
426.9
426.9
426.9
426.9
426.9
426.9
426.9
427.0
427.0
427.0
427.0
427.0
427.0
427.1
427.1
427.1
427.2
427.2
427.3
427.3
427.5
427.5
427.5
427.6
427.6
427.7
427.7
427.8
427.8
427.9
428.0
428.0
428.1
428.2
428.6
429.1
429.1
429.2
429.3
429.3
429.5
429.7
429.9
430.3
430.6
430.7
431.0
431.2
431.2
431.3
431.3
431.3
431.4
431.4
431.5
431.5
431.6
431.6
431.6
431.6
431.6
431.6
431.6
431.7
431.7
431.8
431.8
431.9
431.9
431.9
431.9
431.9
432.0
432.0
432.0
432.0
432.1
432.1
432.2
432.2
432.3
432.3
432.3
432.3
432.3
432.4
432.4
432.4
432.5
432.5
432.5
432.5
432.6
432.6
432.6
432.7
432.7
432.7
432.8
432.9
432.9
432.9
433.1
433.1
433.1
433.2
433.2
433.2
433.4
433.4
433.5
433.8
433.8
434.0
434.2
434.2
434.3
434.3
434.3
434.5
434.5
434.9
434.9
435.1
435.2
435.3
435.5
435.6
435.8
435.9
436.0
436.4
436.9
437.2
437.8
438.7
439.1
439.3
439.6
440.2
440.2
440.2
440.4
440.6
440.7
441.1
441.4
441.5
441.7
441.8
441.8
441.8
442.2
442.4
442.5
442.5
442.5
442.5
442.9
442.9
443.0
443.0
443.0
443.1
443.6
443.6
443.7
443.9
444.1
444.1
444.2
444.4
444.5
444.8
444.8
445.2
445.3
445.4
445.4
446.0
446.1
446.2
446.6
446.6
446.7
446.7
447.7
447.9
448.0
448.4
448.6
448.7
449.6
449.8
449.9
450.0
450.6
450.7
451.0
451.2
452.8
453.1
453.7
454.5
455.2
455.6
457.9
458.9
462.6
463.4
471.4
546.0
546.0
546.0
546.0
546.0
546.0
546.0
546.1
546.1
546.1
546.1
546.1
546.1
546.1
546.1
546.1
546.1
546.1
546.1
546.1
546.1
546.1
546.1
546.1
546.1
546.1
546.1
546.1
546.1
546.1
546.1
546.1
546.1
546.1
546.1
546.1
546.1
546.1
546.2
546.2
546.2
546.2
546.2
546.2
546.2
546.2
546.2
546.2
546.2
546.2
546.2
546.2
546.2
546.2
546.2
546.2
546.2
546.2
546.2
546.2
546.2
546.2
546.2
546.2
546.2
546.3
546.3
546.3
546.3
546.3
546.3
546.3
546.3
546.3
546.3
546.3
546.3
546.4
546.4
546.6
546.6
546.6
546.6
546.7
546.7
546.7
546.8
546.8
546.8
546.8
546.8
547.0
547.0
547.0
547.2
547.2
547.2
547.3
547.3
547.6
553.0
553.0
553.0
553.0
553.1
553.1
553.1
553.1
553.1
553.2
553.2
553.2
553.2
553.2
553.2
553.2
553.2
553.3
553.3
553.3
553.3
553.3
553.3
553.3
553.3
553.3
553.3
553.3
553.3
553.4
553.4
553.4
553.4
553.4
553.5
553.6
553.6
553.6
553.6
553.6
553.6
553.6
553.6
553.6
553.6
553.7
553.7
553.8
553.8
553.8
553.8
553.8
553.8
553.8
553.9
554.0
554.0
554.0
554.0
554.0
554.0
554.0
554.1
554.1
554.1
554.2
554.2
554.2
554.2
554.2
554.3
554.3
554.4
554.5
554.5
554.6
554.6
555.0
555.1
556.5
556.5
556.7
557.1
557.5
557.7
557.8
558.5
558.6
558.8
558.8
559.4
561.9
562.0
562.4
564.0
564.2
564.4
564.7
564.8
564.9
564.9
564.9
564.9
564.9
564.9
564.9
564.9
564.9
564.9
564.9
564.9
564.9
564.9
564.9
564.9
564.9
564.9
564.9
564.9
564.9
564.9
565.0
565.0
565.0
565.0
565.0
565.0
565.0
565.0
565.0
565.0
565.0
565.0
565.0
565.0
565.0
565.0
565.0
565.0
565.0
565.0
565.0
565.0
565.0
565.0
565.0
565.0
565.0
565.0
565.0
565.0
565.0
565.0
565.0
565.0
565.0
565.0
565.0
565.0
565.0
565.0
565.0
565.0
565.0
565.0
565.0
565.0
565.1
565.1
565.1
565.1
565.2
565.3
565.6
565.7
565.7
565.8
565.8
565.8
565.9
566.2
566.2
566.4
566.4
566.7
566.8
567.1
567.2
567.7
568.0
568.3
569.6
569.7
569.7
569.7
569.7
569.8
569.8
569.8
569.8
569.8
569.8
569.8
569.8
569.9
569.9
569.9
569.9
569.9
569.9
569.9
570.0
570.0
570.0
570.0
570.0
570.0
570.0
570.0
570.0
570.0
570.1
570.1
570.1
570.1
570.1
570.1
570.2
570.2
570.2
570.2
570.2
570.2
570.3
570.3
570.3
570.3
570.3
570.4
570.4
570.4
570.4
570.4
570.5
570.5
570.5
570.5
570.5
570.5
570.6
570.7
570.7
570.7
570.8
570.8
570.9
571.0
571.0
571.1
571.1
571.1
571.2
571.2
571.2
571.3
571.3
571.4
571.6
571.6
571.7
571.8
572.0
572.5
572.5
572.6
572.6
572.6
572.7
572.8
572.8
572.8
573.2
573.4
573.5
573.5
573.7
574.3
574.4
574.7
574.7
574.8
574.8
574.8
574.9
574.9
574.9
575.0
575.0
575.0
575.1
575.1
575.1
575.2
575.2
575.2
575.2
575.2
575.3
575.3
575.4
575.4
575.4
575.5
575.5
575.5
575.5
575.5
575.6
575.7
575.7
575.7
575.8
575.8
575.8
575.8
575.9
575.9
575.9
575.9
576.0
576.0
576.0
576.0
576.2
576.2
576.2
576.2
576.2
576.2
576.4
576.4
576.6
576.6
576.7
576.7
576.7
576.7
576.8
576.8
576.9
576.9
577.2
577.3
577.3
577.4
577.6
577.6
577.6
577.8
577.9
577.9
578.0
578.1
578.1
578.2
578.6
578.7
578.8
578.8
578.9
579.0
579.0
579.1
579.2
579.2
579.3
579.4
579.6
580.2
580.3
580.4
580.4
580.4
580.6
580.6
580.7
580.7
580.7
580.8
580.8
580.8
580.9
580.9
580.9
580.9
580.9
580.9
581.0
581.1
581.2
581.2
581.3
581.3
581.3
581.4
581.4
581.4
581.4
581.5
581.5
581.5
581.6
581.7
581.8
581.8
581.9
581.9
581.9
581.9
582.0
582.0
582.2
582.2
582.2
582.3
582.3
582.4
582.4
582.4
582.4
582.5
582.7
582.8
582.8
582.9
583.0
583.0
583.1
583.3
583.4
583.5
583.5
583.5
583.7
583.8
584.0
584.0
584.1
584.3
584.4
584.5
584.7
585.0
585.1
585.4
585.5
585.6
585.6
585.9
586.5
586.6
586.6
586.7
586.8
587.9
588.0
588.1
588.3
588.3
588.6
589.1
589.2
589.3
589.7
590.0
590.3
592.2
592.6
593.4
593.4
593.8
594.6
594.8
594.8
595.0
595.1
595.3
595.4
595.7
595.8
595.8
596.0
596.2
596.3
596.4
596.9
596.9
597.0
598.1
598.7
598.7
599.0
599.7
599.9
600.0
600.6
601.7
602.5
602.5
602.7
603.5
604.0
605.1
605.4
605.4
605.4
605.6
605.6
605.8
606.1
607.2
608.0
608.9
609.6
609.8
613.0
614.7
614.9
617.1
622.8
623.7
631.6
636.9
693.1
693.1
693.1
693.1
693.2
693.2
693.2
693.2
693.2
693.2
693.2
693.2
693.2
693.2
693.2
693.2
693.2
693.2
693.2
693.2
693.2
693.2
693.2
693.2
693.2
693.2
693.2
693.2
693.2
693.2
693.2
693.2
693.2
693.2
693.2
693.2
693.2
693.2
693.2
693.2
693.2
693.2
693.2
693.2
693.2
693.3
693.3
693.3
693.3
693.3
693.3
693.3
693.3
693.3
693.3
693.3
693.3
693.3
693.3
693.3
693.3
693.3
693.3
693.3
693.3
693.3
693.3
693.3
693.3
693.3
693.3
693.3
693.3
693.4
693.4
693.4
693.4
693.4
693.4
693.6
693.6
693.6
693.7
693.7
693.7
693.7
693.8
693.8
693.8
693.8
693.9
694.0
694.1
694.1
694.2
694.2
694.3
694.3
694.4
694.6
700.1
700.2
700.2
700.3
700.3
700.3
700.3
700.3
700.3
700.4
700.4
700.4
700.4
700.4
700.4
700.4
700.4
700.5
700.5
700.5
700.5
700.5
700.5
700.5
700.5
700.5
700.5
700.5
700.5
700.5
700.5
700.6
700.6
700.6
700.6
700.7
700.7
700.7
700.7
700.7
700.7
700.7
700.8
700.8
700.8
700.8
700.8
700.8
700.9
700.9
700.9
700.9
700.9
700.9
701.0
701.0
701.0
701.0
701.0
701.0
701.0
701.0
701.1
701.1
701.2
701.2
701.2
701.2
701.2
701.2
701.3
701.3
701.3
701.4
701.4
701.5
701.5
701.7
701.7
702.3
702.3
702.4
702.5
702.5
702.6
702.7
702.8
702.9
703.0
703.0
703.2
703.5
703.7
703.7
704.2
704.4
704.6
704.7
704.8
705.1
707.0
707.0
707.1
707.1
707.1
707.1
707.1
707.1
707.1
707.1
707.1
707.2
707.2
707.2
707.2
707.2
707.2
707.2
707.2
707.2
707.2
707.2
707.2
707.2
707.2
707.3
707.3
707.3
707.3
707.3
707.3
707.3
707.3
707.4
707.4
707.4
707.4
707.5
707.5
707.5
707.5
707.5
707.5
707.5
707.5
707.6
707.6
707.7
707.7
707.7
707.7
707.7
707.7
707.8
707.8
707.9
707.9
707.9
707.9
707.9
708.0
708.0
708.0
708.0
708.0
708.1
708.1
708.2
708.2
708.3
708.3
708.3
708.4
708.4
708.4
708.4
708.5
708.5
708.7
708.9
709.1
709.2
709.2
709.3
709.3
709.3
709.4
709.4
709.4
709.6
709.6
709.8
710.2
710.2
710.4
710.5
710.6
710.9
710.9
710.9
711.0
711.0
711.0
711.1
711.1
711.1
711.2
711.2
711.2
711.2
711.2
711.2
711.3
711.3
711.3
711.3
711.3
711.4
711.4
711.4
711.4
711.4
711.4
711.4
711.4
711.5
711.5
711.5
711.5
711.5
711.5
711.5
711.5
711.5
711.6
711.6
711.6
711.6
711.6
711.6
711.6
711.7
711.7
711.8
711.8
711.8
711.8
711.9
711.9
711.9
712.0
712.1
712.1
712.1
712.1
712.1
712.1
712.2
712.3
712.3
712.3
712.4
712.5
712.5
712.6
712.9
713.0
713.0
713.0
713.0
713.1
713.2
713.3
713.3
713.5
713.6
713.7
714.0
714.5
714.8
714.8
714.9
714.9
715.0
715.2
715.3
715.8
715.8
715.9
716.3
716.3
716.4
716.4
716.4
716.5
716.5
716.7
716.7
716.8
716.8
716.8
716.9
716.9
717.0
717.0
717.0
717.1
717.1
717.1
717.2
717.2
717.3
717.3
717.3
717.3
717.3
717.4
717.4
717.4
717.4
717.4
717.4
717.4
717.5
717.5
717.5
717.5
717.6
717.6
717.6
717.7
717.7
717.8
717.8
717.8
717.8
717.8
717.9
717.9
717.9
717.9
717.9
717.9
718.0
718.1
718.1
718.2
718.3
718.3
718.3
718.4
718.6
718.6
718.6
718.6
718.8
718.8
718.9
718.9
719.0
719.2
719.6
719.6
719.9
719.9
720.0
720.0
720.3
720.4
720.4
720.6
720.8
721.0
721.0
721.4
721.6
722.1
722.3
723.1
723.1
723.6
723.7
723.8
723.8
724.3
725.3
727.0
728.0
728.7
729.0
729.8
729.9
730.4
730.5
731.0
731.1
731.3
731.4
731.5
731.9
732.3
732.4
732.6
732.8
733.0
733.0
733.2
733.2
733.4
733.5
733.8
733.8
733.8
733.9
733.9
734.0
734.1
734.2
734.2
734.3
734.3
734.3
734.3
734.3
734.3
734.4
734.5
734.5
734.5
734.5
734.5
734.5
734.5
734.5
734.5
734.5
734.5
734.5
734.5
734.6
734.6
734.6
734.6
734.6
734.6
734.6
734.6
734.6
734.6
734.7
734.7
734.7
734.7
734.7
734.7
734.7
734.7
734.7
734.8
734.8
734.8
734.8
734.8
734.8
734.9
734.9
734.9
735.0
735.0
735.0
735.0
735.0
735.0
735.1
735.2
735.3
735.3
735.3
735.4
735.4
735.4
735.4
735.5
735.5
735.5
735.5
735.6
735.7
735.7
735.8
735.8
735.8
735.8
735.8
735.8
735.9
735.9
736.0
736.4
736.5
736.9
737.0
737.3
737.6
737.8
738.1
738.2
738.6
738.8
739.3
739.3
739.4
739.5
739.5
739.5
739.7
740.0
740.3
740.4
740.4
740.4
740.5
740.5
740.6
740.6
740.7
740.7
740.7
740.7
740.8
740.8
740.9
740.9
740.9
740.9
741.0
741.0
741.0
741.0
741.1
741.1
741.1
741.1
741.1
741.2
741.2
741.2
741.2
741.3
741.3
741.3
741.4
741.5
741.5
741.5
741.6
741.7
741.8
741.8
741.8
741.9
741.9
741.9
742.0
742.0
742.3
742.4
742.4
742.4
742.4
742.5
742.5
742.6
742.6
742.8
742.8
742.8
742.9
743.0
743.1
743.2
743.2
743.3
743.3
743.4
743.4
743.6
743.6
743.7
743.8
743.8
743.8
744.0
744.0
744.0
744.1
744.1
744.2
744.3
744.4
744.4
744.5
744.5
744.7
744.7
744.8
744.8
745.0
745.0
745.0
745.0
745.1
745.1
745.2
745.2
745.3
745.3
745.4
745.5
745.5
745.5
745.5
745.5
745.5
745.5
745.6
745.6
745.7
745.7
745.8
745.8
745.9
745.9
746.0
746.0
746.1
746.1
746.2
746.2
746.2
746.2
746.4
746.5
746.5
746.6
746.6
746.6
746.7
746.8
746.9
747.1
747.1
747.1
747.2
747.2
747.3
747.3
747.4
747.4
747.5
747.5
747.5
747.6
747.6
748.1
748.1
748.2
748.2
748.2
748.3
748.3
748.4
748.5
748.5
748.6
748.7
748.8
748.9
749.0
749.1
749.3
749.5
749.6
749.9
750.0
750.1
750.1
750.2
750.4
750.5
750.6
750.6
750.7
751.0
751.1
751.2
751.2
751.3
751.3
751.3
751.4
751.4
751.5
751.7
751.7
751.8
751.9
751.9
751.9
751.9
751.9
751.9
752.0
752.0
752.0
752.1
752.1
752.2
752.3
752.3
752.4
752.5
752.6
752.7
752.7
752.7
752.8
752.8
753.0
753.0
753.1
753.2
753.2
753.2
753.3
753.3
753.3
753.3
753.4
753.4
753.5
753.5
753.5
753.6
753.6
753.7
753.7
753.7
753.8
753.9
753.9
753.9
753.9
754.0
754.4
754.4
754.5
754.7
754.8
754.8
754.8
754.9
754.9
755.0
755.0
755.0
755.1
755.1
755.1
755.2
755.3
755.3
755.4
755.5
755.6
755.6
756.0
756.2
756.2
756.3
756.4
756.7
756.8
756.8
757.0
757.0
757.0
757.2
757.3
757.3
757.4
757.6
757.6
757.7
757.8
758.1
758.2
758.3
758.3
758.5
758.6
758.6
758.7
758.9
759.4
759.5
760.0
760.1
760.5
760.7
760.7
760.9
761.1
761.2
761.5
761.5
761.6
762.1
762.2
762.3
762.3
762.3
762.4
762.4
762.5
762.6
762.6
762.7
762.9
763.2
763.2
763.3
763.8
764.2
764.2
764.8
764.8
765.1
765.4
766.1
766.6
767.0
767.0
767.0
767.1
767.2
767.5
767.5
768.3
769.2
769.4
771.4
771.6
771.6
772.0
773.6
774.2
774.8
775.6
776.1
776.1
780.1
794.0
863.7
863.7
863.7
863.7
863.8
863.8
863.8
863.8
863.8
863.8
863.8
863.8
863.8
863.8
863.8
863.8
863.8
863.8
863.8
863.8
863.8
863.8
863.9
863.9
863.9
863.9
863.9
863.9
863.9
863.9
863.9
863.9
863.9
863.9
863.9
863.9
863.9
863.9
863.9
863.9
863.9
863.9
863.9
863.9
863.9
863.9
863.9
863.9
863.9
863.9
863.9
864.0
864.0
864.0
864.0
864.0
864.0
864.0
864.0
864.0
864.0
864.0
864.0
864.0
864.0
864.0
864.1
864.1
864.1
864.1
864.1
864.2
864.2
864.2
864.2
864.4
864.5
864.5
864.5
864.5
864.6
864.6
864.6
864.6
864.7
864.9
865.0
865.3
865.4
865.4
865.6
865.8
866.0
866.1
866.2
866.5
866.6
866.7
866.7
866.8
868.3
868.3
868.3
868.3
868.3
868.3
868.3
868.3
868.3
868.3
868.3
868.3
868.3
868.3
868.3
868.3
868.3
868.3
868.3
868.3
868.3
868.3
868.3
868.3
868.3
868.3
868.3
868.3
868.3
868.3
868.3
868.3
868.3
868.3
868.3
868.3
868.3
868.3
868.3
868.3
868.3
868.3
868.3
868.3
868.3
868.3
868.3
868.3
868.3
868.3
868.3
868.3
868.3
868.3
868.3
868.3
868.3
868.3
868.3
868.4
868.4
868.4
868.4
868.4
868.4
868.4
868.4
868.4
868.4
868.4
868.4
868.4
868.5
868.7
868.7
868.7
868.7
868.8
868.8
868.9
868.9
869.0
869.0
869.1
869.1
869.1
869.6
869.6
869.7
869.9
870.2
870.5
871.0
871.1
871.3
872.0
872.2
872.2
872.4
872.6
872.7
872.7
872.7
872.7
872.7
872.7
872.7
872.8
872.8
872.8
872.8
872.8
872.8
872.8
872.8
872.8
872.8
872.8
872.8
872.8
872.8
872.8
872.8
872.8
872.8
872.8
872.8
872.8
872.8
872.8
872.8
872.8
872.8
872.8
872.8
872.8
872.8
872.8
872.8
872.8
872.8
872.8
872.8
872.9
872.9
872.9
872.9
872.9
872.9
872.9
872.9
872.9
872.9
872.9
872.9
872.9
872.9
872.9
872.9
872.9
873.0
873.0
873.0
873.0
873.0
873.0
873.0
873.1
873.1
873.1
873.1
873.1
873.2
873.4
873.4
873.5
873.6
873.7
873.7
873.7
873.8
873.8
873.8
873.8
874.0
874.2
874.4
874.5
874.9
875.0
875.1
875.4
876.4
876.4
876.8
876.8
876.8
876.8
876.9
876.9
876.9
876.9
876.9
876.9
876.9
877.0
877.0
877.0
877.0
877.0
877.0
877.0
877.0
877.1
877.1
877.1
877.1
877.1
877.1
877.1
877.1
877.1
877.1
877.1
877.1
877.2
877.2
877.2
877.2
877.2
877.2
877.2
877.2
877.2
877.3
877.3
877.3
877.3
877.3
877.3
877.4
877.4
877.4
877.4
877.4
877.4
877.4
877.4
877.4
877.4
877.5
877.5
877.5
877.5
877.5
877.6
877.7
877.7
877.7
877.7
877.8
877.8
877.8
877.9
877.9
878.0
878.1
878.1
878.2
878.2
878.3
878.3
878.4
878.6
878.7
878.8
879.0
879.2
879.2
879.3
879.3
879.3
879.4
879.6
879.6
880.3
880.7
881.1
881.5
882.1
882.4
882.7
882.8
883.0
883.0
883.1
883.3
883.3
883.4
883.4
883.4
883.4
883.4
883.4
883.4
883.5
883.6
883.6
883.7
883.8
883.8
883.8
883.8
883.8
883.9
883.9
883.9
883.9
883.9
884.0
884.1
884.1
884.1
884.2
884.2
884.2
884.3
884.3
884.3
884.3
884.3
884.4
884.4
884.4
884.4
884.5
884.5
884.5
884.6
884.7
884.7
884.8
884.8
884.8
884.8
885.0
885.2
885.2
885.3
885.3
885.3
885.3
885.4
885.4
885.5
885.7
885.7
885.9
886.1
886.2
886.3
886.4
886.5
886.6
886.8
887.3
887.8
888.0
888.1
888.2
888.5
889.1
889.5
889.7
889.9
889.9
890.0
890.3
890.3
890.6
891.2
891.9
895.9
896.7
898.1
898.2
906.6
907.5
908.2
908.4
908.5
908.5
908.6
908.6
908.6
908.6
908.6
908.6
908.6
908.6
908.6
908.7
908.7
908.7
908.7
908.7
908.7
908.7
908.7
908.8
908.8
908.8
908.8
908.8
908.8
908.8
908.8
908.8
908.8
908.8
908.8
908.8
908.8
908.8
908.8
908.8
908.9
908.9
908.9
908.9
908.9
908.9
908.9
908.9
908.9
908.9
908.9
908.9
908.9
908.9
908.9
909.0
909.0
909.0
909.0
909.0
909.0
909.0
909.0
909.0
909.0
909.0
909.0
909.0
909.1
909.1
909.1
909.1
909.1
909.2
909.3
909.4
909.5
909.5
909.5
909.5
909.6
909.6
909.7
909.7
909.8
909.8
909.9
910.1
910.2
910.2
910.4
910.8
910.8
911.0
911.2
911.9
912.2
912.2
913.1
913.2
917.5
917.5
917.5
917.5
917.5
917.5
917.6
917.6
917.6
917.6
917.6
917.6
917.6
917.6
917.6
917.6
917.6
917.6
917.6
917.6
917.6
917.6
917.6
917.6
917.6
917.6
917.6
917.6
917.6
917.6
917.6
917.6
917.6
917.6
917.6
917.6
917.6
917.6
917.6
917.6
917.6
917.6
917.6
917.6
917.6
917.6
917.6
917.6
917.6
917.6
917.7
917.7
917.7
917.7
917.7
917.7
917.7
917.7
917.7
917.7
917.7
917.7
917.7
917.7
917.7
917.7
917.7
917.7
917.7
917.7
917.7
917.7
917.7
917.8
917.8
917.9
917.9
918.0
918.0
918.1
918.1
918.1
918.2
918.2
918.2
918.2
918.3
918.3
918.4
918.5
918.5
918.6
918.8
918.9
919.2
919.2
919.3
919.4
919.5
919.6
922.7
922.7
922.7
922.7
922.7
922.7
922.7
922.8
922.8
922.8
922.8
922.8
922.8
922.8
922.8
922.8
922.8
922.8
922.8
922.8
922.8
922.8
922.8
922.9
922.9
922.9
922.9
922.9
922.9
922.9
922.9
922.9
922.9
922.9
922.9
922.9
922.9
922.9
922.9
922.9
922.9
922.9
922.9
922.9
922.9
922.9
922.9
922.9
923.0
923.0
923.0
923.0
923.0
923.0
923.0
923.0
923.0
923.0
923.0
923.1
923.1
923.1
923.1
923.1
923.2
923.2
923.2
923.2
923.2
923.3
923.3
923.4
923.4
923.4
923.5
923.6
923.6
923.7
923.7
923.9
923.9
924.1
924.1
924.1
924.1
924.2
924.2
924.3
924.3
924.4
924.6
925.1
925.2
925.4
925.7
925.7
926.1
926.3
926.4
926.5
927.1
927.1
927.1
927.2
927.2
927.2
927.3
927.3
927.3
927.3
927.3
927.3
927.4
927.4
927.4
927.4
927.4
927.4
927.4
927.4
927.5
927.5
927.5
927.5
927.5
927.5
927.5
927.6
927.6
927.6
927.6
927.6
927.6
927.6
927.7
927.7
927.7
927.7
927.8
927.8
927.8
927.8
927.8
927.8
927.8
927.8
927.9
927.9
927.9
927.9
928.0
928.0
928.0
928.0
928.0
928.1
928.2
928.2
928.3
928.3
928.3
928.3
928.4
928.4
928.5
928.6
928.7
928.7
928.8
928.8
928.8
928.9
928.9
929.2
929.3
929.3
929.3
929.7
929.9
930.0
930.2
930.3
930.4
930.4
930.4
930.4
930.7
930.8
931.0
931.1
931.5
932.8
932.8
933.1
933.2
933.4
933.4
933.4
933.5
933.5
933.7
933.8
933.8
933.8
933.8
933.8
933.8
933.8
933.8
933.9
934.0
934.0
934.0
934.0
934.2
934.2
934.3
934.3
934.3
934.3
934.4
934.4
934.4
934.4
934.5
934.5
934.5
934.5
934.6
934.6
934.7
934.7
934.7
934.7
934.7
934.7
934.8
934.8
934.8
934.9
934.9
934.9
935.0
935.0
935.1
935.1
935.2
935.2
935.3
935.4
935.4
935.5
935.5
935.5
935.6
935.7
935.7
935.7
935.8
936.0
936.0
936.1
936.1
936.3
936.3
936.4
936.5
936.6
936.7
936.8
936.9
937.0
937.6
937.8
937.8
937.9
938.1
939.3
939.7
940.2
940.3
940.5
940.5
941.0
941.5
941.6
942.4
943.3
944.3
946.2
946.5
948.1
948.2
948.2
948.4
949.6
950.5
950.5
950.6
950.9
951.6
951.7
951.9
952.7
953.1
953.4
953.6
953.9
954.1
954.2
954.3
954.7
954.7
954.8
955.3
955.3
955.9
956.0
956.1
956.7
957.0
958.2
958.5
959.4
959.8
960.0
960.2
961.1
961.9
962.1
962.6
965.9
966.2
966.8
966.9
1039.4
1039.4
1039.4
1039.4
1039.4
1039.5
1039.5
1039.5
1039.5
1039.5
1039.5
1039.5
1039.5
1039.5
1039.5
1039.5
1039.5
1039.5
1039.6
1039.6
1039.6
1039.6
1039.6
1039.6
1039.6
1039.6
1039.6
1039.6
1039.6
1039.6
1039.6
1039.6
1039.6
1039.6
1039.6
1039.6
1039.6
1039.6
1039.6
1039.6
1039.6
1039.7
1039.7
1039.7
1039.7
1039.7
1039.7
1039.7
1039.7
1039.7
1039.7
1039.7
1039.7
1039.7
1039.8
1039.8
1039.8
1039.8
1039.9
1039.9
1039.9
1039.9
1039.9
1039.9
1040.0
1040.1
1040.1
1040.1
1040.1
1040.2
1040.2
1040.2
1040.3
1040.4
1040.4
1040.5
1040.6
1040.6
1040.6
1040.6
1040.6
1040.7
1040.7
1040.7
1040.8
1040.8
1041.0
1041.0
1041.0
1041.1
1041.2
1041.3
1041.4
1041.4
1041.5
1041.5
1041.6
1041.6
1041.6
1041.7
1043.5
1043.5
1043.5
1043.5
1043.5
1043.5
1043.5
1043.5
1043.5
1043.5
1043.6
1043.6
1043.6
1043.6
1043.6
1043.6
1043.6
1043.7
1043.7
1043.7
1043.7
1043.7
1043.7
1043.7
1043.7
1043.7
1043.7
1043.7
1043.8
1043.8
1043.8
1043.8
1043.8
1043.8
1043.8
1043.8
1043.8
1043.8
1043.8
1043.8
1043.8
1043.8
1043.8
1043.8
1043.9
1043.9
1043.9
1043.9
1043.9
1043.9
1043.9
1043.9
1044.0
1044.0
1044.0
1044.1
1044.1
1044.1
1044.1
1044.1
1044.2
1044.2
1044.3
1044.3
1044.3
1044.4
1044.4
1044.4
1044.5
1044.5
1044.5
1044.6
1044.6
1045.1
1045.1
1045.2
1045.2
1045.3
1045.3
1045.4
1045.4
1045.6
1045.6
1045.6
1045.8
1045.9
1046.1
1046.2
1046.4
1046.5
1046.6
1046.7
1047.1
1047.1
1047.5
1047.5
1047.5
1047.5
1047.5
1047.5
1047.5
1047.6
1047.6
1047.6
1047.6
1047.6
1047.6
1047.6
1047.6
1047.6
1047.6
1047.6
1047.6
1047.6
1047.7
1047.7
1047.7
1047.7
1047.7
1047.7
1047.7
1047.7
1047.7
1047.7
1047.7
1047.7
1047.8
1047.8
1047.8
1047.8
1047.8
1047.8
1047.8
1047.8
1047.8
1047.8
1047.8
1047.8
1047.9
1047.9
1047.9
1047.9
1047.9
1047.9
1047.9
1047.9
1047.9
1047.9
1048.0
1048.0
1048.0
1048.0
1048.0
1048.1
1048.1
1048.1
1048.1
1048.2
1048.4
1048.4
1048.4
1048.4
1048.4
1048.5
1048.5
1048.6
1048.6
1048.6
1048.6
1048.6
1048.8
1048.8
1048.9
1049.3
1049.4
1049.7
1049.7
1049.8
1049.9
1050.1
1050.1
1050.1
1050.1
1050.3
1050.6
1050.9
1051.1
1051.4
1051.7
1051.7
1051.8
1051.8
1051.8
1051.9
1051.9
1051.9
1051.9
1051.9
1051.9
1051.9
1052.0
1052.0
1052.0
1052.0
1052.0
1052.0
1052.1
1052.1
1052.1
1052.1
1052.1
1052.1
1052.1
1052.1
1052.2
1052.2
1052.2
1052.2
1052.2
1052.3
1052.3
1052.3
1052.3
1052.3
1052.3
1052.3
1052.3
1052.4
1052.4
1052.4
1052.4
1052.5
1052.5
1052.5
1052.5
1052.5
1052.5
1052.5
1052.6
1052.6
1052.6
1052.7
1052.7
1052.7
1052.7
1052.8
1052.8
1052.9
1052.9
1053.0
1053.1
1053.1
1053.1
1053.2
1053.3
1053.4
1053.4
1053.4
1053.4
1053.5
1053.6
1053.6
1053.7
1053.7
1053.8
1053.8
1053.9
1054.0
1054.2
1054.4
1054.4
1054.6
1054.7
1054.7
1055.0
1055.5
1055.5
1055.7
1055.8
1055.9
1056.0
1056.1
1056.1
1056.7
1056.9
1058.2
1058.2
1058.2
1058.3
1058.5
1058.5
1058.6
1058.7
1058.7
1058.7
1058.8
1058.8
1058.8
1058.8
1058.9
1059.0
1059.1
1059.2
1059.2
1059.2
1059.3
1059.3
1059.3
1059.4
1059.4
1059.4
1059.4
1059.5
1059.6
1059.6
1059.7
1059.7
1059.7
1059.8
1059.8
1059.9
1059.9
1059.9
1059.9
1060.0
1060.0
1060.0
1060.0
1060.1
1060.2
1060.2
1060.3
1060.4
1060.5
1060.6
1060.6
1060.7
1060.8
1060.8
1060.9
1061.0
1061.2
1061.2
1061.3
1061.4
1061.4
1061.4
1061.4
1061.5
1061.6
1061.7
1061.8
1061.9
1062.3
1062.3
1062.3
1062.9
1063.1
1063.2
1063.5
1063.9
1065.1
1065.3
1065.4
1065.7
1065.8
1066.0
1066.5
1067.7
1068.0
1069.2
1070.5
1070.7
1070.8
1071.4
1071.7
1073.0
1074.3
1075.2
1075.6
1076.0
1079.6
1102.5
1205.8
1205.8
1205.8
1205.8
1205.8
1205.8
1205.8
1205.8
1205.8
1205.8
1205.8
1205.8
1205.8
1205.8
1205.8
1205.8
1205.8
1205.8
1205.8
1205.8
1205.8
1205.8
1205.8
1205.8
1205.8
1205.8
1205.8
1205.8
1205.9
1205.9
1205.9
1205.9
1205.9
1205.9
1205.9
1205.9
1205.9
1205.9
1205.9
1205.9
1205.9
1205.9
1205.9
1205.9
1205.9
1205.9
1205.9
1205.9
1205.9
1205.9
1205.9
1205.9
1205.9
1205.9
1205.9
1205.9
1205.9
1205.9
1205.9
1205.9
1205.9
1205.9
1205.9
1205.9
1205.9
1205.9
1205.9
1206.0
1206.0
1206.0
1206.0
1206.0
1206.0
1206.0
1206.0
1206.0
1206.0
1206.1
1206.1
1206.1
1206.1
1206.2
1206.2
1206.2
1206.2
1206.2
1206.3
1206.3
1206.3
1206.3
1206.4
1206.4
1206.5
1206.5
1206.6
1206.6
1206.6
1206.6
1206.7
1206.7
1210.0
1210.1
1210.1
1210.1
1210.1
1210.1
1210.1
1210.1
1210.1
1210.1
1210.1
1210.1
1210.1
1210.1
1210.1
1210.1
1210.1
1210.1
1210.1
1210.1
1210.1
1210.1
1210.1
1210.1
1210.1
1210.1
1210.1
1210.1
1210.1
1210.2
1210.2
1210.2
1210.2
1210.2
1210.2
1210.2
1210.2
1210.2
1210.2
1210.2
1210.2
1210.2
1210.2
1210.2
1210.2
1210.2
1210.2
1210.2
1210.2
1210.2
1210.2
1210.2
1210.2
1210.2
1210.2
1210.2
1210.2
1210.2
1210.2
1210.2
1210.2
1210.2
1210.2
1210.3
1210.3
1210.3
1210.3
1210.3
1210.3
1210.3
1210.4
1210.4
1210.6
1210.6
1210.7
1210.7
1210.8
1210.8
1210.9
1210.9
1210.9
1211.1
1211.2
1211.2
1211.3
1211.4
1211.4
1211.4
1211.6
1211.7
1211.7
1211.8
1212.0
1212.1
1212.4
1212.4
1212.4
1212.6
1212.6
1212.7
1213.7
1213.7
1213.8
1213.8
1213.8
1213.8
1213.8
1213.8
1213.8
1213.8
1213.8
1213.9
1213.9
1213.9
1213.9
1213.9
1213.9
1213.9
1213.9
1213.9
1213.9
1213.9
1213.9
1213.9
1213.9
1213.9
1213.9
1214.0
1214.0
1214.0
1214.0
1214.0
1214.0
1214.0
1214.0
1214.0
1214.0
1214.0
1214.0
1214.0
1214.0
1214.1
1214.1
1214.1
1214.1
1214.1
1214.1
1214.1
1214.1
1214.1
1214.2
1214.2
1214.2
1214.2
1214.2
1214.2
1214.2
1214.2
1214.2
1214.3
1214.3
1214.4
1214.4
1214.5
1214.5
1214.5
1214.6
1214.6
1214.6
1214.7
1214.7
1214.7
1214.9
1215.0
1215.0
1215.3
1215.4
1215.7
1215.7
1215.8
1215.8
1215.9
1216.0
1216.0
1216.3
1216.6
1216.8
1216.8
1217.0
1217.4
1217.6
1217.8
1218.4
1218.4
1218.5
1218.6
1218.6
1218.6
1218.7
1218.7
1218.8
1218.8
1218.8
1218.8
1218.8
1218.8
1218.9
1218.9
1218.9
1218.9
1219.0
1219.0
1219.0
1219.0
1219.0
1219.0
1219.0
1219.1
1219.1
1219.1
1219.1
1219.1
1219.1
1219.2
1219.2
1219.2
1219.2
1219.2
1219.2
1219.3
1219.3
1219.3
1219.3
1219.3
1219.3
1219.3
1219.3
1219.4
1219.4
1219.4
1219.4
1219.5
1219.5
1219.5
1219.5
1219.5
1219.6
1219.6
1219.6
1219.7
1219.7
1219.7
1219.8
1219.8
1219.8
1219.8
1219.8
1220.0
1220.0
1220.0
1220.0
1220.1
1220.1
1220.2
1220.4
1220.4
1220.4
1220.4
1220.6
1220.9
1221.0
1221.1
1221.2
1221.2
1221.3
1221.9
1222.1
1222.5
1222.6
1222.7
1222.7
1222.8
1223.0
1223.2
1223.5
1224.8
1225.3
1225.3
1225.9
1226.2
1227.7
1227.8
1228.3
1228.6
1228.7
1228.8
1228.9
1229.0
1229.1
1229.5
1229.5
1229.6
1229.7
1229.8
1229.8
1230.0
1230.1
1230.2
1230.2
1230.2
1230.3
1230.3
1230.4
1230.5
1230.6
1230.6
1230.7
1230.7
1231.0
1231.0
1231.1
1231.1
1231.2
1231.3
1231.4
1231.4
1231.4
1231.5
1231.7
1231.7
1231.9
1231.9
1232.0
1232.2
1232.3
1232.4
1232.7
1232.7
1232.8
1233.0
1233.0
1233.2
1233.2
1233.2
1233.5
1234.1
1234.1
1234.1
1234.3
1234.4
1234.5
1234.8
1235.2
1235.4
1235.8
1235.9
1237.4
1238.1
1239.4
1239.4
1239.8
1239.8
1240.0
1240.3
1240.6
1241.4
1241.5
1257.0
1258.0
1258.3
1258.5
1258.7
1258.7
1258.8
1258.8
1258.8
1258.8
1258.9
1258.9
1258.9
1258.9
1258.9
1258.9
1258.9
1258.9
1258.9
1258.9
1258.9
1258.9
1258.9
1258.9
1258.9
1258.9
1258.9
1258.9
1258.9
1258.9
1258.9
1258.9
1258.9
1258.9
1258.9
1258.9
1258.9
1258.9
1258.9
1258.9
1259.0
1259.0
1259.0
1259.0
1259.0
1259.0
1259.0
1259.0
1259.0
1259.0
1259.0
1259.0
1259.0
1259.0
1259.0
1259.0
1259.0
1259.0
1259.0
1259.0
1259.0
1259.0
1259.0
1259.0
1259.0
1259.0
1259.0
1259.0
1259.0
1259.0
1259.1
1259.1
1259.1
1259.1
1259.1
1259.1
1259.1
1259.1
1259.1
1259.1
1259.1
1259.2
1259.2
1259.2
1259.3
1259.3
1259.3
1259.4
1259.5
1259.5
1259.5
1259.5
1259.6
1259.7
1259.8
1259.8
1260.0
1260.0
1260.1
1260.4
1262.1
1263.9
1264.5
1265.6
1265.9
1265.9
1266.0
1266.0
1266.1
1266.1
1266.1
1266.1
1266.1
1266.2
1266.2
1266.2
1266.2
1266.2
1266.2
1266.2
1266.3
1266.3
1266.3
1266.3
1266.3
1266.3
1266.3
1266.3
1266.3
1266.3
1266.3
1266.3
1266.4
1266.4
1266.4
1266.4
1266.4
1266.4
1266.4
1266.4
1266.5
1266.5
1266.5
1266.5
1266.6
1266.6
1266.6
1266.6
1266.6
1266.6
1266.6
1266.7
1266.7
1266.7
1266.7
1266.7
1266.7
1266.8
1266.8
1266.9
1266.9
1266.9
1266.9
1266.9
1266.9
1267.0
1267.0
1267.0
1267.1
1267.1
1267.2
1267.3
1267.3
1267.4
1267.4
1267.4
1267.4
1267.5
1267.5
1268.4
1268.8
1269.1
1269.5
1269.5
1269.6
1269.6
1270.5
1271.0
1271.3
1271.3
1272.2
1274.3
1274.7
1274.8
1274.8
1274.9
1275.4
1277.8
1277.9
1279.7
1279.7
1281.5
1283.1
1283.2
1283.3
1283.5
1283.5
1283.6
1283.6
1283.8
1284.0
1284.0
1284.1
1284.2
1284.2
1284.2
1284.5
1284.6
1284.6
1284.7
1284.8
1284.8
1284.8
1284.9
1285.0
1285.1
1285.1
1285.3
1285.6
1285.7
1285.7
1285.8
1285.9
1286.0
1286.3
1286.3
1286.5
1286.5
1286.6
1287.0
1287.2
1287.3
1287.3
1287.7
1287.9
1288.2
1288.3
1289.7
1290.0
1290.5
1290.6
1290.6
1290.8
1291.2
1291.4
1291.4
1291.5
1291.6
1292.8
1293.1
1293.7
1293.8
1294.6
1295.7
1297.3
1298.7
1300.9
1301.3
1301.3
1302.5
1304.8
1314.7
1375.2
1375.2
1375.2
1375.2
1375.2
1375.2
1375.2
1375.2
1375.2
1375.2
1375.2
1375.2
1375.2
1375.2
1375.2
1375.2
1375.2
1375.2
1375.2
1375.2
1375.2
1375.2
1375.2
1375.2
1375.2
1375.2
1375.2
1375.2
1375.2
1375.2
1375.2
1375.2
1375.3
1375.3
1375.3
1375.3
1375.3
1375.3
1375.3
1375.3
1375.3
1375.3
1375.3
1375.3
1375.3
1375.3
1375.3
1375.3
1375.3
1375.3
1375.3
1375.3
1375.3
1375.3
1375.3
1375.3
1375.3
1375.3
1375.3
1375.3
1375.3
1375.3
1375.3
1375.3
1375.3
1375.3
1375.4
1375.4
1375.4
1375.4
1375.4
1375.4
1375.5
1375.5
1375.5
1375.6
1375.7
1375.7
1375.7
1375.7
1375.7
1375.7
1375.8
1375.8
1375.8
1375.9
1376.0
1376.1
1376.1
1376.3
1376.3
1376.4
1376.6
1376.6
1376.6
1376.8
1376.9
1377.0
1377.0
1377.1
1379.3
1379.3
1379.3
1379.4
1379.4
1379.4
1379.4
1379.4
1379.4
1379.4
1379.4
1379.4
1379.4
1379.4
1379.4
1379.4
1379.4
1379.4
1379.4
1379.4
1379.4
1379.4
1379.4
1379.4
1379.4
1379.4
1379.4
1379.4
1379.4
1379.4
1379.4
1379.4
1379.4
1379.4
1379.4
1379.4
1379.4
1379.4
1379.4
1379.4
1379.4
1379.4
1379.4
1379.4
1379.4
1379.4
1379.4
1379.4
1379.4
1379.4
1379.4
1379.4
1379.4
1379.4
1379.4
1379.4
1379.4
1379.4
1379.4
1379.4
1379.4
1379.4
1379.4
1379.4
1379.4
1379.5
1379.5
1379.5
1379.5
1379.5
1379.5
1379.5
1379.6
1379.9
1379.9
1379.9
1379.9
1379.9
1380.0
1380.0
1380.1
1380.2
1380.2
1380.3
1380.4
1380.5
1380.7
1380.8
1380.9
1381.1
1381.2
1381.4
1381.9
1381.9
1382.3
1382.4
1382.6
1382.7
1382.7
1382.9
1383.0
1383.0
1383.1
1383.1
1383.1
1383.1
1383.1
1383.1
1383.1
1383.1
1383.1
1383.1
1383.1
1383.1
1383.1
1383.1
1383.2
1383.2
1383.2
1383.2
1383.2
1383.2
1383.2
1383.2
1383.2
1383.2
1383.2
1383.2
1383.2
1383.2
1383.2
1383.2
1383.2
1383.2
1383.2
1383.2
1383.2
1383.3
1383.3
1383.3
1383.3
1383.3
1383.3
1383.3
1383.3
1383.3
1383.3
1383.3
1383.3
1383.3
1383.3
1383.3
1383.4
1383.4
1383.4
1383.4
1383.4
1383.5
1383.5
1383.5
1383.5
1383.5
1383.5
1383.5
1383.5
1383.6
1383.6
1383.6
1383.6
1383.6
1383.7
1383.8
1383.8
1384.0
1384.0
1384.2
1384.3
1384.4
1384.4
1384.5
1384.5
1384.6
1384.6
1384.6
1384.9
1385.1
1385.3
1385.4
1385.9
1386.1
1386.2
1386.3
1387.2
1387.2
1387.2
1387.3
1387.3
1387.3
1387.3
1387.4
1387.4
1387.4
1387.4
1387.4
1387.4
1387.4
1387.5
1387.5
1387.5
1387.5
1387.5
1387.5
1387.5
1387.5
1387.5
1387.5
1387.5
1387.5
1387.6
1387.6
1387.6
1387.6
1387.6
1387.6
1387.6
1387.6
1387.7
1387.7
1387.7
1387.7
1387.7
1387.7
1387.7
1387.8
1387.8
1387.8
1387.8
1387.8
1387.9
1387.9
1387.9
1387.9
1387.9
1387.9
1388.0
1388.0
1388.0
1388.0
1388.0
1388.0
1388.0
1388.1
1388.1
1388.1
1388.1
1388.2
1388.2
1388.3
1388.3
1388.3
1388.4
1388.4
1388.4
1388.4
1388.5
1388.6
1388.6
1388.8
1388.9
1389.0
1389.0
1389.0
1389.1
1389.2
1389.5
1389.5
1389.5
1389.8
1389.9
1390.1
1390.1
1390.1
1390.1
1390.6
1390.6
1391.4
1391.8
1392.3
1392.8
1393.4
1393.5
1393.7
1393.7
1393.8
1394.0
1394.0
1394.0
1394.0
1394.0
1394.0
1394.1
1394.1
1394.2
1394.2
1394.2
1394.3
1394.3
1394.3
1394.4
1394.4
1394.5
1394.6
1394.6
1394.6
1394.6
1394.7
1394.7
1394.7
1394.7
1394.8
1394.9
1394.9
1395.0
1395.0
1395.0
1395.1
1395.1
1395.1
1395.2
1395.2
1395.2
1395.2
1395.2
1395.3
1395.3
1395.4
1395.5
1395.6
1395.6
1395.6
1395.6
1395.6
1395.6
1395.7
1395.8
1395.8
1395.8
1396.2
1396.2
1396.4
1396.4
1396.5
1396.5
1396.5
1396.6
1396.8
1396.8
1397.0
1397.2
1397.3
1397.5
1397.6
1397.6
1397.6
1397.7
1398.5
1398.9
1398.9
1399.0
1399.8
1399.9
1399.9
1400.2
1400.8
1400.8
1401.1
1401.3
1401.3
1401.6
1401.6
1403.0
1404.4
1407.6
1409.5
1410.9
1412.4
1542.3
1542.3
1542.3
1542.3
1542.3
1542.3
1542.3
1542.3
1542.3
1542.3
1542.3
1542.3
1542.3
1542.3
1542.3
1542.3
1542.3
1542.3
1542.3
1542.3
1542.3
1542.3
1542.3
1542.3
1542.3
1542.3
1542.3
1542.3
1542.3
1542.3
1542.3
1542.3
1542.3
1542.3
1542.3
1542.3
1542.3
1542.3
1542.3
1542.3
1542.3
1542.3
1542.3
1542.3
1542.3
1542.3
1542.3
1542.3
1542.3
1542.3
1542.3
1542.3
1542.3
1542.3
1542.3
1542.3
1542.3
1542.3
1542.3
1542.3
1542.3
1542.3
1542.3
1542.3
1542.3
1542.4
1542.4
1542.4
1542.4
1542.4
1542.4
1542.4
1542.4
1542.4
1542.4
1542.4
1542.5
1542.5
1542.5
1542.5
1542.5
1542.6
1542.6
1542.6
1542.6
1542.6
1542.7
1542.7
1542.7
1542.7
1542.8
1542.8
1542.9
1542.9
1543.0
1543.0
1543.0
1543.0
1543.1
1543.1
1546.5
1546.5
1546.5
1546.5
1546.6
1546.6
1546.6
1546.6
1546.6
1546.6
1546.6
1546.6
1546.6
1546.6
1546.6
1546.6
1546.6
1546.6
1546.6
1546.6
1546.6
1546.6
1546.6
1546.6
1546.6
1546.6
1546.6
1546.6
1546.6
1546.6
1546.6
1546.6
1546.6
1546.6
1546.6
1546.6
1546.6
1546.6
1546.6
1546.6
1546.6
1546.6
1546.6
1546.6
1546.6
1546.6
1546.6
1546.6
1546.6
1546.6
1546.6
1546.6
1546.6
1546.7
1546.7
1546.7
1546.7
1546.7
1546.7
1546.7
1546.7
1546.7
1546.7
1546.7
1546.7
1546.7
1546.7
1546.7
1546.7
1546.8
1546.8
1546.9
1547.0
1547.1
1547.1
1547.1
1547.2
1547.2
1547.3
1547.4
1547.4
1547.5
1547.6
1547.6
1547.7
1547.8
1547.8
1547.8
1548.0
1548.1
1548.1
1548.2
1548.4
1548.5
1548.8
1548.8
1548.8
1549.0
1549.0
1549.0
1550.2
1550.2
1550.2
1550.3
1550.3
1550.3
1550.3
1550.3
1550.3
1550.3
1550.3
1550.3
1550.4
1550.4
1550.4
1550.4
1550.4
1550.4
1550.4
1550.4
1550.4
1550.4
1550.4
1550.4
1550.4
1550.4
1550.4
1550.4
1550.5
1550.5
1550.5
1550.5
1550.5
1550.5
1550.5
1550.5
1550.5
1550.5
1550.5
1550.5
1550.5
1550.5
1550.5
1550.5
1550.6
1550.6
1550.6
1550.6
1550.6
1550.6
1550.6
1550.6
1550.6
1550.7
1550.7
1550.7
1550.7
1550.7
1550.7
1550.7
1550.8
1550.8
1550.9
1550.9
1550.9
1551.0
1551.0
1551.1
1551.1
1551.1
1551.1
1551.2
1551.4
1551.4
1551.4
1551.7
1551.8
1552.1
1552.2
1552.2
1552.2
1552.3
1552.4
1552.4
1552.7
1552.9
1553.2
1553.2
1553.4
1553.8
1554.0
1554.2
1554.8
1554.8
1554.9
1555.1
1555.1
1555.2
1555.2
1555.2
1555.2
1555.3
1555.3
1555.4
1555.4
1555.4
1555.4
1555.4
1555.4
1555.5
1555.5
1555.5
1555.5
1555.5
1555.6
1555.6
1555.6
1555.6
1555.6
1555.6
1555.6
1555.7
1555.7
1555.7
1555.7
1555.7
1555.8
1555.8
1555.8
1555.8
1555.8
1555.9
1555.9
1555.9
1555.9
1555.9
1555.9
1555.9
1555.9
1555.9
1556.0
1556.0
1556.0
1556.0
1556.0
1556.1
1556.1
1556.1
1556.2
1556.2
1556.2
1556.3
1556.3
1556.3
1556.3
1556.4
1556.4
1556.4
1556.5
1556.5
1556.5
1556.6
1556.7
1556.8
1556.9
1556.9
1556.9
1557.0
1557.2
1557.5
1557.6
1557.7
1557.8
1557.9
1557.9
1558.5
1558.7
1559.2
1559.2
1559.4
1559.5
1559.6
1559.6
1560.0
1560.5
1561.6
1562.2
1562.3
1563.0
1563.7
1564.8
1565.1
1565.4
1565.6
1565.7
1565.8
1565.8
1566.0
1566.1
1566.4
1566.5
1566.7
1566.8
1566.8
1566.9
1567.1
1567.2
1567.2
1567.3
1567.3
1567.4
1567.5
1567.8
1567.9
1567.9
1568.0
1568.0
1568.1
1568.1
1568.2
1568.3
1568.3
1568.5
1568.6
1568.7
1568.7
1568.8
1568.9
1569.1
1569.3
1569.4
1569.4
1569.4
1569.6
1569.6
1569.7
1569.7
1570.2
1570.3
1570.4
1570.5
1570.5
1570.6
1570.9
1571.0
1571.4
1571.5
1571.6
1571.7
1571.8
1572.0
1572.6
1572.9
1573.3
1573.8
1574.0
1576.4
1576.5
1577.0
1577.8
1578.1
1578.8
1579.8
1579.9
1581.2
1581.3
1584.9
1592.7
1595.4
1595.5
1595.5
1595.7
1595.7
1595.7
1595.7
1595.7
1595.7
1595.7
1595.8
1595.8
1595.8
1595.8
1595.8
1595.8
1595.8
1595.8
1595.8
1595.8
1595.8
1595.8
1595.8
1595.8
1595.8
1595.8
1595.8
1595.8
1595.8
1595.8
1595.8
1595.8
1595.8
1595.8
1595.8
1595.8
1595.8
1595.8
1595.8
1595.8
1595.8
1595.8
1595.8
1595.9
1595.9
1595.9
1595.9
1595.9
1595.9
1595.9
1595.9
1595.9
1595.9
1595.9
1595.9
1595.9
1595.9
1595.9
1595.9
1595.9
1595.9
1595.9
1595.9
1595.9
1595.9
1595.9
1595.9
1595.9
1595.9
1596.0
1596.0
1596.0
1596.0
1596.0
1596.0
1596.0
1596.0
1596.0
1596.0
1596.1
1596.1
1596.1
1596.1
1596.2
1596.2
1596.2
1596.3
1596.3
1596.3
1596.4
1596.4
1596.5
1596.6
1596.6
1596.7
1596.9
1596.9
1597.0
1597.2
1597.3
1602.0
1602.5
1602.8
1602.8
1602.8
1602.9
1603.0
1603.0
1603.0
1603.0
1603.0
1603.1
1603.1
1603.1
1603.1
1603.1
1603.1
1603.1
1603.1
1603.1
1603.1
1603.2
1603.2
1603.2
1603.2
1603.2
1603.2
1603.2
1603.2
1603.2
1603.3
1603.3
1603.3
1603.3
1603.3
1603.3
1603.3
1603.4
1603.4
1603.4
1603.4
1603.5
1603.5
1603.5
1603.5
1603.5
1603.5
1603.5
1603.5
1603.5
1603.6
1603.6
1603.6
1603.6
1603.6
1603.6
1603.7
1603.7
1603.8
1603.8
1603.8
1603.8
1603.8
1603.8
1603.8
1603.9
1604.0
1604.0
1604.1
1604.1
1604.2
1604.2
1604.3
1604.3
1604.3
1604.4
1604.4
1604.5
1605.0
1605.4
1605.7
1606.2
1606.3
1606.3
1606.5
1606.6
1607.3
1607.7
1608.0
1608.2
1609.1
1611.5
1612.0
1612.2
1612.2
1612.3
1616.5
1617.4
1622.7
1711.5
1711.5
1711.5
1711.5
1711.5
1711.5
1711.5
1711.5
1711.5
1711.5
1711.5
1711.5
1711.5
1711.5
1711.5
1711.5
1711.5
1711.5
1711.5
1711.5
1711.5
1711.5
1711.5
1711.5
1711.5
1711.5
1711.5
1711.6
1711.6
1711.6
1711.6
1711.6
1711.6
1711.6
1711.6
1711.6
1711.6
1711.6
1711.6
1711.6
1711.6
1711.6
1711.6
1711.6
1711.6
1711.6
1711.6
1711.6
1711.6
1711.6
1711.6
1711.6
1711.6
1711.6
1711.6
1711.6
1711.6
1711.6
1711.6
1711.6
1711.6
1711.6
1711.6
1711.6
1711.6
1711.7
1711.7
1711.7
1711.7
1711.7
1711.7
1711.7
1711.7
1711.8
1711.8
1711.9
1711.9
1711.9
1712.0
1712.0
1712.0
1712.0
1712.0
1712.1
1712.1
1712.1
1712.3
1712.3
1712.3
1712.5
1712.5
1712.6
1712.8
1712.8
1712.8
1713.0
1713.1
1713.1
1713.1
1713.2
1715.7
1715.7
1715.7
1715.7
1715.7
1715.7
1715.7
1715.7
1715.7
1715.7
1715.7
1715.7
1715.7
1715.7
1715.7
1715.7
1715.7
1715.7
1715.7
1715.7
1715.7
1715.7
1715.7
1715.7
1715.7
1715.7
1715.7
1715.7
1715.7
1715.7
1715.7
1715.7
1715.7
1715.7
1715.7
1715.7
1715.7
1715.7
1715.7
1715.7
1715.7
1715.7
1715.7
1715.7
1715.7
1715.7
1715.7
1715.7
1715.7
1715.7
1715.7
1715.7
1715.8
1715.8
1715.8
1715.8
1715.8
1715.8
1715.8
1715.8
1715.8
1715.8
1715.8
1715.8
1715.8
1715.8
1715.8
1715.8
1715.8
1715.8
1715.9
1715.9
1716.0
1716.1
1716.2
1716.2
1716.2
1716.3
1716.3
1716.3
1716.4
1716.4
1716.5
1716.6
1716.7
1716.7
1716.8
1716.9
1717.1
1717.2
1717.3
1717.4
1717.8
1717.8
1718.3
1718.4
1718.5
1718.6
1718.7
1718.8
1719.3
1719.3
1719.3
1719.3
1719.3
1719.3
1719.3
1719.4
1719.4
1719.4
1719.4
1719.4
1719.4
1719.4
1719.4
1719.4
1719.4
1719.4
1719.4
1719.4
1719.4
1719.4
1719.4
1719.4
1719.4
1719.4
1719.4
1719.5
1719.5
1719.5
1719.5
1719.5
1719.5
1719.5
1719.5
1719.5
1719.5
1719.5
1719.5
1719.5
1719.5
1719.5
1719.6
1719.6
1719.6
1719.6
1719.6
1719.6
1719.6
1719.6
1719.6
1719.6
1719.6
1719.6
1719.6
1719.7
1719.7
1719.7
1719.7
1719.7
1719.8
1719.8
1719.8
1719.8
1719.8
1719.9
1719.9
1719.9
1719.9
1720.0
1720.0
1720.1
1720.1
1720.2
1720.2
1720.5
1720.5
1720.7
1720.7
1720.8
1720.8
1720.8
1720.9
1720.9
1721.2
1721.4
1721.4
1721.6
1722.0
1722.2
1722.4
1722.4
1723.2
1723.3
1723.5
1723.5
1723.5
1723.6
1723.6
1723.6
1723.7
1723.7
1723.7
1723.7
1723.7
1723.7
1723.7
1723.8
1723.8
1723.8
1723.8
1723.8
1723.8
1723.8
1723.8
1723.9
1723.9
1723.9
1723.9
1723.9
1723.9
1723.9
1723.9
1723.9
1723.9
1724.0
1724.0
1724.0
1724.0
1724.0
1724.0
1724.0
1724.1
1724.1
1724.1
1724.1
1724.1
1724.1
1724.1
1724.1
1724.2
1724.2
1724.2
1724.2
1724.3
1724.3
1724.3
1724.3
1724.3
1724.3
1724.3
1724.4
1724.4
1724.4
1724.4
1724.4
1724.5
1724.5
1724.5
1724.6
1724.7
1724.7
1724.8
1724.8
1724.9
1725.0
1725.0
1725.0
1725.2
1725.3
1725.3
1725.3
1725.4
1725.4
1725.5
1725.8
1725.9
1726.1
1726.3
1726.5
1726.5
1726.5
1726.5
1726.9
1727.0
1727.6
1728.3
1728.6
1728.9
1729.5
1729.9
1730.2
1730.2
1730.2
1730.3
1730.3
1730.5
1730.5
1730.6
1730.6
1730.6
1730.6
1730.6
1730.7
1730.8
1730.9
1730.9
1730.9
1731.0
1731.0
1731.1
1731.2
1731.2
1731.2
1731.3
1731.3
1731.3
1731.3
1731.3
1731.4
1731.5
1731.5
1731.6
1731.7
1731.7
1731.7
1731.8
1731.8
1731.8
1731.8
1731.8
1731.8
1731.9
1731.9
1732.0
1732.1
1732.2
1732.2
1732.3
1732.3
1732.3
1732.4
1732.4
1732.4
1732.4
1732.4
1732.4
1732.6
1733.0
1733.0
1733.0
1733.2
1733.2
1733.3
1733.5
1733.5
1733.6
1733.6
1733.8
1733.8
1734.2
1734.2
1734.5
1734.5
1734.5
1734.7
1735.8
1736.1
1736.2
1736.2
1736.3
1737.0
1737.2
1737.6
1737.9
1737.9
1738.4
1738.7
1738.9
1739.6
1740.6
1743.0
1743.8
1744.8
1757.4
1757.6
1878.6
1878.6
1878.6
1878.6
1878.6
1878.6
1878.6
1878.6
1878.6
1878.6
1878.6
1878.6
1878.6
1878.6
1878.6
1878.6
1878.6
1878.6
1878.6
1878.6
1878.6
1878.6
1878.6
1878.6
1878.6
1878.6
1878.6
1878.6
1878.6
1878.6
1878.6
1878.6
1878.6
1878.6
1878.6
1878.6
1878.6
1878.6
1878.6
1878.6
1878.6
1878.6
1878.6
1878.6
1878.6
1878.6
1878.6
1878.6
1878.6
1878.6
1878.6
1878.6
1878.6
1878.6
1878.6
1878.6
1878.6
1878.6
1878.6
1878.6
1878.6
1878.6
1878.6
1878.7
1878.7
1878.7
1878.7
1878.7
1878.7
1878.7
1878.7
1878.7
1878.7
1878.8
1878.8
1878.8
1878.8
1878.8
1878.8
1878.9
1878.9
1878.9
1879.0
1879.0
1879.0
1879.0
1879.0
1879.0
1879.1
1879.1
1879.1
1879.1
1879.2
1879.2
1879.3
1879.4
1879.4
1879.4
1879.4
1879.5
1882.9
1882.9
1882.9
1882.9
1882.9
1882.9
1882.9
1882.9
1882.9
1882.9
1882.9
1883.0
1883.0
1883.0
1883.0
1883.0
1883.0
1883.0
1883.0
1883.0
1883.0
1883.0
1883.0
1883.0
1883.0
1883.0
1883.0
1883.0
1883.0
1883.0
1883.0
1883.0
1883.0
1883.0
1883.0
1883.0
1883.0
1883.0
1883.0
1883.0
1883.0
1883.0
1883.0
1883.0
1883.0
1883.0
1883.0
1883.0
1883.0
1883.0
1883.0
1883.0
1883.0
1883.0
1883.0
1883.0
1883.0
1883.0
1883.0
1883.0
1883.0
1883.1
1883.1
1883.1
1883.1
1883.1
1883.1
1883.1
1883.1
1883.2
1883.2
1883.3
1883.4
1883.5
1883.5
1883.5
1883.6
1883.6
1883.8
1883.8
1883.8
1884.0
1884.0
1884.1
1884.2
1884.2
1884.2
1884.3
1884.5
1884.6
1884.6
1884.7
1884.9
1885.0
1885.3
1885.3
1885.4
1885.5
1885.6
1885.6
1886.6
1886.6
1886.6
1886.6
1886.6
1886.6
1886.7
1886.7
1886.7
1886.7
1886.7
1886.7
1886.7
1886.7
1886.7
1886.7
1886.7
1886.7
1886.7
1886.8
1886.8
1886.8
1886.8
1886.8
1886.8
1886.8
1886.8
1886.8
1886.8
1886.8
1886.8
1886.8
1886.9
1886.9
1886.9
1886.9
1886.9
1886.9
1886.9
1886.9
1886.9
1886.9
1886.9
1886.9
1886.9
1886.9
1886.9
1887.0
1887.0
1887.0
1887.0
1887.0
1887.0
1887.0
1887.0
1887.1
1887.1
1887.1
1887.1
1887.1
1887.1
1887.2
1887.3
1887.3
1887.3
1887.3
1887.4
1887.4
1887.4
1887.5
1887.5
1887.5
1887.8
1887.8
1887.8
1888.1
1888.2
1888.5
1888.6
1888.6
1888.6
1888.8
1888.8
1888.9
1889.1
1889.4
1889.6
1889.6
1889.9
1890.2
1890.4
1890.6
1891.2
1891.2
1891.3
1891.3
1891.4
1891.4
1891.4
1891.5
1891.5
1891.6
1891.6
1891.6
1891.6
1891.6
1891.6
1891.7
1891.7
1891.7
1891.7
1891.7
1891.7
1891.8
1891.8
1891.8
1891.8
1891.8
1891.8
1891.8
1891.9
1891.9
1891.9
1891.9
1891.9
1891.9
1891.9
1892.0
1892.0
1892.0
1892.0
1892.0
1892.0
1892.0
1892.1
1892.1
1892.1
1892.1
1892.1
1892.1
1892.2
1892.2
1892.2
1892.2
1892.2
1892.3
1892.3
1892.4
1892.4
1892.4
1892.4
1892.5
1892.5
1892.5
1892.5
1892.5
1892.6
1892.7
1892.7
1892.7
1892.8
1892.9
1892.9
1893.0
1893.1
1893.1
1893.1
1893.2
1893.4
1893.7
1893.8
1893.9
1893.9
1894.0
1894.0
1894.7
1894.9
1895.4
1895.5
1895.6
1895.6
1895.7
1895.8
1896.2
1896.4
1897.6
1898.3
1898.3
1899.0
1899.4
1900.1
1900.8
1900.9
1900.9
1901.0
1901.1
1901.1
1901.2
1901.3
1901.4
1901.6
1901.6
1901.7
1901.8
1901.9
1901.9
1902.0
1902.0
1902.0
1902.2
1902.3
1902.4
1902.5
1902.5
1902.7
1902.9
1903.0
1903.0
1903.0
1903.1
1903.1
1903.2
1903.2
1903.2
1903.2
1903.3
1903.3
1903.4
1903.4
1903.4
1903.5
1903.6
1903.6
1903.7
1903.9
1904.0
1904.0
1904.2
1904.3
1904.4
1904.6
1904.7
1904.7
1904.9
1905.0
1905.0
1905.0
1905.1
1905.5
1905.5
1905.6
1905.8
1905.9
1906.1
1906.3
1906.8
1907.2
1908.4
1908.5
1908.6
1909.1
1909.2
1909.2
1909.4
1909.5
1909.7
1910.4
1914.4
1914.9
1916.7
1917.4
1917.9
1918.9
1923.1
1925.0
1930.6
1930.6
1930.9
1930.9
1930.9
1930.9
1931.0
1931.0
1931.0
1931.0
1931.0
1931.0
1931.0
1931.0
1931.0
1931.0
1931.0
1931.0
1931.0
1931.0
1931.0
1931.0
1931.0
1931.0
1931.0
1931.0
1931.0
1931.0
1931.0
1931.0
1931.0
1931.0
1931.0
1931.0
1931.0
1931.0
1931.0
1931.0
1931.0
1931.0
1931.0
1931.0
1931.0
1931.0
1931.0
1931.0
1931.0
1931.0
1931.0
1931.0
1931.0
1931.0
1931.0
1931.0
1931.1
1931.1
1931.1
1931.1
1931.1
1931.1
1931.1
1931.1
1931.1
1931.1
1931.1
1931.1
1931.1
1931.1
1931.1
1931.1
1931.1
1931.1
1931.1
1931.1
1931.2
1931.2
1931.2
1931.2
1931.2
1931.2
1931.2
1931.2
1931.3
1931.3
1931.3
1931.3
1931.3
1931.4
1931.4
1931.5
1931.5
1931.6
1931.7
1931.8
1931.8
1932.0
1932.1
1932.2
1932.4
1932.4
1937.8
1937.9
1938.0
1938.0
1938.1
1938.1
1938.1
1938.1
1938.2
1938.2
1938.2
1938.2
1938.2
1938.2
1938.3
1938.3
1938.3
1938.3
1938.3
1938.3
1938.3
1938.3
1938.3
1938.3
1938.4
1938.4
1938.4
1938.4
1938.4
1938.4
1938.4
1938.4
1938.4
1938.5
1938.5
1938.5
1938.5
1938.5
1938.6
1938.6
1938.6
1938.6
1938.6
1938.7
1938.7
1938.7
1938.7
1938.7
1938.8
1938.8
1938.8
1938.8
1938.8
1938.8
1938.9
1938.9
1938.9
1938.9
1939.0
1939.0
1939.0
1939.0
1939.0
1939.1
1939.1
1939.1
1939.2
1939.2
1939.3
1939.3
1939.3
1939.4
1939.4
1939.4
1939.5
1939.5
1939.8
1939.8
1940.0
1940.4
1940.7
1940.7
1940.7
1941.2
1941.2
1941.2
1941.4
1942.0
1942.7
1943.0
1943.2
1944.2
1946.2
1946.4
1946.9
1950.8
1951.5
1953.2
1956.4
1960.2
1960.4
1960.9
1961.5
1963.3
1963.5
1964.1
1964.7
1965.0
1966.4
1966.6
1967.3
1967.5
1969.1
1969.3
1969.9
1970.5
1971.0
1971.9
1972.4
1972.9
1974.7
1984.1
1996.8
2047.9
2047.9
2047.9
2047.9
2047.9
2047.9
2047.9
2047.9
2047.9
2047.9
2047.9
2047.9
2047.9
2047.9
2047.9
2047.9
2047.9
2047.9
2047.9
2047.9
2047.9
2047.9
2047.9
2047.9
2047.9
2047.9
2047.9
2047.9
2047.9
2047.9
2047.9
2047.9
2047.9
2047.9
2047.9
2047.9
2047.9
2047.9
2047.9
2047.9
2047.9
2047.9
2047.9
2047.9
2047.9
2047.9
2047.9
2047.9
2047.9
2047.9
2047.9
2047.9
2047.9
2047.9
2048.0
2048.0
2048.0
2048.0
2048.0
2048.0
2048.0
2048.0
2048.0
2048.0
2048.0
2048.0
2048.0
2048.1
2048.1
2048.1
2048.1
2048.1
2048.1
2048.2
2048.2
2048.3
2048.3
2048.3
2048.3
2048.3
2048.3
2048.4
2048.4
2048.4
2048.4
2048.5
2048.6
2048.7
2048.7
2048.8
2048.9
2048.9
2049.1
2049.1
2049.1
2049.3
2049.4
2049.5
2049.5
2049.5
2051.9
2051.9
2051.9
2051.9
2051.9
2052.0
2052.0
2052.0
2052.0
2052.0
2052.0
2052.0
2052.0
2052.0
2052.0
2052.0
2052.0
2052.0
2052.0
2052.0
2052.0
2052.0
2052.0
2052.0
2052.0
2052.0
2052.0
2052.0
2052.0
2052.0
2052.0
2052.0
2052.0
2052.0
2052.0
2052.0
2052.0
2052.0
2052.0
2052.0
2052.0
2052.0
2052.0
2052.0
2052.0
2052.0
2052.0
2052.0
2052.0
2052.0
2052.0
2052.0
2052.0
2052.0
2052.0
2052.0
2052.0
2052.0
2052.0
2052.0
2052.0
2052.0
2052.0
2052.0
2052.1
2052.1
2052.1
2052.1
2052.1
2052.1
2052.1
2052.1
2052.2
2052.4
2052.4
2052.5
2052.5
2052.5
2052.5
2052.6
2052.7
2052.7
2052.8
2052.9
2053.0
2053.0
2053.2
2053.2
2053.5
2053.6
2053.7
2053.8
2054.3
2054.3
2054.8
2054.8
2054.9
2055.1
2055.1
2055.2
2055.5
2055.5
2055.6
2055.6
2055.6
2055.6
2055.6
2055.6
2055.6
2055.6
2055.6
2055.6
2055.6
2055.6
2055.6
2055.7
2055.7
2055.7
2055.7
2055.7
2055.7
2055.7
2055.7
2055.7
2055.7
2055.7
2055.7
2055.7
2055.7
2055.7
2055.7
2055.7
2055.7
2055.7
2055.7
2055.7
2055.7
2055.7
2055.8
2055.8
2055.8
2055.8
2055.8
2055.8
2055.8
2055.8
2055.8
2055.9
2055.9
2055.9
2055.9
2055.9
2055.9
2055.9
2055.9
2055.9
2055.9
2056.0
2056.0
2056.0
2056.0
2056.1
2056.1
2056.1
2056.1
2056.1
2056.1
2056.2
2056.2
2056.2
2056.3
2056.3
2056.4
2056.5
2056.5
2056.7
2056.8
2057.0
2057.0
2057.0
2057.1
2057.1
2057.2
2057.2
2057.5
2057.7
2057.8
2058.0
2058.4
2058.6
2058.7
2058.8
2059.7
2059.7
2059.7
2059.8
2059.8
2059.9
2059.9
2059.9
2059.9
2059.9
2059.9
2059.9
2060.0
2060.0
2060.0
2060.0
2060.0
2060.0
2060.0
2060.1
2060.1
2060.1
2060.1
2060.1
2060.1
2060.1
2060.1
2060.1
2060.2
2060.2
2060.2
2060.2
2060.2
2060.2
2060.2
2060.2
2060.3
2060.3
2060.3
2060.3
2060.3
2060.3
2060.4
2060.4
2060.4
2060.4
2060.4
2060.5
2060.5
2060.5
2060.5
2060.5
2060.5
2060.6
2060.6
2060.6
2060.6
2060.6
2060.6
2060.7
2060.7
2060.7
2060.7
2060.8
2060.8
2060.8
2060.8
2060.9
2060.9
2061.0
2061.1
2061.1
2061.1
2061.2
2061.2
2061.5
2061.5
2061.5
2061.6
2061.6
2061.7
2061.8
2061.9
2062.1
2062.2
2062.5
2062.6
2062.8
2062.8
2062.8
2062.8
2063.3
2063.3
2064.0
2064.6
2065.1
2065.4
2066.1
2066.1
2066.4
2066.5
2066.6
2066.8
2066.8
2066.8
2066.8
2066.9
2066.9
2066.9
2066.9
2066.9
2067.0
2067.0
2067.1
2067.1
2067.2
2067.2
2067.3
2067.4
2067.4
2067.4
2067.5
2067.5
2067.6
2067.6
2067.6
2067.6
2067.7
2067.8
2067.8
2067.9
2067.9
2067.9
2067.9
2068.0
2068.1
2068.1
2068.1
2068.1
2068.1
2068.1
2068.1
2068.2
2068.4
2068.5
2068.5
2068.6
2068.6
2068.6
2068.6
2068.7
2068.7
2068.7
2068.8
2068.9
2069.2
2069.2
2069.3
2069.5
2069.6
2069.6
2069.8
2069.8
2070.0
2070.0
2070.1
2070.2
2070.4
2070.5
2070.6
2070.8
2070.9
2070.9
2071.3
2072.4
2072.5
2072.5
2073.4
2073.6
2073.8
2074.0
2074.3
2074.8
2074.9
2075.1
2075.5
2075.6
2076.3
2077.9
2079.9
2083.1
2084.6
2093.9
2105.7
2215.0
2215.0
2215.0
2215.0
2215.0
2215.0
2215.0
2215.0
2215.0
2215.0
2215.0
2215.0
2215.0
2215.0
2215.0
2215.0
2215.0
2215.0
2215.0
2215.0
2215.0
2215.0
2215.0
2215.0
2215.0
2215.0
2215.0
2215.0
2215.0
2215.0
2215.0
2215.0
2215.0
2215.0
2215.0
2215.0
2215.0
2215.0
2215.0
2215.0
2215.0
2215.0
2215.0
2215.0
2215.0
2215.0
2215.0
2215.0
2215.0
2215.0
2215.0
2215.0
2215.0
2215.0
2215.0
2215.0
2215.0
2215.0
2215.0
2215.1
2215.1
2215.1
2215.1
2215.1
2215.1
2215.1
2215.1
2215.1
2215.1
2215.1
2215.1
2215.1
2215.2
2215.2
2215.2
2215.2
2215.2
2215.2
2215.2
2215.3
2215.3
2215.3
2215.4
2215.4
2215.4
2215.4
2215.4
2215.4
2215.5
2215.5
2215.5
2215.5
2215.6
2215.6
2215.7
2215.7
2215.7
2215.8
2215.8
2215.8
2219.2
2219.3
2219.3
2219.3
2219.3
2219.3
2219.3
2219.3
2219.3
2219.3
2219.3
2219.3
2219.3
2219.3
2219.3
2219.3
2219.3
2219.3
2219.3
2219.3
2219.3
2219.3
2219.3
2219.3
2219.3
2219.3
2219.3
2219.3
2219.3
2219.3
2219.3
2219.3
2219.3
2219.3
2219.3
2219.3
2219.3
2219.3
2219.3
2219.3
2219.3
2219.3
2219.3
2219.3
2219.4
2219.4
2219.4
2219.4
2219.4
2219.4
2219.4
2219.4
2219.4
2219.4
2219.4
2219.4
2219.4
2219.4
2219.4
2219.4
2219.4
2219.4
2219.4
2219.4
2219.4
2219.4
2219.4
2219.5
2219.5
2219.5
2219.5
2219.6
2219.7
2219.8
2219.8
2219.8
2219.9
2219.9
2220.1
2220.1
2220.1
2220.3
2220.3
2220.4
2220.5
2220.5
2220.5
2220.5
2220.8
2220.8
2220.9
2221.0
2221.1
2221.2
2221.5
2221.5
2221.6
2221.7
2221.8
2221.8
2222.9
2222.9
2223.0
2223.0
2223.0
2223.0
2223.0
2223.0
2223.0
2223.1
2223.1
2223.1
2223.1
2223.1
2223.1
2223.1
2223.1
2223.1
2223.1
2223.1
2223.1
2223.1
2223.1
2223.1
2223.1
2223.1
2223.2
2223.2
2223.2
2223.2
2223.2
2223.2
2223.2
2223.2
2223.2
2223.2
2223.2
2223.2
2223.2
2223.2
2223.2
2223.2
2223.3
2223.3
2223.3
2223.3
2223.3
2223.3
2223.3
2223.3
2223.3
2223.4
2223.4
2223.4
2223.4
2223.4
2223.4
2223.4
2223.4
2223.4
2223.5
2223.6
2223.6
2223.7
2223.7
2223.7
2223.7
2223.8
2223.8
2223.8
2223.9
2223.9
2224.1
2224.1
2224.2
2224.4
2224.5
2224.8
2224.9
2224.9
2224.9
2225.1
2225.1
2225.2
2225.4
2225.7
2225.9
2225.9
2226.2
2226.5
2226.7
2226.9
2227.5
2227.5
2227.6
2227.8
2227.8
2227.9
2228.0
2228.0
2228.0
2228.0
2228.1
2228.1
2228.1
2228.1
2228.1
2228.1
2228.2
2228.2
2228.2
2228.2
2228.2
2228.3
2228.3
2228.3
2228.3
2228.3
2228.3
2228.3
2228.4
2228.4
2228.4
2228.4
2228.4
2228.5
2228.5
2228.5
2228.5
2228.5
2228.5
2228.6
2228.6
2228.6
2228.6
2228.6
2228.6
2228.6
2228.7
2228.7
2228.7
2228.7
2228.7
2228.7
2228.8
2228.8
2228.9
2228.9
2228.9
2229.0
2229.0
2229.0
2229.0
2229.1
2229.1
2229.1
2229.1
2229.1
2229.2
2229.2
2229.2
2229.3
2229.4
2229.5
2229.6
2229.7
2229.7
2229.8
2229.9
2230.2
2230.3
2230.3
2230.5
2230.6
2230.6
2231.2
2231.4
2231.7
2231.8
2232.1
2232.2
2232.3
2232.3
2232.7
2233.0
2234.1
2234.8
2234.9
2235.5
2235.9
2237.1
2237.5
2237.6
2238.2
2238.5
2238.6
2238.6
2238.6
2238.9
2239.2
2239.2
2239.4
2239.5
2239.5
2239.6
2239.7
2239.9
2240.0
2240.0
2240.0
2240.2
2240.3
2240.4
2240.6
2240.6
2240.7
2240.7
2240.7
2240.8
2240.9
2240.9
2241.1
2241.2
2241.2
2241.2
2241.4
2241.6
2241.6
2241.8
2242.0
2242.0
2242.0
2242.1
2242.3
2242.4
2242.5
2242.5
2242.8
2243.0
2243.2
2243.3
2243.4
2243.5
2243.7
2243.8
2243.8
2244.1
2244.3
2244.6
2244.6
2244.7
2245.5
2245.6
2246.0
2246.6
2246.8
2249.0
2249.9
2250.1
2251.0
2251.6
2252.1
2252.5
2253.2
2253.3
2254.1
2255.3
2267.0
2267.0
2267.1
2267.2
2267.2
2267.3
2267.3
2267.3
2267.3
2267.3
2267.3
2267.4
2267.4
2267.4
2267.4
2267.4
2267.4
2267.4
2267.4
2267.4
2267.4
2267.4
2267.4
2267.4
2267.4
2267.4
2267.4
2267.4
2267.4
2267.4
2267.4
2267.4
2267.4
2267.4
2267.4
2267.4
2267.4
2267.4
2267.4
2267.4
2267.4
2267.4
2267.4
2267.4
2267.5
2267.5
2267.5
2267.5
2267.5
2267.5
2267.5
2267.5
2267.5
2267.5
2267.5
2267.5
2267.5
2267.5
2267.5
2267.5
2267.5
2267.5
2267.5
2267.5
2267.5
2267.5
2267.5
2267.5
2267.5
2267.5
2267.5
2267.6
2267.6
2267.6
2267.6
2267.6
2267.6
2267.6
2267.6
2267.6
2267.6
2267.6
2267.7
2267.7
2267.7
2267.8
2267.8
2267.9
2267.9
2268.0
2268.0
2268.0
2268.0
2268.2
2268.3
2268.3
2268.5
2268.6
2268.6
2268.9
2273.6
2273.6
2274.1
2274.4
2274.4
2274.5
2274.5
2274.6
2274.6
2274.6
2274.6
2274.6
2274.7
2274.7
2274.7
2274.7
2274.7
2274.7
2274.7
2274.8
2274.8
2274.8
2274.8
2274.8
2274.8
2274.8
2274.8
2274.8
2274.8
2274.8
2274.8
2274.9
2274.9
2274.9
2274.9
2274.9
2274.9
2274.9
2275.0
2275.0
2275.0
2275.0
2275.1
2275.1
2275.1
2275.1
2275.1
2275.1
2275.1
2275.1
2275.1
2275.2
2275.2
2275.2
2275.2
2275.2
2275.2
2275.3
2275.3
2275.3
2275.4
2275.4
2275.4
2275.4
2275.4
2275.4
2275.5
2275.6
2275.6
2275.7
2275.7
2275.8
2275.9
2275.9
2275.9
2275.9
2275.9
2276.0
2276.0
2276.9
2277.3
2277.7
2277.9
2277.9
2278.1
2278.1
2278.7
2279.3
2279.7
2279.7
2280.7
2283.2
2283.6
2283.7
2283.7
2284.9
2287.5
2288.4
2290.3
2294.0
2294.2
2294.5
2294.7
2294.8
2295.1
2295.3
2296.0
2296.8
2297.1
2297.2
2297.3
2297.4
2297.5
2297.6
2297.9
2298.8
2299.0
2300.0
2300.2
2300.3
2300.7
2300.8
2301.3
2301.5
2301.5
2301.7
2302.6
2302.6
2303.5
2305.1
2306.8
2307.6
2311.4
2316.7
2331.2
2384.2
2384.2
2384.2
2384.2
2384.2
2384.3
2384.3
2384.3
2384.3
2384.3
2384.3
2384.3
2384.3
2384.3
2384.3
2384.3
2384.3
2384.3
2384.3
2384.3
2384.3
2384.3
2384.3
2384.3
2384.3
2384.3
2384.3
2384.3
2384.3
2384.3
2384.3
2384.3
2384.3
2384.3
2384.3
2384.3
2384.3
2384.3
2384.3
2384.3
2384.3
2384.3
2384.3
2384.3
2384.3
2384.3
2384.3
2384.3
2384.3
2384.3
2384.3
2384.3
2384.3
2384.3
2384.3
2384.3
2384.3
2384.4
2384.4
2384.4
2384.4
2384.4
2384.4
2384.4
2384.4
2384.4
2384.4
2384.4
2384.4
2384.5
2384.5
2384.5
2384.5
2384.5
2384.6
2384.6
2384.7
2384.7
2384.7
2384.7
2384.7
2384.7
2384.8
2384.8
2384.8
2384.9
2385.0
2385.1
2385.1
2385.2
2385.3
2385.3
2385.5
2385.5
2385.5
2385.7
2385.8
2385.9
2385.9
2386.0
2388.3
2388.3
2388.3
2388.3
2388.3
2388.3
2388.3
2388.3
2388.3
2388.3
2388.3
2388.3
2388.3
2388.3
2388.3
2388.3
2388.3
2388.3
2388.3
2388.3
2388.3
2388.3
2388.3
2388.3
2388.3
2388.3
2388.3
2388.3
2388.3
2388.3
2388.3
2388.3
2388.3
2388.3
2388.3
2388.3
2388.3
2388.3
2388.3
2388.3
2388.3
2388.3
2388.3
2388.3
2388.3
2388.3
2388.3
2388.3
2388.3
2388.3
2388.3
2388.3
2388.3
2388.3
2388.3
2388.3
2388.3
2388.3
2388.3
2388.3
2388.4
2388.4
2388.4
2388.4
2388.4
2388.4
2388.4
2388.4
2388.4
2388.4
2388.4
2388.5
2388.5
2388.8
2388.8
2388.9
2388.9
2388.9
2388.9
2389.0
2389.1
2389.1
2389.2
2389.2
2389.4
2389.4
2389.6
2389.7
2389.9
2390.1
2390.2
2390.3
2390.8
2390.8
2391.2
2391.3
2391.4
2391.6
2391.6
2391.7
2391.8
2391.9
2391.9
2391.9
2391.9
2391.9
2391.9
2391.9
2391.9
2391.9
2392.0
2392.0
2392.0
2392.0
2392.0
2392.0
2392.0
2392.0
2392.0
2392.0
2392.0
2392.0
2392.0
2392.0
2392.0
2392.0
2392.0
2392.0
2392.0
2392.0
2392.0
2392.1
2392.1
2392.1
2392.1
2392.1
2392.1
2392.1
2392.1
2392.1
2392.1
2392.1
2392.1
2392.2
2392.2
2392.2
2392.2
2392.2
2392.2
2392.2
2392.2
2392.2
2392.2
2392.2
2392.2
2392.3
2392.3
2392.3
2392.3
2392.3
2392.4
2392.4
2392.4
2392.4
2392.4
2392.5
2392.5
2392.5
2392.5
2392.5
2392.6
2392.7
2392.7
2392.8
2392.9
2393.1
2393.2
2393.3
2393.4
2393.4
2393.4
2393.5
2393.5
2393.6
2393.9
2394.1
2394.2
2394.4
2394.9
2395.1
2395.2
2395.3
2396.0
2396.0
2396.1
2396.2
2396.2
2396.2
2396.2
2396.2
2396.2
2396.2
2396.3
2396.3
2396.3
2396.3
2396.3
2396.3
2396.3
2396.3
2396.4
2396.4
2396.4
2396.4
2396.4
2396.4
2396.4
2396.4
2396.4
2396.4
2396.4
2396.5
2396.5
2396.5
2396.5
2396.5
2396.5
2396.5
2396.6
2396.6
2396.6
2396.6
2396.6
2396.6
2396.7
2396.7
2396.7
2396.7
2396.7
2396.8
2396.8
2396.8
2396.8
2396.8
2396.8
2396.9
2396.9
2396.9
2396.9
2396.9
2396.9
2397.0
2397.0
2397.0
2397.0
2397.1
2397.1
2397.2
2397.2
2397.3
2397.3
2397.4
2397.4
2397.4
2397.4
2397.5
2397.5
2397.8
2397.8
2397.9
2397.9
2398.0
2398.1
2398.1
2398.4
2398.5
2398.5
2398.8
2399.0
2399.1
2399.1
2399.1
2399.2
2399.6
2399.7
2400.6
2401.0
2401.6
2402.0
2402.3
2402.7
2402.7
2402.7
2402.8
2403.0
2403.0
2403.1
2403.1
2403.1
2403.1
2403.1
2403.2
2403.2
2403.3
2403.4
2403.4
2403.4
2403.4
2403.5
2403.6
2403.6
2403.6
2403.7
2403.7
2403.7
2403.7
2403.8
2403.8
2403.8
2403.9
2404.0
2404.0
2404.1
2404.1
2404.2
2404.2
2404.2
2404.2
2404.3
2404.3
2404.3
2404.3
2404.3
2404.4
2404.4
2404.6
2404.7
2404.7
2404.7
2404.8
2404.8
2404.8
2404.8
2404.8
2404.9
2405.0
2405.1
2405.4
2405.5
2405.6
2405.6
2405.8
2405.9
2405.9
2406.0
2406.1
2406.1
2406.3
2406.7
2406.9
2406.9
2407.0
2407.0
2407.1
2407.2
2408.1
2408.5
2408.6
2408.6
2409.7
2409.7
2409.8
2410.3
2410.8
2411.1
2411.3
2411.6
2411.7
2411.9
2412.6
2414.5
2416.0
2419.3
2427.5
2428.1
2551.3
2551.3
2551.3
2551.3
2551.3
2551.3
2551.3
2551.3
2551.3
2551.3
2551.3
2551.3
2551.3
2551.3
2551.3
2551.3
2551.3
2551.3
2551.3
2551.3
2551.3
2551.3
2551.3
2551.3
2551.3
2551.3
2551.3
2551.3
2551.3
2551.3
2551.3
2551.3
2551.3
2551.3
2551.3
2551.3
2551.3
2551.3
2551.3
2551.3
2551.3
2551.3
2551.3
2551.4
2551.4
2551.4
2551.4
2551.4
2551.4
2551.4
2551.4
2551.4
2551.4
2551.4
2551.4
2551.4
2551.4
2551.4
2551.4
2551.4
2551.4
2551.4
2551.4
2551.4
2551.4
2551.4
2551.4
2551.4
2551.4
2551.4
2551.4
2551.5
2551.5
2551.5
2551.5
2551.5
2551.5
2551.5
2551.6
2551.6
2551.6
2551.7
2551.7
2551.7
2551.7
2551.7
2551.7
2551.7
2551.8
2551.8
2551.8
2551.9
2551.9
2551.9
2552.0
2552.1
2552.1
2552.1
2552.1
2552.2
2555.6
2555.6
2555.6
2555.6
2555.6
2555.6
2555.6
2555.6
2555.6
2555.6
2555.6
2555.6
2555.6
2555.6
2555.6
2555.6
2555.6
2555.6
2555.6
2555.6
2555.6
2555.6
2555.6
2555.6
2555.6
2555.6
2555.6
2555.7
2555.7
2555.7
2555.7
2555.7
2555.7
2555.7
2555.7
2555.7
2555.7
2555.7
2555.7
2555.7
2555.7
2555.7
2555.7
2555.7
2555.7
2555.7
2555.7
2555.7
2555.7
2555.7
2555.7
2555.7
2555.7
2555.7
2555.7
2555.7
2555.7
2555.7
2555.7
2555.7
2555.7
2555.7
2555.7
2555.7
2555.8
2555.8
2555.8
2555.8
2555.8
2555.8
2555.9
2555.9
2556.0
2556.1
2556.1
2556.2
2556.2
2556.3
2556.4
2556.4
2556.4
2556.6
2556.6
2556.7
2556.8
2556.8
2556.8
2556.8
2557.1
2557.1
2557.2
2557.3
2557.5
2557.6
2557.8
2557.8
2557.9
2558.0
2558.1
2558.1
2559.2
2559.3
2559.3
2559.3
2559.3
2559.3
2559.3
2559.4
2559.4
2559.4
2559.4
2559.4
2559.4
2559.4
2559.4
2559.4
2559.4
2559.4
2559.4
2559.4
2559.4
2559.5
2559.5
2559.5
2559.5
2559.5
2559.5
2559.5
2559.5
2559.5
2559.5
2559.5
2559.5
2559.5
2559.5
2559.5
2559.5
2559.5
2559.6
2559.6
2559.6
2559.6
2559.6
2559.6
2559.6
2559.6
2559.6
2559.6
2559.6
2559.7
2559.7
2559.7
2559.7
2559.7
2559.7
2559.7
2559.7
2559.8
2559.8
2559.8
2559.8
2559.9
2560.0
2560.0
2560.0
2560.0
2560.1
2560.1
2560.1
2560.2
2560.2
2560.2
2560.4
2560.5
2560.5
2560.7
2560.8
2561.1
2561.2
2561.3
2561.3
2561.4
2561.4
2561.5
2561.7
2562.0
2562.2
2562.2
2562.5
2562.8
2563.0
2563.2
2563.8
2563.8
2564.0
2564.2
2564.2
2564.2
2564.3
2564.3
2564.3
2564.4
2564.4
2564.4
2564.4
2564.4
2564.4
2564.5
2564.5
2564.5
2564.5
2564.5
2564.6
2564.6
2564.6
2564.6
2564.6
2564.6
2564.6
2564.6
2564.7
2564.7
2564.7
2564.8
2564.8
2564.8
2564.8
2564.8
2564.8
2564.8
2564.8
2564.9
2564.9
2564.9
2564.9
2564.9
2564.9
2565.0
2565.0
2565.0
2565.0
2565.0
2565.0
2565.0
2565.1
2565.1
2565.2
2565.2
2565.2
2565.3
2565.3
2565.3
2565.4
2565.4
2565.4
2565.4
2565.4
2565.5
2565.5
2565.6
2565.6
2565.6
2565.7
2565.8
2566.0
2566.0
2566.0
2566.1
2566.2
2566.6
2566.6
2566.8
2566.8
2566.9
2566.9
2567.5
2567.7
2568.2
2568.2
2568.3
2568.4
2568.6
2568.6
2569.0
2569.3
2570.3
2571.1
2571.1
2571.8
2572.4
2573.8
2573.9
2574.5
2574.6
2574.7
2574.8
2574.9
2574.9
2575.1
2575.4
2575.4
2575.7
2575.8
2575.8
2576.0
2576.1
2576.2
2576.3
2576.3
2576.3
2576.4
2576.4
2576.5
2576.6
2576.6
2576.7
2576.7
2576.9
2577.0
2577.1
2577.3
2577.4
2577.5
2577.6
2577.6
2577.6
2577.8
2577.8
2577.8
2578.1
2578.2
2578.3
2578.5
2578.6
2578.6
2578.7
2578.7
2579.0
2579.2
2579.5
2579.5
2579.7
2579.7
2579.9
2580.1
2580.2
2580.2
2580.4
2580.7
2580.8
2580.9
2581.6
2581.7
2582.2
2582.7
2582.9
2585.2
2585.6
2586.2
2587.0
2587.0
2587.1
2587.4
2588.8
2589.9
2590.8
2593.6
2594.1
2603.7
2603.8
2603.9
2603.9
2604.0
2604.0
2604.0
2604.0
2604.0
2604.0
2604.1
2604.1
2604.1
2604.1
2604.1
2604.1
2604.1
2604.1
2604.1
2604.1
2604.1
2604.1
2604.1
2604.1
2604.1
2604.1
2604.1
2604.1
2604.1
2604.1
2604.1
2604.1
2604.1
2604.1
2604.1
2604.1
2604.1
2604.1
2604.1
2604.1
2604.1
2604.1
2604.1
2604.2
2604.2
2604.2
2604.2
2604.2
2604.2
2604.2
2604.2
2604.2
2604.2
2604.2
2604.2
2604.2
2604.2
2604.2
2604.2
2604.2
2604.2
2604.2
2604.2
2604.2
2604.2
2604.2
2604.2
2604.2
2604.2
2604.2
2604.3
2604.3
2604.3
2604.3
2604.3
2604.3
2604.3
2604.3
2604.3
2604.3
2604.3
2604.4
2604.4
2604.4
2604.5
2604.5
2604.5
2604.6
2604.6
2604.6
2604.6
2604.6
2604.8
2604.9
2604.9
2605.0
2605.2
2605.2
2605.3
2605.6
2610.4
2610.7
2611.1
2611.1
2611.1
2611.2
2611.3
2611.3
2611.3
2611.3
2611.3
2611.4
2611.4
2611.4
2611.4
2611.4
2611.4
2611.4
2611.4
2611.4
2611.5
2611.5
2611.5
2611.5
2611.5
2611.5
2611.5
2611.5
2611.5
2611.5
2611.6
2611.6
2611.6
2611.6
2611.6
2611.6
2611.6
2611.7
2611.7
2611.7
2611.7
2611.7
2611.8
2611.8
2611.8
2611.8
2611.8
2611.8
2611.8
2611.8
2611.8
2611.9
2611.9
2611.9
2611.9
2611.9
2611.9
2612.0
2612.0
2612.1
2612.1
2612.1
2612.1
2612.1
2612.1
2612.2
2612.2
2612.3
2612.3
2612.3
2612.4
2612.5
2612.5
2612.6
2612.6
2612.6
2612.6
2612.7
2612.8
2613.6
2614.0
2614.5
2614.6
2614.8
2614.8
2614.9
2615.6
2616.1
2616.5
2616.5
2617.4
2619.8
2620.2
2620.3
2620.5
2620.5
2625.1
2625.4
2628.2
2637.1
2637.2
2637.5
2637.6
2639.0
2641.5
2643.0
2645.7
2647.3
2649.1
2650.6
2651.9
2657.3
2671.7
2720.5
2720.5
2720.5
2720.5
2720.5
2720.5
2720.5
2720.5
2720.5
2720.5
2720.5
2720.5
2720.5
2720.5
2720.5
2720.5
2720.5
2720.5
2720.5
2720.5
2720.5
2720.5
2720.5
2720.5
2720.5
2720.5
2720.5
2720.5
2720.5
2720.5
2720.5
2720.5
2720.5
2720.5
2720.5
2720.5
2720.5
2720.5
2720.5
2720.5
2720.5
2720.5
2720.5
2720.5
2720.5
2720.5
2720.5
2720.5
2720.5
2720.5
2720.5
2720.5
2720.5
2720.6
2720.6
2720.6
2720.6
2720.6
2720.6
2720.6
2720.6
2720.6
2720.6
2720.6
2720.6
2720.6
2720.6
2720.6
2720.7
2720.7
2720.7
2720.7
2720.7
2720.8
2720.8
2720.9
2720.9
2720.9
2720.9
2720.9
2720.9
2721.0
2721.0
2721.0
2721.0
2721.1
2721.2
2721.3
2721.3
2721.4
2721.5
2721.5
2721.7
2721.7
2721.7
2721.9
2722.0
2722.1
2722.1
2722.1
2724.6
2724.6
2724.6
2724.6
2724.6
2724.6
2724.6
2724.6
2724.6
2724.6
2724.6
2724.6
2724.6
2724.6
2724.6
2724.6
2724.6
2724.6
2724.6
2724.6
2724.6
2724.6
2724.6
2724.6
2724.6
2724.6
2724.6
2724.6
2724.6
2724.6
2724.6
2724.6
2724.6
2724.6
2724.6
2724.6
2724.6
2724.6
2724.6
2724.6
2724.6
2724.6
2724.6
2724.6
2724.6
2724.6
2724.6
2724.6
2724.6
2724.6
2724.7
2724.7
2724.7
2724.7
2724.7
2724.7
2724.7
2724.7
2724.7
2724.7
2724.7
2724.7
2724.7
2724.7
2724.7
2724.7
2724.7
2724.7
2724.7
2724.7
2724.7
2724.8
2724.9
2725.0
2725.1
2725.1
2725.2
2725.2
2725.2
2725.2
2725.3
2725.3
2725.4
2725.5
2725.6
2725.6
2725.8
2725.8
2726.1
2726.2
2726.2
2726.4
2726.8
2726.8
2727.3
2727.3
2727.5
2727.6
2727.7
2727.8
2728.2
2728.2
2728.2
2728.2
2728.2
2728.2
2728.2
2728.2
2728.2
2728.3
2728.3
2728.3
2728.3
2728.3
2728.3
2728.3
2728.3
2728.3
2728.3
2728.3
2728.3
2728.3
2728.3
2728.3
2728.3
2728.3
2728.3
2728.3
2728.4
2728.4
2728.4
2728.4
2728.4
2728.4
2728.4
2728.4
2728.4
2728.4
2728.4
2728.4
2728.4
2728.5
2728.5
2728.5
2728.5
2728.5
2728.5
2728.5
2728.5
2728.5
2728.5
2728.5
2728.5
2728.5
2728.6
2728.6
2728.6
2728.6
2728.6
2728.7
2728.7
2728.7
2728.7
2728.7
2728.8
2728.8
2728.8
2728.8
2728.8
2728.9
2728.9
2729.0
2729.0
2729.1
2729.2
2729.4
2729.4
2729.6
2729.6
2729.7
2729.7
2729.7
2729.8
2729.8
2730.1
2730.3
2730.3
2730.5
2730.9
2731.2
2731.3
2731.3
2732.2
2732.3
2732.4
2732.4
2732.4
2732.5
2732.5
2732.5
2732.6
2732.6
2732.6
2732.6
2732.6
2732.6
2732.6
2732.7
2732.7
2732.7
2732.7
2732.7
2732.7
2732.7
2732.7
2732.7
2732.8
2732.8
2732.8
2732.8
2732.8
2732.8
2732.8
2732.8
2732.8
2732.9
2732.9
2732.9
2732.9
2732.9
2732.9
2733.0
2733.0
2733.0
2733.0
2733.0
2733.0
2733.0
2733.0
2733.1
2733.1
2733.1
2733.1
2733.2
2733.2
2733.2
2733.2
2733.2
2733.2
2733.3
2733.3
2733.3
2733.3
2733.3
2733.3
2733.3
2733.4
2733.4
2733.4
2733.5
2733.5
2733.6
2733.7
2733.7
2733.8
2733.9
2733.9
2734.0
2734.1
2734.2
2734.3
2734.3
2734.3
2734.4
2734.4
2734.8
2734.8
2735.1
2735.3
2735.4
2735.4
2735.4
2735.5
2735.9
2735.9
2736.6
2737.2
2737.6
2737.9
2738.5
2738.7
2739.1
2739.1
2739.2
2739.2
2739.3
2739.4
2739.4
2739.5
2739.5
2739.5
2739.5
2739.5
2739.6
2739.7
2739.8
2739.8
2739.8
2739.8
2739.9
2740.0
2740.1
2740.1
2740.1
2740.2
2740.2
2740.2
2740.2
2740.2
2740.3
2740.3
2740.4
2740.5
2740.6
2740.6
2740.6
2740.7
2740.7
2740.7
2740.7
2740.7
2740.7
2740.8
2740.9
2740.9
2740.9
2741.1
2741.2
2741.2
2741.2
2741.3
2741.3
2741.3
2741.3
2741.3
2741.3
2741.5
2741.5
2741.9
2741.9
2742.1
2742.1
2742.2
2742.4
2742.4
2742.4
2742.6
2742.7
2742.7
2742.8
2743.2
2743.4
2743.4
2743.5
2743.5
2743.6
2744.7
2745.0
2745.1
2745.5
2745.7
2746.0
2746.5
2746.7
2747.0
2747.4
2747.5
2747.5
2747.9
2748.4
2750.0
2753.1
2753.2
2754.9
2760.0
2761.2
2887.5
2887.5
2887.5
2887.5
2887.5
2887.5
2887.5
2887.5
2887.5
2887.5
2887.5
2887.5
2887.5
2887.5
2887.6
2887.6
2887.6
2887.6
2887.6
2887.6
2887.6
2887.6
2887.6
2887.6
2887.6
2887.6
2887.6
2887.6
2887.6
2887.6
2887.6
2887.6
2887.6
2887.6
2887.6
2887.6
2887.6
2887.6
2887.6
2887.6
2887.6
2887.6
2887.6
2887.6
2887.6
2887.6
2887.6
2887.6
2887.6
2887.6
2887.6
2887.6
2887.6
2887.6
2887.6
2887.6
2887.6
2887.6
2887.6
2887.6
2887.6
2887.6
2887.6
2887.6
2887.6
2887.6
2887.6
2887.7
2887.7
2887.7
2887.7
2887.7
2887.7
2887.7
2887.7
2887.7
2887.7
2887.8
2887.8
2887.9
2887.9
2887.9
2887.9
2888.0
2888.0
2888.0
2888.0
2888.0
2888.1
2888.1
2888.1
2888.2
2888.2
2888.2
2888.3
2888.4
2888.4
2888.4
2888.4
2888.5
2891.8
2891.8
2891.8
2891.8
2891.8
2891.9
2891.9
2891.9
2891.9
2891.9
2891.9
2891.9
2891.9
2891.9
2891.9
2891.9
2891.9
2891.9
2891.9
2891.9
2891.9
2891.9
2891.9
2891.9
2891.9
2891.9
2891.9
2891.9
2891.9
2891.9
2891.9
2891.9
2891.9
2891.9
2891.9
2891.9
2891.9
2892.0
2892.0
2892.0
2892.0
2892.0
2892.0
2892.0
2892.0
2892.0
2892.0
2892.0
2892.0
2892.0
2892.0
2892.0
2892.0
2892.0
2892.0
2892.0
2892.0
2892.0
2892.0
2892.1
2892.1
2892.1
2892.1
2892.1
2892.1
2892.1
2892.1
2892.1
2892.2
2892.2
2892.2
2892.3
2892.4
2892.5
2892.6
2892.6
2892.7
2892.7
2892.8
2892.9
2892.9
2893.1
2893.1
2893.2
2893.3
2893.3
2893.4
2893.4
2893.7
2893.7
2893.8
2893.9
2894.1
2894.3
2894.5
2894.5
2894.6
2894.8
2894.8
2894.8
2895.5
2895.5
2895.5
2895.5
2895.5
2895.6
2895.6
2895.6
2895.6
2895.6
2895.6
2895.6
2895.6
2895.6
2895.6
2895.7
2895.7
2895.7
2895.7
2895.7
2895.7
2895.7
2895.7
2895.7
2895.7
2895.7
2895.7
2895.7
2895.7
2895.8
2895.8
2895.8
2895.8
2895.8
2895.8
2895.8
2895.8
2895.8
2895.8
2895.8
2895.9
2895.9
2895.9
2895.9
2895.9
2895.9
2895.9
2895.9
2895.9
2896.0
2896.0
2896.0
2896.0
2896.0
2896.1
2896.1
2896.1
2896.1
2896.1
2896.1
2896.2
2896.3
2896.3
2896.3
2896.4
2896.4
2896.5
2896.5
2896.5
2896.6
2896.6
2896.6
2896.8
2896.9
2897.0
2897.2
2897.3
2897.7
2897.7
2897.7
2897.7
2897.9
2897.9
2898.0
2898.3
2898.6
2898.6
2898.7
2899.0
2899.3
2899.5
2899.7
2900.2
2900.2
2900.2
2900.3
2900.3
2900.3
2900.4
2900.4
2900.4
2900.5
2900.5
2900.5
2900.5
2900.5
2900.5
2900.6
2900.6
2900.6
2900.6
2900.6
2900.6
2900.6
2900.7
2900.7
2900.7
2900.7
2900.7
2900.7
2900.8
2900.8
2900.8
2900.8
2900.8
2900.8
2900.8
2900.9
2900.9
2900.9
2900.9
2900.9
2900.9
2901.0
2901.0
2901.0
2901.0
2901.0
2901.0
2901.0
2901.1
2901.1
2901.1
2901.2
2901.2
2901.2
2901.2
2901.3
2901.3
2901.3
2901.3
2901.3
2901.3
2901.4
2901.4
2901.5
2901.5
2901.6
2901.6
2901.7
2901.8
2901.8
2901.9
2902.0
2902.0
2902.0
2902.1
2902.2
2902.2
2902.5
2902.8
2902.8
2902.8
2902.9
2902.9
2903.7
2903.7
2904.3
2904.5
2904.5
2904.6
2904.6
2904.6
2905.1
2905.4
2906.5
2907.3
2907.5
2908.0
2908.3
2908.7
2909.4
2909.4
2909.4
2909.5
2909.6
2909.7
2909.8
2909.9
2909.9
2910.0
2910.1
2910.1
2910.2
2910.4
2910.4
2910.4
2910.5
2910.6
2910.7
2910.7
2911.0
2911.0
2911.0
2911.1
2911.3
2911.4
2911.4
2911.4
2911.4
2911.4
2911.5
2911.6
2911.6
2911.6
2911.6
2911.7
2911.7
2911.7
2911.8
2911.8
2911.8
2911.8
2911.9
2911.9
2912.0
2912.1
2912.2
2912.2
2912.2
2912.4
2912.5
2912.6
2912.8
2912.8
2912.9
2913.2
2913.2
2913.4
2913.4
2913.5
2913.9
2913.9
2914.0
2914.0
2914.1
2914.3
2914.4
2915.4
2915.4
2915.5
2915.7
2915.9
2916.0
2916.1
2916.3
2916.7
2918.9
2919.9
2920.3
2920.3
2920.5
2920.9
2921.0
2921.1
2922.2
2924.6
2925.2
2926.6
2927.0
2934.3
2939.6
2939.6
2939.6
2939.6
2939.6
2939.6
2939.6
2939.6
2939.6
2939.6
2939.7
2939.7
2939.7
2939.7
2939.7
2939.7
2939.7
2939.7
2939.7
2939.7
2939.7
2939.7
2939.7
2939.7
2939.7
2939.7
2939.7
2939.7
2939.7
2939.7
2939.7
2939.7
2939.7
2939.7
2939.7
2939.7
2939.7
2939.7
2939.7
2939.7
2939.7
2939.7
2939.7
2939.7
2939.7
2939.7
2939.7
2939.7
2939.7
2939.7
2939.7
2939.7
2939.7
2939.7
2939.7
2939.7
2939.8
2939.8
2939.8
2939.8
2939.8
2939.8
2939.8
2939.8
2939.8
2939.8
2939.8
2939.8
2939.8
2939.8
2939.8
2939.8
2939.8
2939.8
2939.8
2939.8
2939.9
2939.9
2939.9
2939.9
2940.0
2940.0
2940.0
2940.1
2940.1
2940.2
2940.2
2940.3
2940.3
2940.3
2940.4
2940.5
2940.5
2940.5
2940.7
2940.7
2940.9
2940.9
2941.0
2941.1
2946.6
2946.6
2946.6
2946.7
2946.8
2946.8
2946.8
2946.8
2946.8
2946.9
2946.9
2946.9
2946.9
2946.9
2946.9
2946.9
2946.9
2947.0
2947.0
2947.0
2947.0
2947.0
2947.0
2947.0
2947.0
2947.0
2947.1
2947.1
2947.1
2947.1
2947.1
2947.1
2947.1
2947.1
2947.2
2947.2
2947.2
2947.3
2947.3
2947.3
2947.3
2947.3
2947.3
2947.4
2947.4
2947.4
2947.4
2947.4
2947.4
2947.4
2947.4
2947.5
2947.5
2947.5
2947.6
2947.6
2947.6
2947.6
2947.6
2947.6
2947.7
2947.7
2947.7
2947.7
2947.7
2947.9
2947.9
2947.9
2948.0
2948.0
2948.0
2948.0
2948.1
2948.2
2948.2
2948.3
2948.5
2948.6
2948.9
2949.0
2949.4
2950.0
2950.0
2950.1
2950.6
2951.4
2951.6
2951.7
2951.8
2952.1
2952.7
2955.0
2955.3
2955.3
2958.0
2958.4
2959.5
2961.8
2962.9
2964.8
2964.9
2965.5
2966.2
2966.5
2966.6
2967.2
2967.3
2968.1
2968.3
2968.7
2968.7
2968.8
2968.9
2969.2
2969.4
2969.9
2970.6
2970.7
2970.9
2971.0
2972.3
2972.8
2972.8
2972.8
2973.0
2973.0
2973.7
2974.9
2975.0
2975.0
2977.7
2979.2
2991.1
