246.8
246.8
246.8
246.8
246.8
246.8
246.8
246.8
246.8
246.8
246.8
246.8
246.8
246.8
246.8
246.8
246.8
246.8
246.8
246.9
246.9
246.9
246.9
246.9
246.9
246.9
246.9
246.9
246.9
246.9
246.9
246.9
246.9
246.9
246.9
246.9
246.9
247.0
247.0
247.0
247.0
247.0
247.0
247.0
247.0
247.0
247.0
247.0
247.0
247.0
247.0
247.0
247.0
247.0
247.0
247.1
247.1
247.1
247.1
247.1
247.1
247.1
247.1
247.1
247.1
247.1
247.1
247.1
247.1
247.1
247.1
247.1
247.1
247.1
247.1
247.2
247.2
247.2
247.3
247.5
247.5
247.5
247.6
247.7
247.7
247.7
247.7
247.8
247.8
247.8
247.8
248.0
248.0
248.1
248.3
248.3
248.3
248.4
248.4
248.8
253.1
253.1
253.1
253.1
253.1
253.2
253.2
253.2
253.2
253.2
253.2
253.2
253.3
253.3
253.3
253.3
253.3
253.3
253.3
253.3
253.3
253.3
253.3
253.3
253.3
253.4
253.4
253.4
253.4
253.4
253.4
253.4
253.4
253.4
253.5
253.6
253.6
253.6
253.6
253.6
253.6
253.6
253.6
253.6
253.6
253.7
253.7
253.7
253.7
253.7
253.7
253.7
253.8
253.8
253.8
253.8
253.8
253.8
253.9
253.9
253.9
253.9
253.9
254.0
254.0
254.0
254.0
254.0
254.0
254.0
254.1
254.1
254.1
254.2
254.3
254.3
254.3
254.5
254.6
255.3
255.3
255.6
255.8
255.8
255.9
255.9
256.2
256.3
256.4
256.5
256.8
257.3
257.3
257.4
258.0
258.0
258.1
258.1
258.2
258.2
258.2
258.2
258.2
258.2
258.2
258.2
258.2
258.2
258.2
258.3
258.3
258.3
258.3
258.3
258.3
258.3
258.3
258.3
258.3
258.3
258.3
258.3
258.4
258.4
258.4
258.4
258.4
258.4
258.5
258.5
258.5
258.5
258.5
258.5
258.5
258.6
258.6
258.6
258.6
258.7
258.7
258.7
258.7
258.8
258.8
258.8
258.8
258.9
258.9
258.9
258.9
258.9
258.9
259.0
259.0
259.0
259.1
259.1
259.1
259.1
259.1
259.2
259.2
259.2
259.3
259.3
259.3
259.4
259.5
259.5
259.5
259.6
259.6
259.6
259.7
259.7
259.8
260.0
260.0
261.0
261.0
261.0
261.1
261.2
261.3
261.5
261.7
262.0
262.4
262.7
262.8
262.8
262.9
262.9
262.9
262.9
262.9
262.9
263.0
263.0
263.1
263.1
263.1
263.1
263.2
263.2
263.2
263.3
263.3
263.3
263.3
263.3
263.4
263.4
263.4
263.4
263.4
263.5
263.5
263.5
263.5
263.5
263.5
263.6
263.6
263.6
263.6
263.6
263.6
263.7
263.7
263.7
263.7
263.8
263.8
263.8
263.9
263.9
263.9
263.9
264.0
264.0
264.0
264.0
264.1
264.1
264.1
264.2
264.3
264.3
264.4
264.4
264.5
264.5
264.6
264.6
264.7
264.8
264.9
265.0
265.1
265.2
265.2
265.2
265.2
265.3
265.3
265.5
265.6
265.6
265.6
265.7
265.9
266.1
266.3
266.4
266.5
267.1
267.3
267.5
267.7
267.8
267.9
268.1
268.5
268.8
269.7
269.8
269.9
270.0
270.0
270.1
270.1
270.1
270.1
270.2
270.4
270.5
270.5
270.6
270.7
270.7
270.8
270.8
271.0
271.0
271.1
271.1
271.2
271.2
271.2
271.2
271.3
271.3
271.3
271.4
271.4
271.4
271.4
271.4
271.5
271.6
271.6
271.7
271.7
271.7
271.8
271.8
271.8
271.9
271.9
271.9
272.0
272.0
272.1
272.1
272.1
272.1
272.2
272.3
272.3
272.6
272.7
272.7
272.9
272.9
272.9
273.3
273.4
273.4
273.6
273.8
273.8
273.9
274.0
274.2
274.2
274.2
274.9
274.9
275.1
275.2
275.3
276.7
276.9
276.9
277.1
277.2
277.2
277.9
277.9
278.3
278.6
279.3
279.5
279.9
280.0
280.7
282.0
282.2
282.5
283.1
286.8
306.6
416.5
416.6
416.6
416.6
416.6
416.6
416.6
416.6
416.6
416.6
416.6
416.6
416.6
416.6
416.6
416.6
416.6
416.6
416.7
416.7
416.7
416.7
416.7
416.7
416.7
416.7
416.7
416.7
416.7
416.7
416.7
416.7
416.7
416.7
416.7
416.7
416.7
416.7
416.7
416.7
416.7
416.7
416.7
416.7
416.7
416.7
416.7
416.7
416.7
416.7
416.7
416.7
416.7
416.7
416.7
416.7
416.7
416.7
416.7
416.7
416.7
416.7
416.7
416.8
416.8
416.8
416.8
416.8
416.8
416.8
416.9
416.9
416.9
417.0
417.0
417.0
417.0
417.0
417.1
417.1
417.2
417.3
417.3
417.3
417.3
417.3
417.4
417.4
417.5
417.6
417.6
417.6
417.8
417.8
418.0
418.0
418.1
418.1
418.1
418.2
421.6
421.6
421.6
421.6
421.6
421.6
421.7
421.7
421.7
421.7
421.7
421.7
421.7
421.7
421.7
421.7
421.7
421.7
421.7
421.7
421.7
421.8
421.8
421.8
421.8
421.8
421.8
421.8
421.8
421.8
421.8
421.8
421.8
421.8
421.8
421.8
421.8
421.8
421.8
421.8
421.8
421.8
421.8
421.8
421.8
421.8
421.8
421.8
421.8
421.8
421.8
421.8
421.8
421.8
421.9
421.9
421.9
421.9
421.9
421.9
421.9
421.9
421.9
422.0
422.0
422.0
422.1
422.1
422.1
422.2
422.2
422.3
422.4
422.4
422.5
422.5
422.6
422.6
422.8
423.0
423.1
423.4
423.5
423.5
423.6
423.6
423.8
423.9
424.2
424.2
424.4
424.7
425.1
425.1
425.8
425.9
426.1
426.1
426.3
426.3
426.3
426.3
426.4
426.4
426.4
426.4
426.4
426.4
426.4
426.5
426.5
426.5
426.5
426.5
426.5
426.5
426.5
426.5
426.5
426.5
426.5
426.6
426.6
426.6
426.6
426.6
426.6
426.6
426.6
426.7
426.7
426.7
426.7
426.7
426.7
426.7
426.8
426.8
426.8
426.8
426.8
426.8
426.9
426.9
426.9
426.9
426.9
426.9
426.9
426.9
426.9
427.0
427.0
427.0
427.0
427.0
427.0
427.1
427.1
427.1
427.2
427.2
427.3
427.3
427.5
427.5
427.5
427.6
427.6
427.7
427.7
427.8
427.8
427.9
428.0
428.0
428.1
428.2
428.6
429.1
429.1
429.2
429.3
429.3
429.5
429.7
429.9
430.3
430.6
430.7
431.0
431.2
431.2
431.3
431.3
431.3
431.4
431.4
431.5
431.5
431.6
431.6
431.6
431.6
431.6
431.6
431.6
431.7
431.7
431.8
431.8
431.9
431.9
431.9
431.9
431.9
432.0
432.0
432.0
432.0
432.1
432.1
432.2
432.2
432.3
432.3
432.3
432.3
432.3
432.4
432.4
432.4
432.5
432.5
432.5
432.5
432.6
432.6
432.6
432.7
432.7
432.7
432.8
432.9
432.9
432.9
433.1
433.1
433.1
433.2
433.2
433.2
433.4
433.4
433.5
433.8
433.8
434.0
434.2
434.2
434.3
434.3
434.3
434.5
434.5
434.9
434.9
435.1
435.2
435.3
435.5
435.6
435.8
435.9
436.0
436.4
436.9
437.2
437.8
438.7
439.1
439.3
439.6
440.2
440.2
440.2
440.4
440.6
440.7
441.1
441.4
441.5
441.7
441.8
441.8
441.8
442.2
442.4
442.5
442.5
442.5
442.5
442.9
442.9
443.0
443.0
443.0
443.1
443.6
443.6
443.7
443.9
444.1
444.1
444.2
444.4
444.5
444.8
444.8
445.2
445.3
445.4
445.4
446.0
446.1
446.2
446.6
446.6
446.7
446.7
447.7
447.9
448.0
448.4
448.6
448.7
449.6
449.8
449.9
450.0
450.6
450.7
451.0
451.2
452.8
453.1
453.7
454.5
455.2
455.6
457.9
458.9
462.6
463.4
471.4
546.0
546.0
546.0
546.0
546.0
546.0
546.0
546.1
546.1
546.1
546.1
546.1
546.1
546.1
546.1
546.1
546.1
546.1
546.1
546.1
546.1
546.1
546.1
546.1
546.1
546.1
546.1
546.1
546.1
546.1
546.1
546.1
546.1
546.1
546.1
546.1
546.1
546.1
546.2
546.2
546.2
546.2
546.2
546.2
546.2
546.2
546.2
546.2
546.2
546.2
546.2
546.2
546.2
546.2
546.2
546.2
546.2
546.2
546.2
546.2
546.2
546.2
546.2
546.2
546.2
546.3
546.3
546.3
546.3
546.3
546.3
546.3
546.3
546.3
546.3
546.3
546.3
546.4
546.4
546.6
546.6
546.6
546.6
546.7
546.7
546.7
546.8
546.8
546.8
546.8
546.8
547.0
547.0
547.0
547.2
547.2
547.2
547.3
547.3
547.6
553.0
553.0
553.0
553.0
553.1
553.1
553.1
553.1
553.1
553.2
553.2
553.2
553.2
553.2
553.2
553.2
553.2
553.3
553.3
553.3
553.3
553.3
553.3
553.3
553.3
553.3
553.3
553.3
553.3
553.4
553.4
553.4
553.4
553.4
553.5
553.6
553.6
553.6
553.6
553.6
553.6
553.6
553.6
553.6
553.6
553.7
553.7
553.8
553.8
553.8
553.8
553.8
553.8
553.8
553.9
554.0
554.0
554.0
554.0
554.0
554.0
554.0
554.1
554.1
554.1
554.2
554.2
554.2
554.2
554.2
554.3
554.3
554.4
554.5
554.5
554.6
554.6
555.0
555.1
556.5
556.5
556.7
557.1
557.5
557.7
557.8
558.5
558.6
558.8
558.8
559.4
561.9
562.0
562.4
564.0
564.2
564.4
564.7
564.8
564.9
564.9
564.9
564.9
564.9
564.9
564.9
564.9
564.9
564.9
564.9
564.9
564.9
564.9
564.9
564.9
564.9
564.9
564.9
564.9
564.9
564.9
565.0
565.0
565.0
565.0
565.0
565.0
565.0
565.0
565.0
565.0
565.0
565.0
565.0
565.0
565.0
565.0
565.0
565.0
565.0
565.0
565.0
565.0
565.0
565.0
565.0
565.0
565.0
565.0
565.0
565.0
565.0
565.0
565.0
565.0
565.0
565.0
565.0
565.0
565.0
565.0
565.0
565.0
565.0
565.0
565.0
565.0
565.1
565.1
565.1
565.1
565.2
565.3
565.6
565.7
565.7
565.8
565.8
565.8
565.9
566.2
566.2
566.4
566.4
566.7
566.8
567.1
567.2
567.7
568.0
568.3
569.6
569.7
569.7
569.7
569.7
569.8
569.8
569.8
569.8
569.8
569.8
569.8
569.8
569.9
569.9
569.9
569.9
569.9
569.9
569.9
570.0
570.0
570.0
570.0
570.0
570.0
570.0
570.0
570.0
570.0
570.1
570.1
570.1
570.1
570.1
570.1
570.2
570.2
570.2
570.2
570.2
570.2
570.3
570.3
570.3
570.3
570.3
570.4
570.4
570.4
570.4
570.4
570.5
570.5
570.5
570.5
570.5
570.5
570.6
570.7
570.7
570.7
570.8
570.8
570.9
571.0
571.0
571.1
571.1
571.1
571.2
571.2
571.2
571.3
571.3
571.4
571.6
571.6
571.7
571.8
572.0
572.5
572.5
572.6
572.6
572.6
572.7
572.8
572.8
572.8
573.2
573.4
573.5
573.5
573.7
574.3
574.4
574.7
574.7
574.8
574.8
574.8
574.9
574.9
574.9
575.0
575.0
575.0
575.1
575.1
575.1
575.2
575.2
575.2
575.2
575.2
575.3
575.3
575.4
575.4
575.4
575.5
575.5
575.5
575.5
575.5
575.6
575.7
575.7
575.7
575.8
575.8
575.8
575.8
575.9
575.9
575.9
575.9
576.0
576.0
576.0
576.0
576.2
576.2
576.2
576.2
576.2
576.2
576.4
576.4
576.6
576.6
576.7
576.7
576.7
576.7
576.8
576.8
576.9
576.9
577.2
577.3
577.3
577.4
577.6
577.6
577.6
577.8
577.9
577.9
578.0
578.1
578.1
578.2
578.6
578.7
578.8
578.8
578.9
579.0
579.0
579.1
579.2
579.2
579.3
579.4
579.6
580.2
580.3
580.4
580.4
580.4
580.6
580.6
580.7
580.7
580.7
580.8
580.8
580.8
580.9
580.9
580.9
580.9
580.9
580.9
581.0
581.1
581.2
581.2
581.3
581.3
581.3
581.4
581.4
581.4
581.4
581.5
581.5
581.5
581.6
581.7
581.8
581.8
581.9
581.9
581.9
581.9
582.0
582.0
582.2
582.2
582.2
582.3
582.3
582.4
582.4
582.4
582.4
582.5
582.7
582.8
582.8
582.9
583.0
583.0
583.1
583.3
583.4
583.5
583.5
583.5
583.7
583.8
584.0
584.0
584.1
584.3
584.4
584.5
584.7
585.0
585.1
585.4
585.5
585.6
585.6
585.9
586.5
586.6
586.6
586.7
586.8
587.9
588.0
588.1
588.3
588.3
588.6
589.1
589.2
589.3
589.7
590.0
590.3
592.2
592.6
593.4
593.4
593.8
594.6
594.8
594.8
595.0
595.1
595.3
595.4
595.7
595.8
595.8
596.0
596.2
596.3
596.4
596.9
596.9
597.0
598.1
598.7
598.7
599.0
599.7
599.9
600.0
600.6
601.7
602.5
602.5
602.7
603.5
604.0
605.1
605.4
605.4
605.4
605.6
605.6
605.8
606.1
607.2
608.0
608.9
609.6
609.8
613.0
614.7
614.9
617.1
622.8
623.7
631.6
636.9
693.2
693.2
693.2
693.2
693.2
693.2
693.2
693.2
693.2
693.2
693.2
693.2
693.2
693.2
693.2
693.2
693.2
693.2
693.2
693.2
693.2
693.2
693.2
693.2
693.2
693.2
693.2
693.2
693.2
693.2
693.2
693.2
693.2
693.2
693.3
693.3
693.3
693.3
693.3
693.3
693.3
693.3
693.3
693.3
693.3
693.3
693.3
693.3
693.3
693.3
693.3
693.3
693.3
693.3
693.3
693.3
693.3
693.3
693.3
693.3
693.3
693.3
693.3
693.3
693.4
693.4
693.4
693.4
693.4
693.4
693.4
693.4
693.4
693.4
693.4
693.4
693.4
693.5
693.5
693.6
693.7
693.7
693.7
693.7
693.8
693.8
693.8
693.9
693.9
693.9
693.9
694.1
694.1
694.1
694.2
694.3
694.3
694.4
694.4
694.7
700.2
700.2
700.3
700.3
700.3
700.3
700.3
700.3
700.4
700.4
700.4
700.4
700.4
700.5
700.5
700.5
700.5
700.5
700.5
700.5
700.5
700.5
700.5
700.5
700.5
700.5
700.6
700.6
700.6
700.6
700.6
700.6
700.6
700.6
700.7
700.7
700.8
700.8
700.8
700.8
700.8
700.8
700.8
700.8
700.8
700.9
700.9
700.9
700.9
700.9
700.9
700.9
700.9
700.9
701.0
701.0
701.0
701.0
701.0
701.0
701.1
701.1
701.1
701.2
701.2
701.2
701.2
701.2
701.2
701.3
701.3
701.3
701.3
701.4
701.5
701.5
701.5
701.7
701.8
702.3
702.3
702.5
702.6
702.6
702.6
702.7
702.9
702.9
703.0
703.1
703.2
703.6
703.7
703.7
704.3
704.4
704.6
704.7
704.8
705.1
707.0
707.1
707.1
707.1
707.1
707.1
707.1
707.1
707.1
707.2
707.2
707.2
707.2
707.2
707.2
707.2
707.2
707.2
707.2
707.2
707.2
707.2
707.3
707.3
707.3
707.3
707.3
707.3
707.3
707.3
707.3
707.3
707.4
707.4
707.4
707.5
707.5
707.5
707.5
707.5
707.5
707.5
707.6
707.6
707.6
707.6
707.6
707.7
707.7
707.8
707.8
707.8
707.8
707.8
707.9
707.9
708.0
708.0
708.0
708.0
708.0
708.0
708.0
708.0
708.1
708.1
708.1
708.3
708.3
708.3
708.3
708.4
708.4
708.4
708.5
708.5
708.5
708.6
708.7
709.0
709.1
709.2
709.3
709.3
709.4
709.4
709.4
709.4
709.4
709.6
709.6
709.8
710.2
710.2
710.5
710.6
710.6
710.9
710.9
710.9
711.0
711.0
711.1
711.1
711.1
711.2
711.2
711.2
711.2
711.2
711.3
711.3
711.3
711.3
711.4
711.4
711.4
711.4
711.4
711.4
711.4
711.4
711.4
711.5
711.5
711.5
711.5
711.5
711.5
711.5
711.6
711.6
711.6
711.6
711.6
711.6
711.6
711.6
711.6
711.7
711.7
711.7
711.8
711.8
711.8
711.9
711.9
711.9
712.0
712.0
712.1
712.1
712.1
712.1
712.2
712.2
712.2
712.2
712.3
712.3
712.3
712.4
712.5
712.6
712.6
713.0
713.0
713.0
713.1
713.1
713.1
713.3
713.3
713.4
713.6
713.7
713.7
714.0
714.5
714.8
714.8
715.0
715.0
715.0
715.2
715.4
715.8
715.8
715.9
716.3
716.4
716.4
716.4
716.5
716.5
716.6
716.7
716.8
716.8
716.9
716.9
716.9
716.9
717.1
717.1
717.1
717.1
717.1
717.2
717.2
717.3
717.3
717.3
717.3
717.4
717.4
717.4
717.4
717.4
717.5
717.5
717.5
717.5
717.5
717.5
717.5
717.6
717.6
717.6
717.7
717.7
717.7
717.8
717.8
717.8
717.9
717.9
717.9
717.9
717.9
718.0
718.0
718.0
718.0
718.1
718.2
718.2
718.3
718.3
718.3
718.5
718.6
718.6
718.7
718.7
718.8
718.9
718.9
718.9
719.1
719.2
719.6
719.7
719.9
720.0
720.0
720.0
720.3
720.4
720.5
720.6
720.8
721.0
721.1
721.5
721.6
722.1
722.4
723.1
723.2
723.7
723.8
723.8
723.8
724.4
725.3
727.1
728.0
728.8
729.1
729.9
730.0
730.4
730.6
731.1
731.1
731.5
731.5
731.6
732.0
732.5
732.5
732.6
732.8
732.9
733.0
733.0
733.1
733.2
733.2
733.4
733.4
733.4
733.5
733.5
733.5
733.6
733.7
733.7
733.7
733.7
733.7
733.8
733.8
733.8
733.8
733.9
733.9
733.9
733.9
733.9
733.9
733.9
733.9
733.9
733.9
733.9
733.9
734.0
734.0
734.0
734.0
734.0
734.0
734.0
734.0
734.0
734.0
734.0
734.0
734.0
734.1
734.1
734.1
734.1
734.1
734.1
734.1
734.2
734.2
734.2
734.2
734.2
734.2
734.2
734.2
734.3
734.4
734.4
734.4
734.4
734.4
734.4
734.5
734.6
734.7
734.7
734.7
734.8
734.8
734.8
734.9
734.9
734.9
735.0
735.0
735.1
735.2
735.2
735.2
735.2
735.4
735.5
735.6
735.7
735.9
736.0
736.1
736.1
736.8
737.4
737.4
737.7
738.0
738.1
738.4
738.4
738.7
738.8
739.1
739.2
739.2
739.3
739.3
739.4
739.6
739.7
739.8
739.9
739.9
739.9
740.0
740.0
740.1
740.1
740.1
740.1
740.2
740.2
740.2
740.2
740.3
740.3
740.3
740.4
740.4
740.4
740.4
740.4
740.4
740.5
740.5
740.5
740.6
740.6
740.6
740.6
740.6
740.7
740.7
740.7
740.8
740.8
740.9
740.9
741.0
741.1
741.1
741.2
741.2
741.2
741.3
741.3
741.4
741.4
741.6
741.7
741.7
741.8
741.9
742.0
742.1
742.1
742.2
742.2
742.2
742.2
742.3
742.4
742.5
742.6
742.8
742.8
742.8
742.8
743.0
743.0
743.1
743.2
743.2
743.2
743.2
743.3
743.3
743.4
743.4
743.4
743.4
743.6
743.6
743.7
743.8
743.8
743.9
743.9
744.1
744.1
744.2
744.2
744.2
744.3
744.4
744.5
744.5
744.5
744.5
744.5
744.6
744.6
744.6
744.7
744.7
744.7
744.7
744.8
744.8
744.8
744.8
744.8
744.9
745.0
745.0
745.1
745.1
745.1
745.2
745.2
745.3
745.3
745.4
745.4
745.6
745.6
745.6
745.7
745.7
745.7
745.7
745.9
746.0
746.1
746.1
746.2
746.2
746.3
746.4
746.4
746.4
746.4
746.5
746.6
746.6
746.7
746.8
746.8
746.9
746.9
747.0
747.0
747.1
747.5
747.5
747.6
747.6
747.6
747.6
747.6
747.7
747.7
747.8
748.0
748.0
748.0
748.0
748.2
748.4
748.6
748.6
748.6
748.7
748.7
748.8
748.8
748.8
749.1
749.1
749.1
749.1
749.2
749.3
749.3
749.3
749.3
749.3
749.3
749.3
749.4
749.4
749.5
749.6
749.6
749.6
749.6
749.6
749.7
749.7
749.8
749.8
749.9
749.9
750.0
750.1
750.1
750.1
750.2
750.2
750.3
750.3
750.3
750.3
750.3
750.4
750.5
750.6
750.7
750.7
751.0
751.0
751.0
751.2
751.3
751.4
751.5
751.5
751.6
751.7
751.8
751.8
751.8
751.8
752.0
752.1
752.3
752.4
752.6
752.8
752.9
753.2
753.6
753.6
753.7
753.7
753.7
753.7
753.7
753.8
753.8
753.9
753.9
754.1
754.2
754.4
754.4
754.4
754.7
754.8
755.1
755.1
755.4
755.4
755.4
755.5
755.6
755.6
755.6
755.7
755.9
756.1
756.2
756.2
756.3
756.4
756.4
756.4
756.4
756.5
756.5
756.6
756.6
756.7
756.7
756.8
756.9
756.9
757.0
757.0
757.1
757.1
757.1
757.2
757.2
757.2
757.3
757.4
757.4
757.4
757.4
757.4
757.4
757.4
757.4
757.4
757.5
757.5
757.5
757.5
757.6
757.6
757.6
757.7
757.8
757.8
757.9
757.9
758.0
758.0
758.0
758.0
758.1
758.1
758.1
758.2
758.2
758.2
758.3
758.3
758.4
758.5
758.5
758.5
758.7
758.7
758.7
758.7
758.8
758.8
758.9
759.0
759.1
759.1
759.2
759.2
759.2
759.2
759.3
759.4
759.4
759.4
759.6
759.6
759.9
760.0
760.1
760.2
760.2
760.4
760.6
760.6
760.7
760.7
760.7
761.1
761.2
761.3
761.3
761.3
761.7
761.8
761.8
761.9
761.9
762.1
762.1
762.2
762.2
762.2
762.3
762.5
762.9
762.9
763.0
763.0
763.0
763.1
763.1
763.1
763.2
763.3
763.5
763.5
763.6
763.6
763.7
763.7
763.8
763.8
763.9
764.0
764.0
764.2
764.2
764.2
764.2
764.3
764.3
764.3
764.4
764.5
764.6
764.6
764.7
764.7
764.7
764.8
764.8
764.9
765.1
765.1
765.1
765.2
765.3
765.4
765.4
765.4
765.5
765.7
765.7
765.8
766.0
766.2
766.2
766.3
766.5
766.8
767.2
767.3
767.6
767.7
767.7
767.9
768.1
768.2
768.4
768.6
768.9
769.0
769.0
769.1
769.4
769.4
769.5
769.6
770.2
770.7
770.7
770.7
770.8
771.3
771.7
771.8
771.9
772.5
773.6
773.8
774.0
775.1
775.9
776.0
776.2
776.5
776.8
776.8
777.8
777.8
777.8
778.0
778.5
778.9
779.2
779.3
779.9
780.2
780.2
780.3
780.5
780.5
780.5
780.8
781.6
781.7
782.3
782.6
783.1
783.6
783.8
785.4
791.8
792.8
798.9
799.0
808.5
886.8
886.8
886.8
886.8
886.8
886.8
886.8
886.8
886.8
886.8
886.8
886.8
886.8
886.8
886.8
886.8
886.8
886.8
886.8
886.8
886.8
886.8
886.8
886.8
886.8
886.9
886.9
886.9
886.9
886.9
886.9
886.9
886.9
886.9
886.9
886.9
886.9
886.9
886.9
886.9
886.9
886.9
886.9
886.9
886.9
886.9
886.9
886.9
886.9
886.9
886.9
886.9
886.9
886.9
886.9
886.9
886.9
886.9
886.9
886.9
886.9
886.9
886.9
886.9
886.9
887.0
887.0
887.0
887.0
887.0
887.0
887.0
887.1
887.1
887.1
887.2
887.2
887.2
887.2
887.3
887.3
887.3
887.3
887.3
887.3
887.4
887.5
887.6
887.6
887.7
887.8
887.8
888.0
888.0
888.0
888.1
888.2
888.2
888.2
888.3
890.8
890.8
890.8
890.8
890.8
890.8
890.8
890.8
890.8
890.8
890.8
890.8
890.8
890.8
890.8
890.8
890.8
890.8
890.8
890.8
890.8
890.8
890.8
890.8
890.8
890.8
890.8
890.8
890.9
890.9
890.9
890.9
890.9
890.9
890.9
890.9
890.9
890.9
890.9
890.9
890.9
890.9
890.9
890.9
890.9
890.9
890.9
890.9
890.9
890.9
890.9
890.9
890.9
890.9
890.9
890.9
890.9
890.9
890.9
890.9
890.9
890.9
890.9
891.0
891.0
891.0
891.0
891.0
891.0
891.0
891.1
891.1
891.1
891.5
891.6
891.6
891.6
891.6
891.7
891.8
891.8
891.9
892.0
892.0
892.2
892.2
892.5
892.6
892.8
893.0
893.1
893.2
893.6
893.6
894.1
894.1
894.1
894.2
894.3
894.3
894.3
894.3
894.4
894.4
894.4
894.4
894.4
894.4
894.4
894.4
894.4
894.5
894.5
894.5
894.5
894.5
894.5
894.5
894.5
894.5
894.5
894.5
894.5
894.5
894.5
894.5
894.5
894.5
894.5
894.5
894.5
894.5
894.5
894.5
894.6
894.6
894.6
894.6
894.6
894.6
894.6
894.6
894.6
894.6
894.7
894.7
894.7
894.7
894.7
894.7
894.7
894.7
894.7
894.7
894.7
894.8
894.8
894.9
894.9
894.9
894.9
894.9
894.9
895.0
895.0
895.0
895.0
895.1
895.1
895.1
895.3
895.3
895.3
895.7
895.7
896.0
896.1
896.2
896.2
896.4
896.5
896.5
896.5
896.6
897.0
897.3
897.6
897.8
898.2
898.6
898.6
898.6
898.6
898.6
898.7
898.8
898.8
898.8
898.8
898.8
898.8
898.9
898.9
898.9
898.9
898.9
898.9
899.0
899.0
899.0
899.0
899.0
899.0
899.0
899.0
899.0
899.0
899.1
899.1
899.1
899.1
899.1
899.1
899.2
899.2
899.2
899.2
899.2
899.2
899.2
899.3
899.3
899.3
899.3
899.3
899.4
899.4
899.4
899.5
899.5
899.5
899.5
899.5
899.6
899.6
899.6
899.6
899.7
899.7
899.7
899.8
899.8
899.8
899.8
899.9
899.9
900.0
900.1
900.1
900.1
900.2
900.3
900.3
900.3
900.3
900.5
900.6
900.7
900.8
901.0
901.1
901.1
901.2
901.5
901.8
902.0
902.0
902.4
902.4
902.5
902.5
902.6
902.6
903.3
903.4
905.1
905.2
905.4
905.7
905.8
905.9
906.1
906.1
906.2
906.3
906.3
906.3
906.3
906.3
906.3
906.5
906.5
906.5
906.7
906.7
906.7
906.8
906.8
906.9
907.0
907.0
907.0
907.0
907.0
907.1
907.2
907.2
907.3
907.3
907.5
907.5
907.6
907.6
907.6
907.7
907.7
907.7
907.8
907.8
907.8
907.8
907.8
908.1
908.2
908.2
908.3
908.3
908.3
908.3
908.4
908.5
908.5
908.6
908.6
908.7
908.8
909.2
909.3
909.3
909.4
909.4
909.5
909.5
909.7
909.8
909.9
910.1
910.2
910.3
910.3
910.3
911.0
911.1
911.2
911.2
911.8
911.8
911.9
912.0
912.1
912.3
912.5
912.6
912.6
913.0
913.2
913.3
913.3
913.6
913.6
914.0
914.1
915.4
916.0
916.1
916.2
916.3
916.3
916.5
916.6
916.6
916.7
916.8
916.8
916.8
916.8
917.1
917.1
917.3
917.3
917.5
917.6
917.6
917.6
917.6
917.6
917.7
917.8
918.0
918.0
918.0
918.7
918.8
919.0
919.0
919.0
919.3
919.3
919.4
919.6
919.7
920.2
920.4
920.5
920.7
921.0
921.6
921.7
921.9
922.0
922.6
922.7
922.7
923.6
924.0
924.1
924.1
924.2
924.4
924.8
925.0
925.1
925.8
927.5
927.5
927.8
928.4
928.4
928.6
928.7
928.8
928.8
928.9
928.9
929.0
929.1
929.1
929.1
929.2
929.2
929.2
929.4
929.6
929.6
929.6
929.7
929.7
929.8
929.8
929.8
929.9
929.9
930.0
930.0
930.0
930.0
930.0
930.0
930.0
930.0
930.0
930.0
930.1
930.1
930.1
930.1
930.1
930.1
930.1
930.1
930.1
930.1
930.1
930.1
930.1
930.2
930.2
930.2
930.2
930.2
930.2
930.2
930.2
930.2
930.2
930.2
930.2
930.3
930.3
930.3
930.3
930.4
930.4
930.4
930.4
930.4
930.4
930.5
930.5
930.5
930.5
930.5
930.5
930.6
930.6
930.7
930.8
930.8
930.9
930.9
931.0
931.0
931.1
931.1
931.2
931.3
931.5
931.5
931.5
931.5
931.7
931.8
931.8
932.2
932.2
932.3
932.6
932.8
932.8
932.9
933.0
933.0
933.0
933.0
933.2
933.2
933.2
933.2
933.4
933.4
933.6
933.7
934.0
934.0
934.0
934.1
934.1
934.1
934.2
934.3
934.3
934.3
934.3
934.3
934.3
934.4
934.4
934.4
934.4
934.4
934.4
934.4
934.4
934.4
934.4
934.4
934.5
934.5
934.5
934.5
934.5
934.5
934.5
934.5
934.5
934.5
934.5
934.6
934.6
934.6
934.6
934.6
934.6
934.6
934.6
934.7
934.7
934.7
934.7
934.8
934.8
934.8
934.8
934.8
934.8
934.8
934.9
934.9
934.9
935.0
935.0
935.1
935.1
935.1
935.1
935.2
935.3
935.4
935.4
935.4
935.4
935.7
936.0
936.0
936.0
936.1
936.1
936.1
936.2
936.2
936.3
936.4
936.4
936.5
936.5
936.6
936.7
936.7
936.7
936.7
936.7
936.7
936.7
936.8
936.8
937.0
937.1
937.1
937.1
937.2
937.5
937.5
937.6
937.6
937.7
937.7
937.8
937.8
937.8
937.8
937.9
937.9
937.9
937.9
937.9
937.9
937.9
937.9
937.9
937.9
937.9
937.9
938.0
938.0
938.0
938.0
938.1
938.1
938.1
938.1
938.1
938.1
938.2
938.2
938.2
938.2
938.2
938.3
938.3
938.3
938.4
938.4
938.4
938.5
938.5
938.5
938.5
938.5
938.6
938.6
938.6
938.6
938.6
938.7
938.7
938.7
938.7
938.7
938.9
939.0
939.0
939.0
939.2
939.2
939.3
939.3
939.3
939.4
939.5
939.8
940.1
940.2
940.2
940.3
940.4
940.5
940.7
940.8
940.8
941.0
941.1
941.1
941.2
941.2
941.2
941.2
941.2
941.3
941.5
941.5
941.6
941.7
941.7
941.8
941.9
941.9
941.9
942.0
942.0
942.1
942.1
942.2
942.3
942.3
942.3
942.4
942.4
942.4
942.4
942.4
942.4
942.4
942.4
942.5
942.5
942.5
942.5
942.5
942.5
942.6
942.6
942.6
942.6
942.7
942.7
942.7
942.7
942.8
942.8
942.9
942.9
942.9
942.9
943.0
943.0
943.1
943.2
943.3
943.3
943.3
943.4
943.5
943.5
943.5
943.5
943.6
943.6
943.6
943.6
943.8
943.8
944.0
944.1
944.1
944.2
944.2
944.2
944.2
944.3
944.4
944.5
944.5
944.5
944.7
944.8
945.0
945.2
945.2
945.8
946.1
946.4
946.5
946.9
947.2
947.5
947.7
947.8
947.8
947.9
948.3
948.4
948.4
948.4
948.5
948.6
948.6
948.6
948.8
949.1
949.1
949.4
949.4
949.5
949.9
949.9
950.0
950.1
950.1
950.2
950.3
950.3
950.3
950.3
950.4
950.4
950.4
950.5
950.5
950.6
950.8
950.9
950.9
951.1
951.1
951.2
951.3
951.3
951.4
951.5
951.5
951.7
951.8
951.8
951.9
952.1
952.1
952.2
952.3
952.4
952.6
952.8
952.8
952.9
953.3
953.4
953.4
953.5
953.6
954.3
954.4
954.4
954.7
954.8
954.8
954.8
955.0
956.4
956.5
956.8
956.8
957.0
957.2
957.4
957.5
958.8
958.9
958.9
959.1
960.2
960.3
960.9
962.3
965.2
969.5
971.7
971.7
974.9
975.2
975.2
975.7
975.8
975.9
975.9
975.9
976.0
976.1
976.2
976.2
976.4
976.5
976.5
976.6
976.6
976.7
976.7
976.9
977.0
977.0
977.0
977.1
977.1
977.1
977.2
977.2
977.3
977.3
977.4
977.4
977.4
977.5
977.5
977.5
977.6
977.7
977.7
977.7
977.7
977.8
977.8
977.8
977.8
977.8
977.8
977.9
978.0
978.0
978.1
978.1
978.3
978.6
978.8
979.2
979.3
979.3
979.3
979.3
979.5
979.5
979.7
979.7
979.8
979.8
980.2
980.5
980.6
980.9
981.2
981.3
981.3
981.4
981.6
981.8
982.2
982.7
983.0
984.4
984.7
984.9
985.2
987.7
990.7
993.1
993.5
994.9
997.1
1001.7
1092.0
1092.0
1092.0
1092.0
1092.0
1092.0
1092.0
1092.1
1092.1
1092.1
1092.1
1092.1
1092.1
1092.1
1092.1
1092.1
1092.1
1092.1
1092.1
1092.1
1092.1
1092.1
1092.1
1092.1
1092.1
1092.2
1092.2
1092.2
1092.2
1092.2
1092.2
1092.2
1092.2
1092.2
1092.2
1092.2
1092.2
1092.3
1092.3
1092.3
1092.3
1092.3
1092.3
1092.3
1092.3
1092.3
1092.3
1092.3
1092.3
1092.3
1092.3
1092.3
1092.3
1092.3
1092.3
1092.3
1092.3
1092.3
1092.3
1092.3
1092.3
1092.3
1092.3
1092.3
1092.3
1092.3
1092.4
1092.4
1092.4
1092.4
1092.4
1092.4
1092.4
1092.5
1092.5
1092.5
1092.5
1092.6
1092.6
1092.6
1092.6
1092.6
1092.6
1092.7
1092.7
1092.7
1092.8
1092.8
1092.8
1092.9
1092.9
1092.9
1093.0
1093.0
1093.1
1093.1
1093.2
1093.2
1093.2
1093.2
1095.7
1095.8
1095.8
1095.8
1095.8
1095.9
1095.9
1095.9
1095.9
1095.9
1095.9
1095.9
1095.9
1095.9
1095.9
1096.0
1096.0
1096.0
1096.0
1096.0
1096.0
1096.0
1096.0
1096.0
1096.0
1096.0
1096.0
1096.0
1096.0
1096.1
1096.1
1096.1
1096.1
1096.1
1096.1
1096.1
1096.1
1096.1
1096.2
1096.2
1096.2
1096.2
1096.2
1096.2
1096.2
1096.2
1096.2
1096.2
1096.2
1096.2
1096.2
1096.2
1096.2
1096.2
1096.2
1096.2
1096.2
1096.3
1096.3
1096.3
1096.3
1096.3
1096.3
1096.3
1096.3
1096.3
1096.3
1096.3
1096.4
1096.4
1096.4
1096.4
1096.5
1096.8
1096.8
1096.8
1096.8
1096.9
1097.0
1097.0
1097.0
1097.1
1097.1
1097.2
1097.3
1097.3
1097.5
1097.5
1097.7
1097.8
1097.8
1097.9
1098.1
1098.2
1098.5
1098.5
1098.5
1098.6
1098.7
1098.8
1099.2
1099.4
1099.4
1099.4
1099.4
1099.4
1099.5
1099.5
1099.5
1099.5
1099.5
1099.5
1099.5
1099.5
1099.5
1099.5
1099.5
1099.5
1099.5
1099.6
1099.6
1099.6
1099.6
1099.6
1099.6
1099.6
1099.6
1099.6
1099.6
1099.7
1099.7
1099.7
1099.7
1099.7
1099.7
1099.7
1099.8
1099.8
1099.8
1099.8
1099.8
1099.8
1099.8
1099.8
1099.8
1099.8
1099.9
1099.9
1099.9
1099.9
1099.9
1099.9
1099.9
1099.9
1099.9
1099.9
1099.9
1099.9
1100.0
1100.0
1100.0
1100.0
1100.0
1100.0
1100.1
1100.1
1100.1
1100.3
1100.3
1100.4
1100.4
1100.5
1100.6
1100.9
1100.9
1101.2
1101.2
1101.2
1101.3
1101.5
1101.5
1101.6
1101.6
1101.6
1101.8
1102.2
1102.3
1102.5
1102.9
1103.1
1103.1
1103.3
1103.6
1103.8
1103.9
1103.9
1103.9
1104.0
1104.0
1104.0
1104.0
1104.0
1104.0
1104.0
1104.0
1104.0
1104.1
1104.1
1104.1
1104.1
1104.1
1104.2
1104.2
1104.2
1104.2
1104.2
1104.2
1104.3
1104.3
1104.3
1104.3
1104.3
1104.3
1104.3
1104.3
1104.4
1104.4
1104.4
1104.4
1104.4
1104.5
1104.5
1104.5
1104.5
1104.5
1104.6
1104.6
1104.6
1104.6
1104.6
1104.6
1104.7
1104.8
1104.8
1104.8
1104.8
1104.8
1104.8
1104.8
1104.8
1104.8
1104.9
1104.9
1104.9
1104.9
1104.9
1105.0
1105.0
1105.0
1105.0
1105.1
1105.1
1105.1
1105.2
1105.3
1105.3
1105.5
1105.5
1105.5
1105.8
1105.8
1106.3
1106.5
1106.6
1106.7
1107.2
1107.4
1107.5
1107.5
1107.5
1107.7
1107.9
1107.9
1108.2
1109.0
1109.8
1109.9
1110.7
1110.8
1111.1
1111.3
1111.4
1111.4
1111.5
1111.6
1111.7
1111.8
1111.8
1111.9
1111.9
1111.9
1112.0
1112.0
1112.0
1112.1
1112.2
1112.2
1112.3
1112.4
1112.5
1112.5
1112.5
1112.6
1112.7
1112.7
1112.8
1112.8
1112.8
1112.8
1112.8
1112.9
1112.9
1112.9
1113.1
1113.1
1113.2
1113.2
1113.6
1113.8
1114.0
1114.0
1114.0
1114.1
1114.1
1114.2
1114.3
1114.3
1114.4
1114.4
1114.4
1114.5
1114.6
1114.6
1114.8
1114.8
1114.8
1115.0
1115.0
1115.0
1115.0
1115.1
1115.1
1115.1
1115.3
1115.5
1115.5
1115.7
1116.0
1116.1
1116.3
1117.0
1117.1
1117.2
1117.2
1117.4
1117.4
1117.7
1119.3
1119.8
1121.5
1121.7
1121.8
1122.9
1128.0
1128.9
1130.1
1130.3
1132.3
1136.0
1138.4
1138.5
1138.9
1139.1
1139.3
1139.4
1139.4
1139.4
1139.4
1139.4
1139.4
1139.4
1139.4
1139.4
1139.4
1139.4
1139.4
1139.4
1139.4
1139.4
1139.4
1139.4
1139.4
1139.4
1139.4
1139.4
1139.4
1139.4
1139.4
1139.4
1139.5
1139.5
1139.5
1139.5
1139.5
1139.5
1139.5
1139.5
1139.5
1139.5
1139.5
1139.5
1139.5
1139.5
1139.5
1139.5
1139.5
1139.5
1139.5
1139.5
1139.5
1139.5
1139.5
1139.5
1139.5
1139.5
1139.5
1139.5
1139.5
1139.5
1139.5
1139.5
1139.5
1139.5
1139.5
1139.5
1139.5
1139.5
1139.5
1139.6
1139.6
1139.6
1139.6
1139.6
1139.6
1139.6
1139.6
1139.7
1139.7
1139.8
1139.8
1139.8
1139.8
1139.9
1139.9
1140.0
1140.0
1140.0
1140.1
1140.1
1140.2
1140.4
1140.4
1140.6
1140.7
1140.7
1140.7
1140.8
1141.0
1141.1
1143.4
1143.7
1144.0
1144.1
1144.1
1144.1
1144.1
1144.1
1144.1
1144.1
1144.1
1144.1
1144.1
1144.1
1144.1
1144.1
1144.1
1144.1
1144.1
1144.1
1144.1
1144.1
1144.1
1144.1
1144.1
1144.1
1144.2
1144.2
1144.2
1144.2
1144.2
1144.2
1144.2
1144.2
1144.2
1144.2
1144.2
1144.2
1144.2
1144.2
1144.2
1144.2
1144.2
1144.2
1144.2
1144.2
1144.2
1144.2
1144.2
1144.2
1144.2
1144.2
1144.2
1144.2
1144.2
1144.2
1144.2
1144.2
1144.2
1144.2
1144.2
1144.2
1144.2
1144.2
1144.2
1144.2
1144.2
1144.2
1144.2
1144.3
1144.3
1144.3
1144.3
1144.3
1144.3
1144.4
1144.4
1144.5
1144.7
1144.7
1144.8
1144.9
1144.9
1144.9
1145.0
1145.2
1145.2
1145.4
1145.5
1145.6
1145.7
1146.0
1146.0
1146.1
1146.5
1146.5
1146.6
1146.6
1146.8
1146.9
1147.6
1147.6
1147.7
1147.7
1147.7
1147.7
1147.7
1147.7
1147.7
1147.7
1147.7
1147.7
1147.7
1147.7
1147.7
1147.7
1147.7
1147.8
1147.8
1147.8
1147.8
1147.8
1147.8
1147.8
1147.8
1147.8
1147.8
1147.8
1147.8
1147.8
1147.8
1147.8
1147.8
1147.9
1147.9
1147.9
1147.9
1147.9
1147.9
1147.9
1147.9
1148.0
1148.0
1148.0
1148.0
1148.0
1148.0
1148.0
1148.0
1148.0
1148.0
1148.0
1148.0
1148.0
1148.1
1148.1
1148.1
1148.1
1148.1
1148.1
1148.1
1148.1
1148.2
1148.2
1148.2
1148.2
1148.3
1148.3
1148.3
1148.4
1148.4
1148.4
1148.5
1148.6
1148.7
1148.7
1148.7
1148.9
1148.9
1149.2
1149.4
1149.4
1149.5
1149.7
1150.1
1150.1
1150.4
1150.6
1150.9
1151.0
1151.3
1151.3
1152.0
1152.1
1152.1
1152.2
1152.2
1152.2
1152.3
1152.3
1152.3
1152.3
1152.3
1152.3
1152.4
1152.4
1152.4
1152.4
1152.4
1152.4
1152.4
1152.5
1152.5
1152.5
1152.5
1152.5
1152.6
1152.6
1152.6
1152.6
1152.6
1152.6
1152.7
1152.7
1152.7
1152.7
1152.7
1152.7
1152.7
1152.8
1152.8
1152.8
1152.8
1152.8
1152.8
1152.9
1152.9
1152.9
1152.9
1152.9
1153.0
1153.0
1153.1
1153.1
1153.1
1153.1
1153.1
1153.1
1153.2
1153.2
1153.2
1153.2
1153.2
1153.3
1153.3
1153.3
1153.3
1153.3
1153.4
1153.4
1153.4
1153.6
1153.6
1153.7
1153.8
1153.8
1153.8
1153.8
1154.0
1154.1
1154.3
1154.3
1154.5
1154.6
1154.7
1154.8
1154.9
1155.0
1155.0
1155.9
1155.9
1156.0
1156.4
1156.5
1157.7
1158.5
1158.7
1159.5
1159.5
1159.6
1160.1
1160.4
1160.4
1160.4
1160.4
1160.5
1160.5
1160.6
1160.7
1160.7
1160.9
1161.0
1161.0
1161.1
1161.2
1161.3
1161.3
1161.4
1161.4
1161.4
1161.5
1161.6
1161.7
1161.8
1161.8
1162.1
1162.1
1162.2
1162.2
1162.3
1162.4
1162.4
1162.4
1162.4
1162.5
1162.5
1162.6
1162.6
1162.7
1162.8
1162.8
1163.0
1163.1
1163.1
1163.1
1163.1
1163.1
1163.1
1163.2
1163.4
1163.4
1163.4
1163.5
1163.6
1163.6
1163.8
1163.8
1163.9
1163.9
1164.0
1164.0
1164.1
1164.1
1164.2
1164.3
1164.4
1164.5
1164.6
1164.6
1164.6
1164.6
1164.7
1164.7
1164.8
1164.9
1165.0
1165.0
1165.0
1165.1
1165.1
1165.2
1165.2
1165.6
1165.7
1165.8
1165.9
1166.2
1166.5
1166.6
1166.9
1166.9
1167.7
1167.8
1168.2
1168.2
1168.5
1168.5
1168.5
1168.6
1168.6
1168.7
1168.8
1168.8
1168.9
1168.9
1169.0
1169.2
1169.2
1169.4
1169.5
1169.5
1169.6
1169.6
1169.7
1169.8
1169.8
1169.9
1170.0
1170.0
1170.1
1170.2
1170.6
1170.8
1171.0
1171.2
1171.2
1171.3
1171.4
1171.5
1171.7
1171.8
1171.9
1172.3
1172.4
1172.6
1172.7
1172.7
1172.8
1173.2
1173.6
1174.0
1174.1
1174.2
1174.9
1175.1
1175.1
1175.2
1176.0
1176.3
1176.6
1176.7
1177.5
1177.6
1178.0
1178.2
1178.7
1179.1
1179.3
1179.5
1180.0
1183.5
1184.0
1185.5
1186.2
1188.3
1191.1
1191.2
1197.4
1199.7
1208.9
1299.5
1299.5
1299.5
1299.5
1299.5
1299.5
1299.5
1299.5
1299.5
1299.5
1299.5
1299.5
1299.5
1299.5
1299.5
1299.5
1299.5
1299.5
1299.5
1299.5
1299.5
1299.5
1299.5
1299.5
1299.5
1299.5
1299.5
1299.5
1299.5
1299.5
1299.5
1299.5
1299.5
1299.5
1299.5
1299.5
1299.5
1299.5
1299.5
1299.5
1299.5
1299.5
1299.5
1299.5
1299.5
1299.5
1299.5
1299.5
1299.5
1299.5
1299.5
1299.5
1299.5
1299.6
1299.6
1299.6
1299.6
1299.6
1299.6
1299.6
1299.6
1299.6
1299.6
1299.6
1299.6
1299.6
1299.6
1299.6
1299.6
1299.6
1299.6
1299.6
1299.6
1299.7
1299.7
1299.7
1299.7
1299.7
1299.7
1299.8
1299.8
1299.8
1299.8
1299.8
1299.9
1299.9
1299.9
1299.9
1300.0
1300.0
1300.0
1300.0
1300.1
1300.1
1300.2
1300.2
1300.3
1300.3
1300.3
1300.3
1303.4
1303.4
1303.4
1303.4
1303.4
1303.4
1303.4
1303.4
1303.4
1303.4
1303.4
1303.4
1303.4
1303.4
1303.5
1303.5
1303.5
1303.5
1303.5
1303.5
1303.5
1303.5
1303.5
1303.5
1303.5
1303.5
1303.5
1303.5
1303.5
1303.5
1303.5
1303.5
1303.5
1303.5
1303.5
1303.5
1303.5
1303.5
1303.5
1303.5
1303.5
1303.5
1303.5
1303.5
1303.5
1303.5
1303.5
1303.5
1303.5
1303.5
1303.5
1303.5
1303.5
1303.5
1303.5
1303.5
1303.5
1303.5
1303.5
1303.5
1303.5
1303.5
1303.5
1303.5
1303.5
1303.5
1303.5
1303.5
1303.6
1303.6
1303.6
1303.6
1303.7
1303.9
1303.9
1303.9
1304.0
1304.0
1304.1
1304.1
1304.2
1304.3
1304.3
1304.4
1304.5
1304.5
1304.5
1304.6
1304.9
1304.9
1304.9
1305.0
1305.3
1305.3
1305.6
1305.6
1305.7
1305.7
1305.8
1305.9
1306.9
1306.9
1306.9
1306.9
1306.9
1306.9
1306.9
1306.9
1307.0
1307.0
1307.0
1307.0
1307.0
1307.0
1307.0
1307.0
1307.0
1307.0
1307.0
1307.0
1307.0
1307.0
1307.0
1307.0
1307.0
1307.0
1307.0
1307.0
1307.1
1307.1
1307.1
1307.1
1307.1
1307.1
1307.1
1307.1
1307.1
1307.1
1307.1
1307.1
1307.1
1307.1
1307.1
1307.1
1307.2
1307.2
1307.2
1307.2
1307.2
1307.2
1307.2
1307.2
1307.2
1307.2
1307.2
1307.2
1307.2
1307.3
1307.3
1307.3
1307.4
1307.4
1307.4
1307.4
1307.4
1307.5
1307.5
1307.5
1307.5
1307.5
1307.6
1307.7
1307.8
1307.9
1308.0
1308.2
1308.3
1308.5
1308.5
1308.5
1308.6
1308.7
1308.7
1308.8
1309.0
1309.3
1309.3
1309.4
1309.8
1310.1
1310.2
1310.2
1310.9
1310.9
1311.2
1311.3
1311.3
1311.3
1311.3
1311.4
1311.4
1311.4
1311.5
1311.5
1311.5
1311.5
1311.5
1311.5
1311.5
1311.5
1311.5
1311.5
1311.6
1311.6
1311.6
1311.6
1311.6
1311.6
1311.6
1311.6
1311.6
1311.6
1311.7
1311.7
1311.7
1311.7
1311.7
1311.8
1311.8
1311.8
1311.8
1311.8
1311.8
1311.8
1311.8
1311.8
1311.8
1311.9
1311.9
1311.9
1311.9
1311.9
1312.0
1312.0
1312.0
1312.0
1312.0
1312.0
1312.0
1312.1
1312.1
1312.1
1312.1
1312.2
1312.2
1312.2
1312.3
1312.3
1312.3
1312.3
1312.3
1312.3
1312.4
1312.4
1312.5
1312.5
1312.5
1312.6
1312.7
1312.8
1313.1
1313.2
1313.3
1313.3
1313.4
1314.0
1314.0
1314.3
1314.4
1314.5
1314.5
1314.6
1314.7
1315.1
1315.3
1316.3
1316.5
1317.1
1317.3
1317.7
1318.5
1318.6
1319.0
1319.0
1319.0
1319.2
1319.2
1319.3
1319.3
1319.4
1319.4
1319.5
1319.6
1319.6
1319.6
1319.7
1319.7
1319.7
1319.8
1319.8
1319.8
1320.0
1320.0
1320.1
1320.2
1320.2
1320.2
1320.3
1320.3
1320.4
1320.5
1320.6
1320.6
1320.6
1320.6
1320.6
1320.7
1320.7
1320.8
1320.8
1320.8
1320.9
1320.9
1320.9
1321.0
1321.1
1321.1
1321.2
1321.2
1321.3
1321.3
1321.4
1321.5
1321.5
1321.6
1321.7
1321.7
1321.8
1321.8
1321.9
1321.9
1322.0
1322.2
1322.3
1322.8
1322.8
1323.1
1323.3
1323.4
1323.4
1323.4
1323.6
1323.6
1323.7
1323.7
1324.6
1324.8
1326.5
1326.7
1326.8
1327.1
1327.1
1327.1
1329.8
1332.0
1332.8
1333.2
1335.2
1336.4
1336.5
1338.9
1342.8
1346.0
1346.1
1346.1
1346.1
1346.1
1346.1
1346.1
1346.1
1346.1
1346.1
1346.1
1346.1
1346.1
1346.1
1346.1
1346.1
1346.1
1346.1
1346.1
1346.1
1346.1
1346.1
1346.1
1346.1
1346.2
1346.2
1346.2
1346.2
1346.2
1346.2
1346.2
1346.2
1346.2
1346.2
1346.2
1346.2
1346.2
1346.2
1346.2
1346.2
1346.2
1346.2
1346.2
1346.2
1346.2
1346.2
1346.2
1346.2
1346.2
1346.2
1346.2
1346.2
1346.2
1346.2
1346.2
1346.2
1346.2
1346.2
1346.2
1346.2
1346.2
1346.2
1346.3
1346.3
1346.3
1346.3
1346.3
1346.3
1346.3
1346.3
1346.3
1346.3
1346.3
1346.3
1346.3
1346.4
1346.4
1346.4
1346.4
1346.4
1346.5
1346.5
1346.6
1346.6
1346.6
1346.7
1346.8
1346.8
1346.9
1347.0
1347.0
1347.0
1347.0
1347.2
1347.3
1347.4
1347.5
1347.6
1347.6
1347.9
1352.8
1352.8
1352.9
1352.9
1352.9
1353.0
1353.0
1353.0
1353.0
1353.0
1353.0
1353.0
1353.0
1353.0
1353.0
1353.0
1353.1
1353.1
1353.1
1353.1
1353.1
1353.1
1353.1
1353.1
1353.1
1353.1
1353.1
1353.1
1353.1
1353.1
1353.1
1353.1
1353.1
1353.1
1353.1
1353.2
1353.2
1353.2
1353.2
1353.2
1353.2
1353.2
1353.2
1353.2
1353.2
1353.2
1353.2
1353.3
1353.3
1353.3
1353.3
1353.3
1353.3
1353.3
1353.3
1353.3
1353.3
1353.3
1353.3
1353.3
1353.3
1353.3
1353.3
1353.3
1353.4
1353.4
1353.4
1353.4
1353.4
1353.4
1353.4
1353.4
1353.4
1353.4
1353.5
1353.5
1353.6
1353.6
1353.7
1353.9
1354.0
1354.1
1354.1
1354.1
1354.2
1354.2
1354.4
1354.4
1354.5
1354.6
1354.6
1354.7
1355.0
1355.0
1355.5
1355.5
1355.7
1355.7
1355.9
1355.9
1356.9
1356.9
1356.9
1357.0
1357.0
1357.0
1357.0
1357.0
1357.0
1357.1
1357.1
1357.1
1357.1
1357.1
1357.1
1357.1
1357.1
1357.1
1357.1
1357.2
1357.2
1357.2
1357.2
1357.2
1357.2
1357.2
1357.2
1357.2
1357.2
1357.2
1357.2
1357.2
1357.2
1357.3
1357.3
1357.3
1357.3
1357.3
1357.3
1357.3
1357.3
1357.3
1357.3
1357.3
1357.4
1357.4
1357.4
1357.4
1357.4
1357.4
1357.4
1357.5
1357.5
1357.5
1357.5
1357.5
1357.5
1357.6
1357.6
1357.7
1357.7
1357.7
1357.7
1357.8
1357.8
1357.9
1357.9
1358.0
1358.0
1358.0
1358.0
1358.1
1358.1
1358.3
1358.4
1358.4
1358.4
1358.4
1358.6
1358.7
1359.2
1359.2
1359.3
1359.4
1359.4
1359.4
1359.7
1359.7
1360.0
1360.3
1360.5
1361.2
1361.5
1361.5
1361.5
1361.6
1361.6
1361.6
1361.6
1361.7
1361.7
1361.7
1361.7
1361.8
1361.8
1361.8
1361.9
1361.9
1361.9
1361.9
1362.0
1362.0
1362.0
1362.0
1362.0
1362.0
1362.1
1362.1
1362.1
1362.1
1362.1
1362.1
1362.2
1362.2
1362.2
1362.2
1362.2
1362.3
1362.3
1362.3
1362.3
1362.3
1362.3
1362.3
1362.4
1362.4
1362.4
1362.4
1362.5
1362.5
1362.6
1362.6
1362.6
1362.6
1362.6
1362.6
1362.7
1362.7
1362.7
1362.7
1362.8
1362.9
1363.0
1363.0
1363.0
1363.1
1363.1
1363.1
1363.1
1363.3
1363.3
1363.6
1363.6
1363.8
1363.9
1364.0
1364.0
1364.1
1364.1
1364.1
1364.3
1364.4
1364.5
1364.8
1364.9
1364.9
1365.2
1365.7
1366.1
1366.5
1366.8
1366.8
1366.9
1367.1
1367.4
1368.2
1369.1
1369.2
1369.3
1369.5
1369.5
1369.6
1369.8
1370.0
1370.0
1370.2
1370.2
1370.3
1370.3
1370.3
1370.4
1370.5
1370.6
1371.0
1371.0
1371.0
1371.0
1371.1
1371.2
1371.2
1371.3
1371.4
1371.5
1371.7
1371.8
1371.8
1371.9
1372.0
1372.2
1372.2
1372.3
1372.4
1372.5
1372.5
1372.5
1372.6
1372.6
1372.7
1372.7
1373.1
1373.1
1373.2
1373.5
1373.5
1373.8
1373.9
1374.0
1374.2
1374.2
1374.4
1374.6
1375.0
1375.1
1375.2
1375.2
1375.4
1375.8
1375.9
1376.0
1376.2
1376.7
1376.7
1377.3
1378.0
1378.1
1381.3
1381.9
1382.2
1382.3
1382.6
1384.1
1386.2
1386.2
1386.7
1386.9
1388.1
1388.3
1389.0
1389.3
1389.5
1389.9
1390.0
1390.1
1390.1
1390.3
1390.3
1390.3
1390.3
1390.3
1390.4
1390.5
1390.9
1391.0
1391.0
1391.1
1391.3
1391.3
1391.4
1391.6
1391.6
1391.7
1391.7
1391.8
1391.8
1391.8
1391.8
1391.8
1391.9
1391.9
1391.9
1391.9
1392.0
1392.0
1392.1
1392.1
1392.2
1392.2
1392.2
1392.2
1392.3
1392.3
1392.3
1392.3
1392.3
1392.4
1392.4
1392.4
1392.5
1392.5
1392.6
1392.6
1392.6
1392.7
1392.7
1392.7
1392.7
1392.7
1392.7
1392.7
1392.8
1392.8
1392.8
1392.8
1392.8
1392.9
1392.9
1392.9
1392.9
1392.9
1393.0
1393.0
1393.0
1393.0
1393.0
1393.2
1393.2
1393.2
1393.2
1393.2
1393.3
1393.3
1393.4
1393.4
1393.4
1393.4
1393.5
1393.5
1393.5
1393.6
1394.5
1395.0
1395.1
1396.2
1397.8
1400.6
1401.4
1402.4
1403.9
1404.4
1404.9
1405.2
1405.3
1405.3
1405.5
1405.6
1405.6
1405.6
1405.8
1405.8
1405.9
1405.9
1405.9
1406.0
1406.0
1406.0
1406.1
1406.1
1406.1
1406.2
1406.3
1406.4
1406.4
1406.5
1407.0
1407.1
1407.2
1407.3
1407.4
1407.4
1407.4
1407.4
1407.6
1407.8
1408.0
1408.2
1408.3
1408.4
1408.8
1409.1
1409.5
1409.6
1409.8
1409.8
1409.9
1410.1
1410.4
1410.8
1411.1
1411.2
1411.4
1412.0
1412.1
1412.1
1412.1
1412.2
1412.3
1412.7
1413.1
1413.4
1413.4
1413.5
1414.5
1418.4
1420.1
1426.2
1438.7
1508.8
1508.8
1508.8
1508.8
1508.8
1508.8
1508.8
1508.8
1508.8
1508.8
1508.8
1508.8
1508.8
1508.8
1508.8
1508.8
1508.8
1508.8
1508.8
1508.8
1508.8
1508.8
1508.8
1508.8
1508.8
1508.8
1508.9
1508.9
1508.9
1508.9
1508.9
1508.9
1508.9
1508.9
1508.9
1508.9
1508.9
1508.9
1508.9
1508.9
1508.9
1508.9
1508.9
1508.9
1508.9
1508.9
1508.9
1508.9
1508.9
1508.9
1508.9
1508.9
1508.9
1508.9
1508.9
1508.9
1508.9
1508.9
1508.9
1508.9
1508.9
1508.9
1508.9
1508.9
1508.9
1508.9
1508.9
1508.9
1508.9
1508.9
1508.9
1508.9
1508.9
1508.9
1509.0
1509.0
1509.0
1509.0
1509.0
1509.1
1509.1
1509.2
1509.2
1509.2
1509.2
1509.2
1509.2
1509.2
1509.3
1509.3
1509.3
1509.4
1509.4
1509.4
1509.5
1509.6
1509.6
1509.6
1509.6
1509.7
1513.1
1513.1
1513.1
1513.2
1513.2
1513.2
1513.2
1513.2
1513.2
1513.2
1513.2
1513.2
1513.2
1513.2
1513.2
1513.2
1513.2
1513.2
1513.2
1513.2
1513.2
1513.2
1513.2
1513.2
1513.2
1513.2
1513.2
1513.2
1513.2
1513.2
1513.2
1513.2
1513.2
1513.2
1513.2
1513.3
1513.3
1513.3
1513.3
1513.3
1513.3
1513.3
1513.3
1513.3
1513.3
1513.3
1513.3
1513.3
1513.3
1513.3
1513.3
1513.3
1513.3
1513.3
1513.3
1513.3
1513.3
1513.3
1513.3
1513.3
1513.3
1513.3
1513.3
1513.3
1513.3
1513.3
1513.3
1513.3
1513.3
1513.3
1513.3
1513.3
1513.4
1513.5
1513.5
1513.5
1513.6
1513.6
1513.7
1513.7
1513.7
1513.9
1513.9
1514.0
1514.1
1514.1
1514.1
1514.1
1514.4
1514.4
1514.5
1514.5
1514.8
1514.8
1515.1
1515.2
1515.3
1515.3
1515.3
1515.4
1516.6
1516.6
1516.6
1516.6
1516.6
1516.6
1516.6
1516.7
1516.7
1516.7
1516.7
1516.7
1516.7
1516.7
1516.7
1516.7
1516.7
1516.7
1516.7
1516.7
1516.7
1516.7
1516.7
1516.7
1516.7
1516.7
1516.7
1516.7
1516.7
1516.7
1516.7
1516.8
1516.8
1516.8
1516.8
1516.8
1516.8
1516.8
1516.8
1516.8
1516.8
1516.8
1516.8
1516.8
1516.8
1516.8
1516.8
1516.9
1516.9
1516.9
1516.9
1516.9
1516.9
1516.9
1516.9
1516.9
1516.9
1516.9
1516.9
1517.0
1517.0
1517.0
1517.0
1517.0
1517.1
1517.1
1517.1
1517.1
1517.2
1517.2
1517.2
1517.2
1517.4
1517.5
1517.5
1517.7
1517.7
1518.0
1518.0
1518.0
1518.1
1518.1
1518.1
1518.2
1518.4
1518.7
1518.7
1518.8
1519.2
1519.4
1519.5
1519.5
1520.2
1520.2
1520.5
1520.6
1520.8
1520.8
1520.8
1520.8
1520.9
1520.9
1520.9
1520.9
1520.9
1520.9
1521.0
1521.0
1521.0
1521.0
1521.0
1521.0
1521.0
1521.0
1521.1
1521.1
1521.1
1521.1
1521.1
1521.1
1521.1
1521.1
1521.1
1521.1
1521.2
1521.2
1521.2
1521.2
1521.2
1521.2
1521.2
1521.2
1521.2
1521.3
1521.3
1521.3
1521.3
1521.3
1521.3
1521.3
1521.3
1521.4
1521.4
1521.4
1521.4
1521.4
1521.4
1521.5
1521.5
1521.5
1521.5
1521.5
1521.5
1521.5
1521.6
1521.6
1521.6
1521.6
1521.7
1521.7
1521.7
1521.8
1521.8
1521.8
1521.9
1521.9
1521.9
1522.0
1522.1
1522.3
1522.5
1522.5
1522.6
1522.6
1522.6
1523.1
1523.2
1523.5
1523.6
1523.6
1523.6
1523.7
1523.7
1524.1
1524.4
1525.1
1525.2
1525.9
1526.0
1526.5
1527.0
1527.2
1527.5
1527.5
1527.6
1527.6
1527.8
1527.8
1527.8
1527.9
1527.9
1528.0
1528.0
1528.0
1528.0
1528.1
1528.1
1528.1
1528.1
1528.2
1528.3
1528.3
1528.3
1528.4
1528.4
1528.4
1528.5
1528.6
1528.6
1528.7
1528.7
1528.7
1528.8
1528.8
1528.8
1528.9
1528.9
1528.9
1529.0
1529.0
1529.1
1529.1
1529.1
1529.1
1529.2
1529.2
1529.3
1529.3
1529.3
1529.3
1529.4
1529.4
1529.4
1529.5
1529.5
1529.6
1529.7
1529.8
1529.8
1529.8
1529.9
1529.9
1530.1
1530.1
1530.2
1530.4
1530.5
1530.8
1530.8
1531.0
1531.1
1531.1
1531.1
1531.2
1531.2
1531.3
1532.2
1532.8
1533.1
1533.4
1533.4
1533.5
1534.0
1535.3
1536.2
1536.4
1536.7
1537.2
1537.6
1537.7
1538.1
1538.3
1541.3
1543.7
1553.2
1554.2
1554.2
1554.2
1554.2
1554.2
1554.2
1554.2
1554.2
1554.2
1554.2
1554.2
1554.2
1554.2
1554.2
1554.2
1554.2
1554.2
1554.2
1554.2
1554.2
1554.2
1554.2
1554.2
1554.2
1554.2
1554.2
1554.2
1554.2
1554.2
1554.2
1554.2
1554.2
1554.3
1554.3
1554.3
1554.3
1554.3
1554.3
1554.3
1554.3
1554.3
1554.3
1554.3
1554.3
1554.3
1554.3
1554.3
1554.3
1554.3
1554.3
1554.3
1554.3
1554.3
1554.3
1554.3
1554.3
1554.3
1554.3
1554.3
1554.3
1554.3
1554.4
1554.4
1554.4
1554.4
1554.4
1554.4
1554.4
1554.4
1554.4
1554.4
1554.4
1554.4
1554.5
1554.5
1554.5
1554.5
1554.5
1554.6
1554.6
1554.6
1554.6
1554.7
1554.8
1554.9
1554.9
1554.9
1555.0
1555.0
1555.0
1555.1
1555.1
1555.1
1555.3
1555.4
1555.5
1555.5
1555.6
1555.7
1559.3
1561.0
1561.0
1561.1
1561.1
1561.1
1561.1
1561.2
1561.2
1561.2
1561.2
1561.2
1561.2
1561.2
1561.2
1561.2
1561.3
1561.3
1561.3
1561.3
1561.3
1561.3
1561.3
1561.3
1561.3
1561.3
1561.4
1561.4
1561.4
1561.4
1561.4
1561.4
1561.4
1561.4
1561.4
1561.4
1561.4
1561.4
1561.4
1561.5
1561.5
1561.5
1561.5
1561.5
1561.5
1561.5
1561.5
1561.5
1561.5
1561.6
1561.6
1561.6
1561.6
1561.6
1561.6
1561.6
1561.6
1561.6
1561.7
1561.7
1561.7
1561.7
1561.7
1561.7
1561.7
1561.8
1561.8
1561.8
1561.8
1561.8
1561.8
1561.9
1561.9
1561.9
1561.9
1562.0
1562.1
1562.1
1562.3
1562.3
1562.5
1562.5
1562.5
1562.6
1562.7
1562.7
1562.7
1562.7
1562.8
1562.9
1563.1
1563.1
1563.4
1563.5
1563.9
1563.9
1564.1
1564.1
1564.2
1564.2
1564.7
1565.3
1565.3
1565.3
1565.3
1565.3
1565.3
1565.4
1565.4
1565.4
1565.4
1565.4
1565.4
1565.4
1565.5
1565.5
1565.5
1565.5
1565.5
1565.5
1565.5
1565.5
1565.5
1565.5
1565.5
1565.5
1565.5
1565.5
1565.6
1565.6
1565.6
1565.6
1565.6
1565.6
1565.7
1565.7
1565.7
1565.7
1565.7
1565.7
1565.7
1565.7
1565.7
1565.7
1565.7
1565.7
1565.7
1565.8
1565.8
1565.8
1565.8
1565.9
1565.9
1565.9
1565.9
1565.9
1565.9
1566.0
1566.0
1566.1
1566.1
1566.1
1566.1
1566.1
1566.2
1566.2
1566.4
1566.4
1566.4
1566.4
1566.4
1566.5
1566.5
1566.6
1566.7
1566.8
1566.8
1566.9
1567.1
1567.4
1567.7
1567.7
1567.7
1567.8
1567.9
1568.0
1568.1
1568.2
1568.3
1568.6
1568.9
1569.6
1569.8
1569.8
1569.8
1569.9
1569.9
1569.9
1570.0
1570.0
1570.0
1570.0
1570.0
1570.1
1570.2
1570.2
1570.2
1570.2
1570.2
1570.3
1570.3
1570.3
1570.3
1570.3
1570.3
1570.4
1570.4
1570.5
1570.5
1570.5
1570.5
1570.5
1570.5
1570.5
1570.5
1570.6
1570.6
1570.6
1570.6
1570.6
1570.7
1570.7
1570.7
1570.7
1570.7
1570.7
1570.7
1570.8
1570.8
1570.8
1570.9
1570.9
1570.9
1570.9
1570.9
1571.0
1571.0
1571.0
1571.0
1571.0
1571.1
1571.2
1571.3
1571.3
1571.3
1571.4
1571.4
1571.5
1571.5
1571.5
1571.6
1571.7
1571.9
1572.0
1572.2
1572.3
1572.4
1572.5
1572.5
1572.5
1572.5
1572.5
1572.7
1572.8
1573.2
1573.3
1573.4
1573.6
1574.5
1574.8
1575.2
1575.4
1575.7
1575.8
1576.2
1576.5
1577.2
1577.3
1577.4
1577.5
1577.6
1577.7
1577.7
1577.8
1578.1
1578.1
1578.3
1578.3
1578.3
1578.3
1578.5
1578.5
1578.6
1578.9
1579.0
1579.0
1579.1
1579.1
1579.1
1579.2
1579.3
1579.4
1579.5
1579.5
1579.6
1579.6
1579.8
1579.8
1580.1
1580.1
1580.1
1580.3
1580.5
1580.6
1580.6
1580.6
1580.6
1580.7
1580.9
1581.0
1581.2
1581.3
1581.3
1581.4
1581.6
1581.8
1581.8
1581.9
1582.2
1582.3
1582.4
1582.6
1582.8
1582.8
1583.5
1583.6
1583.9
1584.2
1584.5
1584.7
1585.0
1585.0
1585.2
1585.9
1587.3
1588.4
1589.7
1592.8
1593.0
1594.0
1594.4
1595.7
1596.2
1598.8
1598.9
1600.2
1600.3
1601.7
1602.1
1602.3
1602.5
1603.3
1603.6
1603.7
1603.7
1604.2
1604.3
1604.3
1604.3
1604.9
1604.9
1605.1
1605.5
1605.6
1605.6
1605.6
1605.8
1605.9
1605.9
1605.9
1606.0
1606.1
1606.1
1606.2
1606.2
1606.3
1606.3
1606.4
1606.4
1606.5
1606.5
1606.6
1606.7
1606.8
1606.8
1606.9
1606.9
1606.9
1607.0
1607.0
1607.0
1607.1
1607.1
1607.3
1607.3
1607.3
1607.3
1607.4
1607.4
1607.4
1607.6
1607.6
1607.6
1607.7
1607.7
1607.7
1607.8
1607.8
1607.8
1607.9
1607.9
1608.0
1608.0
1608.1
1608.1
1608.1
1608.2
1608.3
1608.3
1608.3
1608.3
1608.3
1608.3
1608.4
1608.4
1608.5
1608.6
1608.6
1608.7
1608.7
1608.9
1608.9
1608.9
1609.1
1609.1
1609.2
1609.2
1609.3
1609.3
1609.3
1609.4
1609.5
1611.7
1612.6
1633.8
1716.5
1716.6
1716.6
1716.6
1716.6
1716.6
1716.6
1716.6
1716.6
1716.6
1716.6
1716.6
1716.6
1716.6
1716.6
1716.6
1716.6
1716.6
1716.6
1716.6
1716.6
1716.6
1716.6
1716.6
1716.6
1716.6
1716.6
1716.6
1716.6
1716.6
1716.6
1716.6
1716.6
1716.6
1716.6
1716.6
1716.6
1716.6
1716.6
1716.6
1716.6
1716.6
1716.6
1716.6
1716.6
1716.6
1716.6
1716.6
1716.6
1716.6
1716.6
1716.6
1716.6
1716.6
1716.6
1716.6
1716.6
1716.6
1716.6
1716.6
1716.6
1716.6
1716.6
1716.6
1716.6
1716.6
1716.6
1716.6
1716.7
1716.7
1716.7
1716.7
1716.7
1716.7
1716.7
1716.8
1716.8
1716.8
1716.8
1716.9
1716.9
1716.9
1717.0
1717.0
1717.0
1717.0
1717.0
1717.0
1717.1
1717.1
1717.1
1717.2
1717.2
1717.2
1717.4
1717.4
1717.4
1717.4
1717.5
1717.5
1720.9
1720.9
1720.9
1720.9
1720.9
1720.9
1720.9
1720.9
1720.9
1720.9
1720.9
1720.9
1720.9
1720.9
1720.9
1720.9
1720.9
1720.9
1720.9
1720.9
1721.0
1721.0
1721.0
1721.0
1721.0
1721.0
1721.0
1721.0
1721.0
1721.0
1721.0
1721.0
1721.0
1721.0
1721.0
1721.0
1721.0
1721.0
1721.0
1721.0
1721.0
1721.0
1721.0
1721.0
1721.0
1721.0
1721.0
1721.0
1721.0
1721.0
1721.0
1721.0
1721.0
1721.0
1721.0
1721.0
1721.0
1721.0
1721.0
1721.0
1721.0
1721.0
1721.0
1721.0
1721.0
1721.0
1721.0
1721.0
1721.1
1721.1
1721.1
1721.1
1721.3
1721.4
1721.4
1721.4
1721.5
1721.5
1721.6
1721.6
1721.7
1721.8
1721.8
1721.9
1722.0
1722.0
1722.0
1722.1
1722.3
1722.4
1722.4
1722.5
1722.7
1722.8
1723.1
1723.1
1723.2
1723.2
1723.2
1723.3
1724.3
1724.3
1724.3
1724.3
1724.4
1724.4
1724.4
1724.4
1724.4
1724.4
1724.4
1724.4
1724.4
1724.4
1724.4
1724.4
1724.4
1724.4
1724.4
1724.4
1724.5
1724.5
1724.5
1724.5
1724.5
1724.5
1724.5
1724.5
1724.5
1724.5
1724.5
1724.5
1724.5
1724.5
1724.5
1724.5
1724.5
1724.5
1724.5
1724.6
1724.6
1724.6
1724.6
1724.6
1724.6
1724.6
1724.6
1724.6
1724.6
1724.6
1724.6
1724.7
1724.7
1724.7
1724.7
1724.7
1724.7
1724.7
1724.7
1724.8
1724.8
1724.8
1724.9
1724.9
1724.9
1724.9
1724.9
1725.0
1725.0
1725.0
1725.1
1725.1
1725.2
1725.4
1725.4
1725.6
1725.7
1725.9
1725.9
1726.0
1726.0
1726.1
1726.1
1726.2
1726.4
1726.7
1726.7
1726.8
1727.2
1727.4
1727.5
1727.6
1728.2
1728.2
1728.5
1728.6
1728.6
1728.6
1728.6
1728.6
1728.7
1728.7
1728.7
1728.7
1728.8
1728.8
1728.8
1728.8
1728.8
1728.8
1728.8
1728.8
1728.9
1728.9
1728.9
1728.9
1728.9
1728.9
1728.9
1728.9
1728.9
1728.9
1728.9
1729.0
1729.0
1729.0
1729.0
1729.1
1729.1
1729.1
1729.1
1729.1
1729.1
1729.1
1729.1
1729.1
1729.1
1729.2
1729.2
1729.2
1729.2
1729.2
1729.2
1729.3
1729.3
1729.3
1729.3
1729.3
1729.4
1729.4
1729.4
1729.4
1729.4
1729.5
1729.5
1729.5
1729.5
1729.5
1729.5
1729.5
1729.6
1729.7
1729.7
1729.7
1729.8
1729.8
1729.9
1729.9
1730.0
1730.2
1730.5
1730.5
1730.6
1730.6
1730.7
1731.3
1731.3
1731.6
1731.8
1731.8
1731.9
1731.9
1732.0
1732.3
1732.6
1733.5
1733.6
1734.3
1734.4
1734.9
1735.3
1735.5
1735.7
1735.7
1735.8
1736.0
1736.0
1736.0
1736.0
1736.1
1736.1
1736.2
1736.2
1736.2
1736.2
1736.3
1736.3
1736.3
1736.4
1736.4
1736.5
1736.6
1736.6
1736.7
1736.7
1736.7
1736.8
1736.9
1736.9
1737.0
1737.0
1737.0
1737.1
1737.1
1737.2
1737.2
1737.2
1737.3
1737.3
1737.4
1737.4
1737.5
1737.5
1737.6
1737.6
1737.6
1737.6
1737.7
1737.7
1737.7
1737.7
1737.8
1737.8
1737.9
1738.0
1738.2
1738.2
1738.2
1738.3
1738.3
1738.3
1738.3
1738.6
1738.8
1739.0
1739.0
1739.2
1739.3
1739.4
1739.7
1739.7
1739.8
1739.9
1739.9
1739.9
1740.0
1741.3
1742.1
1742.5
1742.6
1742.6
1742.9
1743.0
1745.3
1746.5
1746.7
1746.8
1748.6
1749.4
1750.0
1751.0
1752.2
1758.9
1762.0
1762.0
1762.1
1762.1
1762.1
1762.1
1762.1
1762.1
1762.1
1762.1
1762.1
1762.1
1762.1
1762.1
1762.1
1762.1
1762.1
1762.1
1762.1
1762.1
1762.1
1762.1
1762.1
1762.1
1762.1
1762.1
1762.1
1762.1
1762.2
1762.2
1762.2
1762.2
1762.2
1762.2
1762.2
1762.2
1762.2
1762.2
1762.2
1762.2
1762.2
1762.2
1762.2
1762.2
1762.2
1762.2
1762.2
1762.2
1762.2
1762.2
1762.2
1762.2
1762.2
1762.2
1762.2
1762.2
1762.2
1762.2
1762.2
1762.2
1762.2
1762.2
1762.2
1762.3
1762.3
1762.3
1762.3
1762.3
1762.3
1762.3
1762.3
1762.3
1762.3
1762.4
1762.4
1762.4
1762.4
1762.4
1762.5
1762.5
1762.5
1762.5
1762.6
1762.6
1762.6
1762.7
1762.8
1762.9
1762.9
1762.9
1762.9
1763.0
1763.0
1763.2
1763.3
1763.4
1763.4
1763.5
1763.6
1764.0
1769.0
1769.0
1769.1
1769.1
1769.1
1769.1
1769.2
1769.2
1769.2
1769.2
1769.2
1769.2
1769.2
1769.3
1769.3
1769.3
1769.3
1769.3
1769.3
1769.3
1769.3
1769.4
1769.4
1769.4
1769.4
1769.4
1769.4
1769.4
1769.4
1769.4
1769.4
1769.4
1769.5
1769.5
1769.5
1769.5
1769.5
1769.5
1769.6
1769.6
1769.6
1769.6
1769.6
1769.6
1769.6
1769.6
1769.7
1769.7
1769.7
1769.7
1769.7
1769.7
1769.8
1769.8
1769.8
1769.8
1769.8
1769.9
1769.9
1769.9
1769.9
1769.9
1770.0
1770.0
1770.0
1770.1
1770.1
1770.1
1770.1
1770.2
1770.2
1770.2
1770.2
1770.2
1770.2
1770.4
1770.5
1770.5
1770.5
1770.7
1770.9
1770.9
1771.0
1771.2
1771.2
1771.2
1771.3
1771.3
1771.4
1771.4
1771.6
1771.7
1772.0
1772.0
1772.4
1772.4
1772.6
1772.6
1772.8
1772.8
1773.5
1773.5
1773.5
1773.6
1773.6
1773.6
1773.6
1773.6
1773.6
1773.6
1773.6
1773.6
1773.7
1773.7
1773.7
1773.7
1773.7
1773.7
1773.7
1773.7
1773.7
1773.7
1773.7
1773.7
1773.8
1773.8
1773.8
1773.8
1773.8
1773.8
1773.8
1773.9
1773.9
1773.9
1773.9
1773.9
1773.9
1773.9
1774.0
1774.0
1774.0
1774.0
1774.0
1774.0
1774.0
1774.1
1774.1
1774.1
1774.1
1774.2
1774.2
1774.2
1774.2
1774.2
1774.3
1774.3
1774.3
1774.3
1774.3
1774.3
1774.4
1774.5
1774.5
1774.5
1774.6
1774.7
1774.7
1774.8
1774.8
1774.8
1774.8
1774.8
1774.9
1775.0
1775.1
1775.2
1775.2
1775.4
1775.5
1775.9
1776.0
1776.3
1776.3
1776.4
1776.5
1776.5
1776.5
1776.7
1776.9
1777.2
1777.5
1777.9
1778.0
1778.0
1778.0
1778.1
1778.1
1778.1
1778.2
1778.2
1778.2
1778.3
1778.3
1778.3
1778.3
1778.4
1778.4
1778.4
1778.4
1778.5
1778.5
1778.5
1778.5
1778.5
1778.6
1778.6
1778.6
1778.6
1778.6
1778.6
1778.6
1778.7
1778.7
1778.7
1778.7
1778.7
1778.7
1778.8
1778.8
1778.8
1778.8
1778.8
1778.8
1778.8
1778.9
1778.9
1778.9
1779.0
1779.0
1779.0
1779.0
1779.0
1779.0
1779.2
1779.2
1779.2
1779.3
1779.3
1779.3
1779.3
1779.4
1779.4
1779.5
1779.6
1779.6
1779.7
1779.8
1779.8
1779.8
1780.0
1780.1
1780.4
1780.4
1780.5
1780.5
1780.5
1780.6
1780.7
1780.7
1780.8
1780.9
1781.1
1781.1
1781.5
1781.7
1781.8
1782.0
1782.1
1783.0
1783.4
1783.5
1783.9
1784.3
1784.5
1784.5
1785.0
1785.1
1785.1
1785.2
1785.3
1785.4
1785.4
1785.6
1785.7
1785.9
1786.0
1786.1
1786.1
1786.2
1786.3
1786.4
1786.5
1786.5
1786.6
1786.6
1786.7
1786.7
1786.8
1786.9
1786.9
1787.0
1787.1
1787.1
1787.2
1787.2
1787.2
1787.2
1787.4
1787.6
1787.6
1787.7
1787.8
1787.8
1788.0
1788.0
1788.3
1788.3
1788.4
1788.5
1788.6
1788.6
1788.7
1788.7
1788.8
1788.8
1788.9
1789.1
1789.2
1789.5
1789.5
1789.5
1789.6
1789.9
1789.9
1790.7
1791.1
1791.1
1791.2
1791.4
1792.1
1792.1
1792.2
1792.6
1793.6
1794.5
1794.6
1795.5
1798.3
1798.4
1799.0
1799.2
1800.2
1800.6
1801.3
1801.5
1801.7
1801.9
1802.0
1802.1
1802.1
1802.6
1803.2
1803.6
1804.4
1804.8
1804.9
1805.1
1805.2
1805.3
1805.5
1805.6
1805.7
1805.8
1805.8
1805.9
1806.3
1806.5
1806.5
1806.5
1806.6
1806.6
1806.6
1806.7
1806.7
1806.7
1806.8
1806.8
1806.9
1806.9
1807.0
1807.1
1807.1
1807.1
1807.2
1807.3
1807.3
1807.4
1807.4
1807.5
1807.5
1807.6
1807.6
1807.7
1807.8
1807.8
1807.9
1808.0
1808.2
1808.4
1808.5
1808.5
1808.5
1808.6
1808.6
1808.7
1808.7
1808.9
1809.0
1809.1
1809.1
1809.1
1809.2
1809.2
1809.3
1809.4
1809.4
1809.5
1809.9
1809.9
1810.1
1810.1
1810.5
1810.7
1811.2
1811.3
1812.0
1812.6
1814.5
1815.6
1817.8
1818.8
1820.2
1820.6
1822.1
1822.2
1822.2
1822.9
1822.9
1823.7
1823.7
1823.9
1824.7
1825.1
1825.2
1826.5
1826.7
1826.7
1827.4
1827.6
1828.0
1828.0
1828.0
1828.1
1828.5
1828.6
1828.6
1828.6
1828.8
1828.8
1829.2
1829.8
1829.9
1830.1
1830.1
1830.2
1830.3
1830.4
1830.8
1831.1
1831.1
1831.3
1831.5
1831.8
1832.3
1832.5
1832.6
1832.7
1832.7
1832.8
1833.1
1833.3
1833.7
1833.8
1833.8
1834.0
1834.3
1835.3
1835.7
1835.8
1836.7
1836.7
1836.8
1837.3
1837.9
1838.2
1838.3
1838.3
1838.3
1838.6
1838.6
1838.7
1838.7
1838.7
1838.7
1838.9
1839.4
1840.0
1840.1
1841.9
1842.1
1842.4
1843.8
1844.9
1845.2
1845.8
1848.1
1849.7
1850.5
1851.6
1855.0
1857.3
1858.0
1874.5
1879.2
1924.5
1924.5
1924.5
1924.5
1924.5
1924.5
1924.5
1924.5
1924.5
1924.5
1924.5
1924.5
1924.5
1924.5
1924.5
1924.5
1924.5
1924.5
1924.5
1924.5
1924.5
1924.5
1924.6
1924.6
1924.6
1924.6
1924.6
1924.6
1924.6
1924.6
1924.6
1924.6
1924.6
1924.6
1924.6
1924.6
1924.6
1924.6
1924.6
1924.6
1924.6
1924.6
1924.6
1924.6
1924.6
1924.6
1924.6
1924.6
1924.6
1924.6
1924.6
1924.6
1924.6
1924.6
1924.6
1924.6
1924.6
1924.6
1924.6
1924.7
1924.7
1924.7
1924.7
1924.7
1924.7
1924.7
1924.7
1924.7
1924.7
1924.8
1924.8
1924.8
1924.8
1924.8
1924.8
1924.8
1924.8
1924.9
1924.9
1925.0
1925.0
1925.0
1925.1
1925.1
1925.1
1925.1
1925.1
1925.2
1925.2
1925.2
1925.2
1925.3
1925.4
1925.4
1925.5
1925.5
1925.5
1925.6
1925.6
1925.7
1928.8
1928.8
1928.8
1928.8
1928.8
1928.8
1928.8
1928.8
1928.8
1928.8
1928.8
1928.9
1928.9
1928.9
1928.9
1928.9
1928.9
1928.9
1928.9
1928.9
1928.9
1928.9
1928.9
1928.9
1928.9
1928.9
1928.9
1928.9
1928.9
1928.9
1928.9
1928.9
1928.9
1928.9
1928.9
1928.9
1928.9
1928.9
1928.9
1928.9
1928.9
1929.0
1929.0
1929.0
1929.0
1929.0
1929.0
1929.0
1929.0
1929.0
1929.0
1929.0
1929.0
1929.0
1929.0
1929.0
1929.1
1929.1
1929.1
1929.1
1929.1
1929.1
1929.1
1929.1
1929.1
1929.1
1929.1
1929.2
1929.2
1929.2
1929.3
1929.3
1929.4
1929.5
1929.5
1929.6
1929.7
1929.7
1929.8
1929.8
1929.8
1930.0
1930.1
1930.2
1930.3
1930.3
1930.3
1930.3
1930.6
1930.6
1930.7
1930.7
1931.0
1931.1
1931.3
1931.4
1931.5
1931.5
1931.5
1931.5
1932.2
1932.2
1932.2
1932.2
1932.2
1932.3
1932.3
1932.3
1932.3
1932.3
1932.3
1932.3
1932.3
1932.3
1932.3
1932.3
1932.3
1932.3
1932.4
1932.4
1932.4
1932.4
1932.4
1932.4
1932.4
1932.4
1932.4
1932.4
1932.4
1932.4
1932.5
1932.5
1932.5
1932.5
1932.5
1932.5
1932.5
1932.5
1932.5
1932.5
1932.6
1932.6
1932.6
1932.6
1932.6
1932.6
1932.6
1932.6
1932.6
1932.6
1932.6
1932.6
1932.7
1932.7
1932.7
1932.7
1932.8
1932.8
1932.8
1932.8
1932.9
1932.9
1933.0
1933.0
1933.0
1933.0
1933.1
1933.1
1933.1
1933.1
1933.1
1933.2
1933.4
1933.5
1933.6
1933.8
1933.9
1934.2
1934.2
1934.2
1934.2
1934.4
1934.4
1934.5
1934.7
1934.9
1935.0
1935.1
1935.4
1935.7
1935.8
1935.8
1936.4
1936.4
1936.4
1936.5
1936.5
1936.5
1936.5
1936.6
1936.6
1936.6
1936.6
1936.6
1936.7
1936.7
1936.7
1936.7
1936.7
1936.7
1936.7
1936.7
1936.7
1936.7
1936.8
1936.8
1936.8
1936.8
1936.8
1936.8
1936.9
1936.9
1936.9
1936.9
1936.9
1936.9
1936.9
1936.9
1936.9
1937.0
1937.0
1937.0
1937.0
1937.0
1937.0
1937.0
1937.0
1937.1
1937.1
1937.1
1937.1
1937.1
1937.1
1937.2
1937.2
1937.2
1937.2
1937.3
1937.3
1937.3
1937.3
1937.3
1937.3
1937.4
1937.4
1937.4
1937.5
1937.5
1937.5
1937.7
1937.7
1937.7
1937.8
1937.8
1937.8
1937.8
1937.9
1937.9
1938.0
1938.2
1938.5
1938.5
1938.6
1938.7
1938.8
1939.4
1939.4
1939.7
1939.9
1939.9
1939.9
1940.0
1940.2
1940.5
1940.6
1941.6
1941.7
1942.4
1942.5
1943.0
1943.0
1943.2
1943.3
1943.4
1943.5
1943.6
1943.6
1943.6
1943.6
1943.7
1943.7
1943.8
1943.8
1943.8
1943.8
1943.8
1943.9
1943.9
1944.0
1944.1
1944.1
1944.1
1944.2
1944.2
1944.2
1944.3
1944.3
1944.4
1944.4
1944.4
1944.5
1944.5
1944.6
1944.6
1944.7
1944.7
1944.7
1944.8
1944.8
1944.8
1944.9
1945.0
1945.0
1945.1
1945.1
1945.1
1945.1
1945.2
1945.2
1945.2
1945.2
1945.3
1945.3
1945.5
1945.6
1945.6
1945.6
1945.6
1945.6
1945.7
1946.0
1946.1
1946.1
1946.1
1946.3
1946.4
1946.6
1946.6
1946.6
1946.8
1946.9
1946.9
1947.0
1947.1
1947.2
1947.6
1948.6
1949.1
1949.1
1949.2
1949.6
1949.7
1949.9
1952.2
1953.1
1953.1
1953.5
1953.8
1954.8
1955.0
1956.1
1956.2
1958.3
1964.5
1969.0
1969.9
1969.9
1969.9
1969.9
1969.9
1969.9
1969.9
1969.9
1969.9
1969.9
1969.9
1969.9
1969.9
1969.9
1970.0
1970.0
1970.0
1970.0
1970.0
1970.0
1970.0
1970.0
1970.0
1970.0
1970.0
1970.0
1970.0
1970.0
1970.0
1970.0
1970.0
1970.0
1970.0
1970.0
1970.0
1970.0
1970.0
1970.0
1970.0
1970.0
1970.0
1970.0
1970.0
1970.0
1970.0
1970.0
1970.0
1970.0
1970.0
1970.0
1970.0
1970.0
1970.0
1970.0
1970.0
1970.0
1970.1
1970.1
1970.1
1970.1
1970.1
1970.1
1970.1
1970.1
1970.1
1970.1
1970.1
1970.1
1970.1
1970.2
1970.2
1970.2
1970.2
1970.2
1970.2
1970.3
1970.3
1970.3
1970.3
1970.3
1970.4
1970.4
1970.4
1970.6
1970.6
1970.6
1970.7
1970.7
1970.7
1970.7
1970.8
1970.8
1971.0
1971.1
1971.1
1971.2
1971.3
1971.3
1971.4
1975.1
1976.8
1976.8
1976.8
1976.9
1976.9
1976.9
1977.0
1977.0
1977.0
1977.0
1977.0
1977.0
1977.0
1977.1
1977.1
1977.1
1977.1
1977.1
1977.1
1977.1
1977.1
1977.1
1977.1
1977.2
1977.2
1977.2
1977.2
1977.2
1977.2
1977.2
1977.2
1977.2
1977.2
1977.3
1977.3
1977.3
1977.3
1977.3
1977.3
1977.4
1977.4
1977.4
1977.4
1977.4
1977.4
1977.4
1977.5
1977.5
1977.5
1977.5
1977.5
1977.5
1977.5
1977.5
1977.6
1977.6
1977.6
1977.6
1977.6
1977.7
1977.7
1977.7
1977.7
1977.7
1977.8
1977.8
1977.9
1977.9
1977.9
1977.9
1977.9
1977.9
1978.0
1978.0
1978.1
1978.2
1978.3
1978.4
1978.6
1978.6
1978.7
1978.8
1978.8
1978.9
1978.9
1979.0
1979.0
1979.1
1979.2
1979.3
1979.4
1979.7
1979.7
1980.1
1980.1
1980.3
1980.3
1980.4
1980.5
1980.6
1980.9
1981.0
1981.0
1981.0
1981.0
1981.0
1981.1
1981.1
1981.1
1981.1
1981.1
1981.1
1981.1
1981.1
1981.1
1981.2
1981.2
1981.2
1981.2
1981.2
1981.2
1981.2
1981.2
1981.2
1981.2
1981.3
1981.3
1981.3
1981.3
1981.3
1981.3
1981.3
1981.3
1981.3
1981.4
1981.4
1981.4
1981.4
1981.4
1981.4
1981.4
1981.4
1981.4
1981.5
1981.5
1981.5
1981.5
1981.6
1981.6
1981.6
1981.6
1981.7
1981.7
1981.7
1981.7
1981.7
1981.7
1981.8
1981.8
1981.8
1981.9
1981.9
1982.0
1982.0
1982.0
1982.3
1982.3
1982.3
1982.3
1982.3
1982.4
1982.4
1982.5
1982.6
1982.8
1982.8
1982.9
1983.1
1983.6
1983.8
1983.8
1983.8
1983.9
1984.0
1984.1
1984.2
1984.4
1984.5
1984.8
1985.1
1985.2
1985.2
1985.2
1985.2
1985.3
1985.4
1985.4
1985.4
1985.4
1985.4
1985.4
1985.5
1985.5
1985.5
1985.6
1985.6
1985.6
1985.6
1985.7
1985.7
1985.8
1985.8
1985.8
1985.8
1985.8
1985.8
1985.8
1985.8
1985.8
1985.9
1985.9
1985.9
1985.9
1985.9
1986.0
1986.0
1986.0
1986.0
1986.0
1986.1
1986.1
1986.1
1986.1
1986.2
1986.2
1986.2
1986.2
1986.2
1986.2
1986.3
1986.3
1986.4
1986.4
1986.4
1986.4
1986.4
1986.5
1986.5
1986.5
1986.7
1986.7
1986.8
1986.9
1986.9
1986.9
1987.0
1987.0
1987.0
1987.1
1987.2
1987.6
1987.7
1987.7
1987.7
1987.8
1987.8
1987.9
1988.1
1988.1
1988.1
1988.1
1988.3
1988.6
1988.7
1989.0
1989.0
1989.2
1990.2
1990.8
1991.1
1991.2
1991.3
1991.5
1991.6
1991.6
1991.6
1991.7
1991.8
1991.8
1991.9
1992.0
1992.1
1992.3
1992.3
1992.3
1992.3
1992.4
1992.4
1992.5
1992.6
1992.6
1992.7
1992.8
1992.8
1992.9
1992.9
1993.1
1993.1
1993.1
1993.2
1993.2
1993.3
1993.3
1993.3
1993.3
1993.4
1993.4
1993.6
1993.6
1993.6
1993.7
1993.7
1993.8
1993.8
1993.8
1993.9
1994.0
1994.1
1994.3
1994.3
1994.3
1994.4
1994.5
1994.6
1994.6
1994.9
1994.9
1994.9
1994.9
1995.1
1995.4
1995.4
1995.6
1995.7
1996.1
1996.1
1996.5
1996.5
1996.6
1996.7
1997.1
1997.5
1998.4
1998.8
1999.4
1999.7
2000.3
2001.0
2001.1
2001.2
2001.8
2003.1
2003.4
2004.4
2005.4
2005.9
2007.1
2007.7
2008.9
2011.6
2012.6
2013.0
2016.0
2027.8
2033.2
2033.3
2033.7
2034.0
2034.0
2034.5
2034.5
2035.4
2035.8
2035.9
2036.1
2036.1
2036.2
2037.6
2038.0
2038.4
2038.5
2038.5
2038.7
2038.7
2038.8
2038.8
2038.9
2039.4
2039.4
2040.3
2040.7
2040.8
2040.9
2040.9
2040.9
2041.5
2041.9
2042.0
2042.1
2042.7
2042.9
2043.9
2045.1
2045.6
2045.9
2048.2
2049.3
2050.4
2051.4
2051.9
2056.8
2057.9
2058.2
2058.4
2063.6
2067.8
2132.7
2132.7
2132.7
2132.7
2132.7
2132.7
2132.7
2132.7
2132.7
2132.7
2132.7
2132.7
2132.7
2132.7
2132.7
2132.7
2132.7
2132.7
2132.7
2132.7
2132.7
2132.7
2132.7
2132.7
2132.7
2132.7
2132.7
2132.7
2132.7
2132.7
2132.7
2132.7
2132.7
2132.7
2132.7
2132.7
2132.7
2132.7
2132.7
2132.7
2132.7
2132.7
2132.7
2132.7
2132.7
2132.7
2132.7
2132.7
2132.7
2132.7
2132.8
2132.8
2132.8
2132.8
2132.8
2132.8
2132.8
2132.8
2132.8
2132.8
2132.8
2132.8
2132.8
2132.8
2132.8
2132.8
2132.8
2132.8
2132.8
2132.8
2132.9
2132.9
2132.9
2132.9
2132.9
2132.9
2132.9
2132.9
2133.0
2133.0
2133.0
2133.1
2133.1
2133.1
2133.1
2133.1
2133.2
2133.2
2133.2
2133.3
2133.3
2133.3
2133.4
2133.4
2133.5
2133.5
2133.6
2133.6
2133.6
2133.6
2136.7
2136.7
2136.7
2136.7
2136.7
2136.7
2136.7
2136.7
2136.8
2136.8
2136.8
2136.8
2136.8
2136.8
2136.8
2136.8
2136.8
2136.8
2136.8
2136.8
2136.8
2136.8
2136.8
2136.8
2136.8
2136.8
2136.8
2136.8
2136.8
2136.8
2136.8
2136.8
2136.8
2136.8
2136.8
2136.8
2136.8
2136.8
2136.8
2136.8
2136.9
2136.9
2136.9
2136.9
2136.9
2136.9
2136.9
2136.9
2136.9
2136.9
2136.9
2136.9
2136.9
2136.9
2136.9
2136.9
2137.0
2137.0
2137.0
2137.0
2137.0
2137.0
2137.0
2137.0
2137.0
2137.1
2137.1
2137.1
2137.1
2137.1
2137.2
2137.2
2137.4
2137.5
2137.5
2137.6
2137.6
2137.7
2137.8
2137.8
2137.8
2138.0
2138.1
2138.1
2138.2
2138.3
2138.3
2138.3
2138.5
2138.6
2138.6
2138.7
2138.9
2139.0
2139.3
2139.3
2139.4
2139.4
2139.5
2139.5
2140.2
2140.2
2140.2
2140.3
2140.3
2140.3
2140.3
2140.3
2140.3
2140.3
2140.3
2140.3
2140.3
2140.3
2140.4
2140.4
2140.4
2140.4
2140.4
2140.4
2140.4
2140.4
2140.4
2140.4
2140.4
2140.4
2140.4
2140.4
2140.4
2140.4
2140.5
2140.5
2140.5
2140.5
2140.5
2140.5
2140.5
2140.5
2140.5
2140.5
2140.5
2140.5
2140.5
2140.5
2140.6
2140.6
2140.6
2140.6
2140.6
2140.6
2140.6
2140.6
2140.7
2140.7
2140.7
2140.7
2140.7
2140.8
2140.8
2140.8
2140.9
2140.9
2140.9
2141.0
2141.0
2141.0
2141.1
2141.1
2141.1
2141.1
2141.2
2141.2
2141.4
2141.6
2141.6
2141.8
2141.9
2142.2
2142.2
2142.2
2142.2
2142.4
2142.4
2142.5
2142.8
2143.0
2143.1
2143.2
2143.5
2143.7
2143.9
2143.9
2144.5
2144.6
2144.6
2144.7
2144.7
2144.7
2144.8
2144.8
2144.8
2144.8
2144.8
2144.8
2144.9
2144.9
2144.9
2144.9
2144.9
2144.9
2145.0
2145.0
2145.0
2145.0
2145.0
2145.0
2145.0
2145.0
2145.0
2145.0
2145.0
2145.0
2145.1
2145.1
2145.1
2145.1
2145.1
2145.2
2145.2
2145.2
2145.2
2145.2
2145.2
2145.2
2145.2
2145.2
2145.2
2145.3
2145.3
2145.3
2145.3
2145.3
2145.4
2145.4
2145.4
2145.4
2145.5
2145.5
2145.5
2145.5
2145.5
2145.5
2145.6
2145.6
2145.6
2145.6
2145.7
2145.7
2145.8
2145.8
2145.8
2145.9
2145.9
2145.9
2146.0
2146.0
2146.1
2146.1
2146.2
2146.4
2146.7
2146.8
2146.9
2146.9
2147.0
2147.7
2147.7
2148.0
2148.2
2148.2
2148.3
2148.4
2148.5
2148.8
2149.0
2150.0
2150.2
2150.8
2151.0
2151.4
2152.0
2152.2
2152.4
2152.5
2152.5
2152.6
2152.6
2152.7
2152.7
2152.8
2152.8
2152.9
2153.0
2153.0
2153.0
2153.1
2153.1
2153.1
2153.2
2153.2
2153.3
2153.3
2153.4
2153.4
2153.5
2153.6
2153.6
2153.7
2153.7
2153.8
2153.9
2153.9
2153.9
2153.9
2153.9
2154.0
2154.1
2154.1
2154.1
2154.2
2154.2
2154.3
2154.3
2154.3
2154.4
2154.4
2154.4
2154.5
2154.5
2154.7
2154.7
2154.8
2154.8
2154.8
2154.8
2155.0
2155.0
2155.0
2155.2
2155.2
2155.2
2155.3
2155.5
2155.6
2155.7
2156.2
2156.2
2156.4
2156.4
2156.5
2156.5
2156.6
2156.6
2156.6
2156.7
2157.9
2158.4
2159.1
2159.2
2159.4
2159.7
2159.7
2160.4
2163.3
2163.9
2164.0
2164.6
2166.8
2169.1
2169.6
2172.4
2175.8
2178.0
2178.1
2178.2
2178.2
2178.2
2178.2
2178.2
2178.2
2178.2
2178.2
2178.2
2178.2
2178.2
2178.2
2178.2
2178.2
2178.2
2178.2
2178.2
2178.3
2178.3
2178.3
2178.3
2178.3
2178.3
2178.3
2178.3
2178.3
2178.3
2178.3
2178.3
2178.3
2178.3
2178.3
2178.3
2178.3
2178.3
2178.3
2178.3
2178.3
2178.3
2178.3
2178.3
2178.3
2178.3
2178.3
2178.3
2178.3
2178.3
2178.3
2178.3
2178.3
2178.3
2178.3
2178.3
2178.3
2178.3
2178.3
2178.4
2178.4
2178.4
2178.4
2178.4
2178.4
2178.4
2178.4
2178.4
2178.4
2178.4
2178.4
2178.4
2178.4
2178.4
2178.5
2178.5
2178.5
2178.5
2178.5
2178.5
2178.6
2178.6
2178.6
2178.7
2178.7
2178.7
2178.7
2178.9
2178.9
2179.0
2179.0
2179.1
2179.1
2179.2
2179.3
2179.4
2179.5
2179.6
2179.6
2179.7
2181.3
2185.1
2185.1
2185.2
2185.3
2185.3
2185.3
2185.3
2185.3
2185.4
2185.4
2185.4
2185.4
2185.4
2185.4
2185.5
2185.5
2185.5
2185.5
2185.5
2185.5
2185.5
2185.5
2185.5
2185.5
2185.6
2185.6
2185.6
2185.6
2185.6
2185.6
2185.6
2185.6
2185.6
2185.7
2185.7
2185.7
2185.7
2185.8
2185.8
2185.8
2185.8
2185.8
2185.8
2185.8
2185.8
2185.9
2185.9
2185.9
2185.9
2185.9
2185.9
2185.9
2186.0
2186.0
2186.0
2186.0
2186.0
2186.0
2186.1
2186.1
2186.1
2186.1
2186.1
2186.2
2186.2
2186.2
2186.3
2186.4
2186.4
2186.4
2186.4
2186.5
2186.5
2186.5
2186.5
2186.5
2186.7
2186.8
2186.9
2187.2
2187.2
2187.3
2187.3
2187.5
2187.6
2187.7
2187.7
2187.8
2187.8
2188.0
2188.2
2188.4
2188.4
2188.5
2188.8
2188.9
2189.0
2189.0
2189.2
2189.3
2189.6
2189.6
2189.6
2189.7
2189.7
2189.7
2189.7
2189.7
2189.7
2189.7
2189.7
2189.7
2189.8
2189.8
2189.8
2189.8
2189.8
2189.8
2189.8
2189.8
2189.8
2189.8
2189.9
2189.9
2189.9
2189.9
2189.9
2189.9
2189.9
2190.0
2190.0
2190.0
2190.0
2190.0
2190.1
2190.1
2190.1
2190.1
2190.1
2190.1
2190.1
2190.1
2190.1
2190.2
2190.2
2190.2
2190.2
2190.3
2190.3
2190.3
2190.3
2190.3
2190.4
2190.4
2190.4
2190.4
2190.4
2190.5
2190.5
2190.5
2190.6
2190.6
2190.7
2190.7
2190.7
2190.8
2190.9
2190.9
2191.0
2191.0
2191.0
2191.1
2191.1
2191.2
2191.3
2191.3
2191.4
2191.5
2191.6
2191.9
2192.4
2192.5
2192.7
2192.8
2192.9
2192.9
2193.1
2193.4
2193.5
2193.6
2193.9
2194.0
2194.0
2194.0
2194.1
2194.1
2194.1
2194.1
2194.1
2194.2
2194.3
2194.3
2194.3
2194.3
2194.3
2194.4
2194.4
2194.4
2194.4
2194.5
2194.5
2194.5
2194.6
2194.6
2194.6
2194.6
2194.6
2194.6
2194.6
2194.6
2194.6
2194.7
2194.7
2194.7
2194.7
2194.7
2194.7
2194.7
2194.7
2194.7
2194.8
2194.8
2194.8
2194.9
2194.9
2194.9
2194.9
2194.9
2194.9
2195.0
2195.0
2195.1
2195.1
2195.2
2195.2
2195.2
2195.2
2195.2
2195.2
2195.4
2195.4
2195.5
2195.6
2195.6
2195.7
2195.7
2195.8
2195.8
2195.9
2196.1
2196.1
2196.2
2196.4
2196.4
2196.5
2196.5
2196.7
2196.7
2196.7
2196.8
2196.8
2197.0
2197.3
2197.4
2197.7
2197.7
2197.8
2197.8
2197.9
2199.1
2199.8
2200.1
2200.2
2200.5
2200.6
2200.7
2200.7
2200.8
2200.8
2201.0
2201.0
2201.0
2201.1
2201.2
2201.3
2201.3
2201.5
2201.6
2201.6
2201.7
2201.8
2201.8
2201.8
2202.0
2202.0
2202.0
2202.0
2202.1
2202.1
2202.2
2202.2
2202.3
2202.4
2202.4
2202.4
2202.5
2202.5
2202.5
2202.6
2202.6
2202.7
2202.8
2202.8
2202.8
2202.9
2203.0
2203.1
2203.1
2203.1
2203.2
2203.2
2203.3
2203.3
2203.3
2203.5
2203.6
2203.6
2203.6
2203.7
2203.8
2203.8
2204.1
2204.4
2204.8
2205.0
2205.2
2205.3
2205.6
2205.6
2205.6
2205.7
2205.8
2206.7
2206.8
2208.1
2208.1
2208.7
2209.5
2210.1
2210.3
2211.3
2211.5
2212.7
2214.8
2215.2
2215.5
2215.7
2216.5
2217.9
2218.0
2219.3
2220.7
2220.8
2221.0
2221.2
2221.2
2221.4
2221.5
2221.6
2221.6
2221.6
2221.7
2221.7
2221.8
2222.0
2222.1
2222.2
2222.3
2222.3
2222.3
2222.3
2222.5
2222.5
2222.5
2222.6
2222.6
2222.6
2222.6
2222.7
2222.7
2222.7
2222.8
2222.8
2222.9
2222.9
2223.1
2223.2
2223.2
2223.2
2223.4
2223.4
2223.5
2223.5
2223.5
2223.6
2223.6
2223.6
2223.6
2223.7
2223.8
2223.8
2223.8
2223.9
2224.1
2224.1
2224.1
2224.3
2224.4
2224.5
2224.8
2225.0
2225.1
2225.3
2225.9
2226.1
2226.2
2226.2
2226.2
2226.4
2226.7
2226.8
2226.8
2227.0
2227.1
2227.2
2227.4
2227.5
2227.5
2227.6
2227.8
2228.2
2228.6
2230.1
2230.6
2230.9
2231.0
2231.4
2231.6
2231.7
2232.4
2232.7
2236.1
2236.7
2237.4
2238.2
2239.2
2240.7
2241.0
2241.5
2241.7
2242.1
2245.5
2248.1
2249.9
2252.9
2252.9
2253.2
2340.7
2340.7
2340.7
2340.7
2340.7
2340.8
2340.8
2340.8
2340.8
2340.8
2340.8
2340.8
2340.8
2340.8
2340.8
2340.8
2340.8
2340.8
2340.8
2340.8
2340.8
2340.8
2340.8
2340.8
2340.8
2340.9
2340.9
2340.9
2340.9
2340.9
2340.9
2340.9
2340.9
2340.9
2340.9
2340.9
2340.9
2340.9
2340.9
2340.9
2340.9
2340.9
2340.9
2340.9
2340.9
2340.9
2340.9
2340.9
2340.9
2340.9
2340.9
2340.9
2340.9
2340.9
2340.9
2340.9
2340.9
2340.9
2340.9
2340.9
2340.9
2340.9
2340.9
2340.9
2340.9
2340.9
2340.9
2340.9
2340.9
2340.9
2340.9
2340.9
2340.9
2340.9
2340.9
2340.9
2340.9
2340.9
2340.9
2341.0
2341.0
2341.0
2341.0
2341.1
2341.1
2341.1
2341.1
2341.1
2341.2
2341.2
2341.2
2341.2
2341.3
2341.3
2341.4
2341.4
2341.5
2341.5
2341.5
2341.5
2345.0
2345.0
2345.0
2345.0
2345.0
2345.0
2345.0
2345.0
2345.0
2345.0
2345.0
2345.0
2345.0
2345.0
2345.0
2345.1
2345.1
2345.1
2345.1
2345.1
2345.1
2345.1
2345.1
2345.1
2345.1
2345.1
2345.1
2345.1
2345.1
2345.1
2345.1
2345.1
2345.1
2345.1
2345.1
2345.1
2345.1
2345.1
2345.1
2345.1
2345.1
2345.1
2345.1
2345.1
2345.1
2345.1
2345.1
2345.1
2345.1
2345.1
2345.1
2345.1
2345.1
2345.1
2345.1
2345.1
2345.1
2345.1
2345.1
2345.1
2345.1
2345.1
2345.1
2345.1
2345.1
2345.1
2345.1
2345.1
2345.1
2345.1
2345.1
2345.2
2345.3
2345.4
2345.4
2345.4
2345.5
2345.5
2345.6
2345.6
2345.6
2345.8
2345.8
2345.9
2346.0
2346.0
2346.0
2346.1
2346.4
2346.4
2346.4
2346.5
2346.8
2346.8
2347.1
2347.2
2347.3
2347.3
2347.3
2347.4
2348.4
2348.5
2348.5
2348.5
2348.5
2348.5
2348.5
2348.5
2348.5
2348.5
2348.5
2348.5
2348.5
2348.5
2348.5
2348.6
2348.6
2348.6
2348.6
2348.6
2348.6
2348.6
2348.6
2348.6
2348.6
2348.6
2348.6
2348.6
2348.6
2348.6
2348.6
2348.6
2348.6
2348.6
2348.6
2348.6
2348.6
2348.6
2348.6
2348.6
2348.6
2348.7
2348.7
2348.7
2348.7
2348.7
2348.7
2348.7
2348.7
2348.7
2348.7
2348.7
2348.7
2348.7
2348.7
2348.7
2348.8
2348.8
2348.8
2348.8
2348.8
2348.8
2348.9
2348.9
2348.9
2348.9
2348.9
2348.9
2349.0
2349.0
2349.1
2349.1
2349.2
2349.3
2349.4
2349.6
2349.7
2349.9
2349.9
2349.9
2350.0
2350.1
2350.1
2350.2
2350.4
2350.7
2350.7
2350.8
2351.2
2351.4
2351.5
2351.6
2352.3
2352.3
2352.6
2352.7
2352.7
2352.7
2352.7
2352.8
2352.8
2352.8
2352.9
2352.9
2352.9
2352.9
2352.9
2352.9
2352.9
2352.9
2352.9
2352.9
2352.9
2353.0
2353.0
2353.0
2353.0
2353.0
2353.0
2353.0
2353.0
2353.0
2353.1
2353.1
2353.1
2353.1
2353.1
2353.1
2353.1
2353.1
2353.1
2353.2
2353.2
2353.2
2353.2
2353.2
2353.2
2353.2
2353.2
2353.2
2353.3
2353.3
2353.3
2353.3
2353.3
2353.3
2353.3
2353.3
2353.4
2353.4
2353.4
2353.4
2353.5
2353.5
2353.5
2353.5
2353.6
2353.6
2353.6
2353.6
2353.7
2353.7
2353.7
2353.7
2353.8
2353.8
2353.8
2353.9
2353.9
2354.1
2354.4
2354.5
2354.5
2354.5
2354.7
2355.2
2355.3
2355.5
2355.7
2355.7
2355.8
2355.8
2355.9
2356.3
2356.5
2357.4
2357.6
2358.3
2358.4
2358.9
2359.3
2359.6
2359.7
2359.7
2359.8
2359.9
2360.0
2360.0
2360.0
2360.1
2360.1
2360.1
2360.2
2360.2
2360.2
2360.3
2360.3
2360.3
2360.3
2360.4
2360.4
2360.5
2360.6
2360.6
2360.6
2360.6
2360.7
2360.8
2360.8
2360.9
2360.9
2361.0
2361.0
2361.1
2361.1
2361.1
2361.1
2361.2
2361.3
2361.3
2361.3
2361.4
2361.4
2361.4
2361.4
2361.4
2361.5
2361.6
2361.6
2361.7
2361.7
2361.7
2361.8
2362.0
2362.1
2362.1
2362.1
2362.2
2362.2
2362.2
2362.4
2362.6
2362.6
2362.6
2362.8
2363.0
2363.2
2363.2
2363.5
2363.5
2363.5
2363.7
2363.7
2363.7
2363.9
2364.7
2365.1
2366.2
2366.3
2366.3
2366.8
2366.8
2367.0
2369.1
2370.3
2372.4
2372.6
2373.0
2373.2
2374.2
2375.0
2376.1
2382.2
2385.9
2386.0
2386.0
2386.0
2386.0
2386.0
2386.0
2386.0
2386.0
2386.0
2386.0
2386.0
2386.0
2386.0
2386.0
2386.0
2386.0
2386.0
2386.0
2386.0
2386.0
2386.0
2386.0
2386.0
2386.0
2386.0
2386.0
2386.0
2386.0
2386.0
2386.0
2386.0
2386.0
2386.0
2386.1
2386.1
2386.1
2386.1
2386.1
2386.1
2386.1
2386.1
2386.1
2386.1
2386.1
2386.1
2386.1
2386.1
2386.1
2386.1
2386.1
2386.1
2386.1
2386.1
2386.1
2386.1
2386.1
2386.1
2386.1
2386.1
2386.1
2386.1
2386.1
2386.1
2386.2
2386.2
2386.2
2386.2
2386.2
2386.2
2386.2
2386.2
2386.2
2386.3
2386.3
2386.3
2386.3
2386.3
2386.4
2386.4
2386.4
2386.5
2386.5
2386.5
2386.5
2386.7
2386.7
2386.8
2386.8
2386.8
2386.8
2386.9
2386.9
2387.1
2387.2
2387.3
2387.3
2387.4
2387.5
2387.6
2392.9
2392.9
2393.0
2393.0
2393.0
2393.0
2393.1
2393.1
2393.1
2393.1
2393.1
2393.1
2393.1
2393.1
2393.1
2393.2
2393.2
2393.2
2393.2
2393.2
2393.2
2393.2
2393.2
2393.3
2393.3
2393.3
2393.3
2393.3
2393.3
2393.3
2393.3
2393.3
2393.4
2393.4
2393.4
2393.4
2393.4
2393.4
2393.4
2393.4
2393.5
2393.5
2393.5
2393.5
2393.5
2393.5
2393.5
2393.6
2393.6
2393.6
2393.6
2393.6
2393.6
2393.7
2393.7
2393.7
2393.7
2393.8
2393.8
2393.8
2393.8
2393.9
2393.9
2393.9
2393.9
2394.0
2394.1
2394.1
2394.1
2394.1
2394.2
2394.2
2394.2
2394.2
2394.2
2394.3
2394.5
2394.5
2394.5
2394.7
2394.9
2394.9
2395.0
2395.1
2395.1
2395.2
2395.2
2395.2
2395.2
2395.3
2395.5
2395.6
2395.8
2395.9
2396.2
2396.2
2396.4
2396.4
2396.4
2396.5
2397.3
2397.3
2397.3
2397.3
2397.4
2397.4
2397.4
2397.4
2397.4
2397.4
2397.4
2397.4
2397.4
2397.4
2397.5
2397.5
2397.5
2397.5
2397.5
2397.5
2397.5
2397.5
2397.5
2397.5
2397.5
2397.5
2397.6
2397.6
2397.6
2397.6
2397.6
2397.7
2397.7
2397.7
2397.7
2397.7
2397.7
2397.7
2397.7
2397.7
2397.7
2397.7
2397.8
2397.8
2397.8
2397.8
2397.8
2397.8
2397.8
2397.9
2397.9
2397.9
2397.9
2397.9
2398.0
2398.0
2398.0
2398.0
2398.0
2398.0
2398.1
2398.1
2398.2
2398.2
2398.2
2398.2
2398.4
2398.4
2398.4
2398.4
2398.4
2398.4
2398.5
2398.6
2398.7
2398.8
2398.9
2398.9
2399.2
2399.4
2399.6
2399.7
2399.8
2399.8
2399.9
2399.9
2400.0
2400.1
2400.4
2400.6
2400.9
2401.2
2401.6
2401.6
2401.6
2401.7
2401.7
2401.7
2401.7
2401.8
2401.8
2401.8
2401.9
2401.9
2401.9
2401.9
2402.0
2402.0
2402.0
2402.0
2402.0
2402.0
2402.0
2402.0
2402.1
2402.1
2402.1
2402.1
2402.1
2402.1
2402.2
2402.2
2402.2
2402.2
2402.2
2402.2
2402.2
2402.2
2402.3
2402.3
2402.3
2402.3
2402.3
2402.3
2402.3
2402.3
2402.3
2402.4
2402.4
2402.4
2402.4
2402.4
2402.4
2402.5
2402.5
2402.5
2402.5
2402.5
2402.6
2402.6
2402.6
2402.6
2402.7
2402.7
2402.9
2402.9
2402.9
2403.0
2403.1
2403.1
2403.1
2403.2
2403.3
2403.3
2403.4
2403.4
2403.6
2403.6
2403.6
2403.6
2403.7
2403.8
2403.8
2404.2
2404.3
2404.4
2404.5
2404.6
2405.3
2405.3
2405.9
2405.9
2406.0
2406.1
2406.2
2406.5
2407.3
2407.6
2408.1
2408.1
2408.1
2408.3
2408.4
2408.5
2408.6
2408.6
2408.7
2408.8
2408.8
2409.0
2409.0
2409.0
2409.0
2409.1
2409.2
2409.3
2409.3
2409.4
2409.4
2409.4
2409.5
2409.6
2409.6
2409.6
2409.6
2409.6
2409.8
2409.8
2409.9
2409.9
2409.9
2409.9
2409.9
2410.0
2410.0
2410.1
2410.2
2410.2
2410.2
2410.3
2410.3
2410.4
2410.4
2410.5
2410.5
2410.5
2410.5
2410.7
2410.7
2410.8
2410.8
2410.8
2410.8
2410.8
2411.0
2411.3
2411.5
2411.5
2411.6
2411.7
2411.8
2411.9
2412.2
2412.2
2412.3
2412.3
2412.4
2412.9
2413.1
2413.3
2413.3
2413.8
2413.9
2414.1
2414.1
2414.2
2414.5
2415.3
2415.6
2416.1
2416.5
2418.1
2419.3
2419.7
2420.0
2420.1
2421.5
2421.9
2422.9
2423.3
2424.6
2426.0
2427.3
2428.7
2429.2
2435.2
2436.0
2436.2
2436.3
2436.4
2436.6
2436.7
2436.8
2436.9
2436.9
2437.0
2437.1
2437.1
2437.3
2437.4
2437.5
2437.5
2437.6
2437.6
2437.6
2437.7
2437.7
2437.7
2437.8
2437.8
2437.8
2437.8
2437.8
2437.9
2438.1
2438.2
2438.2
2438.3
2438.3
2438.4
2438.4
2438.4
2438.4
2438.5
2438.6
2438.6
2438.6
2438.7
2438.7
2438.7
2438.8
2439.0
2439.0
2439.2
2439.3
2439.6
2439.7
2439.7
2439.7
2439.7
2440.0
2440.1
2440.8
2440.8
2441.5
2443.4
2444.6
2444.8
2445.1
2446.2
2447.8
2448.3
2448.5
2449.2
2450.1
2451.1
2458.3
2479.4
2550.1
2550.1
2550.1
2550.1
2550.1
2550.1
2550.1
2550.1
2550.1
2550.1
2550.1
2550.1
2550.1
2550.1
2550.1
2550.1
2550.1
2550.1
2550.2
2550.2
2550.2
2550.2
2550.2
2550.2
2550.2
2550.2
2550.2
2550.2
2550.2
2550.2
2550.2
2550.2
2550.2
2550.2
2550.2
2550.2
2550.2
2550.2
2550.2
2550.2
2550.2
2550.2
2550.2
2550.2
2550.2
2550.2
2550.2
2550.2
2550.2
2550.2
2550.2
2550.2
2550.2
2550.2
2550.2
2550.2
2550.2
2550.2
2550.2
2550.2
2550.2
2550.2
2550.2
2550.2
2550.2
2550.2
2550.3
2550.3
2550.3
2550.3
2550.3
2550.3
2550.3
2550.3
2550.3
2550.4
2550.4
2550.4
2550.4
2550.5
2550.5
2550.5
2550.5
2550.6
2550.6
2550.6
2550.6
2550.6
2550.7
2550.7
2550.7
2550.8
2550.8
2550.8
2550.9
2551.0
2551.0
2551.0
2551.0
2551.1
2554.3
2554.3
2554.3
2554.3
2554.3
2554.3
2554.3
2554.3
2554.3
2554.3
2554.3
2554.3
2554.3
2554.3
2554.3
2554.3
2554.3
2554.3
2554.3
2554.3
2554.3
2554.3
2554.3
2554.3
2554.3
2554.3
2554.3
2554.3
2554.3
2554.3
2554.3
2554.3
2554.3
2554.3
2554.3
2554.3
2554.3
2554.3
2554.3
2554.3
2554.3
2554.3
2554.3
2554.3
2554.3
2554.3
2554.3
2554.3
2554.3
2554.3
2554.3
2554.3
2554.3
2554.3
2554.3
2554.3
2554.3
2554.3
2554.3
2554.3
2554.3
2554.3
2554.3
2554.3
2554.4
2554.4
2554.4
2554.4
2554.4
2554.4
2554.4
2554.5
2554.6
2554.7
2554.7
2554.8
2554.8
2554.8
2555.0
2555.0
2555.0
2555.2
2555.2
2555.3
2555.4
2555.4
2555.4
2555.4
2555.7
2555.8
2555.9
2555.9
2556.1
2556.2
2556.5
2556.5
2556.6
2556.6
2556.7
2556.7
2557.7
2557.7
2557.7
2557.7
2557.8
2557.8
2557.8
2557.8
2557.8
2557.8
2557.8
2557.8
2557.8
2557.8
2557.8
2557.8
2557.8
2557.8
2557.8
2557.8
2557.9
2557.9
2557.9
2557.9
2557.9
2557.9
2557.9
2557.9
2557.9
2557.9
2557.9
2557.9
2557.9
2557.9
2557.9
2557.9
2557.9
2557.9
2557.9
2557.9
2558.0
2558.0
2558.0
2558.0
2558.0
2558.0
2558.0
2558.0
2558.0
2558.0
2558.0
2558.0
2558.0
2558.0
2558.0
2558.0
2558.0
2558.1
2558.1
2558.1
2558.1
2558.2
2558.2
2558.2
2558.2
2558.2
2558.3
2558.3
2558.4
2558.4
2558.4
2558.4
2558.6
2558.7
2558.8
2559.0
2559.1
2559.3
2559.3
2559.4
2559.4
2559.6
2559.6
2559.7
2559.9
2560.2
2560.2
2560.3
2560.7
2560.9
2561.1
2561.1
2561.8
2561.8
2562.0
2562.1
2562.1
2562.1
2562.2
2562.2
2562.2
2562.2
2562.2
2562.2
2562.2
2562.3
2562.3
2562.3
2562.3
2562.3
2562.3
2562.3
2562.3
2562.4
2562.4
2562.4
2562.4
2562.4
2562.4
2562.4
2562.4
2562.4
2562.5
2562.5
2562.5
2562.5
2562.5
2562.6
2562.6
2562.6
2562.6
2562.6
2562.6
2562.6
2562.6
2562.6
2562.6
2562.6
2562.6
2562.7
2562.7
2562.7
2562.7
2562.7
2562.7
2562.8
2562.8
2562.8
2562.8
2562.8
2562.8
2562.9
2562.9
2562.9
2562.9
2563.0
2563.0
2563.1
2563.1
2563.1
2563.1
2563.1
2563.1
2563.2
2563.3
2563.3
2563.3
2563.4
2563.4
2563.7
2563.9
2564.0
2564.0
2564.0
2564.2
2564.8
2564.8
2565.2
2565.3
2565.4
2565.5
2565.5
2565.6
2566.0
2566.0
2567.2
2567.5
2568.0
2568.2
2568.7
2569.2
2569.6
2569.6
2569.6
2569.6
2569.8
2569.8
2569.8
2569.9
2569.9
2570.0
2570.1
2570.1
2570.1
2570.2
2570.2
2570.2
2570.2
2570.3
2570.4
2570.4
2570.5
2570.6
2570.7
2570.7
2570.7
2570.7
2570.8
2570.9
2571.0
2571.0
2571.0
2571.0
2571.1
2571.2
2571.2
2571.2
2571.2
2571.3
2571.3
2571.4
2571.4
2571.5
2571.5
2571.5
2571.6
2571.6
2571.7
2571.8
2571.8
2571.9
2571.9
2571.9
2572.0
2572.3
2572.3
2572.3
2572.3
2572.4
2572.4
2572.5
2572.5
2572.8
2573.1
2573.1
2573.5
2573.6
2573.6
2573.9
2573.9
2574.0
2574.1
2574.1
2574.3
2574.6
2574.9
2575.5
2577.1
2577.4
2577.6
2577.7
2577.7
2577.7
2580.5
2582.2
2585.3
2585.7
2587.5
2587.7
2592.0
2594.7
2595.2
2595.5
2595.5
2595.5
2595.5
2595.5
2595.5
2595.5
2595.5
2595.5
2595.5
2595.5
2595.5
2595.5
2595.5
2595.5
2595.5
2595.5
2595.5
2595.5
2595.5
2595.5
2595.5
2595.5
2595.5
2595.5
2595.5
2595.5
2595.5
2595.6
2595.6
2595.6
2595.6
2595.6
2595.6
2595.6
2595.6
2595.6
2595.6
2595.6
2595.6
2595.6
2595.6
2595.6
2595.6
2595.6
2595.6
2595.6
2595.6
2595.6
2595.6
2595.6
2595.6
2595.6
2595.6
2595.6
2595.6
2595.6
2595.6
2595.6
2595.6
2595.6
2595.6
2595.7
2595.7
2595.7
2595.7
2595.7
2595.7
2595.7
2595.7
2595.7
2595.7
2595.7
2595.7
2595.7
2595.8
2595.8
2595.8
2595.8
2595.9
2595.9
2595.9
2596.0
2596.0
2596.0
2596.1
2596.2
2596.2
2596.4
2596.4
2596.4
2596.6
2596.7
2596.8
2596.9
2597.0
2597.1
2597.1
2602.0
2602.4
2602.4
2602.5
2602.6
2602.6
2602.6
2602.6
2602.6
2602.7
2602.7
2602.7
2602.7
2602.7
2602.7
2602.7
2602.7
2602.7
2602.7
2602.8
2602.8
2602.8
2602.8
2602.8
2602.8
2602.8
2602.9
2602.9
2602.9
2602.9
2602.9
2602.9
2602.9
2602.9
2602.9
2602.9
2603.0
2603.0
2603.0
2603.0
2603.0
2603.0
2603.1
2603.1
2603.1
2603.1
2603.1
2603.1
2603.1
2603.2
2603.2
2603.2
2603.2
2603.2
2603.2
2603.2
2603.3
2603.3
2603.3
2603.4
2603.4
2603.4
2603.4
2603.5
2603.5
2603.5
2603.6
2603.6
2603.6
2603.7
2603.7
2603.7
2603.7
2603.7
2603.8
2603.8
2603.8
2603.8
2603.9
2604.0
2604.2
2604.4
2604.6
2604.6
2604.6
2604.7
2604.9
2604.9
2605.0
2605.1
2605.3
2605.4
2605.6
2605.7
2606.1
2606.1
2606.3
2606.3
2606.4
2606.5
2607.0
2607.0
2607.0
2607.0
2607.0
2607.1
2607.1
2607.1
2607.1
2607.1
2607.1
2607.1
2607.1
2607.1
2607.1
2607.1
2607.1
2607.2
2607.2
2607.2
2607.2
2607.2
2607.2
2607.2
2607.3
2607.3
2607.3
2607.3
2607.3
2607.3
2607.3
2607.3
2607.3
2607.3
2607.4
2607.4
2607.4
2607.4
2607.4
2607.4
2607.5
2607.5
2607.5
2607.5
2607.5
2607.6
2607.6
2607.6
2607.6
2607.6
2607.6
2607.6
2607.6
2607.7
2607.7
2607.8
2607.8
2607.8
2607.8
2607.8
2607.8
2607.9
2608.0
2608.0
2608.0
2608.1
2608.2
2608.2
2608.3
2608.3
2608.3
2608.3
2608.4
2608.5
2608.5
2608.6
2608.7
2608.7
2608.7
2608.9
2609.0
2609.2
2609.7
2609.9
2610.0
2610.2
2610.3
2610.4
2610.6
2610.9
2611.2
2611.4
2611.4
2611.4
2611.5
2611.5
2611.5
2611.6
2611.6
2611.7
2611.7
2611.7
2611.7
2611.8
2611.8
2611.8
2611.8
2611.9
2611.9
2611.9
2611.9
2612.0
2612.0
2612.0
2612.0
2612.0
2612.0
2612.0
2612.0
2612.0
2612.1
2612.1
2612.1
2612.1
2612.2
2612.2
2612.2
2612.2
2612.2
2612.2
2612.2
2612.2
2612.2
2612.3
2612.4
2612.4
2612.4
2612.4
2612.4
2612.4
2612.5
2612.5
2612.5
2612.6
2612.6
2612.6
2612.7
2612.7
2612.7
2612.8
2612.9
2612.9
2613.0
2613.0
2613.1
2613.2
2613.2
2613.3
2613.4
2613.4
2613.5
2613.7
2613.7
2613.8
2613.9
2614.0
2614.0
2614.1
2614.2
2614.2
2614.3
2614.3
2614.5
2614.9
2614.9
2615.1
2615.1
2615.3
2615.4
2615.7
2616.0
2616.5
2617.5
2617.8
2618.4
2618.4
2618.4
2618.5
2618.6
2618.7
2618.7
2618.8
2618.9
2618.9
2619.1
2619.3
2619.4
2619.4
2619.5
2619.7
2619.7
2619.8
2619.8
2619.9
2620.0
2620.0
2620.0
2620.1
2620.1
2620.2
2620.2
2620.2
2620.3
2620.3
2620.4
2620.4
2620.5
2620.6
2620.8
2620.8
2620.9
2621.0
2621.0
2621.1
2621.2
2621.2
2621.3
2621.4
2621.5
2621.5
2621.5
2621.5
2621.7
2621.7
2621.8
2621.8
2621.9
2621.9
2622.0
2622.5
2622.5
2622.9
2622.9
2623.3
2623.7
2623.7
2623.9
2624.2
2624.4
2624.5
2624.6
2624.9
2625.0
2626.2
2626.7
2626.8
2627.5
2627.9
2628.9
2629.2
2629.6
2629.7
2629.9
2630.7
2630.8
2631.4
2631.4
2631.7
2632.0
2632.0
2632.0
2632.1
2632.4
2632.8
2633.1
2633.1
2633.2
2634.2
2634.6
2635.8
2635.9
2635.9
2636.5
2638.4
2638.7
2639.5
2639.6
2640.0
2640.5
2640.6
2640.6
2640.8
2640.8
2640.9
2641.0
2641.4
2641.5
2641.6
2641.7
2641.8
2642.2
2642.3
2642.3
2642.5
2642.6
2642.6
2642.8
2642.8
2643.0
2643.1
2643.1
2643.1
2643.1
2643.1
2643.3
2643.3
2643.3
2643.4
2643.5
2643.5
2643.7
2643.7
2643.8
2643.8
2643.9
2643.9
2644.1
2644.1
2644.2
2644.3
2644.3
2644.3
2644.4
2644.5
2644.5
2644.5
2644.6
2644.6
2644.6
2644.9
2645.1
2645.2
2645.4
2645.5
2645.5
2645.6
2645.6
2645.7
2645.8
2646.0
2646.0
2646.0
2646.0
2646.0
2646.0
2646.2
2646.3
2646.3
2646.3
2646.4
2646.5
2646.5
2647.3
2647.9
2647.9
2649.4
2649.6
2649.7
2650.7
2650.7
2651.8
2652.1
2652.2
2653.2
2654.0
2654.5
2654.9
2656.2
2658.0
2658.2
2658.7
2660.0
2660.5
2661.6
2662.6
2663.6
2664.2
2664.7
2666.2
2670.8
2677.8
2688.7
2757.5
2757.5
2757.5
2757.5
2757.5
2757.5
2757.5
2757.5
2757.5
2757.5
2757.5
2757.6
2757.6
2757.6
2757.6
2757.6
2757.6
2757.6
2757.6
2757.6
2757.6
2757.6
2757.6
2757.6
2757.6
2757.6
2757.6
2757.6
2757.6
2757.6
2757.6
2757.6
2757.6
2757.6
2757.6
2757.6
2757.6
2757.6
2757.6
2757.6
2757.6
2757.6
2757.6
2757.6
2757.6
2757.6
2757.6
2757.6
2757.7
2757.7
2757.7
2757.7
2757.7
2757.7
2757.7
2757.7
2757.7
2757.7
2757.7
2757.7
2757.7
2757.7
2757.7
2757.7
2757.7
2757.7
2757.7
2757.8
2757.8
2757.8
2757.8
2757.8
2757.8
2757.8
2757.8
2757.9
2757.9
2757.9
2757.9
2758.0
2758.0
2758.1
2758.1
2758.1
2758.1
2758.1
2758.2
2758.2
2758.2
2758.2
2758.3
2758.3
2758.4
2758.4
2758.5
2758.5
2758.6
2758.6
2758.6
2758.7
2761.8
2761.8
2761.8
2761.8
2761.8
2761.8
2761.8
2761.8
2761.8
2761.9
2761.9
2761.9
2761.9
2761.9
2761.9
2761.9
2761.9
2761.9
2761.9
2761.9
2761.9
2761.9
2761.9
2761.9
2761.9
2761.9
2761.9
2761.9
2761.9
2761.9
2761.9
2761.9
2761.9
2761.9
2761.9
2761.9
2761.9
2761.9
2761.9
2761.9
2761.9
2761.9
2761.9
2761.9
2761.9
2761.9
2762.0
2762.0
2762.0
2762.0
2762.0
2762.0
2762.0
2762.0
2762.0
2762.0
2762.0
2762.0
2762.0
2762.0
2762.0
2762.0
2762.0
2762.0
2762.0
2762.0
2762.1
2762.1
2762.1
2762.1
2762.1
2762.2
2762.3
2762.4
2762.4
2762.4
2762.5
2762.5
2762.6
2762.6
2762.6
2762.8
2762.9
2762.9
2763.0
2763.0
2763.1
2763.1
2763.3
2763.4
2763.5
2763.5
2763.8
2763.8
2764.1
2764.1
2764.2
2764.2
2764.3
2764.3
2765.2
2765.2
2765.2
2765.2
2765.2
2765.3
2765.3
2765.3
2765.3
2765.3
2765.3
2765.3
2765.3
2765.3
2765.3
2765.3
2765.3
2765.4
2765.4
2765.4
2765.4
2765.4
2765.4
2765.4
2765.4
2765.4
2765.4
2765.4
2765.4
2765.4
2765.5
2765.5
2765.5
2765.5
2765.5
2765.5
2765.5
2765.5
2765.5
2765.5
2765.5
2765.5
2765.5
2765.5
2765.5
2765.5
2765.6
2765.6
2765.6
2765.6
2765.6
2765.6
2765.6
2765.7
2765.7
2765.7
2765.7
2765.7
2765.7
2765.7
2765.8
2765.8
2765.9
2765.9
2765.9
2765.9
2766.0
2766.0
2766.0
2766.0
2766.0
2766.1
2766.3
2766.4
2766.4
2766.6
2766.7
2766.9
2766.9
2767.0
2767.0
2767.1
2767.1
2767.2
2767.4
2767.7
2767.7
2767.8
2768.2
2768.4
2768.5
2768.5
2769.2
2769.2
2769.4
2769.5
2769.5
2769.5
2769.5
2769.6
2769.6
2769.6
2769.6
2769.6
2769.6
2769.7
2769.7
2769.7
2769.7
2769.7
2769.7
2769.7
2769.7
2769.8
2769.8
2769.8
2769.8
2769.8
2769.8
2769.8
2769.9
2769.9
2769.9
2769.9
2769.9
2769.9
2769.9
2769.9
2769.9
2769.9
2770.0
2770.0
2770.0
2770.0
2770.0
2770.0
2770.0
2770.1
2770.1
2770.1
2770.1
2770.1
2770.1
2770.2
2770.2
2770.2
2770.3
2770.3
2770.3
2770.3
2770.3
2770.3
2770.4
2770.4
2770.4
2770.4
2770.4
2770.4
2770.4
2770.5
2770.5
2770.6
2770.6
2770.6
2770.8
2770.8
2770.8
2770.8
2770.9
2771.1
2771.4
2771.4
2771.5
2771.5
2771.6
2772.2
2772.2
2772.5
2772.7
2772.7
2772.7
2772.7
2772.8
2773.2
2773.4
2774.3
2774.4
2775.1
2775.2
2775.7
2776.1
2776.2
2776.3
2776.4
2776.5
2776.6
2776.7
2776.7
2776.8
2776.8
2776.8
2776.8
2776.9
2776.9
2776.9
2776.9
2777.0
2777.0
2777.0
2777.0
2777.2
2777.2
2777.3
2777.3
2777.3
2777.4
2777.5
2777.5
2777.6
2777.6
2777.6
2777.7
2777.7
2777.7
2777.8
2777.9
2777.9
2777.9
2778.0
2778.0
2778.0
2778.1
2778.1
2778.2
2778.2
2778.2
2778.3
2778.3
2778.3
2778.3
2778.3
2778.4
2778.4
2778.5
2778.7
2778.8
2778.8
2778.8
2778.8
2778.8
2778.9
2778.9
2779.1
2779.3
2779.4
2779.4
2779.6
2779.8
2779.8
2780.1
2780.1
2780.2
2780.2
2780.3
2780.4
2780.5
2781.6
2782.3
2782.4
2782.5
2782.6
2783.0
2783.1
2785.2
2785.9
2786.4
2786.4
2787.1
2788.0
2788.2
2788.8
2789.0
2792.3
2796.9
2802.5
2802.8
2802.8
2802.8
2802.8
2802.8
2802.8
2802.8
2802.8
2802.8
2802.8
2802.8
2802.8
2802.8
2802.8
2802.9
2802.9
2802.9
2802.9
2802.9
2802.9
2802.9
2802.9
2802.9
2802.9
2802.9
2802.9
2802.9
2802.9
2802.9
2802.9
2802.9
2802.9
2802.9
2802.9
2802.9
2802.9
2802.9
2802.9
2802.9
2802.9
2802.9
2802.9
2802.9
2802.9
2802.9
2802.9
2802.9
2802.9
2802.9
2802.9
2802.9
2802.9
2802.9
2803.0
2803.0
2803.0
2803.0
2803.0
2803.0
2803.0
2803.0
2803.0
2803.0
2803.0
2803.0
2803.0
2803.0
2803.1
2803.1
2803.1
2803.1
2803.1
2803.1
2803.1
2803.1
2803.2
2803.2
2803.2
2803.2
2803.3
2803.3
2803.3
2803.3
2803.5
2803.5
2803.6
2803.6
2803.6
2803.6
2803.6
2803.7
2803.7
2803.9
2803.9
2804.0
2804.1
2804.2
2804.3
2804.3
2809.6
2809.7
2809.7
2809.8
2809.9
2809.9
2809.9
2809.9
2809.9
2809.9
2810.0
2810.0
2810.0
2810.0
2810.0
2810.0
2810.0
2810.0
2810.0
2810.0
2810.1
2810.1
2810.1
2810.1
2810.1
2810.1
2810.1
2810.1
2810.1
2810.1
2810.1
2810.2
2810.2
2810.2
2810.2
2810.2
2810.2
2810.2
2810.2
2810.3
2810.3
2810.3
2810.3
2810.3
2810.3
2810.4
2810.4
2810.4
2810.4
2810.4
2810.4
2810.5
2810.5
2810.5
2810.5
2810.5
2810.5
2810.6
2810.6
2810.6
2810.6
2810.7
2810.7
2810.7
2810.7
2810.8
2810.9
2810.9
2810.9
2810.9
2811.0
2811.0
2811.0
2811.0
2811.0
2811.1
2811.2
2811.3
2811.5
2811.6
2811.7
2811.8
2811.9
2812.0
2812.0
2812.0
2812.1
2812.1
2812.2
2812.3
2812.4
2812.5
2812.8
2812.8
2813.2
2813.2
2813.4
2813.4
2813.6
2813.6
2814.0
2814.1
2814.1
2814.1
2814.1
2814.1
2814.2
2814.2
2814.2
2814.2
2814.2
2814.2
2814.2
2814.2
2814.2
2814.3
2814.3
2814.3
2814.3
2814.3
2814.3
2814.3
2814.3
2814.3
2814.4
2814.4
2814.4
2814.4
2814.4
2814.4
2814.4
2814.4
2814.4
2814.5
2814.5
2814.5
2814.5
2814.5
2814.5
2814.5
2814.5
2814.5
2814.5
2814.5
2814.6
2814.6
2814.7
2814.7
2814.7
2814.7
2814.8
2814.8
2814.8
2814.8
2814.8
2814.8
2814.9
2814.9
2814.9
2814.9
2814.9
2815.0
2815.1
2815.1
2815.1
2815.2
2815.4
2815.4
2815.4
2815.4
2815.4
2815.5
2815.6
2815.7
2815.7
2815.9
2815.9
2816.0
2816.2
2816.7
2817.0
2817.0
2817.0
2817.1
2817.2
2817.2
2817.4
2817.6
2817.6
2817.9
2818.2
2818.2
2818.3
2818.3
2818.3
2818.3
2818.5
2818.5
2818.5
2818.5
2818.5
2818.5
2818.6
2818.6
2818.6
2818.6
2818.7
2818.7
2818.7
2818.8
2818.8
2818.8
2818.8
2818.8
2818.8
2818.9
2818.9
2818.9
2818.9
2818.9
2818.9
2818.9
2818.9
2819.0
2819.0
2819.0
2819.0
2819.1
2819.1
2819.1
2819.2
2819.2
2819.2
2819.2
2819.2
2819.2
2819.2
2819.2
2819.2
2819.3
2819.4
2819.4
2819.5
2819.5
2819.5
2819.5
2819.6
2819.6
2819.6
2819.7
2819.7
2819.9
2819.9
2820.0
2820.0
2820.1
2820.1
2820.1
2820.2
2820.4
2820.7
2820.7
2820.8
2820.8
2820.9
2820.9
2821.0
2821.1
2821.2
2821.2
2821.2
2821.4
2821.4
2821.7
2821.8
2822.1
2822.1
2822.3
2823.2
2823.9
2824.3
2824.4
2824.4
2824.5
2824.5
2824.6
2824.6
2824.7
2824.7
2824.8
2824.8
2825.0
2825.1
2825.2
2825.2
2825.2
2825.3
2825.4
2825.4
2825.4
2825.5
2825.5
2825.7
2825.7
2825.7
2825.8
2825.8
2825.9
2826.0
2826.1
2826.1
2826.1
2826.2
2826.2
2826.2
2826.3
2826.4
2826.5
2826.5
2826.5
2826.6
2826.7
2826.7
2826.7
2826.7
2826.8
2826.8
2827.0
2827.0
2827.1
2827.2
2827.3
2827.3
2827.5
2827.5
2827.6
2827.6
2827.6
2827.7
2827.8
2828.0
2828.3
2828.4
2828.4
2828.8
2828.9
2829.1
2829.5
2829.6
2829.6
2829.7
2830.2
2830.7
2831.4
2832.4
2833.0
2833.3
2833.3
2834.3
2834.5
2835.5
2835.8
2837.2
2839.6
2839.9
2840.9
2840.9
2841.3
2841.6
2844.4
2846.1
2848.1
2849.1
2849.4
2850.6
2852.4
2852.6
2852.7
2852.7
2852.8
2853.6
2853.7
2854.0
2854.1
2855.6
2855.6
2855.8
2855.9
2856.0
2856.0
2856.1
2856.3
2856.5
2856.6
2856.7
2856.8
2857.1
2857.3
2857.4
2857.5
2857.7
2858.0
2858.0
2858.1
2858.4
2858.4
2859.0
2859.2
2859.8
2859.9
2860.0
2860.1
2860.2
2860.4
2860.5
2860.6
2860.8
2861.4
2861.4
2861.4
2861.6
2861.8
2861.9
2862.0
2862.0
2862.1
2862.3
2862.4
2862.4
2862.5
2862.6
2862.9
2863.3
2863.3
2863.4
2863.4
2863.4
2863.5
2864.2
2864.3
2864.4
2864.7
2864.7
2864.9
2865.3
2865.5
2865.8
2866.1
2866.1
2866.9
2867.4
2867.6
2867.7
2868.1
2869.3
2870.1
2871.1
2871.2
2872.0
2872.4
2872.9
2874.3
2874.4
2874.5
2875.2
2875.3
2875.4
2875.6
2876.1
2880.6
2966.0
2966.0
2966.0
2966.0
2966.0
2966.0
2966.0
2966.0
2966.0
2966.0
2966.0
2966.0
2966.0
2966.0
2966.0
2966.0
2966.0
2966.0
2966.0
2966.0
2966.0
2966.0
2966.0
2966.0
2966.0
2966.0
2966.0
2966.0
2966.0
2966.0
2966.1
2966.1
2966.1
2966.1
2966.1
2966.1
2966.1
2966.1
2966.1
2966.1
2966.1
2966.1
2966.1
2966.1
2966.1
2966.1
2966.1
2966.1
2966.1
2966.1
2966.1
2966.1
2966.1
2966.1
2966.1
2966.1
2966.1
2966.1
2966.1
2966.1
2966.1
2966.1
2966.1
2966.1
2966.1
2966.1
2966.1
2966.1
2966.1
2966.1
2966.2
2966.2
2966.2
2966.2
2966.2
2966.2
2966.3
2966.3
2966.3
2966.3
2966.3
2966.4
2966.4
2966.4
2966.5
2966.5
2966.5
2966.5
2966.6
2966.6
2966.6
2966.7
2966.7
2966.7
2966.8
2966.9
2966.9
2966.9
2966.9
2967.0
2970.1
2970.1
2970.1
2970.1
2970.1
2970.1
2970.1
2970.1
2970.1
2970.1
2970.2
2970.2
2970.2
2970.2
2970.2
2970.2
2970.2
2970.2
2970.2
2970.2
2970.2
2970.2
2970.2
2970.2
2970.2
2970.2
2970.2
2970.2
2970.2
2970.2
2970.2
2970.2
2970.2
2970.2
2970.2
2970.2
2970.2
2970.2
2970.2
2970.2
2970.2
2970.2
2970.2
2970.2
2970.2
2970.2
2970.2
2970.2
2970.2
2970.2
2970.2
2970.2
2970.2
2970.2
2970.2
2970.3
2970.3
2970.3
2970.3
2970.3
2970.3
2970.3
2970.3
2970.3
2970.3
2970.3
2970.4
2970.4
2970.4
2970.4
2970.4
2970.5
2970.6
2970.7
2970.8
2970.8
2970.9
2970.9
2971.0
2971.0
2971.0
2971.2
2971.2
2971.3
2971.4
2971.4
2971.4
2971.5
2971.7
2971.8
2971.8
2971.9
2972.1
2972.2
2972.5
2972.5
2972.6
2972.6
2972.6
2972.7
2973.6
2973.6
2973.6
2973.6
2973.6
2973.6
2973.6
2973.6
2973.7
2973.7
2973.7
2973.7
2973.7
2973.7
2973.7
2973.7
2973.7
2973.7
2973.7
2973.7
2973.7
2973.7
2973.7
2973.7
2973.7
2973.7
2973.8
2973.8
2973.8
2973.8
2973.8
2973.8
2973.8
2973.8
2973.8
2973.8
2973.8
2973.8
2973.8
2973.8
2973.8
2973.9
2973.9
2973.9
2973.9
2973.9
2973.9
2973.9
2973.9
2973.9
2973.9
2974.0
2974.0
2974.0
2974.0
2974.0
2974.0
2974.1
2974.1
2974.1
2974.2
2974.2
2974.2
2974.3
2974.3
2974.3
2974.3
2974.4
2974.4
2974.4
2974.4
2974.5
2974.6
2974.8
2974.8
2975.0
2975.1
2975.3
2975.4
2975.4
2975.4
2975.5
2975.5
2975.7
2975.8
2976.1
2976.2
2976.3
2976.6
2976.8
2977.0
2977.0
2977.6
2977.7
2977.9
2977.9
2978.0
2978.0
2978.0
2978.1
2978.1
2978.1
2978.1
2978.1
2978.1
2978.1
2978.2
2978.2
2978.2
2978.2
2978.2
2978.2
2978.2
2978.2
2978.3
2978.3
2978.3
2978.3
2978.3
2978.3
2978.3
2978.3
2978.3
2978.3
2978.4
2978.4
2978.4
2978.4
2978.4
2978.5
2978.5
2978.5
2978.5
2978.5
2978.5
2978.5
2978.5
2978.5
2978.6
2978.6
2978.6
2978.6
2978.6
2978.6
2978.7
2978.7
2978.7
2978.8
2978.8
2978.8
2978.8
2978.8
2978.8
2978.9
2978.9
2978.9
2978.9
2978.9
2979.0
2979.0
2979.1
2979.1
2979.1
2979.2
2979.2
2979.3
2979.3
2979.4
2979.5
2979.6
2979.9
2980.0
2980.1
2980.1
2980.2
2980.8
2980.8
2981.1
2981.3
2981.3
2981.4
2981.4
2981.5
2981.8
2982.1
2983.0
2983.2
2983.8
2984.0
2984.4
2985.0
2985.1
2985.5
2985.5
2985.5
2985.6
2985.7
2985.8
2985.8
2985.8
2985.8
2985.8
2986.0
2986.0
2986.0
2986.0
2986.1
2986.1
2986.2
2986.2
2986.2
2986.4
2986.4
2986.4
2986.5
2986.6
2986.6
2986.7
2986.8
2986.8
2986.8
2986.9
2987.0
2987.0
2987.0
2987.0
2987.1
2987.1
2987.2
2987.2
2987.2
2987.2
2987.3
2987.3
2987.4
2987.5
2987.5
2987.5
2987.6
2987.6
2987.6
2987.6
2987.8
2987.8
2987.8
2987.9
2987.9
2988.0
2988.1
2988.1
2988.2
2988.3
2988.3
2988.5
2988.7
2988.9
2989.2
2989.4
2989.4
2989.5
2989.6
2989.6
2989.6
2989.7
2989.8
2990.5
2991.2
2991.7
2992.4
2992.6
2992.7
2992.9
2993.1
2995.7
2996.1
2996.3
2997.1
2998.7
