52
54
55
56
57
58
59
61
62
64
66
67
69
71
72
73
74
75
76
77
78
79
80
81
32
35
37
38
39
41
42
43
44
45
46
47
48
49
50
51
53
60
63
65
68
70
14
15
17
18
19
20
21
22
23
24
25
26
27
28
29
30
31
33
34
36
40
82
83
84
85
86
9
10
11
12
13
16
87
7
6
8
88
89
4
5
2
3
90
91
92
93
94
1
95
96
97
99
98
0
76
77
78
79
81
55
74
75
80
57
52
56
67
72
73
51
53
54
58
59
61
62
66
69
71
46
47
48
49
50
60
63
64
68
70
65
35
37
33
36
38
39
41
42
44
32
40
43
45
31
34
27
28
30
82
83
20
26
29
19
21
22
23
24
25
84
14
15
17
18
13
16
86
11
12
85
10
9
87
7
8
88
6
89
5
4
90
3
91
2
92
94
93
59
63
65
73
58
62
70
55
66
71
76
79
51
60
67
68
74
80
52
53
56
64
69
75
78
96
57
72
98
50
54
61
83
82
95
99
48
49
81
97
47
86
46
43
45
77
44
84
87
41
42
40
39
35
38
1
37
31
33
34
85
30
28
32
36
27
89
29
26
23
19
22
24
25
21
88
18
20
17
59
16
10
15
55
51
63
13
58
65
12
52
50
48
56
62
53
60
73
49
54
45
71
11
57
47
64
66
70
67
43
44
46
90
9
42
68
14
39
74
40
41
91
61
69
35
75
37
33
38
79
72
31
76
80
92
30
5
4
32
7
28
29
34
27
6
78
83
26
24
0
8
23
36
82
2
22
19
3
21
25
18
17
81
86
94
84
20
87
10
12
77
98
15
45
48
59
50
51
49
16
42
13
39
93
31
37
44
1
11
58
52
55
33
63
65
41
43
35
47
9
40
24
56
53
32
55
56
57
74
75
76
77
78
79
80
81
46
47
48
49
50
51
52
53
54
58
59
60
61
62
63
64
65
66
67
68
69
70
71
72
73
31
32
33
34
35
36
37
38
39
40
41
42
43
44
45
82
83
84
11
12
13
14
15
16
17
18
19
20
21
22
23
24
25
26
27
28
29
30
85
86
9
10
87
7
6
8
88
89
4
5
2
3
90
91
92
93
94
1
95
96
97
98
99
0
76
77
78
79
81
55
74
75
80
57
52
54
56
59
67
72
73
51
53
58
61
62
64
66
69
71
46
47
48
49
50
60
63
65
68
70
35
37
33
36
38
39
41
42
44
32
40
43
45
31
34
20
26
27
28
30
82
83
22
24
25
29
84
18
19
21
23
14
15
17
12
13
16
85
86
11
10
9
87
7
8
88
6
89
5
4
3
90
2
91
92
94
93
1
95
96
97
99
98
46
47
48
49
50
51
52
53
54
55
56
57
58
59
60
61
62
63
64
65
66
67
68
69
70
71
72
73
74
75
76
77
78
79
80
81
20
26
27
28
30
31
32
33
34
35
36
37
38
39
40
41
42
43
44
45
82
83
10
11
12
13
14
15
16
17
18
19
21
22
23
24
25
29
84
85
86
9
87
7
6
8
88
89
4
5
2
3
90
91
92
1
93
94
95
96
97
98
99
0
77
78
79
74
75
76
80
81
55
57
56
67
72
73
50
51
52
53
54
58
59
61
62
66
69
71
46
47
48
49
63
64
70
60
65
68
35
36
37
38
39
33
41
42
44
32
34
40
43
45
31
26
27
28
29
30
82
83
20
22
25
19
21
23
24
84
14
15
17
18
13
16
86
11
12
85
10
9
87
7
8
88
6
89
5
4
90
3
91
92
2
94
93
59
63
73
62
65
70
58
66
71
55
60
67
74
76
79
80
96
51
68
69
78
98
52
53
56
64
75
57
72
50
54
61
83
99
95
82
97
81
48
49
47
86
77
46
43
45
84
87
44
41
42
40
39
35
38
37
85
1
31
33
34
30
28
32
36
89
27
29
26
24
25
19
22
23
88
21
59
18
17
20
63
65
55
51
52
58
62
56
50
53
60
48
73
54
57
70
71
64
66
49
15
16
67
10
13
45
47
12
68
44
43
74
46
61
69
75
42
76
39
90
91
40
79
41
72
80
92
78
38
11
35
33
9
83
14
37
31
30
34
82
32
28
27
36
29
81
26
23
22
19
86
24
94
87
21
0
18
25
48
5
51
55
8
45
6
59
84
50
52
77
49
17
42
56
44
46
47
53
58
63
65
4
20
39
43
54
60
62
10
15
57
16
35
37
38
41
64
66
67
70
71
73
7
12
33
40
61
68
69
72
74
75
76
78
79
80
13
14
30
31
32
34
81
85
11
19
22
26
27
28
29
36
82
83
89
93
2
3
9
23
24
48
18
21
25
55
86
51
87
88
45
98
1
90
91
96
5
92
95
97
8
99
94
6
59
0
84
50
77
49
52
17
42
56
39
58
20
44
46
47
53
54
63
37
43
65
10
33
35
41
62
15
31
38
40
4
12
16
24
27
28
29
32
57
60
11
13
19
23
30
34
73
74
7
14
22
26
71
75
79
64
66
67
76
9
18
21
36
61
72
78
80
25
68
69
70
81
48
45
55
3
51
2
82
83
85
5
86
6
8
59
89
87
88
1
90
93
98
91
92
0
96
95
94
97
84
17
99
20
24
10
19
39
4
12
50
11
30
16
42
7
14
15
22
31
33
9
27
32
40
23
26
28
37
13
29
35
77
18
21
3
5
25
38
52
41
43
58
44
76
8
34
79
6
49
75
2
73
74
36
63
80
46
47
83
72
53
65
54
69
71
78
82
85
86
70
87
66
81
67
45
62
1
64
89
61
0
48
68
56
57
60
93
88
78
46
47
48
49
50
51
52
53
54
55
56
57
58
59
60
61
62
63
64
65
66
67
68
69
70
71
72
73
74
75
76
77
79
80
81
17
18
19
20
21
22
23
24
25
26
27
28
29
30
31
32
33
34
35
36
37
38
39
40
41
42
43
44
45
82
83
84
9
10
11
12
13
14
15
16
85
86
87
7
8
4
5
6
88
89
3
90
2
91
92
1
93
94
95
96
97
98
99
0
77
78
79
74
75
76
80
81
55
57
56
67
73
51
52
54
59
62
66
69
71
72
48
49
50
53
58
61
63
64
70
46
47
60
65
68
35
36
37
38
39
33
41
42
44
32
34
40
43
45
28
31
26
27
29
30
82
83
20
22
24
25
19
21
23
84
14
15
17
18
12
13
16
11
85
86
10
9
87
7
8
88
6
89
5
4
3
90
2
91
92
94
93
1
95
96
97
99
77
81
46
47
48
49
50
51
52
53
54
55
56
57
58
59
60
61
62
63
64
66
67
68
69
70
71
72
73
74
75
76
78
79
80
26
27
28
29
30
31
32
33
34
35
36
37
38
39
40
41
42
43
44
45
65
82
83
11
12
13
14
15
16
17
18
19
20
21
22
23
24
25
84
85
86
9
10
87
7
8
88
4
5
6
89
98
3
90
91
2
92
1
93
94
95
96
97
99
0
77
78
75
76
79
80
81
55
57
74
56
67
73
51
52
54
59
66
71
72
48
49
50
53
58
61
62
63
64
69
70
46
47
60
65
68
37
33
35
36
38
39
42
32
40
41
43
44
45
34
27
28
31
83
20
26
29
30
82
19
21
22
23
24
25
84
14
15
17
18
13
86
12
16
85
11
10
9
87
88
89
7
8
90
91
92
94
98
6
93
5
55
59
4
51
52
56
58
62
63
65
73
96
50
53
57
67
54
60
66
70
71
74
76
79
48
64
75
49
69
78
80
95
47
61
68
97
99
72
45
46
3
43
44
2
42
81
39
40
41
35
38
77
37
33
83
31
82
30
34
36
32
27
28
29
26
86
84
23
22
19
21
24
1
25
18
87
20
17
16
15
85
10
12
13
11
59
55
51
52
9
14
48
50
58
56
65
45
49
63
62
53
54
47
39
44
89
42
43
73
57
60
46
71
0
35
40
37
41
64
66
33
67
70
74
7
31
38
5
68
4
61
6
30
76
32
79
8
69
75
27
28
34
88
29
72
3
24
26
80
19
22
23
90
36
78
2
21
91
92
18
25
98
17
81
82
83
20
10
12
94
77
15
39
16
45
48
84
11
55
13
51
42
31
37
14
9
35
59
49
44
40
86
52
93
96
50
95
38
43
51
52
53
54
55
56
57
58
59
61
62
66
67
69
71
72
73
74
75
76
77
78
79
80
81
27
28
29
30
31
32
33
34
35
36
37
39
40
41
42
44
45
46
47
48
49
50
60
63
64
65
68
70
83
10
11
12
13
14
15
16
17
18
19
20
21
22
23
24
25
26
82
84
85
86
9
87
7
6
8
88
89
4
5
2
3
90
91
92
1
93
94
95
96
97
98
99
0
78
75
76
77
79
80
81
55
74
56
57
67
73
43
51
52
54
58
59
71
72
38
50
53
61
62
63
64
66
69
70
46
47
48
49
60
65
68
37
33
35
36
39
41
42
32
34
40
44
45
27
28
30
31
20
26
29
82
83
19
21
22
23
24
25
84
14
15
17
18
13
12
16
85
86
11
10
9
87
7
8
88
6
89
5
4
3
90
2
91
92
94
93
1
95
96
97
99
55
56
57
67
73
74
75
76
77
78
79
80
81
31
32
33
34
35
36
37
38
39
40
41
42
43
44
45
46
47
48
49
50
51
52
53
54
58
59
60
61
62
63
64
65
66
68
69
70
71
72
11
12
13
14
15
16
17
18
19
20
21
22
23
24
25
26
27
28
29
30
82
83
84
85
86
9
10
87
6
7
8
88
89
4
5
2
3
90
91
92
93
94
1
95
96
97
99
98
0
76
77
78
79
55
74
75
80
81
57
51
52
54
56
59
67
72
73
50
53
58
61
62
66
69
71
46
47
48
49
60
63
64
65
68
70
37
33
35
36
38
39
42
32
40
41
43
44
34
45
27
28
31
20
26
29
30
82
83
19
22
23
24
25
14
15
17
18
21
84
13
12
16
85
86
11
10
9
87
7
8
88
6
89
5
4
3
90
2
91
92
94
93
1
95
96
97
99
98
55
57
74
75
76
77
78
79
80
81
32
33
34
35
36
37
38
39
40
41
42
43
44
45
46
47
48
49
50
51
52
53
54
56
58
59
60
61
62
63
64
65
66
67
68
69
70
71
72
73
11
12
13
14
15
16
17
18
19
20
21
22
23
24
25
26
27
28
29
30
31
82
83
84
85
86
9
10
87
7
8
88
4
5
6
89
2
3
90
91
92
93
94
1
95
96
97
99
98
0
76
77
78
79
55
74
75
80
81
57
51
52
54
56
67
72
73
50
53
58
59
61
62
66
69
71
46
47
48
49
60
63
64
65
68
70
37
33
35
36
38
39
42
32
40
41
43
44
34
45
28
31
20
26
27
29
30
82
83
19
22
24
25
17
18
21
23
84
13
14
15
12
16
86
11
85
10
9
87
7
8
88
6
89
5
4
3
90
2
91
92
94
93
1
96
95
63
98
73
62
70
58
59
65
97
71
79
66
69
74
78
99
60
83
72
76
52
68
75
55
67
80
51
53
61
56
57
81
82
50
54
64
77
49
48
47
84
86
87
89
46
85
92
44
43
45
42
41
90
88
91
35
40
38
39
94
59
37
63
65
62
70
58
34
73
71
55
66
51
67
52
60
79
56
74
69
30
53
57
68
76
64
50
33
72
31
54
78
80
83
61
75
32
36
49
82
29
28
47
48
93
27
81
26
46
87
86
55
57
74
75
76
77
78
79
80
81
32
33
34
35
36
37
38
39
40
41
42
43
44
45
46
47
48
49
50
51
52
53
54
56
58
59
60
61
62
63
64
65
66
67
68
69
70
71
72
73
11
12
13
14
15
16
17
18
19
20
21
22
23
24
25
26
27
28
29
30
31
82
83
84
85
86
9
10
87
7
8
88
4
5
6
89
2
3
90
91
92
93
94
1
95
96
97
99
98
0
76
77
78
79
55
74
75
80
81
57
51
52
54
56
67
72
73
50
53
58
59
61
62
66
69
71
46
47
48
49
60
63
64
65
68
70
37
33
35
36
38
39
42
32
40
41
43
44
34
45
28
31
20
26
27
29
30
82
83
19
22
24
25
17
18
21
23
84
13
14
15
12
16
86
11
85
10
9
87
7
8
88
6
89
5
4
3
90
2
91
92
94
93
1
95
96
97
99
98
55
57
74
75
76
77
78
79
80
81
32
33
34
35
36
37
38
39
40
41
42
43
44
45
46
47
48
49
50
51
52
53
54
56
58
59
60
61
62
63
64
65
66
67
68
69
70
71
72
73
11
12
13
14
15
16
17
18
19
20
21
22
23
24
25
26
27
28
29
30
31
82
83
84
85
86
9
10
87
7
8
88
4
5
6
89
2
3
90
91
92
93
94
1
95
96
97
99
98
0
76
77
78
79
55
74
75
80
81
57
51
52
54
56
67
72
73
50
53
58
59
61
62
66
69
71
46
47
48
49
60
63
64
65
68
70
37
33
35
36
38
39
42
32
40
41
43
44
34
45
28
31
20
26
27
29
30
82
83
19
22
24
25
17
18
21
23
84
13
14
15
12
16
86
11
85
10
9
87
7
8
88
6
89
5
4
3
90
2
91
92
94
93
1
96
95
98
63
73
62
70
58
59
65
79
97
99
71
74
78
66
69
83
60
72
76
67
68
75
52
55
80
51
53
61
56
57
81
82
50
54
64
77
49
84
47
48
86
87
89
46
85
44
43
45
92
42
41
90
88
91
35
38
40
39
63
59
65
62
70
37
58
34
73
71
94
66
55
51
67
74
79
60
53
52
57
76
68
69
56
64
72
80
30
50
75
61
78
33
54
83
32
82
31
36
48
49
81
28
47
55
57
74
75
76
77
78
79
80
81
32
33
34
35
36
37
38
39
40
41
42
43
44
45
46
47
48
49
50
51
52
53
54
56
58
59
60
61
62
63
64
65
66
67
68
69
70
71
72
73
11
12
13
14
15
16
17
18
19
20
21
22
23
24
25
26
27
28
29
30
31
82
83
84
85
86
9
10
87
7
8
88
4
5
6
89
2
3
90
91
92
93
94
1
95
96
97
99
98
0
76
77
78
79
55
74
75
80
81
57
51
52
54
56
67
72
73
50
53
58
59
61
62
66
69
71
46
47
48
49
60
63
64
65
68
70
37
33
35
36
38
39
42
32
40
41
43
44
34
45
27
28
31
20
26
29
30
82
83
19
22
24
25
17
18
21
23
84
13
14
15
12
16
86
11
85
10
9
87
7
8
88
6
89
5
4
3
90
2
91
92
94
93
1
95
96
97
99
98
55
57
74
75
76
77
78
79
80
81
32
33
34
35
36
37
38
39
40
41
42
43
44
45
46
47
48
49
50
51
52
53
54
56
58
59
60
61
62
63
64
65
66
67
68
69
70
71
72
73
11
12
13
14
15
16
17
18
19
20
21
22
23
24
25
26
27
28
29
30
31
82
83
84
85
86
9
10
87
7
8
88
4
5
6
89
2
3
90
91
92
93
94
1
95
96
97
99
98
0
76
77
78
79
55
74
75
80
81
57
51
52
54
56
67
72
73
50
53
58
59
61
62
66
69
71
46
47
48
49
60
63
64
65
68
70
37
33
35
36
38
39
42
32
40
41
43
44
34
45
28
31
20
26
27
29
30
82
83
19
22
24
25
17
18
21
23
84
13
14
15
12
16
86
11
85
10
9
87
7
8
88
6
89
5
4
3
90
2
91
92
94
93
1
96
95
98
63
73
62
70
58
59
65
97
79
99
66
69
71
74
78
83
60
72
76
52
67
68
75
80
55
61
51
53
56
81
57
82
50
54
64
77
49
47
48
84
86
87
89
46
85
44
43
45
92
42
41
90
88
91
35
38
40
39
63
59
65
62
70
37
58
34
73
71
66
94
55
67
74
51
53
79
60
52
76
57
68
69
56
64
30
75
72
80
78
50
61
33
83
54
82
32
31
36
48
81
49
55
57
74
75
76
77
78
79
80
81
32
33
34
35
36
37
38
39
40
41
42
43
44
45
46
47
48
49
50
51
52
53
54
56
58
59
60
61
62
63
64
65
66
67
68
69
70
71
72
73
11
12
13
14
15
16
17
18
19
20
21
22
23
24
25
26
27
28
29
30
31
82
83
84
85
86
9
10
87
7
8
88
4
5
6
89
2
3
90
91
92
93
94
1
95
96
97
99
98
0
76
77
78
79
55
74
75
80
81
57
51
52
54
56
67
72
73
50
53
58
59
61
62
66
69
71
46
47
48
49
60
63
64
65
68
70
37
33
35
36
38
39
42
32
40
41
43
44
34
45
27
28
31
20
26
29
30
82
83
19
22
24
25
17
18
21
23
84
13
14
15
12
16
86
11
85
10
9
87
7
8
88
6
89
5
4
3
90
2
91
92
94
93
1
95
96
97
99
98
55
57
74
75
76
77
78
79
80
81
32
33
34
35
36
37
38
39
40
41
42
43
44
45
46
47
48
49
50
51
52
53
54
56
58
59
60
61
62
63
64
65
66
67
68
69
70
71
72
73
11
12
13
14
15
16
17
18
19
20
21
22
23
24
25
26
27
28
29
30
31
82
83
84
85
86
9
10
87
7
8
88
4
5
6
89
2
3
90
91
92
93
94
1
95
96
97
99
98
0
76
77
78
79
55
74
75
80
81
57
51
52
54
56
67
72
73
50
53
58
59
61
62
66
69
71
46
47
48
49
60
63
64
65
68
70
37
33
35
36
38
39
42
32
40
41
43
44
34
45
28
31
20
26
27
29
30
82
83
19
22
24
25
17
18
21
23
84
13
14
15
12
16
86
11
85
10
9
87
7
8
88
6
89
5
4
3
90
2
91
92
94
93
1
96
95
98
63
73
62
70
58
59
65
97
79
99
66
69
71
74
78
83
60
72
76
52
67
68
75
80
55
61
51
53
56
81
57
82
50
54
64
77
49
47
48
84
86
87
89
46
85
44
43
45
92
42
41
90
88
91
35
38
40
39
63
59
65
70
62
37
58
34
71
73
66
94
74
67
53
55
79
51
52
60
68
76
69
57
33
75
56
30
64
78
72
50
61
80
83
54
31
36
82
32
48
81
28
55
57
74
75
76
77
78
79
80
81
32
33
34
35
36
37
38
39
40
41
42
43
44
45
46
47
48
49
50
51
52
53
54
56
58
59
60
61
62
63
64
65
66
67
68
69
70
71
72
73
11
12
13
14
15
16
17
18
19
20
21
22
23
24
25
26
27
28
29
30
31
82
83
84
85
86
9
10
87
7
8
88
4
5
6
89
2
3
90
91
92
93
94
1
95
96
97
99
98
0
76
77
78
79
55
74
75
80
81
57
51
52
54
56
67
72
73
50
53
58
59
61
62
66
69
71
46
47
48
49
60
63
64
65
68
70
37
33
35
36
38
39
42
32
40
41
43
44
34
45
27
28
31
20
26
29
30
82
83
19
22
24
25
17
18
21
23
84
13
14
15
12
16
86
11
85
10
9
87
7
8
88
6
89
5
4
3
90
2
91
92
94
93
1
95
96
97
99
98
55
57
74
75
76
77
78
79
80
81
32
33
34
35
36
37
38
39
40
41
42
43
44
45
46
47
48
49
50
51
52
53
54
56
58
59
60
61
62
63
64
65
66
67
68
69
70
71
72
73
11
12
13
14
15
16
17
18
19
20
21
22
23
24
25
26
27
28
29
30
31
82
83
84
85
86
9
10
87
7
8
88
4
5
6
89
2
3
90
91
92
93
94
1
95
96
97
99
98
0
76
77
78
79
55
74
75
80
81
57
51
52
54
56
67
72
73
50
53
58
59
61
62
66
69
71
46
47
48
49
60
63
64
65
68
70
37
33
35
36
38
39
42
32
40
41
43
44
34
45
28
31
20
26
27
29
30
82
83
19
22
24
25
17
18
21
23
84
13
14
15
12
16
86
11
85
10
9
87
7
8
88
6
89
5
4
3
90
2
91
92
94
93
1
96
95
98
63
73
62
70
58
59
97
65
79
99
66
69
71
74
78
83
60
72
76
52
67
68
75
80
55
61
51
53
56
81
57
82
50
64
54
77
49
47
84
48
86
87
89
46
85
44
43
45
92
42
41
90
88
91
35
38
40
39
63
59
65
70
58
62
37
34
73
71
94
66
74
55
53
67
79
60
51
52
76
69
68
57
75
30
56
64
72
78
33
50
83
54
61
80
32
82
36
31
55
57
74
75
76
77
78
79
80
81
32
33
34
35
36
37
38
39
40
41
42
43
44
45
46
47
48
49
50
51
52
53
54
56
58
59
60
61
62
63
64
65
66
67
68
69
70
71
72
73
11
12
13
14
15
16
17
18
19
20
21
22
23
24
25
26
27
28
29
30
31
82
83
84
85
86
9
10
87
7
8
88
4
5
6
89
2
3
90
91
92
93
94
1
95
96
97
99
98
0
76
77
78
79
55
74
75
80
81
57
51
52
54
56
67
72
73
50
53
58
59
61
62
66
69
71
46
47
48
49
60
63
64
65
68
70
37
33
35
36
38
39
42
32
40
41
43
44
34
45
27
28
31
20
26
29
30
82
83
19
22
24
25
17
18
21
23
84
13
14
15
12
16
86
11
85
10
9
87
7
8
88
6
89
5
4
3
90
2
91
92
94
93
1
95
96
97
99
98
