246.8
246.8
246.8
246.8
246.8
246.8
246.8
246.8
246.8
246.8
246.8
246.8
246.8
246.8
246.8
246.8
246.8
246.8
246.8
246.9
246.9
246.9
246.9
246.9
246.9
246.9
246.9
246.9
246.9
246.9
246.9
246.9
246.9
246.9
246.9
246.9
246.9
247.0
247.0
247.0
247.0
247.0
247.0
247.0
247.0
247.0
247.0
247.0
247.0
247.0
247.0
247.0
247.0
247.0
247.0
247.1
247.1
247.1
247.1
247.1
247.1
247.1
247.1
247.1
247.1
247.1
247.1
247.1
247.1
247.1
247.1
247.1
247.1
247.1
247.1
247.2
247.2
247.2
247.3
247.5
247.5
247.5
247.6
247.7
247.7
247.7
247.7
247.8
247.8
247.8
247.8
248.0
248.0
248.1
248.3
248.3
248.3
248.4
248.4
248.8
253.1
253.1
253.1
253.1
253.1
253.2
253.2
253.2
253.2
253.2
253.2
253.2
253.3
253.3
253.3
253.3
253.3
253.3
253.3
253.3
253.3
253.3
253.3
253.3
253.3
253.4
253.4
253.4
253.4
253.4
253.4
253.4
253.4
253.4
253.5
253.6
253.6
253.6
253.6
253.6
253.6
253.6
253.6
253.6
253.6
253.7
253.7
253.7
253.7
253.7
253.7
253.7
253.8
253.8
253.8
253.8
253.8
253.8
253.9
253.9
253.9
253.9
253.9
254.0
254.0
254.0
254.0
254.0
254.0
254.0
254.1
254.1
254.1
254.2
254.3
254.3
254.3
254.5
254.6
255.3
255.3
255.6
255.8
255.8
255.9
255.9
256.2
256.3
256.4
256.5
256.8
257.3
257.3
257.4
258.0
258.0
258.1
258.1
258.2
258.2
258.2
258.2
258.2
258.2
258.2
258.2
258.2
258.2
258.2
258.3
258.3
258.3
258.3
258.3
258.3
258.3
258.3
258.3
258.3
258.3
258.3
258.3
258.4
258.4
258.4
258.4
258.4
258.4
258.5
258.5
258.5
258.5
258.5
258.5
258.5
258.6
258.6
258.6
258.6
258.7
258.7
258.7
258.7
258.8
258.8
258.8
258.8
258.9
258.9
258.9
258.9
258.9
258.9
259.0
259.0
259.0
259.1
259.1
259.1
259.1
259.1
259.2
259.2
259.2
259.3
259.3
259.3
259.4
259.5
259.5
259.5
259.6
259.6
259.6
259.7
259.7
259.8
260.0
260.0
261.0
261.0
261.0
261.1
261.2
261.3
261.5
261.7
262.0
262.4
262.7
262.8
262.8
262.9
262.9
262.9
262.9
262.9
262.9
263.0
263.0
263.1
263.1
263.1
263.1
263.2
263.2
263.2
263.3
263.3
263.3
263.3
263.3
263.4
263.4
263.4
263.4
263.4
263.5
263.5
263.5
263.5
263.5
263.5
263.6
263.6
263.6
263.6
263.6
263.6
263.7
263.7
263.7
263.7
263.8
263.8
263.8
263.9
263.9
263.9
263.9
264.0
264.0
264.0
264.0
264.1
264.1
264.1
264.2
264.3
264.3
264.4
264.4
264.5
264.5
264.6
264.6
264.7
264.8
264.9
265.0
265.1
265.2
265.2
265.2
265.2
265.3
265.3
265.5
265.6
265.6
265.6
265.7
265.9
266.1
266.3
266.4
266.5
267.1
267.3
267.5
267.7
267.8
267.9
268.1
268.5
268.8
269.7
269.8
269.9
270.0
270.0
270.1
270.1
270.1
270.1
270.2
270.4
270.5
270.5
270.6
270.7
270.7
270.8
270.8
271.0
271.0
271.1
271.1
271.2
271.2
271.2
271.2
271.3
271.3
271.3
271.4
271.4
271.4
271.4
271.4
271.5
271.6
271.6
271.7
271.7
271.7
271.8
271.8
271.8
271.9
271.9
271.9
272.0
272.0
272.1
272.1
272.1
272.1
272.2
272.3
272.3
272.6
272.7
272.7
272.9
272.9
272.9
273.3
273.4
273.4
273.6
273.8
273.8
273.9
274.0
274.2
274.2
274.2
274.9
274.9
275.1
275.2
275.3
276.7
276.9
276.9
277.1
277.2
277.2
277.9
277.9
278.3
278.6
279.3
279.5
279.9
280.0
280.7
282.0
282.2
282.5
283.1
286.8
306.6
416.5
416.6
416.6
416.6
416.6
416.6
416.6
416.6
416.6
416.6
416.6
416.6
416.6
416.6
416.6
416.6
416.6
416.6
416.7
416.7
416.7
416.7
416.7
416.7
416.7
416.7
416.7
416.7
416.7
416.7
416.7
416.7
416.7
416.7
416.7
416.7
416.7
416.7
416.7
416.7
416.7
416.7
416.7
416.7
416.7
416.7
416.7
416.7
416.7
416.7
416.7
416.7
416.7
416.7
416.7
416.7
416.7
416.7
416.7
416.7
416.7
416.7
416.7
416.8
416.8
416.8
416.8
416.8
416.8
416.8
416.9
416.9
416.9
417.0
417.0
417.0
417.0
417.0
417.1
417.1
417.2
417.3
417.3
417.3
417.3
417.3
417.4
417.4
417.5
417.6
417.6
417.6
417.8
417.8
418.0
418.0
418.1
418.1
418.1
418.2
421.6
421.6
421.6
421.6
421.6
421.6
421.7
421.7
421.7
421.7
421.7
421.7
421.7
421.7
421.7
421.7
421.7
421.7
421.7
421.7
421.7
421.8
421.8
421.8
421.8
421.8
421.8
421.8
421.8
421.8
421.8
421.8
421.8
421.8
421.8
421.8
421.8
421.8
421.8
421.8
421.8
421.8
421.8
421.8
421.8
421.8
421.8
421.8
421.8
421.8
421.8
421.8
421.8
421.8
421.9
421.9
421.9
421.9
421.9
421.9
421.9
421.9
421.9
422.0
422.0
422.0
422.1
422.1
422.1
422.2
422.2
422.3
422.4
422.4
422.5
422.5
422.6
422.6
422.8
423.0
423.1
423.4
423.5
423.5
423.6
423.6
423.8
423.9
424.2
424.2
424.4
424.7
425.1
425.1
425.8
425.9
426.1
426.1
426.3
426.3
426.3
426.3
426.4
426.4
426.4
426.4
426.4
426.4
426.4
426.5
426.5
426.5
426.5
426.5
426.5
426.5
426.5
426.5
426.5
426.5
426.5
426.6
426.6
426.6
426.6
426.6
426.6
426.6
426.6
426.7
426.7
426.7
426.7
426.7
426.7
426.7
426.8
426.8
426.8
426.8
426.8
426.8
426.9
426.9
426.9
426.9
426.9
426.9
426.9
426.9
426.9
427.0
427.0
427.0
427.0
427.0
427.0
427.1
427.1
427.1
427.2
427.2
427.3
427.3
427.5
427.5
427.5
427.6
427.6
427.7
427.7
427.8
427.8
427.9
428.0
428.0
428.1
428.2
428.6
429.1
429.1
429.2
429.3
429.3
429.5
429.7
429.9
430.3
430.6
430.7
431.0
431.2
431.2
431.3
431.3
431.3
431.4
431.4
431.5
431.5
431.6
431.6
431.6
431.6
431.6
431.6
431.6
431.7
431.7
431.8
431.8
431.9
431.9
431.9
431.9
431.9
432.0
432.0
432.0
432.0
432.1
432.1
432.2
432.2
432.3
432.3
432.3
432.3
432.3
432.4
432.4
432.4
432.5
432.5
432.5
432.5
432.6
432.6
432.6
432.7
432.7
432.7
432.8
432.9
432.9
432.9
433.1
433.1
433.1
433.2
433.2
433.2
433.4
433.4
433.5
433.8
433.8
434.0
434.2
434.2
434.3
434.3
434.3
434.5
434.5
434.9
434.9
435.1
435.2
435.3
435.5
435.6
435.8
435.9
436.0
436.4
436.9
437.2
437.8
438.7
439.1
439.3
439.6
440.2
440.2
440.2
440.4
440.6
440.7
441.1
441.4
441.5
441.7
441.8
441.8
441.8
442.2
442.4
442.5
442.5
442.5
442.5
442.9
442.9
443.0
443.0
443.0
443.1
443.6
443.6
443.7
443.9
444.1
444.1
444.2
444.4
444.5
444.8
444.8
445.2
445.3
445.4
445.4
446.0
446.1
446.2
446.6
446.6
446.7
446.7
447.7
447.9
448.0
448.4
448.6
448.7
449.6
449.8
449.9
450.0
450.6
450.7
451.0
451.2
452.8
453.1
453.7
454.5
455.2
455.6
457.9
458.9
462.6
463.4
471.4
546.0
546.0
546.0
546.0
546.0
546.0
546.0
546.1
546.1
546.1
546.1
546.1
546.1
546.1
546.1
546.1
546.1
546.1
546.1
546.1
546.1
546.1
546.1
546.1
546.1
546.1
546.1
546.1
546.1
546.1
546.1
546.1
546.1
546.1
546.1
546.1
546.1
546.1
546.2
546.2
546.2
546.2
546.2
546.2
546.2
546.2
546.2
546.2
546.2
546.2
546.2
546.2
546.2
546.2
546.2
546.2
546.2
546.2
546.2
546.2
546.2
546.2
546.2
546.2
546.2
546.3
546.3
546.3
546.3
546.3
546.3
546.3
546.3
546.3
546.3
546.3
546.3
546.4
546.4
546.6
546.6
546.6
546.6
546.7
546.7
546.7
546.8
546.8
546.8
546.8
546.8
547.0
547.0
547.0
547.2
547.2
547.2
547.3
547.3
547.6
553.0
553.0
553.0
553.0
553.1
553.1
553.1
553.1
553.1
553.2
553.2
553.2
553.2
553.2
553.2
553.2
553.2
553.3
553.3
553.3
553.3
553.3
553.3
553.3
553.3
553.3
553.3
553.3
553.3
553.4
553.4
553.4
553.4
553.4
553.5
553.6
553.6
553.6
553.6
553.6
553.6
553.6
553.6
553.6
553.6
553.7
553.7
553.8
553.8
553.8
553.8
553.8
553.8
553.8
553.9
554.0
554.0
554.0
554.0
554.0
554.0
554.0
554.1
554.1
554.1
554.2
554.2
554.2
554.2
554.2
554.3
554.3
554.4
554.5
554.5
554.6
554.6
555.0
555.1
556.5
556.5
556.7
557.1
557.5
557.7
557.8
558.5
558.6
558.8
558.8
559.4
561.9
562.0
562.4
564.0
564.2
564.4
564.7
564.8
564.9
564.9
564.9
564.9
564.9
564.9
564.9
564.9
564.9
564.9
564.9
564.9
564.9
564.9
564.9
564.9
564.9
564.9
564.9
564.9
564.9
564.9
565.0
565.0
565.0
565.0
565.0
565.0
565.0
565.0
565.0
565.0
565.0
565.0
565.0
565.0
565.0
565.0
565.0
565.0
565.0
565.0
565.0
565.0
565.0
565.0
565.0
565.0
565.0
565.0
565.0
565.0
565.0
565.0
565.0
565.0
565.0
565.0
565.0
565.0
565.0
565.0
565.0
565.0
565.0
565.0
565.0
565.0
565.1
565.1
565.1
565.1
565.2
565.3
565.6
565.7
565.7
565.8
565.8
565.8
565.9
566.2
566.2
566.4
566.4
566.7
566.8
567.1
567.2
567.7
568.0
568.3
569.6
569.7
569.7
569.7
569.7
569.8
569.8
569.8
569.8
569.8
569.8
569.8
569.8
569.9
569.9
569.9
569.9
569.9
569.9
569.9
570.0
570.0
570.0
570.0
570.0
570.0
570.0
570.0
570.0
570.0
570.1
570.1
570.1
570.1
570.1
570.1
570.2
570.2
570.2
570.2
570.2
570.2
570.3
570.3
570.3
570.3
570.3
570.4
570.4
570.4
570.4
570.4
570.5
570.5
570.5
570.5
570.5
570.5
570.6
570.7
570.7
570.7
570.8
570.8
570.9
571.0
571.0
571.1
571.1
571.1
571.2
571.2
571.2
571.3
571.3
571.4
571.6
571.6
571.7
571.8
572.0
572.5
572.5
572.6
572.6
572.6
572.7
572.8
572.8
572.8
573.2
573.4
573.5
573.5
573.7
574.3
574.4
574.7
574.7
574.8
574.8
574.8
574.9
574.9
574.9
575.0
575.0
575.0
575.1
575.1
575.1
575.2
575.2
575.2
575.2
575.2
575.3
575.3
575.4
575.4
575.4
575.5
575.5
575.5
575.5
575.5
575.6
575.7
575.7
575.7
575.8
575.8
575.8
575.8
575.9
575.9
575.9
575.9
576.0
576.0
576.0
576.0
576.2
576.2
576.2
576.2
576.2
576.2
576.4
576.4
576.6
576.6
576.7
576.7
576.7
576.7
576.8
576.8
576.9
576.9
577.2
577.3
577.3
577.4
577.6
577.6
577.6
577.8
577.9
577.9
578.0
578.1
578.1
578.2
578.6
578.7
578.8
578.8
578.9
579.0
579.0
579.1
579.2
579.2
579.3
579.4
579.6
580.2
580.3
580.4
580.4
580.4
580.6
580.6
580.7
580.7
580.7
580.8
580.8
580.8
580.9
580.9
580.9
580.9
580.9
580.9
581.0
581.1
581.2
581.2
581.3
581.3
581.3
581.4
581.4
581.4
581.4
581.5
581.5
581.5
581.6
581.7
581.8
581.8
581.9
581.9
581.9
581.9
582.0
582.0
582.2
582.2
582.2
582.3
582.3
582.4
582.4
582.4
582.4
582.5
582.7
582.8
582.8
582.9
583.0
583.0
583.1
583.3
583.4
583.5
583.5
583.5
583.7
583.8
584.0
584.0
584.1
584.3
584.4
584.5
584.7
585.0
585.1
585.4
585.5
585.6
585.6
585.9
586.5
586.6
586.6
586.7
586.8
587.9
588.0
588.1
588.3
588.3
588.6
589.1
589.2
589.3
589.7
590.0
590.3
592.2
592.6
593.4
593.4
593.8
594.6
594.8
594.8
595.0
595.1
595.3
595.4
595.7
595.8
595.8
596.0
596.2
596.3
596.4
596.9
596.9
597.0
598.1
598.7
598.7
599.0
599.7
599.9
600.0
600.6
601.7
602.5
602.5
602.7
603.5
604.0
605.1
605.4
605.4
605.4
605.6
605.6
605.8
606.1
607.2
608.0
608.9
609.6
609.8
613.0
614.7
614.9
617.1
622.8
623.7
631.6
636.9
693.1
693.1
693.1
693.1
693.2
693.2
693.2
693.2
693.2
693.2
693.2
693.2
693.2
693.2
693.2
693.2
693.2
693.2
693.2
693.2
693.2
693.2
693.2
693.2
693.2
693.2
693.2
693.2
693.2
693.2
693.2
693.2
693.2
693.2
693.2
693.2
693.2
693.2
693.2
693.2
693.2
693.2
693.2
693.2
693.2
693.3
693.3
693.3
693.3
693.3
693.3
693.3
693.3
693.3
693.3
693.3
693.3
693.3
693.3
693.3
693.3
693.3
693.3
693.3
693.3
693.3
693.3
693.3
693.3
693.3
693.3
693.3
693.3
693.4
693.4
693.4
693.4
693.4
693.4
693.6
693.6
693.6
693.7
693.7
693.7
693.7
693.8
693.8
693.8
693.8
693.9
694.0
694.1
694.1
694.2
694.2
694.3
694.3
694.4
694.6
700.1
700.2
700.2
700.3
700.3
700.3
700.3
700.3
700.3
700.4
700.4
700.4
700.4
700.4
700.4
700.4
700.4
700.5
700.5
700.5
700.5
700.5
700.5
700.5
700.5
700.5
700.5
700.5
700.5
700.5
700.5
700.6
700.6
700.6
700.6
700.7
700.7
700.7
700.7
700.7
700.7
700.7
700.8
700.8
700.8
700.8
700.8
700.8
700.9
700.9
700.9
700.9
700.9
700.9
701.0
701.0
701.0
701.0
701.0
701.0
701.0
701.0
701.1
701.1
701.2
701.2
701.2
701.2
701.2
701.2
701.3
701.3
701.3
701.4
701.4
701.5
701.5
701.7
701.7
702.3
702.3
702.4
702.5
702.5
702.6
702.7
702.8
702.9
703.0
703.0
703.2
703.5
703.7
703.7
704.2
704.4
704.6
704.7
704.8
705.1
707.0
707.0
707.1
707.1
707.1
707.1
707.1
707.1
707.1
707.1
707.1
707.2
707.2
707.2
707.2
707.2
707.2
707.2
707.2
707.2
707.2
707.2
707.2
707.2
707.2
707.3
707.3
707.3
707.3
707.3
707.3
707.3
707.3
707.4
707.4
707.4
707.4
707.5
707.5
707.5
707.5
707.5
707.5
707.5
707.5
707.6
707.6
707.7
707.7
707.7
707.7
707.7
707.7
707.8
707.8
707.9
707.9
707.9
707.9
707.9
708.0
708.0
708.0
708.0
708.0
708.1
708.1
708.2
708.2
708.3
708.3
708.3
708.4
708.4
708.4
708.4
708.5
708.5
708.7
708.9
709.1
709.2
709.2
709.3
709.3
709.3
709.4
709.4
709.4
709.6
709.6
709.8
710.2
710.2
710.4
710.5
710.6
710.9
710.9
710.9
711.0
711.0
711.0
711.1
711.1
711.1
711.2
711.2
711.2
711.2
711.2
711.2
711.3
711.3
711.3
711.3
711.3
711.4
711.4
711.4
711.4
711.4
711.4
711.4
711.4
711.5
711.5
711.5
711.5
711.5
711.5
711.5
711.5
711.5
711.6
711.6
711.6
711.6
711.6
711.6
711.6
711.7
711.7
711.8
711.8
711.8
711.8
711.9
711.9
711.9
712.0
712.1
712.1
712.1
712.1
712.1
712.1
712.2
712.3
712.3
712.3
712.4
712.5
712.5
712.6
712.9
713.0
713.0
713.0
713.0
713.1
713.2
713.3
713.3
713.5
713.6
713.7
714.0
714.5
714.8
714.8
714.9
714.9
715.0
715.2
715.3
715.8
715.8
715.9
716.3
716.3
716.4
716.4
716.4
716.5
716.5
716.7
716.7
716.8
716.8
716.8
716.9
716.9
717.0
717.0
717.0
717.1
717.1
717.1
717.2
717.2
717.3
717.3
717.3
717.3
717.3
717.4
717.4
717.4
717.4
717.4
717.4
717.4
717.5
717.5
717.5
717.5
717.6
717.6
717.6
717.7
717.7
717.8
717.8
717.8
717.8
717.8
717.9
717.9
717.9
717.9
717.9
717.9
718.0
718.1
718.1
718.2
718.3
718.3
718.3
718.4
718.6
718.6
718.6
718.6
718.8
718.8
718.9
718.9
719.0
719.2
719.6
719.6
719.9
719.9
720.0
720.0
720.3
720.4
720.4
720.6
720.8
721.0
721.0
721.4
721.6
722.1
722.3
723.1
723.1
723.6
723.7
723.8
723.8
724.3
725.3
727.0
728.0
728.7
729.0
729.8
729.9
730.4
730.5
731.0
731.1
731.3
731.4
731.5
731.9
732.3
732.4
732.6
732.8
733.0
733.0
733.2
733.2
733.4
733.5
733.8
733.8
733.8
733.9
733.9
734.0
734.1
734.2
734.2
734.3
734.3
734.3
734.3
734.3
734.3
734.4
734.5
734.5
734.5
734.5
734.5
734.5
734.5
734.5
734.5
734.5
734.5
734.5
734.5
734.6
734.6
734.6
734.6
734.6
734.6
734.6
734.6
734.6
734.6
734.7
734.7
734.7
734.7
734.7
734.7
734.7
734.7
734.7
734.8
734.8
734.8
734.8
734.8
734.8
734.9
734.9
734.9
735.0
735.0
735.0
735.0
735.0
735.0
735.1
735.2
735.3
735.3
735.3
735.4
735.4
735.4
735.4
735.5
735.5
735.5
735.5
735.6
735.7
735.7
735.8
735.8
735.8
735.8
735.8
735.8
735.9
735.9
736.0
736.4
736.5
736.9
737.0
737.3
737.6
737.8
738.1
738.2
738.6
738.8
739.3
739.3
739.4
739.5
739.5
739.5
739.7
740.0
740.3
740.4
740.4
740.4
740.5
740.5
740.6
740.6
740.7
740.7
740.7
740.7
740.8
740.8
740.9
740.9
740.9
740.9
741.0
741.0
741.0
741.0
741.1
741.1
741.1
741.1
741.1
741.2
741.2
741.2
741.2
741.3
741.3
741.3
741.4
741.5
741.5
741.5
741.6
741.7
741.8
741.8
741.8
741.9
741.9
741.9
742.0
742.0
742.3
742.4
742.4
742.4
742.4
742.5
742.5
742.6
742.6
742.8
742.8
742.8
742.9
743.0
743.1
743.2
743.2
743.3
743.3
743.4
743.4
743.6
743.6
743.7
743.8
743.8
743.8
744.0
744.0
744.0
744.1
744.1
744.2
744.3
744.4
744.4
744.5
744.5
744.7
744.7
744.8
744.8
745.0
745.0
745.0
745.0
745.1
745.1
745.2
745.2
745.3
745.3
745.4
745.5
745.5
745.5
745.5
745.5
745.5
745.5
745.6
745.6
745.7
745.7
745.8
745.8
745.9
745.9
746.0
746.0
746.1
746.1
746.2
746.2
746.2
746.2
746.4
746.5
746.5
746.6
746.6
746.6
746.7
746.8
746.9
747.1
747.1
747.1
747.2
747.2
747.3
747.3
747.4
747.4
747.5
747.5
747.5
747.6
747.6
748.1
748.1
748.2
748.2
748.2
748.3
748.3
748.4
748.5
748.5
748.6
748.7
748.8
748.9
749.0
749.1
749.3
749.5
749.6
749.9
750.0
750.1
750.1
750.2
750.4
750.5
750.6
750.6
750.7
751.0
751.1
751.2
751.2
751.3
751.3
751.3
751.4
751.4
751.5
751.7
751.7
751.8
751.9
751.9
751.9
751.9
751.9
751.9
752.0
752.0
752.0
752.1
752.1
752.2
752.3
752.3
752.4
752.5
752.6
752.7
752.7
752.7
752.8
752.8
753.0
753.0
753.1
753.2
753.2
753.2
753.3
753.3
753.3
753.3
753.4
753.4
753.5
753.5
753.5
753.6
753.6
753.7
753.7
753.7
753.8
753.9
753.9
753.9
753.9
754.0
754.4
754.4
754.5
754.7
754.8
754.8
754.8
754.9
754.9
755.0
755.0
755.0
755.1
755.1
755.1
755.2
755.3
755.3
755.4
755.5
755.6
755.6
756.0
756.2
756.2
756.3
756.4
756.7
756.8
756.8
757.0
757.0
757.0
757.2
757.3
757.3
757.4
757.6
757.6
757.7
757.8
758.1
758.2
758.3
758.3
758.5
758.6
758.6
758.7
758.9
759.4
759.5
760.0
760.1
760.5
760.7
760.7
760.9
761.1
761.2
761.5
761.5
761.6
762.1
762.2
762.3
762.3
762.3
762.4
762.4
762.5
762.6
762.6
762.7
762.9
763.2
763.2
763.3
763.8
764.2
764.2
764.8
764.8
765.1
765.4
766.1
766.6
767.0
767.0
767.0
767.1
767.2
767.5
767.5
768.3
769.2
769.4
771.4
771.6
771.6
772.0
773.6
774.2
774.8
775.6
776.1
776.1
780.1
792.9
820.7
872.5
872.5
872.5
872.5
872.5
872.5
872.5
872.5
872.5
872.5
872.5
872.5
872.5
872.5
872.5
872.5
872.5
872.5
872.5
872.5
872.5
872.5
872.5
872.5
872.5
872.5
872.5
872.5
872.5
872.5
872.6
872.6
872.6
872.6
872.6
872.6
872.6
872.6
872.6
872.6
872.6
872.6
872.6
872.6
872.6
872.6
872.6
872.6
872.6
872.6
872.6
872.6
872.6
872.6
872.6
872.6
872.6
872.6
872.6
872.6
872.6
872.6
872.6
872.7
872.7
872.7
872.8
872.8
872.8
872.8
872.9
872.9
872.9
873.0
873.0
873.2
873.3
873.3
873.4
873.4
873.4
873.4
873.4
873.5
873.5
873.6
873.9
874.0
874.1
874.2
874.3
874.5
874.7
874.8
874.8
875.0
875.1
875.1
875.1
875.2
876.4
876.4
876.4
876.4
876.4
876.4
876.4
876.4
876.4
876.4
876.4
876.4
876.4
876.4
876.5
876.5
876.5
876.5
876.5
876.5
876.5
876.5
876.5
876.5
876.5
876.5
876.5
876.5
876.5
876.5
876.5
876.5
876.5
876.5
876.5
876.5
876.5
876.5
876.5
876.5
876.5
876.5
876.5
876.5
876.5
876.5
876.5
876.5
876.5
876.5
876.5
876.5
876.5
876.5
876.5
876.5
876.5
876.5
876.5
876.5
876.5
876.5
876.6
876.6
876.6
876.6
876.6
876.6
876.7
876.7
876.7
876.7
876.8
877.2
877.2
877.3
877.3
877.4
877.4
877.5
877.5
877.7
877.7
877.8
877.9
877.9
878.6
878.7
878.8
879.0
879.3
879.5
880.1
880.2
880.7
880.7
880.7
880.7
880.7
880.7
880.7
880.7
880.7
880.7
880.7
880.7
880.7
880.7
880.7
880.7
880.7
880.7
880.7
880.7
880.7
880.7
880.8
880.8
880.8
880.8
880.8
880.8
880.8
880.8
880.8
880.8
880.8
880.8
880.8
880.8
880.8
880.8
880.8
880.8
880.8
880.8
880.8
880.8
880.8
880.8
880.8
880.8
880.8
880.8
880.8
880.9
880.9
880.9
880.9
880.9
880.9
880.9
880.9
880.9
880.9
881.0
881.0
881.0
881.0
881.0
881.0
881.0
881.0
881.1
881.1
881.1
881.1
881.1
881.1
881.2
881.2
881.2
881.3
881.6
881.6
881.8
881.8
881.9
881.9
882.1
882.1
882.1
882.2
882.2
882.5
882.7
883.2
883.4
883.8
884.0
884.3
884.7
884.8
884.8
884.8
884.8
884.9
884.9
884.9
884.9
884.9
884.9
884.9
885.0
885.0
885.0
885.0
885.0
885.0
885.0
885.0
885.0
885.1
885.1
885.1
885.1
885.1
885.1
885.1
885.1
885.1
885.1
885.1
885.2
885.2
885.2
885.2
885.2
885.2
885.2
885.2
885.2
885.3
885.3
885.3
885.3
885.3
885.4
885.4
885.4
885.4
885.4
885.4
885.4
885.5
885.5
885.5
885.5
885.5
885.5
885.6
885.6
885.7
885.8
885.8
885.8
885.8
885.8
885.9
885.9
885.9
886.0
886.0
886.2
886.4
886.4
886.4
886.5
886.5
886.7
886.7
887.1
887.1
887.1
887.2
887.5
887.5
887.6
887.6
887.6
887.7
887.9
888.1
888.2
888.4
889.4
889.6
890.6
890.9
891.1
891.1
891.2
891.2
891.3
891.4
891.4
891.4
891.4
891.4
891.4
891.5
891.5
891.6
891.6
891.7
891.7
891.8
891.9
891.9
891.9
891.9
891.9
891.9
892.0
892.0
892.0
892.1
892.1
892.1
892.1
892.3
892.3
892.3
892.3
892.3
892.4
892.4
892.4
892.4
892.4
892.4
892.5
892.5
892.5
892.6
892.6
892.7
892.7
892.8
892.8
892.9
892.9
893.0
893.0
893.0
893.3
893.4
893.4
893.4
893.4
893.5
893.5
893.6
893.7
893.8
894.0
894.4
894.4
894.5
894.5
894.8
895.2
895.8
896.0
896.2
896.6
896.9
897.4
897.6
897.6
898.3
898.5
898.6
898.7
899.2
899.3
899.6
899.7
900.3
900.6
902.9
904.1
911.1
915.9
916.8
917.0
917.0
917.0
917.0
917.1
917.1
917.1
917.1
917.1
917.1
917.1
917.1
917.1
917.2
917.2
917.2
917.2
917.2
917.2
917.2
917.2
917.2
917.2
917.2
917.2
917.2
917.2
917.3
917.3
917.3
917.3
917.3
917.3
917.3
917.3
917.3
917.3
917.4
917.4
917.4
917.4
917.4
917.4
917.4
917.4
917.4
917.4
917.4
917.4
917.4
917.4
917.4
917.4
917.4
917.5
917.5
917.5
917.5
917.5
917.5
917.5
917.5
917.5
917.5
917.6
917.6
917.6
917.6
917.7
917.7
917.8
917.9
918.0
918.1
918.1
918.2
918.2
918.4
918.4
918.4
918.5
918.5
918.6
918.6
918.6
918.7
918.7
918.7
918.8
919.0
919.5
919.6
920.2
920.2
920.3
921.3
921.4
921.6
922.7
922.8
922.8
922.8
922.8
922.8
922.8
922.8
922.8
922.8
922.8
922.8
922.8
922.8
922.8
922.8
922.9
922.9
922.9
922.9
922.9
922.9
922.9
922.9
922.9
922.9
922.9
922.9
922.9
922.9
922.9
922.9
922.9
922.9
922.9
922.9
922.9
922.9
922.9
922.9
922.9
922.9
922.9
922.9
922.9
922.9
922.9
922.9
922.9
922.9
922.9
922.9
922.9
922.9
922.9
922.9
922.9
922.9
922.9
923.0
923.0
923.0
923.0
923.0
923.0
923.0
923.0
923.0
923.0
923.0
923.0
923.1
923.1
923.2
923.3
923.3
923.4
923.4
923.5
923.5
923.6
923.7
923.7
923.7
923.8
923.8
923.9
924.0
924.0
924.0
924.1
924.2
924.4
924.6
925.7
925.7
926.3
927.5
927.5
927.5
927.5
927.5
927.5
927.5
927.5
927.5
927.5
927.6
927.6
927.6
927.6
927.6
927.6
927.6
927.6
927.6
927.6
927.6
927.6
927.6
927.6
927.6
927.6
927.7
927.7
927.7
927.7
927.7
927.7
927.7
927.7
927.7
927.7
927.7
927.7
927.7
927.7
927.7
927.7
927.7
927.7
927.7
927.7
927.7
927.7
927.8
927.8
927.8
927.8
927.8
927.8
927.8
927.8
927.8
927.8
927.9
927.9
927.9
927.9
927.9
927.9
927.9
928.0
928.0
928.0
928.1
928.1
928.1
928.1
928.2
928.2
928.2
928.2
928.3
928.4
928.4
928.4
928.6
928.6
928.7
928.9
928.9
928.9
928.9
928.9
929.0
929.0
929.1
929.2
929.2
929.6
929.8
930.0
930.2
930.7
930.9
931.4
931.4
931.4
931.4
931.4
931.4
931.5
931.5
931.5
931.5
931.6
931.6
931.6
931.6
931.6
931.6
931.6
931.7
931.7
931.7
931.7
931.7
931.7
931.7
931.7
931.7
931.7
931.8
931.8
931.8
931.8
931.8
931.8
931.8
931.8
931.8
931.9
931.9
931.9
931.9
931.9
931.9
932.0
932.0
932.0
932.0
932.0
932.0
932.0
932.0
932.0
932.1
932.1
932.1
932.1
932.2
932.2
932.2
932.3
932.3
932.3
932.3
932.3
932.4
932.5
932.6
932.7
932.7
932.8
932.8
932.8
932.8
932.9
932.9
933.1
933.1
933.2
933.3
933.3
933.6
933.7
933.7
934.0
934.2
934.2
934.2
934.2
934.3
934.4
934.4
934.7
934.8
934.8
935.3
935.9
936.4
936.8
936.8
936.8
936.9
937.0
937.1
937.1
937.1
937.2
937.2
937.2
937.3
937.3
937.3
937.5
937.5
937.5
937.5
937.5
937.5
937.6
937.6
937.6
937.6
937.7
937.7
937.7
937.7
937.7
937.8
937.8
937.8
937.8
937.9
937.9
937.9
937.9
938.0
938.0
938.0
938.1
938.1
938.1
938.1
938.1
938.2
938.2
938.3
938.3
938.3
938.4
938.4
938.5
938.5
938.5
938.5
938.5
938.6
938.6
938.6
938.7
938.8
938.9
938.9
939.0
939.0
939.1
939.2
939.4
939.8
939.8
939.9
940.0
940.0
940.0
940.5
940.6
941.0
941.1
941.2
941.5
941.7
942.1
942.5
942.9
943.1
943.3
943.8
943.8
944.2
944.3
945.6
945.7
946.8
947.2
948.7
948.9
951.0
951.9
952.8
952.9
953.5
953.7
955.5
955.6
955.7
957.2
957.4
957.6
957.7
958.1
959.3
960.2
960.6
961.2
961.2
962.3
964.9
966.2
967.4
970.0
970.5
971.3
976.2
977.4
983.3
986.4
1005.7
1073.1
1073.1
1073.1
1073.1
1073.1
1073.1
1073.1
1073.1
1073.1
1073.1
1073.1
1073.1
1073.1
1073.1
1073.1
1073.1
1073.1
1073.1
1073.1
1073.1
1073.1
1073.1
1073.1
1073.1
1073.1
1073.1
1073.1
1073.1
1073.1
1073.1
1073.1
1073.1
1073.1
1073.1
1073.1
1073.1
1073.1
1073.1
1073.1
1073.1
1073.1
1073.1
1073.1
1073.1
1073.1
1073.1
1073.1
1073.1
1073.1
1073.1
1073.1
1073.1
1073.1
1073.1
1073.1
1073.1
1073.1
1073.1
1073.1
1073.1
1073.1
1073.1
1073.1
1073.1
1073.1
1073.1
1073.1
1073.1
1073.2
1073.2
1073.2
1073.2
1073.2
1073.3
1073.3
1073.3
1073.3
1073.3
1073.4
1073.4
1073.4
1073.4
1073.4
1073.4
1073.5
1073.5
1073.6
1073.6
1073.6
1073.7
1073.7
1073.7
1073.8
1073.8
1074.0
1074.0
1074.0
1074.0
1074.0
1074.1
1077.1
1077.2
1077.2
1077.2
1077.2
1077.2
1077.2
1077.2
1077.2
1077.2
1077.2
1077.2
1077.2
1077.2
1077.2
1077.2
1077.2
1077.2
1077.2
1077.2
1077.2
1077.2
1077.2
1077.2
1077.2
1077.2
1077.2
1077.2
1077.2
1077.2
1077.2
1077.2
1077.2
1077.2
1077.2
1077.2
1077.2
1077.2
1077.2
1077.2
1077.2
1077.2
1077.2
1077.2
1077.2
1077.2
1077.2
1077.2
1077.2
1077.2
1077.2
1077.2
1077.2
1077.2
1077.2
1077.2
1077.2
1077.2
1077.2
1077.3
1077.3
1077.3
1077.3
1077.3
1077.3
1077.3
1077.3
1077.3
1077.3
1077.4
1077.4
1077.4
1077.5
1077.8
1077.8
1077.9
1077.9
1077.9
1077.9
1077.9
1078.1
1078.2
1078.3
1078.3
1078.5
1078.5
1078.6
1078.7
1079.0
1079.0
1079.0
1079.2
1079.5
1079.5
1079.9
1079.9
1080.0
1080.1
1080.1
1080.2
1080.6
1080.6
1080.6
1080.7
1080.7
1080.7
1080.7
1080.7
1080.7
1080.7
1080.7
1080.7
1080.7
1080.8
1080.8
1080.8
1080.8
1080.8
1080.8
1080.8
1080.8
1080.8
1080.8
1080.8
1080.8
1080.8
1080.8
1080.8
1080.9
1080.9
1080.9
1080.9
1080.9
1080.9
1080.9
1080.9
1080.9
1080.9
1080.9
1080.9
1080.9
1080.9
1080.9
1081.0
1081.0
1081.0
1081.0
1081.0
1081.0
1081.0
1081.0
1081.0
1081.0
1081.0
1081.1
1081.1
1081.1
1081.2
1081.2
1081.2
1081.3
1081.3
1081.3
1081.3
1081.4
1081.4
1081.4
1081.4
1081.4
1081.5
1081.6
1081.7
1081.7
1082.0
1082.0
1082.3
1082.4
1082.6
1082.7
1082.7
1082.8
1082.8
1082.9
1083.0
1083.3
1083.6
1083.7
1083.9
1084.3
1084.7
1084.8
1084.9
1085.0
1085.0
1085.1
1085.1
1085.2
1085.2
1085.3
1085.3
1085.3
1085.3
1085.3
1085.3
1085.3
1085.4
1085.4
1085.4
1085.4
1085.4
1085.4
1085.5
1085.5
1085.5
1085.5
1085.5
1085.5
1085.5
1085.6
1085.6
1085.6
1085.6
1085.6
1085.6
1085.7
1085.7
1085.7
1085.7
1085.7
1085.7
1085.7
1085.7
1085.8
1085.8
1085.8
1085.8
1085.8
1085.8
1085.9
1085.9
1086.0
1086.0
1086.0
1086.0
1086.0
1086.1
1086.1
1086.1
1086.1
1086.2
1086.2
1086.2
1086.3
1086.3
1086.3
1086.4
1086.4
1086.5
1086.5
1086.5
1086.7
1086.7
1086.7
1086.7
1086.9
1086.9
1086.9
1087.3
1087.5
1087.6
1087.7
1087.7
1087.8
1087.8
1087.8
1088.6
1088.6
1089.1
1089.1
1089.2
1089.2
1089.2
1089.4
1089.9
1090.3
1091.5
1092.0
1092.2
1092.6
1092.8
1092.9
1093.0
1093.0
1093.2
1093.3
1093.3
1093.3
1093.4
1093.4
1093.4
1093.4
1093.4
1093.5
1093.5
1093.7
1093.7
1093.8
1094.0
1094.1
1094.1
1094.1
1094.1
1094.2
1094.3
1094.4
1094.4
1094.4
1094.4
1094.4
1094.5
1094.6
1094.7
1094.7
1094.9
1095.0
1095.1
1095.1
1095.2
1095.2
1095.2
1095.2
1095.3
1095.3
1095.4
1095.7
1095.7
1095.8
1095.8
1095.9
1095.9
1096.0
1096.0
1096.0
1096.1
1096.2
1096.4
1096.6
1096.9
1097.2
1097.3
1097.4
1097.5
1097.5
1098.0
1098.3
1098.4
1098.6
1098.6
1099.1
1099.2
1099.4
1100.0
1100.2
1100.5
1100.8
1102.3
1102.6
1103.5
1104.3
1107.8
1110.4
1110.7
1112.0
1112.0
1113.5
1114.4
1115.3
1120.0
1120.2
1120.2
1120.2
1120.2
1120.2
1120.2
1120.2
1120.2
1120.2
1120.2
1120.2
1120.2
1120.2
1120.2
1120.2
1120.2
1120.2
1120.2
1120.2
1120.2
1120.2
1120.2
1120.2
1120.2
1120.2
1120.2
1120.2
1120.2
1120.2
1120.2
1120.2
1120.2
1120.2
1120.2
1120.2
1120.2
1120.2
1120.2
1120.2
1120.2
1120.2
1120.2
1120.2
1120.2
1120.2
1120.2
1120.2
1120.2
1120.2
1120.2
1120.2
1120.2
1120.2
1120.3
1120.3
1120.3
1120.3
1120.3
1120.3
1120.3
1120.3
1120.3
1120.3
1120.3
1120.3
1120.3
1120.3
1120.3
1120.3
1120.3
1120.3
1120.3
1120.3
1120.3
1120.3
1120.3
1120.4
1120.4
1120.4
1120.5
1120.5
1120.5
1120.6
1120.6
1120.6
1120.6
1120.7
1120.7
1120.8
1120.8
1120.8
1120.8
1120.8
1120.9
1120.9
1121.1
1121.2
1121.2
1121.2
1125.2
1125.2
1125.2
1125.2
1125.2
1125.2
1125.2
1125.2
1125.2
1125.2
1125.2
1125.2
1125.2
1125.2
1125.2
1125.2
1125.2
1125.2
1125.2
1125.3
1125.3
1125.3
1125.3
1125.3
1125.3
1125.3
1125.3
1125.3
1125.3
1125.3
1125.3
1125.3
1125.3
1125.3
1125.3
1125.3
1125.3
1125.3
1125.3
1125.3
1125.3
1125.3
1125.3
1125.3
1125.3
1125.3
1125.3
1125.3
1125.3
1125.3
1125.3
1125.3
1125.4
1125.4
1125.4
1125.4
1125.4
1125.4
1125.4
1125.4
1125.4
1125.4
1125.4
1125.4
1125.4
1125.5
1125.5
1125.5
1125.5
1125.5
1125.5
1125.6
1125.6
1125.7
1125.8
1125.8
1125.8
1125.9
1125.9
1126.0
1126.0
1126.2
1126.4
1126.4
1126.5
1126.5
1126.6
1126.7
1126.7
1126.7
1126.9
1127.2
1127.2
1127.3
1127.5
1127.5
1127.6
1127.7
1127.8
1128.2
1129.0
1129.0
1129.1
1129.1
1129.1
1129.1
1129.1
1129.1
1129.1
1129.2
1129.2
1129.2
1129.2
1129.2
1129.3
1129.3
1129.3
1129.3
1129.3
1129.3
1129.3
1129.3
1129.3
1129.3
1129.3
1129.3
1129.3
1129.3
1129.3
1129.3
1129.4
1129.4
1129.4
1129.4
1129.4
1129.4
1129.4
1129.4
1129.4
1129.5
1129.5
1129.5
1129.5
1129.5
1129.5
1129.5
1129.5
1129.5
1129.6
1129.6
1129.6
1129.6
1129.6
1129.6
1129.6
1129.6
1129.7
1129.7
1129.7
1129.8
1129.8
1129.8
1129.9
1129.9
1129.9
1130.0
1130.0
1130.1
1130.2
1130.2
1130.3
1130.3
1130.4
1130.6
1130.6
1130.6
1130.6
1131.0
1131.1
1131.1
1131.1
1131.6
1131.9
1132.1
1132.1
1132.1
1132.5
1132.5
1132.5
1132.9
1133.1
1133.7
1133.8
1134.0
1134.0
1134.0
1134.0
1134.0
1134.1
1134.1
1134.1
1134.2
1134.2
1134.2
1134.2
1134.2
1134.2
1134.2
1134.2
1134.2
1134.2
1134.3
1134.3
1134.3
1134.4
1134.4
1134.4
1134.4
1134.4
1134.4
1134.4
1134.5
1134.5
1134.5
1134.5
1134.5
1134.5
1134.6
1134.6
1134.6
1134.6
1134.6
1134.6
1134.6
1134.7
1134.7
1134.7
1134.7
1134.8
1134.8
1134.8
1134.9
1134.9
1134.9
1134.9
1134.9
1134.9
1134.9
1134.9
1135.0
1135.1
1135.1
1135.1
1135.1
1135.1
1135.1
1135.1
1135.1
1135.2
1135.3
1135.3
1135.3
1135.4
1135.5
1135.6
1135.6
1135.7
1135.8
1135.8
1135.8
1136.4
1136.5
1136.6
1136.7
1136.7
1136.8
1137.2
1137.6
1137.8
1137.9
1138.5
1138.9
1139.5
1139.9
1140.0
1140.6
1141.5
1141.8
1141.9
1142.0
1142.3
1142.4
1142.4
1142.4
1142.5
1142.5
1142.6
1142.7
1142.7
1142.8
1143.1
1143.1
1143.2
1143.2
1143.3
1143.3
1143.3
1143.4
1143.5
1143.5
1143.7
1143.7
1143.7
1143.7
1144.0
1144.1
1144.2
1144.2
1144.3
1144.4
1144.4
1144.5
1144.6
1144.6
1144.7
1144.8
1144.9
1145.0
1145.0
1145.1
1145.2
1145.3
1145.3
1145.5
1145.6
1145.6
1145.7
1145.7
1145.8
1145.9
1146.1
1146.1
1146.1
1146.5
1146.7
1146.8
1146.8
1147.0
1147.1
1147.2
1147.4
1147.9
1148.0
1148.0
1148.5
1148.7
1148.7
1148.8
1149.3
1149.4
1149.5
1150.4
1150.8
1154.5
1154.9
1154.9
1155.3
1157.8
1157.8
1159.1
1169.1
1169.9
1170.9
1171.6
1171.7
1172.7
1173.3
1175.0
1175.5
1175.6
1176.2
1176.5
1177.7
1178.8
1180.8
1182.0
1182.1
1182.8
1184.0
1185.1
1186.3
1188.4
1192.2
1197.6
1198.2
1199.2
1199.3
1200.5
1213.9
1216.1
1268.7
1268.7
1268.7
1268.7
1268.7
1268.7
1268.7
1268.7
1268.7
1268.7
1268.7
1268.7
1268.7
1268.7
1268.8
1268.8
1268.8
1268.8
1268.8
1268.8
1268.8
1268.8
1268.8
1268.8
1268.8
1268.8
1268.8
1268.8
1268.8
1268.8
1268.8
1268.8
1268.8
1268.8
1268.8
1268.8
1268.8
1268.8
1268.8
1268.8
1268.8
1268.8
1268.8
1268.8
1268.8
1268.8
1268.8
1268.8
1268.8
1268.8
1268.8
1268.8
1268.8
1268.8
1268.8
1268.8
1268.9
1268.9
1268.9
1268.9
1268.9
1268.9
1268.9
1268.9
1268.9
1268.9
1268.9
1268.9
1268.9
1269.0
1269.0
1269.0
1269.0
1269.0
1269.1
1269.1
1269.1
1269.1
1269.2
1269.2
1269.2
1269.2
1269.3
1269.3
1269.3
1269.3
1269.3
1269.3
1269.4
1269.4
1269.5
1269.5
1269.6
1269.6
1269.7
1269.7
1269.8
1269.8
1269.8
1269.8
1273.1
1273.1
1273.1
1273.1
1273.1
1273.1
1273.1
1273.1
1273.1
1273.1
1273.1
1273.1
1273.1
1273.1
1273.1
1273.1
1273.1
1273.2
1273.2
1273.2
1273.2
1273.2
1273.2
1273.2
1273.2
1273.2
1273.2
1273.2
1273.2
1273.2
1273.2
1273.2
1273.2
1273.2
1273.2
1273.2
1273.2
1273.2
1273.2
1273.2
1273.2
1273.2
1273.2
1273.2
1273.2
1273.3
1273.3
1273.3
1273.3
1273.3
1273.3
1273.3
1273.3
1273.3
1273.3
1273.3
1273.4
1273.4
1273.4
1273.4
1273.5
1273.5
1273.5
1273.5
1273.5
1273.5
1273.5
1273.6
1273.6
1273.6
1273.7
1273.7
1273.9
1274.0
1274.0
1274.0
1274.1
1274.2
1274.3
1274.3
1274.3
1274.6
1274.7
1274.7
1274.8
1274.8
1274.9
1274.9
1275.1
1275.2
1275.3
1275.4
1275.6
1275.7
1275.9
1276.0
1276.0
1276.2
1276.2
1276.3
1276.6
1276.6
1276.6
1276.7
1276.7
1276.7
1276.8
1276.8
1276.8
1276.8
1276.8
1276.8
1276.8
1276.8
1276.8
1276.8
1276.8
1276.8
1276.8
1276.8
1276.9
1276.9
1276.9
1276.9
1276.9
1276.9
1276.9
1276.9
1276.9
1276.9
1277.0
1277.0
1277.0
1277.0
1277.0
1277.0
1277.0
1277.0
1277.0
1277.0
1277.1
1277.1
1277.1
1277.1
1277.1
1277.1
1277.1
1277.1
1277.1
1277.2
1277.2
1277.2
1277.2
1277.2
1277.3
1277.3
1277.3
1277.3
1277.4
1277.4
1277.5
1277.5
1277.6
1277.6
1277.6
1277.6
1277.7
1277.7
1277.8
1277.8
1277.8
1277.8
1278.0
1278.2
1278.2
1278.4
1278.5
1278.8
1278.8
1278.8
1278.9
1279.1
1279.1
1279.2
1279.5
1279.6
1279.7
1279.8
1280.1
1280.4
1280.5
1280.7
1280.8
1280.9
1280.9
1280.9
1281.0
1281.0
1281.1
1281.1
1281.1
1281.1
1281.1
1281.1
1281.2
1281.2
1281.2
1281.2
1281.2
1281.2
1281.2
1281.2
1281.3
1281.3
1281.3
1281.3
1281.3
1281.3
1281.4
1281.4
1281.4
1281.4
1281.4
1281.4
1281.4
1281.4
1281.5
1281.5
1281.5
1281.5
1281.6
1281.6
1281.6
1281.6
1281.6
1281.6
1281.7
1281.7
1281.7
1281.7
1281.7
1281.7
1281.8
1281.9
1281.9
1281.9
1281.9
1281.9
1281.9
1281.9
1281.9
1281.9
1282.0
1282.0
1282.0
1282.0
1282.1
1282.1
1282.3
1282.4
1282.4
1282.5
1282.5
1282.5
1282.6
1282.6
1282.7
1282.7
1282.8
1282.9
1283.2
1283.2
1283.3
1283.4
1283.4
1284.1
1284.1
1284.5
1284.6
1284.6
1284.6
1284.7
1284.9
1285.3
1285.3
1286.4
1286.6
1287.4
1287.5
1287.6
1287.6
1287.7
1288.0
1288.0
1288.0
1288.1
1288.1
1288.2
1288.2
1288.2
1288.2
1288.3
1288.3
1288.3
1288.4
1288.4
1288.5
1288.6
1288.6
1288.6
1288.6
1288.7
1288.7
1288.7
1288.7
1288.8
1288.9
1289.0
1289.1
1289.1
1289.1
1289.1
1289.1
1289.1
1289.3
1289.3
1289.3
1289.4
1289.4
1289.5
1289.5
1289.6
1289.6
1289.7
1289.7
1289.8
1289.8
1289.9
1290.1
1290.1
1290.1
1290.1
1290.2
1290.2
1290.2
1290.2
1290.2
1290.3
1290.4
1290.6
1290.6
1291.0
1291.0
1291.3
1291.4
1291.4
1291.4
1291.5
1291.5
1291.5
1291.6
1291.7
1291.8
1291.8
1292.7
1293.0
1293.1
1293.4
1293.8
1294.5
1294.8
1294.9
1295.6
1297.0
1297.4
1298.3
1298.4
1298.7
1299.0
1299.6
1299.6
1299.7
1300.5
1300.9
1311.3
1316.7
1316.7
1316.7
1316.7
1316.7
1316.7
1316.7
1316.7
1316.7
1316.7
1316.7
1316.7
1316.7
1316.7
1316.7
1316.7
1316.7
1316.7
1316.7
1316.7
1316.7
1316.7
1316.7
1316.7
1316.7
1316.7
1316.7
1316.7
1316.8
1316.8
1316.8
1316.8
1316.8
1316.8
1316.8
1316.8
1316.8
1316.8
1316.8
1316.8
1316.8
1316.8
1316.8
1316.8
1316.8
1316.8
1316.8
1316.8
1316.8
1316.8
1316.8
1316.8
1316.8
1316.8
1316.8
1316.8
1316.8
1316.8
1316.8
1316.8
1316.8
1316.8
1316.8
1316.8
1316.8
1316.8
1316.9
1316.9
1316.9
1316.9
1316.9
1316.9
1316.9
1316.9
1316.9
1317.0
1317.0
1317.0
1317.0
1317.1
1317.1
1317.1
1317.1
1317.3
1317.3
1317.3
1317.3
1317.4
1317.4
1317.4
1317.4
1317.5
1317.5
1317.6
1317.7
1317.9
1317.9
1318.0
1318.1
1318.1
1323.0
1323.0
1323.0
1323.1
1323.1
1323.1
1323.1
1323.1
1323.2
1323.2
1323.2
1323.2
1323.2
1323.2
1323.2
1323.2
1323.2
1323.2
1323.2
1323.2
1323.2
1323.2
1323.2
1323.2
1323.2
1323.3
1323.3
1323.3
1323.3
1323.3
1323.3
1323.3
1323.3
1323.3
1323.3
1323.3
1323.3
1323.3
1323.3
1323.3
1323.3
1323.3
1323.3
1323.3
1323.3
1323.3
1323.4
1323.4
1323.4
1323.4
1323.4
1323.4
1323.4
1323.4
1323.4
1323.4
1323.4
1323.4
1323.4
1323.4
1323.4
1323.4
1323.4
1323.4
1323.4
1323.4
1323.4
1323.5
1323.5
1323.5
1323.5
1323.5
1323.6
1323.6
1323.7
1323.7
1323.8
1323.9
1323.9
1323.9
1324.1
1324.2
1324.2
1324.2
1324.3
1324.3
1324.4
1324.4
1324.4
1324.6
1324.8
1324.9
1325.2
1325.3
1325.8
1325.9
1326.0
1326.1
1326.2
1326.3
1327.0
1327.0
1327.0
1327.0
1327.0
1327.0
1327.1
1327.1
1327.1
1327.1
1327.1
1327.1
1327.1
1327.1
1327.1
1327.1
1327.2
1327.2
1327.2
1327.2
1327.2
1327.2
1327.2
1327.2
1327.2
1327.2
1327.3
1327.3
1327.3
1327.3
1327.3
1327.3
1327.3
1327.3
1327.3
1327.3
1327.3
1327.4
1327.4
1327.4
1327.4
1327.4
1327.4
1327.4
1327.4
1327.4
1327.4
1327.4
1327.5
1327.5
1327.5
1327.5
1327.5
1327.5
1327.5
1327.5
1327.6
1327.6
1327.6
1327.7
1327.7
1327.7
1327.8
1327.8
1328.0
1328.0
1328.0
1328.0
1328.0
1328.1
1328.1
1328.1
1328.1
1328.3
1328.4
1328.4
1328.5
1328.7
1329.0
1329.1
1329.2
1329.2
1329.2
1329.3
1329.4
1329.5
1329.6
1329.8
1329.8
1330.0
1330.5
1331.1
1331.2
1331.2
1331.2
1331.2
1331.2
1331.3
1331.3
1331.4
1331.4
1331.4
1331.4
1331.4
1331.4
1331.5
1331.5
1331.5
1331.5
1331.5
1331.6
1331.6
1331.6
1331.6
1331.6
1331.6
1331.6
1331.7
1331.7
1331.7
1331.7
1331.7
1331.8
1331.8
1331.8
1331.8
1331.8
1331.9
1331.9
1331.9
1331.9
1331.9
1331.9
1332.0
1332.0
1332.0
1332.0
1332.1
1332.1
1332.1
1332.1
1332.1
1332.2
1332.2
1332.2
1332.3
1332.4
1332.4
1332.4
1332.5
1332.5
1332.5
1332.5
1332.6
1332.6
1332.6
1332.7
1332.7
1332.8
1332.9
1333.2
1333.3
1333.3
1333.3
1333.4
1333.5
1333.6
1333.6
1333.6
1333.7
1333.7
1333.8
1334.0
1334.0
1334.2
1334.3
1334.6
1335.3
1335.7
1336.0
1336.0
1336.1
1336.3
1336.3
1336.4
1337.1
1337.3
1337.4
1337.4
1337.5
1337.6
1337.6
1337.6
1337.7
1337.8
1337.9
1337.9
1337.9
1338.0
1338.0
1338.0
1338.1
1338.2
1338.2
1338.2
1338.3
1338.3
1338.4
1338.4
1338.4
1338.6
1338.6
1338.7
1338.7
1338.7
1338.7
1338.7
1338.8
1338.9
1338.9
1338.9
1339.0
1339.1
1339.1
1339.2
1339.3
1339.3
1339.4
1339.4
1339.5
1339.5
1339.5
1339.6
1339.6
1339.7
1339.8
1340.1
1340.2
1340.3
1340.4
1340.4
1340.4
1340.4
1340.8
1341.0
1341.0
1341.0
1341.1
1341.1
1341.1
1341.1
1341.2
1341.9
1342.6
1342.8
1343.3
1343.5
1343.6
1344.1
1344.1
1344.7
1344.8
1344.8
1344.9
1346.5
1347.0
1347.2
1347.9
1348.1
1348.6
1348.7
1349.7
1349.7
1349.9
1353.3
1355.2
1356.3
1356.7
1357.4
1357.4
1358.4
1358.9
1360.0
1360.4
1361.3
1361.7
1361.8
1362.3
1362.6
1363.0
1363.0
1363.0
1363.3
1363.8
1364.4
1364.6
1364.6
1364.6
1364.8
1364.9
1364.9
1365.1
1365.1
1365.1
1365.1
1365.4
1365.4
1365.5
1365.6
1365.8
1366.2
1366.3
1366.3
1366.4
1366.5
1366.7
1366.7
1366.9
1367.0
1367.1
1367.1
1367.1
1367.3
1367.5
1367.6
1367.7
1367.7
1367.8
1368.3
1368.3
1368.4
1368.4
1368.6
1368.6
1368.6
1368.9
1369.1
1369.2
1369.4
1369.5
1370.1
1370.3
1370.8
1370.9
1371.1
1371.2
1371.4
1371.4
1371.8
1371.9
1372.0
1372.0
1372.4
1372.7
1372.7
1373.1
1373.6
1373.7
1373.9
1373.9
1375.0
1380.4
1382.2
1462.6
1462.6
1462.6
1462.6
1462.6
1462.6
1462.6
1462.7
1462.7
1462.7
1462.7
1462.7
1462.8
1462.8
1462.8
1462.8
1462.8
1462.8
1462.8
1462.8
1462.8
1462.8
1462.8
1462.8
1462.8
1462.8
1462.8
1462.8
1462.8
1462.9
1462.9
1462.9
1462.9
1462.9
1462.9
1462.9
1462.9
1462.9
1462.9
1462.9
1462.9
1462.9
1462.9
1462.9
1462.9
1462.9
1462.9
1462.9
1462.9
1462.9
1462.9
1463.0
1463.0
1463.0
1463.0
1463.0
1463.0
1463.0
1463.0
1463.0
1463.0
1463.0
1463.0
1463.0
1463.0
1463.0
1463.0
1463.0
1463.0
1463.0
1463.0
1463.0
1463.0
1463.0
1463.0
1463.0
1463.0
1463.0
1463.0
1463.0
1463.0
1463.1
1463.1
1463.1
1463.1
1463.1
1463.1
1463.1
1463.1
1463.3
1463.3
1463.3
1463.4
1463.4
1463.5
1463.5
1463.6
1463.6
1463.6
1463.6
1466.5
1466.5
1466.5
1466.5
1466.5
1466.5
1466.5
1466.5
1466.5
1466.6
1466.6
1466.6
1466.6
1466.7
1466.7
1466.7
1466.7
1466.7
1466.7
1466.7
1466.7
1466.7
1466.7
1466.7
1466.7
1466.7
1466.7
1466.8
1466.8
1466.8
1466.8
1466.8
1466.8
1466.8
1466.8
1466.8
1466.8
1466.8
1466.8
1466.8
1466.8
1466.8
1466.8
1466.8
1466.8
1466.8
1466.8
1466.8
1466.8
1466.8
1466.8
1466.8
1466.9
1466.9
1466.9
1466.9
1466.9
1466.9
1466.9
1466.9
1466.9
1466.9
1466.9
1466.9
1466.9
1466.9
1466.9
1466.9
1466.9
1466.9
1467.0
1467.0
1467.0
1467.1
1467.1
1467.1
1467.1
1467.2
1467.2
1467.3
1467.3
1467.4
1467.4
1467.5
1467.6
1467.6
1467.8
1467.9
1468.1
1468.2
1468.2
1468.3
1468.6
1468.7
1469.0
1469.0
1469.1
1469.2
1469.2
1469.3
1470.0
1470.1
1470.1
1470.2
1470.2
1470.2
1470.2
1470.2
1470.2
1470.2
1470.2
1470.2
1470.3
1470.3
1470.3
1470.3
1470.3
1470.3
1470.3
1470.3
1470.3
1470.3
1470.3
1470.3
1470.3
1470.3
1470.3
1470.3
1470.3
1470.3
1470.3
1470.3
1470.4
1470.4
1470.4
1470.4
1470.4
1470.4
1470.4
1470.4
1470.4
1470.4
1470.4
1470.4
1470.4
1470.4
1470.4
1470.4
1470.4
1470.4
1470.4
1470.5
1470.5
1470.5
1470.5
1470.5
1470.5
1470.5
1470.5
1470.5
1470.5
1470.5
1470.5
1470.5
1470.5
1470.5
1470.6
1470.6
1470.6
1470.6
1470.6
1470.8
1470.8
1471.1
1471.2
1471.4
1471.4
1471.4
1471.5
1471.6
1471.6
1471.7
1471.8
1471.8
1472.0
1472.3
1472.5
1472.7
1473.1
1473.2
1473.3
1473.5
1474.2
1474.2
1474.4
1474.5
1474.5
1474.6
1474.6
1474.6
1474.6
1474.6
1474.7
1474.7
1474.7
1474.7
1474.7
1474.7
1474.7
1474.7
1474.7
1474.7
1474.7
1474.7
1474.7
1474.8
1474.8
1474.8
1474.8
1474.8
1474.8
1474.8
1474.8
1474.9
1474.9
1474.9
1474.9
1474.9
1474.9
1474.9
1475.0
1475.0
1475.0
1475.0
1475.0
1475.0
1475.1
1475.1
1475.1
1475.1
1475.1
1475.1
1475.1
1475.1
1475.1
1475.1
1475.2
1475.2
1475.2
1475.2
1475.2
1475.2
1475.2
1475.2
1475.2
1475.3
1475.3
1475.3
1475.3
1475.3
1475.3
1475.4
1475.5
1475.5
1475.5
1475.5
1475.5
1475.7
1475.7
1475.7
1475.8
1476.3
1476.4
1476.4
1476.4
1477.1
1477.1
1477.1
1477.3
1477.3
1477.4
1477.6
1477.6
1478.0
1478.6
1479.3
1479.5
1480.6
1480.6
1481.3
1481.4
1481.6
1481.6
1481.8
1482.0
1482.1
1482.1
1482.1
1482.2
1482.2
1482.3
1482.3
1482.3
1482.4
1482.4
1482.5
1482.5
1482.5
1482.5
1482.6
1482.6
1482.6
1482.6
1482.7
1482.7
1482.7
1482.8
1482.8
1482.9
1483.0
1483.0
1483.0
1483.1
1483.1
1483.2
1483.2
1483.2
1483.3
1483.3
1483.3
1483.5
1483.6
1483.7
1483.7
1483.7
1483.7
1483.8
1483.9
1483.9
1484.1
1484.1
1484.2
1484.3
1484.4
1484.5
1484.5
1484.5
1484.7
1484.7
1484.7
1484.8
1484.8
1484.8
1484.8
1484.8
1485.0
1485.2
1485.2
1485.4
1485.8
1485.8
1486.0
1486.0
1486.4
1486.6
1487.1
1487.1
1487.5
1487.7
1488.9
1488.9
1489.8
1491.2
1492.2
1493.3
1493.9
1493.9
1495.1
1496.0
1497.8
1499.3
1499.7
1501.2
1510.6
1510.7
1510.8
1510.8
1510.8
1510.8
1510.8
1510.8
1510.8
1510.8
1510.8
1510.8
1510.8
1510.8
1510.8
1510.8
1510.8
1510.8
1510.8
1510.8
1510.8
1510.8
1510.8
1510.8
1510.8
1510.8
1510.8
1510.8
1510.8
1510.8
1510.8
1510.8
1510.8
1510.8
1510.8
1510.8
1510.8
1510.8
1510.8
1510.8
1510.8
1510.8
1510.8
1510.9
1510.9
1510.9
1510.9
1510.9
1510.9
1510.9
1510.9
1510.9
1510.9
1510.9
1510.9
1510.9
1510.9
1510.9
1510.9
1510.9
1510.9
1510.9
1510.9
1510.9
1510.9
1510.9
1510.9
1510.9
1510.9
1510.9
1510.9
1510.9
1510.9
1511.0
1511.0
1511.0
1511.1
1511.1
1511.1
1511.1
1511.2
1511.2
1511.2
1511.2
1511.3
1511.3
1511.4
1511.4
1511.4
1511.4
1511.5
1511.5
1511.6
1511.6
1511.8
1511.8
1511.9
1512.0
1512.1
1512.1
1516.4
1516.4
1516.4
1516.4
1516.4
1516.5
1516.5
1516.5
1516.6
1516.6
1516.7
1516.7
1516.7
1516.7
1516.7
1516.7
1516.7
1516.7
1516.8
1516.8
1516.8
1516.8
1516.8
1516.8
1516.8
1516.8
1516.8
1516.8
1516.8
1516.8
1516.8
1516.8
1516.9
1516.9
1516.9
1516.9
1516.9
1516.9
1516.9
1516.9
1516.9
1516.9
1516.9
1516.9
1516.9
1516.9
1516.9
1517.0
1517.0
1517.0
1517.0
1517.0
1517.0
1517.0
1517.0
1517.0
1517.0
1517.0
1517.0
1517.0
1517.0
1517.0
1517.0
1517.0
1517.0
1517.1
1517.1
1517.1
1517.1
1517.1
1517.1
1517.1
1517.1
1517.1
1517.2
1517.2
1517.2
1517.2
1517.3
1517.5
1517.6
1517.7
1517.8
1517.8
1517.8
1517.9
1518.0
1518.1
1518.3
1518.4
1518.7
1518.7
1519.4
1519.4
1520.1
1520.2
1520.5
1520.6
1520.8
1520.9
1521.9
1522.0
1522.1
1522.1
1522.1
1522.1
1522.1
1522.2
1522.2
1522.3
1522.3
1522.3
1522.3
1522.3
1522.4
1522.4
1522.4
1522.4
1522.4
1522.4
1522.5
1522.5
1522.5
1522.5
1522.5
1522.5
1522.5
1522.5
1522.6
1522.6
1522.6
1522.6
1522.6
1522.7
1522.7
1522.7
1522.7
1522.7
1522.7
1522.7
1522.7
1522.7
1522.7
1522.7
1522.7
1522.7
1522.7
1522.8
1522.8
1522.8
1522.8
1522.8
1522.8
1522.8
1522.8
1522.8
1522.8
1522.8
1522.8
1522.9
1522.9
1522.9
1522.9
1522.9
1522.9
1522.9
1522.9
1522.9
1522.9
1522.9
1522.9
1522.9
1523.0
1523.0
1523.0
1523.0
1523.0
1523.1
1523.2
1523.3
1523.3
1523.4
1523.5
1523.6
1523.6
1523.6
1523.7
1523.8
1524.1
1524.1
1524.4
1524.8
1525.1
1525.3
1526.2
1526.3
1526.4
1526.4
1526.4
1526.5
1526.5
1526.6
1526.6
1526.6
1526.6
1526.7
1526.7
1526.7
1526.8
1526.8
1526.8
1526.8
1526.9
1526.9
1526.9
1526.9
1526.9
1526.9
1526.9
1526.9
1526.9
1526.9
1527.0
1527.0
1527.0
1527.0
1527.0
1527.0
1527.0
1527.1
1527.1
1527.1
1527.1
1527.1
1527.1
1527.1
1527.1
1527.1
1527.1
1527.1
1527.1
1527.1
1527.2
1527.2
1527.2
1527.2
1527.2
1527.2
1527.2
1527.2
1527.2
1527.3
1527.3
1527.3
1527.4
1527.4
1527.4
1527.4
1527.4
1527.5
1527.5
1527.5
1527.6
1527.6
1527.6
1527.7
1527.7
1527.8
1527.8
1527.9
1528.0
1528.0
1528.0
1528.2
1528.2
1528.3
1528.5
1528.9
1529.0
1529.1
1529.3
1529.4
1529.4
1529.5
1529.5
1529.9
1530.4
1530.7
1530.9
1531.6
1532.0
1532.3
1532.4
1532.4
1532.5
1532.5
1532.6
1532.8
1532.8
1532.8
1532.8
1532.9
1532.9
1533.0
1533.0
1533.0
1533.0
1533.1
1533.2
1533.2
1533.2
1533.3
1533.3
1533.3
1533.3
1533.3
1533.4
1533.4
1533.4
1533.4
1533.5
1533.5
1533.5
1533.5
1533.6
1533.6
1533.6
1533.7
1533.7
1533.7
1533.7
1533.7
1533.7
1533.8
1533.8
1533.8
1533.8
1533.9
1533.9
1534.0
1534.0
1534.0
1534.0
1534.1
1534.1
1534.1
1534.2
1534.2
1534.3
1534.3
1534.3
1534.4
1534.4
1534.6
1534.7
1534.8
1534.8
1534.8
1535.1
1535.2
1535.3
1535.3
1535.4
1535.4
1535.4
1535.4
1536.0
1536.1
1536.1
1536.4
1536.5
1536.8
1537.1
1537.3
1537.5
1538.1
1538.6
1538.8
1538.9
1539.1
1539.3
1539.7
1539.9
1541.0
1542.8
1542.8
1546.1
1547.7
1550.2
1550.4
1550.9
1551.4
1552.6
1554.6
1555.1
1555.3
1555.3
1556.4
1557.0
1558.0
1558.1
1559.7
1562.1
1562.2
1563.7
1586.2
1654.8
1654.8
1654.8
1654.8
1654.9
1654.9
1654.9
1654.9
1654.9
1654.9
1654.9
1654.9
1654.9
1654.9
1654.9
1654.9
1655.0
1655.0
1655.0
1655.0
1655.0
1655.0
1655.0
1655.0
1655.0
1655.0
1655.0
1655.0
1655.0
1655.0
1655.0
1655.0
1655.0
1655.1
1655.1
1655.1
1655.1
1655.1
1655.1
1655.1
1655.1
1655.1
1655.1
1655.1
1655.1
1655.1
1655.2
1655.2
1655.2
1655.2
1655.2
1655.2
1655.2
1655.2
1655.2
1655.3
1655.3
1655.4
1655.4
1655.4
1655.4
1655.4
1655.4
1655.4
1655.5
1655.5
1655.5
1655.5
1655.5
1655.5
1655.5
1655.6
1655.6
1655.7
1655.7
1655.7
1655.7
1655.7
1655.8
1655.8
1655.9
1656.0
1656.0
1656.0
1656.0
1656.0
1656.1
1656.1
1656.2
1656.2
1656.2
1656.3
1656.4
1656.4
1656.5
1656.6
1656.6
1656.6
1656.7
1656.7
1658.6
1658.6
1658.6
1658.6
1658.6
1658.7
1658.7
1658.7
1658.7
1658.7
1658.7
1658.7
1658.7
1658.7
1658.7
1658.7
1658.8
1658.8
1658.8
1658.8
1658.8
1658.8
1658.8
1658.8
1658.8
1658.9
1658.9
1658.9
1658.9
1658.9
1658.9
1658.9
1658.9
1658.9
1658.9
1658.9
1658.9
1658.9
1658.9
1658.9
1658.9
1658.9
1658.9
1658.9
1658.9
1659.0
1659.0
1659.0
1659.0
1659.0
1659.0
1659.0
1659.0
1659.1
1659.1
1659.1
1659.1
1659.2
1659.2
1659.3
1659.3
1659.3
1659.3
1659.3
1659.4
1659.4
1659.4
1659.4
1659.4
1659.4
1659.4
1659.5
1659.7
1659.8
1659.9
1659.9
1660.0
1660.0
1660.1
1660.1
1660.2
1660.4
1660.5
1660.5
1660.6
1660.7
1660.7
1660.7
1661.1
1661.1
1661.2
1661.2
1661.5
1661.6
1661.9
1662.0
1662.0
1662.0
1662.0
1662.1
1662.1
1662.1
1662.1
1662.1
1662.1
1662.1
1662.1
1662.1
1662.1
1662.1
1662.2
1662.2
1662.2
1662.2
1662.2
1662.2
1662.2
1662.2
1662.3
1662.3
1662.3
1662.3
1662.3
1662.3
1662.3
1662.3
1662.3
1662.3
1662.4
1662.4
1662.4
1662.4
1662.4
1662.4
1662.4
1662.4
1662.5
1662.5
1662.5
1662.5
1662.5
1662.5
1662.5
1662.5
1662.5
1662.6
1662.6
1662.6
1662.6
1662.6
1662.6
1662.7
1662.7
1662.7
1662.8
1662.8
1662.8
1662.8
1663.0
1663.1
1663.1
1663.1
1663.2
1663.2
1663.3
1663.3
1663.3
1663.3
1663.3
1663.4
1663.4
1663.5
1663.7
1663.9
1663.9
1664.2
1664.3
1664.5
1664.6
1664.6
1664.6
1664.8
1664.8
1665.0
1665.2
1665.5
1665.6
1665.6
1666.0
1666.1
1666.1
1666.2
1666.3
1666.3
1666.3
1666.3
1666.3
1666.4
1666.4
1666.4
1666.4
1666.4
1666.5
1666.5
1666.5
1666.5
1666.5
1666.6
1666.6
1666.6
1666.6
1666.6
1666.6
1666.6
1666.6
1666.6
1666.6
1666.7
1666.7
1666.7
1666.7
1666.8
1666.8
1666.8
1666.8
1666.9
1666.9
1666.9
1666.9
1666.9
1666.9
1666.9
1667.0
1667.0
1667.1
1667.1
1667.1
1667.1
1667.1
1667.1
1667.2
1667.2
1667.2
1667.2
1667.2
1667.3
1667.3
1667.4
1667.4
1667.4
1667.4
1667.6
1667.6
1667.7
1667.7
1667.8
1667.9
1667.9
1668.0
1668.0
1668.0
1668.0
1668.1
1668.1
1668.3
1668.3
1668.3
1668.4
1668.7
1668.7
1668.9
1669.0
1669.0
1669.1
1669.2
1669.9
1669.9
1670.3
1670.5
1670.6
1670.6
1670.7
1670.9
1671.3
1671.3
1672.5
1672.5
1672.6
1672.6
1672.8
1672.9
1673.0
1673.1
1673.1
1673.2
1673.2
1673.3
1673.3
1673.4
1673.4
1673.4
1673.5
1673.5
1673.5
1673.6
1673.6
1673.6
1673.6
1673.7
1673.7
1673.7
1673.8
1673.8
1673.9
1673.9
1674.0
1674.0
1674.0
1674.0
1674.2
1674.2
1674.3
1674.3
1674.4
1674.4
1674.4
1674.4
1674.5
1674.6
1674.6
1674.6
1674.7
1674.9
1675.0
1675.0
1675.1
1675.2
1675.2
1675.3
1675.3
1675.5
1675.5
1675.6
1675.6
1675.6
1675.7
1675.8
1675.9
1675.9
1675.9
1676.1
1676.1
1676.3
1676.5
1676.8
1677.0
1677.3
1677.4
1677.4
1677.9
1678.0
1678.2
1678.3
1678.6
1679.6
1680.0
1680.2
1680.3
1680.9
1680.9
1681.5
1681.5
1684.2
1686.2
1686.2
1686.4
1688.0
1688.9
1691.3
1692.8
1694.3
1696.7
1697.7
1702.9
1702.9
1702.9
1702.9
1702.9
1702.9
1703.0
1703.0
1703.0
1703.0
1703.0
1703.0
1703.0
1703.0
1703.0
1703.0
1703.0
1703.0
1703.0
1703.0
1703.0
1703.0
1703.0
1703.0
1703.0
1703.0
1703.0
1703.0
1703.0
1703.0
1703.0
1703.0
1703.0
1703.0
1703.0
1703.0
1703.0
1703.0
1703.0
1703.0
1703.0
1703.0
1703.0
1703.0
1703.0
1703.0
1703.0
1703.1
1703.1
1703.1
1703.1
1703.1
1703.1
1703.1
1703.1
1703.1
1703.1
1703.1
1703.1
1703.1
1703.1
1703.1
1703.1
1703.1
1703.1
1703.1
1703.2
1703.2
1703.2
1703.2
1703.2
1703.2
1703.2
1703.3
1703.3
1703.3
1703.3
1703.4
1703.4
1703.4
1703.4
1703.5
1703.5
1703.5
1703.6
1703.6
1703.7
1703.7
1703.8
1703.8
1703.9
1703.9
1703.9
1704.0
1704.1
1704.2
1704.3
1704.4
1704.5
1704.6
1708.1
1708.1
1708.2
1708.2
1708.2
1708.2
1708.2
1708.2
1708.2
1708.2
1708.2
1708.2
1708.3
1708.3
1708.3
1708.3
1708.3
1708.3
1708.3
1708.3
1708.3
1708.3
1708.3
1708.3
1708.3
1708.4
1708.4
1708.4
1708.4
1708.4
1708.4
1708.4
1708.4
1708.4
1708.4
1708.4
1708.5
1708.5
1708.5
1708.5
1708.5
1708.5
1708.5
1708.5
1708.5
1708.5
1708.5
1708.6
1708.6
1708.6
1708.6
1708.6
1708.6
1708.6
1708.7
1708.7
1708.7
1708.7
1708.7
1708.8
1708.8
1708.9
1708.9
1708.9
1709.0
1709.1
1709.1
1709.3
1709.3
1709.3
1709.4
1709.4
1709.5
1709.7
1709.7
1709.9
1709.9
1710.1
1710.5
1710.6
1711.0
1711.0
1711.1
1711.3
1711.6
1711.6
1711.8
1711.8
1711.9
1712.1
1712.2
1712.4
1712.4
1712.4
1712.5
1712.5
1712.5
1712.5
1712.6
1712.6
1712.6
1712.6
1712.6
1712.6
1712.7
1712.7
1712.7
1712.7
1712.7
1712.7
1712.7
1712.7
1712.7
1712.8
1712.8
1712.8
1712.8
1712.9
1712.9
1713.0
1713.0
1713.0
1713.0
1713.0
1713.0
1713.0
1713.0
1713.1
1713.1
1713.1
1713.1
1713.2
1713.2
1713.2
1713.3
1713.3
1713.3
1713.3
1713.4
1713.4
1713.4
1713.5
1713.5
1713.6
1713.6
1713.7
1713.7
1713.7
1713.7
1713.8
1713.8
1713.8
1713.8
1713.8
1713.9
1714.0
1714.1
1714.1
1714.2
1714.3
1714.5
1714.6
1714.6
1714.8
1714.9
1715.0
1715.1
1715.1
1715.1
1715.2
1715.3
1715.4
1715.6
1716.0
1716.1
1716.1
1716.2
1716.3
1716.6
1717.3
1717.4
1717.5
1717.5
1717.5
1717.7
1717.7
1717.7
1717.7
1717.7
1717.8
1717.9
1717.9
1717.9
1718.0
1718.1
1718.1
1718.1
1718.1
1718.1
1718.2
1718.2
1718.2
1718.3
1718.3
1718.3
1718.4
1718.5
1718.6
1718.6
1718.6
1718.6
1718.7
1718.9
1719.0
1719.0
1719.1
1719.1
1719.1
1719.2
1719.2
1719.2
1719.3
1719.3
1719.3
1719.4
1719.4
1719.4
1719.5
1719.5
1719.6
1719.7
1719.7
1719.8
1719.8
1719.8
1719.9
1720.0
1720.1
1720.3
1720.5
1720.6
1721.0
1721.0
1721.2
1721.3
1721.3
1721.5
1721.5
1721.5
1721.6
1721.7
1722.5
1722.6
1723.0
1723.6
1724.4
1724.4
1724.5
1724.9
1725.2
1725.2
1725.4
1725.5
1725.6
1726.2
1726.2
1726.4
1726.5
1726.5
1726.5
1726.8
1727.2
1727.4
1727.5
1727.6
1727.6
1727.7
1727.8
1727.9
1728.1
1728.1
1728.1
1728.3
1728.3
1728.4
1728.4
1728.6
1728.6
1728.6
1728.7
1728.9
1728.9
1728.9
1729.0
1729.0
1729.1
1729.2
1729.2
1729.2
1729.3
1729.4
1729.6
1729.6
1729.6
1729.7
1729.7
1729.7
1729.8
1729.8
1729.9
1730.0
1730.1
1730.2
1730.3
1730.4
1730.4
1730.4
1730.5
1730.5
1730.6
1730.6
1730.7
1730.9
1731.0
1731.0
1731.0
1731.1
1731.2
1731.2
1731.8
1731.8
1731.9
1732.1
1732.1
1732.2
1732.3
1732.3
1732.4
1732.5
1732.7
1732.8
1733.0
1733.2
1733.4
1733.9
1734.4
1734.5
1734.6
1734.7
1734.9
1735.4
1735.6
1735.7
1735.9
1737.5
1737.8
1740.6
1742.0
1742.2
1742.2
1742.7
1745.4
1746.5
1758.7
1766.2
1825.7
1825.7
1825.7
1825.7
1825.7
1825.7
1825.7
1825.7
1825.7
1825.7
1825.7
1825.7
1825.7
1825.7
1825.7
1825.7
1825.7
1825.7
1825.7
1825.7
1825.7
1825.7
1825.7
1825.7
1825.7
1825.7
1825.7
1825.7
1825.8
1825.8
1825.8
1825.8
1825.8
1825.8
1825.8
1825.8
1825.8
1825.8
1825.9
1825.9
1825.9
1825.9
1825.9
1825.9
1825.9
1825.9
1825.9
1825.9
1825.9
1825.9
1825.9
1825.9
1825.9
1825.9
1825.9
1825.9
1825.9
1825.9
1825.9
1825.9
1826.0
1826.0
1826.0
1826.0
1826.0
1826.0
1826.0
1826.0
1826.0
1826.0
1826.0
1826.1
1826.1
1826.2
1826.2
1826.3
1826.4
1826.4
1826.4
1826.4
1826.5
1826.5
1826.5
1826.6
1826.6
1826.6
1826.9
1826.9
1826.9
1827.1
1827.1
1827.2
1827.3
1827.3
1827.4
1827.5
1827.6
1827.6
1827.6
1827.7
1829.5
1829.5
1829.6
1829.6
1829.6
1829.6
1829.6
1829.6
1829.6
1829.6
1829.6
1829.6
1829.6
1829.6
1829.6
1829.6
1829.6
1829.6
1829.6
1829.6
1829.6
1829.6
1829.6
1829.6
1829.6
1829.6
1829.6
1829.6
1829.6
1829.6
1829.7
1829.7
1829.7
1829.7
1829.7
1829.7
1829.7
1829.7
1829.7
1829.7
1829.7
1829.8
1829.8
1829.8
1829.8
1829.8
1829.8
1829.8
1829.8
1829.8
1829.8
1829.8
1829.8
1829.8
1829.8
1829.8
1829.9
1829.9
1829.9
1829.9
1829.9
1829.9
1829.9
1829.9
1830.0
1830.0
1830.0
1830.0
1830.1
1830.1
1830.2
1830.2
1830.2
1830.7
1830.7
1830.8
1830.8
1830.9
1831.0
1831.0
1831.1
1831.2
1831.3
1831.4
1831.5
1831.5
1831.8
1831.9
1832.1
1832.3
1832.4
1832.5
1832.7
1832.9
1833.1
1833.2
1833.2
1833.2
1833.2
1833.2
1833.2
1833.2
1833.2
1833.2
1833.2
1833.2
1833.2
1833.2
1833.2
1833.2
1833.2
1833.3
1833.3
1833.3
1833.3
1833.3
1833.3
1833.3
1833.3
1833.3
1833.3
1833.3
1833.3
1833.3
1833.3
1833.3
1833.3
1833.3
1833.4
1833.4
1833.4
1833.4
1833.4
1833.4
1833.4
1833.4
1833.4
1833.4
1833.4
1833.4
1833.4
1833.4
1833.4
1833.4
1833.4
1833.5
1833.5
1833.5
1833.5
1833.5
1833.5
1833.6
1833.6
1833.6
1833.6
1833.6
1833.6
1833.6
1833.6
1833.7
1833.7
1833.7
1833.7
1833.7
1833.7
1833.8
1833.8
1833.9
1834.0
1834.0
1834.1
1834.1
1834.1
1834.6
1834.7
1834.9
1834.9
1835.0
1835.0
1835.3
1835.3
1835.3
1835.4
1835.6
1835.9
1836.1
1836.4
1836.5
1837.1
1837.1
1837.2
1837.2
1837.2
1837.3
1837.3
1837.3
1837.3
1837.3
1837.3
1837.4
1837.4
1837.4
1837.4
1837.4
1837.4
1837.4
1837.4
1837.4
1837.4
1837.4
1837.4
1837.5
1837.5
1837.5
1837.5
1837.5
1837.5
1837.5
1837.5
1837.5
1837.6
1837.6
1837.6
1837.6
1837.6
1837.6
1837.6
1837.7
1837.7
1837.7
1837.7
1837.7
1837.7
1837.8
1837.8
1837.8
1837.8
1837.9
1837.9
1837.9
1837.9
1837.9
1837.9
1837.9
1838.0
1838.0
1838.0
1838.0
1838.1
1838.1
1838.1
1838.1
1838.2
1838.2
1838.2
1838.2
1838.2
1838.3
1838.3
1838.3
1838.3
1838.5
1838.6
1838.6
1838.7
1838.8
1838.9
1839.0
1839.1
1839.2
1839.2
1839.5
1839.5
1839.7
1839.9
1840.2
1840.2
1840.3
1840.3
1840.5
1840.7
1840.9
1841.0
1841.3
1841.5
1842.5
1842.9
1843.0
1843.2
1843.3
1843.4
1843.4
1843.5
1843.5
1843.5
1843.5
1843.5
1843.6
1843.7
1843.7
1843.7
1843.8
1843.8
1843.8
1843.8
1843.8
1843.8
1843.8
1843.9
1843.9
1843.9
1843.9
1844.0
1844.1
1844.1
1844.1
1844.1
1844.2
1844.2
1844.3
1844.3
1844.3
1844.3
1844.3
1844.3
1844.4
1844.4
1844.5
1844.5
1844.6
1844.6
1844.6
1844.7
1844.7
1844.7
1844.8
1844.8
1844.8
1844.9
1844.9
1844.9
1845.0
1845.0
1845.0
1845.1
1845.1
1845.1
1845.1
1845.1
1845.2
1845.6
1845.6
1845.7
1845.7
1845.7
1845.8
1845.9
1846.0
1846.0
1846.1
1846.6
1846.7
1847.2
1847.6
1847.8
1848.0
1848.1
1848.1
1848.7
1848.8
1848.9
1850.4
1850.7
1850.8
1851.0
1851.1
1851.9
1852.1
1852.3
1852.9
1853.2
1856.2
1856.3
1856.6
1856.8
1876.6
1877.2
1877.2
1877.2
1877.3
1877.4
1877.4
1877.4
1877.4
1877.5
1877.5
1877.5
1877.5
1877.6
1877.6
1877.6
1877.6
1877.7
1877.7
1877.7
1877.7
1877.7
1877.8
1877.8
1877.8
1877.8
1877.8
1877.8
1877.8
1877.8
1877.8
1877.9
1877.9
1877.9
1878.0
1878.0
1878.0
1878.1
1878.1
1878.1
1878.1
1878.2
1878.2
1878.2
1878.2
1878.3
1878.4
1878.4
1878.4
1878.4
1878.4
1878.4
1878.5
1878.5
1878.5
1878.5
1878.6
1878.6
1878.7
1878.8
1878.8
1878.8
1878.8
1878.8
1878.9
1878.9
1878.9
1879.0
1879.0
1879.0
1879.0
1879.0
1879.1
1879.2
1879.2
1879.2
1879.2
1879.3
1879.3
1879.4
1879.4
1879.5
1879.5
1879.5
1879.5
1879.6
1879.6
1879.6
1879.7
1879.8
1879.8
1879.8
1880.0
1880.0
1880.2
1880.2
1880.3
1880.3
1880.4
1880.4
1880.7
1881.5
1881.5
1881.5
1881.5
1881.7
1881.7
1881.8
1881.8
1881.9
1881.9
1882.0
1882.0
1882.0
1882.0
1882.0
1882.1
1882.1
1882.1
1882.1
1882.2
1882.2
1882.2
1882.2
1882.2
1882.3
1882.3
1882.3
1882.3
1882.3
1882.3
1882.4
1882.4
1882.5
1882.6
1882.7
1882.7
1882.7
1882.7
1882.7
1882.7
1882.8
1882.8
1882.9
1882.9
1882.9
1883.1
1883.1
1883.1
1883.2
1883.2
1883.2
1883.3
1883.3
1883.3
1883.3
1883.4
1883.5
1883.5
1883.6
1883.6
1883.8
1883.8
1883.9
1883.9
1883.9
1883.9
1883.9
1884.1
1884.1
1884.1
1884.1
1884.7
1884.7
1884.8
1884.9
1885.0
1885.1
1885.1
1885.2
1885.3
1885.5
1885.5
1885.7
1885.7
1885.8
1886.0
1886.0
1886.0
1886.0
1886.0
1886.0
1886.1
1886.1
1886.2
1886.2
1886.2
1886.3
1886.3
1886.3
1886.3
1886.3
1886.3
1886.4
1886.4
1886.4
1886.4
1886.4
1886.4
1886.4
1886.5
1886.5
1886.5
1886.5
1886.5
1886.5
1886.5
1886.5
1886.6
1886.6
1886.7
1886.7
1886.7
1886.8
1886.8
1886.8
1886.8
1886.8
1886.9
1886.9
1887.0
1887.0
1887.1
1887.1
1887.1
1887.1
1887.1
1887.1
1887.2
1887.3
1887.3
1887.3
1887.3
1887.3
1887.5
1887.5
1887.6
1887.6
1887.6
1887.6
1887.6
1887.6
1887.8
1887.9
1887.9
1887.9
1888.0
1888.0
1888.0
1888.0
1888.4
1888.5
1888.5
1888.5
1888.6
1888.6
1888.7
1889.0
1889.0
1889.1
1889.2
1889.3
1889.7
1889.8
1889.8
1890.1
1890.5
1890.5
1890.6
1890.6
1890.8
1890.9
1891.0
1891.0
1891.0
1891.0
1891.1
1891.1
1891.1
1891.2
1891.2
1891.3
1891.3
1891.3
1891.3
1891.4
1891.4
1891.4
1891.4
1891.4
1891.4
1891.4
1891.4
1891.5
1891.6
1891.6
1891.6
1891.6
1891.7
1891.7
1891.7
1891.7
1891.8
1891.9
1891.9
1891.9
1892.0
1892.1
1892.1
1892.1
1892.1
1892.2
1892.2
1892.4
1892.5
1892.5
1892.5
1892.6
1892.7
1892.7
1892.8
1892.9
1893.0
1893.0
1893.0
1893.0
1893.0
1893.1
1893.2
1893.4
1893.4
1893.5
1893.6
1893.6
1893.7
1893.8
1894.0
1894.2
1894.2
1894.3
1894.4
1894.5
1895.3
1895.3
1895.5
1895.7
1895.7
1895.8
1895.9
1896.2
1896.5
1896.6
1896.6
1897.0
1897.1
1897.3
1897.5
1897.9
1897.9
1898.0
1898.0
1898.1
1898.4
1898.5
1898.6
1898.6
1899.7
1899.7
1899.7
1899.8
1899.8
1900.0
1900.1
1900.1
1900.1
1900.1
1900.2
1900.5
1900.5
1900.5
1900.7
1900.7
1900.9
1901.1
1901.1
1901.2
1901.4
1901.5
1901.6
1901.8
1901.8
1901.8
1902.1
1902.7
1902.8
1902.8
1902.9
1902.9
1903.0
1903.3
1903.4
1904.1
1904.5
1904.6
1904.8
1905.0
1905.0
1905.5
1905.7
1906.5
1907.1
1907.2
1907.3
1907.4
1908.0
1908.1
1908.2
1908.7
1908.9
1909.0
1909.4
1909.8
1910.6
1911.4
1911.4
1913.0
1914.9
1915.2
1915.6
1916.4
1917.0
1917.6
1929.1
1930.3
2015.5
2015.5
2015.5
2015.5
2015.5
2015.5
2015.5
2015.5
2015.5
2015.5
2015.5
2015.5
2015.5
2015.5
2015.5
2015.5
2015.5
2015.5
2015.5
2015.5
2015.6
2015.6
2015.6
2015.6
2015.6
2015.6
2015.6
2015.6
2015.6
2015.6
2015.6
2015.6
2015.6
2015.6
2015.6
2015.6
2015.6
2015.6
2015.6
2015.6
2015.6
2015.6
2015.7
2015.7
2015.7
2015.7
2015.7
2015.7
2015.7
2015.7
2015.7
2015.7
2015.7
2015.7
2015.7
2015.7
2015.7
2015.7
2015.7
2015.7
2015.7
2015.7
2015.8
2015.8
2015.8
2015.8
2015.8
2015.8
2015.8
2015.9
2015.9
2015.9
2015.9
2015.9
2016.0
2016.1
2016.1
2016.2
2016.2
2016.2
2016.2
2016.3
2016.3
2016.3
2016.3
2016.4
2016.5
2016.6
2016.6
2016.8
2016.8
2016.8
2017.0
2017.0
2017.0
2017.1
2017.2
2017.2
2017.3
2017.3
2019.1
2019.2
2019.2
2019.2
2019.2
2019.2
2019.2
2019.2
2019.2
2019.2
2019.2
2019.2
2019.2
2019.2
2019.2
2019.2
2019.2
2019.2
2019.3
2019.3
2019.3
2019.3
2019.3
2019.3
2019.3
2019.3
2019.3
2019.3
2019.3
2019.3
2019.3
2019.3
2019.3
2019.3
2019.3
2019.3
2019.3
2019.3
2019.3
2019.4
2019.4
2019.4
2019.4
2019.4
2019.4
2019.4
2019.4
2019.4
2019.4
2019.4
2019.4
2019.4
2019.4
2019.4
2019.4
2019.5
2019.5
2019.5
2019.5
2019.5
2019.5
2019.5
2019.5
2019.5
2019.5
2019.5
2019.6
2019.6
2019.6
2019.6
2019.7
2019.7
2019.7
2020.0
2020.1
2020.2
2020.2
2020.3
2020.3
2020.4
2020.4
2020.4
2020.6
2020.6
2020.7
2020.8
2021.1
2021.2
2021.3
2021.6
2021.6
2021.8
2022.1
2022.2
2022.4
2022.5
2022.6
2022.6
2022.6
2022.6
2022.6
2022.6
2022.7
2022.7
2022.7
2022.7
2022.7
2022.7
2022.7
2022.7
2022.7
2022.7
2022.7
2022.7
2022.7
2022.7
2022.7
2022.7
2022.8
2022.8
2022.8
2022.8
2022.8
2022.8
2022.8
2022.8
2022.8
2022.8
2022.8
2022.8
2022.8
2022.8
2022.8
2022.9
2022.9
2022.9
2022.9
2022.9
2022.9
2022.9
2022.9
2022.9
2022.9
2022.9
2022.9
2022.9
2022.9
2022.9
2023.0
2023.0
2023.0
2023.0
2023.0
2023.0
2023.0
2023.0
2023.0
2023.0
2023.1
2023.1
2023.1
2023.1
2023.1
2023.2
2023.2
2023.2
2023.3
2023.4
2023.5
2023.5
2023.5
2023.6
2023.7
2024.1
2024.1
2024.3
2024.3
2024.4
2024.5
2024.6
2024.6
2024.8
2024.8
2024.8
2025.0
2025.4
2025.7
2025.9
2026.4
2026.4
2026.6
2026.7
2026.7
2026.8
2026.8
2026.8
2026.9
2026.9
2026.9
2026.9
2026.9
2026.9
2026.9
2026.9
2026.9
2026.9
2026.9
2027.0
2027.0
2027.0
2027.0
2027.0
2027.0
2027.0
2027.0
2027.0
2027.0
2027.0
2027.0
2027.1
2027.1
2027.1
2027.1
2027.1
2027.1
2027.2
2027.2
2027.2
2027.2
2027.2
2027.3
2027.3
2027.3
2027.3
2027.3
2027.3
2027.3
2027.4
2027.4
2027.4
2027.4
2027.4
2027.5
2027.5
2027.5
2027.5
2027.5
2027.6
2027.6
2027.6
2027.6
2027.7
2027.7
2027.7
2027.7
2027.7
2027.7
2027.7
2027.8
2027.9
2027.9
2027.9
2028.0
2028.1
2028.2
2028.3
2028.4
2028.4
2028.5
2028.8
2028.9
2029.1
2029.2
2029.2
2029.3
2029.7
2029.8
2029.9
2029.9
2030.0
2030.1
2030.3
2030.5
2030.7
2031.3
2032.0
2032.5
2032.8
2032.8
2033.0
2033.1
2033.3
2033.3
2033.3
2033.3
2033.3
2033.4
2033.4
2033.5
2033.5
2033.6
2033.6
2033.6
2033.6
2033.6
2033.6
2033.6
2033.6
2033.7
2033.7
2033.7
2033.8
2033.8
2033.8
2033.9
2034.0
2034.0
2034.0
2034.1
2034.1
2034.2
2034.2
2034.2
2034.2
2034.3
2034.3
2034.3
2034.3
2034.4
2034.4
2034.4
2034.5
2034.5
2034.5
2034.7
2034.7
2034.7
2034.8
2034.8
2034.8
2034.9
2034.9
2035.0
2035.0
2035.0
2035.1
2035.1
2035.3
2035.3
2035.3
2035.6
2035.6
2035.8
2035.8
2035.9
2035.9
2036.0
2036.1
2036.1
2036.2
2037.1
2037.4
2037.5
2038.0
2038.3
2038.5
2038.8
2038.9
2038.9
2039.2
2039.7
2040.8
2041.5
2041.9
2043.0
2043.3
2043.3
2043.6
2043.9
2044.4
2045.2
2049.0
2051.4
2053.0
2055.5
2065.2
2065.3
2065.4
2065.6
2065.7
2065.8
2065.8
2065.9
2065.9
2066.0
2066.0
2066.0
2066.0
2066.0
2066.1
2066.1
2066.1
2066.1
2066.1
2066.1
2066.2
2066.2
2066.2
2066.2
2066.2
2066.2
2066.2
2066.2
2066.3
2066.3
2066.3
2066.3
2066.3
2066.3
2066.3
2066.3
2066.3
2066.3
2066.4
2066.4
2066.4
2066.4
2066.4
2066.4
2066.4
2066.4
2066.5
2066.5
2066.5
2066.5
2066.5
2066.5
2066.5
2066.5
2066.5
2066.5
2066.5
2066.6
2066.6
2066.6
2066.6
2066.6
2066.6
2066.6
2066.6
2066.6
2066.6
2066.6
2066.6
2066.6
2066.6
2066.6
2066.6
2066.7
2066.7
2066.7
2066.7
2066.7
2066.7
2066.7
2066.7
2066.7
2066.7
2066.7
2066.7
2066.7
2066.7
2066.7
2066.7
2066.7
2066.7
2066.7
2066.7
2066.7
2066.7
2066.9
2067.0
2067.0
2067.1
2067.2
2069.8
2070.0
2070.4
2070.4
2070.5
2070.6
2070.7
2070.7
2070.8
2070.8
2070.9
2070.9
2070.9
2070.9
2070.9
2071.0
2071.0
2071.0
2071.0
2071.1
2071.1
2071.2
2071.2
2071.2
2071.2
2071.3
2071.3
2071.3
2071.4
2071.4
2071.4
2071.4
2071.4
2071.5
2071.5
2071.5
2071.5
2071.5
2071.5
2071.5
2071.5
2071.6
2071.6
2071.6
2071.6
2071.6
2071.6
2071.6
2071.6
2071.6
2071.7
2071.7
2071.7
2071.7
2071.7
2071.7
2071.7
2071.7
2071.7
2071.7
2071.7
2071.7
2071.7
2071.7
2071.7
2071.7
2071.7
2071.8
2071.8
2071.8
2071.8
2071.8
2071.8
2071.8
2071.8
2071.8
2071.8
2071.9
2071.9
2071.9
2071.9
2072.1
2072.2
2072.2
2072.2
2072.2
2072.3
2072.4
2072.6
2072.6
2072.7
2073.0
2073.4
2073.5
2073.9
2074.0
2074.0
2074.3
2074.3
2074.3
2074.4
2074.5
2074.5
2074.6
2074.7
2074.7
2074.7
2074.8
2074.8
2074.8
2074.8
2074.8
2074.9
2074.9
2074.9
2075.0
2075.0
2075.0
2075.0
2075.0
2075.0
2075.0
2075.0
2075.0
2075.0
2075.1
2075.1
2075.1
2075.1
2075.2
2075.2
2075.2
2075.2
2075.2
2075.2
2075.2
2075.2
2075.2
2075.2
2075.2
2075.2
2075.3
2075.3
2075.3
2075.3
2075.3
2075.3
2075.3
2075.3
2075.3
2075.3
2075.4
2075.4
2075.4
2075.4
2075.4
2075.4
2075.4
2075.4
2075.4
2075.4
2075.4
2075.4
2075.4
2075.4
2075.5
2075.5
2075.5
2075.5
2075.6
2075.6
2075.7
2075.8
2075.8
2075.9
2076.0
2076.4
2076.5
2076.5
2076.7
2076.8
2077.0
2077.1
2077.1
2077.3
2077.4
2077.7
2077.8
2078.1
2078.4
2078.9
2079.0
2079.0
2079.1
2079.3
2079.4
2079.4
2079.4
2079.4
2079.4
2079.5
2079.5
2079.5
2079.6
2079.6
2079.6
2079.6
2079.7
2079.7
2079.7
2079.7
2079.7
2079.7
2079.7
2079.7
2079.8
2079.8
2079.8
2079.8
2079.8
2079.8
2079.8
2079.8
2079.8
2079.9
2079.9
2079.9
2079.9
2079.9
2080.0
2080.0
2080.1
2080.1
2080.1
2080.1
2080.1
2080.1
2080.1
2080.2
2080.2
2080.2
2080.2
2080.2
2080.2
2080.3
2080.3
2080.3
2080.3
2080.3
2080.3
2080.4
2080.4
2080.4
2080.4
2080.4
2080.5
2080.6
2080.6
2080.6
2080.7
2080.7
2080.8
2081.0
2081.1
2081.2
2081.2
2081.2
2081.6
2081.6
2081.7
2081.7
2081.8
2082.1
2083.0
2083.0
2083.2
2083.3
2083.7
2084.0
2084.0
2084.1
2084.4
2084.5
2084.8
2084.9
2086.1
2086.3
2086.4
2086.4
2086.5
2086.6
2086.7
2086.8
2087.0
2087.1
2087.2
2087.3
2087.4
2087.4
2087.4
2087.5
2087.6
2087.6
2087.6
2087.7
2087.7
2087.8
2087.8
2088.1
2088.1
2088.3
2088.4
2088.4
2088.4
2088.4
2088.5
2088.5
2088.7
2088.7
2088.8
2088.8
2088.9
2088.9
2088.9
2089.0
2089.0
2089.0
2089.2
2089.2
2089.2
2089.2
2089.5
2089.5
2089.6
2089.7
2089.7
2089.8
2089.9
2089.9
2090.0
2090.1
2090.1
2090.4
2090.6
2090.7
2090.8
2091.3
2091.3
2091.7
2091.8
2091.9
2091.9
2092.1
2092.5
2092.5
2092.5
2092.6
2093.2
2093.6
2093.9
2096.1
2097.6
2097.8
2098.5
2111.3
2111.4
2121.2
2210.8
2210.8
2210.8
2210.8
2210.8
2210.9
2210.9
2210.9
2210.9
2210.9
2210.9
2210.9
2210.9
2210.9
2210.9
2210.9
2210.9
2210.9
2210.9
2210.9
2210.9
2211.0
2211.0
2211.0
2211.0
2211.0
2211.0
2211.0
2211.0
2211.0
2211.0
2211.0
2211.0
2211.0
2211.0
2211.0
2211.0
2211.0
2211.0
2211.0
2211.0
2211.0
2211.0
2211.1
2211.1
2211.1
2211.1
2211.1
2211.1
2211.1
2211.1
2211.1
2211.1
2211.1
2211.1
2211.1
2211.1
2211.1
2211.1
2211.1
2211.1
2211.1
2211.1
2211.1
2211.1
2211.1
2211.1
2211.1
2211.1
2211.1
2211.1
2211.1
2211.1
2211.1
2211.1
2211.1
2211.1
2211.1
2211.1
2211.1
2211.1
2211.1
2211.1
2211.1
2211.2
2211.2
2211.2
2211.2
2211.2
2211.3
2211.3
2211.3
2211.4
2211.4
2211.4
2211.5
2211.5
2211.5
2211.6
2211.6
2214.8
2214.8
2214.8
2214.8
2214.8
2214.8
2214.8
2214.8
2214.8
2214.9
2214.9
2214.9
2214.9
2214.9
2214.9
2214.9
2214.9
2214.9
2214.9
2214.9
2214.9
2214.9
2214.9
2215.0
2215.0
2215.0
2215.0
2215.0
2215.0
2215.0
2215.0
2215.0
2215.0
2215.0
2215.0
2215.0
2215.0
2215.0
2215.0
2215.0
2215.0
2215.0
2215.0
2215.0
2215.0
2215.0
2215.0
2215.0
2215.0
2215.0
2215.0
2215.0
2215.0
2215.0
2215.0
2215.0
2215.1
2215.1
2215.1
2215.1
2215.1
2215.1
2215.1
2215.1
2215.1
2215.1
2215.1
2215.1
2215.1
2215.1
2215.1
2215.1
2215.1
2215.3
2215.4
2215.4
2215.4
2215.4
2215.5
2215.5
2215.6
2215.6
2215.6
2215.7
2215.8
2215.8
2216.0
2216.0
2216.2
2216.3
2216.4
2216.4
2216.7
2216.8
2217.1
2217.1
2217.1
2217.2
2217.2
2217.3
2218.4
2218.5
2218.5
2218.5
2218.5
2218.5
2218.5
2218.5
2218.5
2218.5
2218.5
2218.5
2218.5
2218.5
2218.6
2218.6
2218.6
2218.6
2218.6
2218.6
2218.6
2218.6
2218.6
2218.6
2218.6
2218.6
2218.6
2218.6
2218.6
2218.6
2218.6
2218.6
2218.6
2218.6
2218.7
2218.7
2218.7
2218.7
2218.7
2218.7
2218.7
2218.7
2218.7
2218.7
2218.7
2218.7
2218.7
2218.7
2218.7
2218.7
2218.7
2218.7
2218.7
2218.7
2218.8
2218.8
2218.8
2218.8
2218.8
2218.8
2218.8
2218.8
2218.8
2218.8
2218.8
2218.8
2218.8
2218.9
2218.9
2219.0
2219.1
2219.1
2219.1
2219.4
2219.5
2219.7
2219.8
2219.8
2219.8
2220.0
2220.0
2220.0
2220.1
2220.1
2220.3
2220.7
2220.8
2221.0
2221.3
2221.5
2221.6
2221.8
2222.4
2222.5
2222.7
2222.7
2222.9
2222.9
2223.0
2223.0
2223.0
2223.1
2223.1
2223.1
2223.1
2223.1
2223.1
2223.1
2223.2
2223.2
2223.2
2223.2
2223.2
2223.2
2223.2
2223.2
2223.2
2223.2
2223.2
2223.3
2223.3
2223.3
2223.3
2223.3
2223.3
2223.3
2223.3
2223.4
2223.4
2223.4
2223.4
2223.4
2223.4
2223.5
2223.5
2223.5
2223.5
2223.5
2223.5
2223.5
2223.6
2223.6
2223.6
2223.6
2223.6
2223.6
2223.6
2223.6
2223.7
2223.7
2223.7
2223.7
2223.7
2223.8
2223.8
2223.8
2223.8
2223.8
2223.9
2223.9
2223.9
2223.9
2223.9
2224.0
2224.0
2224.0
2224.0
2224.0
2224.2
2224.3
2224.6
2224.8
2224.9
2225.0
2225.1
2225.7
2225.7
2225.8
2226.0
2226.1
2226.1
2226.2
2226.3
2226.6
2227.2
2228.2
2228.3
2229.1
2229.4
2229.9
2230.4
2230.6
2231.0
2231.1
2231.2
2231.2
2231.2
2231.3
2231.4
2231.5
2231.7
2231.7
2231.7
2231.7
2231.8
2231.8
2231.8
2231.9
2231.9
2231.9
2231.9
2232.1
2232.1
2232.2
2232.2
2232.2
2232.3
2232.3
2232.4
2232.4
2232.5
2232.5
2232.6
2232.7
2232.8
2232.9
2232.9
2232.9
2233.0
2233.1
2233.1
2233.1
2233.2
2233.3
2233.3
2233.4
2233.4
2233.5
2233.6
2233.7
2233.8
2233.9
2233.9
2233.9
2234.0
2234.3
2234.3
2234.3
2234.4
2234.5
2234.5
2234.6
2234.6
2234.8
2235.2
2235.4
2235.4
2235.5
2235.7
2235.7
2236.3
2236.3
2236.3
2236.3
2236.5
2237.5
2239.2
2239.4
2240.0
2240.3
2241.4
2241.6
2243.7
2251.7
2255.6
2257.5
2258.1
2258.7
2259.2
2259.3
2259.4
2259.4
2259.4
2259.4
2259.4
2259.4
2259.4
2259.4
2259.4
2259.4
2259.5
2259.5
2259.5
2259.5
2259.5
2259.5
2259.5
2259.5
2259.5
2259.5
2259.5
2259.5
2259.5
2259.5
2259.5
2259.5
2259.5
2259.5
2259.5
2259.5
2259.5
2259.5
2259.5
2259.5
2259.5
2259.5
2259.5
2259.5
2259.5
2259.5
2259.5
2259.5
2259.5
2259.5
2259.5
2259.5
2259.5
2259.5
2259.5
2259.5
2259.5
2259.5
2259.5
2259.5
2259.5
2259.5
2259.5
2259.5
2259.5
2259.6
2259.6
2259.6
2259.6
2259.6
2259.6
2259.6
2259.6
2259.6
2259.6
2259.6
2259.6
2259.6
2259.6
2259.6
2259.6
2259.7
2259.7
2259.7
2259.8
2259.8
2259.8
2259.9
2260.0
2260.0
2260.0
2260.1
2260.1
2260.2
2260.3
2260.3
2260.5
2260.6
2260.7
2260.9
2261.6
2262.4
2263.1
2263.9
2264.5
2264.5
2264.5
2264.6
2264.6
2264.6
2264.7
2264.7
2264.7
2264.7
2264.7
2264.8
2264.8
2264.8
2264.8
2264.8
2264.9
2264.9
2264.9
2264.9
2264.9
2264.9
2264.9
2265.0
2265.0
2265.0
2265.0
2265.0
2265.0
2265.0
2265.0
2265.0
2265.1
2265.1
2265.1
2265.1
2265.1
2265.1
2265.1
2265.1
2265.2
2265.2
2265.2
2265.2
2265.2
2265.2
2265.2
2265.3
2265.3
2265.3
2265.3
2265.3
2265.3
2265.3
2265.3
2265.3
2265.3
2265.3
2265.3
2265.3
2265.3
2265.3
2265.3
2265.3
2265.3
2265.3
2265.3
2265.4
2265.4
2265.4
2265.4
2265.4
2265.4
2265.4
2265.4
2265.4
2265.5
2265.5
2265.5
2265.5
2265.5
2265.5
2265.6
2265.6
2265.6
2265.7
2266.0
2266.0
2266.2
2266.2
2266.7
2266.7
2267.1
2267.3
2267.4
2267.6
2268.0
2268.3
2268.7
2269.3
2269.3
2269.3
2269.3
2269.4
2269.4
2269.4
2269.4
2269.6
2269.6
2269.6
2269.6
2269.6
2269.6
2269.7
2269.7
2269.7
2269.7
2269.7
2269.7
2269.7
2269.7
2269.7
2269.8
2269.8
2269.8
2269.8
2269.8
2269.8
2269.8
2269.8
2269.8
2269.8
2269.8
2269.8
2269.8
2269.8
2269.8
2269.9
2269.9
2269.9
2269.9
2269.9
2269.9
2269.9
2269.9
2269.9
2269.9
2269.9
2269.9
2269.9
2269.9
2269.9
2269.9
2269.9
2270.0
2270.0
2270.0
2270.0
2270.0
2270.0
2270.0
2270.0
2270.0
2270.0
2270.0
2270.0
2270.1
2270.1
2270.1
2270.1
2270.1
2270.1
2270.1
2270.1
2270.1
2270.1
2270.2
2270.3
2270.3
2270.4
2270.7
2270.8
2271.0
2271.2
2271.2
2271.6
2271.8
2272.0
2272.3
2272.5
2272.9
2273.2
2273.3
2273.7
2273.9
2274.1
2274.3
2274.4
2274.5
2274.6
2274.6
2274.6
2274.7
2274.7
2274.7
2274.7
2274.8
2274.8
2274.8
2274.8
2274.8
2274.8
2274.8
2274.8
2274.9
2274.9
2274.9
2275.0
2275.0
2275.0
2275.0
2275.0
2275.0
2275.1
2275.1
2275.1
2275.1
2275.1
2275.1
2275.1
2275.1
2275.1
2275.2
2275.2
2275.3
2275.3
2275.3
2275.3
2275.3
2275.3
2275.3
2275.3
2275.3
2275.3
2275.3
2275.4
2275.4
2275.4
2275.4
2275.4
2275.4
2275.4
2275.4
2275.4
2275.5
2275.5
2275.5
2275.5
2275.7
2275.7
2275.8
2275.8
2275.8
2275.8
2275.8
2275.9
2276.0
2276.0
2276.1
2276.1
2276.3
2276.3
2276.4
2276.4
2276.5
2276.5
2276.6
2276.9
2277.0
2277.6
2277.6
2278.0
2278.3
2279.1
2279.3
2279.4
2280.5
2280.6
2280.6
2280.7
2280.8
2281.0
2281.0
2281.0
2281.0
2281.1
2281.1
2281.1
2281.1
2281.1
2281.2
2281.2
2281.3
2281.3
2281.4
2281.5
2281.5
2281.5
2281.5
2281.6
2281.6
2281.6
2281.6
2281.7
2281.7
2281.7
2281.8
2281.8
2281.9
2281.9
2282.0
2282.0
2282.0
2282.1
2282.1
2282.1
2282.2
2282.2
2282.2
2282.2
2282.3
2282.3
2282.3
2282.5
2282.5
2282.6
2282.7
2282.7
2282.8
2282.8
2282.8
2282.8
2283.0
2283.0
2283.0
2283.0
2283.1
2283.4
2283.5
2283.5
2283.5
2283.7
2283.8
2283.9
2284.1
2284.4
2284.4
2284.5
2284.8
2284.9
2285.0
2285.2
2285.3
2285.6
2285.7
2286.1
2286.8
2287.0
2287.1
2287.4
2288.0
2288.5
2288.9
2290.0
2290.6
2291.5
2292.1
2292.2
2295.5
2296.3
2296.9
2298.6
2300.9
2301.4
2303.1
2303.4
2306.4
2307.1
2307.5
2308.9
2309.9
2310.1
2315.3
2340.7
2393.3
2393.3
2393.3
2393.3
2393.3
2393.3
2393.4
2393.4
2393.4
2393.4
2393.4
2393.4
2393.4
2393.4
2393.4
2393.5
2393.5
2393.5
2393.5
2393.5
2393.5
2393.5
2393.5
2393.5
2393.5
2393.5
2393.5
2393.5
2393.5
2393.5
2393.5
2393.5
2393.5
2393.5
2393.5
2393.5
2393.6
2393.6
2393.6
2393.6
2393.6
2393.6
2393.6
2393.6
2393.6
2393.6
2393.6
2393.6
2393.6
2393.6
2393.7
2393.7
2393.7
2393.7
2393.7
2393.8
2393.8
2393.8
2393.8
2393.8
2393.9
2393.9
2393.9
2394.0
2394.0
2394.0
2394.0
2394.0
2394.1
2394.1
2394.1
2394.1
2394.1
2394.3
2394.3
2394.3
2394.3
2394.3
2394.3
2394.4
2394.4
2394.4
2394.4
2394.5
2394.5
2394.6
2394.6
2394.6
2394.7
2394.7
2394.7
2394.8
2394.9
2394.9
2395.0
2395.1
2395.1
2395.1
2395.2
2395.2
2397.3
2397.3
2397.3
2397.3
2397.3
2397.3
2397.3
2397.4
2397.4
2397.4
2397.4
2397.4
2397.4
2397.4
2397.4
2397.4
2397.4
2397.4
2397.5
2397.5
2397.5
2397.5
2397.5
2397.5
2397.5
2397.5
2397.5
2397.5
2397.5
2397.5
2397.5
2397.5
2397.5
2397.5
2397.5
2397.5
2397.5
2397.5
2397.5
2397.5
2397.5
2397.5
2397.5
2397.5
2397.5
2397.6
2397.6
2397.6
2397.6
2397.6
2397.6
2397.6
2397.6
2397.7
2397.7
2397.7
2397.7
2397.7
2397.8
2397.8
2397.8
2397.9
2397.9
2397.9
2397.9
2397.9
2398.0
2398.0
2398.0
2398.0
2398.1
2398.1
2398.2
2398.5
2398.5
2398.6
2398.6
2398.6
2398.7
2398.7
2398.8
2398.9
2399.0
2399.0
2399.2
2399.2
2399.3
2399.3
2399.7
2399.7
2399.7
2399.8
2400.1
2400.2
2400.5
2400.6
2400.6
2400.6
2400.7
2400.7
2400.7
2400.7
2400.7
2400.7
2400.8
2400.8
2400.8
2400.8
2400.8
2400.8
2400.8
2400.8
2400.8
2400.8
2400.9
2400.9
2400.9
2400.9
2400.9
2400.9
2400.9
2400.9
2400.9
2401.0
2401.0
2401.0
2401.0
2401.0
2401.0
2401.0
2401.0
2401.0
2401.0
2401.0
2401.0
2401.0
2401.0
2401.0
2401.0
2401.1
2401.1
2401.1
2401.1
2401.1
2401.1
2401.2
2401.2
2401.2
2401.2
2401.2
2401.2
2401.2
2401.3
2401.3
2401.3
2401.3
2401.4
2401.5
2401.5
2401.6
2401.7
2401.7
2401.7
2401.8
2401.8
2401.8
2401.8
2401.9
2401.9
2402.0
2402.1
2402.2
2402.2
2402.5
2402.6
2402.8
2402.9
2403.0
2403.0
2403.2
2403.2
2403.3
2403.3
2403.5
2403.7
2404.0
2404.1
2404.2
2404.7
2404.7
2404.8
2404.9
2404.9
2404.9
2404.9
2404.9
2405.0
2405.0
2405.0
2405.0
2405.1
2405.1
2405.1
2405.1
2405.1
2405.1
2405.1
2405.1
2405.2
2405.2
2405.2
2405.2
2405.2
2405.2
2405.2
2405.2
2405.3
2405.3
2405.3
2405.3
2405.3
2405.3
2405.4
2405.4
2405.4
2405.4
2405.4
2405.4
2405.4
2405.4
2405.5
2405.6
2405.6
2405.6
2405.6
2405.7
2405.7
2405.7
2405.7
2405.8
2405.8
2405.8
2405.8
2405.8
2405.8
2405.8
2405.8
2405.9
2405.9
2405.9
2406.1
2406.2
2406.2
2406.2
2406.3
2406.4
2406.4
2406.4
2406.5
2406.5
2406.5
2406.6
2406.6
2406.7
2406.8
2406.8
2406.8
2407.0
2407.3
2407.3
2407.4
2407.5
2407.7
2407.8
2407.9
2408.5
2408.6
2408.7
2409.0
2409.0
2409.2
2409.2
2409.4
2409.8
2410.0
2411.1
2411.1
2411.1
2411.2
2411.3
2411.4
2411.6
2411.6
2411.7
2411.7
2411.7
2411.7
2411.8
2411.9
2411.9
2412.0
2412.0
2412.0
2412.0
2412.1
2412.1
2412.1
2412.1
2412.1
2412.2
2412.2
2412.2
2412.2
2412.3
2412.3
2412.4
2412.4
2412.5
2412.6
2412.6
2412.7
2412.7
2412.7
2412.8
2412.9
2412.9
2413.0
2413.0
2413.0
2413.1
2413.1
2413.3
2413.3
2413.4
2413.5
2413.5
2413.5
2413.6
2413.7
2413.7
2413.8
2413.8
2414.0
2414.2
2414.2
2414.2
2414.4
2414.4
2414.5
2414.6
2414.6
2414.6
2414.6
2414.7
2415.3
2415.5
2415.6
2415.6
2415.7
2416.2
2416.4
2417.0
2417.0
2417.1
2418.0
2418.1
2418.9
2419.1
2419.1
2419.4
2420.4
2420.6
2422.7
2424.8
2425.3
2426.0
2426.9
2427.2
2430.4
2430.6
2431.7
2433.7
2434.3
2444.4
2444.4
2444.4
2444.4
2444.4
2444.4
2444.4
2444.4
2444.4
2444.4
2444.4
2444.4
2444.4
2444.4
2444.4
2444.4
2444.4
2444.4
2444.5
2444.5
2444.5
2444.5
2444.5
2444.5
2444.5
2444.5
2444.5
2444.5
2444.5
2444.5
2444.5
2444.5
2444.5
2444.5
2444.5
2444.5
2444.5
2444.5
2444.5
2444.5
2444.5
2444.5
2444.5
2444.5
2444.5
2444.5
2444.5
2444.5
2444.5
2444.5
2444.5
2444.5
2444.5
2444.5
2444.5
2444.5
2444.5
2444.5
2444.5
2444.5
2444.5
2444.5
2444.6
2444.6
2444.6
2444.6
2444.6
2444.6
2444.6
2444.6
2444.6
2444.6
2444.6
2444.6
2444.7
2444.7
2444.8
2444.8
2444.8
2444.8
2444.9
2444.9
2444.9
2445.0
2445.0
2445.0
2445.1
2445.1
2445.2
2445.2
2445.2
2445.3
2445.4
2445.4
2445.5
2445.6
2445.7
2445.9
2445.9
2445.9
2449.7
2449.7
2449.7
2449.8
2449.8
2449.8
2449.8
2449.8
2449.8
2449.8
2449.8
2449.8
2449.8
2449.9
2449.9
2449.9
2449.9
2449.9
2449.9
2449.9
2449.9
2449.9
2449.9
2449.9
2449.9
2449.9
2450.0
2450.0
2450.0
2450.0
2450.0
2450.0
2450.0
2450.0
2450.0
2450.0
2450.0
2450.0
2450.0
2450.0
2450.0
2450.0
2450.1
2450.1
2450.1
2450.1
2450.1
2450.1
2450.2
2450.2
2450.2
2450.2
2450.2
2450.2
2450.2
2450.3
2450.3
2450.3
2450.3
2450.4
2450.4
2450.4
2450.5
2450.5
2450.5
2450.7
2450.7
2450.8
2450.9
2450.9
2450.9
2451.0
2451.0
2451.3
2451.3
2451.5
2451.6
2451.8
2452.1
2452.4
2452.6
2452.7
2452.8
2452.9
2453.3
2453.4
2453.6
2453.6
2453.7
2453.9
2454.2
2454.6
2454.6
2454.6
2454.6
2454.6
2454.7
2454.7
2454.7
2454.7
2454.7
2454.8
2454.8
2454.8
2454.8
2454.8
2454.8
2454.8
2454.8
2454.9
2454.9
2454.9
2454.9
2454.9
2454.9
2455.0
2455.0
2455.0
2455.0
2455.0
2455.0
2455.1
2455.1
2455.1
2455.1
2455.1
2455.2
2455.2
2455.2
2455.2
2455.3
2455.3
2455.3
2455.3
2455.4
2455.5
2455.5
2455.5
2455.5
2455.5
2455.6
2455.6
2455.6
2455.7
2455.8
2455.8
2455.8
2455.8
2455.9
2455.9
2455.9
2456.0
2456.0
2456.0
2456.0
2456.1
2456.1
2456.4
2456.4
2456.5
2456.6
2456.7
2456.7
2456.8
2456.9
2456.9
2457.0
2457.3
2457.4
2457.4
2457.4
2457.7
2457.8
2457.8
2458.0
2458.2
2458.3
2458.6
2458.7
2459.7
2459.7
2459.8
2459.9
2459.9
2460.0
2460.0
2460.1
2460.1
2460.2
2460.2
2460.3
2460.3
2460.3
2460.3
2460.4
2460.4
2460.5
2460.5
2460.5
2460.6
2460.6
2460.6
2460.7
2460.7
2460.9
2461.0
2461.0
2461.0
2461.0
2461.0
2461.1
2461.2
2461.3
2461.3
2461.3
2461.3
2461.4
2461.4
2461.4
2461.5
2461.6
2461.6
2461.7
2461.7
2461.7
2461.8
2461.9
2461.9
2461.9
2462.0
2462.1
2462.1
2462.4
2462.4
2462.5
2462.5
2462.5
2462.6
2462.6
2462.7
2463.2
2463.3
2463.4
2463.5
2463.5
2463.7
2463.9
2463.9
2464.2
2464.2
2464.6
2464.7
2464.9
2465.5
2466.5
2466.7
2467.3
2467.6
2468.0
2468.1
2468.6
2469.1
2469.6
2469.9
2470.2
2470.4
2470.8
2471.6
2472.0
2472.2
2472.2
2472.6
2472.7
2472.9
2472.9
2472.9
2473.0
2473.2
2473.5
2473.8
2474.4
2474.5
2475.1
2475.2
2475.4
2475.6
2475.6
2475.9
2475.9
2476.1
2476.2
2476.2
2476.3
2476.7
2477.3
2477.8
2477.9
2478.5
2479.1
2479.2
2479.9
2480.2
2481.1
2481.1
2481.3
2483.9
2486.1
2490.9
2493.3
2498.7
2502.3
2507.7
2508.6
2510.3
2513.0
2563.1
2563.1
2563.1
2563.1
2563.1
2563.1
2563.1
2563.1
2563.1
2563.1
2563.1
2563.1
2563.2
2563.2
2563.2
2563.2
2563.2
2563.2
2563.2
2563.2
2563.2
2563.2
2563.2
2563.2
2563.2
2563.2
2563.2
2563.2
2563.2
2563.2
2563.2
2563.2
2563.2
2563.2
2563.2
2563.2
2563.2
2563.2
2563.2
2563.2
2563.2
2563.2
2563.2
2563.2
2563.2
2563.2
2563.2
2563.2
2563.2
2563.2
2563.2
2563.2
2563.2
2563.2
2563.3
2563.3
2563.3
2563.3
2563.3
2563.3
2563.3
2563.3
2563.3
2563.3
2563.3
2563.4
2563.4
2563.4
2563.4
2563.4
2563.4
2563.4
2563.5
2563.6
2563.6
2563.7
2563.7
2563.7
2563.7
2563.7
2563.8
2563.8
2563.9
2563.9
2563.9
2563.9
2564.1
2564.1
2564.2
2564.3
2564.3
2564.4
2564.6
2564.6
2564.7
2564.9
2564.9
2565.0
2565.0
2565.0
2567.1
2567.1
2567.1
2567.1
2567.1
2567.1
2567.1
2567.1
2567.1
2567.1
2567.1
2567.1
2567.1
2567.1
2567.1
2567.1
2567.1
2567.1
2567.1
2567.1
2567.1
2567.1
2567.1
2567.1
2567.2
2567.2
2567.2
2567.2
2567.2
2567.2
2567.2
2567.2
2567.2
2567.2
2567.2
2567.2
2567.2
2567.2
2567.2
2567.2
2567.2
2567.2
2567.2
2567.2
2567.2
2567.2
2567.2
2567.2
2567.2
2567.2
2567.2
2567.2
2567.2
2567.2
2567.2
2567.2
2567.2
2567.2
2567.2
2567.2
2567.2
2567.2
2567.2
2567.3
2567.3
2567.3
2567.3
2567.3
2567.3
2567.3
2567.3
2567.4
2567.5
2567.7
2567.7
2567.8
2567.8
2567.8
2567.8
2567.9
2568.0
2568.0
2568.1
2568.2
2568.3
2568.4
2568.5
2568.5
2568.9
2568.9
2569.0
2569.2
2569.6
2569.6
2570.2
2570.3
2570.4
2570.5
2570.6
2570.6
2570.8
2570.8
2570.8
2570.8
2570.9
2570.9
2570.9
2570.9
2570.9
2570.9
2570.9
2570.9
2570.9
2570.9
2570.9
2570.9
2570.9
2570.9
2570.9
2570.9
2570.9
2570.9
2570.9
2570.9
2570.9
2570.9
2570.9
2570.9
2570.9
2570.9
2571.0
2571.0
2571.0
2571.0
2571.0
2571.0
2571.0
2571.0
2571.0
2571.0
2571.0
2571.0
2571.0
2571.0
2571.0
2571.0
2571.1
2571.1
2571.1
2571.1
2571.1
2571.1
2571.1
2571.1
2571.1
2571.1
2571.1
2571.2
2571.2
2571.2
2571.2
2571.2
2571.2
2571.3
2571.3
2571.3
2571.3
2571.3
2571.3
2571.3
2571.5
2571.5
2571.5
2571.7
2571.7
2571.9
2571.9
2572.0
2572.1
2572.2
2572.2
2572.2
2572.2
2572.4
2572.6
2572.8
2572.9
2573.0
2573.5
2573.7
2573.7
2573.9
2574.7
2574.7
2574.8
2574.8
2574.9
2574.9
2575.0
2575.0
2575.0
2575.0
2575.0
2575.0
2575.0
2575.0
2575.1
2575.1
2575.1
2575.1
2575.1
2575.1
2575.1
2575.1
2575.1
2575.1
2575.1
2575.1
2575.1
2575.1
2575.2
2575.2
2575.2
2575.2
2575.2
2575.2
2575.2
2575.2
2575.2
2575.2
2575.3
2575.3
2575.3
2575.3
2575.3
2575.3
2575.4
2575.4
2575.4
2575.4
2575.4
2575.4
2575.4
2575.5
2575.5
2575.5
2575.5
2575.5
2575.5
2575.5
2575.6
2575.6
2575.6
2575.6
2575.6
2575.7
2575.7
2575.7
2575.7
2575.8
2575.8
2575.9
2575.9
2576.0
2576.0
2576.0
2576.0
2576.1
2576.3
2576.4
2576.4
2576.4
2576.4
2576.5
2576.7
2576.9
2577.0
2577.3
2577.3
2577.3
2577.3
2577.3
2577.5
2577.9
2577.9
2578.6
2578.7
2579.4
2579.7
2580.2
2580.6
2580.7
2580.9
2580.9
2581.0
2581.0
2581.1
2581.1
2581.1
2581.2
2581.2
2581.2
2581.3
2581.3
2581.3
2581.3
2581.3
2581.3
2581.4
2581.5
2581.5
2581.5
2581.5
2581.5
2581.6
2581.6
2581.6
2581.7
2581.7
2581.7
2581.7
2581.7
2581.8
2581.9
2581.9
2581.9
2581.9
2582.0
2582.0
2582.0
2582.0
2582.1
2582.1
2582.1
2582.1
2582.1
2582.2
2582.2
2582.3
2582.4
2582.4
2582.4
2582.4
2582.4
2582.5
2582.5
2582.5
2582.6
2582.6
2582.7
2582.8
2582.9
2583.0
2583.0
2583.2
2583.2
2583.3
2583.4
2583.4
2583.5
2583.6
2583.7
2583.9
2584.1
2584.4
2584.5
2584.6
2584.7
2585.0
2585.0
2585.1
2585.7
2586.2
2586.2
2586.5
2586.5
2586.8
2586.9
2587.0
2587.2
2587.9
2588.6
2589.4
2590.1
2590.8
2593.0
2596.2
2598.4
2604.0
2613.1
2613.2
2613.5
2613.6
2613.7
2613.7
2613.7
2613.8
2613.8
2613.8
2613.9
2613.9
2613.9
2613.9
2613.9
2614.0
2614.0
2614.0
2614.0
2614.0
2614.0
2614.0
2614.0
2614.0
2614.0
2614.1
2614.1
2614.1
2614.1
2614.1
2614.1
2614.1
2614.1
2614.2
2614.2
2614.2
2614.2
2614.2
2614.2
2614.3
2614.3
2614.3
2614.3
2614.3
2614.3
2614.4
2614.4
2614.4
2614.4
2614.4
2614.4
2614.5
2614.5
2614.5
2614.5
2614.5
2614.6
2614.6
2614.7
2614.8
2614.9
2615.0
2615.0
2615.0
2615.1
2615.2
2615.2
2615.2
2615.3
2615.3
2615.3
2615.3
2615.5
2615.8
2615.9
2615.9
2616.3
2616.3
2616.4
2616.5
2616.6
2616.6
2616.8
2616.9
2617.0
2617.1
2617.3
2617.5
2617.7
2617.7
2618.0
2618.2
2618.4
2618.8
2619.2
2619.5
2619.5
2619.7
2619.8
2620.1
2621.4
2621.4
2621.5
2621.5
2621.5
2621.5
2621.5
2621.5
2621.5
2621.5
2621.5
2621.5
2621.5
2621.6
2621.6
2621.6
2621.6
2621.6
2621.6
2621.6
2621.6
2621.6
2621.6
2621.6
2621.6
2621.6
2621.6
2621.6
2621.6
2621.6
2621.6
2621.6
2621.6
2621.6
2621.6
2621.6
2621.6
2621.6
2621.6
2621.6
2621.6
2621.6
2621.6
2621.6
2621.6
2621.6
2621.6
2621.6
2621.6
2621.6
2621.6
2621.6
2621.6
2621.6
2621.6
2621.6
2621.6
2621.6
2621.7
2621.7
2621.7
2621.7
2621.7
2621.7
2621.7
2621.7
2621.7
2621.7
2621.7
2621.7
2621.7
2621.7
2621.7
2621.8
2621.9
2621.9
2622.0
2622.0
2622.0
2622.1
2622.1
2622.1
2622.3
2622.4
2622.4
2622.6
2622.6
2622.7
2622.7
2622.8
2623.2
2623.2
2623.5
2623.6
2624.7
2625.1
2625.4
2625.5
2625.6
2626.1
2626.3
2626.3
2626.4
2626.4
2626.4
2626.4
2626.4
2626.4
2626.4
2626.4
2626.5
2626.5
2626.5
2626.5
2626.5
2626.5
2626.5
2626.5
2626.5
2626.5
2626.5
2626.5
2626.5
2626.5
2626.5
2626.5
2626.5
2626.5
2626.5
2626.5
2626.5
2626.5
2626.5
2626.5
2626.5
2626.5
2626.5
2626.5
2626.5
2626.5
2626.6
2626.6
2626.6
2626.6
2626.6
2626.6
2626.6
2626.6
2626.6
2626.6
2626.6
2626.6
2626.6
2626.6
2626.6
2626.6
2626.6
2626.6
2626.6
2626.6
2626.7
2626.7
2626.7
2626.7
2626.7
2626.7
2626.7
2626.8
2626.8
2626.8
2626.8
2626.9
2626.9
2626.9
2627.0
2627.1
2627.1
2627.1
2627.2
2627.4
2627.5
2627.6
2627.6
2627.7
2627.7
2627.9
2628.0
2628.2
2628.2
2628.5
2628.7
2628.9
2629.0
2629.2
2630.6
2630.6
2630.7
2630.8
2630.8
2630.9
2630.9
2630.9
2630.9
2630.9
2631.0
2631.0
2631.0
2631.0
2631.0
2631.0
2631.1
2631.1
2631.1
2631.1
2631.1
2631.1
2631.1
2631.1
2631.2
2631.2
2631.2
2631.2
2631.2
2631.2
2631.2
2631.2
2631.3
2631.3
2631.3
2631.3
2631.3
2631.3
2631.3
2631.3
2631.3
2631.3
2631.4
2631.4
2631.4
2631.4
2631.4
2631.4
2631.4
2631.5
2631.5
2631.5
2631.5
2631.5
2631.6
2631.6
2631.6
2631.6
2631.6
2631.7
2631.7
2631.8
2631.8
2631.8
2631.8
2631.8
2631.9
2631.9
2632.0
2632.2
2632.2
2632.2
2632.2
2632.3
2632.3
2632.4
2632.5
2632.7
2632.7
2632.8
2632.8
2632.9
2633.3
2633.7
2633.8
2634.0
2634.0
2634.0
2634.1
2634.2
2634.4
2634.7
2634.9
2635.8
2635.9
2636.3
2637.2
2637.2
2637.6
2637.9
2638.0
2638.0
2638.2
2638.3
2638.3
2638.3
2638.4
2638.4
2638.5
2638.5
2638.6
2638.6
2638.6
2638.7
2638.7
2638.7
2638.9
2638.9
2639.0
2639.1
2639.2
2639.2
2639.3
2639.3
2639.4
2639.4
2639.5
2639.6
2639.6
2639.7
2639.8
2639.8
2639.8
2639.8
2639.8
2639.9
2639.9
2640.0
2640.1
2640.1
2640.1
2640.2
2640.2
2640.2
2640.3
2640.4
2640.6
2640.6
2640.8
2640.8
2640.8
2640.8
2640.9
2641.2
2641.2
2641.3
2641.5
2641.5
2641.6
2641.8
2642.0
2642.1
2642.2
2642.4
2642.6
2642.8
2643.0
2644.1
2644.4
2644.5
2645.0
2645.4
2645.8
2646.6
2646.6
2646.8
2647.6
2647.9
2649.1
2650.0
2650.6
2650.6
2663.7
2663.8
2756.7
2756.7
2756.7
2756.7
2756.8
2756.8
2756.8
2756.8
2756.8
2756.8
2756.8
2756.8
2756.8
2756.8
2756.8
2756.8
2756.8
2756.8
2756.8
2756.8
2756.8
2756.8
2756.8
2756.8
2756.8
2756.8
2756.8
2756.9
2756.9
2756.9
2756.9
2756.9
2756.9
2756.9
2756.9
2756.9
2757.0
2757.0
2757.0
2757.0
2757.0
2757.0
2757.0
2757.0
2757.0
2757.0
2757.0
2757.0
2757.0
2757.0
2757.0
2757.0
2757.0
2757.1
2757.1
2757.1
2757.1
2757.1
2757.1
2757.1
2757.2
2757.2
2757.2
2757.2
2757.3
2757.3
2757.5
2757.5
2757.5
2757.5
2757.5
2757.5
2757.6
2757.6
2757.6
2757.7
2757.8
2757.8
2757.8
2757.8
2757.8
2757.8
2757.9
2757.9
2757.9
2757.9
2758.1
2758.1
2758.1
2758.2
2758.2
2758.3
2758.4
2758.4
2758.4
2758.5
2758.6
2758.6
2758.6
2758.6
2760.4
2760.4
2760.5
2760.5
2760.5
2760.5
2760.5
2760.5
2760.5
2760.5
2760.5
2760.5
2760.5
2760.6
2760.6
2760.6
2760.6
2760.6
2760.6
2760.6
2760.6
2760.6
2760.6
2760.6
2760.6
2760.6
2760.6
2760.6
2760.6
2760.6
2760.6
2760.6
2760.7
2760.7
2760.7
2760.7
2760.7
2760.7
2760.7
2760.8
2760.8
2760.8
2760.8
2760.8
2760.8
2760.8
2760.8
2760.8
2760.8
2760.8
2760.8
2760.8
2760.8
2760.9
2760.9
2760.9
2760.9
2761.0
2761.0
2761.0
2761.0
2761.0
2761.1
2761.2
2761.2
2761.4
2761.4
2761.4
2761.4
2761.5
2761.5
2761.5
2761.6
2761.9
2761.9
2762.0
2762.0
2762.1
2762.2
2762.2
2762.2
2762.3
2762.4
2762.4
2762.5
2762.6
2762.8
2762.8
2763.0
2763.1
2763.1
2763.2
2763.5
2763.6
2763.7
2763.8
2763.8
2763.8
2763.9
2763.9
2763.9
2763.9
2763.9
2763.9
2763.9
2763.9
2763.9
2764.0
2764.0
2764.0
2764.0
2764.0
2764.0
2764.0
2764.0
2764.1
2764.1
2764.1
2764.1
2764.1
2764.1
2764.1
2764.1
2764.1
2764.1
2764.1
2764.1
2764.1
2764.1
2764.2
2764.2
2764.2
2764.2
2764.2
2764.2
2764.2
2764.2
2764.2
2764.3
2764.3
2764.3
2764.3
2764.3
2764.3
2764.3
2764.4
2764.4
2764.4
2764.4
2764.4
2764.5
2764.5
2764.5
2764.6
2764.6
2764.7
2764.7
2764.7
2764.8
2764.8
2764.9
2764.9
2764.9
2764.9
2765.0
2765.2
2765.2
2765.4
2765.4
2765.5
2765.5
2765.6
2765.7
2766.1
2766.2
2766.3
2766.4
2766.4
2766.6
2766.6
2766.7
2766.8
2766.9
2766.9
2767.1
2767.5
2767.7
2767.9
2767.9
2768.0
2768.0
2768.1
2768.1
2768.1
2768.2
2768.2
2768.2
2768.2
2768.2
2768.2
2768.3
2768.3
2768.3
2768.3
2768.3
2768.4
2768.4
2768.4
2768.4
2768.4
2768.4
2768.4
2768.5
2768.5
2768.5
2768.5
2768.5
2768.5
2768.5
2768.5
2768.5
2768.5
2768.5
2768.6
2768.6
2768.6
2768.6
2768.6
2768.7
2768.8
2768.8
2768.8
2768.8
2768.9
2768.9
2768.9
2768.9
2768.9
2769.0
2769.0
2769.0
2769.1
2769.1
2769.2
2769.2
2769.2
2769.2
2769.2
2769.3
2769.3
2769.5
2769.5
2769.6
2769.6
2769.6
2769.6
2769.6
2769.7
2769.8
2769.9
2769.9
2770.0
2770.0
2770.0
2770.1
2770.3
2770.5
2770.7
2770.7
2770.7
2770.8
2771.2
2771.5
2771.7
2771.8
2772.3
2772.6
2772.6
2772.6
2772.7
2772.8
2773.0
2773.2
2773.4
2774.1
2774.4
2774.5
2774.6
2774.6
2775.0
2775.0
2775.0
2775.1
2775.1
2775.1
2775.2
2775.2
2775.2
2775.3
2775.3
2775.3
2775.3
2775.4
2775.4
2775.5
2775.5
2775.5
2775.5
2775.7
2775.7
2775.7
2775.7
2775.8
2775.8
2775.8
2775.9
2776.0
2776.0
2776.0
2776.1
2776.1
2776.2
2776.2
2776.3
2776.5
2776.6
2776.6
2776.7
2776.9
2776.9
2776.9
2777.0
2777.0
2777.0
2777.1
2777.1
2777.2
2777.3
2777.4
2777.5
2777.5
2777.5
2777.5
2777.7
2777.9
2777.9
2778.4
2778.5
2778.6
2778.6
2778.7
2778.9
2778.9
2778.9
2779.0
2779.1
2779.1
2779.5
2779.6
2780.6
2780.7
2781.0
2781.3
2781.6
2782.0
2782.3
2783.3
2783.3
2785.0
2785.4
2786.1
2788.7
2788.7
2792.5
2793.0
2797.7
2799.1
2801.9
2805.5
2807.2
2807.4
2807.5
2807.6
2807.8
2807.8
2807.8
2807.8
2807.8
2807.8
2807.8
2807.8
2807.8
2807.8
2807.8
2807.8
2807.8
2807.8
2807.8
2807.8
2807.8
2807.8
2807.8
2807.8
2807.8
2807.8
2807.8
2807.8
2807.9
2807.9
2807.9
2807.9
2807.9
2807.9
2807.9
2807.9
2807.9
2807.9
2807.9
2807.9
2807.9
2807.9
2807.9
2807.9
2807.9
2807.9
2807.9
2807.9
2807.9
2807.9
2807.9
2807.9
2807.9
2807.9
2807.9
2807.9
2807.9
2807.9
2807.9
2807.9
2807.9
2807.9
2807.9
2807.9
2807.9
2807.9
2807.9
2807.9
2807.9
2807.9
2807.9
2807.9
2807.9
2807.9
2807.9
2807.9
2807.9
2807.9
2807.9
2808.0
2808.0
2808.1
2808.1
2808.1
2808.1
2808.2
2808.2
2808.2
2808.3
2808.3
2808.4
2808.5
2808.6
2808.6
2808.7
2808.8
2808.8
2808.8
2809.0
2811.4
2812.3
2812.4
2812.4
2812.4
2812.4
2812.4
2812.4
2812.4
2812.4
2812.4
2812.4
2812.4
2812.4
2812.4
2812.4
2812.4
2812.4
2812.4
2812.4
2812.5
2812.5
2812.5
2812.5
2812.5
2812.5
2812.5
2812.5
2812.5
2812.5
2812.5
2812.5
2812.5
2812.5
2812.5
2812.5
2812.5
2812.5
2812.5
2812.5
2812.5
2812.5
2812.5
2812.5
2812.5
2812.5
2812.5
2812.5
2812.5
2812.5
2812.5
2812.5
2812.5
2812.5
2812.5
2812.6
2812.6
2812.6
2812.6
2812.6
2812.6
2812.6
2812.6
2812.6
2812.7
2812.7
2812.7
2812.7
2812.7
2812.8
2812.8
2812.8
2812.8
2812.8
2812.8
2812.8
2813.0
2813.1
2813.1
2813.2
2813.2
2813.4
2813.4
2813.6
2813.6
2813.8
2813.8
2813.9
2814.1
2814.2
2814.2
2814.4
2814.4
2814.7
2814.8
2815.2
2815.2
2815.3
2815.5
2815.6
2815.9
2815.9
2815.9
2815.9
2815.9
2815.9
2816.0
2816.0
2816.0
2816.0
2816.0
2816.0
2816.1
2816.1
2816.1
2816.1
2816.1
2816.1
2816.1
2816.1
2816.1
2816.1
2816.1
2816.1
2816.1
2816.1
2816.1
2816.2
2816.2
2816.2
2816.2
2816.2
2816.2
2816.2
2816.2
2816.3
2816.3
2816.3
2816.3
2816.3
2816.3
2816.3
2816.3
2816.3
2816.3
2816.3
2816.3
2816.4
2816.4
2816.4
2816.5
2816.5
2816.5
2816.5
2816.5
2816.6
2816.6
2816.6
2816.6
2816.6
2816.7
2816.8
2816.9
2816.9
2816.9
2816.9
2817.0
2817.1
2817.1
2817.1
2817.1
2817.2
2817.2
2817.2
2817.3
2817.5
2817.5
2817.6
2817.6
2817.9
2818.0
2818.0
2818.0
2818.7
2818.7
2819.0
2819.4
2819.4
2819.4
2819.7
2820.1
2820.3
2820.4
2820.4
2820.4
2820.5
2820.6
2820.6
2820.6
2820.6
2820.7
2820.7
2820.7
2820.7
2820.8
2820.8
2820.8
2820.8
2820.8
2820.8
2820.8
2820.8
2820.9
2820.9
2820.9
2820.9
2820.9
2821.0
2821.0
2821.0
2821.0
2821.0
2821.0
2821.1
2821.1
2821.1
2821.1
2821.2
2821.2
2821.2
2821.3
2821.3
2821.3
2821.3
2821.3
2821.4
2821.4
2821.4
2821.4
2821.5
2821.5
2821.5
2821.6
2821.6
2821.7
2821.7
2821.7
2821.8
2821.8
2821.8
2821.8
2821.9
2822.0
2822.0
2822.0
2822.0
2822.1
2822.2
2822.4
2822.6
2822.6
2822.6
2822.6
2822.7
2822.7
2822.8
2823.1
2823.2
2823.4
2823.5
2823.5
2823.6
2823.7
2823.8
2823.9
2823.9
2823.9
2824.5
2824.9
2825.0
2825.1
2826.1
2826.4
2826.7
2827.9
2828.1
2828.1
2828.3
2828.3
2828.4
2828.7
2828.9
2829.0
2829.1
2829.1
2829.2
2829.3
2829.3
2829.4
2829.4
2829.5
2829.6
2829.8
2829.9
2829.9
2830.0
2830.1
2830.1
2830.2
2830.2
2830.4
2830.4
2830.4
2830.4
2830.4
2830.7
2830.8
2831.0
2831.1
2831.1
2831.1
2831.2
2831.4
2831.4
2831.5
2831.6
2831.7
2831.7
2831.8
2832.2
2832.3
2832.3
2832.5
2832.5
2832.5
2832.6
2833.1
2833.3
2833.5
2833.7
2833.8
2833.9
2833.9
2834.1
2834.2
2834.6
2834.7
2834.7
2835.4
2835.6
2835.6
2836.0
2836.5
2836.7
2837.6
2838.5
2839.1
2840.7
2841.1
2841.5
2841.6
2843.6
2843.7
2847.6
2849.6
2854.4
2952.7
2952.7
2952.7
2952.7
2952.7
2952.7
2952.7
2952.7
2952.7
2952.7
2952.7
2952.8
2952.8
2952.8
2952.8
2952.8
2952.8
2952.8
2952.8
2952.8
2952.8
2952.8
2952.8
2952.8
2952.8
2952.8
2952.8
2952.8
2952.8
2952.8
2952.8
2952.8
2952.8
2952.8
2952.8
2952.8
2952.8
2952.8
2952.8
2952.8
2952.8
2952.8
2952.8
2952.9
2952.9
2952.9
2952.9
2952.9
2952.9
2952.9
2952.9
2952.9
2952.9
2952.9
2952.9
2952.9
2952.9
2952.9
2952.9
2952.9
2952.9
2952.9
2952.9
2952.9
2952.9
2952.9
2952.9
2952.9
2952.9
2952.9
2952.9
2952.9
2952.9
2952.9
2952.9
2952.9
2952.9
2952.9
2952.9
2952.9
2952.9
2952.9
2952.9
2953.0
2953.0
2953.0
2953.1
2953.1
2953.1
2953.2
2953.2
2953.2
2953.3
2953.3
2953.4
2953.4
2953.4
2953.4
2953.5
2953.5
2956.7
2956.7
2956.7
2956.7
2956.7
2956.7
2956.7
2956.7
2956.7
2956.7
2956.7
2956.7
2956.8
2956.8
2956.8
2956.8
2956.8
2956.8
2956.8
2956.8
2956.8
2956.8
2956.8
2956.8
2956.8
2956.8
2956.8
2956.8
2956.8
2956.8
2956.8
2956.8
2956.8
2956.8
2956.8
2956.8
2956.8
2956.8
2956.8
2956.8
2956.8
2956.9
2956.9
2956.9
2956.9
2956.9
2956.9
2956.9
2956.9
2956.9
2956.9
2956.9
2956.9
2956.9
2956.9
2956.9
2956.9
2956.9
2956.9
2956.9
2956.9
2956.9
2956.9
2956.9
2956.9
2956.9
2956.9
2956.9
2956.9
2956.9
2956.9
2956.9
2956.9
2957.2
2957.2
2957.3
2957.3
2957.3
2957.3
2957.4
2957.5
2957.5
2957.5
2957.6
2957.7
2957.7
2957.9
2957.9
2958.1
2958.2
2958.2
2958.3
2958.5
2958.6
2958.9
2958.9
2958.9
2959.0
2959.1
2959.1
2960.3
2960.4
2960.4
2960.4
2960.4
2960.4
2960.4
2960.4
2960.4
2960.4
2960.4
2960.4
2960.4
2960.5
2960.5
2960.5
2960.5
2960.5
2960.5
2960.5
2960.5
2960.5
2960.5
2960.5
2960.5
2960.5
2960.5
2960.5
2960.5
2960.5
2960.5
2960.5
2960.5
2960.5
2960.5
2960.6
2960.6
2960.6
2960.6
2960.6
2960.6
2960.6
2960.6
2960.6
2960.6
2960.6
2960.6
2960.6
2960.6
2960.6
2960.6
2960.6
2960.6
2960.6
2960.7
2960.7
2960.7
2960.7
2960.7
2960.7
2960.7
2960.7
2960.7
2960.7
2960.7
2960.7
2960.8
2960.8
2960.8
2960.9
2961.0
2961.0
2961.1
2961.3
2961.4
2961.6
2961.7
2961.8
2961.8
2961.9
2962.0
2962.0
2962.0
2962.1
2962.3
2962.7
2962.8
2962.9
2963.2
2963.5
2963.5
2963.7
2964.3
2964.4
2964.6
2964.6
2964.9
2964.9
2965.0
2965.0
2965.0
2965.1
2965.1
2965.1
2965.1
2965.1
2965.1
2965.1
2965.1
2965.2
2965.2
2965.2
2965.2
2965.2
2965.2
2965.2
2965.2
2965.2
2965.3
2965.3
2965.3
2965.3
2965.3
2965.3
2965.3
2965.4
2965.4
2965.4
2965.4
2965.4
2965.4
2965.4
2965.5
2965.5
2965.5
2965.5
2965.6
2965.6
2965.6
2965.6
2965.6
2965.6
2965.6
2965.6
2965.6
2965.6
2965.7
2965.7
2965.7
2965.7
2965.7
2965.7
2965.7
2965.8
2965.8
2965.8
2965.8
2965.8
2965.8
2965.9
2965.9
2966.0
2966.0
2966.0
2966.0
2966.0
2966.1
2966.1
2966.3
2966.3
2966.6
2966.9
2966.9
2967.0
2967.1
2967.7
2967.8
2967.9
2968.1
2968.2
2968.3
2968.3
2968.3
2968.7
2969.2
2970.3
2970.4
2971.1
2971.5
2971.9
2972.6
2973.1
2973.6
2973.6
2973.7
2973.8
2973.8
2973.9
2973.9
2974.0
2974.1
2974.4
2974.4
2974.5
2974.5
2974.5
2974.5
2974.5
2974.5
2974.6
2974.6
2974.6
2974.8
2974.9
2975.0
2975.0
2975.1
2975.1
2975.1
2975.2
2975.3
2975.4
2975.4
2975.5
2975.6
2975.6
2975.6
2975.6
2975.7
2975.8
2975.8
2975.9
2975.9
2975.9
2975.9
2976.0
2976.2
2976.3
2976.4
2976.4
2976.5
2976.6
2976.8
2976.8
2976.9
2976.9
2977.1
2977.1
2977.1
2977.2
2977.2
2977.7
2977.7
2977.8
2978.1
2978.2
2978.2
2978.6
2979.0
2979.1
2979.2
2979.2
2979.7
2980.0
2980.2
2981.0
2982.0
2983.5
2984.7
2984.8
2984.9
2985.6
2985.8
2995.2
2996.2
