246.6
246.6
246.6
246.6
246.6
246.6
246.6
246.6
246.6
246.6
246.6
246.6
246.6
246.6
246.6
246.6
246.6
246.6
246.7
246.7
246.7
246.7
246.7
246.7
246.7
246.7
246.7
246.7
246.7
246.7
246.7
246.7
246.7
246.7
246.7
246.7
246.7
246.8
246.8
246.8
246.8
246.8
246.8
246.8
246.8
246.8
246.8
246.8
246.8
246.8
246.8
246.8
246.8
246.8
246.8
246.8
246.8
246.8
246.8
246.8
246.8
246.8
246.8
246.8
246.8
246.9
246.9
246.9
246.9
246.9
247.0
247.0
247.0
247.0
247.0
247.0
247.0
247.1
247.1
247.3
247.4
247.4
247.4
247.5
247.5
247.6
247.6
247.6
247.6
247.6
247.6
247.8
247.8
247.9
248.0
248.1
248.1
248.1
248.2
248.5
252.5
252.5
252.5
252.5
252.5
252.5
252.5
252.5
252.5
252.6
252.6
252.6
252.6
252.6
252.6
252.6
252.6
252.6
252.6
252.6
252.6
252.7
252.7
252.7
252.7
252.7
252.7
252.7
252.7
252.7
252.7
252.8
252.8
252.8
252.8
252.9
252.9
252.9
252.9
252.9
252.9
252.9
252.9
252.9
253.0
253.0
253.0
253.0
253.0
253.0
253.0
253.0
253.0
253.0
253.0
253.0
253.0
253.1
253.1
253.1
253.2
253.2
253.2
253.2
253.2
253.3
253.3
253.3
253.6
253.6
253.6
253.6
253.7
253.7
253.7
253.8
253.9
254.1
254.1
254.9
254.9
255.0
255.1
255.3
255.4
255.5
255.7
255.7
255.7
255.8
255.9
256.4
256.5
256.6
256.8
256.9
256.9
256.9
256.9
256.9
256.9
257.0
257.0
257.0
257.0
257.0
257.0
257.0
257.0
257.0
257.0
257.0
257.1
257.1
257.1
257.1
257.1
257.1
257.1
257.1
257.1
257.2
257.2
257.2
257.2
257.2
257.2
257.3
257.3
257.3
257.3
257.3
257.3
257.3
257.3
257.3
257.4
257.4
257.4
257.4
257.4
257.5
257.5
257.5
257.5
257.5
257.5
257.6
257.6
257.6
257.6
257.6
257.7
257.7
257.7
257.8
257.8
257.8
257.9
257.9
257.9
257.9
258.0
258.0
258.0
258.2
258.3
258.3
258.3
258.4
258.5
258.6
258.6
258.7
258.7
258.7
259.1
259.1
259.2
260.2
260.3
260.4
260.5
260.7
260.7
260.8
261.2
261.4
261.4
261.4
261.5
261.5
261.5
261.5
261.5
261.6
261.6
261.6
261.6
261.7
261.7
261.7
261.7
261.8
261.8
261.8
261.8
261.8
261.8
261.9
261.9
261.9
261.9
262.0
262.0
262.0
262.0
262.0
262.0
262.0
262.1
262.1
262.1
262.1
262.1
262.1
262.1
262.1
262.2
262.2
262.3
262.3
262.3
262.3
262.4
262.4
262.4
262.4
262.4
262.5
262.5
262.5
262.5
262.6
262.6
262.6
262.8
262.8
262.9
262.9
263.0
263.0
263.1
263.1
263.2
263.2
263.3
263.6
263.7
263.7
263.7
263.7
263.8
263.8
263.8
263.9
263.9
263.9
264.2
264.3
264.3
264.6
264.7
264.9
264.9
264.9
265.1
265.2
266.1
266.6
266.7
266.7
267.0
267.1
267.6
267.7
267.8
267.9
268.1
268.2
268.2
268.2
268.2
268.3
268.4
268.5
268.5
268.5
268.6
268.6
268.6
268.7
268.7
268.8
269.0
269.0
269.0
269.0
269.0
269.1
269.1
269.1
269.1
269.1
269.1
269.1
269.2
269.2
269.2
269.3
269.3
269.3
269.4
269.4
269.4
269.5
269.5
269.5
269.5
269.6
269.6
269.7
269.7
269.8
269.8
269.8
269.8
269.9
270.0
270.0
270.0
270.1
270.3
270.3
270.4
270.5
270.5
270.5
270.6
270.7
271.0
271.1
271.5
271.6
271.6
271.8
271.9
272.0
272.2
272.2
272.5
273.0
273.2
273.4
273.4
274.1
274.4
274.5
274.6
274.6
274.7
275.4
275.5
275.8
276.1
276.4
277.3
277.6
278.0
278.5
278.9
279.8
280.3
283.5
283.6
284.7
287.9
288.5
289.4
289.5
291.1
291.4
292.1
293.0
294.8
295.0
299.2
299.3
299.5
300.6
301.5
303.6
304.0
306.3
312.8
313.5
330.2
416.4
416.4
416.4
416.4
416.4
416.4
416.4
416.4
416.4
416.4
416.5
416.5
416.5
416.5
416.5
416.5
416.5
416.5
416.5
416.5
416.5
416.5
416.5
416.5
416.5
416.5
416.5
416.5
416.5
416.5
416.5
416.5
416.5
416.5
416.5
416.5
416.5
416.5
416.5
416.5
416.5
416.5
416.5
416.5
416.5
416.5
416.5
416.5
416.5
416.5
416.5
416.5
416.5
416.5
416.5
416.5
416.5
416.6
416.6
416.6
416.6
416.6
416.6
416.6
416.6
416.6
416.7
416.7
416.7
416.7
416.8
416.8
416.8
416.9
416.9
416.9
416.9
416.9
417.0
417.0
417.1
417.2
417.2
417.2
417.2
417.2
417.3
417.3
417.3
417.4
417.4
417.5
417.5
417.6
417.7
417.8
417.9
417.9
417.9
417.9
421.2
421.2
421.2
421.2
421.2
421.2
421.2
421.2
421.3
421.3
421.3
421.3
421.3
421.3
421.3
421.3
421.3
421.3
421.3
421.3
421.3
421.3
421.3
421.3
421.3
421.3
421.3
421.3
421.4
421.4
421.4
421.4
421.4
421.4
421.4
421.4
421.4
421.4
421.4
421.4
421.4
421.4
421.4
421.4
421.4
421.4
421.4
421.4
421.4
421.4
421.4
421.4
421.4
421.4
421.4
421.5
421.5
421.5
421.5
421.5
421.5
421.5
421.6
421.6
421.6
421.6
421.6
421.7
421.9
421.9
422.0
422.0
422.1
422.2
422.2
422.2
422.3
422.3
422.5
422.8
422.8
423.0
423.0
423.1
423.1
423.2
423.4
423.4
423.6
423.7
423.8
424.1
424.3
424.3
424.8
425.0
425.1
425.1
425.2
425.3
425.3
425.3
425.3
425.3
425.3
425.4
425.4
425.4
425.4
425.4
425.4
425.4
425.4
425.5
425.5
425.5
425.5
425.5
425.5
425.5
425.5
425.5
425.5
425.5
425.6
425.6
425.6
425.6
425.6
425.6
425.6
425.6
425.7
425.7
425.7
425.7
425.7
425.7
425.7
425.7
425.7
425.8
425.8
425.8
425.8
425.8
425.8
425.8
425.9
425.9
425.9
425.9
425.9
426.0
426.0
426.0
426.0
426.1
426.1
426.1
426.2
426.2
426.3
426.5
426.5
426.6
426.6
426.6
426.7
426.8
426.8
426.8
426.9
426.9
427.2
427.3
427.3
427.5
427.9
428.4
428.4
428.5
428.6
428.7
428.8
429.0
429.2
429.6
429.8
429.9
430.0
430.0
430.1
430.1
430.1
430.1
430.2
430.2
430.3
430.3
430.3
430.3
430.3
430.3
430.4
430.4
430.4
430.4
430.4
430.5
430.5
430.6
430.6
430.6
430.6
430.6
430.6
430.7
430.7
430.7
430.7
430.8
430.9
430.9
430.9
430.9
430.9
430.9
431.0
431.0
431.0
431.1
431.1
431.1
431.2
431.2
431.2
431.2
431.2
431.3
431.3
431.3
431.4
431.6
431.6
431.6
431.6
431.6
431.7
431.7
431.8
431.8
431.9
431.9
432.1
432.3
432.3
432.5
432.5
432.5
432.8
433.0
433.0
433.1
433.1
433.2
433.6
433.6
433.8
433.9
433.9
433.9
434.1
434.3
434.5
434.5
434.6
435.0
436.5
436.9
437.4
437.5
437.8
437.9
438.0
438.2
438.4
438.5
438.6
438.9
439.0
439.2
439.2
439.3
439.3
439.4
439.5
439.5
439.5
439.8
440.1
440.2
440.3
440.3
440.3
440.4
440.4
440.4
440.5
440.5
440.6
441.0
441.1
441.3
441.5
441.5
441.5
441.6
441.7
441.7
441.7
441.7
441.9
442.0
442.0
442.0
442.1
442.1
442.3
442.5
442.7
442.8
442.9
443.1
443.2
443.5
443.6
443.9
444.1
444.3
444.6
444.7
445.4
445.8
445.9
446.0
446.3
446.6
446.7
446.7
447.4
448.4
448.8
449.3
452.6
453.8
454.7
455.3
455.8
457.2
458.4
474.7
483.0
545.9
545.9
545.9
545.9
545.9
545.9
545.9
545.9
545.9
545.9
545.9
545.9
545.9
545.9
545.9
545.9
545.9
545.9
545.9
545.9
545.9
545.9
545.9
545.9
545.9
545.9
545.9
545.9
545.9
546.0
546.0
546.0
546.0
546.0
546.0
546.0
546.0
546.0
546.0
546.0
546.0
546.0
546.0
546.0
546.0
546.0
546.0
546.0
546.0
546.0
546.0
546.0
546.0
546.0
546.0
546.1
546.1
546.1
546.1
546.1
546.1
546.1
546.1
546.1
546.1
546.1
546.1
546.1
546.1
546.2
546.2
546.2
546.2
546.2
546.2
546.2
546.2
546.3
546.3
546.4
546.5
546.5
546.5
546.6
546.6
546.6
546.6
546.6
546.7
546.7
546.7
546.8
546.8
546.9
547.0
547.1
547.1
547.1
547.1
547.3
552.3
552.3
552.3
552.3
552.3
552.3
552.4
552.4
552.4
552.4
552.4
552.4
552.4
552.4
552.4
552.5
552.5
552.5
552.5
552.5
552.5
552.5
552.5
552.5
552.5
552.5
552.5
552.5
552.6
552.6
552.6
552.6
552.6
552.7
552.7
552.7
552.7
552.8
552.8
552.8
552.8
552.8
552.8
552.8
552.8
552.8
552.8
552.8
552.8
552.9
552.9
552.9
552.9
552.9
552.9
552.9
552.9
553.0
553.0
553.0
553.1
553.1
553.1
553.2
553.2
553.2
553.2
553.3
553.6
553.6
553.6
553.7
553.8
553.8
553.8
554.0
554.0
554.3
554.4
555.6
555.7
555.7
555.9
556.5
556.6
556.8
557.1
557.1
557.4
557.4
557.7
559.3
559.4
559.8
561.0
562.6
562.8
563.1
563.2
564.4
564.4
564.4
564.4
564.4
564.4
564.4
564.4
564.4
564.4
564.4
564.4
564.4
564.4
564.4
564.4
564.4
564.4
564.4
564.5
564.5
564.5
564.5
564.5
564.5
564.5
564.5
564.5
564.5
564.5
564.5
564.5
564.5
564.5
564.5
564.5
564.5
564.5
564.5
564.5
564.5
564.5
564.5
564.5
564.5
564.5
564.5
564.5
564.5
564.5
564.5
564.5
564.5
564.5
564.5
564.6
564.6
564.6
564.6
564.6
564.6
564.6
564.6
564.6
564.6
564.6
564.6
564.7
564.7
564.7
564.7
564.8
564.9
565.0
565.2
565.2
565.3
565.3
565.3
565.5
565.5
565.5
565.8
565.9
566.0
566.0
566.1
566.2
566.3
566.4
566.4
566.5
567.0
567.3
567.3
568.3
568.4
568.5
568.5
568.5
568.5
568.5
568.6
568.6
568.6
568.6
568.6
568.6
568.6
568.7
568.7
568.7
568.7
568.7
568.7
568.7
568.7
568.7
568.7
568.7
568.7
568.7
568.8
568.8
568.8
568.8
568.8
568.8
568.9
568.9
568.9
568.9
568.9
568.9
568.9
568.9
568.9
569.0
569.0
569.0
569.0
569.0
569.0
569.1
569.1
569.1
569.1
569.1
569.2
569.2
569.2
569.3
569.3
569.4
569.4
569.5
569.6
569.6
569.7
569.7
569.7
569.8
569.9
569.9
570.1
570.1
570.1
570.2
570.4
570.5
570.5
570.6
570.7
570.8
570.8
571.3
571.6
571.6
571.7
571.7
571.8
572.0
572.1
572.4
572.6
572.7
572.8
573.1
573.5
573.5
573.6
573.7
573.7
573.8
573.8
573.8
573.8
573.9
573.9
573.9
573.9
573.9
573.9
573.9
574.0
574.0
574.1
574.1
574.1
574.2
574.2
574.2
574.2
574.2
574.2
574.2
574.3
574.3
574.3
574.3
574.3
574.3
574.4
574.4
574.4
574.4
574.4
574.5
574.5
574.6
574.7
574.7
574.8
574.8
574.8
574.9
575.0
575.0
575.1
575.1
575.1
575.2
575.2
575.2
575.3
575.3
575.4
575.5
575.6
575.7
575.8
576.0
576.0
576.0
576.0
576.0
576.1
576.3
576.4
576.6
576.6
576.9
576.9
577.0
577.3
577.3
577.6
578.0
578.1
578.1
578.1
578.2
578.4
578.6
578.6
578.6
578.6
578.7
578.7
579.0
579.2
579.3
579.4
579.5
579.7
579.7
579.7
579.8
579.8
579.8
579.9
579.9
579.9
579.9
579.9
579.9
579.9
579.9
580.0
580.0
580.0
580.0
580.1
580.1
580.1
580.2
580.2
580.2
580.2
580.2
580.2
580.2
580.2
580.2
580.3
580.3
580.3
580.3
580.4
580.4
580.5
580.5
580.5
580.6
580.6
580.7
580.7
580.8
580.9
580.9
580.9
581.0
581.0
581.0
581.0
581.4
581.4
581.4
581.4
581.4
581.5
581.5
581.6
581.6
581.8
581.8
581.9
582.2
582.5
582.5
582.5
582.7
582.8
582.9
582.9
582.9
582.9
583.3
583.6
584.2
584.2
584.5
584.7
585.1
585.7
586.2
586.8
587.0
587.0
587.1
587.4
588.0
588.1
588.1
588.3
588.5
588.9
589.1
589.3
589.6
590.0
590.4
590.8
591.0
591.1
591.8
592.1
592.2
592.2
592.3
592.3
592.5
592.6
593.0
593.0
593.2
593.3
593.6
593.6
593.6
593.7
593.8
593.9
594.0
594.1
594.2
594.2
594.4
594.5
595.2
595.3
595.4
595.5
596.0
596.0
596.0
596.2
596.5
596.5
596.6
596.7
597.3
597.4
597.8
599.4
599.5
599.8
600.0
600.0
600.1
600.5
600.5
600.8
601.2
601.3
601.4
601.5
602.1
602.1
602.5
602.6
605.5
605.9
606.3
607.1
607.6
607.9
608.0
608.3
608.7
609.9
610.0
616.1
693.0
693.0
693.0
693.0
693.0
693.0
693.0
693.0
693.0
693.0
693.0
693.0
693.0
693.0
693.0
693.0
693.1
693.1
693.1
693.1
693.1
693.1
693.1
693.1
693.1
693.1
693.1
693.1
693.1
693.1
693.1
693.1
693.1
693.1
693.1
693.1
693.1
693.1
693.1
693.1
693.1
693.1
693.1
693.1
693.1
693.1
693.1
693.1
693.1
693.1
693.1
693.1
693.1
693.1
693.1
693.1
693.1
693.1
693.1
693.1
693.2
693.2
693.2
693.2
693.2
693.2
693.2
693.2
693.2
693.2
693.2
693.3
693.3
693.3
693.3
693.3
693.3
693.4
693.4
693.5
693.5
693.5
693.5
693.6
693.6
693.6
693.7
693.7
693.7
693.7
693.7
693.9
693.9
693.9
694.0
694.1
694.1
694.1
694.1
694.4
699.5
699.5
699.6
699.6
699.6
699.6
699.6
699.6
699.6
699.6
699.6
699.6
699.7
699.7
699.7
699.7
699.7
699.7
699.7
699.7
699.7
699.7
699.7
699.7
699.7
699.8
699.8
699.8
699.8
699.8
699.8
699.9
699.9
699.9
699.9
699.9
699.9
699.9
699.9
700.0
700.0
700.0
700.0
700.0
700.0
700.0
700.0
700.0
700.1
700.1
700.1
700.1
700.1
700.1
700.1
700.1
700.1
700.2
700.2
700.2
700.3
700.3
700.3
700.4
700.4
700.4
700.4
700.5
700.7
700.8
700.8
700.8
700.9
700.9
700.9
701.0
701.1
701.3
701.3
702.0
702.0
702.0
702.1
702.2
702.3
702.4
702.5
702.5
702.6
702.6
702.7
703.1
703.1
703.2
703.5
703.8
703.9
703.9
704.0
704.4
705.3
705.3
705.3
705.3
705.4
705.4
705.4
705.4
705.4
705.4
705.4
705.4
705.4
705.4
705.4
705.4
705.5
705.5
705.5
705.5
705.5
705.5
705.5
705.5
705.5
705.5
705.5
705.5
705.5
705.6
705.6
705.7
705.7
705.7
705.7
705.7
705.7
705.8
705.8
705.8
705.8
705.8
705.8
705.8
705.8
705.9
705.9
705.9
705.9
705.9
705.9
705.9
706.0
706.0
706.1
706.1
706.1
706.1
706.1
706.2
706.2
706.2
706.2
706.3
706.4
706.5
706.5
706.6
706.7
706.7
706.9
706.9
707.0
707.0
707.1
707.1
707.2
707.4
707.6
708.0
708.3
708.3
708.3
708.4
708.4
708.4
708.6
708.7
708.7
708.7
708.7
709.0
709.1
709.2
709.2
709.2
709.2
709.2
709.2
709.2
709.3
709.3
709.3
709.3
709.3
709.3
709.3
709.4
709.4
709.4
709.4
709.4
709.4
709.4
709.4
709.5
709.5
709.5
709.5
709.5
709.5
709.5
709.5
709.5
709.5
709.5
709.6
709.6
709.6
709.6
709.6
709.6
709.6
709.6
709.6
709.7
709.7
709.7
709.7
709.8
709.8
709.8
709.9
709.9
709.9
709.9
709.9
709.9
710.0
710.0
710.0
710.1
710.1
710.1
710.1
710.2
710.2
710.2
710.3
710.3
710.3
710.3
710.4
710.5
710.6
710.8
710.8
711.2
711.2
711.3
711.3
711.5
711.5
711.7
711.9
711.9
712.3
712.4
712.8
713.5
713.6
713.7
713.8
713.8
713.9
713.9
713.9
714.0
714.1
714.1
714.2
714.2
714.2
714.2
714.2
714.2
714.2
714.3
714.3
714.3
714.4
714.4
714.4
714.4
714.4
714.4
714.5
714.5
714.5
714.5
714.5
714.6
714.6
714.6
714.6
714.7
714.7
714.7
714.7
714.7
714.7
714.7
714.7
714.7
714.8
714.8
714.8
714.8
714.8
714.9
714.9
714.9
714.9
714.9
714.9
715.0
715.0
715.0
715.0
715.1
715.1
715.1
715.2
715.2
715.3
715.4
715.4
715.4
715.6
715.7
715.7
715.8
715.9
716.0
716.1
716.3
716.5
716.5
716.5
716.7
716.8
717.1
717.2
717.2
717.3
717.3
717.4
717.6
717.6
717.8
717.8
718.0
718.7
718.9
719.0
719.1
719.3
719.5
721.2
721.3
721.4
721.5
721.8
722.0
722.4
723.0
723.1
723.2
723.3
723.4
723.7
723.7
723.7
723.8
723.9
723.9
724.0
724.1
724.1
724.2
724.2
724.4
724.5
724.5
724.5
724.6
724.6
724.9
725.0
725.2
725.2
725.3
725.3
725.3
725.3
725.4
725.4
725.4
725.4
725.4
725.5
725.6
725.6
725.7
725.7
725.7
725.8
725.8
725.8
725.9
726.0
726.3
726.3
726.4
726.5
726.6
726.7
726.7
726.7
727.0
727.1
727.1
727.2
727.3
728.0
728.0
728.0
728.2
728.4
728.5
728.5
729.1
729.2
730.5
730.6
730.7
731.4
731.6
733.4
733.7
733.8
734.1
734.2
734.3
734.4
734.5
734.6
734.6
734.7
734.7
734.8
734.8
734.9
734.9
734.9
734.9
734.9
735.0
735.0
735.0
735.0
735.0
735.0
735.0
735.0
735.0
735.0
735.0
735.0
735.0
735.0
735.0
735.0
735.0
735.0
735.0
735.0
735.0
735.0
735.0
735.0
735.0
735.0
735.0
735.1
735.1
735.1
735.1
735.1
735.1
735.1
735.1
735.1
735.1
735.1
735.1
735.1
735.1
735.1
735.1
735.1
735.1
735.1
735.1
735.1
735.1
735.1
735.1
735.1
735.1
735.1
735.2
735.2
735.2
735.2
735.2
735.2
735.2
735.2
735.2
735.2
735.2
735.3
735.3
735.4
735.4
735.4
735.6
735.6
735.6
735.6
735.6
735.7
735.7
735.9
736.0
736.0
736.5
738.6
739.3
739.8
740.1
740.2
740.5
740.5
740.6
740.7
740.7
740.7
740.7
740.7
740.7
740.7
740.7
740.7
740.8
740.8
740.8
740.8
740.8
740.8
740.8
740.8
740.8
740.8
740.8
740.8
740.8
740.8
740.8
740.9
740.9
740.9
740.9
740.9
740.9
740.9
740.9
740.9
740.9
740.9
740.9
740.9
741.0
741.0
741.0
741.0
741.0
741.0
741.0
741.0
741.0
741.0
741.1
741.1
741.1
741.1
741.1
741.1
741.1
741.1
741.2
741.2
741.2
741.2
741.2
741.3
741.3
741.3
741.3
741.3
741.4
741.5
741.5
741.5
741.7
741.8
741.8
741.8
741.9
742.0
742.2
742.2
742.3
742.3
742.3
742.3
742.3
742.5
742.5
742.7
742.7
742.8
742.9
743.0
743.5
743.5
743.6
744.0
744.7
745.3
745.3
745.3
745.4
745.4
745.4
745.5
745.5
745.5
745.5
745.6
745.6
745.6
745.7
745.7
745.7
745.7
745.7
745.7
745.8
745.8
745.8
745.8
745.8
745.9
745.9
745.9
745.9
745.9
746.0
746.0
746.0
746.0
746.0
746.0
746.0
746.1
746.1
746.2
746.2
746.2
746.2
746.2
746.3
746.4
746.4
746.4
746.4
746.4
746.4
746.4
746.5
746.5
746.5
746.5
746.5
746.5
746.6
746.6
746.7
746.8
746.9
746.9
747.1
747.1
747.1
747.1
747.1
747.3
747.5
747.9
748.0
748.0
748.1
748.1
748.3
749.3
749.6
749.6
749.9
750.0
750.4
750.6
750.6
750.7
751.1
751.3
751.6
751.6
751.7
752.0
752.0
752.0
752.0
752.0
752.1
752.2
752.2
752.2
752.4
752.4
752.5
752.5
752.5
752.5
752.6
752.6
752.6
752.6
752.6
752.6
752.7
752.7
752.7
752.7
752.8
752.8
752.9
752.9
752.9
752.9
752.9
752.9
752.9
753.0
753.0
753.0
753.1
753.1
753.2
753.3
753.3
753.3
753.3
753.4
753.4
753.4
753.4
753.4
753.5
753.5
753.6
753.6
753.6
753.6
753.7
753.7
753.8
753.8
753.8
753.8
753.9
753.9
753.9
754.0
754.0
754.1
754.1
754.1
754.1
754.1
754.3
754.3
754.5
754.5
754.5
754.6
754.8
754.8
754.9
755.0
755.0
755.4
755.5
755.7
756.1
757.1
757.4
757.7
758.5
758.6
759.2
759.8
759.8
759.9
760.0
760.1
760.3
760.4
760.6
760.7
761.3
761.4
761.5
761.5
761.7
761.8
762.0
762.0
762.3
762.3
762.4
762.6
762.7
762.8
763.0
763.0
763.1
763.3
763.4
763.4
763.5
763.5
763.5
763.5
763.6
763.7
764.1
764.2
764.3
764.5
764.6
764.8
764.8
765.3
765.5
765.5
765.7
766.0
766.0
766.0
766.3
766.3
766.5
767.0
767.3
767.3
767.3
767.4
767.6
767.7
767.9
768.1
768.3
768.7
768.9
769.1
769.7
769.9
769.9
770.0
771.1
771.3
771.7
773.0
773.6
774.5
775.5
778.7
780.4
782.1
784.2
787.3
863.4
863.4
863.4
863.4
863.4
863.4
863.4
863.4
863.4
863.5
863.5
863.5
863.5
863.5
863.5
863.5
863.5
863.5
863.5
863.5
863.5
863.5
863.5
863.5
863.5
863.5
863.5
863.5
863.5
863.5
863.5
863.5
863.5
863.5
863.5
863.5
863.5
863.5
863.6
863.6
863.6
863.6
863.6
863.6
863.6
863.6
863.6
863.6
863.6
863.6
863.6
863.6
863.6
863.6
863.6
863.6
863.6
863.6
863.6
863.6
863.6
863.6
863.6
863.7
863.7
863.7
863.8
863.8
863.8
863.8
863.8
863.9
863.9
863.9
863.9
864.1
864.1
864.2
864.2
864.2
864.3
864.3
864.3
864.3
864.3
864.5
864.7
864.9
864.9
865.1
865.2
865.4
865.5
865.6
865.7
865.9
866.1
866.1
866.1
866.2
868.0
868.0
868.0
868.0
868.0
868.0
868.0
868.0
868.0
868.0
868.0
868.0
868.0
868.0
868.0
868.0
868.0
868.0
868.0
868.0
868.0
868.0
868.0
868.0
868.0
868.0
868.0
868.0
868.0
868.0
868.0
868.0
868.0
868.0
868.0
868.0
868.0
868.0
868.0
868.0
868.0
868.0
868.0
868.0
868.0
868.0
868.0
868.0
868.0
868.0
868.0
868.0
868.0
868.0
868.0
868.0
868.1
868.1
868.1
868.1
868.1
868.1
868.1
868.1
868.1
868.1
868.2
868.2
868.2
868.2
868.2
868.2
868.3
868.5
868.5
868.5
868.5
868.5
868.6
868.6
868.6
868.7
868.7
868.7
868.8
868.8
869.1
869.1
869.2
869.5
869.5
869.8
870.2
870.3
870.5
870.7
871.1
871.2
871.3
871.3
872.0
872.0
872.0
872.0
872.1
872.1
872.1
872.1
872.1
872.1
872.1
872.1
872.1
872.1
872.1
872.1
872.1
872.1
872.1
872.1
872.1
872.1
872.1
872.1
872.1
872.1
872.1
872.1
872.1
872.1
872.1
872.1
872.1
872.1
872.1
872.1
872.1
872.1
872.1
872.1
872.1
872.2
872.2
872.2
872.2
872.2
872.2
872.2
872.2
872.2
872.2
872.2
872.2
872.2
872.2
872.2
872.2
872.2
872.3
872.3
872.3
872.3
872.4
872.4
872.4
872.4
872.5
872.5
872.5
872.5
872.5
872.6
872.7
872.8
872.8
873.0
873.0
873.1
873.1
873.1
873.2
873.2
873.2
873.3
873.5
873.6
873.7
873.8
874.2
874.3
874.3
874.5
875.3
875.3
875.6
876.0
876.0
876.0
876.0
876.1
876.1
876.1
876.1
876.1
876.1
876.1
876.2
876.2
876.2
876.2
876.2
876.2
876.2
876.2
876.2
876.2
876.2
876.2
876.2
876.2
876.3
876.3
876.3
876.3
876.3
876.3
876.3
876.3
876.3
876.3
876.3
876.3
876.3
876.3
876.4
876.4
876.4
876.4
876.4
876.4
876.4
876.4
876.5
876.5
876.5
876.5
876.5
876.5
876.5
876.5
876.6
876.6
876.6
876.6
876.6
876.6
876.7
876.7
876.8
876.9
876.9
876.9
876.9
877.0
877.0
877.1
877.2
877.2
877.2
877.2
877.4
877.5
877.5
877.6
877.6
877.9
878.0
878.2
878.3
878.4
878.4
878.4
878.4
878.7
878.8
879.2
879.6
879.9
880.2
880.5
881.0
881.2
881.7
881.9
881.9
881.9
882.0
882.0
882.1
882.1
882.1
882.1
882.1
882.2
882.2
882.3
882.3
882.4
882.4
882.4
882.4
882.4
882.4
882.5
882.5
882.6
882.6
882.6
882.6
882.7
882.7
882.7
882.8
882.8
882.8
882.8
882.8
882.8
882.8
882.8
882.8
882.8
882.9
882.9
882.9
882.9
883.0
883.0
883.1
883.1
883.1
883.1
883.1
883.2
883.2
883.3
883.3
883.3
883.5
883.5
883.5
883.6
883.7
883.7
883.7
883.9
884.0
884.1
884.2
884.4
884.4
884.5
884.7
884.7
884.8
885.0
885.1
885.1
885.3
885.9
886.0
886.3
886.5
886.7
887.1
887.3
887.7
887.8
887.9
888.1
888.4
888.5
888.8
889.7
890.6
891.2
893.4
894.5
895.8
897.1
905.3
905.7
907.7
907.8
907.9
908.0
908.0
908.0
908.0
908.1
908.1
908.1
908.1
908.1
908.1
908.2
908.2
908.2
908.2
908.2
908.2
908.2
908.2
908.2
908.2
908.2
908.3
908.3
908.3
908.3
908.3
908.3
908.3
908.3
908.3
908.3
908.3
908.4
908.4
908.4
908.4
908.4
908.4
908.4
908.4
908.4
908.4
908.4
908.4
908.4
908.5
908.5
908.5
908.5
908.5
908.5
908.5
908.5
908.5
908.5
908.5
908.6
908.6
908.6
908.6
908.6
908.6
908.6
908.6
908.7
908.8
908.9
908.9
908.9
908.9
909.0
909.1
909.2
909.3
909.3
909.4
909.4
909.4
909.5
909.5
909.6
909.7
909.7
910.0
910.1
910.1
910.3
910.3
910.7
910.7
910.8
910.8
910.9
911.4
911.6
912.1
912.9
917.1
917.1
917.2
917.2
917.2
917.2
917.2
917.2
917.2
917.2
917.2
917.3
917.3
917.3
917.3
917.3
917.3
917.3
917.3
917.3
917.3
917.3
917.3
917.3
917.3
917.3
917.3
917.3
917.3
917.3
917.3
917.3
917.3
917.3
917.3
917.3
917.3
917.3
917.3
917.3
917.3
917.4
917.4
917.4
917.4
917.4
917.4
917.4
917.4
917.4
917.4
917.4
917.4
917.4
917.4
917.4
917.4
917.4
917.4
917.4
917.4
917.4
917.4
917.4
917.5
917.5
917.5
917.5
917.5
917.6
917.7
917.7
917.7
917.8
917.8
917.9
917.9
917.9
917.9
917.9
917.9
918.0
918.0
918.0
918.1
918.2
918.2
918.2
918.2
918.2
918.4
918.4
918.4
918.5
918.7
918.7
918.9
918.9
918.9
919.0
921.6
921.7
921.7
921.7
921.7
921.7
921.7
921.8
921.8
921.8
921.8
921.8
921.8
921.8
921.8
921.8
921.8
921.8
921.8
921.8
921.8
921.8
921.8
921.8
921.8
921.8
921.9
921.9
921.9
921.9
921.9
921.9
921.9
921.9
921.9
921.9
921.9
921.9
921.9
921.9
921.9
921.9
921.9
921.9
921.9
922.0
922.0
922.0
922.0
922.0
922.0
922.0
922.0
922.0
922.0
922.0
922.0
922.1
922.1
922.1
922.1
922.2
922.2
922.2
922.2
922.3
922.3
922.4
922.4
922.4
922.4
922.4
922.6
922.6
922.7
922.8
922.8
922.9
923.1
923.2
923.2
923.3
923.3
923.3
923.4
923.6
923.7
923.7
923.7
923.9
924.0
924.0
924.3
924.5
924.9
924.9
925.0
925.4
925.5
925.5
925.9
925.9
926.0
926.0
926.0
926.0
926.1
926.1
926.1
926.1
926.2
926.2
926.2
926.2
926.2
926.2
926.2
926.3
926.3
926.3
926.3
926.3
926.3
926.3
926.3
926.3
926.4
926.4
926.4
926.4
926.4
926.4
926.5
926.5
926.5
926.5
926.5
926.5
926.5
926.6
926.6
926.6
926.6
926.6
926.6
926.7
926.7
926.7
926.8
926.8
926.8
926.8
926.8
926.9
926.9
926.9
927.0
927.0
927.0
927.0
927.0
927.3
927.4
927.4
927.5
927.5
927.6
927.8
927.9
928.0
928.0
928.0
928.0
928.1
928.3
928.4
928.5
928.9
929.2
929.4
929.4
929.5
929.6
929.6
930.0
930.0
930.5
930.5
930.6
930.7
931.0
931.4
931.8
932.0
932.0
932.1
932.1
932.2
932.3
932.3
932.3
932.3
932.3
932.3
932.4
932.4
932.5
932.5
932.5
932.5
932.6
932.6
932.6
932.7
932.7
932.8
932.8
932.8
932.9
932.9
932.9
932.9
933.0
933.0
933.0
933.0
933.0
933.0
933.1
933.1
933.1
933.1
933.1
933.2
933.2
933.2
933.2
933.2
933.2
933.2
933.3
933.3
933.4
933.4
933.5
933.5
933.5
933.5
933.6
933.6
933.7
933.7
933.8
933.9
933.9
934.0
934.1
934.1
934.2
934.2
934.3
934.5
934.5
934.6
934.6
934.6
934.6
935.2
935.2
935.3
935.7
935.8
936.1
936.3
936.3
936.4
936.7
937.6
938.3
938.5
938.9
939.0
939.2
939.7
939.9
940.5
943.0
943.1
943.4
943.9
943.9
943.9
944.1
944.5
945.2
945.2
945.7
945.9
945.9
946.1
946.2
946.2
946.5
946.5
946.7
946.7
946.8
946.8
946.9
947.0
947.1
947.1
947.2
947.2
947.4
947.4
947.4
947.5
948.0
948.1
948.2
948.2
948.2
948.4
948.7
948.8
949.0
949.1
949.1
950.0
950.1
950.1
950.8
950.9
951.1
951.5
951.9
952.2
952.2
952.2
952.6
952.8
952.8
952.9
953.0
953.4
953.7
953.8
954.0
954.3
954.9
955.1
955.1
956.6
957.5
958.1
959.4
959.5
960.0
961.0
964.1
966.1
969.2
973.8
976.2
1039.0
1039.0
1039.0
1039.0
1039.0
1039.0
1039.0
1039.0
1039.0
1039.0
1039.0
1039.0
1039.1
1039.1
1039.1
1039.1
1039.1
1039.1
1039.1
1039.1
1039.1
1039.1
1039.1
1039.1
1039.1
1039.1
1039.1
1039.1
1039.2
1039.2
1039.2
1039.2
1039.2
1039.2
1039.2
1039.2
1039.2
1039.2
1039.2
1039.2
1039.2
1039.2
1039.2
1039.2
1039.2
1039.2
1039.2
1039.2
1039.3
1039.3
1039.3
1039.3
1039.3
1039.3
1039.3
1039.3
1039.3
1039.3
1039.4
1039.4
1039.4
1039.5
1039.5
1039.5
1039.6
1039.7
1039.7
1039.7
1039.7
1039.7
1039.8
1039.8
1039.9
1039.9
1040.0
1040.1
1040.1
1040.2
1040.2
1040.2
1040.3
1040.3
1040.3
1040.3
1040.4
1040.4
1040.6
1040.6
1040.6
1040.8
1040.8
1040.9
1041.0
1041.0
1041.1
1041.1
1041.2
1041.2
1041.2
1041.2
1042.8
1042.8
1042.8
1042.8
1042.9
1042.9
1042.9
1042.9
1042.9
1042.9
1042.9
1042.9
1042.9
1042.9
1042.9
1042.9
1043.0
1043.0
1043.0
1043.0
1043.0
1043.0
1043.0
1043.0
1043.0
1043.0
1043.0
1043.0
1043.1
1043.1
1043.1
1043.1
1043.1
1043.1
1043.1
1043.1
1043.1
1043.1
1043.1
1043.1
1043.1
1043.2
1043.2
1043.2
1043.2
1043.2
1043.2
1043.2
1043.2
1043.2
1043.2
1043.2
1043.2
1043.3
1043.3
1043.3
1043.4
1043.4
1043.4
1043.5
1043.5
1043.7
1043.7
1043.7
1043.7
1043.8
1043.8
1043.9
1043.9
1043.9
1044.0
1044.1
1044.1
1044.6
1044.6
1044.6
1044.6
1044.7
1044.8
1044.8
1044.9
1045.0
1045.1
1045.1
1045.3
1045.3
1045.5
1045.6
1045.8
1045.9
1045.9
1046.1
1046.4
1046.4
1046.5
1046.5
1046.5
1046.5
1046.6
1046.6
1046.6
1046.6
1046.6
1046.6
1046.6
1046.6
1046.6
1046.6
1046.6
1046.6
1046.7
1046.7
1046.7
1046.7
1046.7
1046.7
1046.7
1046.7
1046.8
1046.8
1046.8
1046.8
1046.8
1046.8
1046.8
1046.8
1046.8
1046.8
1046.8
1046.8
1046.9
1046.9
1046.9
1046.9
1046.9
1046.9
1046.9
1046.9
1046.9
1046.9
1046.9
1046.9
1046.9
1046.9
1047.0
1047.0
1047.0
1047.0
1047.0
1047.0
1047.0
1047.0
1047.0
1047.1
1047.1
1047.2
1047.2
1047.2
1047.4
1047.4
1047.5
1047.5
1047.6
1047.6
1047.7
1047.8
1047.8
1047.8
1047.8
1047.9
1048.0
1048.1
1048.2
1048.7
1048.7
1049.1
1049.1
1049.1
1049.1
1049.3
1049.4
1049.5
1049.5
1049.6
1049.9
1050.2
1050.3
1050.5
1050.6
1050.6
1050.6
1050.7
1050.7
1050.7
1050.7
1050.7
1050.7
1050.7
1050.8
1050.8
1050.8
1050.9
1050.9
1050.9
1050.9
1050.9
1050.9
1050.9
1050.9
1050.9
1050.9
1050.9
1051.0
1051.0
1051.0
1051.0
1051.0
1051.0
1051.1
1051.1
1051.1
1051.1
1051.1
1051.2
1051.2
1051.2
1051.2
1051.2
1051.2
1051.2
1051.3
1051.3
1051.3
1051.3
1051.3
1051.3
1051.3
1051.3
1051.3
1051.3
1051.4
1051.4
1051.4
1051.4
1051.5
1051.6
1051.6
1051.6
1051.6
1051.7
1052.0
1052.1
1052.1
1052.1
1052.1
1052.2
1052.3
1052.3
1052.5
1052.5
1052.5
1052.6
1052.6
1052.6
1052.7
1052.7
1052.7
1052.7
1053.2
1053.3
1053.3
1053.4
1053.5
1053.8
1053.9
1054.5
1054.6
1054.7
1054.8
1054.9
1054.9
1055.1
1055.2
1055.7
1055.9
1056.4
1056.6
1056.6
1056.7
1056.8
1056.9
1056.9
1056.9
1056.9
1056.9
1056.9
1057.0
1057.0
1057.0
1057.1
1057.2
1057.2
1057.3
1057.3
1057.3
1057.3
1057.4
1057.4
1057.4
1057.5
1057.5
1057.5
1057.5
1057.5
1057.5
1057.7
1057.7
1057.7
1057.7
1057.7
1057.7
1057.7
1057.7
1057.8
1057.9
1058.0
1058.0
1058.0
1058.0
1058.0
1058.1
1058.2
1058.3
1058.3
1058.3
1058.4
1058.4
1058.5
1058.5
1058.6
1058.6
1058.8
1058.8
1058.9
1058.9
1058.9
1059.1
1059.2
1059.2
1059.3
1059.4
1059.7
1059.8
1059.8
1059.9
1060.0
1060.3
1060.7
1060.8
1061.2
1061.3
1061.7
1062.1
1062.2
1062.5
1062.9
1063.1
1063.2
1063.5
1063.6
1063.9
1065.2
1065.4
1066.8
1067.8
1068.0
1068.0
1068.3
1069.2
1069.2
1070.6
1070.7
1071.8
1072.3
1082.7
1104.6
1205.4
1205.4
1205.4
1205.4
1205.4
1205.5
1205.5
1205.5
1205.5
1205.5
1205.5
1205.5
1205.5
1205.5
1205.5
1205.5
1205.5
1205.5
1205.5
1205.5
1205.5
1205.5
1205.5
1205.5
1205.5
1205.5
1205.5
1205.5
1205.5
1205.5
1205.5
1205.5
1205.5
1205.5
1205.5
1205.5
1205.5
1205.5
1205.5
1205.5
1205.5
1205.5
1205.5
1205.5
1205.5
1205.5
1205.5
1205.5
1205.5
1205.5
1205.5
1205.5
1205.5
1205.5
1205.5
1205.5
1205.5
1205.5
1205.5
1205.5
1205.5
1205.5
1205.6
1205.6
1205.6
1205.6
1205.6
1205.6
1205.6
1205.6
1205.6
1205.7
1205.7
1205.7
1205.7
1205.7
1205.7
1205.7
1205.8
1205.8
1205.8
1205.9
1205.9
1205.9
1205.9
1205.9
1205.9
1205.9
1206.0
1206.0
1206.0
1206.0
1206.1
1206.1
1206.2
1206.2
1206.2
1206.2
1206.2
1206.3
1209.5
1209.5
1209.5
1209.5
1209.5
1209.5
1209.5
1209.5
1209.5
1209.5
1209.5
1209.5
1209.5
1209.5
1209.5
1209.5
1209.5
1209.5
1209.5
1209.5
1209.5
1209.5
1209.5
1209.5
1209.5
1209.5
1209.5
1209.5
1209.5
1209.5
1209.5
1209.5
1209.5
1209.5
1209.5
1209.6
1209.6
1209.6
1209.6
1209.6
1209.6
1209.6
1209.6
1209.6
1209.6
1209.6
1209.6
1209.6
1209.6
1209.6
1209.6
1209.6
1209.6
1209.6
1209.6
1209.6
1209.6
1209.6
1209.6
1209.6
1209.7
1209.7
1209.7
1209.7
1209.7
1209.7
1209.8
1209.8
1209.8
1209.8
1209.9
1209.9
1210.1
1210.1
1210.1
1210.2
1210.2
1210.2
1210.3
1210.4
1210.4
1210.5
1210.5
1210.6
1210.7
1210.7
1210.7
1210.7
1210.9
1210.9
1211.0
1211.1
1211.3
1211.3
1211.6
1211.6
1211.6
1211.8
1211.8
1211.9
1213.1
1213.1
1213.1
1213.1
1213.2
1213.2
1213.2
1213.2
1213.2
1213.2
1213.2
1213.2
1213.2
1213.2
1213.2
1213.2
1213.2
1213.2
1213.2
1213.2
1213.3
1213.3
1213.3
1213.3
1213.3
1213.3
1213.3
1213.3
1213.3
1213.3
1213.3
1213.3
1213.3
1213.3
1213.3
1213.3
1213.3
1213.4
1213.4
1213.4
1213.4
1213.4
1213.4
1213.4
1213.4
1213.4
1213.4
1213.4
1213.4
1213.4
1213.4
1213.5
1213.5
1213.5
1213.5
1213.5
1213.5
1213.5
1213.5
1213.6
1213.7
1213.7
1213.7
1213.8
1213.8
1213.9
1213.9
1214.0
1214.0
1214.0
1214.1
1214.1
1214.3
1214.4
1214.4
1214.6
1214.6
1214.9
1215.0
1215.0
1215.0
1215.1
1215.2
1215.2
1215.4
1215.6
1215.8
1215.9
1216.1
1216.3
1216.5
1216.7
1217.2
1217.2
1217.4
1217.6
1217.8
1217.8
1217.9
1217.9
1217.9
1217.9
1217.9
1218.0
1218.0
1218.0
1218.1
1218.1
1218.1
1218.1
1218.1
1218.2
1218.2
1218.2
1218.2
1218.2
1218.2
1218.2
1218.2
1218.2
1218.3
1218.3
1218.3
1218.3
1218.3
1218.4
1218.4
1218.4
1218.4
1218.4
1218.4
1218.4
1218.4
1218.4
1218.4
1218.4
1218.5
1218.5
1218.5
1218.5
1218.5
1218.5
1218.6
1218.6
1218.6
1218.6
1218.6
1218.6
1218.7
1218.7
1218.8
1218.8
1218.8
1218.8
1218.8
1218.8
1218.9
1218.9
1218.9
1219.0
1219.1
1219.3
1219.3
1219.3
1219.4
1219.4
1219.5
1219.7
1219.8
1219.8
1220.2
1220.2
1220.5
1220.5
1220.6
1220.9
1221.2
1221.4
1221.6
1221.6
1221.7
1221.7
1221.9
1222.3
1222.5
1223.3
1223.9
1224.2
1224.6
1224.7
1226.2
1226.7
1226.9
1227.2
1227.4
1227.5
1227.5
1227.9
1228.0
1228.1
1228.2
1228.3
1228.4
1228.4
1228.4
1228.5
1228.5
1228.5
1228.6
1228.6
1228.6
1228.8
1228.8
1229.0
1229.1
1229.1
1229.1
1229.2
1229.5
1229.5
1229.7
1229.7
1229.7
1229.8
1229.8
1229.9
1229.9
1230.0
1230.1
1230.1
1230.1
1230.1
1230.2
1230.3
1230.5
1230.5
1230.5
1230.6
1230.7
1230.8
1230.8
1230.8
1231.2
1231.2
1231.4
1231.5
1231.6
1231.7
1231.9
1232.1
1232.3
1232.4
1233.1
1233.1
1233.7
1234.6
1234.7
1235.0
1235.0
1235.0
1235.1
1235.4
1235.6
1236.3
1236.6
1238.0
1240.0
1240.3
1245.2
1246.9
1257.7
1258.3
1258.4
1258.5
1258.7
1258.8
1258.8
1258.8
1258.8
1258.8
1258.8
1258.8
1258.8
1258.8
1258.8
1258.8
1258.8
1258.8
1258.8
1258.8
1258.8
1258.8
1258.8
1258.8
1258.8
1258.8
1258.8
1258.8
1258.8
1258.8
1258.8
1258.9
1258.9
1258.9
1258.9
1258.9
1258.9
1258.9
1258.9
1258.9
1258.9
1258.9
1258.9
1258.9
1258.9
1258.9
1258.9
1258.9
1258.9
1258.9
1258.9
1258.9
1258.9
1258.9
1258.9
1258.9
1258.9
1258.9
1258.9
1258.9
1258.9
1258.9
1258.9
1258.9
1258.9
1258.9
1258.9
1258.9
1258.9
1259.0
1259.0
1259.0
1259.0
1259.0
1259.0
1259.1
1259.1
1259.1
1259.1
1259.1
1259.2
1259.2
1259.2
1259.2
1259.2
1259.2
1259.3
1259.4
1259.4
1259.4
1259.5
1259.6
1259.7
1259.7
1259.8
1259.9
1259.9
1260.0
1260.1
1260.2
1263.3
1264.3
1264.5
1265.2
1265.3
1265.3
1265.3
1265.3
1265.3
1265.4
1265.4
1265.4
1265.4
1265.4
1265.4
1265.5
1265.5
1265.5
1265.5
1265.5
1265.5
1265.5
1265.5
1265.5
1265.5
1265.6
1265.6
1265.6
1265.6
1265.6
1265.6
1265.6
1265.6
1265.6
1265.6
1265.7
1265.7
1265.7
1265.7
1265.7
1265.7
1265.7
1265.8
1265.8
1265.8
1265.8
1265.8
1265.8
1265.8
1265.8
1265.8
1265.8
1265.9
1265.9
1265.9
1265.9
1265.9
1265.9
1265.9
1266.0
1266.0
1266.1
1266.1
1266.1
1266.1
1266.1
1266.2
1266.2
1266.3
1266.3
1266.3
1266.4
1266.6
1266.7
1266.7
1266.8
1266.8
1266.9
1267.0
1267.9
1268.2
1268.4
1268.5
1268.6
1268.8
1268.9
1269.6
1269.6
1269.7
1270.0
1270.1
1270.8
1271.2
1271.3
1271.3
1271.4
1271.4
1271.4
1271.4
1271.5
1271.5
1271.5
1271.5
1271.6
1271.6
1271.6
1271.7
1271.7
1271.7
1271.7
1271.7
1271.7
1271.8
1271.8
1271.8
1271.8
1271.8
1271.9
1271.9
1271.9
1271.9
1271.9
1272.0
1272.0
1272.0
1272.1
1272.1
1272.2
1272.3
1272.3
1272.3
1272.4
1272.5
1272.5
1272.5
1272.5
1272.6
1272.6
1272.6
1272.8
1272.9
1273.0
1273.0
1273.1
1273.2
1273.2
1273.3
1273.3
1273.4
1273.4
1273.5
1273.5
1273.5
1273.7
1273.7
1273.7
1273.7
1273.8
1273.8
1274.1
1274.2
1274.4
1274.4
1274.4
1274.5
1274.5
1274.6
1274.8
1274.8
1274.9
1275.0
1275.5
1275.8
1276.0
1276.2
1276.3
1276.4
1276.7
1276.9
1277.0
1277.0
1277.0
1277.3
1277.3
1277.4
1277.4
1277.4
1277.4
1277.5
1277.5
1277.5
1277.5
1277.6
1277.6
1277.7
1277.8
1278.0
1278.1
1278.2
1278.2
1278.3
1278.3
1278.5
1278.5
1278.5
1278.6
1278.6
1278.7
1278.9
1278.9
1279.0
1279.2
1279.3
1279.3
1279.4
1279.5
1279.6
1279.7
1279.7
1279.9
1280.0
1280.0
1280.1
1280.2
1280.2
1280.2
1280.3
1280.3
1280.4
1280.4
1280.5
1280.6
1280.6
1280.8
1280.9
1281.2
1281.3
1281.3
1281.4
1281.4
1281.5
1281.6
1282.1
1282.2
1282.3
1282.3
1282.5
1282.5
1283.0
1283.1
1283.2
1283.7
1283.8
1284.0
1284.0
1284.0
1285.3
1285.4
1285.5
1286.9
1288.1
1289.6
1289.7
1289.9
1290.0
1290.1
1290.4
1290.6
1290.7
1291.0
1291.2
1291.5
1292.0
1292.0
1292.3
1293.5
1294.6
1294.9
1295.1
1295.5
1295.6
1296.3
1296.8
1296.9
1297.3
1297.6
1297.6
1297.8
1298.5
1298.6
1299.3
1300.9
1303.5
1304.2
1304.3
1305.4
1305.7
1313.8
1374.8
1374.8
1374.8
1374.8
1374.8
1374.8
1374.8
1374.9
1374.9
1374.9
1374.9
1374.9
1374.9
1374.9
1374.9
1374.9
1374.9
1374.9
1374.9
1374.9
1374.9
1374.9
1374.9
1374.9
1374.9
1374.9
1374.9
1374.9
1374.9
1374.9
1374.9
1374.9
1374.9
1374.9
1374.9
1374.9
1374.9
1374.9
1374.9
1374.9
1374.9
1374.9
1374.9
1374.9
1374.9
1374.9
1374.9
1374.9
1374.9
1374.9
1374.9
1374.9
1374.9
1374.9
1374.9
1374.9
1374.9
1374.9
1374.9
1374.9
1374.9
1374.9
1375.0
1375.0
1375.0
1375.0
1375.1
1375.1
1375.1
1375.1
1375.1
1375.2
1375.2
1375.2
1375.2
1375.3
1375.3
1375.3
1375.4
1375.4
1375.4
1375.4
1375.4
1375.4
1375.4
1375.5
1375.6
1375.7
1375.7
1375.9
1375.9
1376.0
1376.1
1376.1
1376.2
1376.3
1376.4
1376.5
1376.5
1376.5
1378.9
1378.9
1378.9
1378.9
1378.9
1378.9
1378.9
1378.9
1378.9
1378.9
1378.9
1378.9
1378.9
1378.9
1378.9
1378.9
1378.9
1378.9
1378.9
1378.9
1378.9
1378.9
1378.9
1378.9
1378.9
1378.9
1378.9
1378.9
1378.9
1378.9
1378.9
1378.9
1378.9
1378.9
1378.9
1378.9
1378.9
1378.9
1378.9
1378.9
1378.9
1378.9
1378.9
1379.0
1379.0
1379.0
1379.0
1379.0
1379.0
1379.0
1379.0
1379.0
1379.0
1379.0
1379.0
1379.0
1379.0
1379.0
1379.0
1379.0
1379.0
1379.0
1379.1
1379.1
1379.1
1379.1
1379.1
1379.1
1379.1
1379.2
1379.2
1379.2
1379.3
1379.5
1379.5
1379.5
1379.6
1379.6
1379.6
1379.6
1379.7
1379.8
1379.8
1379.8
1380.0
1380.0
1380.1
1380.2
1380.4
1380.6
1380.6
1380.7
1381.1
1381.2
1381.5
1381.5
1381.8
1381.9
1381.9
1382.0
1382.6
1382.6
1382.6
1382.6
1382.6
1382.7
1382.7
1382.7
1382.7
1382.7
1382.7
1382.7
1382.7
1382.7
1382.7
1382.7
1382.7
1382.7
1382.7
1382.7
1382.7
1382.7
1382.7
1382.7
1382.7
1382.7
1382.7
1382.7
1382.7
1382.7
1382.7
1382.8
1382.8
1382.8
1382.8
1382.8
1382.8
1382.8
1382.8
1382.8
1382.8
1382.8
1382.8
1382.8
1382.8
1382.8
1382.8
1382.8
1382.8
1382.8
1382.8
1382.9
1382.9
1382.9
1382.9
1382.9
1382.9
1382.9
1383.0
1383.0
1383.0
1383.0
1383.1
1383.1
1383.1
1383.1
1383.2
1383.2
1383.2
1383.2
1383.3
1383.3
1383.3
1383.5
1383.6
1383.7
1383.8
1383.9
1383.9
1383.9
1383.9
1384.0
1384.0
1384.1
1384.3
1384.5
1384.5
1384.7
1385.1
1385.2
1385.3
1385.4
1386.1
1386.2
1386.6
1386.7
1386.7
1386.7
1386.8
1386.8
1386.8
1386.8
1386.8
1386.8
1386.8
1386.8
1386.8
1386.9
1386.9
1386.9
1386.9
1386.9
1386.9
1386.9
1386.9
1386.9
1386.9
1386.9
1386.9
1386.9
1386.9
1387.0
1387.0
1387.0
1387.0
1387.0
1387.0
1387.0
1387.0
1387.0
1387.0
1387.0
1387.1
1387.1
1387.1
1387.1
1387.1
1387.1
1387.1
1387.1
1387.2
1387.2
1387.2
1387.2
1387.2
1387.2
1387.2
1387.3
1387.3
1387.3
1387.3
1387.3
1387.3
1387.4
1387.4
1387.4
1387.4
1387.4
1387.6
1387.6
1387.6
1387.7
1387.7
1387.7
1387.7
1387.8
1387.9
1387.9
1388.0
1388.0
1388.3
1388.3
1388.3
1388.4
1388.4
1388.7
1388.9
1389.1
1389.1
1389.2
1389.2
1389.3
1389.3
1389.7
1389.8
1390.3
1390.5
1391.0
1391.3
1391.6
1392.4
1392.4
1392.5
1392.8
1392.8
1392.8
1392.9
1393.0
1393.0
1393.0
1393.1
1393.1
1393.1
1393.1
1393.1
1393.1
1393.2
1393.3
1393.3
1393.3
1393.4
1393.4
1393.4
1393.4
1393.4
1393.4
1393.6
1393.6
1393.6
1393.6
1393.7
1393.7
1393.7
1393.8
1393.8
1393.8
1393.8
1393.8
1393.9
1393.9
1393.9
1393.9
1393.9
1393.9
1394.0
1394.0
1394.0
1394.1
1394.1
1394.1
1394.1
1394.2
1394.2
1394.2
1394.3
1394.3
1394.4
1394.4
1394.6
1394.6
1394.7
1394.8
1394.9
1394.9
1394.9
1395.0
1395.1
1395.1
1395.3
1395.3
1395.5
1395.6
1395.8
1395.8
1396.1
1396.1
1396.2
1396.3
1397.0
1397.0
1397.0
1397.3
1397.4
1398.1
1398.5
1398.5
1399.1
1399.1
1399.2
1399.4
1399.5
1399.6
1400.9
1401.4
1401.6
1404.1
1409.4
1410.2
1411.9
1419.4
1542.0
1542.0
1542.0
1542.0
1542.0
1542.0
1542.0
1542.0
1542.0
1542.0
1542.0
1542.0
1542.0
1542.0
1542.0
1542.0
1542.0
1542.0
1542.0
1542.0
1542.0
1542.0
1542.0
1542.0
1542.0
1542.0
1542.0
1542.0
1542.0
1542.0
1542.0
1542.0
1542.0
1542.0
1542.0
1542.0
1542.0
1542.0
1542.0
1542.0
1542.0
1542.0
1542.0
1542.0
1542.0
1542.0
1542.0
1542.0
1542.0
1542.0
1542.0
1542.0
1542.0
1542.0
1542.0
1542.0
1542.0
1542.0
1542.0
1542.0
1542.0
1542.0
1542.1
1542.1
1542.1
1542.1
1542.1
1542.1
1542.1
1542.1
1542.1
1542.1
1542.2
1542.2
1542.2
1542.2
1542.2
1542.2
1542.2
1542.3
1542.3
1542.3
1542.3
1542.3
1542.3
1542.3
1542.4
1542.4
1542.4
1542.4
1542.5
1542.5
1542.5
1542.6
1542.6
1542.7
1542.7
1542.7
1542.7
1542.7
1546.0
1546.0
1546.0
1546.0
1546.0
1546.0
1546.0
1546.0
1546.0
1546.0
1546.1
1546.1
1546.1
1546.1
1546.1
1546.1
1546.1
1546.1
1546.1
1546.1
1546.1
1546.1
1546.1
1546.1
1546.1
1546.1
1546.1
1546.1
1546.1
1546.1
1546.1
1546.1
1546.1
1546.1
1546.1
1546.1
1546.1
1546.1
1546.1
1546.1
1546.1
1546.1
1546.1
1546.1
1546.1
1546.1
1546.1
1546.1
1546.1
1546.1
1546.1
1546.1
1546.1
1546.1
1546.1
1546.1
1546.1
1546.1
1546.2
1546.2
1546.2
1546.2
1546.2
1546.2
1546.2
1546.2
1546.3
1546.3
1546.3
1546.3
1546.4
1546.4
1546.6
1546.6
1546.6
1546.7
1546.7
1546.7
1546.8
1546.9
1546.9
1547.0
1547.0
1547.1
1547.1
1547.1
1547.2
1547.2
1547.4
1547.4
1547.5
1547.6
1547.7
1547.8
1548.0
1548.1
1548.1
1548.2
1548.2
1548.3
1549.7
1549.7
1549.7
1549.7
1549.7
1549.7
1549.7
1549.7
1549.7
1549.8
1549.8
1549.8
1549.8
1549.8
1549.8
1549.8
1549.8
1549.8
1549.8
1549.8
1549.8
1549.8
1549.8
1549.8
1549.8
1549.8
1549.8
1549.8
1549.8
1549.9
1549.9
1549.9
1549.9
1549.9
1549.9
1549.9
1549.9
1549.9
1549.9
1549.9
1549.9
1549.9
1549.9
1549.9
1549.9
1550.0
1550.0
1550.0
1550.0
1550.0
1550.0
1550.0
1550.0
1550.0
1550.0
1550.1
1550.1
1550.1
1550.1
1550.1
1550.3
1550.3
1550.3
1550.4
1550.4
1550.4
1550.4
1550.5
1550.5
1550.6
1550.6
1550.7
1550.8
1550.9
1550.9
1551.1
1551.2
1551.4
1551.5
1551.5
1551.5
1551.6
1551.7
1551.7
1551.9
1552.1
1552.3
1552.3
1552.6
1552.7
1553.0
1553.2
1553.6
1553.6
1553.8
1554.0
1554.2
1554.3
1554.5
1554.5
1554.6
1554.6
1554.6
1554.6
1554.7
1554.7
1554.7
1554.7
1554.7
1554.7
1554.8
1554.8
1554.8
1554.8
1554.8
1554.8
1554.8
1554.8
1554.8
1554.9
1554.9
1554.9
1554.9
1554.9
1555.0
1555.0
1555.0
1555.0
1555.0
1555.0
1555.0
1555.0
1555.0
1555.1
1555.1
1555.1
1555.1
1555.1
1555.1
1555.1
1555.1
1555.1
1555.2
1555.2
1555.2
1555.2
1555.2
1555.3
1555.3
1555.4
1555.4
1555.4
1555.4
1555.5
1555.5
1555.5
1555.5
1555.5
1555.6
1555.6
1555.7
1555.9
1556.0
1556.0
1556.0
1556.0
1556.2
1556.3
1556.4
1556.5
1556.8
1556.8
1557.2
1557.2
1557.2
1557.6
1557.8
1558.1
1558.2
1558.4
1558.4
1558.4
1558.8
1558.9
1559.4
1560.0
1560.9
1560.9
1561.4
1561.5
1563.2
1563.7
1563.9
1564.1
1564.6
1564.7
1564.7
1564.9
1565.1
1565.1
1565.2
1565.3
1565.4
1565.5
1565.6
1565.6
1565.7
1565.7
1565.7
1565.7
1565.8
1565.8
1565.9
1566.1
1566.2
1566.3
1566.3
1566.5
1566.6
1566.9
1566.9
1567.0
1567.1
1567.1
1567.1
1567.1
1567.1
1567.2
1567.3
1567.3
1567.5
1567.5
1567.6
1567.7
1567.7
1567.8
1567.9
1567.9
1567.9
1568.0
1568.0
1568.2
1568.3
1568.3
1569.0
1569.0
1569.2
1569.4
1569.6
1569.9
1569.9
1570.0
1570.1
1570.7
1571.7
1572.1
1572.3
1572.8
1573.0
1573.1
1573.1
1573.1
1573.3
1573.4
1574.5
1575.3
1575.9
1581.2
1583.2
1584.7
1595.3
1595.3
1595.4
1595.4
1595.5
1595.5
1595.5
1595.5
1595.5
1595.5
1595.5
1595.5
1595.5
1595.5
1595.6
1595.6
1595.6
1595.6
1595.6
1595.6
1595.6
1595.6
1595.6
1595.6
1595.6
1595.6
1595.6
1595.6
1595.6
1595.6
1595.6
1595.6
1595.6
1595.6
1595.6
1595.6
1595.6
1595.6
1595.6
1595.6
1595.6
1595.6
1595.6
1595.6
1595.6
1595.6
1595.6
1595.6
1595.6
1595.6
1595.6
1595.6
1595.6
1595.6
1595.6
1595.6
1595.6
1595.6
1595.6
1595.6
1595.6
1595.7
1595.7
1595.7
1595.7
1595.7
1595.7
1595.7
1595.7
1595.7
1595.7
1595.7
1595.7
1595.7
1595.8
1595.8
1595.8
1595.8
1595.8
1595.8
1595.9
1595.9
1595.9
1595.9
1596.0
1596.0
1596.1
1596.1
1596.1
1596.1
1596.2
1596.4
1596.4
1596.4
1596.6
1596.6
1596.7
1596.8
1596.9
1596.9
1601.5
1601.6
1602.0
1602.1
1602.1
1602.1
1602.1
1602.1
1602.1
1602.1
1602.2
1602.2
1602.2
1602.2
1602.2
1602.2
1602.2
1602.2
1602.2
1602.2
1602.2
1602.2
1602.3
1602.3
1602.3
1602.3
1602.3
1602.3
1602.3
1602.3
1602.3
1602.3
1602.3
1602.4
1602.4
1602.4
1602.5
1602.5
1602.5
1602.5
1602.5
1602.5
1602.5
1602.5
1602.6
1602.6
1602.6
1602.6
1602.6
1602.6
1602.6
1602.6
1602.6
1602.6
1602.6
1602.6
1602.7
1602.7
1602.7
1602.8
1602.8
1602.8
1602.8
1602.8
1602.8
1602.8
1602.9
1602.9
1603.0
1603.0
1603.0
1603.3
1603.3
1603.4
1603.5
1603.6
1603.6
1603.7
1603.7
1604.6
1604.9
1605.1
1605.3
1605.4
1605.5
1605.6
1606.3
1606.3
1606.5
1606.7
1606.8
1607.5
1607.9
1608.0
1608.0
1608.0
1608.1
1608.1
1608.1
1608.1
1608.1
1608.1
1608.2
1608.2
1608.2
1608.3
1608.3
1608.3
1608.4
1608.4
1608.4
1608.4
1608.4
1608.5
1608.5
1608.5
1608.5
1608.5
1608.5
1608.5
1608.5
1608.6
1608.6
1608.7
1608.7
1608.7
1608.9
1608.9
1609.0
1609.0
1609.1
1609.2
1609.2
1609.2
1609.2
1609.2
1609.3
1609.3
1609.4
1609.4
1609.5
1609.6
1609.7
1609.8
1609.9
1609.9
1609.9
1610.0
1610.1
1610.1
1610.1
1610.2
1610.3
1610.3
1610.4
1610.4
1610.5
1610.6
1610.6
1610.8
1610.9
1611.1
1611.1
1611.1
1611.2
1611.3
1611.7
1611.7
1611.7
1612.0
1612.5
1613.0
1613.1
1613.5
1613.5
1613.5
1613.8
1614.0
1614.0
1614.1
1614.2
1614.5
1614.5
1614.6
1614.6
1614.7
1614.7
1614.7
1614.8
1614.8
1614.9
1614.9
1614.9
1615.2
1615.2
1615.4
1615.6
1615.6
1615.7
1615.7
1615.7
1615.8
1615.8
1615.8
1616.0
1616.0
1616.2
1616.2
1616.3
1616.8
1616.9
1617.0
1617.0
1617.2
1617.4
1617.4
1617.5
1617.7
1617.7
1618.0
1618.4
1618.4
1618.8
1618.9
1618.9
1619.0
1619.2
1619.3
1619.3
1619.4
1619.4
1619.6
1619.6
1619.7
1619.9
1620.0
1620.1
1620.7
1620.8
1621.0
1621.1
1621.2
1621.2
1621.3
1621.5
1622.2
1622.8
1623.1
1623.6
1624.3
1624.9
1625.0
1625.1
1627.5
1627.8
1630.6
1631.6
1632.9
1633.7
1635.3
1640.7
1646.6
1651.3
1665.5
1711.2
1711.2
1711.2
1711.2
1711.2
1711.2
1711.2
1711.2
1711.2
1711.2
1711.2
1711.2
1711.2
1711.2
1711.2
1711.2
1711.2
1711.2
1711.2
1711.2
1711.2
1711.2
1711.2
1711.2
1711.2
1711.2
1711.2
1711.2
1711.2
1711.2
1711.2
1711.2
1711.2
1711.2
1711.2
1711.2
1711.2
1711.2
1711.2
1711.2
1711.2
1711.2
1711.2
1711.2
1711.2
1711.2
1711.2
1711.2
1711.2
1711.2
1711.2
1711.2
1711.2
1711.2
1711.2
1711.2
1711.2
1711.2
1711.3
1711.3
1711.3
1711.3
1711.3
1711.3
1711.3
1711.4
1711.4
1711.4
1711.4
1711.4
1711.4
1711.4
1711.5
1711.5
1711.5
1711.6
1711.6
1711.6
1711.6
1711.7
1711.7
1711.7
1711.7
1711.7
1711.7
1711.8
1711.9
1711.9
1712.0
1712.1
1712.1
1712.2
1712.3
1712.4
1712.4
1712.5
1712.6
1712.6
1712.6
1712.7
1715.3
1715.3
1715.3
1715.3
1715.3
1715.3
1715.3
1715.3
1715.3
1715.3
1715.3
1715.3
1715.3
1715.3
1715.3
1715.3
1715.3
1715.3
1715.3
1715.3
1715.3
1715.3
1715.3
1715.3
1715.3
1715.3
1715.3
1715.3
1715.3
1715.3
1715.3
1715.3
1715.3
1715.3
1715.3
1715.3
1715.3
1715.3
1715.3
1715.3
1715.3
1715.3
1715.3
1715.3
1715.3
1715.3
1715.3
1715.3
1715.3
1715.3
1715.3
1715.3
1715.3
1715.3
1715.3
1715.3
1715.3
1715.4
1715.4
1715.4
1715.4
1715.4
1715.4
1715.5
1715.5
1715.5
1715.5
1715.5
1715.5
1715.5
1715.6
1715.6
1715.7
1715.8
1715.8
1715.9
1715.9
1715.9
1715.9
1715.9
1716.0
1716.1
1716.1
1716.2
1716.3
1716.3
1716.3
1716.4
1716.6
1716.7
1716.7
1716.8
1717.1
1717.2
1717.5
1717.6
1717.7
1717.8
1717.8
1717.9
1718.9
1718.9
1718.9
1718.9
1718.9
1718.9
1718.9
1718.9
1719.0
1719.0
1719.0
1719.0
1719.0
1719.0
1719.0
1719.0
1719.0
1719.0
1719.0
1719.0
1719.0
1719.0
1719.0
1719.0
1719.0
1719.0
1719.0
1719.0
1719.0
1719.0
1719.0
1719.0
1719.0
1719.0
1719.0
1719.1
1719.1
1719.1
1719.1
1719.1
1719.1
1719.1
1719.1
1719.1
1719.1
1719.1
1719.1
1719.1
1719.1
1719.1
1719.1
1719.2
1719.2
1719.2
1719.2
1719.2
1719.2
1719.2
1719.3
1719.3
1719.3
1719.3
1719.4
1719.4
1719.4
1719.4
1719.5
1719.5
1719.5
1719.5
1719.6
1719.6
1719.7
1719.8
1719.8
1720.0
1720.0
1720.2
1720.2
1720.3
1720.3
1720.3
1720.4
1720.4
1720.6
1720.7
1720.8
1720.9
1721.2
1721.3
1721.5
1721.6
1722.1
1722.2
1722.7
1722.8
1722.9
1723.0
1723.0
1723.0
1723.0
1723.1
1723.1
1723.1
1723.1
1723.1
1723.1
1723.1
1723.2
1723.2
1723.2
1723.2
1723.2
1723.2
1723.2
1723.2
1723.2
1723.2
1723.3
1723.3
1723.3
1723.3
1723.3
1723.3
1723.3
1723.3
1723.3
1723.3
1723.3
1723.4
1723.4
1723.4
1723.4
1723.4
1723.4
1723.4
1723.4
1723.4
1723.5
1723.5
1723.5
1723.5
1723.5
1723.6
1723.6
1723.6
1723.6
1723.6
1723.6
1723.6
1723.7
1723.7
1723.7
1723.7
1723.7
1723.7
1723.8
1723.8
1723.8
1723.8
1723.9
1724.1
1724.1
1724.1
1724.1
1724.1
1724.3
1724.3
1724.4
1724.4
1724.6
1724.7
1724.7
1724.8
1724.8
1725.1
1725.3
1725.4
1725.6
1725.6
1725.6
1725.7
1725.8
1726.1
1726.2
1726.6
1727.0
1727.4
1727.5
1727.7
1728.5
1728.8
1729.0
1729.3
1729.3
1729.3
1729.5
1729.5
1729.5
1729.6
1729.6
1729.6
1729.6
1729.7
1729.7
1729.7
1729.8
1729.9
1729.9
1729.9
1729.9
1729.9
1730.0
1730.0
1730.0
1730.0
1730.0
1730.0
1730.2
1730.2
1730.2
1730.2
1730.3
1730.3
1730.3
1730.4
1730.4
1730.4
1730.5
1730.5
1730.5
1730.5
1730.5
1730.5
1730.6
1730.6
1730.6
1730.7
1730.7
1730.8
1730.8
1730.8
1730.8
1730.9
1730.9
1731.0
1731.0
1731.1
1731.2
1731.2
1731.4
1731.4
1731.4
1731.6
1731.6
1731.6
1731.7
1731.7
1731.7
1731.8
1732.0
1732.2
1732.3
1732.4
1732.7
1732.7
1733.0
1733.2
1733.7
1734.1
1734.1
1734.5
1734.5
1734.6
1734.9
1735.1
1735.3
1735.7
1736.3
1736.3
1736.8
1736.9
1738.6
1739.0
1739.8
1742.0
1747.9
1750.3
1752.5
1878.3
1878.3
1878.3
1878.3
1878.3
1878.3
1878.3
1878.3
1878.3
1878.3
1878.3
1878.3
1878.3
1878.3
1878.3
1878.3
1878.3
1878.3
1878.3
1878.3
1878.3
1878.3
1878.3
1878.3
1878.3
1878.3
1878.3
1878.3
1878.3
1878.3
1878.3
1878.3
1878.3
1878.3
1878.3
1878.3
1878.3
1878.3
1878.3
1878.3
1878.3
1878.3
1878.3
1878.3
1878.3
1878.3
1878.3
1878.3
1878.3
1878.3
1878.3
1878.3
1878.3
1878.3
1878.3
1878.3
1878.4
1878.4
1878.4
1878.4
1878.4
1878.4
1878.4
1878.4
1878.4
1878.4
1878.4
1878.4
1878.4
1878.4
1878.5
1878.5
1878.5
1878.5
1878.5
1878.5
1878.5
1878.5
1878.6
1878.6
1878.6
1878.7
1878.7
1878.7
1878.7
1878.7
1878.7
1878.7
1878.8
1878.8
1878.8
1878.8
1878.9
1878.9
1879.0
1879.0
1879.0
1879.1
1879.1
1879.1
1882.4
1882.4
1882.4
1882.4
1882.4
1882.4
1882.4
1882.4
1882.4
1882.4
1882.4
1882.4
1882.4
1882.4
1882.4
1882.4
1882.4
1882.4
1882.4
1882.4
1882.4
1882.4
1882.4
1882.4
1882.4
1882.4
1882.4
1882.4
1882.4
1882.4
1882.4
1882.4
1882.4
1882.4
1882.4
1882.4
1882.4
1882.4
1882.5
1882.5
1882.5
1882.5
1882.5
1882.5
1882.5
1882.5
1882.5
1882.5
1882.5
1882.5
1882.5
1882.5
1882.5
1882.5
1882.5
1882.5
1882.5
1882.5
1882.5
1882.5
1882.5
1882.6
1882.6
1882.6
1882.6
1882.6
1882.6
1882.7
1882.7
1882.7
1882.8
1882.8
1882.9
1883.0
1883.0
1883.1
1883.1
1883.1
1883.2
1883.3
1883.3
1883.4
1883.4
1883.5
1883.6
1883.6
1883.6
1883.6
1883.8
1883.9
1883.9
1884.0
1884.2
1884.3
1884.5
1884.6
1884.6
1884.7
1884.7
1884.8
1886.0
1886.0
1886.0
1886.1
1886.1
1886.1
1886.1
1886.1
1886.1
1886.1
1886.1
1886.1
1886.1
1886.1
1886.1
1886.2
1886.2
1886.2
1886.2
1886.2
1886.2
1886.2
1886.2
1886.2
1886.2
1886.2
1886.2
1886.2
1886.2
1886.2
1886.2
1886.2
1886.2
1886.2
1886.2
1886.2
1886.2
1886.3
1886.3
1886.3
1886.3
1886.3
1886.3
1886.3
1886.3
1886.3
1886.3
1886.3
1886.3
1886.3
1886.3
1886.4
1886.4
1886.4
1886.4
1886.4
1886.4
1886.4
1886.5
1886.5
1886.6
1886.6
1886.6
1886.7
1886.8
1886.8
1886.8
1886.9
1886.9
1886.9
1887.0
1887.1
1887.2
1887.3
1887.3
1887.5
1887.5
1887.8
1887.9
1887.9
1887.9
1888.0
1888.1
1888.1
1888.3
1888.5
1888.7
1888.7
1889.0
1889.1
1889.4
1889.6
1890.0
1890.0
1890.2
1890.4
1890.7
1890.7
1890.7
1890.8
1890.8
1890.8
1890.8
1890.8
1890.9
1890.9
1890.9
1890.9
1890.9
1890.9
1891.0
1891.0
1891.0
1891.0
1891.1
1891.1
1891.1
1891.1
1891.1
1891.1
1891.1
1891.1
1891.2
1891.2
1891.2
1891.2
1891.2
1891.2
1891.2
1891.2
1891.3
1891.3
1891.3
1891.3
1891.3
1891.3
1891.3
1891.3
1891.4
1891.4
1891.4
1891.4
1891.4
1891.4
1891.4
1891.4
1891.5
1891.5
1891.5
1891.6
1891.6
1891.6
1891.6
1891.6
1891.6
1891.7
1891.7
1891.7
1891.8
1891.9
1891.9
1892.1
1892.2
1892.2
1892.3
1892.3
1892.4
1892.6
1892.6
1892.7
1893.0
1893.0
1893.4
1893.4
1893.4
1893.8
1894.0
1894.4
1894.4
1894.6
1894.6
1894.7
1894.9
1895.1
1895.5
1896.2
1896.9
1897.0
1897.3
1897.5
1899.3
1899.4
1899.4
1899.6
1900.0
1900.2
1900.2
1900.3
1900.3
1900.5
1900.5
1900.7
1900.7
1900.8
1900.8
1900.8
1900.8
1900.9
1901.0
1901.0
1901.1
1901.1
1901.1
1901.2
1901.3
1901.4
1901.4
1901.8
1901.9
1902.0
1902.0
1902.1
1902.1
1902.1
1902.1
1902.1
1902.2
1902.2
1902.2
1902.2
1902.2
1902.2
1902.5
1902.6
1902.6
1902.6
1902.7
1902.7
1902.8
1902.9
1903.1
1903.1
1903.1
1903.1
1903.3
1903.5
1903.5
1903.7
1903.7
1903.9
1904.0
1904.1
1904.5
1904.7
1905.1
1905.8
1906.1
1906.2
1906.3
1906.3
1906.4
1906.4
1906.4
1906.5
1907.1
1908.4
1909.0
1909.8
1912.6
1913.0
1916.2
1916.4
1917.6
1917.7
1928.0
1930.2
1930.8
1930.8
1930.8
1930.8
1930.8
1930.8
1930.8
1930.8
1930.8
1930.8
1930.8
1930.8
1930.8
1930.8
1930.8
1930.8
1930.8
1930.8
1930.8
1930.8
1930.8
1930.9
1930.9
1930.9
1930.9
1930.9
1930.9
1930.9
1930.9
1930.9
1930.9
1930.9
1930.9
1930.9
1930.9
1930.9
1930.9
1930.9
1930.9
1930.9
1930.9
1930.9
1930.9
1930.9
1930.9
1930.9
1930.9
1930.9
1930.9
1930.9
1930.9
1930.9
1930.9
1930.9
1930.9
1930.9
1930.9
1930.9
1930.9
1930.9
1930.9
1930.9
1930.9
1930.9
1930.9
1931.0
1931.0
1931.0
1931.0
1931.0
1931.0
1931.0
1931.1
1931.1
1931.1
1931.1
1931.1
1931.1
1931.1
1931.1
1931.1
1931.1
1931.2
1931.2
1931.3
1931.3
1931.4
1931.4
1931.5
1931.6
1931.7
1931.7
1931.8
1931.9
1931.9
1932.0
1932.0
1932.2
1932.8
1936.6
1937.3
1937.3
1937.3
1937.3
1937.4
1937.4
1937.4
1937.4
1937.4
1937.4
1937.4
1937.5
1937.5
1937.5
1937.5
1937.5
1937.5
1937.5
1937.5
1937.5
1937.6
1937.6
1937.6
1937.6
1937.6
1937.6
1937.6
1937.6
1937.6
1937.6
1937.6
1937.7
1937.7
1937.7
1937.7
1937.7
1937.7
1937.7
1937.7
1937.8
1937.8
1937.8
1937.8
1937.8
1937.8
1937.8
1937.8
1937.8
1937.8
1937.9
1937.9
1937.9
1937.9
1937.9
1937.9
1937.9
1938.0
1938.0
1938.0
1938.0
1938.0
1938.1
1938.1
1938.1
1938.2
1938.2
1938.3
1938.3
1938.5
1938.5
1938.5
1938.6
1938.7
1938.8
1938.9
1938.9
1939.0
1939.5
1940.0
1940.3
1940.3
1940.4
1940.5
1940.5
1941.3
1941.4
1941.6
1941.7
1941.9
1942.2
1942.4
1942.8
1942.8
1942.9
1942.9
1942.9
1943.0
1943.0
1943.0
1943.0
1943.0
1943.0
1943.1
1943.1
1943.2
1943.2
1943.2
1943.3
1943.3
1943.3
1943.3
1943.3
1943.3
1943.3
1943.4
1943.4
1943.4
1943.4
1943.4
1943.4
1943.5
1943.5
1943.5
1943.5
1943.6
1943.7
1943.8
1943.8
1943.9
1943.9
1943.9
1943.9
1943.9
1944.0
1944.1
1944.1
1944.2
1944.2
1944.2
1944.3
1944.4
1944.5
1944.5
1944.6
1944.6
1944.7
1944.7
1944.7
1944.9
1944.9
1945.0
1945.0
1945.0
1945.0
1945.0
1945.0
1945.1
1945.3
1945.4
1945.4
1945.6
1945.6
1945.6
1945.7
1945.8
1946.2
1946.2
1946.2
1947.0
1947.0
1947.4
1947.6
1947.9
1947.9
1948.3
1948.7
1948.9
1949.0
1949.1
1949.1
1949.4
1949.4
1949.4
1949.4
1949.4
1949.6
1949.6
1949.6
1949.7
1949.7
1949.8
1949.8
1950.0
1950.0
1950.3
1950.5
1950.5
1950.5
1950.5
1950.6
1950.7
1950.7
1950.7
1950.7
1950.9
1951.1
1951.2
1951.4
1951.5
1951.6
1951.8
1951.8
1952.0
1952.0
1952.1
1952.1
1952.2
1952.4
1952.4
1952.7
1952.7
1952.8
1952.8
1952.9
1953.2
1953.4
1953.4
1953.4
1953.6
1953.6
1953.7
1953.9
1953.9
1954.0
1954.4
1954.4
1954.5
1954.9
1955.0
1955.1
1955.2
1955.3
1955.4
1955.6
1955.8
1956.1
1956.2
1958.0
1958.0
1958.4
1958.5
1959.7
1961.3
1963.2
1963.2
1964.4
1964.8
1970.7
1975.7
1979.7
1980.1
1998.9
2047.6
2047.6
2047.6
2047.6
2047.6
2047.6
2047.6
2047.6
2047.6
2047.6
2047.6
2047.6
2047.6
2047.6
2047.6
2047.6
2047.6
2047.6
2047.6
2047.6
2047.6
2047.6
2047.6
2047.6
2047.6
2047.6
2047.6
2047.6
2047.6
2047.6
2047.6
2047.6
2047.6
2047.6
2047.6
2047.6
2047.6
2047.6
2047.6
2047.6
2047.6
2047.6
2047.6
2047.6
2047.6
2047.6
2047.6
2047.6
2047.6
2047.6
2047.6
2047.6
2047.6
2047.6
2047.6
2047.6
2047.6
2047.6
2047.6
2047.7
2047.7
2047.7
2047.7
2047.7
2047.7
2047.7
2047.8
2047.8
2047.8
2047.8
2047.8
2047.8
2047.9
2047.9
2047.9
2048.0
2048.0
2048.0
2048.0
2048.1
2048.1
2048.1
2048.1
2048.1
2048.1
2048.2
2048.3
2048.3
2048.4
2048.5
2048.5
2048.6
2048.7
2048.8
2048.8
2048.9
2049.0
2049.0
2049.0
2049.1
2051.6
2051.6
2051.6
2051.6
2051.6
2051.6
2051.6
2051.6
2051.6
2051.6
2051.6
2051.6
2051.6
2051.6
2051.6
2051.6
2051.6
2051.6
2051.6
2051.6
2051.6
2051.6
2051.6
2051.6
2051.6
2051.6
2051.6
2051.6
2051.6
2051.6
2051.6
2051.6
2051.6
2051.6
2051.6
2051.6
2051.6
2051.6
2051.6
2051.6
2051.6
2051.6
2051.6
2051.6
2051.6
2051.6
2051.6
2051.6
2051.6
2051.6
2051.6
2051.6
2051.6
2051.6
2051.6
2051.6
2051.6
2051.6
2051.6
2051.6
2051.7
2051.7
2051.7
2051.8
2051.8
2051.8
2051.8
2051.8
2051.8
2051.8
2051.8
2051.9
2051.9
2052.1
2052.1
2052.2
2052.2
2052.2
2052.2
2052.2
2052.3
2052.4
2052.4
2052.5
2052.6
2052.6
2052.7
2052.7
2053.0
2053.1
2053.1
2053.2
2053.5
2053.6
2053.9
2054.0
2054.2
2054.2
2054.3
2054.4
2055.2
2055.2
2055.2
2055.2
2055.2
2055.2
2055.2
2055.2
2055.2
2055.2
2055.2
2055.2
2055.2
2055.2
2055.2
2055.2
2055.2
2055.3
2055.3
2055.3
2055.3
2055.3
2055.3
2055.3
2055.3
2055.3
2055.3
2055.3
2055.3
2055.3
2055.3
2055.3
2055.3
2055.3
2055.3
2055.3
2055.3
2055.3
2055.3
2055.3
2055.4
2055.4
2055.4
2055.4
2055.4
2055.4
2055.4
2055.4
2055.4
2055.4
2055.4
2055.4
2055.4
2055.4
2055.5
2055.5
2055.5
2055.5
2055.6
2055.6
2055.6
2055.6
2055.7
2055.7
2055.7
2055.7
2055.8
2055.8
2055.8
2055.8
2055.9
2055.9
2056.0
2056.1
2056.1
2056.3
2056.3
2056.5
2056.5
2056.5
2056.6
2056.6
2056.7
2056.7
2057.0
2057.1
2057.1
2057.3
2057.6
2057.8
2057.9
2058.0
2058.6
2058.7
2059.2
2059.3
2059.3
2059.3
2059.3
2059.3
2059.3
2059.3
2059.3
2059.4
2059.4
2059.4
2059.4
2059.4
2059.4
2059.5
2059.5
2059.5
2059.5
2059.5
2059.5
2059.5
2059.5
2059.5
2059.5
2059.5
2059.5
2059.5
2059.6
2059.6
2059.6
2059.6
2059.6
2059.6
2059.6
2059.6
2059.6
2059.6
2059.7
2059.7
2059.7
2059.7
2059.7
2059.7
2059.8
2059.8
2059.8
2059.8
2059.8
2059.8
2059.9
2059.9
2059.9
2059.9
2059.9
2059.9
2059.9
2060.0
2060.0
2060.0
2060.0
2060.0
2060.1
2060.1
2060.1
2060.2
2060.2
2060.3
2060.3
2060.3
2060.4
2060.4
2060.5
2060.6
2060.7
2060.7
2060.9
2061.0
2061.0
2061.1
2061.1
2061.4
2061.6
2061.7
2061.9
2062.0
2062.0
2062.0
2062.1
2062.4
2062.5
2063.0
2063.4
2063.8
2063.9
2064.2
2065.1
2065.2
2065.2
2065.5
2065.6
2065.6
2065.7
2065.8
2065.8
2065.8
2065.9
2065.9
2065.9
2065.9
2065.9
2066.0
2066.0
2066.1
2066.1
2066.1
2066.2
2066.2
2066.2
2066.3
2066.3
2066.3
2066.4
2066.5
2066.5
2066.5
2066.5
2066.5
2066.6
2066.6
2066.6
2066.7
2066.7
2066.7
2066.7
2066.7
2066.7
2066.8
2066.8
2066.8
2066.8
2066.8
2066.9
2067.0
2067.0
2067.0
2067.0
2067.1
2067.2
2067.2
2067.2
2067.3
2067.3
2067.4
2067.5
2067.6
2067.7
2067.7
2067.8
2067.9
2067.9
2068.0
2068.0
2068.1
2068.1
2068.4
2068.5
2068.6
2068.7
2068.9
2069.0
2069.0
2069.3
2069.5
2070.1
2070.3
2070.4
2070.8
2070.8
2071.5
2071.7
2071.9
2072.0
2072.3
2072.6
2072.7
2073.2
2073.3
2075.0
2075.4
2076.0
2079.5
2088.9
2090.1
2091.3
2214.7
2214.7
2214.7
2214.7
2214.7
2214.7
2214.7
2214.7
2214.7
2214.7
2214.7
2214.7
2214.7
2214.7
2214.7
2214.7
2214.7
2214.7
2214.7
2214.7
2214.7
2214.7
2214.7
2214.7
2214.7
2214.7
2214.7
2214.7
2214.7
2214.7
2214.7
2214.7
2214.7
2214.7
2214.7
2214.7
2214.7
2214.7
2214.7
2214.7
2214.7
2214.7
2214.7
2214.7
2214.7
2214.7
2214.7
2214.8
2214.8
2214.8
2214.8
2214.8
2214.8
2214.8
2214.8
2214.8
2214.8
2214.8
2214.8
2214.8
2214.8
2214.8
2214.8
2214.8
2214.8
2214.8
2214.8
2214.8
2214.8
2214.8
2214.9
2214.9
2214.9
2214.9
2214.9
2214.9
2214.9
2214.9
2215.0
2215.0
2215.0
2215.1
2215.1
2215.1
2215.1
2215.1
2215.1
2215.1
2215.2
2215.2
2215.2
2215.2
2215.3
2215.3
2215.4
2215.4
2215.4
2215.4
2215.4
2215.5
2218.7
2218.7
2218.7
2218.8
2218.8
2218.8
2218.8
2218.8
2218.8
2218.8
2218.8
2218.8
2218.8
2218.8
2218.8
2218.8
2218.8
2218.8
2218.8
2218.8
2218.8
2218.8
2218.8
2218.8
2218.8
2218.8
2218.8
2218.8
2218.8
2218.8
2218.8
2218.8
2218.8
2218.8
2218.8
2218.8
2218.8
2218.8
2218.8
2218.8
2218.8
2218.8
2218.8
2218.8
2218.8
2218.8
2218.8
2218.8
2218.8
2218.8
2218.9
2218.9
2218.9
2218.9
2218.9
2218.9
2218.9
2218.9
2218.9
2218.9
2218.9
2218.9
2218.9
2218.9
2218.9
2219.0
2219.0
2219.0
2219.1
2219.1
2219.1
2219.2
2219.3
2219.3
2219.3
2219.4
2219.4
2219.4
2219.5
2219.6
2219.6
2219.7
2219.7
2219.8
2219.9
2219.9
2219.9
2219.9
2220.1
2220.1
2220.2
2220.3
2220.4
2220.5
2220.7
2220.8
2220.8
2221.0
2221.0
2221.0
2222.4
2222.4
2222.4
2222.4
2222.4
2222.4
2222.4
2222.5
2222.5
2222.5
2222.5
2222.5
2222.5
2222.5
2222.5
2222.5
2222.5
2222.5
2222.5
2222.5
2222.5
2222.5
2222.6
2222.6
2222.6
2222.6
2222.6
2222.6
2222.6
2222.6
2222.6
2222.6
2222.6
2222.6
2222.6
2222.6
2222.6
2222.6
2222.6
2222.6
2222.7
2222.7
2222.7
2222.7
2222.7
2222.7
2222.7
2222.7
2222.7
2222.7
2222.7
2222.7
2222.7
2222.7
2222.8
2222.8
2222.8
2222.8
2222.8
2222.8
2223.0
2223.0
2223.0
2223.1
2223.1
2223.2
2223.2
2223.2
2223.3
2223.3
2223.3
2223.4
2223.6
2223.6
2223.6
2223.8
2223.9
2224.1
2224.3
2224.3
2224.3
2224.3
2224.4
2224.4
2224.6
2224.8
2225.0
2225.1
2225.3
2225.5
2225.7
2225.9
2226.3
2226.4
2226.6
2226.8
2227.0
2227.0
2227.2
2227.3
2227.3
2227.3
2227.3
2227.3
2227.4
2227.4
2227.4
2227.4
2227.4
2227.4
2227.5
2227.5
2227.6
2227.6
2227.6
2227.6
2227.6
2227.6
2227.6
2227.6
2227.6
2227.7
2227.7
2227.7
2227.7
2227.7
2227.7
2227.8
2227.8
2227.8
2227.8
2227.8
2227.8
2227.8
2227.8
2227.8
2227.8
2227.8
2227.8
2227.9
2227.9
2227.9
2227.9
2227.9
2227.9
2228.0
2228.0
2228.0
2228.1
2228.1
2228.1
2228.1
2228.2
2228.2
2228.2
2228.2
2228.3
2228.3
2228.3
2228.4
2228.4
2228.7
2228.7
2228.7
2228.7
2228.8
2228.9
2229.0
2229.2
2229.2
2229.5
2229.6
2229.9
2230.0
2230.0
2230.3
2230.5
2230.9
2230.9
2231.1
2231.1
2231.1
2231.5
2231.6
2232.1
2232.7
2233.4
2233.6
2234.1
2234.1
2236.0
2236.3
2236.6
2236.8
2237.3
2237.4
2237.5
2237.6
2237.8
2237.8
2237.9
2238.1
2238.1
2238.2
2238.2
2238.3
2238.4
2238.4
2238.4
2238.5
2238.6
2238.6
2238.7
2238.9
2238.9
2239.1
2239.1
2239.1
2239.5
2239.8
2239.8
2239.8
2239.9
2239.9
2240.0
2240.0
2240.0
2240.1
2240.1
2240.1
2240.3
2240.3
2240.5
2240.6
2240.6
2240.6
2240.7
2240.7
2240.8
2240.8
2240.9
2241.0
2241.0
2241.1
2241.7
2241.7
2241.9
2242.1
2242.4
2242.6
2242.7
2242.8
2243.0
2243.5
2244.5
2245.1
2245.2
2245.5
2245.8
2245.9
2246.0
2246.0
2246.1
2246.2
2247.2
2248.1
2249.3
2254.2
2257.5
2258.9
2266.6
2266.6
2266.8
2266.8
2266.9
2266.9
2266.9
2266.9
2266.9
2266.9
2266.9
2266.9
2266.9
2266.9
2266.9
2266.9
2266.9
2266.9
2266.9
2266.9
2267.0
2267.0
2267.0
2267.0
2267.0
2267.0
2267.0
2267.0
2267.0
2267.0
2267.0
2267.0
2267.0
2267.0
2267.0
2267.0
2267.0
2267.0
2267.0
2267.0
2267.0
2267.0
2267.0
2267.0
2267.0
2267.0
2267.0
2267.0
2267.0
2267.0
2267.0
2267.0
2267.0
2267.0
2267.0
2267.0
2267.0
2267.0
2267.0
2267.0
2267.0
2267.0
2267.0
2267.1
2267.1
2267.1
2267.1
2267.1
2267.1
2267.1
2267.1
2267.1
2267.1
2267.1
2267.2
2267.2
2267.2
2267.2
2267.2
2267.2
2267.3
2267.3
2267.3
2267.3
2267.4
2267.4
2267.4
2267.5
2267.5
2267.5
2267.6
2267.8
2267.8
2267.8
2268.0
2268.0
2268.1
2268.2
2268.3
2268.3
2272.9
2273.0
2273.4
2273.4
2273.5
2273.5
2273.5
2273.5
2273.5
2273.5
2273.5
2273.6
2273.6
2273.6
2273.6
2273.6
2273.6
2273.6
2273.6
2273.6
2273.6
2273.6
2273.6
2273.7
2273.7
2273.7
2273.7
2273.7
2273.7
2273.7
2273.7
2273.7
2273.7
2273.8
2273.8
2273.8
2273.9
2273.9
2273.9
2273.9
2273.9
2273.9
2273.9
2273.9
2273.9
2273.9
2274.0
2274.0
2274.0
2274.0
2274.0
2274.0
2274.0
2274.0
2274.0
2274.0
2274.1
2274.1
2274.1
2274.2
2274.2
2274.2
2274.2
2274.2
2274.2
2274.3
2274.3
2274.3
2274.3
2274.4
2274.4
2274.6
2274.6
2274.8
2274.9
2274.9
2275.0
2275.1
2275.1
2276.0
2276.2
2276.5
2276.6
2276.7
2276.8
2277.0
2277.5
2277.5
2277.8
2277.9
2278.1
2278.5
2278.9
2279.0
2279.0
2279.0
2279.0
2279.0
2279.0
2279.0
2279.0
2279.0
2279.1
2279.1
2279.1
2279.2
2279.2
2279.3
2279.3
2279.3
2279.3
2279.3
2279.3
2279.3
2279.4
2279.4
2279.5
2279.5
2279.5
2279.5
2279.5
2279.5
2279.5
2279.6
2279.6
2279.6
2279.7
2279.9
2279.9
2279.9
2279.9
2280.0
2280.0
2280.0
2280.1
2280.1
2280.2
2280.2
2280.2
2280.3
2280.3
2280.4
2280.4
2280.4
2280.5
2280.5
2280.6
2280.7
2280.7
2280.7
2280.9
2280.9
2281.0
2281.0
2281.1
2281.1
2281.1
2281.3
2281.3
2281.4
2281.6
2281.6
2281.6
2281.7
2281.7
2281.8
2282.1
2282.2
2282.2
2282.9
2283.2
2283.3
2283.5
2283.8
2283.8
2283.8
2284.2
2284.8
2284.9
2285.0
2285.0
2285.3
2285.3
2285.4
2285.4
2285.4
2285.4
2285.5
2285.5
2285.5
2285.5
2285.6
2285.7
2285.7
2285.9
2285.9
2286.2
2286.3
2286.4
2286.4
2286.4
2286.5
2286.5
2286.5
2286.5
2286.6
2286.9
2287.0
2287.0
2287.2
2287.2
2287.3
2287.4
2287.5
2287.6
2287.8
2287.8
2287.8
2287.8
2287.9
2287.9
2288.1
2288.2
2288.2
2288.3
2288.8
2288.8
2288.9
2289.0
2289.0
2289.0
2289.1
2289.4
2289.6
2289.6
2289.8
2289.9
2290.1
2290.3
2290.4
2290.4
2290.5
2290.8
2290.9
2290.9
2291.0
2291.3
2291.3
2292.7
2293.0
2293.2
2293.3
2294.2
2295.3
2295.9
2296.5
2296.5
2296.9
2297.4
2301.4
2302.7
2304.1
2304.1
2306.0
2306.9
2307.5
2309.1
2309.1
2311.0
2315.4
2316.5
2316.8
2321.0
2384.0
2384.0
2384.0
2384.0
2384.0
2384.0
2384.0
2384.0
2384.0
2384.0
2384.0
2384.0
2384.0
2384.0
2384.0
2384.0
2384.0
2384.0
2384.0
2384.0
2384.0
2384.0
2384.0
2384.0
2384.0
2384.0
2384.1
2384.1
2384.1
2384.1
2384.1
2384.1
2384.1
2384.1
2384.1
2384.1
2384.1
2384.1
2384.1
2384.1
2384.1
2384.1
2384.1
2384.1
2384.1
2384.1
2384.1
2384.1
2384.1
2384.1
2384.1
2384.1
2384.1
2384.1
2384.1
2384.1
2384.1
2384.1
2384.1
2384.1
2384.1
2384.1
2384.1
2384.1
2384.1
2384.2
2384.2
2384.2
2384.3
2384.3
2384.3
2384.3
2384.3
2384.3
2384.4
2384.4
2384.5
2384.5
2384.5
2384.5
2384.5
2384.6
2384.6
2384.6
2384.6
2384.6
2384.8
2384.8
2384.8
2385.0
2385.0
2385.1
2385.2
2385.2
2385.2
2385.4
2385.5
2385.5
2385.5
2385.6
2387.9
2387.9
2387.9
2387.9
2387.9
2387.9
2387.9
2387.9
2387.9
2387.9
2387.9
2387.9
2387.9
2387.9
2387.9
2388.0
2388.0
2388.0
2388.0
2388.0
2388.0
2388.0
2388.0
2388.0
2388.0
2388.0
2388.0
2388.0
2388.0
2388.0
2388.0
2388.0
2388.0
2388.0
2388.0
2388.0
2388.0
2388.0
2388.0
2388.0
2388.0
2388.0
2388.0
2388.0
2388.0
2388.0
2388.0
2388.0
2388.0
2388.0
2388.0
2388.0
2388.0
2388.0
2388.0
2388.0
2388.0
2388.0
2388.0
2388.0
2388.0
2388.1
2388.1
2388.1
2388.1
2388.1
2388.1
2388.1
2388.1
2388.2
2388.2
2388.2
2388.3
2388.5
2388.6
2388.6
2388.6
2388.6
2388.7
2388.7
2388.8
2388.8
2388.8
2388.9
2389.0
2389.0
2389.2
2389.3
2389.4
2389.6
2389.6
2389.8
2390.1
2390.2
2390.5
2390.6
2390.8
2390.9
2390.9
2391.0
2391.5
2391.5
2391.5
2391.5
2391.5
2391.6
2391.6
2391.6
2391.6
2391.6
2391.6
2391.6
2391.6
2391.6
2391.6
2391.6
2391.6
2391.6
2391.6
2391.6
2391.6
2391.6
2391.6
2391.6
2391.6
2391.6
2391.6
2391.6
2391.6
2391.6
2391.6
2391.7
2391.7
2391.7
2391.7
2391.7
2391.7
2391.7
2391.7
2391.7
2391.7
2391.7
2391.7
2391.7
2391.7
2391.7
2391.7
2391.7
2391.8
2391.8
2391.8
2391.8
2391.8
2391.8
2391.8
2391.8
2391.8
2391.9
2391.9
2391.9
2391.9
2392.0
2392.0
2392.0
2392.1
2392.1
2392.1
2392.1
2392.1
2392.1
2392.3
2392.3
2392.3
2392.5
2392.5
2392.7
2392.7
2392.9
2392.9
2392.9
2393.0
2393.0
2393.0
2393.1
2393.4
2393.5
2393.6
2393.7
2394.2
2394.3
2394.4
2394.5
2395.2
2395.3
2395.6
2395.6
2395.6
2395.7
2395.7
2395.7
2395.7
2395.7
2395.7
2395.7
2395.7
2395.8
2395.8
2395.8
2395.8
2395.8
2395.8
2395.8
2395.8
2395.8
2395.9
2395.9
2395.9
2395.9
2395.9
2395.9
2395.9
2395.9
2395.9
2395.9
2395.9
2395.9
2395.9
2396.0
2396.0
2396.0
2396.0
2396.0
2396.0
2396.0
2396.0
2396.0
2396.0
2396.1
2396.1
2396.1
2396.1
2396.1
2396.2
2396.2
2396.2
2396.2
2396.2
2396.2
2396.2
2396.2
2396.3
2396.3
2396.3
2396.3
2396.4
2396.4
2396.4
2396.4
2396.6
2396.6
2396.6
2396.7
2396.7
2396.7
2396.7
2396.9
2396.9
2396.9
2397.0
2397.0
2397.3
2397.3
2397.4
2397.4
2397.4
2397.8
2398.0
2398.2
2398.2
2398.3
2398.3
2398.4
2398.4
2398.8
2398.9
2399.5
2399.7
2400.3
2400.5
2400.9
2401.5
2401.7
2401.8
2401.8
2401.8
2401.9
2402.0
2402.0
2402.0
2402.1
2402.1
2402.1
2402.1
2402.2
2402.2
2402.2
2402.3
2402.4
2402.4
2402.4
2402.5
2402.5
2402.5
2402.5
2402.5
2402.5
2402.7
2402.7
2402.7
2402.7
2402.8
2402.8
2402.8
2402.9
2402.9
2402.9
2402.9
2403.0
2403.0
2403.0
2403.0
2403.0
2403.1
2403.1
2403.1
2403.3
2403.3
2403.3
2403.3
2403.3
2403.4
2403.4
2403.4
2403.5
2403.5
2403.5
2403.5
2403.6
2403.8
2403.9
2403.9
2404.0
2404.1
2404.1
2404.2
2404.2
2404.3
2404.4
2404.6
2404.8
2404.9
2405.0
2405.2
2405.2
2405.6
2405.6
2405.6
2406.1
2406.4
2406.5
2406.6
2406.9
2406.9
2407.7
2408.1
2408.3
2408.9
2409.0
2409.3
2409.5
2409.5
2409.9
2411.2
2411.9
2412.5
2417.0
2425.6
2425.8
2439.6
2551.0
2551.0
2551.0
2551.0
2551.0
2551.0
2551.0
2551.0
2551.0
2551.0
2551.1
2551.1
2551.1
2551.1
2551.1
2551.1
2551.1
2551.1
2551.1
2551.1
2551.1
2551.1
2551.1
2551.1
2551.1
2551.1
2551.1
2551.1
2551.1
2551.1
2551.1
2551.1
2551.1
2551.1
2551.1
2551.1
2551.1
2551.1
2551.1
2551.1
2551.1
2551.1
2551.1
2551.1
2551.1
2551.1
2551.1
2551.1
2551.1
2551.1
2551.1
2551.1
2551.1
2551.1
2551.1
2551.1
2551.1
2551.1
2551.1
2551.1
2551.1
2551.1
2551.1
2551.1
2551.1
2551.1
2551.1
2551.1
2551.2
2551.2
2551.2
2551.2
2551.2
2551.2
2551.3
2551.3
2551.3
2551.3
2551.3
2551.4
2551.4
2551.4
2551.4
2551.4
2551.4
2551.4
2551.5
2551.5
2551.5
2551.5
2551.5
2551.6
2551.6
2551.6
2551.7
2551.8
2551.8
2551.8
2551.8
2551.8
2555.1
2555.1
2555.1
2555.1
2555.1
2555.1
2555.1
2555.1
2555.1
2555.1
2555.1
2555.1
2555.1
2555.1
2555.1
2555.1
2555.1
2555.1
2555.1
2555.1
2555.1
2555.1
2555.1
2555.1
2555.1
2555.1
2555.1
2555.1
2555.1
2555.1
2555.1
2555.1
2555.1
2555.1
2555.1
2555.1
2555.1
2555.2
2555.2
2555.2
2555.2
2555.2
2555.2
2555.2
2555.2
2555.2
2555.2
2555.2
2555.2
2555.2
2555.2
2555.2
2555.2
2555.2
2555.2
2555.2
2555.2
2555.2
2555.2
2555.2
2555.2
2555.3
2555.3
2555.3
2555.3
2555.3
2555.3
2555.4
2555.4
2555.4
2555.5
2555.5
2555.6
2555.7
2555.7
2555.7
2555.8
2555.8
2555.9
2555.9
2555.9
2556.1
2556.1
2556.1
2556.2
2556.2
2556.3
2556.3
2556.5
2556.5
2556.6
2556.7
2556.8
2556.9
2557.1
2557.2
2557.2
2557.3
2557.3
2557.4
2558.7
2558.7
2558.7
2558.8
2558.8
2558.8
2558.8
2558.8
2558.8
2558.8
2558.8
2558.8
2558.8
2558.8
2558.8
2558.8
2558.9
2558.9
2558.9
2558.9
2558.9
2558.9
2558.9
2558.9
2558.9
2558.9
2558.9
2558.9
2558.9
2558.9
2558.9
2558.9
2558.9
2558.9
2558.9
2558.9
2559.0
2559.0
2559.0
2559.0
2559.0
2559.0
2559.0
2559.0
2559.0
2559.0
2559.0
2559.0
2559.0
2559.0
2559.0
2559.1
2559.1
2559.1
2559.1
2559.1
2559.1
2559.1
2559.2
2559.2
2559.3
2559.3
2559.3
2559.4
2559.4
2559.5
2559.5
2559.6
2559.6
2559.6
2559.7
2559.8
2559.9
2560.0
2560.0
2560.2
2560.2
2560.4
2560.6
2560.6
2560.6
2560.7
2560.8
2560.8
2561.0
2561.1
2561.4
2561.4
2561.7
2561.8
2562.1
2562.3
2562.7
2562.7
2562.9
2563.1
2563.3
2563.4
2563.5
2563.6
2563.6
2563.6
2563.6
2563.7
2563.7
2563.7
2563.7
2563.7
2563.7
2563.8
2563.8
2563.8
2563.9
2563.9
2563.9
2563.9
2563.9
2563.9
2563.9
2563.9
2564.0
2564.0
2564.0
2564.0
2564.0
2564.0
2564.0
2564.1
2564.1
2564.1
2564.1
2564.1
2564.1
2564.1
2564.1
2564.1
2564.1
2564.2
2564.2
2564.2
2564.2
2564.2
2564.2
2564.2
2564.2
2564.3
2564.3
2564.3
2564.4
2564.4
2564.4
2564.4
2564.5
2564.5
2564.5
2564.5
2564.6
2564.6
2564.6
2564.7
2564.8
2565.0
2565.0
2565.0
2565.0
2565.1
2565.3
2565.4
2565.5
2565.5
2565.9
2565.9
2566.2
2566.2
2566.3
2566.7
2566.8
2567.2
2567.3
2567.4
2567.5
2567.5
2567.8
2567.9
2568.4
2569.0
2569.9
2570.0
2570.3
2570.5
2572.3
2572.7
2572.9
2573.1
2573.7
2573.7
2573.8
2573.9
2574.1
2574.1
2574.3
2574.4
2574.5
2574.5
2574.5
2574.6
2574.7
2574.7
2574.7
2574.7
2574.9
2574.9
2574.9
2575.1
2575.2
2575.3
2575.3
2575.7
2575.7
2576.0
2576.0
2576.1
2576.1
2576.1
2576.2
2576.2
2576.2
2576.2
2576.3
2576.3
2576.4
2576.5
2576.5
2576.8
2576.8
2576.9
2576.9
2577.0
2577.0
2577.1
2577.1
2577.2
2577.2
2577.3
2577.7
2577.9
2578.0
2578.3
2578.5
2578.9
2579.0
2579.1
2579.2
2579.6
2580.5
2581.0
2581.3
2581.6
2581.9
2581.9
2582.0
2582.2
2582.2
2582.3
2583.3
2584.2
2584.9
2589.7
2592.4
2593.5
2603.6
2603.7
2603.8
2603.8
2603.9
2603.9
2603.9
2603.9
2603.9
2603.9
2603.9
2603.9
2603.9
2603.9
2603.9
2604.0
2604.0
2604.0
2604.0
2604.0
2604.0
2604.0
2604.0
2604.0
2604.0
2604.0
2604.0
2604.0
2604.0
2604.0
2604.0
2604.0
2604.0
2604.0
2604.0
2604.0
2604.0
2604.0
2604.0
2604.0
2604.0
2604.0
2604.0
2604.0
2604.0
2604.0
2604.0
2604.0
2604.0
2604.0
2604.0
2604.0
2604.0
2604.0
2604.0
2604.0
2604.0
2604.0
2604.0
2604.0
2604.0
2604.1
2604.1
2604.1
2604.1
2604.1
2604.1
2604.1
2604.1
2604.1
2604.1
2604.1
2604.1
2604.1
2604.2
2604.2
2604.2
2604.2
2604.2
2604.2
2604.3
2604.3
2604.3
2604.3
2604.4
2604.4
2604.5
2604.5
2604.5
2604.5
2604.6
2604.8
2604.8
2604.8
2605.0
2605.0
2605.1
2605.2
2605.3
2605.3
2609.9
2610.1
2610.4
2610.5
2610.5
2610.5
2610.5
2610.5
2610.5
2610.5
2610.5
2610.6
2610.6
2610.6
2610.6
2610.6
2610.6
2610.6
2610.6
2610.6
2610.6
2610.6
2610.7
2610.7
2610.7
2610.7
2610.7
2610.7
2610.7
2610.7
2610.7
2610.7
2610.7
2610.8
2610.8
2610.8
2610.9
2610.9
2610.9
2610.9
2610.9
2610.9
2610.9
2610.9
2610.9
2611.0
2611.0
2611.0
2611.0
2611.0
2611.0
2611.0
2611.0
2611.0
2611.0
2611.0
2611.1
2611.1
2611.1
2611.2
2611.2
2611.2
2611.2
2611.2
2611.2
2611.2
2611.3
2611.3
2611.4
2611.4
2611.4
2611.6
2611.7
2611.8
2611.9
2611.9
2612.0
2612.1
2612.1
2613.0
2613.3
2613.5
2613.6
2613.8
2613.9
2613.9
2614.6
2614.6
2614.9
2615.0
2615.1
2615.7
2616.1
2616.1
2616.1
2616.1
2616.2
2616.2
2616.2
2616.2
2616.2
2616.2
2616.3
2616.3
2616.3
2616.4
2616.4
2616.5
2616.5
2616.5
2616.5
2616.5
2616.5
2616.5
2616.6
2616.6
2616.6
2616.7
2616.7
2616.7
2616.7
2616.7
2616.7
2616.7
2616.8
2616.8
2617.0
2617.0
2617.1
2617.1
2617.1
2617.2
2617.2
2617.2
2617.3
2617.4
2617.4
2617.4
2617.5
2617.5
2617.5
2617.5
2617.6
2617.7
2617.8
2617.8
2617.9
2618.0
2618.0
2618.0
2618.1
2618.1
2618.2
2618.2
2618.3
2618.3
2618.4
2618.5
2618.7
2618.8
2618.8
2618.9
2618.9
2619.0
2619.0
2619.1
2619.5
2619.5
2619.6
2620.3
2620.3
2620.8
2620.9
2621.2
2621.2
2621.2
2621.7
2622.2
2622.3
2622.3
2622.3
2622.4
2622.6
2622.7
2622.7
2622.7
2622.7
2622.8
2622.8
2622.9
2622.9
2623.0
2623.0
2623.0
2623.2
2623.3
2623.6
2623.7
2623.8
2623.8
2623.8
2623.9
2623.9
2623.9
2624.0
2624.0
2624.2
2624.3
2624.4
2624.7
2624.7
2624.9
2625.0
2625.0
2625.2
2625.4
2625.4
2625.4
2625.5
2625.6
2625.7
2625.9
2626.0
2626.3
2626.3
2626.6
2626.7
2626.7
2626.9
2626.9
2626.9
2627.0
2627.3
2627.3
2627.6
2627.6
2627.8
2627.8
2628.2
2628.3
2628.4
2628.5
2628.7
2628.7
2628.9
2629.0
2629.5
2629.5
2631.2
2631.3
2631.8
2632.2
2633.3
2634.1
2635.5
2636.9
2637.0
2637.7
2640.6
2647.8
2660.7
2720.1
2720.2
2720.2
2720.2
2720.2
2720.2
2720.2
2720.2
2720.2
2720.2
2720.2
2720.2
2720.2
2720.2
2720.2
2720.2
2720.2
2720.2
2720.2
2720.2
2720.2
2720.2
2720.2
2720.2
2720.2
2720.2
2720.2
2720.2
2720.2
2720.2
2720.2
2720.2
2720.2
2720.2
2720.2
2720.2
2720.3
2720.3
2720.3
2720.3
2720.3
2720.3
2720.3
2720.3
2720.3
2720.3
2720.3
2720.3
2720.3
2720.3
2720.3
2720.3
2720.3
2720.3
2720.3
2720.3
2720.3
2720.3
2720.3
2720.3
2720.3
2720.3
2720.3
2720.3
2720.4
2720.4
2720.4
2720.4
2720.4
2720.4
2720.4
2720.5
2720.5
2720.6
2720.6
2720.6
2720.6
2720.7
2720.7
2720.7
2720.7
2720.7
2720.7
2720.8
2720.8
2720.8
2721.0
2721.0
2721.0
2721.1
2721.2
2721.2
2721.3
2721.4
2721.4
2721.5
2721.6
2721.6
2721.7
2721.7
2724.2
2724.2
2724.3
2724.3
2724.3
2724.3
2724.3
2724.3
2724.3
2724.3
2724.3
2724.3
2724.3
2724.3
2724.3
2724.3
2724.3
2724.3
2724.3
2724.3
2724.3
2724.3
2724.3
2724.3
2724.3
2724.3
2724.3
2724.3
2724.3
2724.3
2724.3
2724.3
2724.3
2724.3
2724.3
2724.3
2724.3
2724.3
2724.3
2724.3
2724.3
2724.3
2724.3
2724.3
2724.3
2724.3
2724.3
2724.3
2724.3
2724.3
2724.3
2724.3
2724.3
2724.3
2724.3
2724.3
2724.3
2724.3
2724.3
2724.3
2724.3
2724.4
2724.4
2724.4
2724.4
2724.4
2724.4
2724.4
2724.5
2724.5
2724.5
2724.5
2724.6
2724.8
2724.8
2724.8
2724.9
2724.9
2724.9
2724.9
2725.0
2725.0
2725.1
2725.1
2725.2
2725.3
2725.3
2725.4
2725.6
2725.7
2725.7
2725.8
2726.1
2726.2
2726.5
2726.7
2726.8
2726.8
2726.9
2727.0
2727.8
2727.8
2727.8
2727.8
2727.9
2727.9
2727.9
2727.9
2727.9
2727.9
2727.9
2727.9
2727.9
2727.9
2727.9
2727.9
2727.9
2727.9
2727.9
2727.9
2727.9
2727.9
2727.9
2727.9
2728.0
2728.0
2728.0
2728.0
2728.0
2728.0
2728.0
2728.0
2728.0
2728.0
2728.0
2728.0
2728.0
2728.0
2728.0
2728.0
2728.0
2728.0
2728.0
2728.0
2728.1
2728.1
2728.1
2728.1
2728.1
2728.1
2728.1
2728.1
2728.1
2728.1
2728.1
2728.1
2728.2
2728.2
2728.2
2728.3
2728.3
2728.3
2728.3
2728.4
2728.4
2728.4
2728.4
2728.5
2728.5
2728.5
2728.6
2728.6
2728.6
2728.8
2728.8
2729.0
2729.0
2729.2
2729.2
2729.2
2729.2
2729.3
2729.3
2729.4
2729.6
2729.7
2729.8
2729.9
2730.3
2730.4
2730.6
2730.6
2731.2
2731.3
2731.9
2731.9
2731.9
2731.9
2731.9
2731.9
2732.0
2732.0
2732.0
2732.1
2732.1
2732.1
2732.1
2732.1
2732.1
2732.1
2732.1
2732.1
2732.2
2732.2
2732.2
2732.2
2732.2
2732.2
2732.2
2732.2
2732.2
2732.2
2732.3
2732.3
2732.3
2732.3
2732.3
2732.3
2732.3
2732.3
2732.3
2732.3
2732.3
2732.3
2732.4
2732.4
2732.4
2732.4
2732.4
2732.4
2732.5
2732.5
2732.5
2732.5
2732.5
2732.5
2732.6
2732.6
2732.6
2732.6
2732.6
2732.6
2732.6
2732.7
2732.7
2732.7
2732.7
2732.8
2732.8
2732.8
2732.9
2733.0
2733.0
2733.0
2733.0
2733.1
2733.2
2733.3
2733.4
2733.4
2733.6
2733.7
2733.7
2733.7
2733.8
2734.1
2734.2
2734.4
2734.5
2734.6
2734.6
2734.7
2734.7
2735.1
2735.2
2735.6
2736.0
2736.4
2736.5
2736.8
2737.6
2737.8
2737.9
2738.2
2738.2
2738.3
2738.3
2738.4
2738.5
2738.5
2738.6
2738.6
2738.6
2738.6
2738.7
2738.7
2738.7
2738.8
2738.8
2738.8
2738.9
2738.9
2738.9
2738.9
2738.9
2739.0
2739.1
2739.1
2739.1
2739.1
2739.2
2739.2
2739.2
2739.2
2739.2
2739.3
2739.4
2739.4
2739.4
2739.4
2739.5
2739.5
2739.5
2739.5
2739.5
2739.5
2739.6
2739.7
2739.7
2739.7
2739.7
2739.7
2739.9
2739.9
2739.9
2739.9
2740.0
2740.0
2740.1
2740.2
2740.4
2740.4
2740.5
2740.5
2740.6
2740.6
2740.7
2740.7
2740.7
2740.9
2741.1
2741.3
2741.4
2741.4
2741.6
2741.6
2741.9
2742.1
2742.7
2743.0
2743.0
2743.4
2743.4
2744.2
2744.2
2744.3
2744.6
2744.6
2745.2
2745.3
2745.9
2746.0
2747.7
2748.1
2748.5
2751.2
2758.5
2761.5
2762.0
2887.3
2887.3
2887.3
2887.3
2887.3
2887.3
2887.3
2887.3
2887.3
2887.3
2887.3
2887.3
2887.3
2887.3
2887.3
2887.3
2887.3
2887.3
2887.3
2887.3
2887.3
2887.3
2887.3
2887.3
2887.3
2887.3
2887.3
2887.3
2887.3
2887.3
2887.3
2887.3
2887.3
2887.3
2887.3
2887.3
2887.4
2887.4
2887.4
2887.4
2887.4
2887.4
2887.4
2887.4
2887.4
2887.4
2887.4
2887.4
2887.4
2887.4
2887.4
2887.4
2887.4
2887.4
2887.4
2887.4
2887.4
2887.4
2887.4
2887.4
2887.4
2887.4
2887.4
2887.4
2887.4
2887.4
2887.4
2887.4
2887.5
2887.5
2887.5
2887.5
2887.5
2887.5
2887.5
2887.6
2887.6
2887.6
2887.6
2887.7
2887.7
2887.7
2887.7
2887.7
2887.7
2887.8
2887.8
2887.8
2887.8
2887.8
2887.9
2887.9
2887.9
2888.0
2888.0
2888.1
2888.1
2888.1
2888.1
2888.2
2891.4
2891.4
2891.4
2891.4
2891.4
2891.4
2891.4
2891.4
2891.4
2891.4
2891.4
2891.4
2891.4
2891.4
2891.4
2891.4
2891.4
2891.4
2891.4
2891.4
2891.4
2891.4
2891.4
2891.4
2891.4
2891.4
2891.4
2891.4
2891.4
2891.4
2891.4
2891.4
2891.4
2891.4
2891.4
2891.5
2891.5
2891.5
2891.5
2891.5
2891.5
2891.5
2891.5
2891.5
2891.5
2891.5
2891.5
2891.5
2891.5
2891.5
2891.5
2891.5
2891.5
2891.5
2891.5
2891.5
2891.5
2891.5
2891.5
2891.5
2891.5
2891.6
2891.6
2891.6
2891.6
2891.6
2891.6
2891.7
2891.7
2891.7
2891.8
2891.8
2892.0
2892.0
2892.0
2892.1
2892.1
2892.1
2892.2
2892.3
2892.3
2892.4
2892.4
2892.5
2892.6
2892.6
2892.6
2892.6
2892.8
2892.9
2892.9
2893.1
2893.2
2893.3
2893.5
2893.6
2893.6
2893.7
2893.7
2893.8
2895.0
2895.0
2895.0
2895.1
2895.1
2895.1
2895.1
2895.1
2895.1
2895.1
2895.1
2895.1
2895.1
2895.1
2895.1
2895.1
2895.1
2895.1
2895.2
2895.2
2895.2
2895.2
2895.2
2895.2
2895.2
2895.2
2895.2
2895.2
2895.2
2895.2
2895.2
2895.2
2895.2
2895.2
2895.2
2895.2
2895.2
2895.3
2895.3
2895.3
2895.3
2895.3
2895.3
2895.3
2895.3
2895.3
2895.3
2895.3
2895.3
2895.3
2895.3
2895.4
2895.4
2895.4
2895.4
2895.4
2895.4
2895.4
2895.5
2895.5
2895.6
2895.6
2895.6
2895.7
2895.7
2895.8
2895.8
2895.9
2895.9
2895.9
2896.0
2896.0
2896.2
2896.3
2896.3
2896.5
2896.5
2896.8
2896.9
2896.9
2896.9
2897.0
2897.1
2897.1
2897.3
2897.5
2897.7
2897.7
2898.0
2898.2
2898.4
2898.6
2899.0
2899.0
2899.3
2899.5
2899.7
2899.7
2899.7
2899.8
2899.8
2899.8
2899.8
2899.8
2899.9
2899.9
2899.9
2899.9
2899.9
2900.0
2900.0
2900.0
2900.0
2900.1
2900.1
2900.1
2900.1
2900.1
2900.1
2900.1
2900.1
2900.2
2900.2
2900.2
2900.2
2900.2
2900.2
2900.3
2900.3
2900.3
2900.3
2900.3
2900.3
2900.3
2900.3
2900.3
2900.3
2900.3
2900.4
2900.4
2900.4
2900.4
2900.4
2900.4
2900.4
2900.5
2900.5
2900.5
2900.5
2900.6
2900.6
2900.6
2900.7
2900.7
2900.7
2900.7
2900.7
2900.8
2900.8
2900.9
2900.9
2901.1
2901.2
2901.2
2901.2
2901.3
2901.4
2901.6
2901.6
2901.7
2902.0
2902.0
2902.4
2902.4
2902.4
2902.8
2903.0
2903.4
2903.4
2903.6
2903.6
2903.7
2903.9
2904.1
2904.6
2905.2
2905.9
2906.1
2906.5
2906.6
2908.3
2908.6
2908.6
2908.7
2909.1
2909.2
2909.3
2909.4
2909.5
2909.6
2909.7
2909.8
2909.9
2910.0
2910.0
2910.0
2910.0
2910.0
2910.1
2910.2
2910.2
2910.3
2910.3
2910.3
2910.5
2910.5
2910.6
2911.0
2911.1
2911.1
2911.1
2911.2
2911.2
2911.3
2911.3
2911.3
2911.3
2911.3
2911.4
2911.4
2911.4
2911.4
2911.5
2911.6
2911.8
2911.8
2911.8
2911.8
2912.1
2912.1
2912.1
2912.2
2912.3
2912.6
2912.6
2912.7
2912.8
2912.9
2913.1
2913.2
2913.4
2913.5
2913.5
2913.7
2914.6
2915.1
2915.4
2915.5
2915.5
2915.6
2915.7
2915.7
2915.9
2916.1
2916.3
2917.4
2918.2
2919.8
2922.8
2923.3
2924.9
2925.6
2926.9
2927.5
2938.8
2939.2
2939.5
2939.5
2939.5
2939.5
2939.5
2939.5
2939.5
2939.5
2939.5
2939.5
2939.5
2939.5
2939.5
2939.5
2939.5
2939.5
2939.5
2939.6
2939.6
2939.6
2939.6
2939.6
2939.6
2939.6
2939.6
2939.6
2939.6
2939.6
2939.6
2939.6
2939.6
2939.6
2939.6
2939.6
2939.6
2939.6
2939.6
2939.6
2939.6
2939.6
2939.6
2939.6
2939.6
2939.6
2939.6
2939.6
2939.6
2939.6
2939.6
2939.6
2939.6
2939.6
2939.6
2939.6
2939.6
2939.6
2939.6
2939.6
2939.6
2939.6
2939.6
2939.6
2939.6
2939.6
2939.7
2939.7
2939.7
2939.7
2939.7
2939.7
2939.7
2939.7
2939.8
2939.8
2939.8
2939.8
2939.8
2939.8
2939.8
2939.8
2939.8
2939.9
2939.9
2939.9
2940.0
2940.0
2940.1
2940.1
2940.2
2940.3
2940.4
2940.4
2940.5
2940.6
2940.6
2940.7
2940.8
2940.9
2945.2
2945.9
2946.0
2946.0
2946.0
2946.0
2946.1
2946.1
2946.1
2946.1
2946.1
2946.1
2946.2
2946.2
2946.2
2946.2
2946.2
2946.2
2946.2
2946.2
2946.2
2946.2
2946.3
2946.3
2946.3
2946.3
2946.3
2946.3
2946.3
2946.3
2946.3
2946.3
2946.3
2946.4
2946.4
2946.4
2946.4
2946.4
2946.4
2946.4
2946.5
2946.5
2946.5
2946.5
2946.5
2946.5
2946.5
2946.5
2946.5
2946.6
2946.6
2946.6
2946.6
2946.6
2946.6
2946.6
2946.6
2946.6
2946.7
2946.7
2946.7
2946.7
2946.7
2946.8
2946.8
2946.8
2946.9
2946.9
2947.0
2947.0
2947.1
2947.2
2947.3
2947.4
2947.4
2947.5
2947.6
2947.6
2947.7
2948.2
2948.7
2949.0
2949.0
2949.1
2949.2
2949.2
2950.0
2950.0
2950.3
2950.4
2950.6
2951.0
2951.4
2951.4
2951.5
2951.5
2951.6
2951.6
2951.6
2951.6
2951.6
2951.6
2951.6
2951.7
2951.7
2951.8
2951.8
2951.8
2951.8
2951.9
2951.9
2951.9
2951.9
2951.9
2951.9
2952.0
2952.0
2952.0
2952.0
2952.0
2952.0
2952.0
2952.1
2952.1
2952.1
2952.1
2952.3
2952.4
2952.4
2952.4
2952.4
2952.5
2952.5
2952.5
2952.6
2952.7
2952.7
2952.8
2952.8
2952.9
2953.0
2953.0
2953.0
2953.1
2953.1
2953.2
2953.2
2953.2
2953.2
2953.4
2953.5
2953.5
2953.5
2953.6
2953.6
2953.6
2953.6
2953.7
2953.9
2953.9
2954.0
2954.1
2954.1
2954.1
2954.2
2954.3
2954.7
2954.7
2954.7
2955.4
2955.6
2955.9
2955.9
2956.1
2956.3
2956.3
2956.7
2957.1
2957.5
2957.6
2957.7
2957.9
2958.0
2958.0
2958.0
2958.0
2958.0
2958.0
2958.1
2958.2
2958.2
2958.3
2958.3
2958.4
2958.5
2958.6
2958.9
2959.0
2959.0
2959.0
2959.1
2959.2
2959.2
2959.2
2959.2
2959.3
2959.6
2959.7
2959.8
2959.9
2960.0
2960.0
2960.1
2960.1
2960.3
2960.6
2960.6
2960.6
2960.6
2960.7
2960.7
2960.8
2960.8
2961.0
2961.1
2961.3
2961.7
2961.8
2961.8
2961.9
2961.9
2962.0
2962.1
2962.6
2962.6
2962.6
2963.0
2963.0
2963.2
2963.5
2963.6
2963.6
2963.7
2963.8
2963.9
2964.3
2964.3
2964.4
2966.3
2966.6
2967.0
2967.2
2968.0
2970.8
2971.1
2971.8
2971.9
2973.1
2978.6
2980.0
2983.5
2984.2
