257.5
257.5
257.5
257.5
257.5
257.5
257.5
257.5
257.5
257.5
257.6
257.6
257.6
257.6
257.6
257.6
257.6
257.6
257.6
257.6
257.6
257.6
257.6
257.6
257.6
257.6
257.7
257.7
257.7
257.7
257.7
257.8
257.8
257.9
258.0
258.0
258.0
258.0
258.0
258.0
258.1
258.1
258.1
258.1
258.2
258.2
258.2
258.3
258.3
258.3
258.3
258.4
258.4
258.4
258.5
258.5
258.5
258.6
258.6
258.6
258.6
258.6
258.7
258.7
258.8
258.9
258.9
259.0
259.0
259.1
259.1
259.2
259.2
259.3
259.3
259.4
259.4
259.4
259.5
259.6
259.8
259.8
259.9
260.0
260.0
260.0
260.0
260.0
260.3
260.7
260.9
261.0
261.4
261.5
261.5
261.6
261.6
261.6
261.6
261.6
261.6
261.6
261.6
261.6
261.7
261.7
261.7
261.7
261.7
261.7
261.8
261.8
261.8
261.8
261.8
261.8
261.8
261.9
261.9
261.9
261.9
261.9
261.9
261.9
261.9
262.0
262.0
262.0
262.0
262.1
262.1
262.1
262.2
262.3
262.3
262.3
262.3
262.3
262.3
262.3
262.4
262.4
262.4
262.5
262.5
262.6
262.6
262.6
262.6
262.6
262.6
262.7
262.7
262.7
262.7
262.8
262.8
262.8
262.8
262.8
262.9
263.1
263.1
263.2
263.2
263.3
263.4
263.4
263.6
263.6
263.6
263.6
263.7
263.7
263.7
263.9
264.0
264.2
264.2
264.3
264.3
264.4
264.4
264.4
264.5
264.6
265.0
265.4
266.2
266.2
266.5
266.7
266.7
266.8
266.8
266.8
266.8
266.8
266.9
266.9
266.9
267.0
267.0
267.1
267.1
267.1
267.1
267.1
267.1
267.2
267.2
267.2
267.2
267.2
267.3
267.3
267.3
267.4
267.4
267.4
267.4
267.4
267.5
267.5
267.5
267.5
267.6
267.6
267.6
267.6
267.7
267.7
267.7
267.7
267.7
267.8
267.8
267.8
267.8
267.9
267.9
267.9
267.9
267.9
268.0
268.0
268.0
268.1
268.2
268.2
268.3
268.3
268.3
268.4
268.4
268.4
268.4
268.4
268.4
268.6
268.7
268.8
268.8
268.9
268.9
268.9
268.9
268.9
269.0
269.1
269.5
269.6
269.6
269.6
269.7
269.9
269.9
270.0
270.0
270.0
270.1
270.4
270.4
270.6
271.0
271.4
271.6
272.5
272.7
273.6
273.7
273.9
274.8
275.3
275.9
276.2
276.5
277.1
277.2
277.2
277.4
277.5
277.5
277.8
277.8
278.0
278.0
278.2
278.2
278.3
278.4
278.4
278.5
278.6
278.6
278.8
278.9
278.9
279.2
279.3
279.3
279.4
279.4
279.5
279.7
279.7
279.7
279.7
279.8
279.8
280.0
280.2
280.3
280.4
280.8
280.9
280.9
281.0
281.1
281.2
281.4
281.4
281.5
281.6
281.7
281.7
281.8
281.9
282.0
282.2
282.3
282.4
282.5
282.5
282.6
282.9
283.2
283.2
283.4
283.6
283.7
283.8
283.8
284.0
284.0
284.0
284.7
284.8
285.0
285.1
285.3
285.4
285.8
286.0
286.0
286.9
286.9
287.8
287.9
288.1
289.3
290.0
290.0
290.1
290.9
291.3
291.5
295.0
296.6
297.8
425.6
425.6
425.6
425.6
425.7
425.7
425.7
425.7
425.7
425.7
425.7
425.7
425.7
425.7
425.7
425.8
425.8
425.8
425.8
425.8
425.8
425.8
425.8
425.8
425.8
425.8
425.9
425.9
425.9
425.9
425.9
425.9
425.9
425.9
425.9
425.9
426.0
426.0
426.0
426.0
426.0
426.0
426.1
426.1
426.1
426.1
426.1
426.2
426.2
426.2
426.3
426.3
426.3
426.3
426.4
426.4
426.4
426.4
426.4
426.5
426.5
426.5
426.5
426.6
426.7
426.7
426.7
426.7
426.9
426.9
426.9
427.2
427.2
427.2
427.3
427.4
427.4
427.5
427.5
427.6
427.7
427.8
427.8
427.8
427.9
427.9
428.2
428.5
428.6
429.0
429.3
429.5
429.5
429.6
429.6
429.6
429.6
429.6
429.7
429.7
429.7
429.7
429.7
429.7
429.8
429.8
429.8
429.8
429.8
429.8
429.9
429.9
429.9
429.9
429.9
429.9
429.9
429.9
429.9
430.0
430.0
430.0
430.0
430.0
430.0
430.0
430.0
430.0
430.1
430.1
430.1
430.1
430.1
430.1
430.1
430.1
430.2
430.2
430.3
430.3
430.3
430.3
430.3
430.3
430.4
430.4
430.4
430.4
430.4
430.5
430.5
430.5
430.6
430.8
430.8
430.9
431.0
431.1
431.1
431.2
431.2
431.3
431.4
431.4
431.4
431.5
431.6
431.6
431.6
431.6
431.7
431.8
432.1
432.1
432.5
432.5
432.5
432.8
432.8
432.8
433.0
433.0
433.0
433.1
433.1
433.3
433.8
434.6
434.6
434.7
434.8
434.8
434.9
434.9
434.9
434.9
435.0
435.0
435.1
435.1
435.1
435.1
435.1
435.2
435.2
435.2
435.3
435.3
435.3
435.4
435.4
435.4
435.4
435.4
435.4
435.4
435.4
435.4
435.5
435.6
435.6
435.6
435.6
435.6
435.6
435.7
435.7
435.7
435.7
435.7
435.7
435.7
435.7
435.8
435.8
435.9
436.0
436.0
436.1
436.1
436.1
436.1
436.1
436.1
436.1
436.2
436.2
436.2
436.3
436.4
436.4
436.4
436.5
436.6
436.9
436.9
437.0
437.0
437.0
437.1
437.1
437.2
437.2
437.3
437.3
437.5
437.5
437.5
438.3
438.4
439.1
439.2
439.3
439.4
439.5
439.9
440.2
440.5
440.9
441.4
441.5
442.4
444.8
445.0
445.3
445.6
445.6
445.7
445.8
446.2
446.5
446.6
446.8
447.0
447.2
447.3
447.7
447.8
447.8
447.8
448.0
448.2
448.2
448.5
448.6
448.6
448.7
448.9
449.1
449.1
449.1
449.3
449.3
449.3
449.4
449.5
449.5
449.6
449.6
450.4
450.6
450.9
450.9
451.0
451.1
451.1
451.1
451.2
451.4
451.4
451.6
451.6
451.7
451.7
452.1
452.1
452.1
452.4
452.5
452.5
452.6
452.9
453.0
453.1
453.4
453.5
453.5
453.6
453.7
453.8
453.9
454.6
454.8
455.1
455.4
455.5
455.9
456.1
456.5
456.9
457.8
458.2
458.2
458.5
458.6
458.9
459.8
459.9
460.0
461.9
462.4
464.1
465.0
466.2
467.9
568.4
568.5
568.5
568.5
568.5
568.5
568.5
568.5
568.5
568.5
568.5
568.5
568.5
568.6
568.6
568.6
568.6
568.6
568.6
568.6
568.6
568.6
568.6
568.6
568.7
568.7
568.7
568.7
568.7
568.7
568.7
568.9
568.9
568.9
569.0
569.0
569.0
569.0
569.1
569.1
569.1
569.2
569.2
569.2
569.2
569.3
569.3
569.3
569.3
569.3
569.3
569.4
569.4
569.4
569.4
569.4
569.5
569.5
569.5
569.5
569.5
569.6
569.6
569.6
569.6
569.8
569.9
570.0
570.0
570.0
570.0
570.1
570.2
570.3
570.3
570.3
570.4
570.4
570.6
570.7
570.7
570.7
570.8
570.9
570.9
571.0
571.3
571.5
571.8
572.2
572.3
572.3
572.3
572.4
572.4
572.4
572.4
572.5
572.5
572.5
572.5
572.5
572.5
572.5
572.5
572.5
572.5
572.5
572.6
572.6
572.6
572.6
572.7
572.7
572.7
572.7
572.7
572.7
572.8
572.8
572.8
572.8
572.8
572.9
572.9
572.9
573.0
573.0
573.0
573.0
573.1
573.1
573.1
573.1
573.2
573.2
573.2
573.2
573.2
573.2
573.2
573.4
573.4
573.4
573.4
573.4
573.5
573.5
573.5
573.6
573.6
573.6
573.6
573.8
573.9
573.9
573.9
574.0
574.1
574.2
574.3
574.4
574.4
574.6
574.6
574.6
574.7
574.7
574.7
575.1
575.2
575.4
575.5
575.5
575.6
575.8
575.9
576.0
576.0
576.1
576.1
576.2
576.9
576.9
577.0
577.2
577.2
577.4
577.6
577.6
577.6
577.6
577.6
577.7
577.8
577.8
577.8
577.9
577.9
577.9
577.9
577.9
577.9
578.0
578.0
578.0
578.0
578.1
578.1
578.1
578.1
578.1
578.2
578.2
578.2
578.2
578.3
578.3
578.3
578.3
578.4
578.4
578.4
578.4
578.5
578.5
578.6
578.6
578.6
578.6
578.6
578.6
578.6
578.7
578.7
578.7
578.7
578.8
578.9
578.9
579.0
579.0
579.0
579.0
579.0
579.1
579.1
579.2
579.3
579.3
579.3
579.4
579.5
579.6
579.7
579.7
579.7
579.8
579.9
579.9
580.0
580.1
580.2
580.2
580.2
580.3
580.5
580.6
580.7
580.9
580.9
581.1
581.1
581.4
581.5
581.6
581.7
582.0
582.1
582.7
583.3
583.4
583.6
583.7
584.1
584.3
584.4
584.8
584.8
584.9
585.0
585.1
585.1
585.2
585.2
585.2
585.2
585.3
585.3
585.3
585.4
585.6
585.6
585.6
585.6
585.7
585.7
585.7
585.7
585.8
585.8
585.8
585.9
586.2
586.2
586.2
586.2
586.3
586.3
586.3
586.3
586.3
586.4
586.4
586.4
586.5
586.5
586.5
586.6
586.6
586.7
586.7
586.7
586.7
586.7
586.7
586.7
586.7
586.8
586.8
586.8
586.9
586.9
586.9
586.9
587.0
587.1
587.1
587.1
587.2
587.2
587.2
587.2
587.2
587.2
587.3
587.4
587.4
587.4
587.4
587.4
587.5
587.5
587.5
587.6
587.6
587.6
587.6
587.6
587.7
587.9
588.0
588.1
588.1
588.1
588.3
588.8
588.9
588.9
590.0
590.4
590.4
591.2
592.0
592.7
593.2
593.3
594.2
595.2
595.4
596.5
596.5
597.5
598.4
598.4
599.2
601.0
601.3
601.3
601.3
601.6
601.7
601.9
603.0
603.5
604.3
604.6
605.1
607.5
608.7
609.0
609.0
613.9
616.8
617.0
620.2
707.2
707.2
707.2
707.2
707.2
707.2
707.2
707.2
707.2
707.3
707.3
707.3
707.3
707.3
707.3
707.3
707.3
707.3
707.3
707.3
707.3
707.3
707.3
707.3
707.4
707.4
707.4
707.4
707.4
707.4
707.5
707.5
707.5
707.5
707.5
707.6
707.6
707.6
707.6
707.6
707.7
707.7
707.8
707.8
707.8
707.9
707.9
707.9
707.9
707.9
707.9
708.0
708.1
708.1
708.1
708.1
708.2
708.2
708.3
708.3
708.3
708.3
708.3
708.4
708.5
708.7
708.8
708.8
708.8
708.9
709.0
709.0
709.0
709.2
709.3
709.3
709.3
709.3
709.5
709.6
709.7
709.7
709.8
709.9
710.0
710.0
710.0
710.1
710.3
710.8
710.9
710.9
710.9
711.0
711.0
711.0
711.0
711.0
711.1
711.1
711.1
711.1
711.1
711.1
711.2
711.2
711.2
711.2
711.2
711.2
711.2
711.2
711.2
711.2
711.2
711.3
711.3
711.3
711.3
711.4
711.4
711.4
711.4
711.4
711.4
711.5
711.5
711.5
711.5
711.6
711.6
711.6
711.6
711.6
711.6
711.7
711.7
711.7
711.8
711.8
711.8
711.8
711.9
712.0
712.0
712.1
712.1
712.2
712.2
712.2
712.2
712.2
712.2
712.3
712.3
712.4
712.5
712.5
712.6
712.6
712.7
712.8
712.8
712.9
712.9
713.0
713.0
713.0
713.3
713.3
713.3
713.4
713.4
713.5
713.5
713.7
713.7
713.8
713.9
714.0
714.0
714.0
714.1
714.2
714.3
714.4
714.8
715.2
715.7
715.8
715.9
716.0
716.1
716.1
716.1
716.1
716.1
716.2
716.3
716.3
716.4
716.4
716.4
716.4
716.4
716.4
716.4
716.4
716.5
716.5
716.5
716.5
716.6
716.6
716.6
716.7
716.7
716.7
716.7
716.7
716.7
716.7
716.7
716.8
716.8
716.8
716.8
716.8
716.9
716.9
716.9
716.9
717.0
717.1
717.1
717.1
717.1
717.2
717.2
717.2
717.2
717.2
717.2
717.3
717.3
717.4
717.4
717.4
717.5
717.5
717.6
717.6
717.6
717.6
717.6
717.7
717.7
717.7
717.9
717.9
718.2
718.2
718.2
718.3
718.3
718.3
718.4
718.4
718.5
718.5
718.8
718.8
718.9
718.9
719.0
719.0
719.0
719.1
719.2
719.2
719.2
719.2
719.3
719.4
719.5
720.0
720.1
720.4
721.1
721.6
722.0
722.1
722.3
723.0
723.1
723.2
723.3
723.3
723.4
723.4
723.5
723.6
723.7
723.7
723.7
723.7
723.8
723.8
723.9
724.0
724.0
724.1
724.1
724.2
724.2
724.2
724.2
724.2
724.3
724.4
724.5
724.5
724.6
724.6
724.6
724.6
724.7
724.7
724.8
724.8
724.8
725.0
725.0
725.0
725.1
725.1
725.1
725.2
725.2
725.2
725.2
725.3
725.3
725.3
725.3
725.4
725.4
725.5
725.5
725.5
725.5
725.7
725.7
725.7
725.7
725.8
725.8
725.8
725.8
725.8
725.8
725.9
725.9
725.9
725.9
726.0
726.1
726.1
726.1
726.2
726.2
726.2
726.2
726.3
726.3
726.4
726.4
726.4
726.4
726.4
726.5
726.5
726.7
726.8
727.1
727.3
727.6
728.0
729.0
729.8
730.2
730.2
730.8
736.7
737.8
738.3
738.4
738.9
738.9
739.0
739.1
739.4
739.9
740.1
740.6
740.6
740.6
740.7
741.2
741.4
741.6
742.0
742.1
742.4
742.4
742.5
742.5
742.5
742.6
742.6
742.7
742.7
742.7
742.7
742.8
742.8
742.8
742.8
742.8
742.8
742.8
742.8
742.8
742.8
742.9
742.9
742.9
742.9
742.9
742.9
742.9
743.0
743.0
743.0
743.0
743.1
743.2
743.2
743.2
743.3
743.4
743.4
743.4
743.6
743.7
743.7
743.8
743.8
743.8
743.9
744.0
744.0
744.0
744.2
744.2
744.2
744.2
744.2
744.3
744.4
744.5
744.6
744.6
744.7
744.8
744.8
744.9
745.0
745.0
745.0
745.2
745.2
745.2
745.2
745.3
745.4
745.6
745.6
745.9
745.9
746.0
746.2
746.2
746.2
746.3
746.3
746.3
746.4
746.5
746.5
746.6
746.7
746.7
746.7
746.8
746.8
746.8
746.8
746.9
746.9
746.9
746.9
747.0
747.0
747.0
747.0
747.0
747.0
747.0
747.1
747.1
747.1
747.2
747.2
747.2
747.3
747.3
747.3
747.3
747.3
747.4
747.4
747.4
747.4
747.4
747.6
747.6
747.6
747.7
747.8
747.8
747.9
747.9
747.9
748.0
748.1
748.1
748.1
748.4
748.4
748.6
748.6
748.9
748.9
749.0
749.1
749.3
749.4
749.5
749.5
749.5
749.6
749.9
750.1
750.3
750.4
750.5
750.7
750.7
750.9
751.0
751.0
751.1
751.2
751.3
751.3
751.4
751.4
751.6
751.6
751.7
751.7
751.7
751.8
751.9
751.9
751.9
752.1
752.1
752.1
752.1
752.3
752.3
752.4
752.4
752.4
752.5
752.5
752.5
752.5
752.7
752.7
752.7
752.8
752.9
752.9
752.9
753.0
753.0
753.0
753.1
753.1
753.1
753.2
753.2
753.2
753.4
753.5
753.5
753.6
753.6
753.6
753.7
753.7
753.7
753.8
753.8
754.0
754.0
754.1
754.1
754.3
754.3
754.3
754.3
754.3
754.3
754.4
754.4
754.4
754.8
755.0
755.0
755.2
755.3
755.3
755.4
755.5
755.5
755.6
756.2
756.2
756.6
756.7
756.7
756.7
757.1
757.1
757.3
757.3
758.0
758.1
758.2
758.5
758.6
758.7
758.8
758.8
758.9
759.3
759.3
759.4
759.9
760.5
760.7
760.7
761.2
761.3
761.4
761.5
761.6
761.7
761.8
761.9
762.2
762.3
762.5
762.6
762.6
762.6
762.7
762.7
762.8
762.8
762.9
763.2
763.3
763.6
763.7
763.8
763.9
764.2
764.2
764.5
764.7
765.0
765.1
765.3
765.5
765.6
765.6
765.7
765.7
765.9
766.1
766.1
766.1
766.2
766.2
766.4
766.5
766.5
766.6
766.7
766.7
766.8
766.9
767.0
767.3
767.3
767.6
767.6
767.7
768.3
768.4
768.5
768.5
768.5
769.7
769.7
770.2
770.3
770.4
771.0
771.3
771.6
772.1
774.3
775.5
777.3
778.5
781.8
781.9
784.7
786.0
786.7
789.9
793.4
800.5
872.6
872.6
872.6
872.7
872.7
872.7
872.7
872.7
872.7
872.7
872.7
872.7
872.7
872.7
872.7
872.7
872.7
872.7
872.7
872.7
872.7
872.7
872.7
872.7
872.7
872.7
872.7
872.7
872.7
872.7
872.8
872.8
872.8
872.8
872.8
872.8
872.8
872.8
872.8
872.8
872.8
872.8
872.8
872.8
872.8
872.8
872.8
872.8
872.8
872.8
872.8
872.8
872.8
872.8
872.9
872.9
872.9
872.9
872.9
872.9
872.9
873.0
873.0
873.0
873.0
873.0
873.0
873.1
873.1
873.1
873.2
873.2
873.2
873.2
873.2
873.2
873.3
873.3
873.3
873.3
873.3
873.4
873.5
873.5
873.7
873.8
873.9
873.9
874.2
874.4
874.5
874.7
874.8
875.1
875.1
875.8
875.8
876.1
876.3
876.4
876.4
876.4
876.4
876.4
876.4
876.4
876.4
876.4
876.5
876.5
876.5
876.5
876.5
876.5
876.5
876.5
876.5
876.5
876.6
876.6
876.6
876.6
876.6
876.6
876.6
876.6
876.6
876.6
876.6
876.6
876.6
876.6
876.6
876.7
876.7
876.7
876.7
876.7
876.7
876.7
876.7
876.7
876.7
876.7
876.7
876.7
876.7
876.7
876.8
876.8
876.8
876.8
876.8
876.8
876.8
876.9
876.9
876.9
876.9
876.9
876.9
876.9
876.9
876.9
876.9
876.9
877.0
877.0
877.0
877.0
877.0
877.2
877.2
877.2
877.3
877.3
877.3
877.3
877.3
877.3
877.4
877.4
877.5
877.8
877.8
878.2
878.2
878.3
878.9
878.9
879.5
879.5
880.0
880.6
880.6
881.2
881.4
881.4
881.5
881.5
881.5
881.5
881.5
881.5
881.6
881.6
881.6
881.6
881.7
881.7
881.7
881.7
881.7
881.8
881.8
881.8
881.8
881.8
881.8
881.9
881.9
881.9
881.9
881.9
881.9
881.9
881.9
882.0
882.0
882.0
882.0
882.0
882.0
882.0
882.0
882.1
882.1
882.1
882.1
882.1
882.1
882.1
882.1
882.2
882.2
882.2
882.2
882.2
882.2
882.2
882.2
882.2
882.2
882.3
882.3
882.3
882.3
882.3
882.3
882.3
882.4
882.4
882.4
882.4
882.4
882.5
882.5
882.5
882.5
882.5
882.5
882.5
882.5
882.6
882.7
882.7
882.7
882.7
882.8
882.8
882.9
882.9
883.1
883.6
883.8
883.9
884.0
884.1
884.8
885.3
886.0
886.5
887.6
888.5
888.6
889.4
889.8
889.9
890.0
890.0
890.1
890.1
890.1
890.2
890.2
890.3
890.3
890.4
890.4
890.4
890.5
890.5
890.6
890.6
890.6
890.6
890.6
890.6
890.7
890.8
890.9
890.9
891.0
891.0
891.0
891.0
891.0
891.0
891.1
891.1
891.1
891.1
891.1
891.1
891.1
891.2
891.2
891.2
891.2
891.3
891.3
891.3
891.4
891.4
891.5
891.6
891.6
891.6
891.6
891.6
891.6
891.7
891.7
891.7
891.7
891.7
891.7
891.7
891.8
891.8
891.8
891.9
891.9
891.9
892.0
892.0
892.0
892.0
892.0
892.1
892.1
892.2
892.3
892.4
892.5
892.5
892.6
892.9
893.0
893.0
893.0
893.3
893.4
893.5
893.8
893.9
894.6
894.6
894.7
896.4
896.6
901.7
905.6
906.6
911.6
917.4
922.2
922.3
922.4
922.5
922.5
922.5
922.6
922.6
922.6
922.6
922.6
922.6
922.7
922.7
922.7
922.7
922.7
922.7
922.7
922.7
922.7
922.7
922.7
922.7
922.7
922.7
922.7
922.7
922.7
922.7
922.7
922.8
922.8
922.8
922.8
922.8
922.8
922.8
922.8
922.8
922.8
922.8
922.9
922.9
922.9
922.9
922.9
922.9
922.9
922.9
922.9
922.9
922.9
922.9
923.0
923.0
923.0
923.0
923.0
923.0
923.0
923.0
923.1
923.1
923.1
923.1
923.2
923.2
923.2
923.2
923.2
923.2
923.2
923.2
923.3
923.3
923.3
923.4
923.4
923.4
923.4
923.5
923.6
923.7
923.9
924.0
924.3
924.5
924.5
924.6
924.8
925.1
925.2
925.3
925.4
925.5
925.8
925.9
925.9
926.1
926.1
926.2
926.2
926.3
926.3
926.4
926.4
926.4
926.4
926.5
926.5
926.5
926.5
926.5
926.5
926.5
926.5
926.6
926.6
926.6
926.6
926.6
926.6
926.6
926.6
926.7
926.7
926.7
926.7
926.7
926.7
926.7
926.7
926.8
926.8
926.8
926.8
926.8
926.8
926.8
926.8
926.8
926.8
926.9
926.9
926.9
926.9
926.9
926.9
927.0
927.0
927.0
927.0
927.0
927.0
927.0
927.0
927.1
927.1
927.2
927.2
927.2
927.2
927.2
927.2
927.3
927.3
927.3
927.3
927.4
927.5
927.5
927.5
927.6
927.6
927.6
927.7
927.8
927.8
927.8
927.9
928.0
928.2
928.5
928.7
929.1
929.3
929.6
929.9
929.9
930.4
930.8
931.0
931.0
931.3
931.3
931.3
931.4
931.4
931.4
931.5
931.5
931.5
931.5
931.6
931.6
931.6
931.6
931.7
931.7
931.7
931.7
931.8
931.8
931.8
931.8
931.9
931.9
931.9
932.0
932.0
932.0
932.0
932.0
932.0
932.1
932.1
932.1
932.2
932.2
932.2
932.2
932.2
932.2
932.2
932.2
932.2
932.3
932.3
932.3
932.3
932.4
932.4
932.4
932.4
932.4
932.5
932.5
932.5
932.5
932.5
932.6
932.6
932.6
932.7
932.7
932.7
932.8
932.8
932.8
932.8
932.8
932.8
932.9
933.0
933.0
933.0
933.1
933.1
933.1
933.1
933.2
933.2
933.2
933.2
933.3
933.4
933.5
933.7
933.8
934.0
934.3
934.5
934.8
935.3
935.5
935.5
936.7
936.7
937.2
938.0
938.5
939.8
940.5
940.5
940.7
940.9
940.9
941.0
941.0
941.1
941.1
941.4
941.5
941.5
941.6
941.7
941.7
941.7
941.7
941.7
941.8
942.0
942.1
942.3
942.3
942.3
942.3
942.4
942.6
942.7
942.8
943.0
943.0
943.1
943.2
943.2
943.2
943.3
943.4
943.5
943.5
943.5
943.5
943.5
943.6
943.6
943.7
943.8
943.9
943.9
943.9
944.0
944.1
944.2
944.3
944.3
944.5
944.5
944.5
944.6
944.7
944.7
945.0
945.0
945.2
945.2
945.2
945.2
945.3
945.4
945.4
945.5
945.5
945.6
945.8
945.9
946.0
946.1
946.2
946.3
946.4
947.0
947.0
947.0
947.6
947.7
948.1
948.6
948.8
949.0
949.1
950.2
954.3
955.3
955.4
956.0
961.6
1046.8
1046.8
1046.8
1046.8
1046.8
1046.8
1046.8
1046.8
1046.8
1046.8
1046.9
1046.9
1046.9
1046.9
1046.9
1046.9
1046.9
1046.9
1046.9
1046.9
1046.9
1047.0
1047.0
1047.0
1047.0
1047.0
1047.0
1047.0
1047.1
1047.1
1047.1
1047.1
1047.1
1047.1
1047.1
1047.1
1047.2
1047.2
1047.2
1047.2
1047.2
1047.2
1047.2
1047.3
1047.3
1047.3
1047.3
1047.3
1047.3
1047.3
1047.3
1047.3
1047.3
1047.3
1047.4
1047.4
1047.4
1047.5
1047.5
1047.5
1047.5
1047.6
1047.6
1047.6
1047.6
1047.6
1047.8
1047.8
1047.8
1047.8
1047.8
1047.8
1047.8
1048.0
1048.0
1048.0
1048.0
1048.1
1048.1
1048.1
1048.2
1048.2
1048.2
1048.3
1048.4
1048.6
1048.7
1048.8
1049.2
1049.3
1049.4
1049.6
1049.7
1050.4
1050.5
1050.5
1050.5
1050.6
1050.6
1050.6
1050.6
1050.6
1050.7
1050.7
1050.7
1050.7
1050.7
1050.7
1050.7
1050.7
1050.8
1050.8
1050.8
1050.8
1050.8
1050.8
1050.9
1050.9
1050.9
1050.9
1050.9
1050.9
1050.9
1050.9
1051.0
1051.0
1051.0
1051.0
1051.0
1051.0
1051.1
1051.1
1051.1
1051.1
1051.1
1051.1
1051.1
1051.1
1051.1
1051.1
1051.1
1051.1
1051.2
1051.2
1051.2
1051.2
1051.2
1051.2
1051.3
1051.3
1051.3
1051.3
1051.3
1051.3
1051.4
1051.4
1051.4
1051.5
1051.5
1051.5
1051.5
1051.6
1051.6
1051.6
1051.7
1051.7
1051.7
1051.7
1051.8
1051.8
1051.9
1051.9
1051.9
1052.0
1052.0
1052.0
1052.1
1052.1
1052.1
1052.1
1052.2
1052.2
1052.3
1052.5
1052.6
1052.9
1053.1
1053.2
1053.7
1054.0
1054.1
1054.3
1054.6
1055.4
1055.5
1055.6
1055.7
1055.7
1055.7
1055.7
1055.7
1055.8
1055.8
1055.8
1055.9
1055.9
1055.9
1055.9
1055.9
1055.9
1055.9
1056.0
1056.0
1056.1
1056.1
1056.1
1056.1
1056.2
1056.2
1056.2
1056.2
1056.2
1056.2
1056.2
1056.3
1056.3
1056.3
1056.3
1056.3
1056.3
1056.3
1056.4
1056.4
1056.4
1056.4
1056.5
1056.5
1056.5
1056.5
1056.5
1056.6
1056.6
1056.6
1056.6
1056.6
1056.7
1056.7
1056.7
1056.7
1056.7
1056.7
1056.7
1056.8
1056.8
1056.8
1056.8
1056.8
1056.8
1056.8
1056.8
1056.9
1056.9
1056.9
1056.9
1057.0
1057.0
1057.0
1057.0
1057.0
1057.0
1057.0
1057.1
1057.1
1057.1
1057.1
1057.1
1057.2
1057.2
1057.4
1057.4
1057.4
1057.5
1057.9
1058.0
1058.1
1058.4
1058.8
1058.8
1059.2
1059.9
1060.3
1060.7
1062.0
1063.2
1063.9
1064.0
1064.2
1064.2
1064.3
1064.5
1064.6
1064.6
1064.7
1064.7
1064.7
1064.9
1064.9
1064.9
1064.9
1064.9
1064.9
1064.9
1064.9
1065.0
1065.0
1065.0
1065.0
1065.2
1065.3
1065.3
1065.4
1065.4
1065.4
1065.4
1065.5
1065.5
1065.5
1065.6
1065.7
1065.7
1065.7
1065.7
1065.7
1065.8
1065.8
1065.8
1065.8
1065.9
1066.0
1066.0
1066.0
1066.0
1066.1
1066.1
1066.2
1066.2
1066.2
1066.3
1066.3
1066.3
1066.3
1066.4
1066.4
1066.4
1066.4
1066.5
1066.5
1066.5
1066.5
1066.6
1066.6
1066.6
1066.6
1066.6
1066.7
1066.7
1066.7
1066.8
1066.9
1066.9
1066.9
1066.9
1067.0
1067.0
1067.2
1067.2
1067.3
1067.6
1067.6
1068.0
1068.1
1068.1
1068.2
1068.3
1068.4
1068.7
1069.1
1069.2
1071.5
1072.5
1072.6
1079.4
1097.8
1210.9
1211.0
1211.0
1211.0
1211.0
1211.0
1211.0
1211.0
1211.0
1211.0
1211.0
1211.0
1211.0
1211.0
1211.0
1211.0
1211.0
1211.1
1211.1
1211.1
1211.1
1211.1
1211.1
1211.1
1211.1
1211.1
1211.1
1211.1
1211.1
1211.1
1211.1
1211.1
1211.1
1211.1
1211.1
1211.1
1211.1
1211.2
1211.2
1211.2
1211.2
1211.2
1211.2
1211.2
1211.2
1211.2
1211.2
1211.2
1211.2
1211.2
1211.2
1211.2
1211.3
1211.3
1211.3
1211.3
1211.3
1211.3
1211.4
1211.4
1211.4
1211.4
1211.4
1211.5
1211.5
1211.5
1211.6
1211.6
1211.6
1211.6
1211.6
1211.6
1211.6
1211.8
1211.8
1211.8
1211.8
1211.8
1211.8
1211.9
1211.9
1211.9
1212.0
1212.1
1212.1
1212.3
1212.4
1212.5
1212.8
1212.9
1213.0
1213.2
1213.2
1213.9
1214.0
1214.3
1214.3
1214.6
1214.6
1214.7
1214.7
1214.7
1214.7
1214.7
1214.8
1214.8
1214.8
1214.8
1214.8
1214.8
1214.8
1214.8
1214.9
1214.9
1214.9
1214.9
1214.9
1214.9
1214.9
1214.9
1214.9
1214.9
1214.9
1214.9
1215.0
1215.0
1215.0
1215.0
1215.0
1215.0
1215.0
1215.0
1215.0
1215.0
1215.0
1215.0
1215.0
1215.0
1215.1
1215.1
1215.1
1215.1
1215.1
1215.1
1215.1
1215.1
1215.1
1215.1
1215.1
1215.2
1215.2
1215.2
1215.2
1215.2
1215.2
1215.2
1215.2
1215.2
1215.3
1215.3
1215.3
1215.4
1215.4
1215.4
1215.4
1215.5
1215.5
1215.5
1215.5
1215.5
1215.6
1215.6
1215.6
1215.7
1215.7
1215.8
1215.8
1215.8
1215.8
1215.9
1215.9
1215.9
1216.0
1216.2
1216.4
1216.5
1216.7
1216.9
1217.3
1217.6
1217.8
1217.9
1218.3
1219.1
1219.1
1219.5
1219.6
1219.8
1219.8
1219.8
1219.8
1219.8
1219.9
1219.9
1219.9
1219.9
1219.9
1220.0
1220.0
1220.0
1220.0
1220.0
1220.0
1220.1
1220.1
1220.1
1220.1
1220.1
1220.1
1220.2
1220.2
1220.2
1220.2
1220.2
1220.3
1220.3
1220.3
1220.3
1220.3
1220.3
1220.3
1220.4
1220.4
1220.4
1220.4
1220.4
1220.4
1220.4
1220.4
1220.4
1220.4
1220.4
1220.4
1220.5
1220.5
1220.5
1220.5
1220.5
1220.5
1220.5
1220.5
1220.5
1220.6
1220.6
1220.6
1220.6
1220.6
1220.6
1220.6
1220.7
1220.7
1220.7
1220.7
1220.8
1220.8
1220.8
1220.8
1220.8
1220.8
1220.8
1220.8
1220.8
1220.8
1220.8
1220.9
1220.9
1221.0
1221.0
1221.1
1221.1
1221.1
1221.1
1221.1
1221.1
1221.5
1221.6
1221.6
1222.1
1222.3
1222.6
1223.1
1223.4
1224.0
1224.8
1224.9
1226.2
1226.5
1226.6
1226.7
1226.8
1226.9
1227.0
1227.0
1227.1
1227.2
1227.2
1227.3
1227.3
1227.3
1227.4
1227.4
1227.5
1227.5
1227.5
1227.6
1227.6
1227.6
1227.6
1227.6
1227.7
1227.8
1227.8
1227.8
1227.8
1227.8
1227.9
1227.9
1227.9
1228.0
1228.0
1228.0
1228.0
1228.0
1228.0
1228.0
1228.1
1228.1
1228.1
1228.2
1228.2
1228.3
1228.3
1228.4
1228.4
1228.4
1228.4
1228.4
1228.5
1228.5
1228.6
1228.6
1228.6
1228.6
1228.7
1228.7
1228.7
1228.7
1228.8
1228.8
1228.8
1228.8
1228.8
1228.8
1228.8
1228.9
1228.9
1228.9
1228.9
1229.0
1229.0
1229.0
1229.1
1229.2
1229.2
1229.2
1229.2
1229.2
1229.3
1229.3
1229.3
1229.3
1229.5
1229.6
1229.6
1229.8
1229.9
1230.3
1230.3
1230.3
1230.6
1230.6
1232.3
1232.8
1237.2
1237.2
1244.5
1248.9
1250.3
1252.6
1255.8
1268.4
1281.5
1281.6
1281.7
1281.8
1282.0
1282.1
1282.6
1282.8
1282.9
1283.4
1283.6
1283.7
1284.0
1284.2
1284.5
1284.6
1284.6
1284.6
1284.7
1285.4
1285.6
1285.7
1285.7
1285.8
1286.3
1286.9
1287.5
1287.5
1287.9
1288.3
1288.4
1288.6
1288.7
1289.0
1289.7
1289.8
1290.0
1290.7
1290.8
1291.7
1292.5
1297.5
1299.0
1299.7
1302.7
1302.8
1311.5
1316.1
1382.3
1382.4
1382.4
1382.4
1382.4
1382.4
1382.4
1382.4
1382.4
1382.4
1382.4
1382.4
1382.4
1382.4
1382.4
1382.4
1382.4
1382.4
1382.4
1382.4
1382.4
1382.5
1382.5
1382.5
1382.5
1382.5
1382.5
1382.5
1382.5
1382.5
1382.5
1382.5
1382.5
1382.5
1382.5
1382.5
1382.5
1382.5
1382.5
1382.5
1382.5
1382.5
1382.5
1382.5
1382.5
1382.5
1382.6
1382.6
1382.6
1382.6
1382.6
1382.6
1382.6
1382.6
1382.6
1382.6
1382.6
1382.7
1382.7
1382.7
1382.7
1382.7
1382.7
1382.8
1382.8
1382.8
1382.8
1382.9
1382.9
1382.9
1382.9
1382.9
1382.9
1383.0
1383.0
1383.1
1383.1
1383.1
1383.1
1383.1
1383.2
1383.2
1383.3
1383.4
1383.6
1383.6
1383.8
1383.9
1384.1
1384.3
1384.4
1384.7
1384.7
1384.9
1385.1
1385.7
1385.7
1386.0
1386.0
1386.1
1386.1
1386.1
1386.1
1386.1
1386.1
1386.2
1386.2
1386.2
1386.2
1386.2
1386.2
1386.2
1386.2
1386.2
1386.3
1386.3
1386.3
1386.3
1386.3
1386.3
1386.3
1386.3
1386.3
1386.3
1386.3
1386.3
1386.3
1386.3
1386.3
1386.3
1386.4
1386.4
1386.4
1386.4
1386.4
1386.4
1386.4
1386.4
1386.4
1386.4
1386.4
1386.4
1386.4
1386.5
1386.5
1386.5
1386.5
1386.5
1386.5
1386.5
1386.5
1386.5
1386.5
1386.5
1386.5
1386.6
1386.6
1386.6
1386.6
1386.6
1386.6
1386.6
1386.6
1386.7
1386.7
1386.7
1386.7
1386.7
1386.8
1386.8
1386.8
1386.9
1386.9
1386.9
1387.0
1387.0
1387.0
1387.1
1387.1
1387.2
1387.2
1387.2
1387.3
1387.5
1387.7
1388.0
1388.0
1388.1
1388.7
1388.7
1389.3
1389.4
1389.7
1390.2
1390.3
1390.9
1391.0
1391.1
1391.2
1391.2
1391.2
1391.2
1391.2
1391.3
1391.3
1391.3
1391.3
1391.4
1391.4
1391.4
1391.4
1391.4
1391.5
1391.5
1391.5
1391.6
1391.6
1391.6
1391.6
1391.6
1391.6
1391.6
1391.6
1391.6
1391.6
1391.6
1391.7
1391.7
1391.7
1391.7
1391.7
1391.7
1391.7
1391.7
1391.7
1391.7
1391.7
1391.7
1391.8
1391.8
1391.8
1391.8
1391.8
1391.8
1391.8
1391.9
1391.9
1391.9
1391.9
1391.9
1391.9
1392.0
1392.0
1392.0
1392.0
1392.0
1392.0
1392.0
1392.0
1392.0
1392.0
1392.0
1392.0
1392.0
1392.1
1392.1
1392.1
1392.2
1392.2
1392.2
1392.2
1392.2
1392.3
1392.3
1392.3
1392.3
1392.4
1392.4
1392.5
1392.6
1392.6
1392.6
1392.8
1393.0
1393.1
1393.4
1393.5
1393.7
1394.3
1394.4
1395.3
1395.8
1396.5
1396.6
1396.9
1397.9
1398.2
1398.3
1398.4
1398.4
1398.5
1398.6
1398.6
1398.6
1398.6
1398.7
1398.8
1398.8
1398.9
1399.0
1399.0
1399.0
1399.0
1399.0
1399.1
1399.1
1399.2
1399.2
1399.2
1399.2
1399.3
1399.4
1399.4
1399.4
1399.4
1399.4
1399.4
1399.5
1399.5
1399.5
1399.5
1399.5
1399.6
1399.6
1399.6
1399.7
1399.7
1399.7
1399.7
1399.7
1399.8
1399.8
1399.9
1400.0
1400.0
1400.0
1400.0
1400.1
1400.1
1400.1
1400.1
1400.2
1400.2
1400.2
1400.2
1400.2
1400.3
1400.3
1400.3
1400.3
1400.4
1400.4
1400.4
1400.5
1400.6
1400.6
1400.6
1400.6
1400.6
1400.6
1400.7
1400.7
1400.7
1400.8
1400.8
1401.1
1401.2
1401.3
1401.4
1401.5
1401.6
1401.8
1401.9
1401.9
1402.0
1402.1
1402.3
1402.6
1402.9
1403.5
1405.7
1409.3
1409.9
1410.0
1415.3
1441.8
1547.4
1547.4
1547.4
1547.4
1547.4
1547.4
1547.4
1547.4
1547.5
1547.5
1547.5
1547.5
1547.5
1547.5
1547.5
1547.5
1547.5
1547.5
1547.5
1547.5
1547.5
1547.5
1547.5
1547.5
1547.5
1547.5
1547.5
1547.5
1547.5
1547.5
1547.5
1547.6
1547.6
1547.6
1547.6
1547.6
1547.6
1547.6
1547.6
1547.6
1547.6
1547.6
1547.6
1547.6
1547.6
1547.6
1547.6
1547.6
1547.6
1547.6
1547.6
1547.6
1547.6
1547.7
1547.7
1547.7
1547.7
1547.7
1547.8
1547.8
1547.8
1547.8
1547.8
1547.8
1547.9
1547.9
1548.0
1548.0
1548.0
1548.0
1548.0
1548.0
1548.0
1548.1
1548.1
1548.2
1548.2
1548.2
1548.2
1548.3
1548.3
1548.3
1548.3
1548.5
1548.5
1548.7
1548.8
1548.9
1549.2
1549.3
1549.4
1549.6
1549.6
1550.2
1550.3
1550.7
1550.7
1551.0
1551.1
1551.1
1551.1
1551.2
1551.2
1551.2
1551.2
1551.2
1551.2
1551.2
1551.3
1551.3
1551.3
1551.3
1551.3
1551.3
1551.3
1551.3
1551.3
1551.3
1551.3
1551.4
1551.4
1551.4
1551.4
1551.4
1551.4
1551.4
1551.4
1551.4
1551.4
1551.4
1551.4
1551.4
1551.4
1551.4
1551.4
1551.5
1551.5
1551.5
1551.5
1551.5
1551.5
1551.5
1551.5
1551.5
1551.5
1551.5
1551.5
1551.5
1551.6
1551.6
1551.6
1551.6
1551.6
1551.6
1551.6
1551.6
1551.6
1551.6
1551.7
1551.7
1551.7
1551.8
1551.8
1551.8
1551.8
1551.8
1551.8
1551.9
1551.9
1551.9
1551.9
1552.0
1552.0
1552.1
1552.1
1552.1
1552.2
1552.2
1552.2
1552.2
1552.3
1552.3
1552.4
1552.6
1552.7
1552.9
1553.1
1553.3
1553.6
1554.0
1554.2
1554.3
1554.6
1555.5
1555.5
1556.0
1556.1
1556.2
1556.2
1556.3
1556.3
1556.3
1556.3
1556.3
1556.3
1556.3
1556.4
1556.4
1556.4
1556.4
1556.4
1556.4
1556.5
1556.5
1556.5
1556.5
1556.5
1556.6
1556.6
1556.6
1556.6
1556.6
1556.7
1556.7
1556.7
1556.7
1556.7
1556.7
1556.7
1556.8
1556.8
1556.8
1556.8
1556.8
1556.8
1556.8
1556.8
1556.9
1556.9
1556.9
1556.9
1556.9
1556.9
1556.9
1556.9
1556.9
1556.9
1556.9
1557.0
1557.0
1557.0
1557.0
1557.0
1557.0
1557.0
1557.0
1557.0
1557.1
1557.1
1557.1
1557.1
1557.1
1557.2
1557.2
1557.2
1557.2
1557.2
1557.2
1557.2
1557.2
1557.2
1557.2
1557.3
1557.3
1557.3
1557.4
1557.4
1557.4
1557.5
1557.6
1557.6
1557.6
1557.6
1557.9
1558.1
1558.2
1558.3
1558.8
1558.8
1559.3
1559.8
1560.1
1560.7
1561.5
1561.5
1562.9
1563.0
1563.1
1563.2
1563.4
1563.4
1563.5
1563.5
1563.5
1563.6
1563.6
1563.6
1563.6
1563.6
1563.7
1563.7
1563.7
1563.8
1563.8
1563.9
1563.9
1564.0
1564.0
1564.0
1564.1
1564.1
1564.1
1564.2
1564.2
1564.3
1564.4
1564.4
1564.4
1564.4
1564.4
1564.4
1564.4
1564.5
1564.5
1564.5
1564.6
1564.6
1564.7
1564.7
1564.7
1564.8
1564.8
1564.8
1564.9
1564.9
1564.9
1564.9
1565.0
1565.0
1565.0
1565.1
1565.1
1565.1
1565.2
1565.2
1565.2
1565.2
1565.2
1565.2
1565.2
1565.3
1565.3
1565.3
1565.3
1565.3
1565.4
1565.4
1565.4
1565.5
1565.5
1565.5
1565.6
1565.7
1565.7
1565.7
1565.7
1565.7
1565.8
1565.8
1566.1
1566.1
1566.3
1566.3
1566.3
1566.6
1566.9
1566.9
1567.0
1567.2
1567.2
1567.9
1569.7
1570.0
1573.2
1574.3
1578.5
1583.1
1584.8
1588.9
1589.4
1602.9
1615.0
1616.1
1618.1
1619.1
1620.0
1621.3
1621.4
1622.0
1622.3
1623.2
1624.5
1624.8
1625.1
1626.1
1627.2
1627.6
1627.9
1628.2
1629.2
1631.4
1633.2
1633.7
1639.9
1644.7
1684.8
1718.4
1718.5
1718.5
1718.5
1718.5
1718.5
1718.5
1718.5
1718.5
1718.5
1718.5
1718.5
1718.5
1718.5
1718.5
1718.5
1718.5
1718.5
1718.5
1718.5
1718.5
1718.5
1718.5
1718.5
1718.6
1718.6
1718.6
1718.6
1718.6
1718.6
1718.6
1718.6
1718.6
1718.6
1718.6
1718.6
1718.6
1718.6
1718.6
1718.6
1718.6
1718.6
1718.6
1718.6
1718.6
1718.6
1718.6
1718.6
1718.6
1718.7
1718.7
1718.7
1718.7
1718.7
1718.7
1718.7
1718.7
1718.7
1718.7
1718.8
1718.8
1718.8
1718.8
1718.9
1718.9
1718.9
1718.9
1718.9
1718.9
1719.0
1719.0
1719.1
1719.1
1719.1
1719.1
1719.2
1719.2
1719.2
1719.2
1719.2
1719.3
1719.4
1719.4
1719.4
1719.7
1719.8
1719.8
1719.9
1720.3
1720.3
1720.4
1720.7
1720.7
1721.1
1721.2
1721.8
1721.8
1722.1
1722.1
1722.2
1722.2
1722.2
1722.2
1722.2
1722.2
1722.3
1722.3
1722.3
1722.3
1722.3
1722.3
1722.3
1722.3
1722.3
1722.3
1722.4
1722.4
1722.4
1722.4
1722.4
1722.4
1722.4
1722.4
1722.4
1722.4
1722.4
1722.4
1722.4
1722.4
1722.4
1722.4
1722.5
1722.5
1722.5
1722.5
1722.5
1722.5
1722.5
1722.5
1722.5
1722.5
1722.5
1722.5
1722.5
1722.5
1722.6
1722.6
1722.6
1722.6
1722.6
1722.6
1722.6
1722.6
1722.7
1722.7
1722.7
1722.7
1722.7
1722.7
1722.7
1722.7
1722.7
1722.7
1722.8
1722.8
1722.8
1722.8
1722.8
1722.9
1722.9
1722.9
1723.0
1723.0
1723.1
1723.1
1723.1
1723.1
1723.2
1723.2
1723.2
1723.2
1723.3
1723.3
1723.6
1723.7
1724.1
1724.2
1724.2
1724.7
1724.8
1725.3
1725.4
1725.8
1726.3
1726.4
1727.0
1727.2
1727.2
1727.3
1727.3
1727.3
1727.3
1727.3
1727.4
1727.4
1727.4
1727.4
1727.4
1727.5
1727.5
1727.5
1727.5
1727.6
1727.6
1727.6
1727.6
1727.6
1727.7
1727.7
1727.7
1727.7
1727.7
1727.7
1727.7
1727.7
1727.7
1727.7
1727.8
1727.8
1727.8
1727.8
1727.8
1727.8
1727.8
1727.8
1727.8
1727.8
1727.8
1727.9
1727.9
1727.9
1727.9
1727.9
1728.0
1728.0
1728.0
1728.0
1728.0
1728.0
1728.0
1728.0
1728.1
1728.1
1728.1
1728.1
1728.1
1728.1
1728.1
1728.1
1728.1
1728.1
1728.1
1728.1
1728.1
1728.2
1728.2
1728.2
1728.3
1728.3
1728.3
1728.3
1728.3
1728.3
1728.4
1728.4
1728.4
1728.5
1728.5
1728.6
1728.6
1728.7
1728.7
1728.8
1729.0
1729.2
1729.4
1729.5
1729.7
1730.3
1730.4
1731.3
1731.8
1732.6
1732.7
1733.0
1733.9
1734.3
1734.3
1734.5
1734.5
1734.6
1734.6
1734.6
1734.7
1734.7
1734.8
1734.8
1734.8
1734.8
1735.0
1735.1
1735.1
1735.1
1735.2
1735.2
1735.2
1735.3
1735.4
1735.4
1735.4
1735.4
1735.5
1735.5
1735.5
1735.5
1735.6
1735.6
1735.6
1735.6
1735.6
1735.6
1735.7
1735.7
1735.7
1735.8
1735.8
1735.8
1735.8
1735.9
1736.0
1736.0
1736.1
1736.1
1736.1
1736.1
1736.1
1736.2
1736.2
1736.2
1736.2
1736.3
1736.3
1736.3
1736.3
1736.4
1736.4
1736.4
1736.4
1736.4
1736.4
1736.4
1736.5
1736.6
1736.6
1736.6
1736.7
1736.7
1736.7
1736.8
1736.8
1736.8
1736.9
1736.9
1737.0
1737.0
1737.2
1737.3
1737.4
1737.7
1737.7
1737.8
1738.1
1738.2
1738.3
1738.5
1738.5
1738.7
1738.9
1739.4
1739.9
1743.5
1746.8
1750.1
1751.3
1757.6
1883.9
1883.9
1883.9
1883.9
1883.9
1883.9
1883.9
1883.9
1883.9
1883.9
1883.9
1884.0
1884.0
1884.0
1884.0
1884.0
1884.0
1884.0
1884.0
1884.0
1884.0
1884.0
1884.0
1884.0
1884.0
1884.0
1884.0
1884.0
1884.0
1884.0
1884.0
1884.0
1884.0
1884.0
1884.0
1884.0
1884.0
1884.1
1884.1
1884.1
1884.1
1884.1
1884.1
1884.1
1884.1
1884.1
1884.1
1884.1
1884.1
1884.1
1884.1
1884.1
1884.1
1884.1
1884.1
1884.2
1884.2
1884.2
1884.3
1884.3
1884.3
1884.3
1884.3
1884.3
1884.3
1884.4
1884.5
1884.5
1884.5
1884.5
1884.5
1884.5
1884.6
1884.6
1884.6
1884.7
1884.7
1884.8
1884.8
1884.8
1884.8
1884.8
1884.9
1885.0
1885.1
1885.2
1885.3
1885.4
1885.8
1885.9
1885.9
1886.2
1886.2
1886.8
1886.9
1887.3
1887.3
1887.6
1887.6
1887.6
1887.6
1887.7
1887.7
1887.7
1887.7
1887.7
1887.7
1887.7
1887.7
1887.7
1887.8
1887.8
1887.8
1887.8
1887.8
1887.8
1887.8
1887.8
1887.8
1887.8
1887.8
1887.8
1887.9
1887.9
1887.9
1887.9
1887.9
1887.9
1887.9
1887.9
1887.9
1887.9
1887.9
1887.9
1887.9
1887.9
1887.9
1887.9
1887.9
1888.0
1888.0
1888.0
1888.0
1888.0
1888.0
1888.0
1888.0
1888.0
1888.0
1888.1
1888.1
1888.1
1888.1
1888.1
1888.1
1888.1
1888.1
1888.1
1888.2
1888.2
1888.2
1888.2
1888.3
1888.3
1888.3
1888.3
1888.3
1888.4
1888.4
1888.4
1888.4
1888.5
1888.5
1888.6
1888.7
1888.7
1888.7
1888.7
1888.7
1888.8
1888.8
1888.8
1888.9
1889.2
1889.3
1889.5
1889.7
1889.8
1890.3
1890.6
1890.8
1891.0
1891.3
1892.1
1892.2
1892.4
1892.6
1892.7
1892.7
1892.8
1892.8
1892.8
1892.8
1892.8
1892.8
1892.8
1892.9
1892.9
1892.9
1892.9
1892.9
1892.9
1893.0
1893.0
1893.0
1893.0
1893.0
1893.1
1893.1
1893.1
1893.1
1893.2
1893.2
1893.2
1893.2
1893.2
1893.2
1893.2
1893.2
1893.2
1893.3
1893.3
1893.3
1893.3
1893.3
1893.3
1893.3
1893.3
1893.4
1893.4
1893.4
1893.4
1893.4
1893.4
1893.4
1893.4
1893.4
1893.4
1893.5
1893.5
1893.5
1893.5
1893.5
1893.5
1893.5
1893.5
1893.6
1893.6
1893.6
1893.6
1893.7
1893.7
1893.7
1893.7
1893.7
1893.7
1893.7
1893.7
1893.7
1893.7
1893.7
1893.7
1893.8
1893.8
1893.8
1893.9
1893.9
1893.9
1894.0
1894.0
1894.1
1894.1
1894.2
1894.6
1894.7
1894.7
1894.9
1895.3
1895.4
1895.9
1896.2
1896.6
1897.2
1898.0
1898.0
1899.4
1899.6
1899.6
1899.7
1899.8
1899.9
1899.9
1899.9
1900.0
1900.0
1900.0
1900.1
1900.1
1900.1
1900.2
1900.2
1900.2
1900.3
1900.3
1900.3
1900.4
1900.4
1900.4
1900.5
1900.5
1900.5
1900.5
1900.6
1900.7
1900.7
1900.8
1900.8
1900.8
1900.8
1900.9
1900.9
1900.9
1900.9
1900.9
1901.0
1901.0
1901.1
1901.1
1901.1
1901.1
1901.2
1901.2
1901.2
1901.2
1901.3
1901.4
1901.4
1901.4
1901.5
1901.5
1901.5
1901.5
1901.6
1901.7
1901.7
1901.7
1901.7
1901.7
1901.7
1901.7
1901.7
1901.8
1901.8
1901.8
1901.8
1901.8
1901.8
1901.9
1901.9
1901.9
1902.0
1902.0
1902.1
1902.1
1902.2
1902.2
1902.2
1902.2
1902.3
1902.5
1902.6
1902.7
1902.7
1902.8
1903.2
1903.3
1903.4
1903.5
1903.6
1903.6
1903.8
1905.9
1906.3
1909.6
1910.0
1916.5
1918.3
1919.1
1919.4
1919.9
1934.2
1938.5
1944.6
1945.3
1946.5
1948.9
1949.5
1950.5
1950.5
1952.1
1952.7
1952.7
1952.8
1953.2
1953.4
1954.1
1954.2
1954.4
1954.7
1954.7
1955.1
1955.7
1956.0
1956.0
1956.2
1956.7
1956.9
1957.0
1957.0
1957.9
1959.5
1959.6
1959.6
1960.4
1960.5
1961.9
1962.6
1963.3
1964.0
1964.5
1964.6
1965.3
1965.7
1966.8
1967.6
1969.5
1976.5
1976.9
2054.7
2054.7
2054.8
2054.8
2054.8
2054.8
2054.8
2054.8
2054.8
2054.8
2054.8
2054.8
2054.8
2054.8
2054.8
2054.8
2054.8
2054.8
2054.8
2054.8
2054.8
2054.8
2054.8
2054.8
2054.8
2054.8
2054.8
2054.8
2054.8
2054.9
2054.9
2054.9
2054.9
2054.9
2054.9
2054.9
2054.9
2054.9
2054.9
2054.9
2054.9
2054.9
2054.9
2054.9
2054.9
2054.9
2054.9
2054.9
2055.0
2055.0
2055.0
2055.0
2055.0
2055.0
2055.0
2055.0
2055.0
2055.1
2055.1
2055.1
2055.1
2055.2
2055.2
2055.2
2055.2
2055.2
2055.2
2055.3
2055.3
2055.3
2055.3
2055.3
2055.3
2055.4
2055.5
2055.5
2055.5
2055.5
2055.5
2055.5
2055.5
2055.6
2055.7
2055.7
2056.0
2056.1
2056.1
2056.2
2056.5
2056.6
2056.8
2057.0
2057.1
2057.4
2057.5
2058.1
2058.1
2058.4
2058.4
2058.5
2058.5
2058.5
2058.5
2058.5
2058.5
2058.5
2058.5
2058.5
2058.5
2058.6
2058.6
2058.6
2058.6
2058.6
2058.6
2058.6
2058.7
2058.7
2058.7
2058.7
2058.7
2058.7
2058.7
2058.7
2058.7
2058.7
2058.7
2058.7
2058.7
2058.7
2058.7
2058.7
2058.7
2058.8
2058.8
2058.8
2058.8
2058.8
2058.8
2058.8
2058.8
2058.8
2058.8
2058.8
2058.8
2058.8
2058.8
2058.9
2058.9
2058.9
2058.9
2058.9
2058.9
2059.0
2059.0
2059.0
2059.0
2059.0
2059.0
2059.0
2059.0
2059.0
2059.0
2059.1
2059.1
2059.1
2059.1
2059.2
2059.2
2059.2
2059.2
2059.3
2059.3
2059.3
2059.4
2059.4
2059.5
2059.5
2059.5
2059.5
2059.5
2059.6
2059.6
2059.9
2060.0
2060.4
2060.4
2060.5
2061.1
2061.1
2061.6
2061.7
2062.0
2062.6
2062.7
2063.3
2063.4
2063.5
2063.6
2063.6
2063.6
2063.6
2063.6
2063.6
2063.7
2063.7
2063.7
2063.7
2063.7
2063.8
2063.8
2063.8
2063.9
2063.9
2063.9
2064.0
2064.0
2064.0
2064.0
2064.0
2064.0
2064.0
2064.0
2064.0
2064.0
2064.0
2064.0
2064.0
2064.0
2064.0
2064.1
2064.1
2064.1
2064.1
2064.1
2064.1
2064.1
2064.1
2064.1
2064.2
2064.2
2064.2
2064.2
2064.2
2064.3
2064.3
2064.3
2064.3
2064.3
2064.3
2064.3
2064.3
2064.4
2064.4
2064.4
2064.4
2064.4
2064.4
2064.4
2064.4
2064.4
2064.4
2064.4
2064.4
2064.4
2064.5
2064.5
2064.5
2064.6
2064.6
2064.6
2064.6
2064.6
2064.7
2064.7
2064.7
2064.8
2064.8
2064.9
2064.9
2065.0
2065.0
2065.1
2065.3
2065.5
2065.7
2065.9
2066.1
2066.7
2066.8
2067.7
2068.3
2069.1
2069.2
2069.4
2070.2
2070.6
2070.7
2070.7
2070.8
2070.8
2070.9
2070.9
2071.0
2071.0
2071.1
2071.1
2071.1
2071.2
2071.3
2071.3
2071.4
2071.4
2071.4
2071.4
2071.5
2071.6
2071.7
2071.7
2071.7
2071.7
2071.7
2071.8
2071.8
2071.8
2071.8
2071.9
2071.9
2071.9
2072.0
2072.0
2072.0
2072.0
2072.0
2072.0
2072.1
2072.1
2072.1
2072.2
2072.3
2072.3
2072.3
2072.4
2072.4
2072.4
2072.5
2072.5
2072.5
2072.5
2072.5
2072.6
2072.6
2072.6
2072.6
2072.6
2072.6
2072.6
2072.6
2072.7
2072.7
2072.8
2072.8
2073.0
2073.0
2073.0
2073.0
2073.0
2073.0
2073.1
2073.1
2073.1
2073.2
2073.2
2073.3
2073.5
2073.6
2073.6
2073.7
2074.0
2074.1
2074.2
2074.3
2074.4
2074.5
2074.8
2074.8
2075.2
2075.6
2075.9
2076.3
2078.7
2082.9
2084.4
2084.9
2098.0
2220.1
2220.1
2220.1
2220.1
2220.2
2220.2
2220.2
2220.2
2220.2
2220.2
2220.2
2220.2
2220.2
2220.2
2220.2
2220.2
2220.2
2220.2
2220.2
2220.2
2220.2
2220.2
2220.2
2220.2
2220.3
2220.3
2220.3
2220.3
2220.3
2220.3
2220.3
2220.3
2220.3
2220.3
2220.3
2220.3
2220.3
2220.3
2220.3
2220.3
2220.3
2220.3
2220.3
2220.3
2220.3
2220.3
2220.4
2220.4
2220.4
2220.4
2220.4
2220.4
2220.4
2220.4
2220.4
2220.4
2220.5
2220.5
2220.5
2220.5
2220.5
2220.5
2220.6
2220.6
2220.6
2220.6
2220.7
2220.7
2220.7
2220.7
2220.7
2220.7
2220.8
2220.9
2220.9
2220.9
2220.9
2220.9
2221.0
2221.0
2221.1
2221.1
2221.1
2221.2
2221.2
2221.4
2221.5
2221.6
2221.9
2222.0
2222.1
2222.3
2222.3
2222.9
2223.1
2223.4
2223.4
2223.7
2223.8
2223.8
2223.9
2223.9
2223.9
2223.9
2223.9
2223.9
2223.9
2224.0
2224.0
2224.0
2224.0
2224.0
2224.0
2224.0
2224.0
2224.0
2224.0
2224.0
2224.1
2224.1
2224.1
2224.1
2224.1
2224.1
2224.1
2224.1
2224.1
2224.1
2224.1
2224.1
2224.1
2224.1
2224.1
2224.2
2224.2
2224.2
2224.2
2224.2
2224.2
2224.2
2224.2
2224.2
2224.2
2224.2
2224.2
2224.2
2224.3
2224.3
2224.3
2224.3
2224.3
2224.3
2224.3
2224.3
2224.3
2224.3
2224.4
2224.4
2224.4
2224.4
2224.5
2224.5
2224.5
2224.5
2224.5
2224.6
2224.6
2224.6
2224.6
2224.6
2224.7
2224.7
2224.7
2224.8
2224.8
2224.9
2224.9
2224.9
2224.9
2225.0
2225.0
2225.0
2225.1
2225.3
2225.5
2225.6
2225.8
2226.0
2226.4
2226.7
2226.9
2227.0
2227.3
2228.2
2228.3
2228.7
2228.8
2228.9
2228.9
2229.0
2229.0
2229.0
2229.0
2229.0
2229.0
2229.1
2229.1
2229.1
2229.1
2229.1
2229.1
2229.2
2229.2
2229.2
2229.2
2229.2
2229.2
2229.3
2229.3
2229.3
2229.3
2229.4
2229.4
2229.4
2229.4
2229.4
2229.4
2229.5
2229.5
2229.5
2229.5
2229.5
2229.5
2229.5
2229.5
2229.5
2229.5
2229.6
2229.6
2229.6
2229.6
2229.6
2229.6
2229.6
2229.6
2229.6
2229.6
2229.6
2229.7
2229.7
2229.7
2229.7
2229.7
2229.7
2229.7
2229.7
2229.7
2229.8
2229.8
2229.8
2229.8
2229.9
2229.9
2229.9
2229.9
2229.9
2229.9
2229.9
2229.9
2229.9
2230.0
2230.0
2230.0
2230.0
2230.0
2230.1
2230.1
2230.2
2230.2
2230.3
2230.3
2230.3
2230.3
2230.5
2230.8
2230.8
2230.9
2231.4
2231.4
2231.9
2232.4
2232.7
2233.3
2234.1
2234.1
2235.4
2235.6
2235.7
2235.9
2236.0
2236.1
2236.1
2236.2
2236.2
2236.2
2236.3
2236.3
2236.3
2236.3
2236.3
2236.4
2236.4
2236.5
2236.5
2236.6
2236.6
2236.7
2236.8
2236.8
2236.8
2236.8
2236.8
2236.9
2236.9
2237.0
2237.1
2237.1
2237.1
2237.1
2237.1
2237.1
2237.1
2237.2
2237.2
2237.2
2237.3
2237.3
2237.4
2237.4
2237.4
2237.4
2237.5
2237.5
2237.5
2237.6
2237.6
2237.7
2237.7
2237.7
2237.7
2237.8
2237.8
2237.8
2237.8
2237.9
2237.9
2237.9
2237.9
2237.9
2238.0
2238.0
2238.0
2238.0
2238.0
2238.0
2238.1
2238.1
2238.1
2238.2
2238.2
2238.3
2238.4
2238.4
2238.4
2238.4
2238.4
2238.5
2238.5
2238.5
2238.7
2238.7
2238.8
2238.9
2239.0
2239.2
2239.5
2239.6
2239.6
2239.7
2239.9
2240.6
2242.4
2242.9
2245.9
2246.2
2252.7
2256.7
2257.2
2272.0
2274.7
2275.3
2283.9
2284.2
2286.6
2287.4
2287.8
2287.9
2287.9
2288.5
2288.7
2288.7
2289.0
2289.2
2289.2
2289.3
2289.6
2289.6
2290.0
2290.1
2290.2
2290.3
2290.3
2290.4
2290.5
2290.7
2291.4
2291.7
2292.0
2292.4
2292.6
2292.7
2292.8
2293.0
2293.4
2293.9
2294.6
2294.6
2295.1
2295.5
2295.6
2295.7
2295.9
2296.9
2297.1
2298.2
2300.4
2302.1
2305.0
2310.7
2311.1
2312.5
2313.7
2314.4
2325.9
2391.1
2391.1
2391.1
2391.1
2391.1
2391.1
2391.1
2391.1
2391.1
2391.2
2391.2
2391.2
2391.2
2391.2
2391.2
2391.2
2391.2
2391.2
2391.2
2391.2
2391.2
2391.2
2391.2
2391.2
2391.2
2391.2
2391.2
2391.2
2391.2
2391.2
2391.2
2391.2
2391.2
2391.2
2391.2
2391.2
2391.2
2391.2
2391.3
2391.3
2391.3
2391.3
2391.3
2391.3
2391.3
2391.3
2391.3
2391.3
2391.3
2391.3
2391.3
2391.4
2391.4
2391.4
2391.4
2391.4
2391.4
2391.4
2391.4
2391.4
2391.5
2391.5
2391.5
2391.5
2391.5
2391.6
2391.6
2391.6
2391.7
2391.7
2391.7
2391.7
2391.7
2391.7
2391.8
2391.8
2391.9
2391.9
2391.9
2391.9
2391.9
2392.0
2392.1
2392.1
2392.4
2392.4
2392.5
2392.6
2392.9
2393.0
2393.1
2393.4
2393.4
2393.7
2393.8
2394.5
2394.5
2394.7
2394.8
2394.8
2394.9
2394.9
2394.9
2394.9
2394.9
2394.9
2394.9
2394.9
2394.9
2394.9
2394.9
2394.9
2395.0
2395.0
2395.0
2395.0
2395.0
2395.0
2395.0
2395.0
2395.0
2395.0
2395.0
2395.1
2395.1
2395.1
2395.1
2395.1
2395.1
2395.1
2395.1
2395.1
2395.1
2395.1
2395.1
2395.1
2395.1
2395.2
2395.2
2395.2
2395.2
2395.2
2395.2
2395.2
2395.2
2395.2
2395.2
2395.2
2395.2
2395.3
2395.3
2395.3
2395.3
2395.3
2395.3
2395.4
2395.4
2395.4
2395.4
2395.4
2395.4
2395.4
2395.4
2395.4
2395.4
2395.4
2395.5
2395.5
2395.6
2395.6
2395.6
2395.7
2395.7
2395.7
2395.7
2395.8
2395.8
2395.8
2395.9
2395.9
2395.9
2396.0
2396.0
2396.2
2396.4
2396.7
2396.8
2396.9
2397.5
2397.5
2398.0
2398.1
2398.4
2398.9
2399.0
2399.6
2399.8
2399.8
2400.0
2400.0
2400.0
2400.0
2400.0
2400.0
2400.1
2400.1
2400.1
2400.1
2400.1
2400.1
2400.1
2400.2
2400.2
2400.2
2400.3
2400.3
2400.3
2400.3
2400.3
2400.3
2400.4
2400.4
2400.4
2400.4
2400.4
2400.4
2400.4
2400.4
2400.4
2400.4
2400.4
2400.4
2400.4
2400.4
2400.5
2400.5
2400.5
2400.5
2400.5
2400.5
2400.5
2400.6
2400.6
2400.6
2400.6
2400.6
2400.6
2400.6
2400.6
2400.7
2400.7
2400.7
2400.7
2400.7
2400.7
2400.7
2400.7
2400.7
2400.8
2400.8
2400.8
2400.8
2400.8
2400.8
2400.8
2400.8
2400.9
2400.9
2400.9
2401.0
2401.0
2401.0
2401.0
2401.1
2401.1
2401.1
2401.2
2401.2
2401.3
2401.3
2401.4
2401.4
2401.5
2401.7
2401.9
2402.1
2402.2
2402.4
2403.1
2403.1
2404.1
2404.7
2405.4
2405.5
2405.8
2406.6
2407.0
2407.0
2407.1
2407.1
2407.2
2407.3
2407.3
2407.3
2407.3
2407.4
2407.5
2407.5
2407.6
2407.7
2407.7
2407.7
2407.8
2407.8
2407.8
2407.8
2408.0
2408.1
2408.1
2408.1
2408.1
2408.1
2408.1
2408.1
2408.2
2408.2
2408.2
2408.3
2408.3
2408.3
2408.3
2408.4
2408.4
2408.4
2408.4
2408.4
2408.4
2408.4
2408.4
2408.5
2408.5
2408.6
2408.7
2408.8
2408.8
2408.8
2408.8
2408.9
2408.9
2408.9
2408.9
2408.9
2408.9
2409.0
2409.0
2409.0
2409.0
2409.0
2409.1
2409.1
2409.1
2409.2
2409.2
2409.3
2409.3
2409.4
2409.4
2409.4
2409.4
2409.4
2409.5
2409.5
2409.5
2409.6
2409.7
2409.9
2410.0
2410.0
2410.2
2410.4
2410.6
2410.7
2410.7
2410.9
2410.9
2411.1
2411.3
2412.0
2412.4
2412.4
2416.3
2420.5
2422.1
2423.2
2425.4
2556.5
2556.5
2556.5
2556.5
2556.5
2556.5
2556.5
2556.5
2556.5
2556.5
2556.5
2556.5
2556.5
2556.5
2556.5
2556.5
2556.6
2556.6
2556.6
2556.6
2556.6
2556.6
2556.6
2556.6
2556.6
2556.6
2556.6
2556.6
2556.6
2556.6
2556.6
2556.6
2556.6
2556.6
2556.6
2556.6
2556.6
2556.7
2556.7
2556.7
2556.7
2556.7
2556.7
2556.7
2556.7
2556.7
2556.7
2556.7
2556.7
2556.7
2556.7
2556.7
2556.7
2556.7
2556.7
2556.8
2556.8
2556.8
2556.8
2556.8
2556.9
2556.9
2556.9
2556.9
2556.9
2556.9
2557.1
2557.1
2557.1
2557.1
2557.1
2557.1
2557.1
2557.2
2557.2
2557.2
2557.3
2557.3
2557.3
2557.4
2557.4
2557.4
2557.4
2557.5
2557.6
2557.7
2557.8
2558.0
2558.3
2558.3
2558.5
2558.7
2558.7
2559.3
2559.4
2559.8
2559.8
2560.0
2560.1
2560.2
2560.2
2560.2
2560.3
2560.3
2560.3
2560.3
2560.3
2560.3
2560.3
2560.3
2560.3
2560.3
2560.3
2560.4
2560.4
2560.4
2560.4
2560.4
2560.4
2560.4
2560.4
2560.4
2560.4
2560.4
2560.4
2560.5
2560.5
2560.5
2560.5
2560.5
2560.5
2560.5
2560.5
2560.5
2560.5
2560.5
2560.5
2560.5
2560.5
2560.5
2560.5
2560.5
2560.6
2560.6
2560.6
2560.6
2560.6
2560.6
2560.6
2560.6
2560.7
2560.7
2560.7
2560.7
2560.7
2560.7
2560.7
2560.7
2560.7
2560.8
2560.8
2560.8
2560.8
2560.8
2560.9
2560.9
2560.9
2560.9
2560.9
2561.0
2561.0
2561.1
2561.1
2561.1
2561.2
2561.2
2561.2
2561.2
2561.2
2561.3
2561.4
2561.4
2561.5
2561.7
2561.8
2562.0
2562.2
2562.3
2562.7
2563.1
2563.3
2563.4
2563.7
2564.6
2564.6
2565.0
2565.2
2565.3
2565.3
2565.3
2565.3
2565.3
2565.4
2565.4
2565.4
2565.4
2565.4
2565.4
2565.5
2565.5
2565.5
2565.5
2565.5
2565.6
2565.6
2565.6
2565.6
2565.6
2565.6
2565.7
2565.7
2565.7
2565.7
2565.7
2565.7
2565.8
2565.8
2565.8
2565.8
2565.8
2565.8
2565.9
2565.9
2565.9
2565.9
2565.9
2565.9
2565.9
2565.9
2565.9
2565.9
2565.9
2565.9
2565.9
2566.0
2566.0
2566.0
2566.0
2566.0
2566.0
2566.0
2566.1
2566.1
2566.1
2566.1
2566.1
2566.1
2566.1
2566.1
2566.2
2566.2
2566.2
2566.2
2566.2
2566.2
2566.3
2566.3
2566.3
2566.3
2566.3
2566.3
2566.3
2566.3
2566.3
2566.3
2566.4
2566.5
2566.5
2566.5
2566.6
2566.6
2566.7
2566.7
2566.8
2567.1
2567.2
2567.3
2567.8
2567.8
2568.3
2568.6
2569.0
2569.6
2570.5
2570.5
2571.9
2572.0
2572.1
2572.2
2572.3
2572.5
2572.5
2572.5
2572.6
2572.6
2572.6
2572.6
2572.6
2572.6
2572.7
2572.7
2572.8
2572.8
2572.8
2572.9
2573.0
2573.0
2573.0
2573.1
2573.1
2573.1
2573.2
2573.2
2573.3
2573.3
2573.4
2573.4
2573.4
2573.4
2573.4
2573.4
2573.5
2573.5
2573.5
2573.6
2573.6
2573.6
2573.6
2573.7
2573.7
2573.8
2573.8
2573.8
2573.8
2573.9
2573.9
2574.0
2574.0
2574.0
2574.0
2574.1
2574.1
2574.1
2574.1
2574.2
2574.2
2574.2
2574.3
2574.3
2574.3
2574.3
2574.3
2574.3
2574.3
2574.4
2574.4
2574.4
2574.5
2574.5
2574.5
2574.6
2574.6
2574.7
2574.7
2574.8
2574.8
2574.8
2574.8
2574.9
2575.0
2575.1
2575.3
2575.3
2575.3
2575.5
2575.9
2575.9
2576.0
2576.0
2576.2
2576.4
2578.3
2578.5
2582.3
2583.0
2588.1
2589.3
2592.3
2593.3
2597.2
2611.3
2623.6
2624.2
2625.4
2626.2
2626.3
2626.4
2626.7
2626.9
2627.0
2627.5
2627.8
2628.1
2628.1
2628.6
2628.9
2629.2
2629.5
2629.7
2630.1
2630.3
2630.4
2630.8
2631.4
2632.2
2633.6
2633.8
2635.0
2635.1
2635.2
2638.4
2638.7
2639.0
2639.8
2643.3
2643.3
2643.5
2643.5
2644.9
2649.9
2727.4
2727.4
2727.4
2727.4
2727.4
2727.4
2727.4
2727.4
2727.4
2727.4
2727.4
2727.5
2727.5
2727.5
2727.5
2727.5
2727.5
2727.5
2727.5
2727.5
2727.5
2727.5
2727.5
2727.5
2727.5
2727.5
2727.5
2727.5
2727.5
2727.5
2727.5
2727.5
2727.5
2727.5
2727.5
2727.5
2727.5
2727.5
2727.5
2727.5
2727.5
2727.6
2727.6
2727.6
2727.6
2727.6
2727.6
2727.6
2727.6
2727.6
2727.6
2727.7
2727.7
2727.7
2727.7
2727.7
2727.7
2727.7
2727.7
2727.7
2727.8
2727.8
2727.8
2727.8
2727.8
2727.8
2727.8
2727.9
2727.9
2728.0
2728.0
2728.0
2728.0
2728.0
2728.1
2728.1
2728.2
2728.2
2728.2
2728.2
2728.2
2728.3
2728.3
2728.4
2728.6
2728.7
2728.8
2728.9
2729.2
2729.3
2729.4
2729.7
2729.7
2730.0
2730.1
2730.7
2730.7
2731.0
2731.0
2731.1
2731.1
2731.1
2731.2
2731.2
2731.2
2731.2
2731.2
2731.2
2731.2
2731.2
2731.2
2731.2
2731.3
2731.3
2731.3
2731.3
2731.3
2731.3
2731.3
2731.3
2731.3
2731.3
2731.3
2731.3
2731.3
2731.3
2731.4
2731.4
2731.4
2731.4
2731.4
2731.4
2731.4
2731.4
2731.4
2731.4
2731.4
2731.4
2731.4
2731.4
2731.5
2731.5
2731.5
2731.5
2731.5
2731.5
2731.5
2731.5
2731.5
2731.5
2731.5
2731.6
2731.6
2731.6
2731.6
2731.6
2731.6
2731.7
2731.7
2731.7
2731.7
2731.7
2731.7
2731.7
2731.7
2731.7
2731.8
2731.8
2731.8
2731.9
2731.9
2732.0
2732.0
2732.0
2732.0
2732.1
2732.1
2732.1
2732.1
2732.2
2732.2
2732.2
2732.3
2732.6
2732.7
2733.0
2733.1
2733.1
2733.7
2733.8
2734.3
2734.4
2734.7
2735.2
2735.3
2735.9
2736.1
2736.1
2736.2
2736.2
2736.2
2736.3
2736.3
2736.3
2736.3
2736.4
2736.4
2736.4
2736.4
2736.4
2736.4
2736.5
2736.5
2736.5
2736.6
2736.6
2736.6
2736.6
2736.6
2736.6
2736.6
2736.6
2736.7
2736.7
2736.7
2736.7
2736.7
2736.7
2736.7
2736.7
2736.7
2736.7
2736.7
2736.7
2736.7
2736.8
2736.8
2736.8
2736.8
2736.8
2736.8
2736.9
2736.9
2736.9
2736.9
2736.9
2736.9
2736.9
2736.9
2736.9
2737.0
2737.0
2737.0
2737.0
2737.0
2737.0
2737.0
2737.0
2737.0
2737.1
2737.1
2737.1
2737.1
2737.1
2737.1
2737.2
2737.2
2737.2
2737.2
2737.2
2737.3
2737.3
2737.3
2737.3
2737.3
2737.3
2737.5
2737.5
2737.6
2737.6
2737.6
2737.7
2737.8
2738.0
2738.1
2738.4
2738.5
2738.6
2739.3
2739.4
2740.3
2740.9
2741.7
2741.7
2741.9
2742.9
2743.2
2743.2
2743.4
2743.4
2743.5
2743.6
2743.6
2743.6
2743.6
2743.7
2743.8
2743.8
2743.9
2744.0
2744.0
2744.0
2744.0
2744.1
2744.1
2744.1
2744.3
2744.3
2744.3
2744.4
2744.4
2744.4
2744.4
2744.4
2744.4
2744.5
2744.5
2744.6
2744.6
2744.6
2744.6
2744.7
2744.7
2744.7
2744.7
2744.7
2744.7
2744.8
2744.8
2744.8
2744.9
2745.0
2745.0
2745.1
2745.1
2745.1
2745.1
2745.2
2745.2
2745.2
2745.2
2745.2
2745.2
2745.2
2745.3
2745.3
2745.3
2745.3
2745.3
2745.4
2745.5
2745.5
2745.5
2745.6
2745.6
2745.6
2745.6
2745.7
2745.7
2745.7
2745.8
2745.8
2745.8
2745.9
2746.1
2746.2
2746.3
2746.3
2746.6
2746.7
2746.7
2747.0
2747.1
2747.2
2747.3
2747.4
2747.5
2747.7
2748.2
2748.5
2750.6
2754.3
2755.0
2756.1
2761.8
2892.9
2892.9
2892.9
2892.9
2892.9
2892.9
2892.9
2892.9
2892.9
2892.9
2892.9
2892.9
2892.9
2892.9
2892.9
2893.0
2893.0
2893.0
2893.0
2893.0
2893.0
2893.0
2893.0
2893.0
2893.0
2893.0
2893.0
2893.0
2893.0
2893.0
2893.0
2893.0
2893.0
2893.0
2893.0
2893.0
2893.0
2893.1
2893.1
2893.1
2893.1
2893.1
2893.1
2893.1
2893.1
2893.1
2893.1
2893.1
2893.1
2893.1
2893.1
2893.1
2893.1
2893.2
2893.2
2893.2
2893.2
2893.2
2893.3
2893.3
2893.3
2893.3
2893.4
2893.4
2893.4
2893.4
2893.5
2893.5
2893.5
2893.5
2893.5
2893.6
2893.6
2893.7
2893.7
2893.7
2893.7
2893.8
2893.8
2893.8
2893.9
2893.9
2893.9
2894.0
2894.1
2894.2
2894.3
2894.4
2894.8
2894.9
2895.0
2895.2
2895.2
2895.8
2896.0
2896.3
2896.3
2896.5
2896.6
2896.6
2896.6
2896.6
2896.7
2896.7
2896.7
2896.7
2896.7
2896.7
2896.7
2896.7
2896.7
2896.8
2896.8
2896.8
2896.8
2896.8
2896.8
2896.8
2896.8
2896.8
2896.8
2896.8
2896.9
2896.9
2896.9
2896.9
2896.9
2896.9
2896.9
2896.9
2896.9
2896.9
2896.9
2896.9
2896.9
2896.9
2897.0
2897.0
2897.0
2897.0
2897.0
2897.0
2897.0
2897.0
2897.0
2897.0
2897.0
2897.0
2897.1
2897.1
2897.1
2897.1
2897.1
2897.1
2897.1
2897.1
2897.1
2897.2
2897.2
2897.2
2897.3
2897.3
2897.3
2897.3
2897.3
2897.4
2897.4
2897.4
2897.4
2897.5
2897.5
2897.5
2897.5
2897.6
2897.7
2897.7
2897.7
2897.7
2897.8
2897.8
2897.9
2897.9
2897.9
2898.2
2898.3
2898.5
2898.7
2898.9
2899.3
2899.6
2899.9
2900.0
2900.3
2901.1
2901.2
2901.4
2901.5
2901.7
2901.7
2901.7
2901.7
2901.7
2901.8
2901.8
2901.8
2901.8
2901.9
2901.9
2901.9
2901.9
2901.9
2902.0
2902.0
2902.0
2902.0
2902.0
2902.0
2902.1
2902.1
2902.1
2902.1
2902.2
2902.2
2902.2
2902.2
2902.2
2902.2
2902.2
2902.2
2902.3
2902.3
2902.3
2902.3
2902.3
2902.3
2902.3
2902.3
2902.4
2902.4
2902.4
2902.4
2902.4
2902.4
2902.4
2902.4
2902.4
2902.4
2902.5
2902.5
2902.5
2902.5
2902.5
2902.5
2902.5
2902.5
2902.5
2902.6
2902.6
2902.6
2902.6
2902.7
2902.7
2902.7
2902.7
2902.7
2902.7
2902.7
2902.7
2902.7
2902.8
2902.8
2902.8
2902.8
2902.8
2902.8
2902.9
2902.9
2902.9
2903.0
2903.1
2903.1
2903.1
2903.2
2903.6
2903.7
2903.7
2903.9
2904.3
2904.5
2904.9
2905.4
2905.7
2906.4
2907.1
2907.2
2908.3
2908.6
2908.6
2908.7
2908.9
2908.9
2909.0
2909.0
2909.0
2909.1
2909.1
2909.1
2909.2
2909.2
2909.2
2909.2
2909.2
2909.3
2909.4
2909.4
2909.4
2909.5
2909.5
2909.5
2909.5
2909.6
2909.6
2909.7
2909.8
2909.8
2909.8
2909.8
2909.8
2909.9
2909.9
2909.9
2909.9
2909.9
2910.0
2910.0
2910.0
2910.1
2910.1
2910.2
2910.2
2910.2
2910.3
2910.3
2910.3
2910.4
2910.4
2910.5
2910.5
2910.5
2910.5
2910.5
2910.5
2910.6
2910.6
2910.6
2910.7
2910.7
2910.7
2910.7
2910.8
2910.8
2910.8
2910.8
2910.8
2910.9
2910.9
2910.9
2910.9
2911.0
2911.0
2911.1
2911.1
2911.1
2911.2
2911.2
2911.2
2911.3
2911.3
2911.3
2911.6
2911.6
2911.7
2911.7
2912.0
2912.2
2912.3
2912.4
2912.5
2912.7
2912.7
2913.6
2915.6
2916.1
2919.3
2919.4
2926.0
2926.5
2929.5
2931.4
2940.5
2942.1
2948.6
2951.1
2955.3
2955.8
2956.3
2956.3
2956.5
2958.8
2958.9
2959.6
2960.1
2960.2
2960.2
2960.3
2960.7
2960.9
2961.3
2961.5
2961.6
2961.9
2961.9
2962.2
2962.2
2962.4
2962.7
2962.8
2963.1
2963.8
2964.8
2964.8
2965.3
2965.3
2965.5
2966.2
2966.4
2967.0
2967.2
2967.3
2967.7
2968.0
2968.1
2968.2
2968.5
2968.9
2969.9
2970.0
2971.3
2973.7
2974.7
2975.7
2978.0
2978.1
2978.7
2983.1
2997.2
2997.4
