932.7
933.0
933.5
934.1
934.4
934.8
934.9
935.0
935.1
935.2
935.4
935.7
936.1
936.3
936.4
936.5
936.5
936.8
936.9
937.4
937.5
937.6
937.6
937.8
937.9
937.9
938.1
938.1
938.3
938.4
938.5
938.5
938.5
938.6
938.6
938.7
938.9
939.0
939.0
939.0
939.1
939.1
939.1
939.1
939.1
939.2
939.3
939.4
939.5
939.5
939.8
939.8
939.9
939.9
940.0
940.0
940.3
940.4
940.6
940.8
940.9
940.9
941.0
941.6
941.6
941.7
941.8
941.8
942.1
942.2
942.3
942.3
942.5
942.7
942.7
942.8
943.1
943.1
943.2
943.3
943.5
943.5
943.5
943.8
943.8
944.3
944.6
944.7
945.0
945.4
945.6
945.8
946.3
947.0
947.2
947.3
948.7
949.5
950.3
950.4
950.6
951.7
952.6
954.0
955.4
957.8
1049.6
1049.7
1050.0
1050.1
1050.2
1050.2
1050.3
1050.4
1050.5
1050.5
1050.7
1050.7
1050.7
1050.7
1050.8
1050.8
1050.8
1050.8
1050.9
1050.9
1050.9
1050.9
1050.9
1051.0
1051.0
1051.0
1051.1
1051.1
1051.1
1051.2
1051.2
1051.2
1051.3
1051.4
1051.4
1051.4
1051.5
1051.5
1051.5
1051.5
1051.5
1051.5
1051.6
1051.6
1051.6
1051.6
1051.6
1051.7
1051.7
1051.7
1051.7
1051.7
1051.7
1051.8
1051.8
1051.8
1051.9
1052.1
1052.2
1052.2
1052.2
1052.3
1052.4
1052.5
1052.5
1052.6
1052.6
1052.6
1052.7
1052.7
1052.8
1052.8
1052.9
1052.9
1052.9
1052.9
1053.0
1053.0
1053.1
1053.1
1053.1
1053.1
1053.1
1053.2
1053.3
1053.6
1053.6
1053.7
1053.9
1054.0
1054.1
1054.1
1054.3
1054.5
1054.6
1054.6
1055.2
1055.8
1056.6
1057.0
1057.5
1057.8
1058.2
1059.0
1061.1
1067.0
1208.9
1209.1
1209.1
1209.1
1209.2
1209.2
1209.2
1209.2
1209.2
1209.2
1209.3
1209.3
1209.3
1209.3
1209.3
1209.3
1209.3
1209.3
1209.3
1209.3
1209.3
1209.3
1209.3
1209.3
1209.3
1209.4
1209.4
1209.4
1209.4
1209.4
1209.4
1209.4
1209.4
1209.4
1209.4
1209.4
1209.4
1209.4
1209.4
1209.4
1209.4
1209.4
1209.4
1209.4
1209.4
1209.4
1209.5
1209.5
1209.5
1209.5
1209.5
1209.5
1209.5
1209.5
1209.5
1209.5
1209.5
1209.5
1209.5
1209.5
1209.5
1209.5
1209.5
1209.5
1209.5
1209.5
1209.5
1209.5
1209.5
1209.5
1209.5
1209.5
1209.6
1209.6
1209.6
1209.6
1209.6
1209.6
1209.6
1209.6
1209.6
1209.6
1209.6
1209.6
1209.6
1209.6
1209.7
1209.7
1209.7
1209.7
1209.7
1209.7
1209.7
1209.7
1209.7
1209.7
1209.7
1209.7
1209.7
1209.7
1209.8
1209.8
1209.9
1209.9
1209.9
1210.0
1272.7
1273.1
1273.3
1273.3
1273.4
1273.4
1273.4
1273.5
1273.6
1273.7
1273.7
1273.8
1273.8
1273.9
1273.9
1273.9
1274.0
1274.0
1274.0
1274.0
1274.1
1274.1
1274.1
1274.1
1274.1
1274.2
1274.2
1274.2
1274.2
1274.2
1274.2
1274.2
1274.2
1274.2
1274.2
1274.2
1274.3
1274.3
1274.3
1274.3
1274.3
1274.4
1274.4
1274.4
1274.4
1274.4
1274.4
1274.4
1274.4
1274.4
1274.4
1274.4
1274.5
1274.5
1274.5
1274.5
1274.5
1274.5
1274.6
1274.6
1274.6
1274.6
1274.6
1274.7
1274.7
1274.7
1274.7
1274.8
1274.8
1274.9
1274.9
1274.9
1274.9
1274.9
1274.9
1274.9
1274.9
1274.9
1275.0
1275.0
1275.0
1275.0
1275.0
1275.1
1275.1
1275.1
1275.2
1275.2
1275.2
1275.2
1275.2
1275.2
1275.2
1275.3
1275.3
1275.3
1275.4
1275.4
1275.4
1275.4
1275.4
1275.5
1275.7
1275.7
1276.1
1276.2
1383.1
1383.2
1383.2
1383.2
1383.2
1383.2
1383.3
1383.3
1383.3
1383.3
1383.3
1383.3
1383.3
1383.3
1383.3
1383.3
1383.3
1383.3
1383.3
1383.3
1383.3
1383.3
1383.3
1383.3
1383.3
1383.3
1383.3
1383.3
1383.3
1383.4
1383.4
1383.4
1383.4
1383.4
1383.4
1383.4
1383.4
1383.4
1383.4
1383.4
1383.4
1383.4
1383.4
1383.4
1383.4
1383.4
1383.4
1383.4
1383.4
1383.4
1383.4
1383.4
1383.4
1383.4
1383.4
1383.4
1383.5
1383.5
1383.5
1383.5
1383.5
1383.5
1383.5
1383.5
1383.5
1383.5
1383.5
1383.5
1383.5
1383.5
1383.5
1383.5
1383.5
1383.5
1383.5
1383.5
1383.5
1383.5
1383.5
1383.5
1383.5
1383.5
1383.5
1383.5
1383.6
1383.6
1383.6
1383.6
1383.6
1383.6
1383.6
1383.6
1383.6
1383.6
1383.6
1383.6
1383.6
1383.6
1383.6
1383.6
1383.7
1383.7
1383.7
1383.7
1383.7
1383.7
1547.5
1547.5
1547.5
1547.5
1547.5
1547.6
1547.6
1547.7
1547.8
1547.8
1547.8
1547.8
1547.8
1547.8
1547.8
1547.8
1547.9
1547.9
1547.9
1547.9
1547.9
1547.9
1547.9
1547.9
1548.0
1548.0
1548.0
1548.0
1548.0
1548.0
1548.0
1548.0
1548.0
1548.0
1548.1
1548.1
1548.1
1548.1
1548.1
1548.1
1548.1
1548.1
1548.1
1548.1
1548.1
1548.1
1548.1
1548.1
1548.1
1548.2
1548.2
1548.2
1548.2
1548.2
1548.2
1548.2
1548.2
1548.2
1548.2
1548.2
1548.2
1548.2
1548.3
1548.3
1548.3
1548.3
1548.3
1548.3
1548.3
1548.3
1548.4
1548.4
1548.4
1548.4
1548.4
1548.4
1548.4
1548.4
1548.4
1548.4
1548.4
1548.4
1548.4
1548.5
1548.5
1548.5
1548.5
1548.5
1548.5
1548.5
1548.5
1548.5
1548.5
1548.5
1548.6
1548.6
1548.6
1548.6
1548.7
1548.7
1548.7
1548.7
1548.7
1548.7
1548.7
1548.8
1615.7
1616.5
1616.6
1616.7
1617.0
1617.2
1617.2
1617.3
1617.6
1617.6
1617.7
1617.8
1617.9
1617.9
1618.0
1618.2
1618.3
1618.4
1618.4
1618.4
1618.4
1618.5
1618.5
1618.6
1618.6
1618.6
1618.6
1618.7
1618.8
1618.9
1618.9
1618.9
1618.9
1618.9
1618.9
1619.0
1619.0
1619.0
1619.1
1619.1
1619.1
1619.2
1619.2
1619.2
1619.2
1619.2
1619.2
1619.2
1619.3
1619.3
1619.4
1619.4
1619.4
1619.4
1619.5
1619.5
1619.6
1619.6
1619.6
1619.6
1619.9
1619.9
1620.0
1620.0
1620.0
1620.1
1620.2
1620.2
1620.2
1620.3
1620.3
1620.3
1620.4
1620.5
1620.6
1620.6
1620.7
1620.8
1620.9
1620.9
1620.9
1621.0
1621.0
1621.1
1621.2
1621.3
1621.5
1621.5
1621.6
1621.6
1622.0
1622.0
1622.1
1622.1
1622.1
1622.2
1622.3
1622.4
1622.4
1622.6
1622.8
1623.1
1623.7
1624.2
1624.7
1625.1
1720.7
1720.8
1720.8
1720.9
1720.9
1720.9
1720.9
1720.9
1720.9
1720.9
1720.9
1721.0
1721.0
1721.0
1721.0
1721.0
1721.0
1721.0
1721.0
1721.0
1721.0
1721.0
1721.0
1721.0
1721.0
1721.0
1721.0
1721.0
1721.0
1721.0
1721.1
1721.1
1721.1
1721.1
1721.1
1721.1
1721.1
1721.1
1721.1
1721.1
1721.1
1721.1
1721.1
1721.1
1721.1
1721.1
1721.1
1721.1
1721.1
1721.1
1721.1
1721.1
1721.2
1721.2
1721.2
1721.2
1721.2
1721.2
1721.2
1721.2
1721.2
1721.2
1721.2
1721.2
1721.2
1721.2
1721.2
1721.2
1721.2
1721.2
1721.2
1721.2
1721.2
1721.3
1721.3
1721.3
1721.3
1721.3
1721.3
1721.3
1721.3
1721.3
1721.3
1721.3
1721.3
1721.3
1721.3
1721.3
1721.3
1721.3
1721.3
1721.3
1721.3
1721.4
1721.4
1721.4
1721.4
1721.4
1721.4
1721.4
1721.4
1721.4
1721.4
1721.5
1721.5
1721.5
1884.0
1884.0
1884.0
1884.0
1884.1
1884.1
1884.2
1884.2
1884.3
1884.3
1884.3
1884.3
1884.4
1884.4
1884.4
1884.4
1884.4
1884.4
1884.4
1884.5
1884.5
1884.5
1884.5
1884.5
1884.5
1884.5
1884.5
1884.5
1884.5
1884.5
1884.5
1884.5
1884.6
1884.6
1884.6
1884.6
1884.6
1884.6
1884.6
1884.7
1884.7
1884.7
1884.7
1884.7
1884.7
1884.7
1884.7
1884.7
1884.7
1884.7
1884.7
1884.7
1884.7
1884.7
1884.8
1884.8
1884.8
1884.8
1884.8
1884.8
1884.8
1884.8
1884.8
1884.8
1884.9
1884.9
1884.9
1884.9
1884.9
1884.9
1884.9
1884.9
1884.9
1885.0
1885.0
1885.0
1885.0
1885.0
1885.0
1885.0
1885.0
1885.0
1885.0
1885.0
1885.0
1885.0
1885.0
1885.0
1885.0
1885.0
1885.1
1885.1
1885.1
1885.1
1885.1
1885.1
1885.2
1885.2
1885.2
1885.2
1885.2
1885.2
1885.3
1885.3
1885.3
1885.3
1950.4
1951.3
1951.4
1951.5
1952.0
1952.0
1952.1
1952.2
1952.4
1952.5
1952.7
1952.7
1952.9
1953.0
1953.0
1953.3
1953.4
1953.4
1953.5
1953.5
1953.5
1953.5
1953.5
1953.6
1953.6
1953.8
1953.9
1953.9
1954.0
1954.0
1954.0
1954.1
1954.1
1954.2
1954.2
1954.2
1954.2
1954.3
1954.4
1954.4
1954.4
1954.4
1954.5
1954.5
1954.5
1954.5
1954.5
1954.5
1954.5
1954.5
1954.6
1954.6
1954.7
1954.7
1954.7
1954.8
1954.8
1954.8
1954.9
1955.1
1955.1
1955.2
1955.3
1955.3
1955.4
1955.6
1955.6
1955.6
1955.8
1955.8
1955.9
1955.9
1956.0
1956.1
1956.3
1956.5
1956.6
1956.6
1956.8
1956.8
1956.8
1956.9
1956.9
1957.0
1957.0
1957.2
1957.4
1957.6
1957.8
1957.9
1958.0
1958.2
1958.3
1958.5
1958.6
1958.6
1958.7
1958.9
1958.9
1959.3
1959.9
1960.2
1961.6
1963.1
1964.0
1964.6
2056.8
2056.9
2056.9
2057.0
2057.0
2057.0
2057.0
2057.0
2057.0
2057.1
2057.1
2057.1
2057.1
2057.1
2057.1
2057.1
2057.1
2057.1
2057.1
2057.1
2057.1
2057.1
2057.1
2057.2
2057.2
2057.2
2057.2
2057.2
2057.2
2057.2
2057.2
2057.2
2057.2
2057.2
2057.2
2057.2
2057.2
2057.2
2057.2
2057.2
2057.2
2057.2
2057.2
2057.2
2057.2
2057.2
2057.2
2057.2
2057.2
2057.3
2057.3
2057.3
2057.3
2057.3
2057.3
2057.3
2057.3
2057.3
2057.3
2057.3
2057.3
2057.3
2057.3
2057.3
2057.3
2057.3
2057.4
2057.4
2057.4
2057.4
2057.4
2057.4
2057.4
2057.4
2057.4
2057.4
2057.4
2057.4
2057.4
2057.4
2057.4
2057.4
2057.4
2057.4
2057.4
2057.4
2057.4
2057.5
2057.5
2057.5
2057.5
2057.5
2057.5
2057.5
2057.5
2057.5
2057.5
2057.5
2057.6
2057.6
2057.6
2057.6
2057.6
2057.6
2057.6
2057.7
2220.4
2220.4
2220.5
2220.5
2220.5
2220.6
2220.6
2220.6
2220.7
2220.8
2220.8
2220.8
2220.8
2220.8
2220.8
2220.8
2220.8
2220.9
2220.9
2220.9
2220.9
2220.9
2220.9
2220.9
2220.9
2220.9
2221.0
2221.0
2221.0
2221.0
2221.0
2221.0
2221.0
2221.0
2221.0
2221.1
2221.1
2221.1
2221.1
2221.1
2221.1
2221.1
2221.1
2221.1
2221.1
2221.1
2221.1
2221.2
2221.2
2221.2
2221.2
2221.2
2221.2
2221.2
2221.2
2221.2
2221.2
2221.2
2221.2
2221.2
2221.3
2221.3
2221.3
2221.3
2221.3
2221.3
2221.3
2221.3
2221.3
2221.4
2221.4
2221.4
2221.4
2221.4
2221.4
2221.4
2221.5
2221.5
2221.5
2221.5
2221.5
2221.5
2221.5
2221.5
2221.5
2221.5
2221.5
2221.5
2221.5
2221.5
2221.6
2221.6
2221.6
2221.6
2221.6
2221.6
2221.7
2221.7
2221.7
2221.7
2221.7
2221.7
2221.8
2221.8
2221.8
2221.9
2285.9
2286.8
2287.0
2287.1
2287.6
2287.6
2287.7
2287.7
2287.9
2287.9
2288.3
2288.4
2288.4
2288.5
2288.6
2288.8
2288.8
2288.9
2288.9
2289.0
2289.0
2289.1
2289.1
2289.1
2289.3
2289.3
2289.4
2289.5
2289.5
2289.5
2289.7
2289.7
2289.8
2289.8
2289.8
2289.8
2289.8
2289.8
2289.9
2289.9
2289.9
2289.9
2290.0
2290.1
2290.1
2290.1
2290.1
2290.1
2290.1
2290.1
2290.2
2290.2
2290.2
2290.3
2290.4
2290.4
2290.4
2290.5
2290.5
2290.6
2290.7
2290.7
2290.7
2291.0
2291.1
2291.1
2291.2
2291.2
2291.3
2291.4
2291.6
2291.7
2291.8
2291.8
2291.8
2292.0
2292.1
2292.2
2292.4
2292.5
2292.5
2292.5
2292.6
2292.9
2292.9
2293.0
2293.1
2293.5
2293.7
2293.7
2293.7
2293.9
2294.0
2294.2
2294.8
2294.9
2294.9
2295.0
2295.0
2295.5
2295.9
2295.9
2297.2
2297.9
2298.6
2299.7
2393.0
2393.0
2393.0
2393.1
2393.1
2393.2
2393.2
2393.2
2393.2
2393.2
2393.2
2393.2
2393.2
2393.2
2393.2
2393.2
2393.2
2393.2
2393.2
2393.2
2393.2
2393.2
2393.3
2393.3
2393.3
2393.3
2393.3
2393.3
2393.3
2393.3
2393.3
2393.3
2393.3
2393.3
2393.3
2393.3
2393.3
2393.3
2393.3
2393.3
2393.4
2393.4
2393.4
2393.4
2393.4
2393.4
2393.4
2393.4
2393.4
2393.4
2393.4
2393.4
2393.4
2393.4
2393.4
2393.4
2393.4
2393.4
2393.4
2393.4
2393.4
2393.4
2393.4
2393.5
2393.5
2393.5
2393.5
2393.5
2393.5
2393.5
2393.5
2393.5
2393.5
2393.5
2393.5
2393.5
2393.5
2393.5
2393.5
2393.5
2393.5
2393.5
2393.5
2393.5
2393.6
2393.6
2393.6
2393.6
2393.6
2393.6
2393.6
2393.6
2393.6
2393.6
2393.6
2393.6
2393.6
2393.6
2393.7
2393.7
2393.7
2393.7
2393.7
2393.7
2393.7
2393.8
2556.7
2556.7
2556.8
2556.8
2556.8
2556.9
2556.9
2556.9
2557.0
2557.0
2557.1
2557.1
2557.1
2557.1
2557.1
2557.1
2557.2
2557.2
2557.2
2557.2
2557.2
2557.2
2557.2
2557.2
2557.2
2557.3
2557.3
2557.3
2557.3
2557.3
2557.3
2557.3
2557.3
2557.3
2557.3
2557.4
2557.4
2557.4
2557.4
2557.4
2557.4
2557.4
2557.4
2557.4
2557.4
2557.4
2557.4
2557.5
2557.5
2557.5
2557.5
2557.5
2557.5
2557.5
2557.5
2557.5
2557.5
2557.5
2557.5
2557.5
2557.6
2557.6
2557.6
2557.6
2557.6
2557.6
2557.6
2557.6
2557.6
2557.6
2557.7
2557.7
2557.7
2557.7
2557.7
2557.7
2557.7
2557.7
2557.8
2557.8
2557.8
2557.8
2557.8
2557.8
2557.8
2557.8
2557.8
2557.8
2557.8
2557.8
2557.8
2557.8
2557.8
2557.8
2557.9
2557.9
2557.9
2558.0
2558.0
2558.0
2558.0
2558.0
2558.0
2558.0
2558.0
2558.1
2623.3
2624.1
2624.4
2624.4
2624.9
2625.0
2625.0
2625.0
2625.1
2625.2
2625.6
2625.6
2625.6
2625.8
2625.9
2626.0
2626.1
2626.1
2626.1
2626.2
2626.3
2626.3
2626.3
2626.4
2626.5
2626.5
2626.6
2626.6
2626.7
2626.7
2626.8
2626.9
2627.0
2627.0
2627.0
2627.0
2627.0
2627.0
2627.1
2627.1
2627.1
2627.1
2627.1
2627.1
2627.3
2627.3
2627.3
2627.3
2627.3
2627.3
2627.3
2627.4
2627.4
2627.5
2627.5
2627.5
2627.6
2627.6
2627.7
2627.7
2627.7
2627.8
2627.8
2628.1
2628.2
2628.2
2628.2
2628.3
2628.4
2628.5
2628.6
2628.8
2628.9
2628.9
2628.9
2629.0
2629.0
2629.2
2629.4
2629.5
2629.5
2629.5
2629.6
2629.7
2629.8
2629.9
2630.1
2630.3
2630.4
2630.5
2630.6
2630.6
2630.9
2631.0
2631.4
2631.7
2631.7
2631.7
2631.8
2632.1
2632.2
2632.5
2633.1
2634.1
2634.4
2635.3
2729.4
2729.5
2729.5
2729.6
2729.6
2729.6
2729.7
2729.7
2729.7
2729.7
2729.7
2729.7
2729.7
2729.7
2729.7
2729.7
2729.7
2729.7
2729.7
2729.7
2729.7
2729.7
2729.8
2729.8
2729.8
2729.8
2729.8
2729.8
2729.8
2729.8
2729.8
2729.8
2729.8
2729.8
2729.8
2729.8
2729.8
2729.8
2729.8
2729.8
2729.8
2729.8
2729.8
2729.8
2729.9
2729.9
2729.9
2729.9
2729.9
2729.9
2729.9
2729.9
2729.9
2729.9
2729.9
2729.9
2729.9
2729.9
2729.9
2729.9
2729.9
2729.9
2729.9
2729.9
2730.0
2730.0
2730.0
2730.0
2730.0
2730.0
2730.0
2730.0
2730.0
2730.0
2730.0
2730.0
2730.0
2730.0
2730.0
2730.0
2730.0
2730.0
2730.0
2730.0
2730.0
2730.1
2730.1
2730.1
2730.1
2730.1
2730.1
2730.1
2730.1
2730.1
2730.1
2730.1
2730.1
2730.1
2730.2
2730.2
2730.2
2730.2
2730.2
2730.2
2730.2
2730.2
2892.9
2892.9
2892.9
2893.0
2893.0
2893.1
2893.1
2893.1
2893.2
2893.2
2893.2
2893.2
2893.3
2893.3
2893.3
2893.3
2893.3
2893.3
2893.3
2893.4
2893.4
2893.4
2893.4
2893.4
2893.4
2893.4
2893.4
2893.4
2893.4
2893.4
2893.5
2893.5
2893.5
2893.5
2893.5
2893.5
2893.5
2893.6
2893.6
2893.6
2893.6
2893.6
2893.6
2893.6
2893.6
2893.6
2893.6
2893.6
2893.6
2893.6
2893.6
2893.6
2893.6
2893.6
2893.6
2893.7
2893.7
2893.7
2893.7
2893.7
2893.7
2893.7
2893.7
2893.7
2893.7
2893.7
2893.7
2893.8
2893.8
2893.8
2893.8
2893.8
2893.8
2893.9
2893.9
2893.9
2893.9
2893.9
2893.9
2893.9
2893.9
2893.9
2893.9
2893.9
2893.9
2893.9
2893.9
2893.9
2893.9
2893.9
2893.9
2894.0
2894.0
2894.0
2894.0
2894.0
2894.1
2894.1
2894.1
2894.1
2894.1
2894.1
2894.1
2894.1
2894.1
2894.2
2958.2
2958.9
2959.3
2959.3
2959.9
2959.9
2959.9
2960.0
2960.1
2960.1
2960.5
2960.6
2960.6
2960.8
2960.8
2960.9
2961.0
2961.1
2961.2
2961.3
2961.3
2961.3
2961.3
2961.4
2961.4
2961.5
2961.6
2961.6
2961.8
2961.8
2961.9
2961.9
2962.0
2962.0
2962.0
2962.1
2962.1
2962.1
2962.1
2962.1
2962.1
2962.1
2962.2
2962.2
2962.3
2962.3
2962.3
2962.3
2962.4
2962.4
2962.4
2962.4
2962.4
2962.5
2962.6
2962.6
2962.7
2962.7
2962.8
2962.8
2962.9
2962.9
2962.9
2963.3
2963.3
2963.3
2963.4
2963.4
2963.5
2963.7
2963.8
2964.0
2964.0
2964.0
2964.0
2964.1
2964.3
2964.3
2964.6
2964.7
2964.7
2964.8
2964.8
2965.2
2965.2
2965.2
2965.4
2965.7
2965.8
2965.8
2965.9
2965.9
2966.2
2966.5
2966.9
2967.2
2967.4
2967.4
2967.6
2967.7
2967.9
2968.4
2969.0
2970.2
2970.3
2971.0
