752
519
519
752
423
567
667
158
542
788
368
507
551
625
733
750
840
500
387
832
547
709
599
802
449
538
644
440
562
395
476
736
136
464
492
761
581
351
441
872
373
400
782
384
210
408
577
865
452
467
829
711
326
805
848
240
723
419
537
576
646
897
554
570
414
689
150
688
890
559
480
330
462
482
179
469
489
821
432
556
687
512
517
793
319
463
455
529
279
639
825
305
155
316
477
605
515
468
624
255
623
633
755
484
364
746
800
762
269
557
415
385
867
550
149
454
146
346
417
607
487
796
586
669
152
215
594
914
728
675
767
851
184
459
486
474
223
406
692
410
640
742
822
710
446
568
156
372
856
370
172
686
438
804
362
478
645
813
154
838
528
548
743
169
345
565
102
244
198
204
622
679
175
642
812
250
536
182
495
138
185
439
729
177
608
794
491
852
511
920
564
786
792
885
189
371
525
842
117
619
320
587
615
816
899
311
436
589
785
339
764
787
350
535
520
260
552
696
377
656
811
881
843
193
553
460
483
638
604
527
677
107
272
768
192
304
281
321
485
139
224
247
365
654
221
246
744
217
359
428
758
828
125
582
708
98
112
603
237
284
850
777
211
355
256
274
409
236
671
543
636
791
151
894
111
197
678
734
807
100
258
336
228
606
749
837
879
904
285
663
220
549
119
188
392
502
740
133
575
716
127
416
153
918
147
266
695
282
475
699
498
803
329
218
555
110
878
668
648
889
714
561
898
338
405
352
298
524
685
701
584
809
826
95
398
303
206
457
522
283
727
870
657
661
99
437
572
161
418
254
530
730
327
634
765
397
239
165
501
926
163
394
609
774
779
884
126
213
731
145
431
588
157
780
735
950
598
860
917
262
901
931
659
505
921
325
363
513
725
173
680
268
393
234
309
591
747
389
737
912
814
251
288
704
895
137
533
835
903
187
313
466
444
772
585
109
808
929
194
202
841
300
516
769
241
902
908
382
144
754
231
919
510
839
280
123
940
532
90
473
833
170
340
569
916
106
907
923
229
732
590
132
514
72
245
681
291
212
386
574
927
911
674
54
261
93
96
64
259
252
795
78
883
621
164
519
158
423
507
567
542
667
788
832
387
368
752
136
500
625
551
440
599
547
733
464
476
351
750
782
761
538
840
240
395
441
449
709
897
210
408
802
865
400
452
492
736
155
373
577
829
872
150
512
644
848
330
467
482
581
805
890
326
559
570
723
319
384
419
562
179
689
711
646
821
825
639
783
184
279
468
487
529
537
687
146
480
517
576
688
793
149
414
462
514
556
755
152
305
432
463
469
554
867
346
364
455
477
623
678
767
800
102
154
434
489
550
851
198
255
459
624
914
215
269
415
436
454
457
509
605
156
372
385
607
746
796
316
484
557
804
204
223
417
515
548
568
742
920
117
446
692
728
762
406
669
743
362
586
587
633
813
852
172
177
486
536
386
460
474
638
645
822
173
185
438
495
679
838
169
283
410
590
856
899
175
182
350
439
478
511
565
640
710
791
98
112
541
686
812
904
101
370
450
528
558
729
794
811
885
107
193
336
371
420
444
491
575
589
675
873
189
197
244
428
520
555
593
594
758
138
260
338
345
828
843
483
503
842
304
321
493
524
615
622
642
754
764
377
473
564
608
656
677
792
180
281
320
365
470
749
787
816
125
247
533
614
696
100
160
188
192
339
803
111
496
604
713
730
786
131
139
224
246
250
272
277
708
211
392
525
659
727
807
826
850
217
256
513
763
485
527
619
768
774
777
785
110
119
170
714
737
418
552
611
663
864
284
311
355
591
695
881
228
237
309
361
409
465
481
837
236
437
606
654
889
151
258
435
451
535
553
835
99
133
135
359
422
582
145
153
329
431
471
475
603
701
744
221
282
543
636
668
833
875
127
266
270
433
453
627
917
220
426
443
505
632
797
809
892
894
108
274
285
405
416
516
95
147
447
506
561
716
808
878
494
857
187
397
442
549
648
879
918
218
510
585
601
839
844
206
251
357
502
734
233
398
584
628
841
863
245
401
334
394
126
165
298
389
672
699
303
352
498
501
572
795
522
779
860
213
297
740
871
144
239
445
530
831
898
183
225
254
306
157
634
765
799
569
598
657
685
163
375
670
671
719
235
427
650
870
231
242
769
849
327
382
142
288
161
448
790
388
466
661
280
194
268
78
884
926
862
262
276
340
905
817
109
313
693
766
921
363
655
680
684
120
300
588
814
295
651
883
366
381
781
393
717
259
901
950
106
421
353
571
293
380
214
325
137
609
621
234
241
725
931
855
93
261
574
704
94
861
882
90
148
202
301
834
123
747
307
521
700
705
903
404
132
488
682
92
735
772
912
929
103
166
430
620
919
72
683
731
780
229
635
652
124
129
390
164
302
212
902
115
616
195
908
96
249
84
923
54
69
337
940
64
291
858
935
74
907
230
674
732
252
60
360
911
697
335
85
81
275
315
116
915
757
323
944
73
778
68
937
943
65
399
927
374
71
658
424
232
820
934
916
208
896
876
267
174
51
532
707
733
75
854
938
519
158
507
542
567
667
423
500
387
368
752
551
625
599
788
440
832
547
136
441
476
733
761
452
464
538
782
408
512
351
449
467
577
750
240
395
897
559
709
373
492
570
840
482
562
644
736
829
419
723
210
581
646
802
890
155
326
400
487
689
848
150
330
384
639
711
865
319
468
529
805
872
509
462
463
517
556
576
687
480
514
623
184
279
305
469
537
364
414
434
489
554
678
688
767
179
346
455
459
607
755
783
821
825
432
436
454
477
548
550
568
587
146
557
605
793
149
152
372
415
746
914
198
215
223
457
536
624
804
385
446
796
102
515
728
867
154
417
484
486
669
800
851
255
316
406
460
638
645
742
743
920
204
269
283
362
586
117
438
439
495
541
679
762
511
575
590
410
478
565
640
692
156
350
386
450
520
528
633
811
555
686
813
904
370
558
589
656
791
822
345
420
428
474
594
710
729
852
899
101
169
172
336
491
493
524
564
615
675
794
173
177
338
371
483
622
812
856
873
193
244
593
642
677
708
754
182
365
444
107
112
185
260
377
533
764
838
175
189
471
614
659
696
758
828
304
619
842
843
885
180
197
470
730
98
138
339
361
473
525
608
803
160
604
256
320
321
496
713
188
250
281
513
527
786
792
816
192
246
247
272
392
409
465
553
582
606
727
749
787
807
131
355
422
485
611
663
835
100
125
139
451
535
552
768
837
111
217
284
437
447
777
850
431
475
654
695
714
826
170
211
224
277
359
505
627
737
785
889
110
119
258
309
418
516
591
603
701
763
774
236
311
405
481
543
237
636
797
228
632
744
833
917
151
329
426
145
220
443
561
585
628
881
99
133
506
668
809
894
282
285
397
433
453
510
648
716
108
135
153
266
357
503
549
584
601
808
857
864
879
127
206
416
494
389
502
839
918
147
394
522
270
672
734
863
221
233
598
831
841
878
251
274
398
401
569
572
779
165
634
670
860
501
765
875
892
95
218
498
657
306
334
375
187
245
303
352
427
435
799
126
699
157
235
254
388
740
661
213
298
442
671
685
898
297
466
781
183
380
445
795
849
382
684
766
769
142
231
239
280
844
144
650
817
871
225
327
421
926
163
242
268
340
693
300
855
905
161
530
700
870
148
448
588
288
325
363
921
404
620
680
884
262
295
313
883
109
194
862
950
276
682
717
861
393
651
719
574
705
790
901
814
120
293
834
241
376
78
259
497
609
261
521
655
234
425
621
106
704
94
214
571
725
778
931
307
337
93
137
747
90
123
353
488
731
381
202
366
390
735
882
912
230
92
301
903
929
103
635
919
132
647
652
229
772
72
166
683
780
616
195
129
164
681
880
124
208
902
212
302
275
115
116
908
911
374
907
54
96
84
399
923
249
64
940
820
935
291
674
69
252
858
60
732
74
85
757
81
519
158
423
507
542
567
667
368
387
752
788
832
500
625
136
440
551
599
547
733
464
476
750
761
782
351
538
441
240
395
408
449
452
709
840
577
897
210
373
400
492
512
736
802
829
467
559
644
865
155
482
805
848
872
890
150
330
419
562
570
581
723
326
384
319
689
179
487
639
646
711
468
529
825
184
279
480
517
537
576
687
783
821
462
463
514
556
688
755
146
305
346
414
469
554
623
678
767
793
149
152
364
432
434
455
509
459
477
489
550
800
867
102
154
198
415
436
454
457
607
624
796
851
914
215
255
372
548
557
605
746
804
223
269
385
484
568
204
316
406
417
446
515
587
728
742
156
536
669
743
762
920
117
362
586
692
386
460
486
633
638
645
813
172
283
438
450
590
679
852
904
177
439
495
511
541
791
822
169
173
350
474
478
558
565
575
640
686
710
899
182
185
410
503
528
729
811
838
856
101
112
336
370
420
428
520
555
593
794
812
873
175
193
260
345
371
444
491
589
675
885
98
107
189
244
338
493
594
656
754
758
828
843
197
473
483
524
533
564
615
622
642
677
138
180
304
365
377
764
803
842
470
608
614
792
131
160
320
321
496
696
708
713
749
787
188
192
246
247
250
281
339
513
604
659
730
816
111
125
471
525
619
727
100
139
256
272
361
392
611
786
170
211
217
224
277
807
826
850
355
485
527
714
763
785
835
110
119
284
409
418
422
465
553
582
591
606
695
737
768
774
777
151
236
311
435
437
447
451
481
552
654
663
837
889
228
258
309
431
535
864
183
237
359
475
601
632
744
881
329
426
543
627
701
833
857
99
135
145
153
505
510
516
603
636
668
797
809
875
892
917
108
133
220
266
282
453
506
894
270
285
397
405
433
443
716
808
221
233
274
357
416
442
561
628
839
127
206
494
501
549
585
878
147
401
584
648
831
841
879
251
863
918
245
389
398
502
672
734
187
218
297
334
388
404
779
95
165
242
394
522
700
844
860
126
498
569
572
670
795
213
306
352
427
448
765
849
871
254
375
530
598
685
699
740
781
855
142
144
157
239
298
634
657
671
799
898
225
231
235
303
693
295
421
612
817
163
280
380
445
650
766
790
214
276
382
661
769
905
684
719
862
340
466
798
161
194
262
268
327
374
620
425
499
655
861
148
288
497
745
870
883
884
78
109
399
926
293
748
834
921
120
300
313
381
407
430
521
588
680
778
259
461
814
651
717
241
307
325
363
366
571
705
621
106
353
393
950
574
635
901
261
337
376
488
609
616
94
595
124
234
335
682
704
93
232
882
103
721
726
137
166
208
249
725
90
123
390
931
92
202
230
301
747
302
629
683
731
735
116
132
186
757
129
652
880
919
275
328
369
772
903
164
229
912
929
195
909
780
472
681
820
72
212
360
424
874
128
252
868
859
115
858
902
174
911
84
534
96
908
906
907
923
69
935
54
674
291
940
267
526
64
74
315
647
697
673
391
60
411
88
895
732
739
287
900
738
943
81
85
915
73
658
927
722
122
824
631
944
344
323
181
532
68
600
83
720
937
65
876
113
71
519
158
542
507
567
667
423
788
136
368
387
752
832
599
500
551
440
625
733
240
464
547
750
351
538
476
761
210
395
441
782
840
897
449
492
373
400
408
452
709
802
865
155
467
577
736
829
559
644
805
890
150
319
419
482
848
872
179
330
512
562
570
581
639
326
384
723
184
279
468
487
529
711
825
480
517
537
646
688
149
305
687
689
146
152
469
554
576
623
767
154
455
462
463
556
755
198
215
223
255
346
477
678
793
821
415
800
102
204
414
434
457
459
550
607
624
269
364
436
489
514
515
783
796
851
156
509
557
605
867
914
316
406
454
484
548
804
117
385
432
669
746
762
177
372
728
362
536
568
586
742
172
386
417
446
743
920
169
460
474
486
633
904
173
283
450
587
590
638
645
692
791
813
822
852
182
185
503
679
686
838
856
112
345
541
98
193
438
439
478
495
511
558
565
575
710
899
101
107
175
197
260
336
811
138
189
250
350
370
594
640
794
812
828
244
338
491
520
524
528
555
656
675
729
843
873
410
420
428
444
564
758
885
192
304
371
473
483
493
642
764
792
842
111
131
593
622
160
188
246
365
377
615
677
754
787
139
170
180
320
496
589
696
247
277
281
604
608
713
217
224
272
708
727
803
100
119
125
211
470
513
525
533
619
816
256
321
339
611
614
714
749
826
284
311
392
553
730
786
110
228
355
527
606
659
768
785
835
151
258
409
437
485
552
850
236
582
774
807
183
359
418
654
737
763
881
135
145
237
431
475
535
777
837
864
127
153
220
447
481
632
663
695
875
221
422
591
603
668
133
361
451
471
543
601
797
857
99
108
147
233
285
309
465
744
809
889
266
270
274
329
453
505
510
627
636
206
282
416
716
833
894
917
397
426
501
839
892
218
251
516
701
245
357
561
628
878
334
435
506
549
808
879
398
405
433
443
494
502
584
585
648
734
841
918
165
213
394
672
863
187
401
498
522
779
95
126
306
144
239
254
740
844
297
303
352
389
569
572
657
670
699
781
871
235
242
298
163
231
860
161
280
375
530
671
685
898
157
442
765
769
849
276
295
650
700
766
142
634
225
262
327
404
598
831
661
78
445
693
795
288
388
427
790
109
214
382
421
655
799
862
120
268
905
340
448
884
926
194
719
883
381
870
817
259
466
588
241
300
684
814
106
313
380
399
921
325
425
620
680
834
861
363
571
651
717
950
261
366
609
855
124
234
307
682
705
148
293
901
90
137
353
393
93
497
621
704
574
123
166
521
882
202
778
735
931
731
725
745
94
747
164
229
230
132
335
929
103
129
186
488
116
616
92
374
780
798
903
912
772
430
748
683
301
390
72
275
635
652
919
212
195
337
302
249
908
902
115
376
252
208
84
911
54
858
96
232
859
907
923
880
369
291
940
64
681
757
69
674
74
360
534
909
935
60
315
732
81
85
697
595
927
519
158
423
507
542
567
667
788
832
368
387
752
500
136
625
440
551
599
547
733
464
476
750
761
782
351
538
840
240
395
408
441
449
452
709
897
210
400
492
736
802
373
577
829
865
467
482
512
644
805
848
872
890
150
155
330
559
326
419
562
570
581
723
319
384
179
689
711
487
639
646
825
184
468
529
783
821
279
480
517
537
576
687
688
146
462
469
514
556
755
793
149
152
305
346
414
463
554
623
678
767
364
432
434
455
477
800
867
102
154
457
459
489
509
550
624
851
198
215
255
415
436
607
796
914
223
269
372
454
557
605
746
804
204
316
385
484
515
548
568
156
406
417
446
669
728
742
920
117
586
587
692
743
762
362
386
536
813
852
172
460
486
633
638
645
177
283
450
590
679
791
822
904
169
173
438
439
474
495
511
541
686
838
182
185
350
478
503
558
565
640
710
811
856
899
101
112
336
410
528
575
729
794
812
98
175
193
345
370
371
420
428
444
491
520
555
593
873
885
107
197
260
338
589
594
675
758
828
843
189
244
524
656
754
138
180
304
473
483
493
533
564
615
622
642
677
764
842
365
377
792
803
131
160
192
320
321
470
496
608
614
696
749
787
188
246
247
250
281
604
708
713
816
111
125
339
513
659
727
730
100
139
170
211
272
277
525
224
256
392
471
611
619
786
807
826
850
119
217
355
361
714
763
785
835
110
284
409
418
435
485
527
553
695
737
768
774
777
151
236
311
422
437
465
552
582
591
606
837
864
889
183
228
258
431
447
451
481
654
663
881
237
309
535
601
135
359
426
475
543
632
744
833
857
875
892
99
108
145
153
329
510
603
627
668
701
797
809
917
133
220
266
270
282
453
505
516
636
894
221
233
285
433
506
716
808
839
127
274
397
405
416
442
443
878
147
206
357
494
561
628
251
401
501
549
585
648
831
841
879
245
584
863
187
218
398
502
672
734
918
95
242
297
334
389
779
844
165
388
394
404
700
860
126
498
522
572
795
871
213
306
352
427
569
670
849
144
239
254
375
448
530
685
699
740
765
781
855
898
142
157
298
598
657
671
799
225
231
235
295
303
634
693
790
163
214
276
280
421
445
612
650
766
769
817
905
380
382
499
862
161
661
719
340
684
798
78
194
262
268
327
374
466
745
861
288
425
620
655
748
870
883
497
884
109
120
148
293
399
926
381
430
834
921
259
300
313
407
521
588
680
778
814
106
241
307
366
461
571
717
325
363
651
705
353
621
901
950
261
393
574
635
124
337
609
616
93
94
232
335
376
488
595
704
234
682
726
882
103
137
166
208
90
249
92
123
721
725
931
202
390
116
186
230
302
301
731
735
747
757
129
132
629
683
652
903
919
164
229
275
328
369
472
772
880
912
929
195
909
780
820
72
681
212
128
874
360
868
859
252
424
115
858
174
902
911
391
84
96
534
906
908
923
54
74
647
907
69
935
674
267
291
526
940
64
673
315
895
411
697
739
60
287
732
88
900
181
738
81
631
915
943
85
122
824
722
73
658
927
168
720
344
944
532
323
600
83
68
65
113
876
937
71
519
158
423
567
507
667
542
788
387
368
832
752
136
500
551
625
599
440
464
351
476
547
733
750
782
210
240
395
538
761
897
441
449
709
840
408
492
802
865
373
400
577
736
155
330
452
512
829
150
467
644
319
581
805
890
482
559
562
848
872
179
326
384
419
570
723
279
639
646
711
825
468
487
529
689
783
146
184
480
517
537
688
821
149
414
462
469
576
623
687
767
305
432
463
554
556
793
152
346
455
755
154
364
434
457
489
102
198
215
255
316
415
459
477
514
550
607
800
867
223
269
624
678
851
204
436
454
509
515
605
796
914
385
406
417
557
156
372
446
484
548
746
804
117
172
568
669
742
762
920
362
586
692
169
536
587
728
177
386
450
486
633
638
743
438
439
460
590
645
791
813
852
904
173
182
185
283
478
495
640
686
822
345
370
474
511
528
679
710
838
101
112
260
350
371
410
503
541
565
575
675
856
98
138
175
193
336
729
794
811
812
107
189
197
244
444
491
558
594
873
885
899
338
428
493
520
555
758
828
420
473
524
564
593
642
656
754
843
304
365
589
615
622
842
180
192
250
320
377
764
792
131
188
246
483
496
533
677
803
111
160
247
321
608
713
749
787
125
139
170
281
339
604
614
696
100
211
224
277
525
619
659
708
816
272
470
471
513
727
730
151
217
256
392
611
786
311
355
714
785
826
119
284
418
527
553
606
774
850
110
236
258
361
409
485
552
591
654
763
807
835
228
237
431
437
465
535
582
663
737
768
777
864
881
889
359
422
837
145
153
183
309
475
695
875
133
220
447
451
481
543
601
632
744
135
221
266
329
435
857
99
108
233
274
282
603
627
636
668
833
892
894
127
285
453
809
206
270
397
426
505
510
716
797
917
147
416
433
506
701
878
516
628
808
245
251
357
549
879
218
405
443
501
561
839
442
585
648
841
398
502
584
734
918
95
187
334
779
863
165
213
401
844
352
498
126
254
297
389
394
494
522
672
860
144
242
298
306
569
572
670
699
740
898
239
671
685
831
375
530
765
871
163
231
235
303
634
657
700
157
388
849
225
276
280
598
781
142
161
295
404
650
661
855
427
766
769
795
262
327
448
214
445
799
905
382
719
194
268
288
421
655
340
817
109
620
862
870
78
120
466
693
883
884
926
684
300
790
259
381
588
241
380
921
313
325
680
861
366
814
834
106
363
148
293
124
571
651
717
901
261
353
393
609
521
621
778
950
234
574
705
745
374
90
307
704
93
137
166
202
497
123
682
425
882
92
94
430
931
725
735
132
635
116
747
748
103
488
731
912
129
164
229
230
616
903
399
302
772
929
683
301
780
249
390
919
72
652
335
275
337
407
186
195
232
212
757
115
376
681
902
128
208
880
908
252
360
84
858
911
595
54
907
96
923
69
64
291
940
74
909
859
674
820
328
935
369
315
60
732
174
81
697
721
868
85
927
534
267
915
424
519
667
507
542
567
752
832
158
368
423
788
599
136
387
500
440
551
750
733
464
538
547
351
625
761
240
840
373
408
441
452
492
736
400
467
476
482
829
210
395
782
802
805
449
709
872
897
155
419
559
639
848
865
468
562
570
644
890
150
319
326
577
723
184
330
487
825
279
384
480
537
688
689
711
179
346
512
517
529
581
687
767
152
305
477
646
678
755
455
469
576
514
550
554
556
800
821
215
255
364
415
459
462
623
624
149
223
457
463
607
793
154
434
436
484
796
156
204
489
851
867
914
146
198
269
372
406
509
605
728
743
746
762
177
316
414
503
515
536
557
669
804
102
283
432
548
852
117
385
454
474
486
558
587
362
460
586
590
633
813
856
345
568
575
686
742
783
899
185
438
638
679
822
920
386
439
791
904
172
173
446
495
541
555
565
645
710
843
98
193
350
370
417
450
473
511
656
812
112
169
260
304
428
528
811
828
838
873
197
250
336
338
444
483
491
520
524
640
677
764
794
138
182
478
696
729
758
792
885
107
131
189
192
244
420
594
622
642
787
842
101
160
175
377
410
496
564
593
615
675
692
713
816
246
365
513
604
749
754
111
139
188
277
281
619
708
714
768
211
224
272
525
608
611
826
835
135
247
256
371
470
485
553
582
614
727
119
217
258
320
321
437
493
527
589
786
170
228
284
339
355
447
632
730
803
850
100
183
311
392
409
481
533
606
659
737
125
359
451
543
763
785
797
422
552
668
807
881
110
236
237
431
475
510
663
839
864
875
180
603
654
672
833
127
220
270
329
418
695
744
809
837
857
147
151
153
221
285
361
416
426
505
535
628
777
917
145
266
394
443
453
501
601
627
636
701
716
808
892
133
494
506
648
774
218
398
401
465
516
108
206
282
334
357
397
841
889
894
99
245
251
309
591
879
233
306
404
502
561
871
242
549
584
585
779
781
790
844
918
187
239
297
405
471
734
231
274
375
433
435
165
295
388
427
522
657
878
142
213
303
530
671
693
769
863
126
144
254
389
498
700
225
262
569
650
685
766
860
862
214
399
572
765
298
849
898
78
157
235
740
381
497
699
95
161
163
280
327
352
655
661
670
120
276
382
795
109
499
598
288
307
340
634
745
814
834
430
817
861
884
259
421
445
651
905
374
799
831
855
883
106
268
425
442
466
684
926
194
300
313
870
325
335
380
620
682
719
798
704
921
186
366
588
717
353
363
448
571
595
616
950
148
241
293
680
93
124
261
574
705
778
234
609
407
621
726
882
901
731
129
230
90
103
166
249
652
275
123
488
137
229
337
369
735
164
301
929
94
635
748
202
208
302
683
721
757
772
393
747
390
391
859
232
725
612
780
931
195
92
116
376
903
132
868
521
534
72
919
631
880
912
174
84
328
858
252
902
820
909
424
908
681
212
360
911
674
115
739
128
673
545
874
54
923
96
697
168
74
291
907
267
315
647
940
935
69
64
895
60
738
732
600
824
915
900
81
73
85
461
943
927
83
944
722
526
287
323
344
68
532
937
531
658
71
519
158
423
567
507
667
542
788
387
368
832
752
136
500
551
625
599
440
464
351
476
547
733
750
782
210
240
395
538
761
897
441
449
709
840
408
492
802
865
373
400
452
577
736
155
330
512
829
150
467
644
319
581
805
848
872
890
482
559
562
179
326
384
419
570
723
279
468
639
646
711
825
184
480
487
529
689
783
146
149
517
537
688
821
305
414
462
463
469
576
623
687
432
554
556
767
793
152
346
455
755
154
364
434
457
489
102
198
215
255
269
316
415
459
477
514
550
607
800
867
223
436
509
624
678
851
204
417
454
605
796
914
385
406
484
515
557
804
156
372
446
548
568
746
117
172
669
742
762
920
362
586
692
169
386
486
536
587
728
177
450
633
638
743
438
439
460
590
640
645
791
813
852
904
173
182
185
283
474
478
495
511
679
686
822
838
101
112
345
350
370
371
410
528
541
565
710
175
193
260
503
575
675
856
98
107
138
189
197
244
336
491
558
729
794
811
812
428
444
520
555
594
873
885
899
338
420
493
593
758
828
365
473
524
564
589
642
656
754
842
843
250
304
320
615
622
180
188
192
246
377
483
764
792
131
160
247
496
533
677
803
111
125
281
321
339
608
713
749
787
100
139
170
211
604
614
696
224
277
470
471
525
619
659
708
816
217
256
272
392
513
727
730
151
355
611
786
119
284
311
418
527
714
785
826
110
236
361
485
553
591
606
763
774
807
850
228
258
409
437
465
552
582
654
737
777
835
237
422
431
535
663
768
837
864
881
889
145
309
359
695
153
183
435
447
475
875
133
220
221
266
329
451
481
543
601
632
744
108
135
233
274
282
857
894
99
127
603
627
636
668
833
892
206
270
285
397
426
453
505
809
416
433
506
510
701
716
797
917
147
516
878
245
357
549
628
808
218
251
405
442
443
501
561
839
879
585
502
584
648
734
841
95
187
334
398
779
863
918
165
213
401
352
498
844
126
297
389
522
672
860
144
242
254
298
306
394
494
572
699
239
569
670
685
740
831
898
375
671
765
231
235
303
388
530
634
871
157
163
404
657
700
225
276
280
598
849
142
161
295
781
427
448
795
855
650
661
262
327
445
766
769
799
214
905
382
719
194
268
288
421
817
340
655
109
466
620
862
870
78
120
684
693
883
884
926
300
380
381
790
259
588
241
680
861
921
313
325
148
293
363
366
834
106
814
571
124
261
353
521
651
717
901
393
609
374
621
778
950
234
574
705
745
307
90
137
497
704
93
202
123
166
425
94
682
92
430
931
748
882
635
725
132
103
116
399
488
735
747
912
164
229
230
731
129
302
616
903
301
772
929
249
407
683
335
390
919
780
72
232
337
652
186
275
195
376
757
208
212
115
681
128
798
880
902
360
252
595
908
84
858
911
54
96
328
820
907
69
923
369
909
291
64
74
940
674
859
935
721
315
60
732
174
697
868
81
85
534
424
927
267
629
915
944
519
158
567
423
507
542
667
788
387
752
832
368
500
625
136
551
440
599
547
733
464
476
750
761
538
782
351
840
240
395
441
449
709
210
408
452
736
802
897
400
492
577
829
865
373
467
512
848
872
890
155
482
559
644
805
150
330
419
570
581
723
326
384
562
179
319
639
646
689
711
468
487
529
783
821
825
184
279
480
517
537
687
688
462
556
576
755
793
146
305
414
463
469
514
554
623
678
767
149
152
346
432
455
800
867
364
434
459
477
509
550
851
102
154
198
215
255
415
436
457
489
607
624
796
914
454
605
746
804
204
223
269
372
385
484
515
548
557
568
156
316
406
446
728
742
417
587
669
692
743
762
920
117
362
536
586
386
633
638
813
852
172
177
283
450
460
486
590
645
679
791
822
904
173
438
439
474
495
541
169
185
350
478
503
511
558
565
640
686
710
838
856
899
182
336
410
575
729
811
812
101
112
193
345
370
371
420
444
528
593
794
873
98
175
260
428
491
520
555
589
675
758
828
885
107
189
197
244
338
493
594
656
754
843
138
180
304
473
483
524
533
564
615
622
642
764
842
365
377
677
792
803
320
470
496
608
614
696
787
131
160
188
192
246
247
281
321
708
713
749
816
111
125
250
339
513
604
659
727
730
100
525
139
170
211
224
256
272
277
392
471
611
619
786
826
850
217
361
714
785
807
110
119
355
485
527
737
763
768
774
777
835
151
284
409
418
422
435
437
465
553
582
591
606
695
837
864
228
236
258
311
481
552
654
663
889
183
237
309
431
447
451
535
881
359
426
475
601
632
744
875
135
145
153
329
543
627
701
797
833
857
892
99
108
133
220
266
282
453
505
510
516
603
636
668
809
894
917
270
506
808
127
221
233
274
285
397
416
433
443
716
839
357
405
442
561
628
878
147
206
401
494
501
549
585
831
879
251
584
648
841
863
218
245
398
672
734
918
187
334
389
502
779
95
165
242
297
388
404
844
860
126
394
498
522
572
700
795
213
306
352
427
569
670
781
871
144
254
448
530
685
699
740
765
849
855
142
239
298
375
598
657
898
157
225
231
295
303
634
671
790
799
235
421
693
163
276
280
380
445
612
650
817
214
499
766
769
905
382
661
719
862
161
684
194
262
268
327
340
374
466
655
798
78
620
745
861
870
288
425
497
748
883
884
109
399
926
120
148
293
381
430
834
313
407
521
680
778
814
921
259
300
461
588
307
366
106
241
363
571
651
705
717
325
353
621
901
393
574
635
950
261
337
124
609
616
94
376
488
93
232
234
335
595
704
682
882
103
726
90
137
166
208
249
123
721
725
931
92
202
390
186
230
301
302
731
735
747
757
116
132
629
683
129
164
369
652
772
880
903
912
919
229
275
328
472
929
195
909
780
820
72
681
212
360
874
128
868
252
859
424
115
858
174
902
911
84
391
906
908
96
534
923
907
69
647
54
935
74
674
673
291
940
64
267
526
315
697
895
411
739
60
287
88
181
732
900
81
738
122
631
943
85
915
168
658
824
722
73
927
720
344
944
532
226
323
600
83
68
65
113
937
876
823
71
519
158
507
423
567
542
667
368
788
832
136
387
752
599
500
551
625
440
464
547
351
733
750
476
538
210
240
449
782
897
395
441
492
761
802
155
373
408
709
736
840
150
400
452
865
330
467
512
577
829
848
319
419
482
559
562
644
805
872
890
326
570
581
179
384
279
468
639
825
487
711
723
184
480
529
537
646
688
689
146
469
517
767
149
305
346
414
462
554
556
687
821
152
364
432
455
463
576
623
755
793
154
215
457
459
783
255
316
415
434
477
550
607
102
198
223
489
514
678
800
867
204
269
436
624
796
851
385
406
509
515
914
117
156
454
484
557
746
804
372
417
548
605
669
762
172
362
446
728
920
536
568
586
742
169
177
486
587
743
852
283
386
439
633
638
813
185
345
438
460
495
173
450
474
503
528
590
679
686
791
856
98
112
182
260
350
370
478
511
558
640
645
692
822
193
197
575
710
794
838
899
904
101
107
138
189
336
410
428
541
565
811
812
873
885
175
244
338
371
444
473
491
555
594
656
675
729
843
420
520
524
828
250
304
365
493
564
642
758
842
131
160
192
377
593
615
764
792
188
483
496
622
677
713
754
111
246
247
320
589
696
749
787
139
170
211
281
608
816
224
277
321
339
513
525
533
614
803
125
180
272
392
470
604
619
708
217
256
611
714
730
100
119
151
311
659
727
786
826
284
355
485
527
763
228
236
258
409
437
471
553
606
768
785
835
850
237
359
361
422
431
552
582
774
807
864
881
110
145
418
447
451
535
654
663
737
777
875
889
135
153
475
481
543
133
183
309
465
632
837
220
221
266
591
695
329
603
857
894
99
108
127
233
285
453
510
627
668
797
833
892
147
206
270
282
426
505
601
636
744
809
917
397
416
435
701
839
245
274
357
506
716
808
218
433
443
501
516
628
648
879
251
398
405
502
549
561
585
841
878
918
95
187
242
297
334
401
442
672
734
779
844
165
394
584
863
213
494
498
126
239
254
306
522
144
352
375
389
231
298
569
671
685
860
871
295
303
404
530
572
670
740
781
898
157
225
235
388
427
657
699
765
163
700
849
161
276
634
650
142
598
831
262
280
769
855
661
766
327
790
288
382
862
905
109
214
421
445
655
78
268
693
120
194
340
799
381
795
300
466
719
817
884
926
380
620
684
883
259
870
313
325
861
921
148
497
588
814
106
353
366
448
651
124
241
363
834
680
745
293
571
717
950
261
307
374
574
798
234
682
93
393
609
901
137
430
521
704
748
90
621
705
778
123
166
103
202
425
882
335
92
129
132
230
116
931
94
616
725
735
229
731
747
903
164
302
399
301
390
635
249
488
275
929
186
772
912
919
652
683
208
407
780
337
72
595
376
757
195
232
328
115
128
212
360
721
902
908
84
252
681
369
858
911
54
859
64
96
923
69
820
291
907
674
74
940
424
174
935
315
60
909
868
726
880
697
732
534
81
85
267
927
915
519
158
423
507
542
567
667
752
788
832
368
387
500
136
625
440
551
599
547
733
750
464
476
761
782
351
538
395
441
840
240
408
449
452
709
897
210
400
492
577
736
802
373
829
865
467
482
512
559
644
805
848
872
890
150
155
330
419
581
723
326
562
570
319
384
179
639
689
711
487
646
825
184
468
529
537
687
783
821
279
480
517
576
688
146
305
462
463
469
514
554
556
755
793
149
152
346
414
623
678
767
364
432
434
455
459
477
550
800
867
102
154
415
457
489
509
624
851
198
215
255
436
454
607
796
914
223
269
372
548
557
605
746
804
204
316
385
484
515
568
156
406
417
446
669
728
742
762
920
117
362
536
586
587
692
743
386
813
852
172
460
486
633
638
645
177
283
438
450
495
541
590
679
791
822
904
169
173
439
474
478
511
558
686
838
182
185
350
503
565
575
640
710
811
856
899
112
336
410
528
593
729
794
812
98
101
175
193
345
370
371
420
428
444
491
520
555
675
873
885
107
197
260
338
589
594
758
828
843
189
244
473
483
493
524
642
656
754
138
180
304
533
564
615
622
677
764
842
365
377
792
803
160
281
320
321
470
496
608
614
696
713
749
787
131
188
192
246
247
250
604
708
730
816
111
125
339
513
659
727
100
139
170
211
224
272
277
392
525
619
786
217
256
471
611
807
826
850
355
361
485
527
714
763
774
785
835
110
119
284
409
418
435
553
606
695
737
768
777
151
236
311
422
437
465
481
552
582
591
654
663
837
864
889
183
228
258
309
431
447
451
237
359
535
744
881
135
426
475
543
601
627
632
701
833
857
875
892
99
145
153
329
453
510
603
636
668
797
809
917
108
133
220
266
270
282
505
506
516
894
221
233
285
416
433
716
808
839
127
274
397
405
443
561
628
147
206
357
442
494
501
585
878
251
401
549
648
831
841
879
245
584
863
918
187
218
334
389
398
502
672
734
95
242
297
388
404
779
844
165
394
700
860
126
498
522
572
795
871
213
306
352
427
530
569
670
765
781
849
144
239
254
298
375
448
685
699
740
855
142
157
598
634
657
671
799
898
225
231
235
295
303
790
276
421
650
693
163
214
280
380
445
499
612
766
769
817
905
382
862
161
661
719
798
340
374
466
684
194
262
268
327
655
745
861
78
288
620
748
870
883
884
399
425
497
109
148
293
381
926
120
430
778
834
921
259
300
313
407
521
588
680
814
461
241
307
366
571
651
717
106
325
363
705
353
621
901
950
261
393
574
635
124
337
488
609
616
232
335
376
595
704
93
94
234
682
882
103
137
166
208
249
90
726
92
123
725
931
202
390
721
186
230
302
757
116
301
629
731
735
747
132
369
683
129
328
652
919
164
229
772
880
903
912
275
929
195
472
780
909
681
72
820
212
360
874
128
868
859
252
424
115
858
174
902
911
391
84
908
96
534
906
923
907
69
54
935
74
526
647
673
674
291
267
940
64
315
411
739
697
895
60
287
732
88
900
738
81
631
122
915
85
181
943
824
722
658
73
927
720
168
944
344
532
323
600
83
68
65
113
876
937
71
519
158
423
567
507
667
542
788
368
387
832
136
752
500
551
625
599
440
464
351
476
547
733
538
750
782
210
240
395
761
897
441
449
709
840
408
492
802
865
373
400
452
577
736
150
155
330
512
829
467
644
890
319
581
805
848
872
179
419
482
559
562
326
384
570
723
646
279
468
639
711
825
184
480
487
529
689
783
146
149
462
517
537
688
821
305
414
463
469
556
576
623
687
767
432
554
755
793
152
346
364
455
457
154
434
489
102
198
215
255
269
316
415
459
477
514
550
607
800
867
223
436
509
624
678
851
204
417
454
515
605
796
914
385
406
484
557
804
156
372
446
548
568
746
117
172
669
742
762
920
362
586
692
728
169
386
486
536
587
177
450
633
638
743
438
439
460
590
640
645
791
813
852
904
173
182
185
283
474
478
495
679
686
822
101
112
345
350
370
371
410
511
528
541
565
710
838
193
260
503
575
675
856
98
107
138
175
189
197
244
336
491
558
729
794
811
812
444
594
873
885
899
338
420
428
493
520
555
564
593
758
828
473
524
589
642
656
754
842
843
250
304
365
615
622
764
180
188
192
246
320
377
483
677
792
131
160
496
533
713
749
803
111
125
247
281
321
339
608
787
100
139
170
211
525
604
614
696
816
224
277
470
471
619
659
708
217
256
272
392
513
727
730
786
151
355
611
119
284
311
418
527
553
714
785
826
850
236
361
485
606
763
774
807
110
228
258
409
437
535
552
582
591
654
737
768
777
835
237
422
431
465
663
864
881
889
145
309
359
475
695
837
153
447
875
133
183
220
221
266
329
435
451
481
543
601
632
744
108
135
233
282
857
894
99
274
453
603
627
636
668
833
892
127
206
270
285
397
426
505
809
147
416
433
506
510
701
716
797
917
516
628
878
245
357
808
879
218
251
405
443
501
549
561
839
442
585
648
502
584
734
841
95
187
398
779
863
918
165
334
401
213
498
844
126
352
389
494
522
672
860
144
242
254
297
306
394
569
572
699
239
298
670
685
740
831
898
375
671
765
871
303
530
634
157
163
231
235
388
657
700
225
276
598
781
849
142
161
280
295
404
855
427
448
650
661
766
795
262
327
769
214
445
799
905
382
194
268
288
719
817
340
421
655
78
109
620
862
870
120
466
684
693
883
884
926
790
300
381
259
380
241
588
861
921
313
325
680
834
148
293
363
366
814
106
124
261
353
571
651
717
901
393
521
609
374
621
778
950
234
574
705
745
93
307
90
137
497
704
202
123
166
430
682
882
92
94
748
931
132
425
725
116
635
735
103
488
747
399
731
903
230
912
129
164
229
302
616
919
772
929
301
249
683
335
390
780
72
337
652
275
186
232
195
376
212
407
208
115
757
681
128
880
902
360
908
252
595
84
858
798
911
328
909
54
923
69
96
907
64
820
74
291
940
369
674
859
935
721
315
60
868
732
697
81
174
85
534
424
267
927
915
943
944
519
507
567
542
158
423
667
832
368
752
788
387
440
500
599
136
551
625
733
750
464
547
476
782
408
441
449
452
492
538
761
373
395
400
577
736
802
848
210
482
709
829
840
155
240
419
467
897
351
559
570
644
330
512
562
872
150
319
468
581
639
805
865
890
326
384
723
487
537
711
179
279
480
646
689
821
529
556
678
687
688
755
825
346
459
767
793
152
184
305
517
550
576
364
415
455
462
463
469
477
554
623
800
154
414
432
509
514
624
783
434
489
607
867
102
436
457
728
851
198
215
255
484
746
762
796
914
146
149
156
316
372
385
406
454
515
536
548
605
743
204
223
557
568
586
669
804
362
587
742
460
486
633
852
269
417
446
503
590
638
856
117
283
350
439
575
679
686
813
172
177
345
386
438
474
495
528
558
812
920
173
428
645
791
794
822
185
370
478
511
541
555
656
98
169
260
410
420
444
473
524
565
692
710
811
899
197
338
491
520
594
640
758
838
904
112
336
365
450
483
615
675
696
729
754
885
182
189
193
304
493
593
677
764
787
803
843
873
107
377
513
564
642
188
244
281
496
589
608
622
713
792
160
192
250
525
727
730
749
816
828
842
101
371
470
614
619
138
175
247
392
604
708
714
768
119
125
139
211
533
786
224
246
272
277
437
451
485
611
659
763
826
850
111
131
321
339
355
422
447
481
553
582
135
256
284
320
409
527
552
606
663
695
774
311
359
475
510
543
785
807
217
431
632
777
110
151
170
237
603
654
701
737
797
809
837
864
889
892
153
180
228
236
426
471
535
627
668
100
183
258
418
453
835
145
329
435
505
591
601
636
744
875
309
361
416
443
494
501
516
672
716
808
833
839
857
917
147
220
266
506
628
99
133
221
285
398
585
648
881
894
218
233
242
270
334
394
397
401
465
561
879
127
206
282
357
388
405
433
502
584
108
245
498
734
878
187
295
297
427
442
918
95
274
306
375
389
404
522
549
779
781
790
831
863
251
254
841
844
165
225
231
530
569
855
871
213
239
671
700
765
849
298
303
598
650
657
685
693
860
144
740
905
157
572
670
799
126
142
382
699
748
766
769
862
161
262
276
352
634
655
661
795
235
288
380
497
898
214
327
445
684
280
421
78
163
268
381
399
466
620
814
817
861
300
307
313
353
374
651
745
883
884
109
425
612
834
194
259
430
499
106
571
870
926
340
366
407
682
325
335
616
680
717
719
921
148
461
521
574
588
950
93
293
363
778
261
337
208
595
609
704
705
882
103
249
234
448
123
124
241
393
120
390
488
726
166
186
369
621
137
301
652
721
901
230
731
90
92
635
735
302
328
772
129
94
132
202
798
229
232
376
683
747
757
903
931
780
360
725
929
820
164
275
919
631
116
195
72
681
912
212
534
673
868
391
424
115
629
858
874
174
181
902
252
859
74
674
54
908
923
909
84
96
739
64
472
267
911
291
907
69
824
315
880
895
940
697
526
906
60
732
935
287
73
647
128
121
722
411
81
927
900
168
915
943
532
85
600
720
323
68
944
344
658
738
937
71
876
