131
293
604
133
393
726
361
694
761
489
640
170
193
255
261
341
154
312
539
842
309
337
532
697
735
139
143
156
250
267
352
653
120
184
330
552
862
874
114
204
269
325
758
164
196
212
243
244
318
509
230
232
238
292
457
592
616
629
638
644
684
894
258
295
368
381
401
405
803
92
136
288
289
493
562
179
573
599
666
749
127
322
441
453
504
540
549
593
667
816
895
60
119
151
153
274
595
626
706
173
209
246
311
525
580
660
762
67
93
126
189
202
575
691
718
852
222
298
351
402
502
545
581
602
628
753
754
819
848
850
106
183
320
335
392
585
601
642
648
732
123
205
224
228
329
340
362
448
500
506
673
764
790
797
103
286
290
404
407
465
485
631
645
654
677
817
89
116
158
182
280
331
373
387
388
574
613
714
781
832
836
886
124
178
231
271
279
326
332
348
364
460
569
622
627
719
741
893
104
122
160
259
303
466
474
563
651
757
777
786
262
270
299
315
316
518
542
568
579
589
621
668
700
794
77
105
149
157
167
237
245
263
277
291
304
308
455
501
512
707
769
902
210
241
257
266
285
305
319
343
349
358
394
414
430
471
566
600
681
869
938
90
118
129
226
265
282
296
347
459
606
634
705
891
91
95
113
144
169
172
225
235
251
256
284
307
321
333
415
442
449
464
553
557
605
635
674
724
739
849
954
165
200
253
254
327
386
389
423
491
505
548
657
702
728
737
750
791
830
923
87
100
108
159
166
215
220
247
424
427
444
452
522
723
788
845
864
130
174
203
218
248
297
306
369
397
406
499
513
558
686
715
730
814
843
859
872
889
38
138
199
240
252
287
294
314
398
436
467
482
519
611
614
659
683
701
774
94
273
363
375
411
434
476
521
529
565
617
860
881
899
96
107
140
195
211
229
272
458
514
612
655
663
680
693
711
857
908
910
86
128
150
233
350
372
439
582
676
696
783
824
903
73
79
97
101
134
148
180
197
283
417
469
533
559
597
607
646
699
778
921
955
145
146
385
554
572
576
770
807
883
84
175
207
345
356
400
435
503
523
537
564
703
713
716
727
782
820
833
887
892
906
909
68
301
357
403
432
440
510
527
547
560
570
624
708
720
734
773
110
370
486
610
792
821
826
924
927
934
937
141
223
336
342
378
431
454
496
497
551
685
780
799
834
208
281
323
399
508
511
550
687
690
738
827
835
884
912
926
69
81
117
234
507
524
526
633
649
661
747
766
801
831
853
861
865
890
920
55
142
216
334
353
359
366
380
578
672
771
98
99
147
162
171
416
428
637
689
709
768
82
168
260
268
383
483
528
598
722
763
851
898
59
70
422
450
456
463
494
556
588
639
647
679
682
808
810
838
855
931
940
186
190
221
242
275
338
354
412
516
520
535
555
596
609
662
744
787
870
925
109
438
446
473
479
546
591
652
743
793
868
933
121
227
249
391
530
538
615
623
717
847
135
192
217
382
395
413
477
608
643
733
736
746
767
798
829
871
896
907
917
929
191
213
367
495
498
784
785
828
837
916
945
48
152
214
219
408
445
561
813
882
928
54
163
278
339
418
481
756
818
822
876
880
918
102
264
344
517
567
900
75
78
111
187
276
300
310
390
419
478
942
58
132
137
176
201
488
531
536
650
725
854
866
905
949
52
239
317
586
618
620
665
670
806
873
901
948
62
377
396
421
461
704
745
759
772
800
953
33
51
115
185
410
443
619
632
671
678
742
815
825
23
155
236
543
544
571
804
823
324
355
765
802
840
841
846
302
313
429
577
625
688
844
915
376
515
731
61
63
80
206
409
721
729
755
812
888
922
426
858
66
125
451
751
161
447
492
590
675
805
863
885
943
188
879
911
194
779
839
658
669
796
963
50
53
85
365
374
958
43
72
198
346
534
775
957
692
748
776
944
76
475
594
636
112
484
760
877
936
966
45
65
71
328
468
603
641
34
960
42
371
752
939
935
425
47
420
740
867
976
20
40
437
44
177
490
664
695
919
946
11
384
462
472
584
630
83
878
10
932
698
57
433
583
656
811
961
49
181
587
712
956
22
360
904
930
30
25
29
809
19
64
379
913
979
710
541
941
789
952
962
470
480
88
951
875
487
950
897
914
947
973
46
795
74
980
971
972
974
31
21
0
16
970
15
36
969
983
981
12
975
14
978
856
987
989
35
17
964
604
638
393
133
250
293
341
539
131
154
735
269
726
267
509
532
153
204
361
640
255
489
552
581
592
595
616
644
874
196
244
261
325
352
694
761
842
120
127
193
212
292
298
318
330
697
706
895
156
158
179
184
232
289
299
573
575
714
894
114
143
337
405
580
585
622
629
666
691
758
238
270
295
368
504
545
549
684
754
136
189
224
243
252
290
407
474
599
732
819
93
129
139
164
230
288
312
340
381
404
453
500
525
593
648
660
667
852
116
173
183
228
309
320
329
348
362
506
518
579
631
677
707
786
862
124
169
170
402
465
568
569
602
626
790
797
954
100
209
210
245
258
280
387
457
540
574
601
606
621
653
718
749
816
182
202
205
241
246
253
259
262
273
397
502
562
600
628
674
764
886
891
60
92
103
151
174
257
291
303
305
315
319
321
322
441
444
533
553
565
605
642
700
724
730
753
762
769
781
803
119
126
178
254
297
304
327
333
343
347
388
401
505
512
519
542
613
655
699
728
836
860
869
903
89
106
215
222
226
231
271
274
279
284
286
306
307
364
424
458
471
476
491
548
566
589
651
673
719
777
794
850
90
91
160
180
282
308
358
448
459
460
563
659
705
739
848
104
199
235
256
294
296
351
432
442
466
576
582
635
645
701
723
757
845
883
67
77
105
123
167
240
265
285
311
314
331
349
373
449
464
482
627
634
668
681
702
715
778
791
799
889
97
122
159
165
200
211
229
237
251
332
369
414
485
493
560
611
683
686
788
830
849
938
38
118
149
150
166
172
248
283
335
345
386
427
455
467
501
522
529
654
716
727
782
817
833
859
881
893
899
113
148
203
218
263
287
326
342
370
394
454
469
514
521
537
557
597
607
617
646
657
679
680
864
887
902
108
117
138
266
316
363
392
398
399
430
558
612
649
661
663
711
821
832
861
892
906
923
73
99
130
171
225
389
411
431
435
527
572
588
614
637
676
693
741
750
783
937
69
79
94
101
110
140
144
220
272
277
406
417
434
439
499
524
559
578
639
690
807
857
908
95
128
146
366
375
415
452
503
528
564
696
737
747
770
843
853
909
912
925
82
84
141
191
195
219
233
234
247
334
400
477
488
496
510
516
550
551
555
570
713
720
733
734
736
792
814
827
921
81
145
350
356
497
507
513
526
703
717
738
745
766
768
771
773
780
798
820
910
96
109
157
162
207
213
223
275
357
372
422
615
643
687
763
774
801
824
831
945
48
55
134
197
336
438
511
546
682
787
870
955
86
217
278
385
436
473
530
554
596
609
610
662
708
826
835
851
872
926
927
933
59
208
227
276
486
538
556
561
744
838
924
929
107
176
242
249
260
339
378
383
403
479
483
625
756
834
934
132
281
338
353
423
428
523
536
547
598
620
624
685
804
896
898
58
70
98
142
168
192
216
268
301
323
344
408
418
481
577
591
689
829
854
884
87
102
115
121
175
214
264
310
412
413
429
520
531
633
672
678
725
916
918
147
416
508
608
623
722
793
810
847
865
890
900
186
221
302
359
440
445
447
463
647
688
743
746
800
822
840
882
917
953
66
187
201
367
478
495
567
652
670
709
813
841
866
868
873
905
78
137
188
300
535
808
823
871
876
931
949
152
163
354
380
382
391
395
456
492
517
544
618
729
742
784
802
135
190
239
324
443
665
765
818
940
62
68
75
390
446
494
586
619
692
759
846
23
33
421
450
571
704
767
837
907
935
942
958
313
515
632
658
785
855
901
920
928
185
590
806
911
54
111
155
543
671
805
844
51
76
161
206
346
355
451
650
755
885
948
61
384
410
419
825
839
858
880
80
236
498
815
376
721
751
863
915
943
53
461
779
828
877
922
374
377
409
675
963
52
198
426
594
888
45
328
365
695
796
879
960
42
47
125
194
317
475
636
772
936
63
731
748
752
583
603
40
50
112
437
484
740
534
698
944
43
72
664
919
957
65
760
812
34
420
425
490
584
776
396
775
878
587
867
904
939
177
85
181
371
966
20
49
83
468
656
669
57
71
472
641
941
976
433
630
360
10
11
789
811
930
946
956
44
88
710
961
952
962
22
462
809
951
712
470
932
64
875
487
19
25
379
950
29
74
541
480
30
46
947
979
914
980
913
973
971
15
974
972
897
0
31
36
983
795
856
970
21
969
975
14
16
981
987
12
978
35
17
964
989
27
977
56
24
39
41
4
959
982
991
13
988
965
32
18
604
735
250
393
539
638
133
154
341
131
269
293
532
204
361
761
509
726
153
267
292
581
592
595
616
622
640
874
120
127
196
212
244
352
489
575
694
255
289
325
706
714
758
156
179
184
261
552
593
754
819
895
158
193
224
298
318
405
407
506
545
573
580
605
629
786
790
842
189
232
270
299
330
337
404
602
644
660
666
697
169
173
230
238
252
290
548
599
667
691
852
139
143
164
243
474
500
549
585
684
114
129
202
295
297
387
533
606
631
677
707
816
894
136
183
228
364
368
453
504
525
540
601
648
700
730
797
886
93
119
149
205
245
246
288
309
312
319
329
348
362
568
574
628
642
659
699
718
732
753
862
954
92
116
124
160
210
241
262
274
280
320
340
381
444
457
502
512
518
542
600
626
728
749
762
803
151
209
315
343
401
448
465
469
557
562
569
579
613
621
794
105
170
172
174
182
215
257
259
273
303
304
305
321
358
402
458
460
553
565
589
645
654
655
724
739
769
777
778
781
883
891
903
106
178
180
199
200
226
231
253
258
279
284
327
388
397
432
441
466
482
485
519
582
674
701
723
764
850
860
60
89
97
100
256
271
291
306
307
314
471
537
566
635
653
673
686
719
845
893
103
118
126
159
166
222
229
240
282
287
333
345
347
414
424
491
668
750
791
830
836
81
91
113
138
148
167
237
254
283
296
322
349
454
455
459
464
476
501
522
576
614
634
651
657
715
757
859
938
123
286
308
351
467
505
529
563
611
617
627
702
711
788
817
832
848
864
869
899
77
90
110
122
134
144
218
251
285
369
386
430
449
493
496
527
560
578
661
705
902
69
73
104
141
165
171
233
263
266
294
326
373
427
503
555
663
679
680
681
683
693
703
741
756
766
773
782
821
827
861
906
94
101
130
150
225
235
248
265
311
332
342
350
372
435
442
521
528
596
597
646
676
745
763
771
799
833
889
38
79
109
203
211
316
335
370
385
550
564
572
588
607
690
727
744
783
849
857
870
881
887
908
921
99
128
145
146
331
363
394
513
516
524
526
559
639
649
733
734
746
792
853
937
272
334
375
392
398
399
400
403
406
415
434
507
511
514
554
570
612
713
716
768
774
814
835
910
84
107
117
132
140
411
418
431
488
510
551
558
682
685
747
798
820
834
923
48
67
108
219
260
276
353
356
417
439
615
643
662
737
770
780
865
909
929
934
95
162
220
227
277
366
477
483
523
687
736
738
801
813
824
831
843
892
912
55
115
147
175
207
281
310
383
452
499
520
872
873
925
927
82
96
102
213
223
357
438
538
546
637
692
720
787
807
826
829
838
901
191
195
197
217
278
336
367
389
436
497
530
531
556
652
689
696
822
945
86
87
142
157
247
275
338
422
428
429
473
486
495
517
535
618
688
717
722
743
785
802
805
882
917
926
933
98
137
216
234
249
268
323
413
445
463
481
536
598
610
625
851
884
58
59
190
192
214
242
547
561
658
804
847
176
188
208
221
264
301
408
423
479
620
623
678
742
793
841
868
896
898
924
955
62
152
382
447
492
515
609
624
665
708
755
784
823
854
916
66
168
302
344
378
395
440
450
591
633
670
709
725
767
808
810
840
890
70
75
121
163
339
390
412
577
632
647
675
800
871
931
186
300
416
443
508
672
900
918
935
187
359
456
478
567
765
866
880
953
68
125
239
650
729
837
846
949
23
76
78
155
446
543
671
806
905
940
201
354
437
494
544
571
704
759
828
907
920
958
135
236
380
451
498
608
818
844
876
911
54
346
751
779
51
185
586
619
885
928
355
384
421
583
825
839
888
194
313
324
584
796
33
80
111
377
391
594
740
752
855
948
376
419
858
904
942
53
61
206
365
534
695
161
409
410
426
815
915
922
420
590
731
960
65
461
636
721
811
863
919
34
63
317
484
748
877
936
963
52
112
374
603
772
776
879
943
47
957
50
198
42
328
490
664
698
396
630
775
40
45
433
475
760
878
85
181
472
641
809
944
812
83
462
468
669
941
57
177
20
43
72
425
371
360
487
587
656
867
976
49
789
10
712
932
939
64
952
956
88
541
22
25
961
951
470
71
913
946
962
11
710
379
914
930
966
44
480
29
947
875
950
19
74
973
856
30
974
979
46
971
983
15
795
980
36
972
0
14
31
897
35
975
987
977
981
969
16
970
17
21
12
964
978
56
41
24
39
27
989
4
959
37
13
988
982
18
32
984
997
991
965
968
604
638
250
153
154
269
548
581
341
509
575
735
158
622
616
127
292
252
224
131
592
273
819
730
298
290
393
129
204
545
852
133
244
156
321
565
874
407
387
768
500
552
532
895
585
595
325
726
270
474
706
506
732
786
539
631
397
860
293
700
489
533
404
629
655
640
189
319
580
699
280
329
368
488
602
621
600
648
714
81
542
184
259
611
588
267
537
82
318
679
667
512
169
660
754
183
196
289
707
891
299
566
330
576
164
296
756
674
691
257
886
903
297
348
677
553
458
606
340
644
643
739
842
836
174
504
605
666
557
593
701
694
230
358
659
179
883
105
253
790
180
291
599
361
448
48
444
503
769
261
256
241
684
243
295
573
288
304
639
797
589
761
117
199
574
578
628
657
697
745
191
799
459
518
212
546
782
405
364
424
579
116
569
193
613
601
226
245
945
106
119
954
350
505
320
718
178
136
343
352
110
327
502
93
833
702
232
899
429
160
869
237
114
255
209
736
550
626
173
693
582
282
683
92
210
100
381
753
778
711
617
762
845
202
91
464
460
478
894
719
305
516
439
604
393
539
120
154
133
293
361
532
735
758
595
267
638
640
761
250
269
341
549
204
212
228
261
337
352
509
568
131
143
179
196
581
644
697
706
714
726
153
244
292
299
405
465
489
552
575
592
616
666
694
728
786
819
862
156
232
238
255
289
309
325
362
457
525
593
605
724
874
139
318
404
453
573
580
602
622
629
816
124
169
184
205
215
258
274
306
345
471
500
506
540
562
599
642
667
684
754
781
842
895
193
224
262
298
315
402
504
545
677
723
790
852
103
170
230
288
290
295
312
330
340
401
432
469
474
482
519
585
606
631
654
707
749
777
850
97
127
149
151
158
182
200
202
240
245
246
252
284
333
347
407
454
476
496
518
533
574
600
626
645
651
653
660
686
691
794
864
886
164
173
189
231
243
248
271
297
303
308
327
329
351
387
441
444
466
485
491
493
579
621
634
674
715
803
954
60
93
126
138
172
210
257
259
270
307
314
348
435
502
537
548
560
563
569
576
635
648
699
766
791
797
817
853
89
92
114
116
129
136
183
209
229
241
254
273
287
294
319
320
342
364
460
467
521
529
572
617
655
659
668
673
681
718
737
757
778
894
100
159
167
279
280
291
322
331
343
358
368
369
381
388
397
455
501
505
507
512
553
555
582
589
607
613
646
661
700
730
732
753
762
764
769
771
788
830
883
938
128
148
165
166
174
226
251
304
321
414
424
448
449
524
527
542
565
601
628
676
705
734
773
903
908
118
122
123
144
160
180
218
222
225
235
253
256
285
305
349
372
430
442
522
528
557
597
627
663
713
741
750
827
832
860
889
902
104
109
113
141
199
282
286
311
316
375
427
458
464
513
559
566
614
703
727
739
745
783
799
848
859
887
891
893
906
937
90
99
101
105
233
265
332
373
386
400
411
417
434
438
477
510
526
547
611
649
701
716
763
861
869
69
108
119
150
178
203
211
260
263
283
326
363
385
398
406
418
431
452
503
551
612
680
683
690
747
780
813
831
834
845
849
881
892
77
94
130
134
171
237
266
394
415
459
488
523
530
558
570
625
643
657
693
702
719
792
835
857
909
910
73
96
106
145
175
323
334
392
399
403
486
499
554
556
564
578
637
692
711
733
798
801
807
884
921
79
220
296
335
350
356
370
383
440
514
546
588
618
688
717
720
744
746
756
774
802
814
821
836
854
870
872
899
925
38
140
219
227
272
275
277
338
366
378
389
422
436
481
483
538
577
610
615
639
679
682
685
696
738
782
843
67
81
98
115
132
146
310
353
357
423
479
536
561
596
624
787
820
833
923
137
208
234
264
281
354
463
550
591
672
708
736
770
826
829
847
86
213
223
276
412
413
416
497
511
535
598
609
687
689
912
91
107
157
162
188
195
197
217
300
336
344
367
408
445
473
531
620
722
793
804
823
824
838
851
924
927
933
934
121
142
163
207
247
268
278
359
382
429
447
492
495
520
662
678
725
768
784
822
840
898
926
929
75
95
102
152
186
192
216
239
302
395
428
443
456
494
608
729
743
800
805
808
865
866
873
880
896
955
84
87
168
191
221
301
391
515
516
665
670
709
742
785
810
841
882
900
901
55
59
110
117
176
214
249
380
446
517
567
571
623
633
658
671
765
806
868
871
58
147
324
339
421
508
586
704
767
818
916
917
48
82
155
190
534
619
652
70
125
135
242
390
632
751
837
928
23
346
437
478
583
647
755
844
888
918
740
876
920
931
935
940
945
66
187
377
384
426
543
544
590
603
825
911
76
365
410
450
461
890
907
949
62
78
80
111
185
194
376
462
484
775
789
905
948
953
33
68
201
451
498
584
587
698
885
236
355
420
468
472
475
594
630
650
675
752
815
839
919
958
63
161
313
317
409
419
425
664
759
846
855
863
61
731
748
779
812
922
53
198
636
656
776
915
51
54
360
695
772
809
828
877
796
65
858
942
50
669
721
879
960
206
374
396
487
641
760
71
177
541
944
712
875
878
936
943
963
43
112
371
939
181
328
867
52
57
85
433
941
42
47
83
490
811
913
932
957
34
45
20
480
64
72
710
904
40
379
956
976
470
947
49
952
951
897
950
962
10
11
930
22
88
795
914
966
74
856
961
946
973
25
29
983
15
44
46
19
36
14
30
971
31
980
972
21
35
974
979
17
978
977
970
0
16
41
964
969
12
24
987
56
39
18
975
27
37
981
989
13
982
4
32
959
965
26
968
988
9
997
28
3
984
991
539
393
154
120
6
604
595
361
212
735
133
269
267
341
179
250
293
640
352
638
299
204
244
581
592
532
644
153
255
261
552
874
196
318
405
568
714
819
697
706
758
786
852
93
289
290
509
580
666
309
616
754
862
895
143
158
232
252
585
599
124
131
156
606
667
694
761
954
298
602
726
816
842
270
273
327
474
575
605
691
292
330
519
545
622
883
169
193
224
228
238
241
245
295
325
362
500
562
677
707
724
174
345
518
573
626
850
254
258
315
348
444
549
684
129
284
305
340
525
540
781
790
794
903
100
116
205
288
329
333
402
404
453
504
533
579
631
651
728
886
182
183
189
257
279
337
489
629
699
797
894
127
139
173
184
240
312
321
351
364
593
621
732
60
226
243
274
297
320
347
482
574
655
660
674
749
778
860
891
103
170
209
210
308
381
397
457
465
506
582
799
853
2
159
215
259
262
280
294
368
387
432
471
476
600
700
92
164
230
307
469
505
576
617
769
104
114
136
148
231
304
319
407
560
565
634
718
757
803
151
200
202
271
303
349
388
424
502
648
715
937
89
256
306
343
572
601
653
659
683
753
149
172
199
246
342
369
542
553
563
569
646
730
777
849
887
122
138
235
253
265
291
491
548
589
635
645
686
702
739
845
889
902
126
167
229
237
251
282
314
322
663
679
723
836
861
864
938
97
464
614
628
680
727
830
869
165
166
178
180
283
285
401
435
459
588
607
642
649
673
676
711
791
90
248
331
370
442
454
458
460
467
529
613
705
719
766
128
332
439
496
521
557
737
745
764
783
788
817
831
881
892
893
899
99
105
119
160
358
414
449
485
512
527
597
661
716
734
762
827
222
363
394
417
466
526
537
668
701
801
843
859
908
211
316
477
733
792
909
38
77
108
123
225
260
287
373
503
514
611
643
921
113
150
218
334
441
501
637
654
703
738
773
69
101
118
191
455
566
681
693
741
821
848
857
910
117
213
263
286
326
357
398
399
448
493
499
639
713
747
768
798
807
884
906
91
141
171
276
296
366
386
406
430
431
438
452
555
612
627
717
725
756
782
233
411
418
524
558
578
615
736
771
870
872
923
95
106
146
516
530
559
750
73
79
195
234
400
427
488
696
780
832
834
925
145
188
372
392
483
513
528
820
833
854
94
130
311
344
422
429
507
546
620
720
829
835
82
219
266
272
335
375
682
826
838
896
140
197
223
277
389
434
510
564
770
787
144
227
350
522
570
657
687
690
763
851
927
67
115
175
203
220
275
278
356
486
538
550
551
577
625
841
945
536
561
814
162
208
336
415
547
685
688
744
912
929
84
109
176
247
479
708
926
96
310
339
383
412
672
802
824
137
217
249
264
281
323
378
598
610
670
774
822
840
847
871
955
48
134
152
353
408
481
662
746
823
898
55
81
157
242
478
497
531
742
882
900
916
917
934
58
216
473
556
596
804
86
107
132
808
933
98
168
186
201
301
800
102
300
338
385
447
511
609
905
70
110
121
192
416
423
436
492
495
515
722
729
813
866
873
958
523
544
554
591
618
692
918
924
59
463
633
678
793
187
221
302
324
624
142
214
354
445
784
806
163
268
413
805
818
508
567
689
865
207
380
384
517
619
810
928
949
993
66
155
190
403
443
520
940
953
78
359
535
652
665
868
888
23
75
147
382
608
785
844
948
456
839
901
391
765
936
87
623
671
704
709
743
759
880
239
395
53
428
885
935
837
632
647
751
911
111
890
931
367
907
51
62
543
590
47
76
494
571
658
815
440
583
586
767
846
135
346
421
825
410
960
68
409
450
876
80
33
161
185
419
446
855
942
374
451
313
376
740
748
675
779
879
198
426
919
695
877
594
943
752
390
437
461
650
920
922
963
54
656
484
796
863
915
125
584
755
775
61
206
828
50
721
45
63
636
355
587
236
365
698
939
194
328
603
858
498
377
425
317
475
867
42
52
534
941
40
664
809
957
812
43
878
371
875
177
731
72
772
950
951
181
71
956
420
490
976
65
789
944
952
34
630
776
962
57
112
712
669
760
20
83
811
49
932
472
966
88
487
930
85
904
433
947
11
8
64
470
396
641
468
360
914
946
480
961
19
10
972
985
897
379
462
710
541
22
25
46
44
971
604
393
532
539
595
120
133
361
735
154
293
638
640
761
267
489
726
758
212
250
292
352
405
593
602
706
714
131
196
204
269
337
457
506
509
575
581
616
697
261
404
552
573
592
605
644
666
694
790
819
153
232
325
341
401
500
599
622
629
754
786
862
156
179
184
244
299
460
525
537
568
580
724
874
124
143
193
224
230
255
289
318
345
387
496
504
574
667
684
895
127
139
169
202
295
298
309
340
362
407
469
471
533
545
548
562
600
606
631
660
677
816
842
238
274
402
435
474
493
529
549
617
621
674
707
718
850
864
886
92
138
158
164
189
205
243
258
259
262
288
327
329
348
432
441
453
465
482
502
518
560
576
585
613
635
655
691
778
781
149
183
209
210
245
252
271
290
297
330
358
448
466
485
507
512
540
553
557
569
634
645
653
654
686
715
728
766
797
852
954
103
116
136
170
173
228
291
315
319
321
343
372
397
444
455
501
579
582
589
626
651
668
701
723
730
753
769
777
794
853
894
89
114
119
151
182
200
215
240
273
287
303
305
320
333
342
351
381
424
464
476
521
542
566
601
628
642
648
659
676
749
762
791
883
105
144
160
166
167
241
280
284
294
306
308
312
347
364
434
454
519
547
563
565
607
611
681
700
732
734
817
848
891
60
93
97
126
128
129
172
174
231
253
256
257
304
368
440
458
491
505
673
699
739
750
803
832
908
100
106
123
148
180
225
226
229
248
270
322
331
375
430
449
488
513
646
657
661
683
741
745
747
757
799
830
859
861
869
889
893
903
113
199
246
314
385
388
411
414
438
467
503
510
526
527
528
556
559
663
705
719
783
845
938
122
141
178
251
282
286
307
311
316
326
349
369
400
417
418
427
442
524
555
578
703
713
737
756
764
827
835
860
906
118
134
159
165
218
222
233
235
254
263
266
279
285
350
373
383
386
403
415
452
523
546
554
572
612
693
711
771
773
788
887
96
101
237
260
296
323
332
338
367
392
398
406
439
459
477
481
690
702
727
780
813
831
834
899
902
909
937
81
90
108
130
356
394
431
530
550
551
558
588
597
614
643
649
680
692
746
814
833
836
849
854
77
94
98
104
132
203
211
283
486
499
570
624
625
627
639
685
716
744
763
782
792
798
870
881
892
910
69
109
145
146
171
265
310
334
335
363
378
436
479
483
564
596
679
687
733
774
802
805
807
872
73
91
99
142
150
175
219
220
272
275
399
423
522
535
538
591
610
672
682
708
736
829
884
921
925
107
140
227
264
300
354
389
395
412
413
422
463
473
494
511
514
520
536
609
615
618
620
696
717
720
768
793
804
820
826
843
857
38
79
86
115
239
357
370
416
428
429
456
571
586
637
689
722
738
770
784
801
822
823
847
929
933
110
157
213
234
276
277
281
336
445
447
492
495
497
516
561
598
688
743
821
851
866
873
898
912
923
934
67
75
121
137
162
188
208
214
223
268
344
353
359
366
382
408
443
446
531
608
665
810
840
880
900
102
152
163
192
207
391
421
678
725
765
787
838
882
901
924
926
927
955
117
186
191
195
197
217
247
278
301
302
437
478
517
662
709
767
800
824
865
868
48
59
87
168
216
380
390
462
515
534
577
623
632
670
729
742
806
808
837
841
871
55
84
95
125
176
221
346
508
652
704
785
818
916
58
82
135
155
468
567
583
633
647
896
928
147
324
426
543
671
751
876
920
935
940
945
23
70
185
242
249
339
377
590
619
755
844
888
917
918
190
236
365
472
603
740
76
484
498
650
658
789
825
890
907
911
931
80
194
376
450
461
544
587
698
775
776
885
919
62
66
187
410
420
451
475
630
812
863
905
949
33
68
313
317
355
425
584
664
855
65
111
360
384
419
731
779
815
846
948
78
201
594
748
828
839
61
161
409
636
656
669
772
922
953
63
198
396
675
759
858
877
915
958
54
695
752
51
487
541
796
809
913
944
50
53
206
641
721
760
112
963
878
879
942
177
374
867
43
71
328
941
960
52
85
181
811
943
34
42
83
433
936
371
490
875
939
57
712
957
710
64
932
20
45
47
480
904
72
470
49
40
379
795
952
976
956
10
947
22
962
11
961
88
897
950
951
74
856
973
930
29
946
914
25
966
983
44
15
30
46
14
19
36
31
971
980
21
979
35
974
972
977
0
17
16
970
978
41
975
981
12
24
964
969
987
39
56
37
989
27
18
13
982
4
959
32
965
968
988
26
997
28
9
984
991
3
2
6
604
638
250
509
292
616
532
575
581
325
622
127
153
548
726
735
131
393
404
506
293
407
489
512
629
133
252
269
341
545
595
600
730
169
565
593
631
648
819
154
156
204
224
298
640
694
761
500
576
592
644
700
786
184
539
552
602
684
706
714
158
244
569
674
874
180
232
243
291
299
387
448
537
667
842
895
129
196
270
319
329
368
397
460
488
502
504
573
580
628
660
707
732
758
790
860
114
193
259
261
288
290
330
337
474
666
677
697
852
886
202
230
257
267
273
280
297
352
361
362
458
525
533
553
574
585
589
642
659
691
724
762
894
164
189
228
289
340
467
505
542
566
579
605
611
617
621
643
723
739
777
81
126
136
160
183
262
296
320
321
358
405
465
466
549
626
655
681
699
754
781
143
173
179
210
253
255
303
306
318
471
476
518
521
524
728
769
797
105
139
212
218
245
295
345
364
427
442
444
457
503
557
578
606
607
639
657
701
718
753
799
100
199
205
229
282
304
343
348
424
435
441
455
496
546
613
654
745
747
764
778
954
103
149
241
258
274
285
287
381
449
453
454
540
582
599
645
693
716
736
788
862
903
906
106
116
178
238
256
327
350
477
550
563
568
601
663
702
703
749
773
782
845
92
97
120
151
170
203
209
226
286
312
402
464
478
485
491
637
668
673
683
705
715
750
791
864
869
883
891
899
90
94
99
118
134
144
235
246
305
314
315
347
399
401
403
432
482
507
519
551
555
679
719
734
756
768
832
836
889
910
938
48
124
182
200
220
222
240
248
333
528
556
561
588
625
646
653
686
713
771
802
813
817
826
69
93
109
172
174
215
233
237
369
389
469
493
501
516
529
558
597
609
627
635
688
696
717
720
807
816
830
833
848
854
937
60
79
82
119
191
225
311
322
331
342
385
386
400
414
436
439
511
547
554
560
618
649
651
661
690
692
763
794
801
859
892
77
115
141
150
266
272
307
323
366
415
429
430
431
459
513
530
535
559
564
577
676
727
803
857
861
870
896
86
91
130
138
148
159
165
167
207
211
271
363
372
434
522
527
570
572
610
615
757
780
783
787
827
908
925
101
108
128
132
145
171
217
219
231
249
251
275
316
388
413
422
497
514
526
538
737
766
792
798
834
850
853
123
227
284
294
308
356
373
378
411
417
438
440
452
481
499
517
591
598
800
912
923
924
933
89
254
283
302
309
367
370
383
398
406
408
447
483
510
536
562
612
634
672
687
711
733
741
742
744
765
823
831
881
934
110
113
146
162
264
326
428
531
662
678
682
689
804
821
824
902
909
921
945
67
73
104
117
122
137
140
176
263
332
334
336
486
614
624
685
708
738
822
829
835
838
847
887
893
107
155
166
216
279
281
353
394
456
658
849
152
208
223
234
335
338
339
375
382
390
412
463
479
680
774
785
840
38
147
168
195
214
268
418
443
445
492
523
671
722
740
743
746
770
784
865
898
927
96
121
188
192
197
221
310
351
416
423
596
608
670
793
844
872
917
75
78
87
277
278
324
344
354
534
567
583
620
630
652
808
871
901
953
58
142
242
349
421
473
495
520
594
633
647
810
814
868
900
905
916
926
70
102
135
187
213
265
300
357
391
392
426
446
586
665
704
818
851
880
882
929
163
175
186
260
384
419
508
571
584
636
729
767
775
820
866
76
239
346
494
619
751
837
911
935
955
98
276
301
515
590
664
675
759
805
806
843
888
66
80
84
161
359
380
395
603
825
873
190
247
376
450
544
698
725
755
884
942
55
177
365
377
461
472
650
709
752
839
918
53
59
157
475
623
632
731
748
841
846
62
95
194
410
451
776
789
890
61
111
185
875
949
33
498
656
779
863
876
931
125
374
437
468
815
855
907
920
23
65
201
236
328
360
409
587
885
919
940
960
63
541
543
669
695
928
939
958
43
420
425
462
828
858
948
487
721
936
54
112
484
51
355
490
710
879
712
760
877
42
47
68
206
371
796
809
52
57
181
198
867
878
913
943
313
317
915
951
641
772
922
944
812
71
83
433
811
952
963
45
50
470
480
957
40
396
941
20
64
72
904
932
34
49
85
947
950
10
795
897
962
956
11
88
379
966
976
22
930
914
856
946
25
15
29
961
36
971
983
19
30
973
74
46
972
35
14
17
31
974
44
21
978
977
980
979
970
0
41
16
987
12
969
39
964
18
24
56
27
975
37
981
989
982
13
4
32
959
965
968
988
26
997
28
9
604
638
250
509
341
153
131
292
616
735
127
269
325
575
622
581
726
298
252
489
154
293
368
548
552
133
158
629
129
156
532
545
270
565
644
732
204
224
244
393
407
500
648
730
592
631
819
684
404
860
895
184
290
330
397
640
706
273
512
539
585
874
299
329
474
894
580
852
506
569
694
114
257
267
600
674
700
842
169
180
193
288
579
595
196
296
189
259
261
280
504
576
691
253
488
243
291
319
387
505
628
320
666
714
786
164
232
340
542
660
677
761
228
321
593
626
136
502
621
697
289
448
553
566
611
82
100
183
230
458
518
549
318
637
679
707
764
179
295
524
573
699
797
886
903
255
282
381
589
639
659
304
337
836
178
286
348
533
655
768
453
467
525
574
642
667
716
754
762
769
210
241
444
643
191
209
245
459
601
702
723
736
782
81
93
117
160
173
235
306
361
442
143
352
537
599
606
627
226
297
358
424
465
503
790
799
202
262
362
471
739
758
777
781
116
516
546
577
578
693
753
126
312
343
788
90
701
891
906
199
256
449
588
718
845
954
48
91
105
364
427
561
563
749
869
99
106
285
521
663
787
892
899
103
139
150
350
441
466
478
657
717
807
218
327
366
405
602
174
212
222
399
476
617
203
249
464
683
719
720
182
229
237
238
258
307
315
322
389
460
491
550
558
625
833
69
151
246
303
347
477
607
696
705
727
801
889
94
211
363
514
522
609
826
79
217
220
883
896
923
551
305
402
497
728
945
97
248
287
773
439
92
339
673
681
857
910
170
195
605
272
454
568
912
207
215
613
724
745
429
572
582
165
200
388
431
649
60
67
78
109
118
171
205
314
333
370
597
653
791
77
108
369
540
690
564
570
86
422
219
557
778
457
646
830
942
386
455
530
661
763
771
233
274
536
688
715
747
937
519
703
800
938
159
234
254
403
414
824
130
311
345
953
308
756
231
240
711
149
792
115
145
555
618
734
925
266
275
336
408
527
528
538
678
750
832
870
162
223
294
447
499
511
615
838
849
110
251
430
821
104
176
662
881
436
331
124
284
924
119
654
686
485
848
862
70
334
645
38
120
227
373
432
651
783
798
803
283
398
556
591
733
302
394
517
559
668
682
757
859
933
134
140
216
415
658
713
738
147
73
167
279
435
501
144
101
271
482
123
172
531
742
53
146
278
384
452
854
934
121
168
214
413
610
708
770
332
598
926
242
567
633
3
187
221
759
378
122
496
861
816
148
401
794
438
676
385
400
554
141
316
335
428
817
831
921
132
213
225
535
829
887
155
197
323
671
917
268
443
647
780
66
265
652
672
802
208
277
486
804
161
356
594
850
529
692
434
507
560
827
342
635
864
383
417
687
813
905
493
680
902
107
192
326
344
844
84
281
411
473
612
909
481
264
324
689
737
839
840
868
137
619
636
765
808
374
47
412
614
309
722
113
128
526
908
911
89
492
510
822
898
58
479
670
102
152
624
774
900
927
353
846
382
445
847
871
935
95
456
544
740
584
608
247
328
416
419
590
916
955
87
390
936
177
939
76
135
375
823
513
634
263
744
406
188
495
929
96
818
865
201
423
111
958
785
508
960
752
949
875
951
372
620
547
741
276
310
834
483
882
872
357
851
75
596
346
301
349
463
55
186
743
890
675
61
825
33
779
918
338
450
43
604
532
393
595
539
120
133
361
761
293
735
154
640
726
758
489
638
212
267
292
352
405
457
593
602
697
714
131
261
269
337
506
509
706
196
204
250
401
404
573
575
605
616
629
644
694
724
790
862
232
325
460
552
581
592
622
666
754
786
819
156
184
496
500
525
537
562
568
574
874
153
179
224
230
244
255
289
299
309
318
341
362
469
471
504
580
599
617
684
816
842
895
124
139
143
169
193
202
238
274
295
340
345
493
529
548
600
631
660
667
677
864
127
138
288
298
387
402
407
441
507
606
613
654
718
766
850
886
149
164
205
243
258
259
372
435
448
482
485
502
512
533
545
549
560
621
674
686
778
781
92
158
173
189
210
228
245
271
297
327
329
358
453
465
466
540
557
569
576
634
653
691
707
715
728
777
853
103
136
166
170
209
252
262
290
291
303
315
330
343
348
432
474
518
553
585
626
635
642
645
701
723
730
749
762
797
817
852
894
89
114
116
144
151
183
215
287
319
320
321
351
381
444
455
464
476
501
547
566
582
589
628
648
655
668
681
734
753
769
791
794
908
954
119
126
128
160
167
182
200
240
256
280
294
306
312
333
342
347
397
424
434
440
513
521
542
579
651
659
676
699
750
803
832
848
105
225
229
241
253
257
273
304
305
308
364
454
505
565
601
611
646
657
700
741
747
883
891
893
60
97
106
123
129
172
231
284
311
322
331
368
411
430
438
458
488
491
519
528
563
607
673
719
732
737
739
745
757
813
835
859
861
869
93
100
113
174
180
199
226
246
248
286
314
326
369
375
385
418
427
449
503
510
554
556
559
661
663
713
783
827
830
889
903
938
148
233
251
270
316
367
388
403
414
452
467
523
524
527
683
693
703
705
764
773
788
845
906
118
134
141
159
165
178
218
222
260
263
266
279
282
285
323
349
350
392
400
415
417
442
526
546
555
578
643
771
780
799
834
854
860
902
101
122
235
254
307
373
383
398
406
477
572
612
685
711
746
756
814
887
81
96
98
108
175
237
296
332
338
386
439
459
481
530
550
551
614
624
690
692
702
727
744
763
774
831
833
899
909
937
77
130
142
203
211
283
356
378
394
486
499
535
558
570
588
625
627
639
680
793
798
802
836
849
910
90
94
109
132
220
310
335
354
431
564
591
597
610
649
672
782
805
870
872
881
884
892
99
104
145
146
171
265
272
275
300
363
413
423
436
463
479
483
494
520
609
618
679
687
689
708
716
720
736
784
792
807
820
829
921
69
73
107
140
150
227
264
334
395
399
416
422
428
456
473
511
522
536
538
571
586
596
615
682
696
733
826
857
880
925
86
91
115
163
219
239
353
357
359
389
412
445
514
598
665
722
804
843
898
923
933
157
268
277
429
688
717
768
770
810
821
847
851
866
873
38
67
79
110
137
234
281
336
391
408
421
446
447
462
495
497
516
561
608
620
637
738
743
765
801
822
823
912
924
929
75
121
152
162
207
214
223
302
344
366
370
382
443
492
531
678
709
785
837
838
900
901
926
927
934
186
188
192
197
208
213
276
301
437
468
515
517
534
671
725
767
800
806
824
840
882
955
87
102
125
217
247
380
623
632
704
729
755
787
808
865
868
48
59
168
195
216
221
278
346
377
390
478
577
583
662
670
742
751
818
841
117
135
155
191
647
652
871
916
920
928
55
58
84
95
147
176
190
426
508
567
619
633
740
789
888
896
324
365
498
603
775
876
917
940
82
185
249
339
420
461
472
590
630
776
844
931
935
23
194
236
242
376
484
543
587
650
658
664
698
825
890
70
80
355
410
812
907
911
918
945
187
360
451
475
544
855
885
62
65
68
76
317
425
450
731
863
919
33
111
313
419
584
748
828
948
949
66
384
594
877
905
61
63
396
409
669
752
772
779
815
839
846
953
78
161
487
541
636
656
922
54
198
201
641
675
760
809
858
915
944
759
913
695
796
958
50
51
112
206
721
878
942
53
177
879
71
85
867
960
963
52
181
328
371
374
811
875
943
43
83
433
712
941
34
939
42
57
710
480
490
932
936
957
20
64
45
379
904
47
470
795
72
947
49
952
40
22
897
956
976
10
11
951
962
74
88
930
950
973
856
29
914
946
961
966
25
983
44
15
30
14
46
971
19
36
31
21
980
35
972
979
974
977
17
0
16
978
970
41
39
56
969
987
12
24
964
981
975
18
27
37
989
13
982
4
32
959
965
968
988
26
997
28
9
984
6
991
3
604
638
509
292
532
575
250
548
735
404
489
616
622
726
131
325
581
153
506
512
629
393
407
500
127
133
293
298
576
593
595
631
224
537
565
600
640
819
448
488
648
706
730
761
156
169
204
252
269
291
545
552
644
684
154
184
244
341
460
580
592
674
714
786
196
259
261
340
387
397
539
569
573
694
288
299
329
337
471
525
553
602
617
707
732
180
232
474
502
504
533
574
589
611
621
697
700
790
842
895
158
230
273
319
330
368
458
524
566
605
666
677
723
758
852
202
289
290
320
321
345
358
361
465
466
496
505
628
643
655
660
667
874
886
81
129
164
193
210
267
280
304
362
405
467
503
521
546
579
642
659
724
762
777
860
228
243
257
295
424
435
441
442
457
542
578
585
606
625
699
718
114
143
160
253
262
286
297
306
352
476
507
518
557
599
607
613
626
681
745
754
781
894
173
189
212
245
270
287
296
350
427
455
639
657
691
701
769
778
797
799
100
105
136
139
149
179
183
256
285
303
343
348
403
432
444
449
453
477
549
551
563
568
654
693
715
716
728
734
747
103
120
126
199
209
229
318
364
401
464
478
485
601
618
663
739
753
764
771
788
791
845
869
906
92
218
226
241
258
274
282
305
327
333
381
402
528
529
530
582
588
692
703
736
756
768
773
954
116
144
151
178
200
205
235
255
315
454
491
550
554
555
556
558
686
720
749
750
782
813
826
854
862
864
883
892
899
903
106
203
233
238
248
347
372
414
429
436
482
493
535
540
547
561
646
668
683
832
889
891
94
97
124
215
240
275
314
369
383
385
399
438
439
459
501
519
527
577
609
637
645
653
661
673
679
690
702
713
817
850
910
99
109
182
220
312
323
342
422
434
440
536
560
570
627
676
688
696
705
717
719
802
807
830
69
134
170
237
266
294
308
311
322
375
430
452
486
559
591
635
763
833
836
859
938
86
119
128
165
167
174
222
271
400
415
431
443
469
510
564
572
651
672
766
800
848
108
115
118
132
172
211
225
246
272
307
331
363
388
389
398
408
481
513
516
538
562
597
727
801
816
827
861
870
908
925
60
90
93
130
138
159
219
227
231
251
284
302
309
378
386
413
497
511
514
610
634
649
711
737
783
798
803
857
912
937
48
77
79
101
123
141
150
191
207
217
316
366
367
373
411
417
447
499
517
522
678
757
765
787
794
831
853
896
82
117
145
148
171
264
336
412
456
473
526
598
612
615
624
689
780
792
829
834
923
924
91
113
234
268
310
326
356
418
428
531
671
687
744
774
804
823
881
933
89
122
140
155
162
334
344
382
394
406
416
423
445
492
682
708
740
785
835
838
887
909
73
121
146
152
249
254
283
338
390
479
722
733
741
821
902
921
67
96
107
137
166
195
214
223
263
332
339
370
483
495
534
614
662
685
742
784
847
849
926
934
945
110
147
168
192
216
279
281
353
421
446
523
658
738
746
793
822
824
893
898
917
175
208
221
277
391
463
494
520
567
586
608
619
633
652
680
840
868
872
900
75
104
163
176
188
260
335
346
354
571
583
630
665
743
844
880
927
78
135
186
300
324
392
426
475
620
636
647
770
808
810
814
871
929
70
142
197
239
278
351
357
395
584
596
704
818
865
901
38
102
213
265
384
594
767
789
837
851
882
955
76
87
98
276
349
603
664
670
729
751
888
911
916
935
187
247
301
377
380
472
590
698
805
820
825
953
161
365
508
515
806
839
884
58
177
242
359
544
623
731
752
775
866
111
419
487
632
709
725
755
875
905
942
53
376
410
437
461
468
650
776
779
843
863
55
65
66
80
84
185
190
450
675
748
873
876
918
194
656
759
841
846
890
33
59
61
95
125
374
451
543
885
920
157
462
669
695
815
928
948
949
23
236
328
498
541
587
919
360
409
425
855
907
939
940
43
201
420
760
877
931
958
62
63
181
355
828
960
484
112
490
54
710
721
858
936
57
198
712
809
68
878
51
206
913
313
317
371
796
915
42
47
52
480
951
433
772
879
943
470
641
812
867
922
944
71
941
952
83
396
957
50
64
811
963
20
45
932
947
40
34
72
85
49
950
904
88
379
795
897
10
22
962
956
930
11
29
914
946
966
15
976
856
30
25
36
961
971
74
973
19
983
46
14
31
972
35
44
17
978
974
21
980
977
979
0
16
18
39
970
41
969
987
964
12
56
24
27
37
975
989
981
982
13
4
32
959
965
988
968
26
997
9
28
604
638
250
509
341
153
131
735
127
292
616
325
726
269
622
298
575
581
489
732
252
368
133
293
548
552
204
629
129
532
644
154
156
158
393
407
545
565
648
270
224
500
684
730
244
592
631
299
512
184
329
404
819
895
273
330
397
580
860
894
640
700
706
290
569
585
842
874
196
474
539
694
114
288
180
267
506
600
674
852
169
193
257
291
579
259
296
340
595
504
576
714
189
253
261
280
320
488
505
628
691
243
319
387
164
593
621
677
228
230
232
295
542
626
660
666
761
786
136
289
502
518
762
458
553
321
448
697
100
549
566
611
764
82
183
255
286
524
637
836
178
304
525
459
573
589
639
667
699
707
797
886
179
282
318
337
381
453
467
659
679
723
768
903
143
160
210
642
655
716
117
348
361
533
574
601
769
173
209
241
306
442
444
643
739
754
790
799
81
93
191
235
245
606
627
702
736
782
312
362
503
202
465
718
758
777
845
297
352
537
599
788
869
892
116
226
262
358
364
424
471
546
577
578
588
749
753
781
90
103
126
256
343
427
516
563
693
906
285
466
521
399
441
449
99
139
701
720
891
91
105
106
199
350
663
826
954
48
69
150
212
218
363
366
561
625
657
717
787
807
899
94
203
222
389
478
514
602
719
249
491
551
883
405
460
617
696
174
238
327
464
476
558
151
182
220
229
246
258
303
307
315
322
347
477
550
607
683
705
745
833
79
211
217
237
522
609
681
727
801
889
896
923
67
305
314
605
333
540
287
728
60
78
195
248
402
439
497
773
77
97
165
170
207
272
339
370
414
673
857
910
912
945
215
613
92
454
568
429
570
275
724
778
205
219
388
582
703
747
791
830
108
109
200
431
564
572
597
649
653
715
86
118
171
369
422
690
800
159
234
519
771
942
536
937
938
557
345
457
149
233
274
294
308
455
530
646
661
711
763
311
386
527
688
824
881
130
254
528
821
223
953
925
231
70
266
832
119
240
403
555
654
734
750
115
251
336
408
618
756
792
803
838
849
870
110
145
331
373
430
436
447
499
511
538
615
678
713
798
104
120
162
284
302
517
662
924
176
283
334
559
591
926
227
432
854
140
485
848
124
435
645
651
686
862
398
556
668
757
783
859
38
101
134
167
271
279
332
415
933
216
394
658
682
733
147
214
738
452
633
443
817
73
652
268
486
123
144
482
501
172
385
121
146
378
531
610
708
742
850
132
221
277
278
413
598
770
934
53
168
384
567
473
917
187
242
507
759
921
122
535
672
412
438
496
829
265
816
774
316
554
676
794
827
148
400
560
780
861
141
225
323
428
831
887
192
213
335
342
671
802
155
197
208
647
687
804
66
434
765
839
864
161
594
619
375
635
636
401
680
356
247
374
612
383
344
529
493
813
868
902
113
326
692
737
905
128
309
411
417
481
909
107
264
689
281
808
844
84
137
840
95
324
510
900
152
456
47
445
544
871
111
908
911
89
526
634
624
614
722
416
492
102
353
479
822
898
927
58
590
608
740
847
584
670
785
916
935
955
87
382
419
846
177
328
936
939
390
744
818
76
135
951
752
929
188
423
513
372
779
263
406
834
96
823
495
276
346
3
508
562
865
55
949
958
201
875
960
357
948
872
392
918
547
741
310
463
349
483
620
596
743
851
75
186
301
882
825
890
33
731
450
61
675
421
43
338
704
810
604
532
393
595
539
761
120
133
293
361
640
726
735
154
593
758
489
638
212
267
337
352
405
457
602
697
714
131
269
292
506
575
694
706
862
250
261
401
404
469
509
573
581
616
629
644
196
204
232
460
592
605
622
666
724
754
786
790
819
184
325
496
525
537
552
574
599
153
156
309
362
471
493
500
504
568
617
766
816
842
874
124
138
139
169
179
193
202
224
230
244
255
274
289
299
318
341
345
529
580
600
631
660
667
677
684
895
127
143
205
238
295
340
387
402
407
435
441
545
548
562
606
853
864
149
258
288
298
448
465
482
485
502
507
533
549
576
613
654
674
686
707
718
728
781
886
92
164
189
228
243
245
259
262
297
327
329
330
348
358
372
455
466
512
540
553
560
569
621
635
645
653
777
778
850
103
136
158
166
170
173
210
271
290
291
303
315
343
351
432
440
453
474
476
501
518
557
585
626
634
642
648
668
681
691
715
762
894
89
116
144
151
183
209
252
287
397
444
464
547
582
589
651
655
701
723
730
734
749
769
791
794
797
817
954
114
119
126
200
215
240
280
312
319
320
321
342
347
381
424
513
521
542
566
579
628
659
676
699
750
753
803
852
893
908
105
128
160
167
182
256
294
305
306
364
434
565
601
607
611
657
673
737
741
832
835
848
60
106
123
172
225
229
241
253
257
308
311
331
333
411
454
491
505
563
646
732
739
757
859
883
891
97
100
129
180
199
226
231
246
273
284
304
322
368
369
375
385
403
430
438
458
467
488
519
556
661
663
700
719
745
747
783
813
830
861
869
938
93
113
148
233
248
251
270
286
314
326
367
400
414
418
427
442
449
503
523
524
527
528
554
559
578
683
703
705
713
827
889
903
134
141
174
218
260
263
282
316
323
349
388
415
417
452
510
526
555
685
693
764
771
773
780
788
799
834
902
906
118
122
159
165
178
222
235
266
279
285
307
350
373
398
406
481
546
612
643
692
711
746
756
814
845
860
81
96
98
101
108
254
332
338
386
392
439
477
551
572
614
624
690
702
744
854
887
909
130
175
203
237
296
356
378
383
431
436
459
530
550
558
597
727
763
793
802
831
833
937
77
90
94
142
211
220
283
310
335
354
394
535
570
625
627
639
680
716
774
782
798
805
836
870
881
884
899
910
104
109
132
145
272
300
363
479
486
499
520
564
588
591
609
610
618
649
672
689
784
792
807
820
849
872
892
73
99
146
163
171
265
395
413
416
422
463
483
494
596
665
682
687
708
733
736
829
857
880
921
69
86
91
107
140
150
227
239
264
275
334
389
399
423
428
446
456
511
522
536
538
561
571
586
598
615
679
696
720
804
826
843
925
115
157
219
281
353
357
359
382
412
445
497
514
688
717
722
821
847
866
873
898
923
933
38
67
79
391
408
462
473
492
495
620
709
738
743
768
770
801
822
823
837
851
912
75
110
121
137
208
234
268
277
336
370
429
447
516
531
534
608
637
765
767
901
924
929
934
162
207
214
223
302
366
421
678
725
729
785
800
810
824
840
900
926
927
955
102
125
152
186
192
197
213
217
276
301
344
380
443
468
515
517
623
671
787
806
838
865
882
59
87
188
221
247
377
390
426
437
478
583
632
662
742
751
755
808
841
48
168
191
195
216
278
346
508
577
670
704
868
916
928
117
135
155
190
567
603
647
652
818
871
876
888
55
58
84
95
147
176
324
472
498
543
630
633
740
775
789
896
920
185
249
365
461
619
917
931
940
80
82
236
339
355
376
420
587
590
664
776
844
935
23
194
242
410
475
484
650
658
698
825
890
945
70
187
360
451
907
911
918
62
450
812
855
885
919
65
68
76
425
544
748
828
863
33
317
419
584
731
815
949
66
111
313
384
594
669
877
905
61
63
396
409
641
656
675
752
772
846
915
922
948
953
78
161
541
636
695
779
839
54
198
201
487
760
809
858
944
759
913
50
51
112
206
721
796
958
878
942
53
177
879
52
71
85
433
712
960
963
43
181
328
371
374
811
867
875
943
83
941
42
490
939
34
57
710
932
480
936
957
20
45
64
379
47
795
904
72
470
40
49
947
952
897
10
22
956
976
951
11
88
930
962
74
950
961
973
856
29
914
946
966
25
44
983
15
30
14
19
36
46
971
31
21
980
972
35
974
979
977
17
978
0
16
970
41
12
969
987
39
24
56
964
981
975
18
27
37
989
13
982
4
32
959
965
988
968
26
9
997
28
984
991
3
604
638
509
532
292
575
250
735
489
548
622
131
325
616
726
629
127
153
404
500
506
512
581
595
293
298
393
407
593
600
631
133
224
537
576
640
761
819
269
488
552
565
644
684
706
730
154
156
169
204
252
341
448
460
539
545
648
714
786
184
291
337
387
573
580
592
674
694
196
259
261
288
299
340
502
504
525
569
602
617
790
244
329
397
471
553
574
605
621
697
842
895
158
180
230
232
267
273
319
345
361
362
458
474
533
566
589
611
666
677
700
732
758
202
466
496
503
505
524
660
707
723
852
129
164
289
290
295
321
358
368
628
642
643
655
659
724
762
777
860
874
886
114
189
193
210
228
243
257
280
320
330
405
441
457
465
467
521
542
546
579
585
599
606
667
699
718
754
81
160
253
262
286
297
304
306
343
352
424
435
476
507
518
557
626
781
894
120
139
209
212
245
270
296
350
427
453
549
563
568
578
607
613
625
657
681
691
701
745
769
778
797
105
136
143
149
173
179
183
256
287
318
348
401
403
444
464
639
693
715
734
739
747
799
100
103
126
255
258
274
364
442
454
455
477
528
582
601
654
663
728
753
791
845
869
906
92
205
238
241
248
282
285
303
305
315
327
381
402
432
449
485
529
540
551
588
618
686
692
703
716
736
756
764
768
771
773
788
862
864
883
954
116
151
178
199
200
218
229
235
333
347
372
414
482
491
493
530
550
555
556
673
720
749
750
782
813
826
832
854
903
97
106
144
215
226
233
314
385
429
438
459
501
554
558
561
609
646
653
683
690
817
850
889
891
892
99
109
124
134
170
182
220
240
275
294
312
369
434
439
519
527
547
560
637
645
661
668
679
702
713
719
807
830
899
94
203
266
311
323
342
422
430
440
452
478
535
559
570
577
627
688
696
705
717
763
802
833
836
910
938
69
128
165
167
174
222
237
271
308
322
331
363
375
383
415
431
436
469
481
536
572
591
635
676
766
816
848
859
108
118
119
225
246
307
309
388
399
400
411
486
511
513
516
517
562
564
651
672
727
783
827
861
908
60
86
90
93
115
132
138
159
172
211
272
378
386
389
398
408
443
447
497
499
510
634
649
711
737
757
798
800
803
857
870
925
937
123
130
141
150
219
227
231
251
284
413
417
514
526
538
597
610
794
801
834
853
48
77
101
145
148
171
191
217
302
316
366
367
373
418
456
522
615
624
678
774
780
787
829
831
881
896
912
79
82
89
91
113
207
264
326
356
412
531
598
612
682
689
744
765
792
835
923
117
121
140
223
268
283
310
334
336
382
423
428
445
473
671
687
708
733
741
804
887
933
73
96
122
166
195
214
234
249
254
279
332
338
394
406
416
479
492
722
740
821
838
849
902
909
924
67
107
137
146
155
370
463
523
614
685
742
746
785
793
823
847
921
926
110
152
162
175
192
263
281
353
354
494
495
738
784
822
824
898
104
216
221
339
344
392
421
446
534
586
608
652
658
662
665
680
840
868
872
893
900
934
75
147
163
168
188
208
239
300
335
346
390
483
520
567
619
630
633
743
770
808
844
880
917
945
142
176
260
265
277
324
351
357
395
571
583
596
620
647
814
929
38
70
78
102
135
186
197
213
278
349
391
426
584
636
810
818
837
865
871
901
98
590
704
767
789
851
882
87
187
276
377
384
508
594
664
670
729
751
805
820
888
911
916
927
935
76
247
301
380
475
698
806
825
866
884
955
58
365
419
515
603
623
839
953
242
359
472
544
632
731
752
755
775
111
161
376
461
487
709
725
843
875
942
66
80
84
185
190
437
468
650
776
779
863
873
905
53
55
177
194
410
450
498
656
748
841
890
918
61
65
95
157
543
675
759
846
876
885
920
928
33
59
125
409
451
462
374
907
948
949
23
236
355
420
425
541
587
669
815
855
931
940
62
328
360
484
695
939
43
63
201
760
828
877
919
181
958
960
112
54
721
858
198
490
710
712
809
57
68
206
878
936
51
371
480
52
313
317
433
796
913
772
879
915
42
47
812
922
943
71
641
867
944
470
951
50
83
396
941
64
952
957
811
963
20
932
45
85
947
40
34
72
49
379
950
88
795
904
10
897
22
956
962
11
29
914
976
930
966
856
15
946
25
30
36
74
973
971
19
961
983
14
46
31
972
35
44
17
974
21
980
978
977
979
16
0
970
18
987
41
12
39
56
969
964
24
37
27
975
981
989
13
982
4
32
959
965
968
988
26
9
28
997
3
604
638
250
509
341
131
153
735
292
325
616
127
269
622
726
298
575
581
489
133
252
368
732
293
532
204
548
552
629
407
154
156
393
545
565
644
648
129
158
270
631
684
224
244
500
512
592
730
299
580
184
273
329
404
819
330
397
539
700
706
860
894
895
640
842
114
196
569
585
874
288
290
474
694
852
180
600
506
674
169
193
257
259
261
267
296
340
579
291
595
319
504
714
189
243
253
280
320
576
628
691
164
289
387
488
502
505
621
660
761
230
593
228
232
458
542
666
677
697
786
136
295
321
518
626
762
304
448
553
100
286
764
183
255
549
566
611
707
337
524
525
573
637
797
836
82
143
178
361
453
589
381
459
639
716
179
210
318
642
659
667
699
723
886
160
282
362
467
533
601
655
679
768
903
117
173
306
442
465
984
241
718
790
209
245
348
444
574
754
769
799
81
235
312
503
577
606
627
643
736
739
777
782
93
191
202
424
702
788
845
563
588
869
892
285
352
399
427
537
758
103
116
226
262
297
343
358
364
471
578
599
753
781
90
126
256
441
466
546
693
720
749
906
139
449
516
521
91
99
602
891
69
625
696
954
105
199
212
460
701
899
94
106
218
222
350
363
657
663
717
807
826
48
150
203
238
249
307
366
389
478
491
514
551
561
719
787
883
151
174
540
558
889
405
991
327
464
476
607
617
683
896
182
229
246
258
303
315
322
347
477
550
605
609
673
681
705
727
745
79
211
220
237
305
314
522
801
833
67
217
333
454
923
78
77
912
195
287
402
728
60
170
248
439
724
773
945
92
97
165
207
215
272
370
414
568
613
910
205
339
422
497
857
219
275
429
570
715
109
369
388
649
690
747
431
200
582
778
791
572
653
830
86
108
118
159
171
311
519
564
597
703
771
800
938
234
555
646
937
517
527
536
942
345
530
557
756
274
457
925
149
233
294
308
455
130
254
386
403
661
688
711
763
331
499
511
528
803
821
824
881
120
223
953
231
266
618
734
70
678
408
447
832
119
240
251
430
654
750
849
115
145
284
302
336
373
436
538
615
713
792
798
838
870
110
162
283
334
398
432
559
662
757
924
104
124
176
591
686
926
6
140
227
854
73
633
848
862
435
485
645
850
134
167
271
556
651
668
783
859
101
279
394
415
38
216
332
682
733
738
817
933
147
214
452
658
443
486
652
268
501
917
277
438
123
144
482
172
385
121
378
413
531
610
708
132
146
168
221
278
507
598
742
770
934
122
384
473
567
672
921
53
187
242
401
535
887
375
412
759
265
829
619
344
636
496
692
816
560
774
794
861
141
148
225
400
434
554
676
780
802
827
864
316
323
335
342
428
831
481
635
671
687
804
192
197
208
213
309
647
765
66
155
161
680
356
839
247
445
594
113
689
326
374
411
417
612
493
529
905
737
813
868
128
383
614
902
526
909
107
264
281
808
137
152
324
456
510
840
844
84
95
590
900
419
544
47
111
871
634
911
908
89
624
406
479
722
416
492
822
898
353
608
847
927
58
102
670
740
785
87
744
916
935
955
584
382
508
818
846
135
390
328
562
76
177
939
936
752
188
929
276
310
951
875
372
513
263
779
834
96
823
423
463
495
346
872
865
55
357
392
949
958
201
948
960
186
918
547
741
349
483
596
620
743
75
851
338
882
301
421
825
890
450
731
33
61
675
685
704
43
409
729
810
175
469
604
532
393
539
595
133
761
120
293
361
640
726
735
154
593
758
405
489
638
212
267
337
352
457
602
697
714
131
261
269
292
506
509
575
694
706
862
250
401
404
573
581
616
629
644
196
204
232
325
460
525
592
605
622
666
724
754
786
790
819
156
184
496
537
552
574
766
153
202
224
244
318
341
471
493
500
504
568
599
617
667
684
816
842
874
138
139
169
179
193
230
255
274
289
299
309
362
407
529
548
562
580
631
660
677
895
124
127
143
238
295
340
345
387
402
435
441
448
545
600
606
853
864
886
149
164
205
243
258
288
298
482
485
507
533
549
576
613
621
645
653
654
674
707
728
778
781
92
189
210
228
245
259
262
271
297
327
329
348
358
372
455
465
466
469
474
502
512
553
560
569
635
686
691
718
777
850
103
136
158
166
170
173
209
252
290
291
303
315
330
343
351
432
440
453
476
518
540
557
585
626
634
642
648
655
668
681
715
730
762
894
89
114
116
144
183
287
320
397
444
464
501
547
566
582
589
628
651
701
723
734
749
769
791
794
797
817
893
908
954
119
126
151
182
200
215
240
280
312
319
321
333
342
347
381
424
434
513
521
542
579
659
676
699
750
753
803
852
105
128
160
167
225
253
256
294
305
306
364
505
565
601
607
611
657
737
741
832
835
848
60
97
106
123
172
229
241
257
308
311
331
368
430
454
491
563
646
673
732
739
747
813
859
883
891
100
129
180
199
226
231
246
248
273
284
304
322
375
385
403
411
418
449
458
467
488
519
528
554
556
661
663
700
719
745
757
783
830
861
869
938
93
113
148
174
233
251
270
286
314
316
326
367
369
400
414
427
438
442
503
510
524
527
559
683
693
703
705
713
764
771
827
889
903
906
134
141
178
218
222
260
263
266
282
323
349
350
388
415
417
452
523
526
578
612
773
780
788
799
834
845
860
902
118
122
159
165
235
254
279
285
307
338
373
383
386
398
406
477
481
546
555
643
711
746
814
854
81
96
98
101
108
296
332
392
439
550
551
572
624
690
692
702
727
744
756
833
887
909
130
142
203
237
356
378
394
431
436
459
530
535
558
597
614
627
685
763
793
802
831
899
910
937
77
90
94
132
211
220
283
335
354
486
499
564
570
610
625
639
680
716
774
782
798
805
836
849
870
881
884
104
109
145
175
272
300
310
363
423
479
520
588
591
609
618
649
672
687
784
792
807
820
872
892
99
146
163
171
265
275
334
413
416
422
463
483
494
522
538
596
615
665
682
689
708
733
736
829
857
880
921
69
73
86
91
107
140
150
227
239
264
389
395
399
412
428
446
456
473
497
511
536
561
571
586
598
679
696
720
804
826
843
925
115
157
219
281
353
357
359
382
391
445
514
688
717
722
821
847
866
873
898
923
933
38
67
79
110
268
277
336
429
462
492
495
516
608
620
637
738
743
768
770
801
822
823
837
851
912
924
929
75
121
137
207
208
234
370
408
421
447
531
534
709
765
767
901
934
152
162
192
197
213
214
223
302
366
443
515
671
678
725
785
800
806
810
824
840
900
926
927
955
87
102
125
186
188
217
276
301
344
380
390
468
478
623
662
787
838
865
882
59
168
216
221
247
278
377
426
437
517
583
632
742
751
755
808
841
868
48
117
135
191
195
346
508
577
670
704
729
818
876
916
55
147
155
190
472
567
603
647
652
871
888
896
920
928
58
84
95
176
324
543
630
633
740
775
789
185
249
365
461
498
619
917
931
935
940
23
80
82
236
242
339
355
376
420
475
587
590
658
664
776
844
945
70
194
410
484
650
698
825
890
907
918
187
360
451
911
62
76
425
450
544
812
855
863
885
919
65
68
317
731
748
828
33
66
111
419
584
594
669
815
949
313
384
675
877
905
953
61
63
78
161
396
541
641
656
752
772
839
846
915
922
948
198
636
695
760
779
809
54
201
409
487
858
913
944
759
796
50
51
112
206
721
958
177
878
879
942
53
43
52
71
85
328
433
811
867
875
960
963
181
371
374
712
943
83
941
34
42
57
490
710
939
932
936
480
957
20
45
64
379
904
47
72
470
795
952
40
49
947
22
897
956
10
976
951
11
930
962
88
950
74
856
961
973
29
914
946
966
25
983
15
44
30
14
19
36
46
971
31
21
980
972
35
974
979
977
17
978
0
16
970
41
12
987
39
56
969
24
964
981
975
18
27
37
989
13
982
4
32
959
965
988
968
26
997
9
28
3
991
984
604
638
509
292
532
575
250
735
489
548
622
131
325
404
616
726
512
629
127
153
393
500
506
581
293
298
407
595
133
224
537
576
593
600
631
761
819
269
448
488
565
640
684
706
730
154
156
169
204
252
341
460
545
552
644
648
714
184
291
387
539
580
592
674
786
259
288
299
337
340
502
504
525
569
573
602
617
694
196
244
261
329
397
471
553
697
790
842
895
158
180
230
273
458
474
533
566
574
605
611
621
666
677
700
732
758
202
232
319
321
345
361
466
503
505
589
660
723
852
129
267
289
290
358
362
368
465
496
524
628
643
659
707
724
762
777
860
874
886
164
189
193
228
257
295
320
330
405
424
457
521
542
546
585
606
642
655
667
754
81
114
210
243
253
280
286
297
304
435
441
442
467
507
518
579
599
626
699
718
781
894
160
245
262
306
352
427
476
557
578
625
657
681
701
745
778
797
120
139
143
149
173
209
212
270
287
296
343
350
401
403
444
449
453
464
549
563
568
607
613
639
691
715
734
769
799
103
105
136
179
183
256
318
348
364
454
455
477
485
601
654
663
693
739
747
753
791
906
100
126
205
241
255
258
274
282
327
381
402
432
528
540
551
555
582
618
703
716
728
773
788
845
869
92
199
200
229
238
248
285
303
305
333
478
529
530
588
686
692
720
736
749
750
756
764
768
771
782
826
862
864
883
903
954
106
116
151
178
215
218
226
233
235
315
372
385
414
429
438
439
459
482
491
493
547
550
556
558
609
646
673
683
813
817
832
854
889
891
97
144
312
314
347
369
501
554
561
637
645
653
679
690
713
719
850
892
899
94
99
109
124
134
170
182
203
220
240
275
294
342
434
436
519
527
535
560
577
627
661
668
696
702
705
807
830
938
237
266
271
311
322
323
331
363
375
383
399
422
430
431
440
452
536
559
570
591
688
717
763
802
833
836
910
69
128
165
167
174
222
308
415
469
481
486
572
635
651
672
676
727
766
816
848
859
86
108
115
118
119
211
225
246
272
307
378
388
389
400
411
447
511
513
516
517
562
564
711
783
800
827
861
870
908
925
60
90
93
132
138
159
172
219
231
251
309
386
398
408
413
417
443
497
499
510
514
526
634
649
737
757
798
801
803
857
937
48
77
123
130
141
145
150
191
227
284
316
366
538
597
610
678
780
787
794
834
853
896
912
79
82
91
101
113
148
171
217
302
367
373
418
456
522
598
615
624
689
774
829
831
881
121
207
264
268
310
326
334
356
412
473
531
612
671
682
744
765
792
835
923
89
117
223
336
338
382
406
423
428
445
687
708
733
740
741
804
849
887
924
933
73
96
107
122
140
155
166
195
214
234
249
254
283
332
394
416
479
492
722
785
821
823
838
902
909
67
137
146
152
175
279
281
344
370
421
463
523
614
685
742
746
793
847
921
926
110
162
192
263
353
354
390
483
494
495
534
662
738
784
822
824
840
898
934
75
104
216
221
339
346
446
567
608
619
633
652
658
665
680
868
872
893
900
945
147
163
168
176
188
300
335
391
392
520
583
586
630
743
770
808
844
880
917
78
142
208
239
260
265
277
324
351
357
395
571
584
596
620
647
814
929
38
70
102
135
186
197
213
278
349
426
590
636
810
818
837
865
871
98
384
475
670
704
767
789
851
882
901
935
87
187
276
377
508
594
664
729
751
805
820
888
911
916
927
58
76
247
301
365
380
698
825
866
884
953
955
419
515
544
603
806
839
242
359
472
623
632
731
752
755
775
111
161
376
461
487
709
725
843
875
942
66
80
84
177
185
190
437
468
650
779
863
873
905
53
194
410
450
498
656
675
748
776
846
890
918
55
61
95
451
759
841
885
920
33
59
65
125
157
409
462
543
876
928
948
236
374
541
907
328
484
815
855
931
940
949
23
355
360
420
425
587
669
695
939
43
62
63
760
828
877
919
181
201
958
960
112
54
721
858
57
198
710
712
809
51
206
480
490
878
936
68
371
433
52
313
796
913
42
317
772
915
47
879
71
641
812
922
943
867
944
951
50
83
470
941
952
64
396
811
957
963
45
20
932
947
40
85
72
34
49
379
950
88
795
904
897
10
22
956
962
11
29
914
976
856
930
966
15
30
946
25
36
74
973
19
971
961
983
14
46
31
972
35
44
17
974
21
980
978
977
979
16
0
970
18
987
41
12
39
56
969
964
37
24
27
975
981
989
13
982
4
32
959
965
968
988
26
9
28
997
604
638
250
509
341
131
153
735
292
127
616
298
325
622
726
269
575
581
133
489
252
532
293
368
552
732
204
393
407
548
629
512
545
648
154
644
156
158
224
244
270
565
631
684
129
404
500
580
330
592
184
299
730
819
273
700
196
329
539
640
706
842
894
895
114
288
397
852
860
874
290
600
694
261
474
569
585
169
180
267
291
506
595
3
193
259
340
579
674
257
289
296
319
504
189
387
458
243
320
488
502
576
621
628
660
714
761
164
230
253
280
505
691
286
304
321
448
593
232
666
697
786
136
228
295
518
542
553
626
677
762
100
573
707
764
589
637
255
337
361
442
525
549
143
183
453
524
566
611
797
836
82
178
381
459
465
639
642
699
716
723
209
601
659
179
318
667
679
886
160
173
210
241
282
306
362
467
533
655
718
768
790
903
117
424
799
503
563
577
782
202
399
449
574
754
845
81
93
235
245
312
348
444
606
643
739
769
777
285
427
588
599
627
702
720
736
758
788
869
892
191
262
358
466
578
352
753
103
126
297
343
441
471
478
537
602
781
116
139
226
256
364
521
546
693
749
906
69
90
91
99
516
625
696
891
899
954
363
558
212
405
460
701
826
94
105
106
151
199
218
222
238
350
491
540
551
657
663
719
883
889
48
150
174
203
249
307
366
389
477
514
561
717
787
807
237
305
607
673
683
896
605
617
229
246
258
303
315
327
347
464
476
681
745
182
211
220
314
322
333
454
522
550
609
705
727
801
833
923
67
77
79
170
195
217
248
912
78
388
414
439
945
555
724
92
97
215
287
402
568
613
728
60
165
205
272
715
773
857
910
109
200
207
219
275
369
370
422
429
497
570
649
690
747
339
345
431
519
791
517
925
653
778
582
771
938
86
108
118
159
171
294
311
455
527
564
572
597
646
703
830
937
234
266
530
536
557
756
800
942
223
457
120
149
274
233
308
331
403
528
661
734
803
130
231
254
386
499
511
688
711
763
821
881
70
336
436
618
678
824
373
408
447
953
832
849
838
654
119
124
240
432
686
750
251
284
430
485
559
713
757
798
870
104
110
115
145
162
227
283
302
334
398
435
538
591
615
662
792
848
850
924
73
140
176
854
926
633
486
862
645
668
167
271
556
651
817
859
101
134
332
415
452
783
214
279
394
501
682
733
738
933
38
147
216
268
277
443
652
658
438
917
121
265
344
187
144
401
482
507
123
172
385
122
132
375
378
413
535
610
672
887
146
316
412
473
531
598
708
770
921
934
168
221
278
342
567
742
242
384
829
619
692
759
53
417
636
774
496
816
864
309
554
560
676
794
225
323
400
434
635
827
861
141
148
481
780
802
831
984
113
326
335
356
383
428
680
687
804
155
192
197
208
213
445
671
689
765
247
411
647
66
594
612
839
161
281
374
614
84
324
905
868
493
529
128
737
813
510
526
902
909
6
107
264
456
137
634
840
152
406
808
900
95
590
844
390
544
111
419
871
911
47
562
908
89
624
744
353
416
479
847
423
492
608
722
785
822
898
310
382
740
927
955
58
87
102
135
188
670
818
916
508
935
76
276
584
929
752
846
177
328
875
939
936
421
951
991
779
372
513
834
96
263
547
392
872
463
823
357
495
346
865
483
55
186
949
948
201
958
918
960
741
338
349
596
685
620
743
75
851
175
882
301
704
825
729
391
890
450
731
810
33
61
675
475
409
43
863
469
604
532
393
539
595
761
120
133
293
361
726
735
154
640
489
593
638
758
212
267
405
457
697
131
292
337
352
506
575
602
694
714
766
250
261
269
401
509
573
581
616
629
644
706
862
196
204
232
404
460
525
605
622
666
724
786
790
184
325
496
537
552
592
754
819
153
156
202
341
471
493
500
504
568
574
599
617
684
842
874
139
169
179
193
224
230
244
255
274
289
299
309
318
362
562
580
631
667
677
816
895
124
127
138
143
238
295
340
345
387
402
407
441
469
529
548
600
606
660
853
864
149
205
258
288
298
435
448
482
507
533
545
549
613
654
674
707
728
781
886
92
164
228
243
245
259
262
297
327
348
358
372
465
466
474
485
502
512
553
560
569
576
621
635
645
653
686
718
777
778
850
103
136
158
166
170
173
189
210
252
271
290
291
303
315
329
330
343
432
440
453
455
476
518
540
557
585
626
634
642
648
668
681
691
715
762
894
114
116
183
209
287
351
397
444
501
547
566
582
589
651
655
701
723
730
749
769
791
794
797
817
954
89
119
126
144
151
200
215
240
312
319
320
381
434
464
521
542
579
628
659
676
699
734
750
753
852
893
908
105
128
160
167
182
256
280
294
305
306
321
333
342
347
364
424
513
565
601
607
611
657
737
741
803
832
835
848
60
106
123
172
225
229
241
253
257
308
311
331
368
454
491
505
563
646
673
732
859
883
891
97
129
180
199
226
231
246
273
284
304
322
375
385
403
411
418
430
458
467
488
519
528
554
556
661
663
700
719
739
745
747
757
783
813
830
861
869
938
93
100
113
148
174
233
248
251
270
286
314
316
326
367
369
400
414
427
438
449
503
510
524
559
683
705
713
827
889
903
134
141
178
218
222
260
282
323
349
350
388
415
442
452
523
526
527
578
612
693
703
764
771
773
780
788
799
845
902
906
118
122
159
165
235
263
266
279
285
398
406
417
546
643
746
814
834
854
860
81
96
101
108
254
296
307
332
338
373
383
386
392
477
481
551
555
572
624
690
692
702
711
744
756
887
98
130
203
237
356
378
436
439
459
530
535
550
558
597
614
627
685
727
763
774
793
802
831
833
899
909
910
937
77
90
94
142
175
211
220
283
335
354
394
431
486
499
570
625
639
680
716
782
798
836
849
870
881
104
109
132
145
272
310
423
479
520
564
588
591
609
610
649
672
784
792
805
807
820
872
884
892
99
146
163
171
265
275
300
363
413
416
422
463
483
494
522
596
618
665
682
687
689
708
720
733
736
829
857
880
921
925
69
73
86
91
107
140
150
227
239
264
334
389
395
412
428
446
456
473
511
536
538
561
571
586
598
615
679
696
804
826
843
115
157
219
353
357
359
382
399
497
514
688
717
722
821
847
866
898
923
933
38
67
79
110
268
277
281
429
445
462
492
495
608
620
637
738
743
768
770
801
822
823
851
873
912
924
929
75
137
207
208
234
336
370
408
447
516
531
534
709
765
767
837
901
934
121
152
162
192
214
302
366
391
421
443
678
725
785
800
810
824
838
840
900
926
927
955
87
102
186
197
213
217
223
301
344
380
468
515
623
662
671
787
806
865
882
59
125
168
188
221
247
276
278
377
390
437
478
517
632
742
751
755
808
841
868
48
117
135
191
195
216
346
426
508
577
583
670
704
729
818
916
147
155
190
472
567
603
647
652
871
876
888
896
920
928
55
58
95
176
324
543
630
633
740
775
789
84
185
249
365
461
498
619
917
931
940
80
82
236
242
339
355
376
420
587
590
664
776
844
935
945
23
70
194
410
484
650
658
698
825
890
907
918
187
360
451
812
911
62
76
450
475
544
855
885
919
65
68
317
425
748
828
33
111
419
584
594
731
815
863
949
66
313
384
669
877
905
61
63
78
396
541
641
656
675
752
772
779
846
915
922
948
953
161
636
695
760
809
839
54
198
201
409
487
858
944
759
796
913
50
51
112
206
721
958
177
878
879
942
53
43
52
71
85
433
811
867
875
960
963
181
328
371
374
712
943
83
941
34
42
57
490
710
939
932
936
480
957
20
45
64
379
904
47
72
470
795
947
40
49
952
22
897
956
976
10
951
11
930
962
88
950
973
74
856
961
29
914
946
966
25
44
983
15
30
14
36
46
19
971
31
21
980
972
35
974
979
977
17
978
0
16
970
41
12
39
969
987
24
56
964
981
975
18
27
37
989
13
982
4
32
959
965
988
968
26
997
28
9
3
984
991
604
638
509
292
532
575
250
622
735
489
548
616
131
325
404
726
153
393
500
512
581
629
127
407
506
595
133
224
293
298
537
593
600
631
819
576
640
761
204
269
448
488
552
565
644
684
706
730
154
156
169
184
252
291
341
539
545
580
592
648
674
714
786
259
288
387
460
504
569
602
694
196
244
261
299
337
340
397
471
502
525
573
617
697
790
842
895
180
230
329
553
574
605
611
621
732
758
158
232
267
273
319
361
458
474
503
533
589
666
677
700
723
852
202
289
290
321
345
358
362
368
466
496
505
524
566
628
660
707
874
886
129
164
189
193
295
330
405
424
465
542
585
606
642
643
655
659
667
724
754
762
777
860
114
210
228
243
253
257
280
297
304
320
441
457
467
521
546
579
599
699
718
894
81
160
262
286
306
352
435
442
476
507
518
557
568
578
625
626
657
745
781
120
139
143
149
173
209
212
245
270
287
296
318
343
427
444
449
453
464
549
563
607
613
681
691
701
715
734
769
778
797
103
105
136
179
183
256
348
350
364
401
403
454
455
477
485
601
639
654
663
693
739
747
753
799
906
100
126
205
241
255
258
274
282
305
327
381
402
432
540
551
555
582
728
773
791
845
869
92
199
200
229
238
285
303
528
529
530
588
618
686
692
703
716
720
736
749
750
756
764
768
771
782
788
862
864
883
903
954
106
116
151
178
215
218
226
233
235
248
315
333
372
414
438
439
459
482
491
493
501
550
556
558
646
673
683
813
817
826
832
854
889
891
97
144
312
314
347
369
385
478
547
560
561
609
645
653
668
679
690
713
719
850
892
94
99
109
124
134
170
182
203
220
240
275
294
342
429
434
436
519
527
535
554
577
627
637
661
702
705
807
830
899
938
237
266
271
308
311
322
323
331
363
375
399
422
430
431
440
452
469
536
559
570
688
696
717
763
766
802
833
836
910
69
119
128
165
167
174
222
307
383
415
481
486
513
572
591
635
651
676
727
783
816
848
859
908
86
93
108
115
118
211
225
246
309
378
388
389
400
411
447
511
516
517
562
564
634
672
711
803
827
861
870
925
60
90
132
138
159
172
219
231
251
272
284
386
398
408
413
417
497
514
526
597
649
737
757
798
800
857
937
77
101
123
130
141
145
150
171
227
316
366
367
418
443
499
510
522
538
610
780
787
794
801
834
853
912
48
79
91
113
148
191
217
302
373
456
615
624
678
689
744
774
829
831
881
896
82
89
207
264
268
310
326
334
356
406
412
531
598
612
671
682
765
792
835
887
923
117
121
122
140
223
336
338
382
428
445
687
708
733
741
804
849
902
909
924
933
73
96
107
146
155
166
195
214
234
249
254
279
283
332
394
416
473
479
492
722
740
785
821
823
838
67
137
152
162
175
263
281
344
370
421
423
463
523
614
685
742
746
793
824
847
921
926
104
110
192
353
354
390
446
483
494
495
534
662
680
738
784
822
840
872
898
934
75
216
221
335
339
346
392
567
586
608
619
633
652
658
665
868
893
900
945
147
163
168
176
188
208
277
300
357
391
520
620
630
743
770
808
844
880
917
38
142
239
260
265
278
324
349
351
395
571
583
596
647
810
814
818
929
70
78
102
135
186
197
213
426
584
590
636
837
851
865
871
901
98
384
475
670
704
767
789
882
888
927
935
87
187
247
276
377
380
508
594
664
729
751
805
820
884
911
916
955
58
76
301
365
698
825
866
953
359
419
515
544
603
806
839
242
472
623
632
731
752
755
775
843
84
111
161
190
376
437
461
468
487
650
709
725
875
942
66
80
177
185
410
450
498
776
779
863
873
905
53
55
95
194
656
675
748
841
846
890
918
920
61
65
125
157
451
543
759
876
885
928
33
59
409
462
907
948
236
374
541
815
931
940
949
23
328
355
420
425
484
587
669
855
43
62
63
360
695
828
939
201
760
877
919
958
181
960
112
54
721
858
57
198
490
710
712
809
936
51
68
206
480
878
313
371
433
52
317
796
913
42
47
772
812
879
915
71
641
922
943
867
944
951
50
83
396
941
952
64
470
957
963
811
20
45
932
85
947
40
72
34
49
379
950
88
904
795
897
10
22
956
962
11
29
914
976
856
930
966
15
946
25
30
36
74
973
19
961
971
983
46
14
31
972
44
35
17
974
21
980
978
977
979
16
0
970
18
987
39
41
12
56
969
964
24
37
27
975
981
989
13
982
4
32
959
965
968
988
26
997
28
9
3
604
638
250
509
341
131
153
735
292
127
325
616
298
269
622
726
575
581
133
489
532
252
293
368
552
732
393
204
407
545
548
629
512
648
154
156
644
129
158
224
244
270
404
500
565
580
631
684
330
184
299
592
819
273
700
730
539
640
852
114
196
288
329
397
600
706
842
874
894
895
290
860
694
180
261
474
569
585
169
291
267
506
595
193
257
259
289
319
340
504
579
674
189
296
387
458
714
761
164
230
243
280
320
488
502
505
576
621
628
660
691
253
286
304
321
448
232
295
593
666
677
697
786
100
136
228
518
542
553
573
589
626
707
762
764
442
637
143
255
337
361
453
525
549
566
723
178
183
381
459
465
524
601
611
639
642
659
699
716
797
836
82
209
679
179
210
318
362
533
655
667
790
886
160
173
241
282
306
424
467
503
563
718
768
799
903
117
399
449
577
720
782
845
202
574
606
754
758
81
93
235
245
285
312
348
427
444
599
627
643
702
736
739
769
777
788
869
892
191
262
358
466
578
588
753
478
352
537
103
116
139
256
297
343
364
441
471
521
602
749
781
90
91
99
126
226
516
546
625
693
891
899
906
954
69
363
558
696
826
212
460
984
238
405
657
701
94
105
106
150
151
174
199
203
218
222
305
307
350
389
477
491
514
540
551
561
607
663
717
719
807
883
889
48
237
249
366
673
683
787
896
605
617
182
229
246
258
303
314
315
322
327
333
347
454
464
476
681
705
745
67
77
79
170
211
217
220
248
388
414
439
522
550
609
727
801
833
912
923
78
195
945
555
402
568
613
724
60
92
97
205
215
287
715
728
747
773
109
165
200
207
219
272
275
345
369
370
422
429
431
497
519
570
649
690
791
857
910
925
339
517
653
778
118
159
294
311
455
527
557
572
582
646
703
771
830
938
86
108
171
234
266
530
536
564
597
756
800
937
223
942
120
457
149
274
661
734
130
231
233
254
308
331
386
403
528
711
763
803
408
436
447
499
511
618
678
688
821
824
832
881
70
336
373
849
953
838
124
432
654
119
240
251
284
430
435
485
559
686
713
750
848
850
104
115
145
227
283
334
398
538
591
615
757
792
798
854
870
73
110
140
162
176
302
486
662
924
926
633
862
271
645
668
817
134
167
415
501
556
651
783
859
101
279
332
394
438
452
682
733
38
214
216
268
277
443
652
738
933
147
344
658
917
121
265
187
991
401
482
507
144
123
172
375
385
122
132
146
316
342
378
412
413
473
535
598
610
672
708
829
887
921
221
278
417
531
692
742
770
934
168
242
567
619
774
53
384
636
759
496
309
560
816
864
6
434
635
676
794
141
148
225
323
400
554
780
827
861
113
326
335
356
383
411
481
680
802
831
428
445
612
671
687
689
765
804
155
192
197
208
213
247
614
647
281
594
66
161
324
839
868
905
84
374
493
529
128
634
737
813
510
526
902
107
264
406
456
909
137
840
152
390
808
900
95
590
844
871
111
419
544
911
47
562
908
89
624
744
416
479
310
353
382
423
492
608
722
822
847
898
102
188
785
927
929
955
87
135
276
670
740
818
916
58
508
935
76
584
752
846
177
421
328
875
939
779
936
951
372
513
547
834
96
263
392
872
463
483
823
357
495
186
346
865
55
918
948
949
201
958
960
741
338
349
685
175
596
620
743
75
851
810
391
882
301
704
729
825
475
890
450
731
33
675
863
61
409
43
469
604
532
393
539
595
133
761
120
293
361
726
735
154
640
758
489
593
638
212
267
352
405
457
697
131
292
337
506
509
575
602
694
706
714
862
250
261
269
401
573
581
616
629
644
766
196
204
232
325
404
460
525
605
622
666
724
754
786
790
819
184
496
537
552
592
153
156
202
224
244
341
471
493
500
504
568
574
599
617
684
842
874
139
169
179
193
230
255
274
289
299
309
318
362
529
562
580
631
667
677
816
895
124
127
138
143
238
295
340
345
387
402
407
441
545
548
600
606
660
853
864
149
205
258
288
298
435
448
469
482
507
533
549
613
654
674
707
728
781
886
92
164
228
243
245
259
262
297
327
329
348
358
372
465
466
474
485
502
512
553
560
569
576
621
635
645
653
686
718
777
778
850
103
136
158
166
170
173
189
210
252
271
290
291
303
315
330
343
351
432
440
453
455
476
518
540
557
585
626
634
642
648
668
681
691
715
762
894
114
116
144
183
209
287
397
444
464
501
547
566
582
589
651
655
701
723
730
749
769
791
794
797
817
954
89
119
126
151
200
215
240
319
320
381
434
513
521
542
579
628
659
676
699
734
750
753
848
852
893
908
105
128
160
167
182
256
280
294
305
306
312
321
333
342
347
364
424
565
601
607
611
657
737
741
803
832
835
60
106
123
172
225
229
241
253
257
308
311
331
368
418
454
491
505
563
646
673
732
747
813
859
883
891
97
100
129
180
199
226
231
246
273
284
304
322
375
385
403
411
430
458
467
488
519
528
554
556
661
663
700
719
739
745
757
830
861
869
938
93
113
148
174
233
248
251
270
286
314
316
326
367
369
400
414
427
438
449
503
510
524
559
683
705
713
783
827
889
903
134
141
178
218
222
260
282
323
349
388
415
442
452
523
526
527
578
612
693
703
764
771
773
780
788
799
845
902
906
118
122
159
165
235
263
266
279
285
350
398
406
417
546
643
746
814
834
854
860
81
96
101
108
254
296
307
332
338
373
383
386
392
477
481
551
555
572
624
690
692
702
711
744
756
887
98
130
203
237
356
378
436
439
459
530
535
550
558
597
614
627
685
727
763
774
793
802
831
833
899
909
937
77
94
142
175
211
220
283
335
354
394
431
486
499
570
625
639
680
716
782
798
805
836
849
870
881
884
910
90
104
109
132
145
272
310
423
479
520
564
588
591
609
610
649
672
784
792
807
820
872
892
99
146
163
171
275
300
363
413
416
422
446
463
483
494
522
596
618
665
682
687
689
708
720
733
736
829
857
880
921
925
69
73
86
91
107
140
150
227
239
264
265
334
389
395
412
428
456
473
511
536
538
561
571
586
598
615
679
696
804
826
843
115
157
219
353
357
359
382
399
497
514
688
717
722
821
847
866
898
923
933
38
67
79
268
277
281
429
445
462
492
495
608
620
637
738
743
768
770
801
822
823
851
873
912
924
75
110
137
207
208
234
336
370
391
408
447
516
531
534
709
765
767
810
837
901
929
934
121
152
162
214
302
366
380
421
443
623
678
725
785
824
838
840
900
926
927
955
186
192
197
213
217
223
301
344
468
515
662
671
787
800
806
865
882
59
87
102
125
188
247
276
377
390
426
437
478
517
632
742
755
808
841
868
48
135
168
191
195
216
221
278
346
508
577
583
670
704
729
751
818
916
117
147
155
190
472
567
603
647
652
871
876
888
896
920
928
55
58
95
176
543
630
633
740
775
789
84
185
249
324
365
461
498
619
917
931
940
80
82
236
339
355
376
420
587
590
650
664
776
844
935
945
23
70
194
242
410
484
658
698
825
890
907
918
360
451
812
911
62
76
187
450
475
855
885
919
65
68
317
425
544
748
828
33
419
584
731
815
863
949
66
111
313
384
594
669
877
905
61
63
78
396
541
641
656
675
752
772
779
846
915
922
948
953
161
636
695
839
54
198
201
409
487
760
809
858
944
759
796
913
51
112
206
721
958
50
177
878
879
942
53
43
52
71
85
433
867
963
181
328
371
374
712
811
875
943
960
83
941
42
57
490
710
939
34
932
480
936
957
20
45
64
379
904
47
470
795
72
40
49
947
952
22
897
976
10
956
951
11
930
962
88
950
74
856
973
914
961
29
946
966
25
983
44
15
30
14
19
36
46
971
31
21
980
35
972
974
979
977
17
978
0
16
970
41
12
39
969
987
24
56
964
975
981
18
27
37
989
13
982
4
32
959
965
988
968
26
997
9
28
3
984
991
604
638
509
292
532
575
735
250
622
325
489
548
616
726
131
404
127
153
393
500
506
512
581
595
629
133
293
298
407
224
537
593
600
631
640
761
819
269
552
576
644
684
706
730
154
156
169
204
252
341
448
488
539
545
565
648
714
184
291
387
460
580
592
674
694
786
196
244
259
261
288
299
337
340
502
504
525
569
573
602
617
697
790
842
329
397
471
553
574
605
621
758
895
158
180
230
232
267
319
361
474
533
611
666
677
700
732
202
273
289
290
321
345
362
458
466
503
505
566
589
660
707
723
852
874
886
129
164
193
295
330
358
368
405
465
496
524
585
606
628
642
659
724
754
762
777
860
114
189
210
228
243
257
280
424
441
457
467
521
542
546
579
599
643
655
667
699
718
894
81
160
212
253
262
286
297
304
306
320
352
435
442
476
507
518
557
568
626
657
781
120
139
143
149
173
179
209
245
270
287
296
318
343
427
444
453
549
563
578
607
613
625
681
691
701
715
745
769
778
797
103
105
136
183
256
348
350
401
403
449
455
464
485
601
639
654
663
693
734
739
747
753
799
906
100
126
205
241
255
258
274
282
327
364
381
402
454
477
540
551
555
582
728
791
845
862
869
92
151
199
200
229
238
285
303
305
315
432
528
529
530
588
686
703
716
736
749
750
756
764
771
773
788
864
883
903
954
106
116
178
215
218
226
233
235
248
333
372
414
438
459
482
491
493
501
547
550
556
618
646
673
683
692
720
768
782
813
817
826
832
854
889
891
97
124
144
240
294
312
314
347
369
385
439
478
558
560
561
609
645
653
661
668
679
690
713
719
850
892
94
99
109
134
170
182
220
275
342
434
436
519
527
554
627
637
702
705
807
830
899
938
128
165
174
203
237
266
271
308
311
322
323
331
363
375
399
422
429
430
440
452
469
535
559
570
577
635
676
688
696
717
763
766
802
816
833
836
910
69
118
119
167
222
225
246
307
309
383
415
431
481
513
536
572
591
651
727
783
848
859
908
60
86
93
108
138
159
211
272
378
388
389
400
411
486
516
562
564
634
672
711
737
757
803
827
861
870
925
937
90
115
130
132
172
231
251
284
386
398
408
413
417
447
497
510
511
514
517
526
597
649
794
798
800
853
857
77
101
123
141
145
150
171
219
227
316
367
373
418
499
522
538
610
624
780
801
834
912
48
79
91
113
148
191
217
302
326
366
443
456
598
612
615
678
689
744
774
787
792
829
831
835
881
896
923
82
89
121
207
264
268
310
334
356
406
412
428
531
682
708
741
765
804
849
887
933
73
117
122
140
166
223
234
254
283
332
336
338
382
394
416
445
473
671
687
733
821
902
909
924
67
96
107
146
175
195
214
249
279
370
423
463
479
492
523
614
685
722
740
785
823
838
847
921
926
110
137
152
155
162
263
281
344
353
354
421
483
494
738
742
746
793
822
824
104
192
390
392
446
495
534
662
665
680
784
840
872
893
898
934
75
163
216
221
335
339
346
391
567
586
608
619
633
652
658
770
868
900
945
142
147
168
176
188
208
239
260
265
277
300
349
351
357
395
520
571
583
596
620
630
743
808
814
844
880
917
929
38
102
135
186
197
213
278
324
647
810
818
70
78
98
426
584
590
636
670
704
837
851
865
871
882
901
927
87
276
377
384
475
729
751
767
789
805
820
884
888
916
935
955
187
247
301
380
508
594
664
866
911
58
76
365
515
603
698
806
825
953
242
359
419
472
544
623
632
775
839
843
84
111
161
437
709
725
731
752
755
190
376
461
468
487
650
863
873
875
905
942
55
66
80
177
185
410
450
498
776
779
841
890
918
920
53
61
95
157
194
451
656
675
748
846
876
885
928
33
59
65
125
462
543
759
907
236
409
931
940
948
949
23
355
374
420
484
541
815
855
62
328
360
425
587
669
695
43
63
201
760
828
877
919
939
958
960
112
181
54
721
858
198
710
712
809
51
57
68
206
490
878
936
313
371
433
480
52
317
772
796
913
42
812
879
915
922
47
71
641
943
867
944
50
83
396
941
951
64
811
952
957
963
470
20
45
932
85
947
34
40
72
49
379
950
88
904
795
897
10
22
956
962
11
29
856
914
930
976
966
15
946
25
30
36
74
973
961
19
971
983
14
46
31
972
44
35
17
974
21
980
978
977
979
16
0
970
18
39
41
987
12
56
969
964
24
37
27
975
981
989
13
982
4
32
959
965
968
988
26
997
28
9
3
984
991
604
638
250
509
341
131
153
735
127
292
298
325
616
726
269
575
622
581
133
532
293
489
552
252
368
732
393
512
629
204
407
545
548
648
154
156
158
224
244
404
500
565
580
631
644
684
129
270
330
184
592
819
273
299
700
730
852
539
196
640
706
842
874
114
288
290
329
397
600
860
894
895
261
474
585
694
169
180
291
569
595
193
259
267
319
340
504
506
674
189
257
289
296
387
458
579
761
230
576
621
660
691
714
164
243
253
280
286
304
320
321
448
488
502
505
628
232
573
593
666
677
697
786
100
136
228
295
518
542
553
589
626
707
762
442
637
764
255
337
361
525
143
178
183
209
381
453
465
524
549
566
601
611
642
659
699
723
797
82
459
639
679
716
836
362
533
667
790
160
173
179
210
241
282
306
318
424
467
503
563
655
718
886
903
117
399
449
577
720
768
782
799
845
202
754
758
245
262
312
348
427
444
466
574
599
606
739
753
769
777
869
81
93
235
285
358
578
588
627
643
702
736
788
892
191
478
139
352
441
471
537
602
781
99
103
116
126
226
256
297
343
364
521
693
749
906
954
69
90
91
363
516
546
558
625
696
826
891
899
6
212
405
460
701
105
106
151
199
222
238
305
350
491
540
607
657
663
673
683
719
883
94
150
174
203
218
237
307
366
389
477
514
551
561
717
787
807
889
48
249
896
605
170
182
258
315
327
333
347
454
476
617
681
77
229
246
248
303
314
322
388
414
439
464
550
705
727
745
833
67
79
195
211
217
220
522
555
609
801
912
923
945
78
568
724
92
205
287
345
402
613
715
728
60
97
165
200
215
369
431
519
690
747
773
791
910
109
207
219
272
275
370
422
429
497
517
570
649
857
925
339
311
455
557
582
646
653
778
108
118
159
171
266
294
527
530
536
564
572
703
756
771
830
937
938
86
223
234
597
800
942
120
457
149
274
231
233
308
331
386
403
528
661
711
734
803
832
130
254
373
499
511
618
688
763
849
881
70
336
408
436
447
678
821
824
838
953
686
119
124
432
435
485
654
750
848
850
240
251
284
398
430
559
713
757
854
73
104
110
115
140
145
227
283
334
486
538
591
615
792
798
870
924
162
176
302
633
662
926
862
271
501
556
645
651
668
817
134
167
415
438
452
783
859
101
277
279
332
394
443
682
733
933
38
121
147
214
216
265
268
344
652
738
917
187
658
401
144
482
507
123
172
342
385
122
316
375
378
417
535
692
132
146
412
413
473
531
598
610
672
708
770
774
829
887
921
168
221
278
567
742
934
242
619
53
384
636
759
496
309
816
560
635
864
225
434
554
676
794
861
113
141
148
323
326
383
400
411
481
612
780
802
827
335
356
445
614
680
689
831
192
281
428
671
687
765
804
155
197
208
213
247
868
84
324
594
647
66
161
839
905
374
493
529
634
128
510
737
813
406
526
902
107
456
909
137
264
152
390
808
840
900
95
590
844
871
111
419
544
911
47
562
89
908
624
744
310
416
479
353
382
423
722
847
898
188
492
608
785
822
929
87
102
135
276
421
670
740
818
927
955
58
508
916
935
584
76
752
779
846
177
875
328
939
936
951
372
513
547
263
834
96
392
463
483
872
357
823
495
186
346
865
55
918
948
949
201
958
960
741
338
349
685
175
596
620
75
743
391
851
810
882
301
704
729
825
475
890
450
731
863
33
61
675
409
43
