690
735
557
513
621
534
594
641
379
494
512
555
715
455
702
451
460
466
511
794
426
472
517
607
625
630
706
463
465
682
703
433
546
614
714
720
457
575
598
636
261
310
448
483
524
533
610
755
493
510
332
335
438
444
470
506
331
435
447
469
473
475
480
491
700
354
520
563
604
632
646
732
746
295
478
515
521
550
586
707
781
316
373
685
692
761
289
298
333
337
349
399
405
453
523
548
674
297
372
445
452
503
549
567
593
603
726
759
249
264
304
322
334
347
541
565
589
642
649
684
308
318
374
393
537
579
620
623
651
676
777
805
191
205
266
381
384
413
425
495
587
729
766
814
221
238
430
721
798
222
281
315
380
418
429
474
481
522
531
559
573
627
657
679
718
287
344
361
417
562
624
640
675
723
742
803
811
817
227
401
496
558
615
671
699
704
764
765
786
822
223
325
391
402
406
424
582
595
606
617
701
725
743
745
248
275
306
319
352
414
458
479
498
499
552
683
731
350
388
434
443
544
566
568
659
669
670
724
749
769
790
812
269
358
502
509
526
540
600
693
696
197
231
234
259
311
387
467
501
504
543
612
619
647
806
254
268
285
365
415
428
532
551
553
583
737
754
788
246
345
377
389
400
431
492
655
713
722
224
229
273
320
360
371
419
464
490
519
529
758
783
218
252
412
485
487
556
578
591
680
712
741
773
243
245
255
290
317
476
477
660
668
738
760
265
277
282
343
450
507
518
576
601
611
664
705
778
194
292
312
392
539
577
618
673
686
687
752
770
796
241
326
367
368
471
514
525
542
622
628
716
736
751
853
187
209
237
284
323
328
410
437
500
535
605
678
747
748
775
780
785
801
810
219
256
278
327
329
355
364
370
407
436
456
505
569
584
592
631
757
215
270
362
369
394
398
432
508
574
639
762
779
807
815
162
321
461
597
834
263
267
291
294
313
366
383
442
580
661
728
178
303
324
408
422
645
802
846
153
214
217
240
489
570
629
711
740
791
183
184
247
454
590
608
717
168
216
239
299
307
382
420
650
652
784
789
818
837
844
856
164
186
236
251
782
843
189
210
300
346
396
497
554
662
665
768
771
799
828
170
342
708
179
286
353
375
395
667
800
199
220
276
376
390
404
411
459
462
527
538
176
202
232
280
296
341
585
643
691
244
283
378
486
581
644
681
825
858
188
193
338
403
484
710
750
816
863
200
250
654
776
852
860
163
228
516
596
688
719
804
808
827
851
446
449
756
826
158
169
258
637
588
739
744
175
177
204
207
208
211
385
792
363
441
634
656
698
833
855
203
206
288
336
697
137
152
330
147
272
397
421
626
795
850
161
528
616
653
666
160
279
305
530
561
571
793
832
867
174
813
167
427
613
730
159
171
271
672
192
230
356
787
870
135
198
201
293
849
488
831
861
165
185
195
564
824
819
877
124
599
876
868
134
357
633
842
409
820
173
213
386
142
166
351
423
809
829
212
663
695
359
130
156
274
767
225
262
302
689
109
145
180
439
772
148
149
260
830
879
117
182
536
545
602
875
196
873
253
547
841
560
154
190
116
140
309
339
865
233
823
897
107
131
572
658
872
889
151
157
235
869
878
136
340
838
127
120
126
839
181
96
132
146
301
890
257
482
150
468
677
106
129
144
635
821
845
118
128
840
866
121
114
797
125
884
112
242
753
115
709
848
108
86
774
348
91
99
105
864
896
883
901
122
155
880
734
836
891
694
87
139
638
113
76
104
854
871
102
893
172
226
110
440
77
733
93
95
887
763
886
80
103
862
609
892
92
101
881
79
648
925
84
857
119
859
83
70
133
138
847
97
88
903
314
894
81
141
874
882
98
910
89
94
899
100
85
917
82
885
111
62
63
898
90
71
912
895
916
67
914
557
690
513
621
735
379
494
512
534
555
594
426
455
466
433
451
460
472
448
465
511
641
463
517
546
625
630
702
715
457
470
475
706
261
310
335
438
483
524
598
607
636
682
703
720
332
447
493
510
533
575
614
331
435
444
469
480
491
610
289
295
354
478
506
515
714
755
298
372
405
473
794
337
349
373
399
520
550
586
316
333
413
425
452
453
521
523
548
549
604
700
297
304
308
318
334
374
445
563
632
707
322
393
537
565
674
264
281
315
347
381
384
429
430
541
567
579
603
642
646
684
692
732
249
266
495
503
589
593
649
685
238
344
380
401
424
522
562
587
620
623
726
746
759
287
361
406
417
434
474
481
573
624
640
651
676
761
781
205
306
325
402
418
458
558
319
352
358
391
400
443
496
499
531
559
617
723
729
222
268
275
311
350
388
414
502
606
615
627
675
718
777
191
221
389
428
479
498
509
526
552
582
595
679
227
285
365
387
467
487
600
657
721
725
742
764
766
254
259
345
360
377
412
415
501
504
540
544
566
568
669
670
671
699
743
269
273
320
371
431
450
492
532
543
647
683
704
765
798
290
419
477
490
551
553
583
612
659
701
745
786
805
223
234
248
317
323
343
368
432
464
476
485
518
529
619
693
731
803
224
252
255
277
326
507
576
696
724
749
231
245
312
328
355
367
500
514
519
556
591
655
673
197
246
265
282
292
327
370
392
437
471
668
680
686
722
814
237
278
303
362
364
369
383
410
442
456
525
569
577
578
660
713
741
754
769
788
811
817
822
218
270
284
329
407
436
461
508
535
601
605
611
618
622
712
737
738
758
790
241
243
294
321
394
398
408
539
542
574
664
678
716
752
194
229
299
313
324
366
489
597
628
687
705
760
812
267
422
505
661
773
778
291
375
382
584
748
751
801
256
580
592
631
645
736
747
757
806
209
247
307
346
396
454
608
639
762
783
236
263
300
411
459
497
570
728
780
796
251
280
341
353
404
420
581
662
717
740
770
215
462
538
629
775
217
219
239
240
338
342
376
390
446
590
711
784
187
296
378
395
403
554
650
652
667
708
779
286
484
785
527
585
768
771
807
214
232
244
276
596
665
516
644
802
216
283
486
643
815
178
385
719
750
810
183
184
220
250
688
691
186
258
288
363
449
681
789
791
228
272
330
397
441
588
637
654
710
776
799
162
210
634
199
202
336
666
782
800
189
279
421
528
656
698
211
305
744
834
846
176
530
561
697
739
756
818
193
427
571
626
653
168
204
828
188
853
200
271
356
804
153
208
293
730
170
564
613
616
816
164
179
203
357
488
856
672
808
825
177
206
207
230
386
837
844
163
423
599
843
351
359
792
793
198
536
262
409
860
663
260
633
695
787
795
813
826
175
302
689
852
158
185
195
274
827
169
439
545
174
213
547
602
833
851
192
212
340
560
572
201
858
167
339
309
855
301
482
832
253
819
658
767
809
863
772
824
850
635
849
161
165
147
152
171
820
831
225
677
235
257
196
468
233
867
160
190
166
870
842
137
861
159
348
823
829
173
180
638
753
242
709
839
135
838
182
774
734
868
124
830
694
875
440
841
797
142
134
879
865
876
181
821
226
609
877
154
157
148
156
889
733
146
648
132
149
873
845
866
144
763
840
130
878
150
869
140
145
872
120
151
314
131
890
109
107
126
641
690
557
735
513
555
594
607
621
646
682
702
703
715
720
512
534
550
563
586
593
598
610
614
617
625
630
632
636
642
674
714
732
494
515
533
546
548
565
567
575
579
582
587
589
603
604
620
647
649
651
659
669
671
676
679
700
706
721
726
737
759
472
491
511
517
520
537
541
549
552
558
559
562
566
573
595
600
606
615
629
640
652
655
657
675
680
684
685
699
707
738
742
743
746
755
433
455
463
466
483
493
506
521
524
544
553
583
591
601
612
618
619
623
624
627
628
670
673
683
692
693
696
701
705
712
713
718
722
723
725
731
745
761
777
781
794
426
444
451
457
460
465
470
473
475
480
495
499
503
510
518
523
529
531
539
540
551
556
568
569
574
576
581
584
592
597
605
608
611
631
637
644
645
650
661
662
664
668
686
704
708
716
724
729
741
747
748
749
754
379
435
447
448
469
478
500
502
504
508
509
522
526
532
535
542
543
577
578
580
585
596
622
639
643
653
660
665
678
687
717
719
736
751
757
758
760
762
765
766
769
786
788
798
399
413
414
418
425
430
434
438
445
452
453
458
474
479
481
487
489
490
496
498
501
507
514
519
527
538
554
561
571
590
599
616
634
654
667
688
691
710
711
728
740
744
752
764
768
770
778
784
803
261
347
354
374
400
402
405
406
417
424
428
429
464
476
492
525
528
570
588
613
626
656
666
681
750
773
775
779
805
289
295
298
310
331
332
334
335
337
344
349
361
365
372
373
380
381
387
401
415
419
431
442
450
461
467
471
477
485
486
505
516
602
672
698
730
739
780
783
790
304
308
315
318
322
333
358
360
368
371
384
389
391
392
393
411
412
422
436
437
443
446
456
484
497
530
564
633
658
663
697
756
776
264
275
281
285
297
306
316
317
319
325
327
345
350
352
362
366
367
370
376
377
383
388
394
398
403
408
410
420
432
454
459
462
536
545
572
689
695
789
791
801
811
812
221
238
249
266
287
290
311
312
320
323
346
355
364
369
375
382
396
397
404
407
439
449
547
560
609
677
734
767
771
782
785
787
793
796
800
802
806
814
222
254
255
277
278
282
284
299
303
313
321
326
328
329
341
343
353
395
421
427
441
488
635
795
817
205
227
234
237
259
268
269
270
273
300
307
324
336
363
378
385
390
638
709
753
792
799
815
822
245
247
248
252
265
280
283
288
291
292
294
296
305
338
342
351
423
807
219
229
231
241
243
246
251
256
258
263
267
286
330
356
386
409
694
772
774
808
191
224
236
250
272
276
279
357
359
468
482
833
837
197
218
223
240
244
260
293
301
340
648
804
818
824
828
194
209
214
215
228
232
239
262
271
302
309
339
810
186
348
440
733
816
187
199
200
216
217
220
230
253
834
202
211
274
813
819
820
827
830
832
183
184
188
210
213
257
809
825
170
176
178
189
195
198
203
204
207
208
212
225
235
763
823
168
179
192
193
797
826
829
162
196
201
206
233
846
177
190
153
163
167
175
242
844
164
165
169
174
185
226
831
839
853
855
171
314
843
851
180
838
860
158
842
849
850
856
147
152
160
166
821
841
173
181
852
858
863
861
182
870
137
161
159
845
134
156
840
135
154
868
142
124
150
157
146
148
151
865
867
132
140
149
866
130
876
144
145
869
875
873
879
877
120
872
131
878
889
109
126
890
107
172
136
155
139
127
836
117
114
141
128
118
122
129
113
116
121
138
106
115
133
848
125
99
108
111
102
110
96
105
112
119
862
857
874
854
87
847
91
97
86
864
880
95
76
93
104
884
101
94
80
859
897
84
100
871
886
77
81
83
92
103
98
896
901
70
88
883
82
89
885
79
90
891
85
67
881
63
892
62
71
887
903
882
899
894
895
917
910
893
912
916
898
925
914
557
594
617
621
641
735
512
513
534
546
550
555
563
565
586
589
593
598
603
604
607
610
614
625
630
632
636
646
682
690
702
714
715
720
472
483
494
506
511
515
517
518
521
533
537
541
548
549
552
558
559
562
566
567
575
579
587
595
600
606
615
620
629
640
642
647
651
652
659
674
700
703
721
732
737
451
455
463
466
470
491
493
495
499
508
509
510
520
524
531
535
538
539
540
544
551
553
568
573
574
576
581
582
583
584
585
591
596
605
608
609
612
618
619
623
627
628
631
637
649
657
669
671
675
676
679
685
692
699
701
706
707
718
726
731
738
742
743
746
426
433
435
444
447
448
457
460
465
473
474
475
478
480
487
492
496
498
500
502
503
504
507
519
522
523
525
526
528
529
542
556
561
569
571
578
580
588
592
597
599
601
611
616
622
624
643
644
645
650
653
655
660
661
662
665
668
670
673
678
680
683
684
688
693
696
705
712
713
717
722
723
725
729
736
741
745
748
755
759
761
781
794
414
418
424
425
428
434
442
445
450
452
453
458
464
469
477
479
481
489
490
501
505
514
527
530
532
536
543
545
554
560
570
577
590
602
613
626
634
635
639
654
658
664
666
667
686
687
691
698
704
708
710
711
716
719
724
728
730
744
747
749
751
754
758
762
765
769
777
784
786
788
379
400
413
417
422
429
430
437
438
446
461
467
471
476
484
485
486
516
564
572
633
656
663
672
681
689
695
739
740
750
756
757
760
764
766
768
775
776
778
798
374
387
399
402
405
406
411
415
420
432
436
439
443
449
454
456
459
488
497
547
638
677
697
734
752
770
773
779
780
783
787
790
793
803
805
335
344
347
349
354
358
361
365
368
372
373
377
380
381
384
388
389
391
392
393
394
398
401
403
404
407
408
410
412
419
421
423
431
441
462
482
648
694
709
753
767
771
774
789
791
801
332
334
337
345
352
360
362
364
366
367
369
370
371
375
376
382
383
390
395
396
397
440
468
733
782
785
795
310
315
318
322
325
331
333
346
350
351
353
355
359
363
378
385
386
427
772
792
796
800
802
806
811
812
815
261
289
295
297
298
304
306
308
311
312
316
317
319
320
323
326
327
328
336
341
342
343
348
409
763
799
807
814
817
281
284
285
303
321
324
329
338
340
356
357
804
808
824
833
264
266
278
282
287
290
299
300
305
307
313
330
822
252
254
268
269
270
273
275
277
280
283
286
288
294
296
301
339
797
810
820
830
837
221
237
245
249
255
256
259
263
265
267
276
279
291
292
302
309
314
809
816
818
823
828
234
238
243
248
250
251
258
262
813
819
825
827
832
834
205
219
222
224
227
229
241
246
247
260
271
272
274
293
829
839
228
231
232
236
239
240
244
253
826
831
215
218
223
230
257
821
191
194
197
209
217
225
235
838
841
844
845
199
200
202
211
213
214
216
220
226
840
842
846
849
850
851
853
855
186
187
195
204
207
212
233
242
860
184
188
190
192
193
196
198
203
210
843
856
861
176
178
179
183
189
201
206
208
852
858
165
170
863
870
167
168
177
180
181
153
162
163
171
174
175
865
866
869
164
169
185
868
158
160
166
182
867
152
173
872
873
876
147
156
878
150
154
875
877
137
151
157
159
161
134
146
879
135
140
142
890
130
132
145
148
149
889
124
131
144
836
120
126
172
854
107
109
848
857
862
864
874
155
847
139
859
136
141
127
880
128
871
885
117
133
138
884
886
883
881
891
113
118
122
125
129
108
114
121
882
897
115
901
105
116
119
896
102
892
903
96
106
110
111
112
895
99
894
887
100
87
97
101
893
899
103
91
86
95
98
93
104
914
917
94
898
912
77
89
76
81
82
84
88
92
83
85
80
90
79
910
916
925
67
70
63
62
71
75
915
65
416
949
900
923
922
930
55
905
61
919
69
927
913
72
59
78
68
902
51
920
906
66
557
690
621
735
534
513
555
625
630
641
575
607
610
632
636
682
702
703
594
620
646
649
700
706
715
517
546
604
614
642
675
520
533
568
586
595
598
603
623
685
707
755
494
510
511
524
541
550
563
587
589
593
615
627
647
651
657
674
679
684
699
701
705
727
732
746
761
491
503
506
512
523
531
537
548
549
558
562
565
567
573
606
612
619
624
669
670
676
680
683
693
712
714
720
721
455
460
463
465
466
470
473
480
493
522
551
552
566
579
583
584
591
600
601
655
659
668
671
692
704
718
726
737
742
745
749
794
447
451
457
472
502
509
515
521
526
529
540
543
544
556
559
578
580
597
611
622
631
640
660
661
664
678
687
696
724
731
743
781
469
475
481
495
496
498
507
525
542
553
576
582
585
592
608
618
628
639
650
665
673
686
691
711
713
722
723
741
759
760
904
426
448
452
478
479
501
504
535
539
554
569
570
590
629
634
643
662
716
729
748
758
766
777
123
444
445
474
477
483
499
519
532
574
596
605
617
626
644
652
654
667
725
728
736
738
752
754
764
417
429
438
453
476
485
490
492
518
577
588
645
666
719
747
751
769
786
788
803
805
811
812
379
405
430
433
464
471
500
505
514
516
527
564
581
616
633
637
656
663
688
708
710
798
399
458
467
487
489
497
538
599
653
697
717
750
757
770
790
791
814
402
415
435
443
450
461
486
508
528
530
547
561
571
613
681
698
773
779
817
393
413
418
428
431
454
459
484
488
672
739
740
765
771
789
373
380
401
406
410
419
424
425
436
456
462
536
602
689
730
744
762
775
780
782
784
799
936
354
372
374
384
387
407
422
434
449
695
756
768
783
785
796
381
388
389
391
392
394
432
437
635
658
677
694
776
778
367
414
545
609
709
792
332
337
358
361
377
395
396
400
408
412
421
441
442
560
572
802
807
822
333
335
362
366
371
398
403
427
638
795
808
818
828
310
331
347
360
365
368
369
382
404
420
446
733
774
793
806
316
345
350
352
364
411
648
753
810
334
343
349
355
370
375
383
468
734
767
772
800
837
319
344
376
397
763
801
325
341
353
363
385
386
409
439
482
787
297
315
322
323
326
346
390
819
304
308
312
328
329
342
359
378
298
318
320
356
423
918
317
336
338
289
295
321
809
816
833
846
311
324
357
440
804
827
299
313
330
815
823
306
351
855
941
261
300
303
327
824
825
856
281
284
850
853
266
282
290
296
307
348
797
834
861
268
287
292
305
339
829
851
252
286
291
294
813
275
278
340
844
264
285
270
273
283
249
255
259
265
269
288
293
843
849
238
276
302
309
921
254
267
280
832
870
241
274
277
826
831
227
243
251
263
271
301
820
221
272
838
858
234
245
239
250
256
279
314
830
839
866
205
260
835
860
877
237
248
840
852
863
244
246
229
236
869
222
223
247
258
262
228
253
821
845
218
231
232
191
215
219
220
240
931
217
257
842
865
224
230
841
235
216
194
200
209
210
875
868
202
187
213
233
197
211
214
225
184
889
242
206
867
186
188
189
198
208
212
226
199
879
45
207
201
836
176
179
940
183
203
204
847
177
178
195
862
924
162
196
872
169
175
168
193
873
192
190
859
170
182
185
876
180
854
884
880
165
874
890
153
173
166
888
164
171
848
163
167
174
871
147
154
152
181
158
161
145
148
142
172
57
159
157
134
160
151
857
156
137
155
883
885
144
886
131
140
864
878
124
881
135
944
150
139
146
149
132
896
130
143
891
892
126
129
116
122
108
136
121
901
107
96
894
128
117
115
379
512
261
426
433
435
451
455
466
472
483
494
511
513
534
557
594
621
641
690
715
735
310
335
347
349
354
414
444
448
460
463
465
478
506
521
524
546
555
565
586
598
614
630
702
714
720
264
266
289
295
297
298
304
316
318
322
331
332
334
337
344
372
373
374
384
413
424
425
438
447
457
470
475
491
493
510
515
517
533
550
563
575
603
604
607
610
617
625
646
682
703
706
191
205
221
222
248
249
269
281
285
287
306
308
311
315
325
333
352
361
381
393
399
400
405
406
418
428
434
445
452
453
458
469
473
474
480
495
499
518
520
523
537
541
548
549
552
559
566
567
587
589
593
632
636
640
651
674
676
685
692
700
721
732
794
197
223
224
227
231
234
237
238
245
246
254
256
259
265
268
273
275
277
282
284
312
319
320
327
345
350
358
365
368
370
377
380
387
388
391
401
412
417
422
429
430
437
442
443
450
464
481
487
492
496
498
503
504
508
509
522
531
540
553
558
562
573
579
582
583
595
600
606
612
615
620
623
627
642
647
649
657
659
669
671
679
684
707
723
725
726
729
737
743
746
755
759
781
194
218
219
229
243
247
252
255
263
267
270
278
290
294
303
307
317
321
323
324
326
328
343
360
364
369
371
378
383
389
390
392
398
402
407
410
411
415
419
420
423
431
432
446
461
467
476
479
485
490
500
501
502
505
507
519
525
526
529
532
535
538
539
542
544
551
556
568
574
576
578
591
605
608
618
619
624
628
629
652
670
673
675
683
693
696
699
701
704
718
724
731
738
741
742
745
761
765
769
777
786
187
199
209
215
232
236
239
240
241
250
251
258
276
279
280
283
291
292
300
313
329
341
342
346
355
362
366
367
375
376
382
394
395
403
404
408
436
439
454
456
471
477
484
489
514
527
543
569
577
580
581
584
590
592
596
611
622
631
637
645
655
660
662
664
668
678
680
686
687
712
713
716
717
722
728
736
747
748
749
751
754
758
764
766
773
775
778
788
798
803
805
127
133
141
153
178
183
184
186
193
202
204
214
216
217
228
244
286
296
299
336
338
351
353
363
385
396
397
421
449
459
462
486
497
528
561
570
585
588
597
599
601
613
616
639
643
644
650
661
665
688
698
705
708
710
739
740
744
752
757
760
762
768
780
783
784
790
118
162
168
170
172
176
179
189
192
200
207
210
211
220
230
262
271
272
288
305
330
340
359
386
441
516
530
545
554
571
609
653
654
666
667
681
691
711
719
730
750
756
770
776
779
787
796
801
806
811
814
817
125
158
160
163
164
167
188
195
198
203
208
212
225
260
301
302
348
356
357
482
488
536
560
602
626
634
656
658
672
695
697
771
782
785
789
791
793
807
812
815
822
105
114
165
169
171
174
175
177
181
190
196
206
213
235
253
274
293
314
339
409
427
440
564
572
633
635
663
689
795
800
802
804
99
102
113
119
120
137
138
147
152
155
161
180
185
201
257
309
468
547
734
767
792
799
810
833
834
106
112
136
139
159
226
233
242
677
753
772
774
818
820
824
825
828
832
836
100
101
110
111
135
156
166
638
648
709
808
813
816
827
837
844
846
853
854
109
128
130
134
150
157
173
182
694
763
809
826
830
831
851
856
860
86
87
97
98
103
117
124
140
142
146
151
154
733
797
819
823
839
843
850
858
864
91
94
95
122
129
131
145
149
829
842
848
852
855
857
863
897
81
82
89
93
104
108
116
121
132
148
821
841
845
849
862
867
77
96
126
144
838
861
870
874
876
882
903
76
83
84
88
92
840
847
859
868
893
895
80
85
90
115
865
880
884
887
899
79
107
873
878
917
70
869
871
872
875
877
879
881
883
885
886
914
67
866
891
898
63
889
890
912
896
901
62
71
892
910
916
925
894
416
727
123
835
75
900
65
78
69
915
922
923
61
72
68
913
919
902
927
905
888
55
930
949
59
906
143
920
904
66
921
936
918
51
924
931
940
941
57
45
944
557
513
621
690
735
534
594
379
426
451
455
460
494
512
517
555
641
433
444
457
463
465
466
472
511
524
533
546
607
610
614
625
630
702
703
715
310
332
354
438
447
448
470
473
475
480
483
491
493
506
510
520
575
598
604
632
636
682
706
261
295
316
331
333
335
337
373
399
435
445
469
478
503
521
523
550
563
565
586
646
649
674
685
700
289
297
298
318
322
349
372
374
381
384
393
405
417
429
430
452
453
495
515
522
531
537
541
548
567
587
589
593
603
620
623
642
692
707
714
720
755
249
264
266
304
308
315
334
347
358
361
380
401
413
418
425
458
474
479
481
496
498
502
549
552
558
559
562
566
568
573
595
606
615
624
627
640
651
657
675
676
684
732
746
238
281
287
319
325
344
350
352
387
388
391
402
406
414
415
424
443
464
467
485
492
499
501
504
509
526
540
543
544
551
578
579
582
600
612
617
619
647
659
669
670
671
679
683
693
699
701
704
718
721
726
729
742
761
781
794
205
221
227
306
311
320
343
345
360
365
377
389
400
419
428
431
434
476
477
490
507
519
525
529
532
542
553
556
576
583
584
655
660
668
680
696
705
712
723
724
725
737
743
745
749
759
222
223
234
248
252
259
268
269
273
275
312
326
329
362
364
366
367
368
371
392
394
407
410
412
437
450
461
471
487
500
505
508
514
518
535
539
569
591
592
597
601
605
608
611
618
622
628
664
678
686
687
713
722
731
741
758
764
766
191
218
229
231
245
254
255
265
282
285
290
292
317
323
327
328
355
369
370
398
408
422
432
436
454
456
489
570
574
577
580
585
590
629
631
639
650
661
665
673
711
716
736
748
754
777
786
788
805
224
243
246
267
270
277
278
284
291
294
299
303
313
321
324
342
382
383
395
396
404
420
442
497
538
554
643
645
652
662
728
738
747
751
760
765
769
798
194
197
215
237
241
256
263
300
307
341
346
353
375
376
390
411
446
449
459
462
484
486
516
527
581
588
596
637
644
667
688
691
710
752
757
773
790
803
236
244
247
251
276
283
286
296
338
378
385
403
441
530
616
626
634
654
656
666
681
698
708
717
750
762
770
775
783
811
187
217
219
240
250
258
280
336
363
397
421
528
561
571
599
613
653
719
739
740
778
779
780
784
785
789
812
814
817
209
214
216
228
232
239
288
305
330
386
423
427
439
488
564
633
672
697
730
744
756
768
771
776
796
801
202
220
272
351
356
536
545
663
695
791
806
822
178
184
186
188
189
210
211
271
279
293
357
359
409
547
560
602
782
799
183
199
200
230
274
302
572
609
658
689
807
162
168
176
193
204
208
260
262
301
339
340
482
635
787
792
793
795
802
810
170
179
203
207
213
309
468
767
800
815
818
153
198
206
235
253
348
677
163
177
192
195
201
257
440
694
709
727
734
753
774
804
828
837
164
165
169
175
185
212
225
638
772
808
833
846
233
314
648
733
816
824
167
174
190
196
242
834
166
171
763
823
825
827
856
152
226
416
809
844
158
180
813
832
147
161
172
173
819
826
830
831
843
855
181
797
853
155
159
160
820
829
851
135
137
182
836
850
860
154
156
849
852
124
134
136
821
838
839
861
863
870
139
142
842
845
858
145
148
157
118
127
130
141
841
854
132
151
848
862
867
120
128
140
144
150
840
847
868
87
114
117
126
149
865
884
113
131
133
146
874
138
864
873
877
112
122
125
866
875
109
876
891
116
857
104
105
110
119
869
879
76
91
99
111
129
835
871
878
889
107
108
880
885
895
897
100
103
106
121
859
872
886
93
101
77
95
97
123
883
102
881
84
86
890
901
89
96
882
896
903
85
893
90
115
894
88
98
899
81
94
143
92
887
888
75
79
892
912
82
917
63
67
70
898
910
80
914
62
83
900
915
916
919
922
925
69
902
913
923
905
906
920
72
65
78
904
949
61
927
931
59
924
930
936
940
71
68
918
66
921
51
55
941
45
944
57
907
908
933
945
937
512
557
433
451
466
472
483
494
511
513
534
594
621
379
426
435
444
448
455
460
463
465
506
521
546
555
598
614
641
690
414
416
447
457
470
475
478
491
493
510
515
517
524
533
550
563
565
575
586
603
607
610
617
630
715
735
335
349
354
413
424
425
438
453
469
473
474
480
495
499
520
523
537
548
549
552
559
567
589
593
604
625
632
636
646
682
702
714
720
261
310
332
334
344
347
372
373
374
384
399
400
405
418
428
434
445
452
458
481
496
498
503
504
508
518
522
531
541
553
558
562
566
573
579
582
587
595
606
620
623
640
651
674
703
706
727
289
295
298
304
316
318
322
331
333
337
352
361
381
387
391
393
401
406
417
429
430
442
443
450
464
467
479
485
487
490
492
500
501
502
509
519
526
529
535
539
540
542
544
568
576
583
600
612
615
624
627
642
647
649
657
659
676
685
692
700
732
264
285
297
306
308
315
325
350
358
365
368
377
380
388
389
402
411
412
415
419
420
422
431
432
437
446
461
476
477
489
505
507
514
525
532
538
543
551
556
569
574
578
591
592
605
608
618
619
628
629
652
669
671
675
679
684
707
721
726
266
269
281
287
311
319
320
327
345
360
364
369
370
371
383
392
398
404
407
410
436
439
454
456
471
484
527
577
580
581
584
585
590
596
601
611
631
637
645
655
660
670
673
683
693
696
699
701
704
718
723
725
729
737
742
743
746
755
794
205
221
222
238
248
249
254
268
273
275
277
282
284
290
303
312
317
323
324
326
328
343
355
362
366
367
378
382
390
394
395
403
408
423
459
486
497
528
554
561
570
571
588
597
599
622
639
643
644
650
662
664
665
668
678
680
713
724
731
738
745
759
761
781
224
227
234
237
245
246
252
255
256
259
265
278
294
307
321
329
341
342
346
353
375
376
396
397
421
441
449
462
516
530
613
616
653
654
661
686
687
688
705
712
716
717
722
736
741
748
749
754
765
777
191
197
219
223
229
231
243
263
267
270
280
283
292
299
300
313
336
338
351
363
385
488
536
545
560
609
626
666
667
681
698
708
710
711
728
747
751
758
764
766
769
786
218
236
240
247
250
251
258
276
279
286
291
296
305
330
359
386
482
564
602
634
656
658
691
730
739
740
744
752
757
760
762
768
773
775
778
783
788
790
798
194
209
215
232
239
241
244
288
340
348
356
357
409
427
440
547
572
633
635
663
672
695
697
719
750
756
770
776
780
784
803
805
187
199
214
217
228
262
272
301
468
689
779
801
178
186
193
202
216
220
230
260
271
302
339
734
771
785
787
789
806
811
814
817
183
184
189
200
204
207
210
211
253
274
293
309
314
677
782
791
793
796
812
815
822
168
170
176
179
188
192
195
203
212
213
225
638
648
767
795
800
802
807
153
162
167
190
196
198
206
208
235
257
694
709
753
792
799
804
163
164
165
174
177
201
233
242
772
774
810
833
835
123
158
160
171
175
180
181
226
824
834
143
169
172
185
733
763
808
813
818
820
828
830
832
837
147
152
816
825
827
137
161
166
797
809
826
846
853
156
159
173
819
823
831
844
860
134
135
150
182
829
839
843
851
855
856
127
140
141
151
154
155
157
821
836
842
850
124
130
136
139
142
146
841
845
852
858
863
131
133
148
149
849
854
117
118
120
128
132
145
838
840
861
888
125
126
144
848
864
867
868
870
109
114
138
857
876
105
113
121
122
129
862
865
102
106
107
108
116
119
873
878
96
99
110
112
866
869
872
874
875
115
877
879
880
75
100
101
111
847
859
884
900
78
86
87
91
897
69
97
103
882
883
886
889
890
902
906
95
104
881
885
891
915
65
72
93
94
98
871
903
904
922
68
895
896
913
919
920
61
76
77
81
82
89
887
893
901
923
927
83
92
892
899
905
79
80
84
88
921
931
936
66
85
894
914
917
918
924
59
90
940
949
70
930
55
898
63
67
912
944
910
925
45
57
916
51
62
941
71
907
908
937
945
933
379
433
472
483
494
512
513
534
557
594
426
435
444
448
451
455
460
463
465
466
506
511
546
555
586
598
614
621
641
690
714
715
735
261
310
335
349
354
414
425
438
447
457
470
475
478
491
493
510
515
517
521
524
533
550
563
565
575
603
604
607
610
617
625
630
646
682
702
720
289
295
298
304
316
318
322
331
332
334
337
344
347
372
373
374
384
399
400
405
413
418
424
434
445
452
453
458
469
473
474
480
495
499
503
518
520
523
531
537
541
548
549
552
559
562
566
567
579
582
587
589
593
632
636
640
651
674
700
703
706
732
221
264
266
281
285
287
297
306
308
311
315
325
333
350
352
358
361
380
381
387
388
391
393
401
406
412
417
422
428
429
430
442
443
450
464
481
487
490
492
496
498
502
504
508
509
522
526
535
539
540
544
553
558
568
573
576
583
595
600
606
612
615
620
623
627
629
642
647
649
657
659
669
671
676
679
684
685
692
707
721
726
743
746
755
794
205
222
234
237
238
248
249
254
269
273
275
277
282
303
312
317
319
320
327
343
345
360
364
365
368
370
371
377
383
389
392
398
402
407
410
411
415
419
420
431
432
437
446
461
467
471
476
477
479
485
489
500
501
505
507
514
519
525
529
532
538
542
543
551
556
569
574
578
581
591
592
596
605
608
618
619
624
628
637
645
652
655
670
673
675
683
693
696
699
701
704
718
723
725
729
731
737
738
742
745
759
761
765
777
781
191
197
223
224
227
229
231
245
246
252
255
256
259
265
268
270
278
284
290
294
307
321
323
324
326
328
329
355
362
366
367
369
375
378
382
390
394
403
404
408
423
436
439
454
456
484
527
528
570
577
580
584
585
588
590
597
601
611
622
631
643
650
660
662
664
665
668
678
680
686
687
688
705
712
713
716
717
722
724
736
741
747
748
749
754
758
766
769
786
194
218
219
236
240
243
247
250
251
258
263
267
276
279
280
283
291
292
296
299
300
313
336
338
341
342
346
351
353
376
385
395
396
397
416
421
441
449
459
462
486
497
530
545
554
561
571
599
609
613
616
639
644
653
654
661
666
667
698
708
710
728
740
744
751
757
762
764
768
773
775
778
783
784
788
790
798
803
805
199
209
215
232
239
241
244
286
288
305
330
340
359
363
386
488
516
536
560
602
626
634
656
658
681
691
695
711
719
727
730
739
750
752
756
760
770
776
779
780
801
178
186
187
193
204
214
216
217
228
262
271
272
301
348
356
357
409
427
440
482
564
572
633
635
663
672
689
697
771
785
787
789
793
796
806
811
814
817
168
179
183
184
189
192
200
202
207
210
211
220
230
253
260
293
302
314
339
468
547
734
767
782
791
795
800
807
812
815
822
153
162
167
170
176
188
190
195
196
198
203
208
212
213
225
235
274
309
677
792
799
802
804
160
163
164
165
174
177
201
206
257
638
648
694
709
753
772
774
810
824
833
834
158
169
171
175
180
181
185
226
233
242
808
818
820
825
828
832
837
147
152
172
733
763
813
816
827
830
846
137
161
166
797
809
823
826
831
844
853
860
135
156
159
173
182
819
829
839
843
851
856
134
150
151
154
157
821
836
841
842
850
852
855
858
124
130
136
140
142
146
155
845
849
854
863
123
127
131
132
139
141
145
148
149
835
838
861
867
870
117
120
126
128
144
840
864
868
907
133
143
848
857
865
876
878
109
118
125
138
862
873
908
107
108
113
114
121
122
129
866
869
872
874
875
877
105
115
116
119
847
879
96
102
106
859
937
99
110
112
880
884
889
890
933
100
883
885
886
888
891
897
87
101
111
871
881
945
86
91
97
103
882
98
104
896
901
903
93
95
887
893
894
895
77
94
892
899
900
76
81
89
902
82
83
84
88
92
914
75
78
80
85
917
69
79
90
898
906
915
920
922
912
919
923
65
67
68
70
72
905
913
61
904
910
925
927
63
916
921
924
936
66
918
931
949
62
71
930
940
55
59
944
941
45
51
57
54
928
53
36
73
932
47
379
261
426
433
435
444
451
455
466
472
483
494
512
513
557
264
289
295
298
304
310
318
322
332
334
335
347
349
354
414
438
448
457
460
463
465
475
478
506
510
511
524
534
594
614
621
641
690
205
221
222
248
249
266
269
281
285
287
297
306
308
315
316
325
331
333
337
344
352
361
372
373
374
384
393
399
400
405
413
418
424
425
434
445
447
453
470
473
491
493
515
517
521
533
546
550
555
563
565
586
598
603
607
610
630
682
702
703
714
715
720
735
191
197
223
224
227
229
231
234
237
238
245
246
254
255
256
259
265
268
273
275
277
278
282
284
290
303
311
312
317
319
320
327
345
350
358
365
368
370
377
380
381
387
388
391
401
402
406
412
415
417
422
428
429
430
442
443
452
458
464
469
474
480
481
495
496
499
503
508
518
520
522
523
537
541
548
549
552
559
567
575
593
604
617
625
632
636
646
674
194
209
218
219
243
247
250
252
258
263
267
270
280
283
292
294
307
321
323
324
326
328
343
355
360
362
364
366
367
369
371
383
389
390
392
394
398
407
410
411
419
420
431
432
437
446
450
461
467
476
479
485
487
490
492
498
500
501
502
504
509
519
526
531
535
538
539
544
553
558
562
566
573
579
582
587
589
595
606
612
620
640
649
651
659
669
671
676
685
692
700
706
732
187
199
214
215
232
236
239
240
241
244
251
276
279
286
291
296
299
300
313
329
341
342
346
353
375
376
378
382
395
396
397
403
404
408
423
436
439
454
456
471
477
484
489
505
507
514
525
529
532
540
542
543
551
556
568
574
576
577
578
583
591
600
605
608
615
618
619
623
624
627
629
642
647
657
670
679
683
684
693
696
699
701
704
707
718
721
723
725
726
729
738
743
746
755
794
178
183
184
186
193
202
204
216
217
220
228
262
288
305
330
336
338
351
363
385
421
441
449
459
462
486
497
527
528
569
570
580
581
590
592
596
601
628
631
637
643
644
645
650
652
655
660
661
662
668
673
675
678
680
686
687
688
712
713
716
717
722
724
731
736
737
741
742
745
747
759
761
765
781
153
168
170
176
179
189
192
195
200
207
210
211
225
230
253
260
271
272
301
340
348
357
359
386
516
530
554
561
571
584
585
588
597
599
611
616
622
639
653
664
665
666
667
681
698
705
708
710
728
740
748
749
751
754
758
766
769
777
786
162
163
164
165
167
174
177
188
190
196
198
203
206
208
212
213
235
274
293
302
309
314
339
356
409
416
427
440
482
488
536
545
560
609
613
626
654
656
658
691
695
711
730
739
744
750
752
757
760
762
764
768
773
775
778
783
788
790
798
803
158
160
169
171
175
180
181
201
226
233
257
468
564
602
634
635
663
672
689
697
719
756
770
776
780
784
801
805
147
152
172
185
242
547
572
633
677
727
734
771
779
785
787
793
796
806
811
812
814
817
137
161
166
767
782
789
791
795
800
802
807
815
822
135
150
156
159
173
182
648
694
709
753
772
792
799
804
810
130
134
151
154
157
638
774
818
820
824
833
834
124
136
140
142
146
149
155
763
808
816
825
827
828
832
837
127
128
131
132
139
141
145
148
733
797
813
826
830
844
846
853
117
120
126
144
809
831
843
851
856
860
123
133
819
821
823
829
839
842
845
850
855
107
109
118
122
125
129
138
836
841
849
852
858
863
108
113
114
121
838
854
864
867
96
105
115
116
119
143
840
861
868
870
876
99
102
106
112
848
857
878
110
835
865
872
873
100
111
862
869
875
877
879
87
101
103
847
866
874
86
91
97
859
880
889
890
93
95
98
104
883
884
891
897
94
871
881
885
886
76
77
81
89
882
82
83
88
92
888
896
901
903
80
84
85
893
894
79
90
887
892
895
899
75
78
67
70
914
69
900
907
917
63
65
68
72
898
902
61
908
912
906
910
915
920
922
925
62
71
919
923
937
904
913
916
66
905
927
921
936
55
59
924
933
945
918
930
931
949
940
73
928
45
51
57
944
54
53
941
932
47
36
379
433
472
483
494
512
513
557
594
261
426
435
444
448
451
455
460
463
465
466
506
511
534
546
555
614
621
641
690
714
715
720
735
310
318
332
335
347
349
354
414
425
438
447
457
470
475
478
491
493
510
515
517
521
524
533
550
563
565
575
586
598
603
604
607
610
617
625
630
646
682
702
703
264
266
285
289
295
297
298
304
306
308
315
316
322
331
333
334
337
344
352
361
372
373
374
381
384
393
399
400
405
406
413
418
424
428
434
445
452
453
458
469
473
474
480
481
495
499
503
508
518
520
523
531
537
541
548
549
552
559
562
566
567
573
579
582
587
589
593
606
632
636
640
651
674
676
692
700
706
732
794
205
221
222
238
248
249
269
275
281
287
311
319
320
325
327
350
358
365
368
370
377
380
387
388
389
391
401
402
411
412
415
417
422
429
430
437
442
443
446
450
464
467
479
487
490
492
496
498
500
502
504
507
509
519
522
526
529
535
538
539
540
542
544
553
558
568
576
583
595
600
605
612
615
619
620
623
624
627
629
642
647
649
657
659
669
671
679
684
685
701
707
718
721
723
725
726
729
743
746
755
781
191
197
223
224
227
229
231
234
237
245
246
252
254
255
256
259
265
268
270
273
277
278
282
284
290
294
303
312
317
321
323
324
326
328
343
345
355
360
362
364
366
367
369
371
378
383
390
392
394
398
404
407
408
410
419
420
423
431
432
439
454
456
461
471
476
477
484
485
489
501
505
514
525
532
543
551
556
569
574
577
578
580
581
584
590
591
592
596
608
618
628
631
637
645
652
655
660
668
670
673
675
680
683
693
696
699
704
713
724
731
737
738
741
742
745
759
761
765
777
194
218
219
236
243
247
250
258
263
267
276
280
283
292
299
300
307
313
329
341
342
346
353
375
376
382
395
396
397
403
436
459
497
527
528
561
570
585
588
597
599
601
611
622
639
643
644
650
661
662
664
665
678
686
687
688
705
710
712
716
717
722
728
736
747
748
749
751
754
758
764
766
769
775
786
788
798
199
209
215
232
239
240
241
244
251
279
286
288
291
296
305
330
336
338
351
359
363
385
386
421
441
449
462
486
516
530
536
545
554
560
571
609
613
616
626
653
654
666
667
681
691
698
708
711
730
739
740
744
750
752
757
760
762
768
770
773
776
778
780
783
784
790
803
805
178
183
186
187
193
202
204
214
216
217
228
262
271
272
301
340
348
357
482
488
564
602
634
656
658
672
695
697
719
756
779
785
787
801
806
811
814
168
170
176
179
184
189
192
200
207
210
211
220
225
230
253
260
293
302
314
339
356
409
416
427
440
468
547
572
633
635
663
689
734
771
789
791
793
796
800
812
815
817
822
153
162
165
167
188
190
195
196
198
203
208
212
213
235
257
274
309
677
727
767
782
795
802
807
158
160
163
164
171
174
177
181
201
206
226
233
638
648
709
753
772
774
792
799
804
810
833
834
169
175
180
185
242
694
808
818
820
824
828
832
837
137
147
152
161
172
733
763
813
816
825
827
830
156
159
166
173
797
809
823
826
831
844
846
853
860
134
135
150
182
819
829
839
843
851
856
124
130
140
142
146
151
154
157
821
836
841
842
850
852
855
858
132
136
139
149
155
845
849
854
863
117
120
127
128
131
141
145
148
838
840
861
867
870
126
144
864
868
876
123
133
848
857
865
878
107
108
109
118
122
125
129
138
835
862
872
873
113
114
115
116
121
866
869
874
875
877
96
105
119
143
847
879
99
102
106
110
112
859
880
889
890
884
100
111
871
881
883
885
886
891
897
73
87
101
103
882
928
86
91
97
901
93
95
98
104
888
894
896
903
94
887
892
893
895
77
81
89
899
76
82
83
88
92
932
53
54
80
84
85
900
914
47
79
90
898
917
902
70
75
78
912
67
906
910
915
922
63
69
907
920
925
65
68
72
908
916
919
923
61
904
905
913
62
71
927
937
921
936
66
918
924
930
931
949
36
59
940
55
933
945
944
57
941
45
51
926
952
379
433
472
483
512
557
261
335
349
414
426
435
444
448
451
455
460
463
465
466
494
511
513
534
594
621
641
690
264
289
295
297
298
304
310
316
318
322
332
334
337
344
347
354
372
373
374
399
413
424
425
438
447
457
470
475
478
491
493
506
510
515
517
521
524
533
546
550
555
565
586
598
603
607
610
614
630
682
714
715
720
735
205
221
222
248
249
266
269
281
285
287
306
308
311
315
325
331
333
352
358
361
381
384
387
393
400
401
405
406
418
428
430
434
445
452
453
458
469
473
474
480
495
499
520
523
537
541
548
549
563
567
575
593
604
617
625
632
636
646
674
702
703
191
197
223
224
227
229
231
234
237
238
245
246
252
254
255
256
259
265
268
273
275
277
278
282
284
290
303
312
317
319
320
326
327
345
350
360
364
365
368
370
371
377
380
388
389
391
402
411
412
415
417
420
422
429
432
437
442
443
446
450
464
467
479
481
487
490
492
496
498
502
503
504
508
509
518
522
526
531
535
544
552
553
558
559
562
566
573
579
582
587
589
595
600
606
615
620
623
627
640
647
649
651
659
676
679
685
692
700
706
732
194
218
219
243
247
250
258
263
267
270
280
283
292
294
307
313
321
323
324
328
329
343
355
362
366
367
369
375
378
382
383
390
392
394
398
404
407
408
410
419
423
431
436
439
454
456
461
471
476
477
484
485
489
500
501
505
507
514
519
525
529
532
538
539
540
542
551
556
568
569
574
576
578
583
591
605
608
612
618
619
624
628
629
642
652
657
669
670
671
675
683
684
693
696
699
701
704
707
718
721
723
725
726
729
737
742
743
746
755
794
187
199
209
214
215
232
236
239
240
241
244
251
276
279
286
291
296
299
300
336
338
341
342
346
351
353
376
395
396
397
403
421
449
459
497
527
543
577
580
581
584
590
592
596
601
611
631
637
645
650
655
660
662
664
668
673
678
680
687
712
713
716
717
724
731
736
738
741
745
747
749
754
759
761
765
777
781
178
183
184
186
193
202
204
216
217
228
262
272
288
305
330
340
359
363
385
386
441
462
486
516
528
530
554
561
570
571
585
588
597
599
613
616
622
639
643
644
653
661
665
666
667
686
688
705
708
710
722
728
740
748
751
757
758
764
766
769
783
786
798
153
168
170
176
179
189
192
200
207
210
211
220
225
230
253
260
271
301
302
348
356
357
409
482
488
536
545
560
609
626
634
654
656
658
681
691
698
711
719
730
739
744
750
752
760
762
768
770
773
775
776
778
780
784
788
790
803
805
162
163
164
165
167
188
190
195
196
198
203
206
208
212
213
235
274
293
309
314
339
416
427
440
564
572
602
633
635
663
672
689
695
697
756
771
779
785
787
796
801
814
158
160
169
171
174
175
177
180
181
201
226
233
257
468
547
677
734
782
789
791
793
800
806
811
812
815
817
822
147
152
172
185
242
727
753
767
795
802
804
807
137
161
638
648
694
709
772
792
799
810
824
833
834
135
156
159
166
173
182
774
818
820
825
832
837
130
134
146
150
151
154
157
733
763
808
813
816
827
828
830
124
136
140
142
149
155
797
809
826
844
846
853
860
127
131
132
139
141
145
148
819
823
829
831
839
843
850
851
856
117
120
126
128
144
821
836
841
842
845
852
855
858
133
849
863
107
109
118
122
123
125
129
138
838
854
861
864
867
870
108
113
114
121
840
868
876
96
105
115
116
119
143
848
857
865
878
102
106
112
835
869
872
873
99
110
862
866
874
875
877
879
100
111
847
859
87
101
880
884
889
890
86
91
97
103
883
897
93
95
98
104
871
881
885
886
891
94
882
77
81
89
896
901
903
76
82
83
88
92
887
888
893
894
80
84
85
892
895
899
79
90
914
67
70
75
78
900
917
898
63
65
69
902
912
68
72
922
61
73
906
910
915
920
925
62
71
907
916
919
923
928
904
905
913
66
908
927
921
936
937
54
59
918
924
53
55
930
931
949
932
940
47
952
926
933
945
57
45
51
944
941
36
379
433
451
472
483
494
512
513
534
557
594
621
690
261
349
414
426
435
444
448
455
460
463
465
466
506
511
521
524
546
555
565
586
598
607
610
614
630
641
682
714
715
720
735
295
304
310
318
322
332
334
335
344
347
354
373
413
424
425
438
447
457
470
473
475
478
491
493
495
510
515
517
520
533
550
563
567
575
603
604
617
625
632
636
646
674
702
703
221
264
266
281
285
287
289
297
298
306
308
315
316
325
331
333
337
352
358
361
372
374
381
384
387
393
399
400
401
405
406
418
428
429
430
434
442
445
452
453
458
469
474
480
481
496
499
503
504
508
518
522
523
531
537
541
548
549
552
553
558
559
562
566
573
579
582
587
589
593
606
620
623
627
640
642
651
659
676
685
692
700
706
721
732
794
205
222
237
238
248
249
254
269
273
275
277
282
311
312
319
320
327
345
350
365
368
370
371
377
380
388
389
391
402
411
412
415
417
420
422
431
432
437
443
446
450
464
467
476
479
485
487
490
492
498
500
501
502
507
509
519
526
529
532
535
538
539
540
542
544
551
556
568
574
576
578
583
591
595
600
605
612
615
618
619
624
629
647
649
652
657
669
670
671
675
679
683
684
693
696
699
701
707
718
723
725
726
729
737
742
743
746
755
759
781
191
197
223
224
227
229
231
234
245
246
252
255
256
259
265
268
270
278
284
290
294
303
307
317
321
323
324
326
328
329
343
355
360
362
364
366
367
369
378
382
383
390
392
394
398
403
404
407
408
410
419
423
436
439
454
456
461
471
477
484
489
505
514
525
527
543
569
577
580
581
584
590
592
596
608
611
628
631
637
645
650
655
660
662
664
668
673
678
680
704
712
713
716
717
722
724
731
736
738
741
745
747
749
761
765
777
786
194
215
218
219
236
243
247
250
251
258
263
267
276
279
280
283
291
292
296
299
300
313
336
338
341
342
346
353
375
376
395
396
397
421
449
459
462
486
497
528
530
561
570
571
585
588
597
599
601
613
616
622
639
643
644
653
654
661
665
686
687
688
705
708
710
728
740
744
748
751
754
758
762
764
766
769
773
775
788
798
199
209
214
228
232
239
240
241
244
286
288
305
330
340
351
359
363
385
386
441
516
536
545
554
560
609
626
634
656
658
666
667
681
691
698
711
719
730
739
750
752
756
757
760
768
770
776
778
780
783
784
790
803
805
178
186
187
193
202
204
216
217
220
230
262
271
272
301
348
356
357
409
482
488
564
602
635
663
672
689
695
697
779
785
787
801
811
168
176
179
183
184
189
192
195
200
207
210
211
225
253
260
274
293
302
309
314
339
416
427
440
468
547
572
633
734
771
782
789
791
793
796
806
812
814
815
817
822
153
162
167
170
188
190
196
198
203
208
212
213
235
257
677
727
753
767
795
800
802
807
160
163
164
165
171
174
177
181
201
206
226
233
638
648
694
709
772
774
792
799
804
810
833
158
169
175
180
185
242
808
818
820
824
834
147
152
161
172
733
763
813
816
825
827
828
830
832
837
137
156
159
166
797
809
826
846
135
150
173
182
819
823
829
831
839
844
851
853
860
130
134
140
146
151
154
157
821
842
843
850
855
856
124
136
142
149
155
836
841
845
849
852
858
863
127
131
132
139
141
145
148
838
854
861
117
120
126
128
144
840
867
870
133
848
864
868
876
107
109
123
125
138
857
865
878
108
114
118
121
122
129
835
862
873
875
105
113
115
116
143
866
869
872
874
877
96
119
847
859
879
99
102
106
110
112
884
889
890
880
100
101
111
871
881
883
885
886
891
897
87
103
926
952
86
91
97
882
901
93
95
98
104
888
894
896
903
94
887
892
893
895
77
81
89
899
76
82
88
92
80
83
84
85
914
79
90
900
917
898
75
78
902
912
67
70
69
906
910
915
922
925
63
65
72
907
916
920
68
905
919
923
61
904
908
913
62
71
927
73
921
928
936
937
66
918
924
930
931
949
59
940
55
933
945
54
932
53
944
47
57
45
51
941
36
60
64
74
379
433
472
483
494
512
513
261
310
335
349
354
414
426
435
444
448
451
455
460
463
465
466
506
511
534
557
594
221
264
266
285
289
295
297
298
304
308
316
318
322
331
332
334
337
344
347
372
373
374
384
399
413
418
424
425
438
445
447
457
470
473
475
478
491
493
510
515
517
521
524
533
546
550
555
563
565
586
598
603
607
610
614
621
630
641
690
714
715
720
735
205
222
237
238
248
249
269
281
287
306
311
315
325
333
350
352
358
361
380
381
387
391
393
400
401
405
406
428
429
430
434
442
452
453
458
469
474
480
481
495
496
499
520
523
537
548
552
567
575
604
617
625
674
682
702
703
191
197
223
224
227
229
231
234
245
246
252
254
255
256
259
265
268
270
273
275
277
278
282
284
290
294
303
312
317
319
320
324
326
327
343
345
360
364
365
368
370
371
377
383
388
389
392
398
402
411
412
415
417
419
420
422
431
432
437
443
446
450
464
467
479
487
490
492
498
500
501
502
503
504
508
509
518
522
531
541
549
553
558
559
562
566
573
579
582
587
589
593
595
606
632
636
640
646
649
651
676
685
692
700
706
732
194
209
215
218
219
236
240
243
247
250
258
263
267
276
280
283
292
300
307
313
321
323
328
329
342
346
355
362
366
367
369
375
376
378
382
390
394
403
404
407
408
410
423
436
439
454
456
461
471
476
477
484
485
489
505
507
514
519
525
526
529
532
535
538
539
540
542
543
544
551
556
568
574
576
583
600
605
612
615
619
620
623
624
627
629
642
647
657
659
669
671
679
684
693
699
701
707
718
723
726
729
743
794
187
199
214
217
228
232
239
241
244
251
279
286
288
291
296
299
305
336
338
341
351
353
363
385
395
396
397
421
449
459
462
486
497
527
528
569
577
578
580
581
584
590
591
592
596
601
608
618
628
631
637
645
650
652
655
660
661
668
670
673
675
678
683
687
696
704
713
721
725
731
737
738
742
746
755
765
781
178
183
184
186
193
202
204
207
216
220
230
262
271
272
301
330
340
359
386
441
516
530
554
561
570
571
585
588
597
599
611
616
622
639
643
644
653
662
664
665
666
680
686
688
705
708
710
712
716
717
722
724
728
736
741
745
747
748
749
751
754
758
759
761
777
786
153
168
170
176
179
188
189
192
195
200
203
210
211
212
213
225
253
260
302
348
356
357
409
427
440
482
488
536
545
560
609
613
626
654
667
681
691
698
730
739
740
750
752
757
762
764
766
768
769
773
775
778
783
788
798
162
163
164
165
167
174
177
190
196
198
206
208
235
257
274
293
309
314
339
416
468
564
602
634
635
656
658
672
689
695
697
711
719
744
756
760
770
776
780
784
790
801
803
805
158
160
169
171
175
180
181
201
226
233
242
547
572
633
663
771
779
785
787
796
814
817
147
152
172
185
677
727
734
782
789
791
793
800
802
806
811
812
815
822
137
156
161
166
648
709
753
767
772
795
807
810
135
150
159
173
182
638
694
774
792
799
804
824
833
834
130
134
146
151
154
157
818
820
825
828
832
837
124
136
140
142
149
155
733
763
797
808
813
816
827
830
853
127
131
132
139
141
145
148
809
823
826
831
843
844
846
856
860
117
120
126
128
144
819
829
839
842
850
851
855
123
133
821
836
841
845
849
852
858
863
107
109
118
122
125
129
138
838
854
867
108
113
114
121
840
861
864
868
870
876
96
105
115
116
119
143
848
878
99
102
106
112
857
865
872
873
110
835
862
869
875
100
111
866
874
877
879
87
101
103
847
859
880
889
890
86
91
97
884
93
95
98
104
883
885
886
891
897
94
871
881
882
77
81
89
901
903
76
82
83
88
92
888
893
894
896
80
84
85
887
892
895
899
79
90
914
67
70
75
78
917
898
900
63
69
902
912
65
68
72
61
906
910
915
922
925
62
71
907
916
919
920
923
952
913
926
66
73
904
905
908
927
921
59
924
928
936
937
55
918
930
931
949
940
54
945
53
933
57
932
45
47
51
64
74
944
941
60
36
494
512
513
557
594
379
426
433
435
444
451
455
460
463
466
472
483
511
534
546
555
614
621
641
690
715
720
735
261
310
332
335
347
349
354
414
425
438
447
448
457
465
470
475
478
491
493
506
510
515
517
521
524
533
550
563
565
575
586
598
603
607
610
617
625
630
682
702
703
714
264
289
295
297
298
304
308
316
318
322
331
333
334
337
344
352
361
372
373
374
384
393
399
400
405
413
418
424
434
445
452
453
458
469
473
474
480
495
499
518
520
523
531
537
541
548
549
552
559
562
566
567
587
589
593
604
632
636
640
646
651
674
692
700
706
732
205
221
222
249
266
269
281
285
287
306
311
315
319
320
325
327
350
358
365
368
377
380
381
387
388
391
401
402
406
412
415
417
422
428
429
430
442
443
446
450
464
481
487
490
492
496
498
502
503
504
508
509
519
522
526
535
539
540
544
553
558
568
573
576
579
582
583
595
600
606
612
615
620
623
624
627
629
642
647
649
657
659
669
671
676
679
684
685
707
721
725
726
743
746
755
794
191
224
227
234
237
238
245
246
248
254
255
256
259
265
268
273
275
277
278
282
284
290
303
312
317
324
326
328
343
345
360
364
366
369
370
371
383
389
390
392
394
398
407
410
411
419
420
431
432
437
456
461
467
471
476
477
479
485
489
500
501
505
507
514
525
529
532
538
542
543
551
556
569
574
578
581
590
591
592
596
605
608
618
619
628
631
637
645
652
655
668
670
673
675
683
693
696
699
701
704
713
718
723
724
729
731
737
738
742
745
759
761
765
777
781
197
218
219
223
229
231
243
247
250
252
263
267
270
280
283
292
294
300
307
313
321
323
329
341
342
346
353
355
362
367
375
376
378
382
395
396
397
403
404
408
423
436
439
454
459
484
497
527
528
561
570
577
580
584
585
588
597
601
611
622
639
643
644
650
660
661
662
664
665
678
680
686
687
688
705
710
712
716
717
722
728
736
741
747
748
749
751
754
758
764
766
769
786
788
798
194
209
215
232
236
239
240
241
251
258
276
279
286
291
296
299
305
336
338
351
363
385
386
421
441
449
462
486
516
530
545
554
560
571
599
609
613
616
653
654
666
667
681
698
708
711
730
739
740
744
750
752
757
760
762
768
773
775
778
783
784
790
803
805
178
187
193
199
214
217
228
244
262
288
301
330
340
348
357
359
482
488
536
564
602
626
634
656
658
672
691
695
719
756
770
776
779
780
787
801
814
168
183
184
186
189
200
202
204
207
210
211
216
220
230
253
260
271
272
302
356
409
416
427
440
547
572
633
635
663
689
697
771
785
789
793
796
806
811
812
815
817
822
153
167
170
176
179
188
190
192
195
196
198
203
208
212
213
225
274
293
309
314
339
468
677
727
734
767
782
791
795
800
802
807
160
162
163
164
165
174
177
201
206
226
235
257
638
648
709
753
774
792
799
804
810
833
158
169
171
175
180
181
185
233
242
694
772
808
818
820
824
834
837
147
152
161
172
733
763
813
816
825
827
828
830
832
137
156
159
166
797
809
823
826
844
846
853
135
150
173
182
819
829
831
839
843
851
856
860
130
134
140
146
151
154
157
821
836
842
850
855
858
124
136
142
149
155
841
845
849
852
863
127
131
132
139
141
145
148
838
854
861
867
117
120
126
128
144
840
864
868
870
876
133
848
857
865
878
107
109
118
122
123
125
129
138
835
873
108
113
114
121
862
866
869
872
875
877
96
105
115
116
119
143
847
874
879
102
106
112
859
889
890
99
110
880
884
74
100
111
881
883
885
886
891
897
87
101
871
86
97
103
882
901
91
98
104
888
894
896
903
64
93
94
95
887
892
893
895
77
81
89
899
76
82
88
92
80
83
84
85
914
79
90
900
917
60
898
902
78
912
67
70
75
922
69
906
910
915
920
925
63
65
72
907
916
919
923
68
904
905
913
61
62
908
927
71
921
936
952
924
926
928
937
66
73
918
930
931
949
940
55
59
945
933
932
944
54
53
57
941
45
51
47
36
943
40
43
48
261
379
426
433
435
451
466
472
483
494
512
513
264
295
298
304
310
318
332
335
347
349
354
414
444
448
455
457
460
463
465
475
506
511
534
557
594
614
690
205
221
222
249
266
269
281
285
287
289
297
306
308
315
316
322
331
333
334
337
344
352
361
372
373
374
384
393
399
405
413
418
424
425
434
438
445
447
453
470
473
478
491
493
510
515
517
521
524
533
546
555
586
598
603
607
610
621
641
714
715
720
735
191
224
227
234
237
238
245
248
254
255
259
268
273
275
277
282
311
312
319
320
325
327
345
350
358
365
368
377
380
381
387
388
391
400
401
406
412
417
428
429
430
442
452
458
464
469
474
480
481
495
496
499
503
508
518
520
523
537
548
550
552
559
563
565
575
604
617
625
630
632
636
674
682
702
703
194
197
218
219
223
229
231
243
246
247
250
252
256
265
270
278
284
290
294
303
307
317
321
323
324
326
328
343
360
364
369
370
371
383
389
392
398
402
407
410
411
415
419
420
422
431
432
437
443
446
450
461
467
476
479
487
490
492
498
500
501
502
504
509
519
522
526
531
535
541
549
553
558
562
566
567
573
579
587
593
595
640
646
651
676
692
700
706
732
209
215
232
236
239
240
241
251
258
263
267
276
279
280
283
291
292
296
299
300
313
329
341
342
346
353
355
362
366
367
375
376
378
382
390
394
395
396
397
403
404
408
423
436
439
454
456
471
477
484
485
489
505
507
514
525
529
532
538
539
540
542
543
544
551
556
568
576
577
582
583
589
600
605
606
612
619
620
623
624
627
629
642
647
649
657
659
669
670
671
679
683
684
685
693
696
699
701
704
707
718
723
725
726
729
743
794
178
183
186
187
193
199
202
204
214
216
217
228
244
262
286
288
305
330
336
338
351
363
385
421
441
449
459
462
486
497
527
528
569
574
578
580
581
590
591
592
596
601
608
615
618
628
631
637
645
650
652
655
660
661
662
668
673
675
678
680
686
687
713
721
737
738
742
745
746
755
759
761
765
781
153
168
170
176
179
184
189
192
200
207
210
211
220
230
260
271
272
301
340
348
357
359
386
516
530
554
561
570
571
584
588
597
599
611
622
639
643
644
653
664
665
666
688
705
708
710
712
716
717
722
724
728
731
736
741
747
748
749
751
754
758
766
777
786
162
163
164
165
167
188
190
195
196
198
203
208
212
213
225
253
274
293
302
309
314
339
356
409
416
427
440
482
488
536
545
560
585
613
616
626
654
667
681
691
695
698
730
739
740
750
752
757
764
768
769
773
775
778
783
788
798
158
160
171
174
175
177
181
201
206
235
257
468
564
602
609
634
635
656
658
672
697
711
719
744
756
760
762
770
776
780
784
790
801
803
805
147
152
169
180
185
226
233
242
547
572
633
663
689
734
771
779
785
787
796
806
814
137
161
172
677
727
782
789
791
793
800
802
811
812
815
817
822
156
159
166
173
648
709
753
767
772
792
795
807
810
134
135
150
151
157
182
638
694
774
799
804
820
824
833
834
124
130
140
142
146
154
155
818
825
828
832
837
127
131
132
136
139
141
145
148
149
733
763
797
808
813
816
826
827
830
846
853
117
120
126
128
144
809
823
831
843
844
851
856
860
133
819
821
829
839
842
850
855
107
109
123
125
836
841
845
849
852
858
863
108
114
118
121
122
129
138
854
867
96
105
113
115
116
838
840
861
864
868
870
876
106
119
143
848
99
102
110
112
857
865
872
873
878
100
835
862
869
875
101
111
866
874
877
879
86
87
97
103
847
859
880
889
890
91
98
884
897
93
95
104
883
885
886
891
77
94
871
881
882
76
81
82
89
901
903
80
83
84
88
92
888
893
894
896
79
85
90
887
892
895
899
78
914
67
70
75
900
917
69
898
63
65
68
72
74
902
912
61
62
71
906
910
915
920
922
925
907
916
919
923
64
913
66
73
904
905
908
927
921
952
55
59
924
928
936
937
943
60
918
926
930
931
949
940
53
54
945
57
933
40
45
51
932
47
944
941
43
48
36
512
379
426
433
451
466
472
483
494
511
513
534
557
594
621
690
735
261
335
349
414
435
444
448
455
457
460
463
465
475
478
493
506
510
515
517
521
524
533
546
550
555
565
586
598
607
610
614
617
630
641
682
714
715
720
289
295
298
304
310
318
322
332
334
337
344
347
354
372
373
374
384
399
413
418
424
425
434
438
445
447
470
473
491
495
499
520
523
537
548
563
567
575
593
603
604
625
632
636
646
674
702
703
221
264
266
281
285
287
297
306
308
311
315
316
325
331
333
352
358
361
381
387
393
400
401
405
406
417
428
429
430
442
452
453
458
464
469
474
480
481
492
496
498
503
504
508
518
522
531
541
549
552
553
558
559
562
566
573
579
582
587
589
595
600
606
620
623
627
640
642
647
649
651
659
671
676
685
692
700
706
721
726
732
794
205
222
234
237
238
248
249
254
268
269
273
275
277
282
303
312
317
319
320
327
345
350
360
364
365
368
370
371
377
380
388
389
391
392
398
402
407
411
412
415
419
420
422
431
432
437
443
446
450
461
467
476
479
485
487
489
490
500
501
502
507
509
514
519
525
526
529
532
535
538
539
540
542
544
551
556
568
574
576
578
583
591
605
608
612
615
618
619
624
628
629
652
657
669
670
675
679
683
684
693
696
699
701
704
707
718
723
725
729
731
737
738
742
743
746
755
759
781
191
197
219
223
224
227
229
231
243
245
246
252
255
256
259
265
270
278
284
290
294
307
321
323
324
326
328
329
343
355
362
366
367
369
375
378
382
383
390
394
403
404
408
410
423
436
439
454
456
471
477
484
505
527
543
569
577
580
581
584
590
592
596
601
611
631
637
645
650
655
660
662
664
668
673
678
680
687
712
713
716
717
722
724
736
741
745
747
748
749
754
758
761
765
769
777
786
194
209
215
218
236
240
241
247
250
251
258
263
267
276
279
280
283
286
291
292
296
299
300
313
336
338
341
342
346
351
353
376
395
396
397
421
441
449
459
462
486
497
528
530
554
561
570
571
585
588
597
599
613
616
622
639
643
644
653
654
661
665
666
686
688
698
705
708
710
728
740
744
751
757
762
764
766
768
773
775
778
783
788
790
798
803
805
187
199
214
217
228
232
239
244
262
288
305
330
340
359
363
385
386
488
516
536
545
560
609
626
634
656
658
667
681
691
695
711
719
730
739
750
752
756
760
770
776
780
784
801
178
183
184
186
193
202
204
207
216
220
230
271
272
301
302
348
356
357
409
427
440
482
564
572
602
635
663
672
689
697
771
779
785
787
793
796
806
811
814
817
153
168
170
176
179
189
192
195
200
210
211
212
213
225
253
260
274
293
309
314
339
416
468
547
633
734
767
782
789
791
795
800
807
812
815
822
162
163
164
165
167
177
188
190
196
198
203
206
208
235
257
677
727
753
792
799
802
804
810
158
160
171
174
175
180
181
201
226
233
242
638
648
694
709
772
774
824
833
834
152
169
172
185
808
816
818
820
825
828
830
832
837
137
147
161
733
763
813
826
827
846
156
159
166
173
182
797
809
823
831
844
853
860
134
135
150
151
154
157
819
829
839
843
850
851
855
856
124
130
140
142
146
155
821
836
841
842
845
849
852
858
863
127
131
132
136
139
145
148
149
838
854
117
120
126
128
141
144
840
861
867
870
133
864
868
876
107
123
125
848
857
865
873
878
108
109
118
122
129
138
835
862
869
872
875
105
113
114
115
116
121
866
874
877
879
96
119
143
847
859
99
102
106
110
112
880
884
889
890
883
100
101
111
871
881
885
886
891
897
87
103
882
86
91
97
901
903
93
95
98
104
888
893
894
895
896
94
887
892
943
76
77
81
89
899
82
83
88
92
914
80
84
85
900
917
43
79
90
898
48
902
912
67
70
75
78
40
906
910
915
922
925
63
69
907
916
919
920
923
65
68
72
905
61
904
908
913
62
71
927
74
921
936
937
952
66
918
924
926
928
931
949
73
930
59
64
940
55
933
945
54
932
944
53
60
51
57
941
45
47
36
934
939
379
261
426
433
435
444
451
455
466
472
483
494
511
512
513
557
594
264
289
295
304
310
318
332
334
335
347
349
354
414
438
447
448
457
460
463
465
475
478
506
510
521
524
533
534
555
614
621
641
690
205
221
222
249
266
269
281
285
287
297
298
306
308
315
316
322
331
333
337
344
352
361
372
373
374
384
393
399
400
405
413
418
424
425
434
445
453
470
473
474
491
493
495
515
517
546
550
563
565
575
586
598
603
604
607
610
617
625
630
682
702
714
715
720
735
191
224
227
234
237
238
245
248
254
255
259
268
273
275
277
278
282
311
312
319
320
325
327
345
350
358
365
368
377
380
381
387
388
391
401
402
406
412
415
417
422
428
429
430
442
443
450
452
458
464
469
480
481
496
499
503
504
508
518
520
522
523
531
537
541
548
549
552
559
566
567
587
593
632
636
640
646
674
703
706
197
218
219
223
229
231
243
246
247
252
256
265
270
280
284
290
294
303
307
317
321
323
324
326
328
343
360
362
364
366
369
370
371
383
389
390
392
398
407
410
411
419
420
431
432
437
446
461
467
476
477
479
485
487
489
490
492
498
500
501
502
507
509
514
519
526
529
535
538
539
540
542
544
551
553
558
562
568
573
576
579
582
589
595
600
606
612
620
623
627
642
647
649
651
657
659
669
671
676
685
692
700
732
194
209
215
232
236
239
240
241
250
251
258
263
267
276
279
283
291
292
296
299
300
313
329
341
342
346
353
355
367
375
376
378
382
394
395
396
397
403
404
408
423
436
439
454
456
459
471
484
505
525
527
532
543
556
569
574
577
578
580
581
583
590
591
592
605
608
615
618
619
624
628
629
645
652
670
675
679
683
684
693
696
699
701
704
707
718
721
723
725
726
729
731
738
742
743
746
755
794
178
186
187
193
199
214
217
228
244
262
286
288
305
330
336
338
351
363
385
386
421
441
449
462
486
497
528
561
570
584
588
596
597
601
611
622
631
637
639
643
644
650
655
660
661
662
664
665
668
673
678
680
686
687
688
712
713
716
717
722
724
736
737
741
745
747
749
759
761
765
781
168
179
183
184
189
192
200
202
204
207
210
211
216
220
230
260
271
272
301
340
348
357
359
516
530
536
545
554
571
585
599
613
616
653
654
666
667
681
698
705
708
710
728
740
748
751
754
757
758
764
766
769
777
783
786
153
162
167
170
176
188
190
195
196
198
203
208
212
213
225
253
274
293
302
309
314
339
356
409
416
427
440
482
488
560
564
602
609
626
634
656
658
672
691
695
711
719
730
739
744
750
752
760
762
768
773
775
776
778
780
784
788
790
798
803
805
158
160
163
164
165
171
174
177
181
201
206
235
257
468
547
572
635
663
689
697
756
770
771
779
785
787
796
801
169
175
180
185
226
233
242
633
677
727
734
789
791
793
806
811
812
814
817
822
137
147
152
161
172
648
753
767
782
795
800
802
807
815
156
159
166
638
694
709
772
792
799
804
810
833
134
135
150
173
182
774
818
820
824
834
837
124
130
140
142
146
151
154
157
733
763
808
813
816
825
827
828
830
832
127
132
136
139
145
149
155
797
809
826
844
846
853
860
117
120
126
128
131
141
144
148
819
823
829
831
839
842
843
851
856
133
821
845
849
850
852
855
858
107
109
123
125
836
841
863
867
108
114
118
122
129
138
838
854
861
864
870
876
105
113
115
116
121
840
868
96
106
119
143
848
857
865
873
878
99
102
110
112
835
869
872
100
862
866
874
875
877
879
101
111
847
859
86
87
97
103
880
884
889
890
91
98
883
886
891
897
93
95
104
871
881
882
885
77
94
901
76
81
82
89
893
894
896
903
80
83
84
88
92
887
888
892
895
79
85
90
899
914
78
917
67
70
75
898
900
69
902
63
65
72
912
68
910
922
925
61
62
71
906
915
920
907
913
916
919
923
74
904
905
908
66
73
927
943
921
936
937
952
55
59
64
918
924
926
928
930
934
949
931
940
43
48
53
54
933
945
40
57
60
932
45
51
939
944
47
941
36
512
379
433
451
466
472
483
494
511
513
534
557
594
621
690
414
426
435
444
448
455
457
460
463
465
478
493
506
510
515
521
524
533
546
555
565
586
598
607
610
614
617
630
641
682
714
715
720
735
261
310
318
322
332
334
335
344
347
349
354
372
373
374
399
413
418
424
425
434
438
445
447
470
473
475
491
495
517
520
523
548
550
563
567
575
593
603
604
625
632
636
646
674
702
703
264
266
285
289
295
297
298
304
306
308
315
316
325
331
333
337
352
358
361
381
384
387
393
400
401
405
406
428
429
430
442
452
453
458
464
469
474
480
481
492
496
498
499
503
504
508
518
522
531
537
541
549
552
553
558
559
562
566
573
579
582
587
589
595
606
620
623
627
640
642
647
651
659
671
676
685
692
700
706
721
732
205
221
222
248
249
269
275
281
287
311
312
319
320
327
345
350
365
368
370
371
377
380
388
389
391
398
402
411
412
415
417
420
422
431
432
437
443
446
450
461
467
476
479
485
487
489
490
500
501
502
507
509
519
525
526
529
532
535
538
539
540
542
544
551
556
568
574
576
578
583
591
600
605
608
612
615
618
619
624
629
649
652
657
669
670
675
679
683
684
693
696
699
701
707
718
723
725
726
729
737
742
743
746
755
781
794
191
224
227
231
234
237
238
245
246
254
255
256
259
265
268
270
273
277
278
282
284
290
294
303
307
317
321
323
324
326
328
329
343
355
360
362
364
366
367
369
375
378
382
383
390
392
394
403
404
407
408
410
419
423
436
439
454
456
471
477
484
505
514
527
543
569
577
580
581
584
590
592
596
611
628
631
637
645
650
655
660
662
664
668
673
678
680
704
712
713
722
724
731
736
738
741
745
747
749
759
761
765
777
197
218
219
223
229
243
247
250
252
258
263
267
276
280
283
292
299
300
313
336
338
341
342
346
351
353
376
395
396
397
421
449
459
462
486
497
528
530
554
561
570
571
585
588
597
599
601
613
616
622
639
643
644
653
654
661
665
686
687
688
705
708
710
716
717
728
748
751
754
758
764
766
769
786
788
798
194
209
215
232
236
239
240
241
244
251
279
286
288
291
296
305
330
359
363
385
386
441
488
516
536
545
560
609
626
634
656
658
666
667
681
691
698
711
719
730
739
740
744
750
752
757
760
762
768
773
775
776
778
783
784
790
803
805
187
193
199
214
217
228
262
271
272
301
340
348
356
357
409
427
440
482
564
572
602
635
663
672
689
695
697
756
770
779
780
787
801
178
183
184
186
189
200
202
204
207
210
211
216
220
230
253
260
293
302
314
339
416
468
547
633
734
771
785
789
793
796
806
811
812
814
817
153
168
170
176
179
188
192
195
198
203
212
213
225
235
257
274
309
677
727
767
782
791
795
800
802
807
815
822
162
163
164
165
167
174
177
190
196
201
206
208
226
638
648
694
709
753
772
774
792
799
804
810
833
158
160
169
171
175
180
181
233
242
818
824
834
147
152
172
185
733
763
808
813
816
820
825
827
828
830
832
837
137
161
797
809
826
846
156
159
166
173
182
819
823
831
844
853
860
134
135
150
151
154
157
821
829
839
843
850
851
855
856
124
130
140
142
146
155
836
841
842
845
849
852
858
131
132
136
139
141
145
149
838
854
863
117
120
126
127
128
144
148
840
861
867
870
133
864
868
876
123
848
857
865
878
107
108
109
118
122
125
129
138
835
862
873
105
113
114
115
121
866
869
872
874
875
877
96
116
119
143
847
879
99
102
106
112
859
889
890
110
880
884
100
111
871
881
883
885
886
891
897
87
101
103
86
91
97
882
901
95
98
104
888
894
896
903
93
94
887
892
893
895
934
77
81
89
899
76
82
88
92
83
84
85
914
80
90
900
917
79
898
939
78
902
912
67
70
75
69
906
910
915
922
925
63
65
72
907
916
920
923
68
905
919
61
904
908
913
62
71
927
74
921
936
937
66
918
924
926
928
952
73
930
931
943
949
940
55
59
64
933
945
54
932
53
944
43
57
60
941
45
51
47
48
40
36
