690
605
621
623
636
707
726
557
567
575
610
641
702
512
534
546
568
607
614
630
682
706
725
735
743
513
533
549
555
565
593
625
640
647
717
721
761
770
489
494
496
511
521
550
562
573
582
598
603
604
611
626
646
651
664
683
684
703
715
738
751
463
472
506
515
517
535
539
543
551
556
563
587
595
596
606
612
620
631
632
642
655
659
674
679
696
699
712
723
746
755
769
335
379
400
447
451
455
470
480
483
493
503
510
519
522
524
531
537
540
553
570
574
586
589
591
594
600
617
618
627
637
652
654
662
680
692
693
700
711
714
716
718
719
720
732
736
737
742
748
764
777
781
369
433
444
448
452
453
457
460
465
481
491
501
520
538
541
542
559
566
576
583
619
629
649
678
685
686
687
705
728
739
741
745
754
773
784
331
350
425
426
445
466
469
473
492
495
497
500
502
528
532
548
552
561
578
588
592
601
628
639
644
645
650
660
661
663
668
673
675
676
691
704
713
724
729
749
759
762
780
785
332
354
381
412
414
415
429
430
434
435
438
456
474
477
478
479
485
490
514
523
525
554
571
584
585
590
597
634
643
665
669
672
681
701
730
740
805
289
308
316
318
325
347
384
399
402
406
432
442
446
450
458
464
475
487
498
499
504
508
518
526
544
569
577
579
599
615
616
622
667
671
697
731
765
790
295
297
337
343
349
351
364
365
374
380
391
405
411
413
418
428
443
461
484
507
509
530
558
581
608
635
657
658
688
722
744
747
750
757
758
766
779
787
789
793
794
812
261
266
304
334
345
352
358
360
361
368
376
390
408
410
417
424
436
449
471
486
516
564
572
580
613
624
638
656
709
710
768
776
778
786
798
801
803
249
264
310
320
344
370
371
377
378
388
389
394
398
401
437
454
467
476
505
529
609
633
670
708
752
756
771
782
788
792
796
799
814
256
277
311
315
319
323
338
346
355
382
385
393
396
407
409
431
462
536
653
677
694
698
753
767
775
800
811
287
298
317
333
342
367
372
373
386
392
395
403
416
419
420
421
440
459
527
547
602
666
689
760
772
774
791
243
245
254
255
258
265
269
284
294
299
303
312
341
366
375
404
422
427
441
468
733
802
806
807
817
221
259
281
282
288
290
292
300
309
321
322
327
329
362
387
439
482
783
813
222
234
268
276
278
285
291
313
328
348
359
383
488
545
560
734
795
809
810
216
244
246
248
252
263
270
271
273
275
280
306
326
330
363
423
695
816
822
197
227
231
237
238
240
251
253
283
286
293
296
305
307
324
339
340
353
397
727
818
825
191
205
218
236
241
247
267
336
357
804
820
832
846
215
219
220
223
224
229
250
260
274
301
356
648
808
815
819
828
834
194
200
232
843
193
209
217
230
257
302
763
827
844
187
198
208
214
225
239
272
797
186
192
199
279
824
831
837
842
168
174
196
202
204
207
210
212
228
242
826
829
836
850
183
189
190
203
226
235
823
833
849
178
838
839
852
170
176
179
184
185
211
213
853
856
860
162
164
188
195
206
262
863
165
201
830
835
158
163
180
182
233
821
840
841
858
153
160
175
181
851
167
169
171
177
173
855
166
314
848
854
861
867
877
147
172
845
862
870
161
137
151
159
847
868
130
152
155
857
864
873
140
871
150
135
139
149
154
157
866
132
126
134
144
148
156
865
876
124
136
146
859
872
138
141
869
881
883
884
129
142
145
875
128
878
879
874
109
119
120
125
127
131
882
890
107
117
880
891
886
897
116
118
133
885
123
143
889
114
121
122
888
892
105
899
887
101
112
901
108
106
110
115
893
894
111
113
895
96
103
898
97
896
903
87
904
98
100
102
99
104
95
906
914
86
91
900
82
90
910
912
77
81
93
88
915
83
85
84
92
94
902
907
913
922
76
89
80
911
927
79
930
917
919
923
75
920
926
921
905
908
70
72
925
928
916
65
67
69
936
918
924
945
78
66
937
909
62
68
73
61
931
934
938
71
74
63
949
941
933
939
943
952
64
940
59
932
929
944
58
55
54
60
53
946
57
51
957
958
50
935
52
950
45
955
56
48
46
49
43
942
960
44
956
951
40
954
38
47
965
947
953
34
36
35
964
963
948
33
975
41
37
961
28
973
29
962
39
959
15
967
10
512
513
534
546
557
575
605
621
623
636
690
400
463
489
494
533
549
555
565
567
610
614
707
726
335
379
433
447
448
451
455
470
472
480
493
496
511
515
521
550
568
593
607
625
630
641
702
369
425
444
452
453
457
460
465
483
506
510
517
522
524
537
543
556
562
573
582
598
603
640
682
706
725
735
331
350
354
412
426
430
434
438
445
456
466
469
481
491
495
497
500
501
503
519
520
531
535
538
539
551
563
586
596
604
606
611
626
647
684
717
743
332
381
399
402
406
413
414
415
429
432
435
442
446
450
473
474
475
477
478
485
487
490
492
502
540
541
542
553
559
570
574
576
583
587
589
594
595
600
612
620
632
642
646
651
662
664
674
679
683
703
715
720
721
738
761
289
295
308
316
318
325
337
349
374
384
405
428
443
458
479
508
514
523
525
528
532
548
552
561
566
588
591
617
618
627
631
637
652
655
659
680
686
692
696
699
700
718
723
751
770
297
304
334
343
347
351
358
360
364
365
368
376
380
390
391
408
411
418
424
461
464
484
498
499
504
507
518
526
569
571
578
601
619
629
645
649
654
673
678
693
711
712
714
716
719
742
746
755
261
266
320
323
338
344
345
346
352
361
370
377
378
389
398
401
410
417
436
437
449
454
471
509
530
544
554
577
579
581
584
585
590
592
597
628
634
639
644
661
663
668
675
676
685
687
691
704
705
732
736
737
741
748
769
781
249
310
311
315
319
355
371
372
385
388
393
394
396
407
462
467
476
486
505
516
558
564
615
622
635
643
650
660
669
713
724
728
729
739
740
745
754
759
764
773
777
784
256
264
277
298
317
342
366
367
375
382
403
404
409
416
419
421
431
440
459
529
572
599
608
616
624
665
667
671
672
681
697
730
749
762
780
255
265
287
294
299
303
312
327
333
341
362
373
386
392
395
420
422
427
441
580
609
613
638
658
688
701
722
731
785
245
254
258
281
284
288
290
309
321
328
348
383
387
439
468
482
536
656
657
670
744
750
757
765
243
259
268
269
278
282
285
292
300
306
313
322
329
359
363
527
547
602
633
666
677
708
709
710
747
752
766
768
776
779
790
805
222
234
252
270
271
273
275
276
280
291
305
326
330
353
423
488
545
653
694
698
756
758
778
787
793
798
221
244
246
263
293
296
307
324
336
339
340
397
560
689
753
767
771
786
788
789
792
794
801
803
812
227
231
237
238
247
248
251
253
260
267
283
286
301
357
760
796
799
800
216
236
240
356
733
734
775
782
811
197
218
241
250
302
695
772
774
814
191
205
215
219
220
224
229
232
257
274
783
791
802
807
194
223
272
648
727
795
806
200
209
239
279
813
817
208
214
217
225
230
809
810
186
193
198
228
242
816
822
187
199
207
226
235
192
196
202
204
210
212
262
804
818
820
825
168
203
211
808
815
819
828
832
174
189
190
763
846
178
183
213
797
834
176
179
184
185
195
206
827
201
233
843
844
170
188
314
823
824
829
837
162
163
164
180
831
833
165
181
826
836
838
842
171
175
177
182
849
850
158
839
160
167
169
830
835
852
860
153
173
821
853
166
856
863
172
840
841
147
851
858
855
151
152
155
161
845
848
854
159
861
862
877
137
140
154
867
870
130
150
847
857
135
139
149
157
868
134
156
146
148
864
873
132
144
866
871
126
865
124
136
138
859
141
142
872
869
876
145
881
875
884
128
129
874
131
883
120
879
127
878
125
143
880
891
119
133
117
882
890
109
107
885
897
118
886
116
122
123
121
888
889
114
899
892
112
901
105
894
101
111
887
110
895
898
893
113
115
108
106
904
97
896
103
903
87
96
900
102
104
906
912
100
99
902
98
915
95
914
910
907
913
90
93
86
922
91
77
82
88
911
923
930
85
81
89
927
917
919
905
76
926
84
920
83
908
92
94
79
75
916
921
80
945
909
924
928
925
931
936
69
918
937
938
78
70
593
605
623
636
641
647
682
690
707
721
726
743
546
557
565
567
575
582
586
596
603
606
607
610
612
614
617
621
626
630
632
637
640
642
646
651
652
655
659
674
679
680
702
703
706
717
725
732
735
737
738
533
534
537
549
550
555
556
561
562
563
566
568
573
574
576
587
589
591
595
598
599
600
601
604
611
618
620
625
629
631
644
645
649
650
654
662
664
676
683
684
696
699
705
711
712
714
715
716
718
719
720
736
741
742
746
748
751
755
761
769
770
512
513
515
521
528
535
538
539
540
541
542
543
548
551
552
553
559
569
570
571
578
581
583
584
585
588
590
592
594
597
609
613
615
616
619
627
628
634
635
639
643
653
658
661
663
665
667
668
669
671
672
673
675
678
681
685
686
687
691
692
693
700
713
723
724
728
730
739
740
745
747
749
754
759
762
777
781
784
472
489
491
493
494
496
500
503
506
511
517
518
519
520
522
524
531
532
544
554
558
572
579
580
602
608
622
624
633
638
656
657
660
670
677
688
697
701
704
708
709
710
722
729
731
744
750
753
757
758
764
765
768
773
778
780
793
447
455
463
470
480
483
492
495
497
499
501
502
504
508
509
510
514
523
525
526
529
530
547
564
577
666
689
694
698
727
734
752
756
760
766
767
776
779
785
786
787
788
790
798
805
400
414
425
426
433
434
442
444
448
451
452
453
457
465
466
473
474
477
479
481
484
486
487
490
498
507
516
527
536
545
560
733
771
772
774
775
782
789
792
794
799
800
801
803
369
379
402
406
411
412
413
415
418
428
429
430
435
438
445
446
450
456
458
460
461
464
469
471
475
476
478
485
505
648
695
791
795
812
331
335
347
350
351
354
365
374
376
381
384
399
401
405
410
417
424
432
436
437
439
443
449
454
459
467
783
796
802
811
814
289
295
308
318
332
334
337
344
345
349
352
358
360
361
364
368
370
371
380
382
385
388
389
390
391
394
396
398
403
407
408
409
416
419
420
421
422
427
431
440
441
462
468
482
488
763
806
807
809
261
297
304
315
316
317
319
320
325
338
341
343
346
355
362
366
367
372
373
375
377
378
383
386
387
392
393
395
397
404
423
817
820
264
266
277
285
298
299
300
303
309
310
311
312
321
322
323
327
333
342
348
359
804
808
813
815
825
249
254
255
256
258
259
265
270
275
278
280
281
282
284
287
288
290
294
305
306
313
326
328
329
330
336
339
340
353
356
357
363
797
810
816
818
819
823
824
828
832
221
222
234
237
243
245
253
260
268
269
271
276
283
286
291
292
293
296
301
307
324
822
827
829
834
837
227
238
244
246
247
248
250
251
252
263
273
302
830
833
219
231
236
240
241
257
267
272
274
279
826
839
197
205
215
216
218
220
225
229
230
232
239
831
835
836
838
844
191
194
196
198
200
209
214
217
223
224
228
242
262
314
846
186
192
193
199
210
212
226
235
821
841
842
843
850
187
190
195
202
207
208
213
233
840
168
174
176
179
183
189
203
204
206
211
849
853
178
184
188
201
845
851
852
858
170
180
181
185
854
860
863
162
165
171
172
175
182
855
861
862
158
160
163
164
167
169
173
177
847
848
859
166
856
857
864
870
147
151
153
866
868
877
155
874
150
152
159
161
867
871
872
154
869
134
137
139
146
149
156
157
873
140
148
865
130
135
136
141
144
124
132
138
142
881
126
145
875
128
143
876
129
880
882
883
884
885
125
127
131
133
878
879
886
890
117
122
123
119
114
116
120
121
891
109
107
108
110
111
115
113
118
888
889
897
892
895
105
112
106
887
894
899
97
102
901
87
101
96
898
103
99
100
98
104
893
896
903
904
95
90
906
93
94
907
86
91
902
81
84
85
92
912
77
83
89
914
915
82
88
900
76
911
79
75
80
913
905
909
917
920
910
919
69
926
927
922
930
921
70
908
78
923
916
928
924
931
936
918
925
945
938
937
690
72
65
73
66
67
623
335
513
707
61
68
331
557
621
636
74
575
62
379
534
71
610
59
63
64
332
463
249
369
533
546
55
568
702
350
447
706
726
289
496
53
266
555
567
735
761
60
354
400
480
630
297
308
494
614
725
51
54
58
605
56
316
453
455
465
470
512
295
325
755
489
549
448
452
451
625
460
511
543
607
770
45
197
264
565
641
43
438
510
521
703
52
337
48
57
216
399
457
481
506
517
524
573
50
318
343
429
493
503
664
682
684
191
261
381
444
683
743
781
46
49
445
764
949
430
469
501
520
522
47
304
473
562
934
38
415
433
456
929
943
243
405
531
611
626
256
380
497
556
941
40
466
472
537
550
933
384
717
44
846
412
939
174
221
402
519
551
723
812
940
153
751
814
255
310
364
426
222
477
603
952
34
164
168
245
323
485
570
502
700
944
35
36
358
491
593
319
346
604
620
958
41
220
406
425
540
712
946
33
215
432
721
785
843
932
345
780
162
299
360
632
640
746
748
777
935
218
320
374
443
598
649
693
715
37
130
158
479
539
595
817
227
311
647
805
807
160
194
208
292
294
410
582
642
692
711
957
29
268
298
317
475
478
563
587
686
811
816
187
252
334
391
492
627
773
955
15
39
137
365
813
950
189
234
265
716
718
810
28
231
269
474
515
662
674
699
789
960
129
523
109
205
390
680
803
254
495
526
532
542
794
796
856
193
236
281
342
393
401
790
942
209
612
655
679
769
116
124
147
223
238
259
333
389
413
483
500
639
809
947
953
244
276
355
408
498
849
853
200
246
315
388
590
687
749
818
822
863
951
799
844
183
217
601
963
10
178
185
417
535
852
241
338
349
541
578
685
741
964
287
352
490
654
704
107
151
409
514
678
705
850
525
583
202
277
668
738
975
125
435
182
210
368
696
858
956
184
464
646
842
877
965
163
361
377
504
651
860
135
144
149
170
198
372
394
591
631
948
119
140
179
290
559
801
367
396
819
121
139
173
175
186
398
224
240
471
554
954
161
371
450
606
126
159
282
407
428
586
675
802
828
867
166
169
376
791
157
165
589
660
861
114
127
619
742
962
312
373
454
961
91
106
553
870
96
134
176
467
661
719
782
967
105
136
484
663
806
148
229
366
834
959
973
132
328
351
385
431
729
131
142
851
597
825
832
154
291
370
808
873
871
293
736
739
754
868
103
108
378
436
548
594
784
855
86
270
271
588
766
884
97
152
214
347
382
392
461
691
724
792
876
87
101
104
230
321
188
273
574
309
759
779
118
848
362
476
507
745
77
584
145
263
344
866
889
112
120
375
569
659
201
206
890
251
458
462
720
798
892
326
883
111
203
713
838
80
122
177
303
434
592
701
83
117
102
128
395
419
449
538
634
667
881
82
115
418
150
155
879
284
800
84
728
81
300
837
90
93
98
76
865
886
92
427
596
618
204
207
576
79
771
862
891
697
820
219
329
624
901
110
840
95
826
872
138
248
88
904
544
827
887
897
628
732
875
85
313
322
505
880
552
156
762
869
910
896
288
99
211
239
899
459
180
199
274
516
585
280
192
275
847
859
18
237
509
577
831
786
100
258
341
564
75
600
27
32
487
752
894
915
89
622
286
845
673
31
42
893
146
424
882
19
888
529
898
386
486
912
913
278
70
906
30
669
24
113
296
645
20
836
228
665
6
421
225
823
330
17
9
902
617
557
565
566
575
599
605
609
621
623
629
630
636
637
652
508
512
518
528
533
534
546
549
550
555
561
562
567
568
571
572
579
581
586
593
595
596
598
602
603
604
606
607
608
610
612
613
614
615
616
625
626
635
640
641
644
646
647
650
651
658
682
688
690
702
707
714
721
726
737
743
472
489
494
496
499
506
510
511
513
515
519
521
522
524
527
530
531
535
536
537
538
539
540
541
542
543
545
547
551
553
556
558
559
560
563
570
573
574
576
580
582
583
587
588
589
591
594
600
611
618
620
627
631
632
633
638
642
643
653
654
655
657
659
662
664
666
671
672
674
676
677
679
680
683
684
689
699
703
706
710
715
717
722
725
730
731
735
738
744
750
761
414
442
446
463
470
480
481
482
483
491
492
493
495
500
501
502
503
517
520
523
525
548
552
554
569
578
584
585
590
592
597
601
619
628
634
639
648
649
656
660
661
663
668
670
675
678
681
685
686
687
691
692
693
694
695
696
698
700
705
708
709
711
712
716
718
719
720
723
727
732
734
736
740
741
742
746
747
748
751
753
755
756
757
758
765
768
769
774
775
776
778
787
793
400
411
416
422
433
437
439
440
444
447
448
450
451
452
453
455
457
460
465
466
468
473
474
477
478
479
484
485
488
490
497
498
504
507
509
514
526
532
544
564
577
622
645
665
667
669
673
701
704
713
724
728
733
739
745
749
754
759
767
770
772
777
781
784
788
415
420
423
425
426
428
429
430
434
435
441
445
456
458
461
464
469
471
475
476
487
505
516
529
624
697
729
760
762
763
764
773
780
783
785
795
369
379
387
397
399
402
403
404
406
410
412
413
417
418
424
432
436
438
443
449
454
462
467
486
752
766
771
779
789
790
792
794
798
805
335
348
350
354
364
374
380
381
383
384
390
391
394
401
405
407
408
459
782
786
791
799
800
801
803
812
340
343
345
347
349
351
352
353
357
358
359
360
361
363
365
367
368
370
371
376
377
382
385
388
389
392
393
395
396
398
409
419
421
427
431
796
804
811
815
316
318
325
327
331
332
334
336
337
338
339
342
344
346
355
356
362
366
372
373
375
378
386
797
802
807
809
814
824
285
289
295
297
304
305
308
317
319
320
323
324
333
341
806
817
833
283
298
301
302
306
307
310
311
312
315
321
322
328
329
808
810
813
820
825
829
830
839
260
261
266
284
294
299
300
303
309
326
816
818
819
828
832
835
250
253
256
264
265
267
277
279
281
282
287
288
290
291
292
313
314
330
821
822
827
245
249
252
254
255
257
258
259
262
263
268
269
270
271
272
275
276
278
280
286
293
296
823
834
837
841
234
243
244
247
251
273
274
826
831
838
221
222
232
237
238
242
246
248
843
844
846
854
219
226
227
231
235
236
240
241
836
840
842
849
850
196
205
212
213
215
216
218
220
223
224
229
230
233
239
190
195
197
200
209
217
851
852
853
191
194
198
214
225
228
845
855
858
860
861
864
181
186
187
192
193
199
202
207
208
210
857
862
863
874
172
189
203
204
206
211
848
856
168
171
174
176
178
179
183
184
188
201
847
859
868
877
167
180
866
867
870
165
170
175
177
182
185
162
163
164
169
865
869
871
872
158
160
166
173
153
873
878
885
147
151
155
881
884
152
154
161
875
876
141
150
156
159
880
883
137
139
149
157
879
882
886
895
130
133
134
135
140
143
144
146
148
890
138
142
891
124
126
132
136
145
123
128
131
889
892
897
129
888
903
125
127
899
911
117
119
122
887
894
907
114
116
120
121
901
109
107
108
118
893
896
898
900
904
914
105
110
111
115
920
112
113
905
906
909
917
96
97
101
106
908
919
102
921
926
94
912
915
922
924
928
87
98
99
100
103
104
927
930
916
918
931
936
95
913
923
93
86
90
91
902
910
937
82
85
92
925
938
77
81
83
84
89
78
88
945
69
76
79
75
80
70
929
65
72
73
943
74
934
940
67
933
952
66
68
941
949
939
62
64
71
935
944
61
63
932
958
58
59
942
950
946
54
947
957
960
53
56
55
955
51
45
60
953
959
964
43
48
50
52
57
948
951
954
963
47
49
956
40
38
46
962
965
34
35
44
961
975
33
36
37
967
41
29
973
28
39
15
690
10
335
513
623
557
621
814
379
534
707
575
610
726
331
636
846
770
463
568
332
761
266
447
702
812
316
350
369
546
706
781
843
249
496
533
735
853
354
480
811
567
630
494
614
785
805
465
470
755
451
455
512
555
308
725
810
289
607
297
325
448
453
191
452
460
549
743
850
877
511
794
813
844
863
27
197
243
295
400
445
605
641
769
817
822
856
153
337
489
510
625
816
852
503
506
807
849
31
216
343
521
764
543
790
818
264
429
438
457
481
565
796
493
531
809
32
399
444
501
517
682
777
799
858
381
524
703
746
773
842
19
42
256
261
473
522
573
626
683
825
415
867
18
221
520
751
789
860
164
174
304
384
684
780
803
834
130
168
380
469
664
791
24
430
466
815
819
828
137
318
723
162
310
364
433
519
562
861
187
497
611
402
700
748
782
215
255
426
456
472
477
550
218
405
556
222
485
537
603
717
20
30
109
160
220
227
570
712
194
245
323
837
851
158
189
479
551
715
749
871
884
147
870
873
358
604
116
208
412
620
693
793
801
178
294
319
892
252
632
806
848
872
876
627
711
721
792
827
883
265
474
491
502
826
832
17
124
193
269
595
231
540
798
901
223
649
802
841
202
234
276
320
432
478
492
855
114
125
205
406
778
788
129
692
889
890
9
410
443
593
868
119
179
311
345
699
718
779
107
151
169
209
425
808
854
881
135
149
983
244
299
647
879
182
292
360
393
539
838
498
542
598
784
820
6
144
200
333
737
776
885
891
236
246
587
686
254
525
886
972
126
185
317
342
578
642
741
978
217
259
268
298
346
374
391
495
210
475
927
121
163
281
612
705
738
800
897
183
334
674
687
132
175
238
523
772
696
184
590
655
716
866
166
170
704
864
919
139
176
229
417
680
835
904
134
388
640
878
970
974
145
662
839
895
87
148
173
389
966
968
91
186
241
338
639
714
765
977
98
198
277
365
535
678
836
989
142
563
685
833
930
104
106
108
917
922
105
136
464
483
880
910
526
582
804
865
899
97
127
390
401
409
131
646
668
679
875
96
583
742
766
76
159
165
541
971
377
408
532
754
840
862
874
896
86
651
82
631
887
101
315
915
923
16
84
601
188
355
373
23
367
394
831
906
77
90
103
117
140
352
407
442
787
349
528
663
675
907
79
361
660
739
981
152
154
900
654
920
312
859
845
591
914
92
847
26
435
253
414
157
504
869
979
282
454
758
75
490
903
905
982
740
893
372
471
756
230
757
554
566
619
80
911
214
500
913
111
771
287
396
450
95
857
924
3
81
161
606
990
118
514
936
224
413
559
729
821
921
987
83
112
589
938
12
240
745
446
650
918
206
691
719
829
122
371
926
945
271
93
986
366
676
898
14
70
25
291
461
643
750
731
925
931
916
88
909
69
797
167
89
171
637
969
347
672
21
94
894
290
392
201
824
998
530
8
724
150
499
102
155
993
99
644
85
138
759
115
701
13
62
882
11
293
995
661
928
976
267
912
635
783
681
368
321
694
515
22
263
767
980
985
597
760
580
615
937
177
467
633
728
984
141
1
437
656
484
561
270
385
476
507
999
2
657
5
359
736
441
652
588
571
584
670
991
488
553
710
775
547
747
629
709
722
908
558
592
634
671
733
586
616
659
677
698
713
730
732
768
581
613
638
667
688
697
753
774
404
548
574
579
585
594
596
608
618
624
628
666
752
508
544
564
569
572
576
599
622
665
689
744
395
449
552
600
602
658
720
762
795
328
505
509
527
538
617
645
653
669
673
695
708
786
398
462
468
516
518
529
536
577
7
428
431
545
560
609
648
763
436
403
486
387
482
487
734
823
419
420
422
427
458
459
727
362
418
232
382
690
376
440
557
575
621
623
636
949
353
356
375
411
421
424
434
534
610
630
707
273
363
370
378
568
607
702
726
830
329
339
383
386
416
513
533
546
567
605
625
626
641
682
706
735
761
326
336
357
397
549
555
614
703
743
71
348
351
423
439
496
543
565
573
593
611
620
664
683
341
512
531
537
550
556
562
595
603
604
632
647
684
717
721
725
196
324
344
494
503
510
511
517
520
521
522
551
642
649
700
711
712
746
751
755
770
305
307
447
463
470
480
489
501
506
519
524
570
587
598
612
627
646
651
655
693
699
715
748
250
283
465
481
493
539
540
631
640
662
674
680
696
705
718
723
737
738
769
781
300
302
306
309
322
451
452
455
460
472
473
477
491
497
502
542
563
578
582
679
686
692
716
741
749
0
327
340
448
453
457
466
479
525
535
583
590
591
639
663
678
687
742
764
777
313
330
485
492
495
541
601
654
675
685
704
714
785
247
284
303
429
430
444
445
469
474
498
523
526
528
606
668
812
941
379
400
415
426
433
438
456
478
483
566
589
619
773
789
207
286
402
532
554
559
660
754
780
799
805
260
274
369
399
464
475
650
691
739
784
790
59
128
288
296
405
425
500
504
514
637
719
779
788
792
811
888
251
301
350
354
380
381
384
410
412
432
443
490
776
791
793
257
272
275
285
335
406
417
442
643
745
766
782
803
814
994
203
280
450
471
676
740
758
765
772
778
794
796
944
278
331
364
391
435
661
757
212
235
242
248
332
343
358
374
393
414
454
461
515
597
672
729
798
809
337
360
388
389
394
401
407
408
409
446
530
644
731
750
800
807
258
279
314
316
413
499
635
724
239
325
345
365
390
701
756
801
817
367
377
580
787
308
342
361
373
396
681
771
802
810
318
319
323
338
346
349
352
355
615
759
818
213
297
320
333
334
372
694
219
237
262
289
295
304
371
65
195
233
310
347
806
813
819
226
317
366
392
467
816
228
828
311
315
808
825
225
266
299
312
368
760
72
211
728
822
298
939
61
192
261
988
78
265
292
294
437
633
837
843
199
204
767
827
846
249
256
815
190
264
281
484
820
850
255
276
804
832
181
243
252
259
268
321
385
269
277
282
834
844
4
245
180
287
254
291
234
290
561
783
849
244
271
227
253
293
902
221
826
833
992
156
238
66
241
797
838
222
839
858
143
172
246
476
656
856
216
220
943
236
842
852
231
263
853
997
270
359
215
218
267
835
55
205
223
933
229
829
191
507
861
877
217
194
240
840
841
940
863
200
831
851
51
110
197
209
210
230
855
187
198
224
824
208
960
202
836
146
441
189
860
186
214
193
184
854
120
176
168
179
206
870
36
178
63
736
657
174
183
188
866
123
182
54
169
821
867
934
162
67
185
201
133
488
50
175
166
328
584
862
929
164
113
45
588
170
871
848
946
158
173
571
165
868
935
163
60
153
73
68
404
171
53
847
395
273
932
57
177
160
232
996
151
147
154
100
167
74
152
449
942
43
652
38
58
148
144
159
335
344
351
354
379
400
411
434
463
508
512
518
534
538
575
586
596
610
617
621
623
690
249
256
258
261
266
283
284
285
289
295
297
303
304
308
316
318
325
327
331
332
348
350
369
370
376
378
414
416
418
420
422
423
424
428
433
439
440
444
445
447
448
451
455
458
460
465
470
472
480
487
489
493
494
496
506
510
511
513
521
533
546
549
552
553
557
565
567
568
574
576
581
594
599
600
605
607
608
609
614
618
629
630
636
641
658
659
702
707
720
725
726
197
219
237
243
245
247
248
250
251
260
264
277
278
280
288
300
301
305
306
307
309
310
311
313
320
322
324
334
337
340
341
343
345
347
349
358
363
364
374
375
381
382
383
384
386
387
397
398
399
403
406
412
415
421
425
426
429
430
432
435
436
438
442
446
452
453
456
457
466
468
469
474
475
478
481
482
483
485
486
491
492
497
501
503
505
509
517
519
520
522
524
527
528
531
535
536
537
539
540
543
544
545
548
550
551
555
556
558
560
562
563
569
570
572
573
577
579
582
585
592
593
598
602
603
604
613
616
625
626
628
640
645
647
669
671
673
682
683
684
688
706
713
714
715
717
721
730
732
735
743
744
190
199
212
216
221
222
226
234
239
242
244
246
254
255
257
259
265
269
274
275
276
279
281
282
286
287
294
296
298
302
312
315
317
319
323
326
329
330
336
338
339
342
346
352
353
355
357
360
361
362
365
368
377
380
388
389
390
391
393
401
402
405
407
408
410
413
417
419
427
431
437
443
450
459
461
462
464
473
477
479
484
490
495
498
499
500
502
504
515
516
523
525
529
532
541
542
547
559
561
564
566
571
578
583
587
588
589
590
591
595
606
611
612
620
622
624
627
631
632
634
637
638
642
643
646
651
652
653
654
655
662
664
665
666
667
674
676
677
678
679
686
689
692
693
695
696
697
698
699
700
703
708
709
710
712
722
723
737
738
746
747
751
753
761
762
768
769
770
781
181
191
192
194
195
196
204
205
207
215
218
223
224
225
227
228
231
235
236
238
240
252
253
262
263
267
268
271
272
290
292
299
321
328
333
356
359
366
367
371
372
373
385
392
394
395
396
404
409
441
449
454
467
471
476
507
514
526
530
554
584
601
615
619
635
639
644
649
650
660
661
663
668
670
672
675
680
681
685
687
691
704
705
711
716
718
719
727
728
734
736
739
740
741
742
745
748
749
752
755
764
773
774
775
777
784
785
786
168
172
174
187
193
200
203
208
209
211
213
217
220
229
230
232
241
270
273
291
293
314
488
580
597
633
648
656
657
701
724
729
731
733
750
754
756
757
758
759
765
776
778
780
787
793
794
795
805
178
180
183
186
189
198
202
210
214
233
694
763
766
779
788
789
790
792
796
798
803
130
137
153
158
160
162
164
167
170
176
179
184
185
760
767
771
772
782
783
791
799
800
801
807
811
812
814
135
139
140
150
161
163
165
171
175
182
188
201
206
802
804
806
809
813
817
124
126
132
134
136
141
147
149
155
156
157
166
169
173
177
810
815
816
820
825
830
138
146
151
797
808
818
819
822
823
828
832
834
846
119
123
125
127
129
131
133
142
145
152
154
159
824
827
833
843
844
107
109
117
120
128
143
144
826
829
831
835
836
837
839
842
849
850
105
114
116
118
121
122
148
821
838
841
845
852
853
856
857
860
864
840
851
854
858
863
101
106
108
111
112
115
855
861
867
873
877
96
97
110
113
848
859
862
865
872
874
876
878
102
103
847
868
869
870
881
87
98
99
866
871
875
879
880
883
884
885
82
86
95
100
104
882
890
891
897
90
91
94
886
888
895
81
93
889
892
899
64
77
83
84
85
88
89
92
887
901
65
72
76
79
893
894
903
73
74
75
80
896
898
900
66
67
68
904
906
914
62
69
78
907
911
61
63
71
917
919
922
70
902
910
912
915
920
952
42
908
913
927
930
56
58
59
905
923
926
928
929
940
48
54
921
934
943
947
950
958
47
49
52
916
924
933
941
957
31
40
53
55
909
918
925
936
937
939
949
953
45
51
60
931
944
945
951
955
19
24
27
35
44
46
932
935
938
948
959
963
964
20
32
34
50
57
43
9
37
41
942
946
956
960
962
18
29
30
33
954
17
961
965
38
39
28
967
15
36
975
6
973
10
971
972
966
983
968
969
978
970
977
981
974
23
989
25
980
3
16
979
982
26
986
12
998
14
22
990
995
21
11
976
987
13
985
8
992
984
1
2
5
993
991
7
4
0
999
994
988
997
335
690
846
996
331
814
130
513
843
623
116
332
379
109
557
707
856
249
621
316
534
575
636
568
610
447
463
470
489
494
496
512
533
546
549
555
567
605
607
614
625
630
641
702
726
735
350
354
369
400
444
448
451
452
453
455
457
460
465
472
480
481
493
501
503
506
510
511
517
521
522
524
531
538
543
550
551
553
556
565
573
574
576
586
593
594
596
600
603
604
611
617
618
626
632
647
659
682
683
703
706
725
743
761
266
289
295
297
308
325
337
343
351
381
384
399
402
411
415
418
425
426
428
429
430
433
434
438
445
456
458
466
469
473
474
477
479
483
485
487
491
492
495
497
502
508
518
519
520
528
535
537
539
540
542
548
552
562
563
566
569
570
582
585
587
592
595
598
599
606
612
616
620
627
628
629
631
640
642
645
646
649
651
655
664
665
674
679
680
684
692
693
696
699
700
711
712
715
717
720
721
732
770
261
304
318
320
344
347
349
358
360
364
370
374
376
378
380
382
391
398
405
406
410
412
414
417
424
432
435
436
442
443
461
464
475
478
486
490
498
499
500
505
509
514
515
516
523
525
526
532
541
544
554
558
559
561
564
571
572
577
578
579
581
583
584
588
589
590
591
597
601
608
609
613
619
622
634
637
639
643
650
652
654
658
662
663
667
669
671
673
675
678
685
686
687
688
697
704
705
713
714
716
718
719
723
730
737
738
741
742
746
748
751
755
781
812
243
256
258
264
284
285
298
300
303
309
310
311
319
322
323
327
329
334
338
341
342
345
346
352
361
362
365
368
375
377
386
387
388
389
390
393
394
401
403
407
408
409
413
416
419
420
421
422
427
431
440
446
450
454
459
462
468
471
482
484
504
507
527
529
530
536
547
580
602
615
624
635
638
644
653
660
661
666
668
670
672
676
677
681
691
698
708
709
710
722
724
728
736
744
745
747
749
762
764
769
221
234
245
248
255
265
269
275
276
277
278
280
281
283
286
287
288
292
294
296
299
305
306
307
312
313
315
317
324
326
333
336
339
348
353
355
363
366
367
371
372
373
383
385
392
395
396
404
423
437
439
449
467
476
545
560
633
656
657
689
701
729
731
733
739
740
752
753
754
758
768
773
777
780
784
785
216
222
227
237
244
247
250
251
252
254
259
260
268
274
282
290
291
301
302
321
328
330
340
356
357
359
397
441
488
690
694
695
750
757
759
765
766
774
776
789
805
197
215
218
219
231
236
238
246
253
257
263
267
270
271
272
273
293
335
623
648
734
756
775
779
786
787
788
790
792
793
799
191
194
205
220
223
225
229
235
239
240
241
242
279
331
513
557
621
707
727
760
767
771
772
778
782
794
795
796
798
803
811
187
192
196
199
200
207
208
217
224
226
228
230
232
379
783
791
801
186
190
193
198
202
204
209
210
211
212
213
214
262
332
763
800
807
168
189
195
203
233
316
802
809
817
174
176
178
179
183
185
188
249
314
806
810
162
164
180
181
184
201
206
813
816
818
825
163
165
170
172
182
797
804
808
819
822
823
828
153
169
171
175
815
820
827
837
158
166
167
173
177
824
832
833
844
160
826
829
830
834
135
140
147
155
161
831
838
839
850
137
151
152
835
836
849
126
132
134
139
149
150
154
156
157
159
814
821
842
852
124
136
840
841
853
863
141
142
144
145
146
148
845
851
855
858
860
861
877
138
854
131
862
119
125
128
129
847
848
868
870
873
107
117
127
143
846
857
859
864
865
867
872
884
122
133
866
871
874
881
114
869
875
87
120
121
123
843
883
118
876
879
885
112
880
886
891
101
108
111
878
890
892
97
104
105
110
113
130
895
115
856
882
889
901
103
106
894
897
96
90
899
98
888
91
95
102
898
904
76
85
99
100
887
893
896
62
75
77
86
93
906
84
82
89
94
109
79
81
88
92
900
72
116
903
907
915
64
65
66
922
69
70
83
905
909
912
919
920
67
911
913
914
930
949
902
910
917
933
941
73
924
927
80
923
940
56
74
944
71
931
59
63
908
61
921
929
939
926
936
960
45
54
78
916
928
48
51
58
68
958
31
918
934
938
943
957
40
53
942
952
19
950
9
60
925
945
953
32
55
935
38
947
937
955
17
34
35
43
946
30
932
24
52
954
36
961
28
46
49
951
956
962
27
33
37
42
47
975
50
57
964
965
959
963
967
972
973
983
948
970
41
966
971
15
18
39
20
978
44
974
6
989
16
29
982
10
979
981
23
968
969
977
26
985
987
21
986
990
2
25
3
5
14
998
11
995
993
13
984
1
12
976
22
994
980
8
991
999
7
4
0
988
997
996
992
512
400
444
463
470
472
483
489
493
494
496
506
510
511
521
533
534
538
546
549
550
565
567
568
575
586
603
605
610
614
411
414
425
426
433
434
435
442
445
446
447
448
451
452
453
455
456
457
458
460
465
466
474
478
480
481
485
487
491
492
495
497
500
501
503
508
513
515
517
518
519
520
522
524
528
531
535
537
539
540
541
542
543
551
552
553
555
556
557
559
562
563
566
573
574
576
582
587
589
593
594
595
596
598
600
604
606
607
612
617
618
621
623
625
630
636
640
641
647
349
350
351
354
369
379
381
384
399
406
410
412
413
415
416
418
424
428
429
430
432
438
439
440
443
450
461
464
469
473
475
477
479
484
490
498
499
502
504
505
507
509
514
523
525
526
530
532
544
548
561
569
570
571
578
581
583
585
588
590
591
592
599
609
611
620
626
627
628
629
631
632
637
642
646
651
652
659
674
682
690
702
289
308
318
325
334
335
337
343
344
345
347
352
358
360
361
364
365
368
370
374
376
377
378
380
382
386
388
389
390
391
394
398
401
402
403
405
407
408
409
417
419
420
421
422
423
431
436
437
449
454
459
462
467
468
471
476
482
486
516
527
529
536
545
554
558
564
572
577
579
580
584
597
601
602
608
613
615
616
619
622
635
643
644
645
649
650
654
655
658
662
664
665
669
673
679
680
683
684
692
696
703
706
707
714
715
717
720
721
725
726
735
743
261
266
295
297
304
310
311
316
320
323
327
331
332
338
341
342
346
348
355
362
366
367
371
372
373
375
383
385
387
392
393
395
396
404
427
441
488
547
560
624
634
638
639
653
657
660
661
663
667
668
671
672
675
676
678
685
686
687
688
693
699
700
711
712
713
716
718
723
732
737
738
256
258
264
277
284
285
287
294
298
300
303
306
309
312
315
317
319
322
329
333
340
353
359
363
397
633
656
666
670
677
681
691
697
698
701
704
705
710
719
724
728
730
736
739
741
742
745
746
748
751
761
243
245
254
255
259
265
269
275
276
278
280
281
282
283
286
288
290
292
296
299
301
305
307
313
321
324
326
328
330
336
339
356
357
648
689
694
708
709
722
729
731
740
744
747
749
754
755
759
762
769
770
781
784
221
222
234
237
244
246
247
248
249
250
251
252
253
260
263
267
268
270
271
273
274
291
293
302
695
734
750
752
753
757
758
764
765
768
773
777
780
785
197
216
219
224
227
231
236
238
240
257
272
279
727
733
756
766
775
776
778
779
786
787
793
191
194
200
205
215
218
220
223
225
226
229
230
232
239
241
242
760
767
771
772
774
788
789
790
792
794
798
805
192
193
196
198
199
207
209
212
214
217
228
235
262
314
782
783
795
796
799
800
801
803
174
186
187
190
195
202
203
204
208
210
211
213
763
791
811
812
168
176
178
179
181
183
184
189
206
233
802
806
807
165
170
180
185
188
201
804
809
810
813
814
817
820
158
160
162
163
164
167
171
172
175
182
797
815
816
822
825
832
153
169
173
177
808
818
819
823
824
827
828
834
147
166
829
830
831
833
151
152
155
161
826
836
837
839
844
137
139
140
150
154
156
159
821
835
838
842
846
134
135
141
146
149
157
840
841
843
849
850
126
130
132
136
138
144
148
852
853
854
860
124
142
845
851
855
858
863
128
131
133
143
145
848
857
861
862
864
119
125
127
129
856
868
117
120
122
123
847
859
867
870
877
107
114
118
121
865
866
872
873
105
869
871
874
108
109
111
116
876
101
110
112
113
115
875
878
881
884
96
106
879
880
882
883
885
97
102
890
891
100
103
886
888
897
87
98
99
104
895
95
889
892
899
86
91
94
887
894
82
90
93
901
77
81
83
88
893
896
898
904
84
85
89
92
903
906
75
76
79
80
900
907
911
914
912
65
902
913
915
917
69
70
72
73
78
919
922
64
74
908
910
920
66
67
68
905
926
927
930
61
62
63
71
921
923
909
928
916
924
929
58
918
925
934
936
940
943
952
54
59
931
937
945
933
938
941
949
53
56
939
55
60
944
958
45
48
51
52
932
935
947
950
971
49
50
955
957
43
57
40
46
47
946
953
966
969
942
951
960
35
38
44
963
964
970
983
34
948
959
968
972
954
978
981
25
33
37
42
956
965
23
41
974
977
980
36
962
989
27
39
961
3
16
29
31
975
982
985
986
22
28
32
967
979
998
14
21
24
976
992
995
11
12
15
19
20
990
26
973
13
18
30
2
984
987
10
5
9
1
4
8
17
991
996
988
993
994
6
7
0
999
997
846
690
814
335
266
812
534
575
331
191
843
770
636
761
512
379
400
414
425
433
444
451
455
463
470
472
483
489
493
494
496
506
511
513
515
521
533
546
549
550
557
565
567
586
593
603
605
610
614
621
623
630
641
289
308
318
325
332
347
349
350
351
354
364
369
374
381
384
390
406
411
412
413
415
418
424
426
428
429
430
432
434
435
438
442
445
446
447
448
450
452
453
456
457
458
460
461
464
465
466
473
474
475
477
478
480
481
484
485
487
490
491
492
495
497
499
500
501
502
503
504
508
510
517
518
519
520
522
523
524
525
528
531
534
535
537
538
539
540
541
542
543
551
552
553
555
556
559
561
562
563
566
568
570
573
574
575
576
582
583
587
588
589
591
594
595
596
598
600
604
606
607
611
612
617
618
625
626
629
631
632
637
640
646
647
651
652
659
674
679
682
683
702
707
715
717
720
721
725
726
735
743
256
261
264
277
295
297
298
304
310
311
316
320
334
335
337
338
343
344
345
346
352
358
360
361
365
368
370
371
376
377
378
380
382
385
386
388
389
391
393
394
398
399
401
402
405
407
408
409
410
416
417
420
421
422
423
436
437
439
440
443
449
454
467
469
471
476
479
486
498
505
507
509
514
516
526
529
530
532
544
548
554
558
569
571
577
578
579
581
584
585
590
592
597
599
601
608
609
615
616
619
620
627
628
635
636
639
642
643
644
645
649
650
654
655
658
660
662
664
665
669
673
676
678
680
684
685
686
687
690
692
693
696
699
700
703
706
712
714
716
718
719
723
732
737
738
742
751
221
234
243
245
249
254
255
258
259
265
266
269
276
278
280
281
282
283
284
285
287
288
290
294
299
300
303
309
312
315
317
319
321
322
323
327
328
329
331
333
340
341
342
348
355
359
362
366
367
372
373
375
383
387
392
395
396
403
404
419
427
431
441
459
462
468
482
488
527
536
545
547
560
564
572
580
602
613
622
624
633
634
638
656
657
661
663
666
667
668
670
671
672
675
681
688
691
697
701
704
705
710
711
713
724
728
729
730
731
736
739
740
741
745
746
748
749
754
755
759
769
773
777
781
784
197
216
219
222
227
231
236
237
238
240
244
246
247
248
250
251
252
253
260
263
267
268
270
271
273
275
286
291
292
293
296
301
305
306
307
313
324
326
330
336
339
353
357
363
397
653
677
689
694
695
698
708
709
722
744
747
750
753
756
757
758
761
762
764
765
768
770
776
778
780
785
787
793
194
200
205
215
218
220
223
224
225
229
230
232
239
241
257
274
279
302
356
648
727
733
734
752
760
766
767
771
775
779
786
788
789
790
792
794
798
801
803
805
186
187
192
193
196
198
199
207
208
209
212
214
217
226
228
235
242
262
272
772
774
782
783
795
796
799
800
168
174
178
179
183
189
190
191
195
202
203
204
210
211
213
314
763
791
802
806
807
811
165
170
176
180
181
184
185
188
201
206
233
804
809
810
812
813
814
815
817
820
825
158
160
162
163
164
167
171
172
175
177
182
797
808
816
818
819
822
824
827
828
832
834
153
166
169
173
823
829
831
833
836
837
844
147
151
152
155
159
161
821
826
830
835
838
839
842
130
135
137
139
140
150
154
156
841
846
849
850
126
134
136
141
144
146
148
149
157
840
843
845
851
852
853
854
860
124
132
138
142
848
855
856
858
861
862
863
119
125
128
131
133
145
847
857
864
867
868
877
117
120
123
127
129
143
859
870
109
114
122
865
866
871
872
873
105
107
116
118
121
869
874
876
108
110
111
112
113
115
875
878
881
883
884
101
106
879
880
882
885
96
97
102
886
888
890
891
897
100
103
895
899
87
98
99
104
887
889
892
95
894
901
82
86
90
91
93
94
893
898
81
85
88
89
896
903
904
77
83
84
92
900
906
75
76
79
902
907
912
914
80
911
915
913
917
919
78
908
910
920
922
65
69
70
72
73
74
905
926
927
930
67
921
923
928
64
66
68
909
924
62
63
916
929
61
71
918
925
936
937
940
58
931
934
943
945
933
938
941
949
952
59
939
54
944
53
56
932
935
45
51
55
60
950
958
942
947
43
48
50
52
57
946
957
49
953
955
960
40
47
951
46
964
38
948
954
959
963
34
35
956
971
44
962
33
37
42
965
966
36
41
961
969
970
972
29
967
975
983
28
31
39
968
978
27
32
19
24
973
981
20
974
977
980
15
23
25
989
18
30
979
982
985
9
16
22
3
10
17
21
986
990
995
998
12
14
26
976
992
984
11
13
987
5
2
1
6
996
4
8
988
991
993
994
0
7
999
997
379
335
513
623
557
690
332
621
707
846
249
316
853
814
350
369
726
463
331
856
354
289
447
496
568
610
702
297
308
533
546
295
325
465
480
706
130
153
266
494
735
877
400
451
455
567
614
630
781
109
197
243
470
512
725
337
460
534
555
863
448
452
453
575
116
216
261
343
843
264
445
489
850
168
511
605
607
812
636
641
811
844
438
457
549
625
743
164
174
191
399
429
444
506
510
805
860
137
381
481
503
521
755
817
867
318
493
858
91
221
256
304
543
565
770
218
682
761
769
810
852
310
415
517
522
531
703
785
818
849
884
384
473
524
573
162
380
430
501
816
822
873
187
215
364
433
520
626
683
469
746
807
892
87
119
402
684
245
255
466
664
129
405
426
456
472
562
751
160
222
227
497
519
764
107
126
147
477
777
796
871
62
76
158
723
790
799
809
813
861
883
104
125
323
485
794
876
86
114
124
135
194
358
550
890
77
294
319
537
603
611
881
891
208
220
556
889
97
700
870
189
205
412
479
551
712
868
80
85
252
265
570
773
780
872
897
901
79
82
84
320
491
717
748
70
749
842
75
96
98
105
244
269
620
789
837
879
72
231
311
406
425
432
474
502
604
851
223
234
627
715
721
108
276
410
443
492
632
693
910
345
360
711
828
834
83
140
178
540
595
193
819
886
904
71
103
299
333
391
478
866
65
90
334
374
699
718
101
236
268
593
598
647
106
144
292
346
393
495
134
298
342
498
542
649
692
782
784
200
539
855
919
81
93
246
254
259
92
281
696
803
66
139
475
738
151
185
587
612
642
674
792
149
169
238
317
417
525
705
523
578
640
832
217
338
388
686
825
95
365
535
915
102
121
202
680
791
838
865
927
132
229
655
662
930
315
483
687
848
88
389
390
401
464
590
679
827
836
651
704
896
117
408
646
716
913
136
166
352
678
741
112
163
210
582
685
906
186
541
639
142
154
361
922
563
894
287
409
532
808
899
127
241
118
367
394
895
59
182
183
377
407
435
949
131
175
373
526
583
875
885
67
312
349
277
742
779
826
145
188
355
500
631
923
654
668
798
148
165
413
806
54
347
372
55
170
454
920
601
61
490
663
111
209
282
941
371
396
606
880
179
675
63
198
471
745
291
366
450
184
271
660
766
64
89
176
504
619
917
461
691
754
152
840
887
368
514
554
591
893
69
99
559
869
924
905
51
515
159
898
944
392
701
73
801
589
719
739
882
68
912
173
122
385
820
588
661
476
484
507
553
724
45
328
321
263
802
290
728
597
931
293
467
270
900
273
395
110
847
335
414
256
258
261
266
285
289
295
297
304
308
316
318
325
331
332
344
350
351
354
369
379
400
411
418
424
433
434
442
444
446
455
458
463
472
489
494
512
219
221
222
237
243
245
247
248
249
250
253
255
264
269
275
277
278
280
283
284
288
294
298
300
303
305
306
307
309
310
311
320
322
327
334
337
340
341
343
345
347
348
349
352
358
359
364
365
370
374
375
376
378
381
382
383
384
386
390
398
399
403
404
406
412
415
416
420
421
422
423
425
426
428
429
430
432
435
436
437
438
439
440
445
447
448
449
451
452
453
456
457
460
465
466
470
474
480
481
483
487
493
496
499
501
506
508
510
511
513
515
518
521
528
533
534
538
546
549
550
552
557
561
565
566
567
574
575
576
586
594
596
605
610
614
617
621
623
637
641
690
192
197
199
216
224
225
227
230
231
232
234
239
240
244
246
251
252
254
257
259
260
265
267
268
274
276
281
282
286
287
296
299
301
302
312
313
315
317
319
323
324
326
329
330
333
336
338
339
342
346
353
355
357
360
361
362
363
368
371
372
377
380
387
388
389
391
393
394
397
401
402
405
407
408
410
413
417
419
427
431
441
443
450
459
461
462
464
468
469
473
475
477
478
479
482
485
486
490
491
492
495
497
498
500
502
503
505
509
516
517
519
520
522
524
529
530
531
535
537
539
540
541
542
543
544
548
551
553
555
556
558
559
562
563
568
569
570
571
573
577
579
581
582
585
592
593
598
599
600
603
604
607
608
609
616
618
625
626
628
629
630
635
636
640
643
644
645
646
647
650
651
652
658
659
669
671
673
674
676
681
682
683
702
707
714
717
720
725
726
190
191
193
194
196
204
205
207
212
214
215
218
220
223
226
228
229
235
236
238
242
263
270
271
272
273
279
290
291
292
321
328
356
366
367
373
385
392
395
396
409
454
471
476
484
488
504
507
514
523
525
526
527
532
536
545
560
564
572
580
583
584
587
588
589
590
591
595
602
606
611
612
613
615
620
622
624
627
631
632
634
642
653
654
655
657
662
664
665
666
667
670
672
678
679
680
684
687
688
692
693
696
697
699
700
703
706
710
712
713
715
729
730
732
735
736
737
738
740
743
747
168
174
180
181
186
187
195
198
200
201
203
206
208
209
211
213
217
241
262
293
314
467
547
554
578
601
619
633
638
639
649
656
660
661
663
668
675
677
685
686
689
691
694
698
704
708
709
711
716
718
719
721
722
723
731
741
742
744
746
748
750
751
753
758
759
761
762
765
167
171
172
178
179
183
189
202
210
233
597
648
695
701
705
724
727
728
733
734
739
745
749
752
754
755
756
757
764
767
768
769
770
773
775
776
778
780
781
786
787
793
160
162
164
165
170
176
177
184
185
188
760
771
772
774
777
783
784
785
788
153
158
161
163
169
175
182
766
779
790
794
795
800
805
147
150
155
156
166
173
763
782
789
792
796
798
801
803
804
130
137
138
140
141
146
151
152
157
159
791
797
799
807
811
812
814
815
135
139
149
154
802
806
809
810
813
817
820
824
833
124
126
128
132
133
134
136
143
144
148
816
818
822
823
825
829
830
831
832
834
120
123
142
145
808
819
821
827
828
835
837
839
844
846
119
125
129
131
826
836
841
842
843
845
109
117
127
838
849
850
852
853
854
860
105
107
113
114
115
116
118
121
122
840
851
856
857
863
864
848
855
858
859
861
862
867
101
108
111
112
868
877
96
100
106
110
847
870
872
873
874
97
102
103
865
866
871
876
878
87
98
869
884
94
95
99
104
875
879
881
883
888
82
86
90
91
880
882
885
886
890
891
897
93
77
81
83
84
85
88
89
92
889
892
899
76
79
887
894
895
901
903
75
78
80
893
896
898
902
904
907
911
914
74
906
65
72
67
69
70
73
900
908
912
66
910
915
926
62
68
913
917
919
920
921
922
928
58
61
63
64
71
909
927
930
905
916
918
923
925
929
937
934
936
940
945
59
924
933
938
943
952
53
54
56
60
939
43
48
50
52
55
57
931
932
49
935
941
949
950
958
40
47
51
942
947
957
38
45
46
944
946
953
955
960
34
35
44
951
963
948
954
959
964
33
37
41
42
956
36
29
962
965
971
28
39
31
961
27
32
966
969
19
20
24
967
975
15
970
972
968
983
18
25
973
978
10
23
30
981
9
974
977
980
17
3
16
22
14
21
989
12
26
979
982
985
11
998
6
13
986
990
992
995
976
2
5
984
987
1
8
4
996
988
991
993
0
7
994
999
997
335
690
331
379
332
513
249
266
316
557
623
350
369
621
707
846
814
354
463
534
575
191
289
447
610
297
295
308
325
636
726
130
496
702
243
465
480
843
533
568
197
451
337
455
470
706
400
546
168
216
453
460
494
761
812
853
856
264
343
448
452
735
770
153
261
614
445
512
725
555
630
116
164
109
174
438
567
218
381
457
489
399
429
444
510
511
607
781
221
256
318
304
481
503
506
641
310
605
625
215
415
493
543
549
850
863
384
380
521
187
430
473
501
517
703
877
137
364
469
522
743
811
402
755
245
255
524
531
227
433
162
405
573
520
682
222
426
456
683
858
194
466
565
860
323
626
817
844
477
684
849
319
497
816
220
358
472
485
785
91
205
208
107
158
746
818
294
519
852
129
769
805
810
147
189
252
265
664
764
867
562
320
479
822
135
160
751
119
796
807
244
412
223
723
126
231
234
311
712
276
570
611
884
269
406
432
474
551
556
700
345
360
443
491
550
178
299
537
410
603
333
425
809
873
292
391
502
693
86
871
236
268
114
124
96
193
492
892
861
80
87
393
632
717
104
342
346
374
478
883
97
334
620
627
813
298
77
140
748
780
799
200
238
749
259
790
76
254
604
125
281
475
773
495
498
85
351
169
217
649
711
876
317
718
870
789
417
144
777
338
151
240
388
595
715
246
540
185
794
376
692
418
699
525
828
344
84
389
224
819
202
879
889
103
210
62
851
401
523
108
539
315
378
837
70
542
83
214
370
207
229
436
686
230
284
593
248
464
241
79
157
365
598
163
687
382
408
329
367
398
409
449
303
696
705
309
431
93
362
881
901
300
642
462
587
674
394
578
373
866
161
182
287
680
678
414
442
446
483
512
515
617
332
335
347
349
350
352
354
369
379
400
411
413
424
428
433
434
435
444
447
450
451
455
458
461
463
470
472
484
487
489
490
493
494
496
499
500
504
506
508
511
513
518
521
528
533
534
535
538
541
546
549
550
552
553
557
559
561
563
565
566
567
568
571
574
575
576
582
583
586
588
589
591
594
596
600
605
606
610
612
614
618
621
623
629
630
631
636
637
640
641
646
647
651
652
659
679
690
707
714
720
721
738
258
261
266
277
278
280
285
289
295
297
304
308
312
316
318
325
327
331
337
348
351
359
361
364
366
368
371
372
377
381
383
384
385
386
390
392
399
403
404
407
412
415
416
420
421
422
423
425
426
429
430
432
437
438
439
440
445
448
452
453
454
456
457
460
465
466
467
471
474
476
478
480
481
482
485
486
491
492
495
497
501
503
505
507
509
510
514
516
517
519
520
522
524
526
529
530
531
532
537
539
543
544
548
551
554
555
556
558
562
569
572
573
577
579
581
584
585
590
592
593
597
598
599
601
602
603
604
607
608
609
613
615
616
619
622
625
626
628
635
643
644
645
650
654
655
658
660
661
662
665
669
671
672
673
675
676
681
682
683
685
688
702
706
713
715
716
717
719
725
726
728
730
732
735
736
737
741
742
743
745
237
245
247
249
250
253
256
260
263
264
267
270
271
273
275
282
283
286
288
290
291
294
296
298
301
305
306
307
310
311
313
320
321
322
323
324
328
330
334
336
338
339
340
341
343
344
345
346
353
355
357
358
360
363
365
370
374
375
376
378
380
387
388
391
395
396
397
398
401
402
405
406
410
417
418
419
427
441
443
459
464
468
469
473
475
477
479
488
498
502
523
525
527
536
540
542
545
547
560
564
570
580
587
595
611
620
624
627
632
633
634
638
639
653
656
657
663
664
666
667
668
670
674
677
684
689
691
692
693
694
696
697
698
699
700
701
703
704
708
710
712
722
723
724
729
731
739
740
744
746
747
750
751
754
758
759
761
762
765
769
770
784
787
197
219
221
222
225
232
234
239
243
244
248
251
252
254
255
257
259
265
268
269
274
276
279
281
284
287
293
299
300
302
303
315
317
319
326
333
342
356
367
382
389
393
394
408
409
431
436
449
578
642
649
680
686
687
695
705
709
711
718
734
748
749
752
753
755
756
757
766
767
768
771
773
775
776
778
779
781
786
788
793
798
190
192
196
198
199
204
205
209
212
215
216
218
224
226
227
228
231
235
236
238
240
242
246
262
272
292
309
329
362
373
462
648
678
727
733
760
764
772
774
777
780
783
785
792
795
800
801
803
179
181
186
191
193
194
195
200
203
211
213
220
223
229
230
241
314
782
789
790
791
794
805
165
167
168
170
171
172
174
176
180
183
184
187
188
201
206
207
208
214
217
233
763
796
799
802
804
806
812
814
815
820
175
177
178
189
202
210
797
807
808
811
824
825
832
158
160
162
164
166
173
185
809
810
813
816
817
823
827
829
830
831
833
834
150
152
153
155
159
163
169
182
818
821
822
826
835
836
839
139
146
147
154
156
819
828
838
841
842
843
844
846
130
134
136
137
138
141
148
149
151
161
837
840
845
850
854
132
133
135
140
142
145
157
848
849
852
853
855
857
860
123
126
127
128
131
143
144
847
856
862
863
864
117
120
124
851
858
859
868
118
119
122
125
129
861
865
867
872
874
877
109
121
869
870
878
105
107
110
111
113
114
115
116
871
873
875
101
102
106
112
866
876
880
882
885
100
108
883
884
886
888
890
891
897
98
99
879
881
895
899
96
97
887
894
94
95
103
893
82
87
90
104
889
892
896
898
903
81
86
88
89
904
906
91
92
900
901
902
907
914
75
85
93
911
912
77
83
84
915
76
78
913
917
919
920
922
65
69
74
79
80
905
908
910
926
67
72
73
921
927
928
930
66
68
909
923
64
916
924
61
63
70
71
918
925
929
936
937
940
58
931
934
945
933
938
943
952
59
62
941
949
54
939
53
932
935
944
55
56
60
950
958
45
51
942
947
43
48
50
52
57
946
957
49
955
960
47
951
953
40
46
964
38
948
954
959
963
35
956
34
44
962
33
37
41
42
965
971
36
961
966
29
967
969
975
28
31
39
970
972
27
32
968
973
983
19
20
24
978
15
981
977
980
18
974
10
23
25
30
9
989
17
979
982
985
3
22
995
998
16
986
990
14
21
976
992
11
12
26
6
13
984
987
2
5
996
1
8
4
988
991
993
994
0
7
999
997
335
690
331
379
814
513
623
846
266
332
557
249
621
316
534
707
575
350
369
610
463
636
843
354
726
191
447
761
289
297
702
770
812
856
308
325
496
568
706
853
130
295
465
480
533
546
243
735
451
470
494
197
455
725
216
337
400
460
567
614
630
781
448
452
453
512
555
877
153
168
264
343
850
261
445
109
863
116
489
164
607
438
457
511
605
811
174
381
399
429
510
625
218
481
506
549
641
256
318
444
503
743
755
860
221
304
310
493
521
543
844
415
703
849
384
517
858
215
380
473
522
682
805
137
187
501
524
531
816
852
867
430
565
573
769
785
469
683
810
817
364
402
520
822
255
626
162
227
433
684
784
818
245
405
721
746
897
884
91
456
466
807
868
891
194
426
477
483
497
664
796
834
222
647
738
764
890
277
640
842
873
323
347
349
485
751
147
358
435
472
519
535
562
582
872
129
208
220
319
803
809
871
883
107
646
651
119
563
82
205
515
723
832
149
158
294
500
611
655
892
252
679
741
782
101
135
160
186
189
265
352
361
479
662
712
791
827
836
838
910
98
126
413
612
861
81
320
570
716
792
825
134
541
606
700
865
532
590
777
848
870
86
121
209
223
742
813
855
106
179
244
450
537
551
559
583
631
72
102
165
550
556
654
704
779
799
876
104
154
231
282
368
490
603
639
754
790
170
183
312
412
685
77
136
377
114
127
234
311
390
780
808
276
371
526
749
806
889
85
166
668
748
76
105
142
406
461
491
502
504
801
271
432
443
514
553
589
601
745
789
80
97
290
355
410
794
798
139
269
372
454
474
620
663
826
396
627
632
675
693
773
886
904
62
299
75
178
198
345
360
591
660
717
719
263
291
366
425
691
87
159
175
333
471
619
915
71
88
385
407
840
875
919
84
96
131
820
896
65
188
292
484
588
711
739
766
881
95
268
492
554
701
930
118
124
176
604
173
392
393
70
117
901
92
184
342
391
145
236
819
90
140
152
321
374
478
828
879
132
728
112
649
851
927
148
507
661
837
899
66
193
270
273
328
346
476
718
724
802
111
298
885
334
595
79
498
467
83
540
238
800
880
144
200
475
597
913
293
395
894
125
692
866
259
715
923
55
759
869
281
495
103
59
169
217
906
922
185
729
887
699
736
941
54
417
895
317
793
99
831
108
732
388
525
586
67
584
254
63
592
893
596
920
428
912
155
122
338
389
61
151
542
737
949
574
594
523
882
905
548
69
634
538
659
898
51
89
667
210
576
686
771
713
201
93
110
618
628
862
246
401
335
379
414
446
258
261
266
285
289
308
316
318
325
331
332
344
350
351
354
365
369
370
378
400
411
418
424
433
434
440
442
444
448
451
455
458
463
464
470
472
483
489
494
496
508
511
512
513
518
521
533
534
539
546
557
565
575
593
605
610
614
617
621
623
237
247
248
249
250
256
264
277
278
280
283
284
287
288
295
297
300
303
304
305
306
309
315
322
327
334
337
340
341
343
347
348
349
352
359
364
368
373
374
375
376
381
382
383
384
386
390
394
398
399
403
404
406
408
409
412
413
415
416
420
421
422
423
425
426
428
429
430
432
435
436
437
438
439
445
447
449
450
452
453
456
457
460
465
466
478
480
481
486
487
491
493
499
500
501
503
506
510
515
519
522
524
528
530
535
549
550
552
553
555
561
562
563
566
567
568
571
573
581
582
586
587
598
599
600
603
607
609
629
630
636
637
640
641
647
652
658
674
690
702
707
714
720
726
197
219
221
222
224
229
232
234
240
243
245
251
253
255
257
260
265
267
269
275
276
279
281
282
286
290
294
296
298
301
302
307
310
311
312
313
317
319
320
323
324
326
329
330
336
338
339
342
345
346
353
355
357
358
360
361
362
363
366
367
371
372
377
380
385
387
388
391
392
397
402
405
407
410
417
419
427
431
441
443
454
459
461
462
468
469
473
474
475
477
479
482
484
485
488
490
492
495
497
498
502
504
505
509
514
516
517
520
525
527
529
531
532
536
537
538
540
541
542
543
544
545
551
556
558
559
560
564
569
570
572
574
576
577
578
579
580
583
585
588
589
590
591
594
595
596
602
604
606
608
611
612
613
615
616
622
625
626
631
632
635
642
643
644
645
646
650
651
662
665
669
671
672
673
676
678
679
680
681
682
683
684
687
688
696
703
706
715
717
721
725
730
735
738
740
743
190
191
192
196
199
204
205
207
212
214
215
216
218
225
226
227
228
230
231
235
236
238
239
241
242
244
246
252
254
259
263
268
270
271
272
273
274
291
292
299
321
328
333
356
389
393
395
396
401
467
471
476
507
523
526
547
548
554
584
592
597
601
618
619
620
624
627
628
633
638
639
649
653
654
655
656
657
659
660
661
664
666
668
670
675
677
685
689
692
693
694
697
698
699
700
704
705
708
710
712
716
718
719
722
723
728
731
732
737
741
742
744
745
746
747
750
751
761
765
770
181
193
194
195
198
200
202
203
209
211
213
220
223
262
293
314
634
648
663
667
686
691
695
701
709
711
713
724
727
729
733
734
736
739
748
749
752
753
754
755
756
757
758
759
762
767
768
769
775
776
778
781
784
787
167
168
171
172
174
179
180
183
186
187
189
206
208
217
233
760
764
772
773
774
777
780
783
785
786
788
163
164
165
170
176
177
178
182
184
188
210
766
771
779
782
790
793
794
795
798
803
805
153
158
160
162
175
185
201
763
789
792
796
799
800
801
804
812
814
150
161
166
169
173
791
797
802
807
811
815
824
137
141
146
147
152
156
157
159
806
809
810
813
817
820
823
825
833
130
138
139
140
151
154
155
816
818
822
827
829
830
832
834
839
126
128
133
134
135
136
148
149
808
819
821
828
835
844
846
120
123
124
132
142
143
144
826
831
836
837
838
841
842
843
845
850
131
145
849
852
853
854
860
117
119
125
127
129
840
851
856
857
858
863
864
107
109
113
115
116
118
122
847
848
855
859
105
114
121
861
867
868
874
877
101
111
112
862
870
878
100
106
108
110
865
866
871
872
873
96
97
102
869
876
98
103
875
881
883
884
888
87
94
99
104
879
880
882
885
890
891
897
95
886
82
86
90
91
889
892
899
81
85
88
93
887
894
895
903
77
83
84
89
92
893
901
75
76
79
896
898
900
902
907
914
78
80
904
906
911
73
74
917
68
908
64
65
69
72
912
915
926
66
67
70
910
913
919
921
922
928
909
920
924
930
58
62
63
71
905
916
918
927
929
937
61
923
925
934
936
940
931
933
943
945
952
53
938
56
59
60
939
45
54
932
43
48
50
52
55
57
935
941
944
949
950
958
49
942
947
40
47
51
946
957
46
955
38
953
960
35
44
951
34
948
954
959
963
964
956
33
37
41
42
36
29
962
965
971
28
39
961
31
27
966
967
975
24
32
969
15
19
20
970
972
968
973
983
18
25
978
981
9
10
23
30
977
980
17
974
22
3
16
989
14
21
12
26
979
982
985
998
11
986
990
992
995
6
13
976
2
5
984
987
1
8
4
996
0
988
991
993
7
994
999
997
335
690
331
379
513
266
332
249
623
557
814
316
621
846
350
534
575
707
369
636
191
354
463
610
289
447
297
726
130
308
496
568
761
843
295
325
480
702
770
243
812
465
533
546
706
451
470
735
197
337
455
494
853
400
460
630
856
168
216
264
448
452
453
512
725
343
567
614
445
555
153
261
781
109
489
164
174
438
457
218
381
511
549
607
116
399
429
510
625
641
850
221
256
318
444
503
605
863
304
481
506
755
310
493
543
743
811
415
521
384
858
877
215
380
517
187
473
501
522
531
682
703
430
469
364
524
683
255
402
565
245
433
520
573
785
816
227
626
769
849
137
405
684
817
844
860
426
805
162
222
456
466
746
194
477
497
598
664
807
852
323
365
539
593
818
867
358
472
485
810
208
220
519
764
319
562
723
587
751
796
822
91
294
205
674
696
252
408
158
265
464
611
712
147
315
479
107
287
320
700
129
229
809
135
189
551
556
223
244
570
642
680
163
537
550
412
578
202
231
241
678
687
160
311
394
603
409
813
276
367
790
182
234
373
491
884
119
406
620
780
269
432
474
861
299
443
748
126
345
360
410
693
749
502
627
632
721
777
799
873
178
333
717
425
773
604
86
871
268
292
492
705
711
351
883
391
876
393
789
97
240
376
418
96
236
478
80
342
870
374
649
718
647
124
207
298
346
87
344
794
398
892
193
819
104
370
224
449
692
114
238
498
595
259
378
612
540
828
334
436
475
200
495
782
140
834
535
699
640
715
738
803
230
382
214
483
655
284
851
679
716
77
792
144
329
662
169
217
590
685
157
349
704
248
303
417
541
281
791
62
309
431
639
889
855
139
462
85
361
651
525
254
377
352
784
76
362
277
532
646
388
317
105
161
300
347
435
526
837
868
183
185
312
825
390
355
407
389
186
879
84
563
372
582
842
108
742
542
741
523
154
338
490
396
70
454
601
282
668
371
335
411
414
434
442
446
512
515
575
586
596
614
617
623
652
690
331
332
350
354
368
369
379
400
416
424
425
428
433
437
439
440
444
447
448
450
451
455
458
460
461
463
465
470
472
483
484
487
489
493
494
496
499
500
504
506
508
510
511
513
518
521
528
533
534
538
546
549
550
552
553
555
557
559
561
565
566
567
568
571
574
576
581
583
585
588
589
591
593
594
599
600
603
605
606
607
609
610
618
621
629
630
636
637
641
644
645
654
659
702
707
714
720
726
256
258
261
264
266
278
280
283
285
288
289
295
297
304
306
308
316
318
325
327
334
337
340
341
343
344
347
348
349
351
359
364
365
366
374
375
381
383
384
385
386
387
392
395
399
401
403
404
406
412
413
415
418
420
421
422
423
426
429
430
432
435
438
441
445
452
453
456
457
464
466
467
468
469
471
473
474
476
478
480
481
482
485
486
491
492
495
497
501
503
505
507
509
514
516
517
519
520
522
524
527
529
530
531
535
536
537
539
540
541
543
544
545
548
551
554
556
558
562
563
564
569
570
572
573
577
579
580
582
584
587
592
597
598
602
604
608
611
612
613
615
616
619
622
625
626
628
631
634
635
640
642
643
646
647
650
651
658
660
661
665
667
669
671
672
673
674
675
676
681
682
683
684
686
688
691
696
701
703
706
713
715
717
719
721
724
725
728
730
732
735
736
737
739
740
743
745
219
237
243
245
246
247
249
250
251
253
255
260
263
265
267
269
270
271
273
275
277
284
286
287
290
294
296
298
301
303
305
307
310
311
313
315
319
320
321
322
323
324
326
328
330
336
339
345
346
352
353
357
358
360
361
363
370
373
376
377
378
380
382
388
390
391
394
397
398
402
405
408
409
410
417
419
427
436
443
449
459
475
477
479
488
490
498
502
523
525
532
542
547
560
578
590
595
620
624
627
632
633
638
649
653
655
656
657
662
663
664
666
670
677
678
679
680
687
689
692
693
694
697
698
699
700
708
709
710
712
718
722
723
729
731
738
744
746
747
750
751
753
754
756
757
758
759
761
762
765
768
769
770
787
197
216
221
222
225
226
232
234
239
242
244
248
252
254
257
259
268
272
274
276
279
281
291
292
293
299
300
302
309
312
317
329
333
338
342
355
356
362
367
372
389
393
396
407
431
454
462
526
601
639
685
695
704
705
711
716
727
733
734
741
742
748
749
752
755
764
766
767
773
775
776
777
778
779
781
784
786
788
793
798
190
191
192
196
198
199
204
205
209
212
215
218
220
224
227
228
229
231
235
236
238
240
241
262
282
314
371
648
668
760
771
772
774
780
783
785
795
800
801
179
181
193
194
195
200
203
207
210
211
213
214
223
230
789
790
794
805
168
170
172
174
176
180
184
186
187
188
201
202
206
208
217
233
763
782
792
796
799
802
803
804
806
812
814
815
820
165
167
171
175
177
178
183
189
791
797
807
811
824
162
163
164
166
173
182
185
808
809
810
813
817
823
827
829
832
833
150
151
152
153
155
158
159
160
816
818
822
825
826
830
831
835
836
839
146
147
156
169
819
821
828
834
838
841
846
130
134
136
137
138
141
148
149
161
837
840
843
844
132
135
139
140
157
842
845
849
850
854
126
128
131
133
142
143
145
154
848
852
853
857
860
862
863
864
117
120
123
124
125
127
144
847
851
856
858
859
122
855
861
867
118
119
121
129
865
866
868
869
870
872
874
877
107
109
110
111
113
115
878
101
112
114
116
871
873
875
881
882
102
105
106
876
880
885
891
100
108
883
884
886
888
890
897
98
99
103
895
899
95
96
97
879
887
894
82
94
901
87
90
93
104
889
892
893
898
903
81
83
86
88
89
896
904
906
91
92
900
907
914
75
79
85
902
911
912
77
915
76
78
84
913
917
919
65
69
72
73
74
80
905
908
910
920
922
921
926
927
930
66
67
68
909
923
928
64
916
924
61
63
71
918
929
70
925
931
936
937
940
58
933
934
938
945
62
941
943
952
54
59
939
949
932
944
53
56
935
958
45
51
55
60
942
950
48
50
947
43
49
52
57
946
957
960
955
40
46
47
951
953
38
964
948
954
959
963
34
35
44
956
42
962
33
37
41
965
971
36
961
29
966
967
28
31
39
969
975
970
972
19
27
32
983
20
24
968
973
15
978
981
18
977
9
25
30
974
980
10
23
17
989
979
982
985
3
16
22
14
21
986
995
998
12
990
992
11
26
976
6
13
984
987
2
5
996
1
8
4
991
993
988
994
0
7
999
997
335
690
331
379
513
814
623
266
332
557
621
846
249
534
707
316
575
350
369
636
610
463
726
354
761
843
191
447
289
770
812
297
496
568
702
853
308
325
295
480
533
546
706
856
465
735
130
243
451
494
725
781
455
470
567
630
153
197
337
400
512
614
216
452
453
460
448
555
850
877
168
261
264
343
863
445
489
109
116
511
607
164
438
457
605
625
641
811
381
549
743
755
174
429
444
510
318
399
481
506
844
860
218
221
503
256
304
310
493
521
805
415
543
849
858
867
682
785
817
384
517
703
769
380
501
531
565
816
852
137
215
473
522
524
822
187
430
573
683
810
626
364
469
520
897
162
255
402
433
684
746
818
227
807
245
664
884
125
246
405
426
466
796
222
456
751
764
873
194
497
891
477
809
91
472
519
562
881
323
485
723
883
890
901
129
147
208
358
220
319
876
871
107
151
777
82
160
294
611
712
790
101
700
872
158
205
252
479
686
98
119
189
550
556
799
838
870
892
265
320
813
848
866
910
126
149
401
515
537
551
570
603
904
861
102
135
780
794
79
103
134
223
827
836
72
83
86
106
121
136
210
231
244
412
748
749
81
114
754
889
104
179
311
606
789
77
620
773
801
865
868
234
276
559
806
127
165
209
491
826
87
450
502
589
627
779
808
93
166
406
632
693
717
798
178
410
432
474
553
711
820
142
170
269
299
345
368
443
654
71
360
604
886
75
85
118
263
290
745
919
97
719
819
885
333
80
124
425
598
840
65
76
159
461
500
504
514
593
96
152
184
492
62
90
111
583
588
591
721
131
198
292
428
539
631
828
899
915
95
145
175
675
766
117
148
173
268
271
385
391
484
619
660
896
112
393
663
691
739
92
236
342
649
674
696
718
851
875
132
478
728
732
802
66
270
366
374
587
701
88
140
321
595
554
578
680
800
894
176
413
642
692
715
930
188
392
879
927
193
346
594
724
837
59
273
298
540
887
328
507
586
661
913
84
291
687
759
855
144
476
705
880
229
365
498
699
782
906
923
70
467
471
597
678
202
293
475
659
793
949
200
238
647
736
315
395
922
55
408
729
803
832
854
155
259
334
464
869
105
574
912
596
905
169
495
163
584
792
217
241
882
592
831
99
182
394
409
538
791
122
287
367
834
893
281
737
941
417
61
67
54
895
917
373
525
63
185
612
920
548
898
89
900
944
388
108
69
713
576
634
771
120
590
115
64
317
51
704
667
847
862
931
655
110
925
254
73
685
716
921
639
842
201
924
192
68
45
389
458
618
762
679
206
628
36
414
335
347
349
351
379
400
411
434
435
442
446
483
258
261
266
277
284
285
289
295
297
303
304
308
316
318
325
327
331
332
344
350
352
354
361
369
370
376
378
390
398
416
418
424
425
433
437
439
440
444
445
447
448
451
455
460
463
465
470
472
487
489
494
496
499
506
508
512
513
518
521
533
534
535
546
557
563
575
610
614
617
237
243
245
247
248
249
250
256
264
275
278
280
282
283
288
294
300
305
306
307
309
310
311
312
313
320
322
324
334
337
338
340
341
343
348
355
358
359
364
365
368
371
372
374
375
377
380
381
382
383
384
386
387
396
399
401
402
403
404
405
406
407
412
413
415
419
420
421
422
423
426
428
429
430
431
432
436
438
441
449
450
452
453
454
456
457
461
466
473
474
478
480
481
485
486
490
491
492
493
500
501
503
510
511
515
519
522
523
524
528
532
538
539
541
542
549
550
552
553
555
561
565
566
567
568
571
573
581
582
586
593
599
600
603
605
607
621
623
629
630
636
637
640
641
646
651
652
690
707
720
738
197
199
216
219
221
222
224
225
230
232
234
239
240
244
246
251
252
253
255
257
259
260
263
265
267
269
270
276
279
281
286
287
290
296
298
299
301
302
315
317
319
321
323
326
329
330
336
339
342
345
346
353
357
360
362
363
366
385
388
391
392
393
394
395
397
408
409
410
417
427
443
458
459
462
464
468
469
471
475
476
477
479
482
484
488
495
497
498
502
504
505
507
509
514
516
517
520
526
527
529
530
531
536
537
540
543
544
545
551
556
558
559
560
562
564
569
570
572
574
576
577
579
580
583
585
587
588
589
591
594
595
596
598
601
602
604
606
608
609
612
613
615
616
622
625
626
631
635
643
644
645
647
650
658
662
665
669
671
672
673
674
676
681
682
683
688
702
703
706
714
717
725
726
730
735
742
186
190
191
194
196
204
205
207
212
214
215
218
220
223
226
227
228
229
231
235
236
238
242
254
262
268
271
272
273
274
291
292
293
328
333
356
367
373
389
467
525
547
548
554
578
584
590
592
611
618
619
620
624
627
632
638
642
649
653
654
656
657
659
660
661
664
666
668
670
677
678
680
684
686
687
689
692
693
694
696
697
698
699
700
708
710
712
715
721
723
731
732
740
741
743
747
750
761
181
183
187
192
193
195
198
200
203
209
211
213
217
241
314
597
628
633
634
639
655
663
667
675
679
685
691
695
701
704
709
711
713
716
718
719
722
724
728
729
736
737
739
744
745
746
748
751
753
756
757
758
765
768
769
770
776
784
787
167
168
171
172
174
179
180
189
202
208
210
233
648
705
727
733
734
749
752
754
755
759
760
764
767
773
775
777
778
780
781
785
786
164
165
170
176
177
178
184
188
762
766
772
774
783
788
793
794
795
153
158
160
161
162
163
175
182
185
201
206
763
771
779
789
790
796
798
801
803
805
139
147
150
166
169
173
782
792
797
799
800
804
812
814
130
137
141
146
151
152
154
155
156
157
159
791
802
806
807
811
815
817
820
824
825
135
138
140
149
809
810
813
816
822
823
829
830
833
126
128
132
133
134
136
143
148
808
818
821
827
828
832
834
835
839
846
123
124
142
144
145
819
826
831
836
837
841
843
844
119
125
127
129
131
838
845
849
850
853
117
120
840
842
852
856
857
860
864
107
109
113
116
118
121
122
848
851
854
858
863
105
114
855
859
861
867
101
111
112
115
847
862
868
870
874
877
100
106
108
110
865
866
872
873
878
96
97
102
103
869
871
876
98
881
884
888
87
94
99
104
875
880
882
883
885
891
82
86
95
879
886
890
897
90
91
93
899
81
83
85
88
89
92
887
889
892
895
903
77
84
893
894
901
75
76
79
896
898
78
80
902
904
907
911
914
74
900
906
65
72
908
69
912
915
66
67
70
73
910
913
917
919
922
928
68
909
920
926
930
58
62
63
64
71
905
916
927
61
918
921
923
929
934
936
937
940
945
952
924
925
933
938
943
53
56
59
54
60
931
932
939
43
48
50
52
935
949
950
49
55
57
941
958
47
51
942
946
947
957
40
45
46
944
955
38
953
960
35
44
951
34
954
959
963
964
948
33
37
41
42
956
962
965
29
39
971
28
31
961
27
32
36
966
967
969
975
19
20
24
970
972
15
983
968
973
18
978
10
23
25
30
977
981
9
17
974
980
3
22
16
989
12
14
21
979
982
985
11
26
995
998
6
13
986
990
992
976
2
5
984
987
8
1
4
996
993
988
991
0
7
994
999
997
335
331
690
379
266
332
513
249
623
316
557
350
369
621
534
575
814
463
707
191
354
846
289
610
636
447
297
726
308
325
496
295
480
130
243
568
702
843
465
533
761
451
706
197
337
455
470
546
770
812
400
494
168
264
452
453
460
512
735
216
343
448
261
567
630
853
445
614
725
856
555
153
438
489
164
174
381
457
399
429
444
781
218
510
511
607
221
256
318
481
625
109
116
304
503
506
605
641
310
415
549
493
543
850
384
521
215
863
380
501
517
430
473
743
187
364
522
703
755
433
469
524
531
255
402
811
877
227
245
682
466
520
683
137
222
405
426
565
573
626
858
456
162
194
477
860
483
684
849
323
472
497
785
277
349
816
817
844
208
319
347
358
485
220
746
338
435
519
562
769
205
294
390
664
805
852
738
265
764
818
158
252
352
479
751
320
361
542
810
867
807
822
129
147
412
723
107
160
189
563
796
91
223
523
611
231
244
377
550
570
311
312
556
651
712
537
551
640
646
183
603
119
234
276
535
582
700
126
135
269
532
784
809
406
432
491
541
178
282
345
360
407
443
474
490
299
355
410
372
333
502
693
741
186
425
454
627
884
139
292
391
526
268
620
632
717
154
371
396
492
662
742
790
246
351
418
749
604
236
780
342
393
96
344
601
813
873
140
240
346
374
376
478
711
748
883
124
193
298
871
207
668
86
151
773
799
861
876
649
398
114
370
449
224
436
378
401
238
334
200
210
259
498
540
692
777
789
382
475
718
794
870
87
595
80
495
125
248
686
715
77
214
819
892
97
104
169
284
598
699
157
230
462
303
329
825
85
217
309
281
417
431
300
539
593
362
103
828
144
161
587
525
76
388
229
83
687
696
315
866
202
464
889
408
674
175
642
365
578
241
678
185
367
680
851
409
317
705
394
101
373
93
149
414
617
335
354
379
400
411
424
428
434
442
444
446
450
455
458
463
472
483
489
494
496
499
500
506
508
511
512
513
515
518
521
528
533
534
538
546
549
552
553
557
559
561
565
566
567
568
574
575
576
583
586
588
589
594
596
600
605
606
610
612
614
618
621
623
629
636
637
641
647
652
659
690
714
720
258
261
266
285
289
295
297
304
308
316
318
325
327
331
332
347
348
349
350
351
368
369
381
384
386
403
404
412
413
415
416
420
421
422
423
425
426
429
430
433
435
437
438
439
440
445
447
448
451
452
453
456
457
460
461
465
466
470
476
480
481
484
486
487
491
493
501
503
504
505
507
509
510
514
517
519
520
522
524
529
530
531
535
537
539
541
542
543
544
548
550
551
555
556
558
562
563
569
571
573
579
581
582
584
585
590
591
592
593
598
599
603
604
607
608
609
613
615
616
619
625
626
628
630
631
635
640
643
644
645
646
650
651
654
655
658
660
665
669
671
673
676
679
682
688
702
706
707
713
716
719
721
725
726
728
730
732
735
737
743
237
249
254
256
263
264
270
275
277
278
280
283
287
288
290
305
306
307
310
311
313
320
321
322
324
328
330
334
336
337
338
340
341
343
344
345
352
353
358
359
360
361
363
364
365
366
370
374
375
376
377
378
380
383
385
387
389
390
391
392
395
397
398
399
401
402
405
406
407
410
418
419
432
441
443
449
454
459
464
467
468
469
471
473
474
475
477
478
479
482
485
488
490
492
495
497
498
502
516
523
525
526
527
532
536
540
545
547
554
560
564
570
572
577
580
587
595
597
601
602
611
620
622
624
627
632
633
634
638
639
653
656
657
661
662
663
664
666
667
670
672
674
675
681
683
684
685
689
691
692
693
696
697
698
699
700
701
703
704
710
712
715
717
722
723
724
729
731
736
738
739
740
742
744
745
747
750
754
759
761
762
765
770
219
221
222
234
243
245
247
250
251
253
255
257
260
265
267
269
271
273
274
276
279
281
282
284
286
291
293
294
296
298
299
300
301
302
303
312
315
317
319
323
326
333
339
342
346
355
356
357
371
372
382
388
393
394
396
408
409
417
427
431
436
462
578
642
649
668
677
678
680
686
687
694
695
708
709
711
718
734
741
746
748
751
752
753
755
756
757
758
766
767
768
769
775
776
778
781
784
786
787
793
192
196
197
199
212
216
225
226
227
228
231
232
235
236
239
240
242
244
246
248
252
259
268
272
292
309
329
362
367
373
648
705
727
733
749
760
764
771
772
773
774
777
779
780
783
785
788
792
798
800
801
803
190
191
194
195
198
203
204
205
209
213
215
218
220
223
224
229
230
238
262
314
782
790
791
794
795
805
168
170
174
176
179
180
181
184
186
187
193
200
201
206
207
208
211
214
217
233
241
763
789
796
799
802
804
806
812
814
820
165
167
171
172
178
183
188
189
202
210
797
807
811
815
832
163
164
173
177
182
185
808
809
810
813
817
823
824
827
829
833
834
153
158
160
162
166
175
816
818
822
825
826
830
831
835
836
837
839
147
150
152
155
156
159
169
819
821
828
838
841
842
843
844
846
130
134
136
137
138
141
146
151
161
840
854
132
133
135
139
140
148
154
157
845
848
849
850
853
126
128
131
142
143
145
847
852
855
856
857
860
862
863
864
117
120
123
124
127
144
149
851
858
859
868
119
122
129
861
865
867
872
874
877
105
118
121
125
869
870
107
108
109
110
111
113
115
116
866
873
875
878
881
106
112
114
871
876
879
880
882
885
102
884
886
888
890
891
897
98
99
100
883
895
899
96
101
887
894
95
97
103
82
87
90
94
889
892
893
898
901
903
81
88
89
104
896
904
906
84
86
91
92
900
907
914
75
902
911
912
77
79
83
85
93
915
913
917
919
920
922
65
69
76
78
80
905
908
910
70
72
73
74
926
927
928
930
66
67
68
909
921
923
64
916
924
61
62
63
71
918
925
929
936
937
940
931
934
945
58
933
938
943
952
59
941
949
54
939
932
935
944
53
55
56
950
958
45
51
60
942
947
43
48
50
52
946
957
49
57
955
960
47
951
953
40
46
964
38
948
954
959
963
35
956
34
44
33
37
42
962
965
971
41
961
36
29
966
967
975
28
39
969
972
31
970
27
968
973
983
19
20
24
32
15
978
981
977
18
974
980
25
9
10
23
30
17
979
982
989
22
985
3
16
986
995
998
14
21
976
990
992
12
11
26
984
6
13
987
2
5
996
8
1
4
988
991
993
994
0
7
999
997
335
690
331
379
513
814
623
846
266
332
557
621
249
534
575
707
316
350
369
610
463
636
354
726
447
761
843
191
289
568
853
297
496
702
770
812
308
325
706
856
130
295
465
480
533
546
243
735
451
153
455
470
494
197
337
512
567
614
630
725
216
400
460
781
343
448
452
453
555
877
109
168
264
850
261
445
863
489
607
116
511
164
438
457
510
549
605
811
174
381
399
429
625
641
218
444
506
743
256
318
481
503
755
221
304
493
860
521
543
844
858
310
415
384
517
215
682
703
849
137
380
473
501
522
524
531
565
769
805
867
430
683
810
816
187
364
573
785
255
433
469
520
626
817
852
402
684
162
245
746
818
822
105
227
807
834
891
405
456
466
721
884
897
222
426
497
664
91
477
764
796
868
873
194
323
472
647
751
485
562
872
519
881
890
147
220
319
358
809
837
842
723
803
82
108
208
294
883
107
119
129
160
205
254
611
189
612
782
832
84
86
158
252
265
550
655
712
892
62
479
679
777
861
871
901
98
126
134
135
570
603
716
320
556
700
876
102
515
537
551
790
791
792
879
106
389
590
70
72
244
412
685
836
838
865
910
80
223
639
704
813
121
231
413
827
870
886
127
311
749
780
799
806
855
81
124
234
406
491
794
97
104
276
287
500
606
748
848
77
432
474
583
717
773
779
87
179
269
502
631
789
889
450
559
620
627
654
754
79
142
443
632
693
65
131
178
410
425
801
75
114
136
165
198
209
299
345
368
553
604
808
76
360
589
711
745
85
163
492
798
170
333
90
92
292
461
71
145
166
268
290
504
591
826
96
132
182
919
263
428
478
663
675
820
118
271
374
391
660
719
819
828
875
904
88
112
159
184
236
393
514
691
140
176
193
342
484
542
588
649
739
66
766
840
298
385
540
619
930
117
346
595
715
718
896
915
95
338
471
523
586
554
701
728
899
148
732
291
366
692
802
866
913
111
188
392
594
152
173
200
270
273
99
321
659
661
724
736
259
334
498
800
125
238
885
894
927
475
495
507
144
246
390
596
699
738
467
328
476
597
759
869
395
729
880
483
538
640
169
55
574
895
83
352
920
922
592
906
923
154
186
293
851
686
793
784
887
54
155
217
417
584
67
139
151
103
882
361
535
831
183
63
281
541
598
59
349
61
401
548
662
741
210
563
69
377
312
407
525
893
277
941
122
388
593
355
646
651
110
532
435
634
737
101
372
526
582
713
458
912
576
667
587
51
578
642
89
347
687
185
825
668
771
905
490
696
454
742
705
847
93
539
177
73
601
128
282
674
898
949
618
326
201
375
396
628
862
206
788
680
68
414
331
332
335
344
351
354
379
400
411
434
442
446
463
512
248
249
256
258
261
264
266
278
280
283
284
285
289
295
297
303
304
308
316
317
318
325
327
337
348
349
350
364
365
369
370
376
378
381
382
384
398
403
408
412
416
418
420
422
423
424
425
426
429
433
437
439
440
444
445
447
448
451
452
453
455
457
460
464
465
470
472
483
487
489
493
494
496
499
506
508
510
511
513
515
518
521
533
534
546
557
575
605
610
614
617
197
219
221
222
224
237
240
243
245
247
250
251
253
254
255
260
265
267
269
275
277
286
287
288
294
296
298
300
301
305
306
307
309
310
311
313
315
319
320
322
323
324
329
330
334
336
338
339
340
341
343
345
346
347
352
353
358
359
360
361
362
363
367
368
371
373
374
380
383
386
387
389
390
391
394
397
399
402
404
405
406
409
410
413
415
419
421
428
430
431
432
435
436
438
441
443
449
450
456
458
459
461
462
466
468
469
473
474
475
477
478
480
481
482
485
486
491
492
495
497
500
501
503
505
517
519
520
522
524
528
530
538
543
549
550
552
553
555
558
561
562
565
566
567
568
571
573
586
599
600
603
607
621
623
629
630
636
637
641
643
645
652
690
702
707
720
190
191
196
199
207
212
214
215
216
225
226
227
228
229
230
231
232
234
236
239
241
242
244
246
252
257
259
263
268
270
271
272
273
274
276
279
281
282
290
291
292
299
302
312
321
328
333
342
355
356
357
366
372
375
377
385
388
392
393
395
401
407
417
427
454
467
471
476
479
484
488
490
498
502
504
507
509
514
516
523
525
527
529
531
535
536
537
539
540
541
542
544
545
551
556
559
560
563
564
569
570
572
574
576
577
579
580
581
582
583
585
588
589
590
591
593
594
595
596
598
602
604
606
608
609
611
612
613
615
616
625
626
631
635
640
644
646
647
650
651
658
659
665
669
671
672
673
676
678
681
682
683
688
703
706
714
715
717
725
726
730
735
738
181
192
193
194
195
200
202
203
204
205
209
213
218
220
223
235
238
262
293
326
396
526
532
547
548
554
587
592
618
619
620
622
624
627
632
638
639
642
649
653
654
655
656
657
660
661
662
664
666
670
674
677
679
684
685
686
687
692
693
694
696
697
698
699
700
704
708
710
712
716
719
721
723
732
740
743
747
750
761
167
168
171
172
174
180
186
187
198
208
211
217
233
314
578
584
597
601
628
633
634
663
667
668
675
680
689
691
695
701
709
711
713
718
722
724
727
728
729
731
734
736
737
739
741
742
744
745
746
748
751
753
754
756
757
758
762
765
768
769
770
776
787
170
175
176
178
179
183
184
189
210
648
705
733
749
752
755
759
760
764
767
773
774
775
777
778
780
781
784
785
786
153
158
160
162
163
164
165
182
185
188
201
206
766
772
783
793
794
795
150
161
166
169
173
177
763
771
779
782
788
789
790
792
796
798
801
803
805
141
146
147
156
157
791
797
799
800
802
804
812
814
130
137
138
140
149
151
152
155
159
806
807
810
811
815
817
820
824
133
134
135
136
139
154
809
813
816
822
823
829
830
832
833
120
123
124
126
132
142
143
144
148
808
818
821
825
827
828
834
835
839
846
128
131
145
819
826
831
836
837
841
842
843
844
117
119
125
127
129
838
845
849
850
853
854
107
109
113
122
840
852
856
857
860
864
105
114
115
116
118
121
848
851
855
858
863
108
111
112
859
861
867
868
100
106
110
847
862
870
874
877
96
101
102
865
872
873
878
97
866
869
871
876
87
98
99
103
875
881
884
888
94
95
104
879
880
882
883
885
891
82
86
90
91
886
890
897
81
88
93
899
77
83
84
85
89
92
889
892
895
903
76
79
887
893
894
901
75
78
80
896
898
907
914
74
900
902
904
911
906
65
69
70
72
908
917
64
67
73
912
915
66
910
913
919
920
921
922
926
928
58
62
68
909
930
61
63
71
905
916
924
927
929
918
923
925
934
936
937
940
931
943
945
952
53
56
59
933
938
54
60
939
45
48
932
43
49
50
52
55
57
935
941
944
950
958
47
942
947
949
40
46
51
946
957
38
955
953
960
34
35
44
951
948
954
959
963
964
33
42
37
41
956
36
29
962
965
28
39
971
31
961
27
32
966
967
19
20
24
969
975
15
970
972
973
983
18
968
10
23
25
30
978
981
9
977
17
974
980
22
3
16
14
21
989
12
26
979
982
985
6
11
986
995
998
13
976
990
992
2
5
984
987
1
8
4
996
991
993
0
7
988
994
999
997
335
331
379
690
266
513
332
249
316
350
369
557
623
534
575
621
814
191
354
463
707
846
289
610
297
447
636
308
295
325
130
243
496
726
480
702
843
465
568
761
197
451
455
470
533
706
337
400
494
546
770
812
168
216
264
343
460
261
448
452
453
512
735
853
445
614
725
856
153
555
567
630
164
438
489
174
218
381
399
429
444
457
109
318
781
116
221
256
481
510
511
304
310
506
607
641
503
605
415
493
549
625
384
543
850
215
521
863
187
380
501
364
430
473
517
255
433
245
469
522
703
743
755
137
402
524
531
811
877
227
682
222
405
456
466
520
573
858
194
426
565
683
162
477
626
860
323
472
849
220
319
358
365
497
684
844
208
852
205
294
485
746
785
816
817
252
519
769
158
317
562
147
189
265
320
664
764
805
818
479
810
91
129
160
751
107
315
412
867
223
244
807
822
796
231
311
408
464
550
723
570
234
276
406
611
712
135
409
432
269
556
119
202
394
474
537
551
126
299
603
229
373
491
700
809
345
425
149
178
241
360
443
367
410
502
333
884
268
292
693
236
374
391
873
254
342
393
418
492
717
351
627
478
632
749
175
193
813
86
376
790
298
346
620
871
124
344
604
240
334
780
799
861
207
259
748
200
238
883
80
140
370
711
96
378
389
678
773
436
97
398
449
540
876
114
224
371
498
649
892
475
777
789
382
718
495
169
248
338
595
647
870
217
230
417
309
87
104
699
157
281
284
715
77
303
692
837
214
246
794
612
819
300
329
462
388
431
161
721
828
108
542
287
105
85
523
84
362
76
144
151
163
401
704
182
210
525
834
590
390
792
639
685
803
889
655
413
716
879
686
855
62
868
185
125
782
70
679
881
598
352
142
407
414
335
379
400
411
434
435
442
446
458
463
483
494
508
512
513
515
518
534
535
538
539
546
553
557
563
565
566
575
582
586
593
596
605
606
610
614
617
621
623
640
652
690
289
316
318
331
332
347
349
350
354
361
368
369
416
420
422
423
424
425
426
428
433
437
439
440
444
445
447
448
450
451
452
453
455
457
460
461
465
470
472
480
484
487
489
490
493
496
499
500
504
506
507
510
511
514
521
528
530
532
533
541
548
549
550
552
555
559
561
567
568
569
571
573
574
576
581
583
585
587
588
589
591
594
599
600
603
607
609
618
628
629
630
631
636
637
641
642
643
644
645
646
651
654
658
659
662
673
674
676
696
702
707
714
720
725
726
738
249
256
258
261
264
266
277
278
280
282
283
285
288
290
295
297
304
305
306
308
312
321
322
325
327
334
337
340
341
343
344
348
351
355
358
359
364
365
366
372
374
375
377
378
381
383
384
385
386
387
392
395
396
399
402
403
404
405
406
408
412
415
418
419
421
429
430
432
438
441
454
456
459
464
466
467
468
469
471
473
474
475
476
477
478
479
481
482
485
486
491
492
495
497
501
502
503
505
509
516
517
519
520
522
524
526
527
529
531
536
537
540
542
543
544
545
551
554
556
558
560
562
564
570
572
577
578
579
580
584
592
595
597
598
601
602
604
608
611
612
613
615
616
619
622
625
626
632
634
635
647
650
657
660
661
663
665
667
668
669
671
672
675
680
681
682
683
684
687
688
691
701
703
705
706
713
715
717
719
721
724
728
729
730
732
735
736
737
739
740
741
742
743
745
754
761
784
219
237
243
245
247
250
251
253
255
260
263
265
267
269
270
271
273
275
284
286
291
294
296
298
301
302
303
307
310
311
313
315
317
319
320
323
324
326
328
330
336
338
339
342
345
346
352
353
357
360
363
367
370
371
373
376
380
382
388
389
390
391
393
394
397
398
401
409
410
413
417
427
436
443
449
488
498
523
525
547
590
620
624
627
633
638
649
653
655
656
664
666
670
677
678
679
689
692
693
694
695
697
698
699
700
708
709
710
711
712
718
722
723
731
744
746
747
748
750
751
753
756
757
758
759
762
765
768
769
770
776
778
781
787
197
199
216
221
222
225
226
227
231
232
234
239
242
244
246
248
252
254
257
259
268
272
274
276
279
281
287
292
293
299
300
309
329
333
356
362
407
431
462
639
648
685
686
704
716
727
733
734
749
752
755
760
764
766
767
771
773
775
777
779
780
785
786
788
793
798
186
190
191
192
195
196
198
204
205
209
212
215
218
220
223
224
228
229
235
236
238
240
241
262
314
772
774
783
795
800
801
805
176
179
181
183
184
187
193
194
200
203
207
211
213
214
217
230
233
763
789
790
791
792
794
802
803
804
806
165
167
168
170
171
172
174
180
188
189
201
202
206
208
210
782
796
797
799
807
811
812
814
815
820
177
178
808
809
817
823
824
825
827
832
833
153
158
160
162
163
164
166
173
175
185
810
813
816
822
829
830
831
836
150
152
155
159
169
182
818
819
821
826
828
834
835
838
839
846
139
141
146
147
154
156
161
837
840
841
842
843
844
130
132
134
136
137
138
140
148
151
845
849
850
851
854
128
131
133
135
145
149
157
848
852
853
857
860
862
864
120
123
124
126
127
143
144
847
856
858
859
863
117
122
855
861
118
119
129
142
865
866
867
870
872
874
877
109
111
113
115
121
125
868
869
878
101
107
110
114
116
871
873
875
880
882
102
105
106
112
876
884
885
888
890
891
897
100
108
881
883
886
98
99
103
879
895
899
95
96
97
887
894
82
94
893
898
901
87
90
93
104
889
892
896
903
81
83
86
88
89
900
904
906
91
92
902
907
911
914
75
79
85
912
77
84
915
917
76
78
908
910
913
919
920
922
65
69
72
74
80
905
926
927
930
67
73
909
921
923
928
64
66
68
924
63
916
918
925
929
937
61
70
71
931
934
936
940
58
933
938
943
945
952
941
59
62
939
949
54
932
944
53
56
935
950
958
45
55
60
942
48
51
946
947
957
43
49
50
52
57
955
960
953
40
47
951
38
46
954
959
963
964
948
34
35
44
956
962
965
33
36
37
41
42
971
961
29
966
967
975
39
969
28
31
970
972
983
19
24
27
32
968
973
15
20
978
981
974
977
980
18
9
10
23
25
30
17
989
979
982
985
3
22
995
998
16
986
990
14
21
976
992
11
12
26
984
6
13
987
2
5
996
1
8
4
993
988
991
994
0
7
999
997
335
690
331
379
513
814
266
332
623
557
846
249
621
316
534
575
707
350
369
610
636
354
463
726
843
191
447
761
289
297
496
812
853
568
702
770
295
308
325
706
856
480
533
546
130
243
465
735
451
470
455
494
197
337
512
630
725
781
153
400
460
567
614
216
448
452
453
877
168
261
264
343
555
850
863
109
445
489
116
511
438
607
164
381
429
444
457
605
641
174
399
506
510
549
625
811
318
481
503
743
218
256
755
860
221
304
310
493
521
844
415
543
384
867
501
517
805
849
858
137
215
522
531
682
703
380
430
473
524
565
785
817
852
433
769
187
364
520
573
683
816
469
626
822
162
255
402
810
245
746
818
884
227
456
466
684
222
405
426
897
91
472
483
497
539
593
784
194
477
664
751
796
807
873
891
519
738
764
890
323
485
562
674
107
147
347
349
358
883
901
129
208
220
277
319
842
294
640
723
876
435
535
587
646
651
696
809
871
101
205
582
82
160
252
320
550
563
611
712
851
119
126
158
265
479
556
700
872
892
98
537
680
741
777
866
910
189
412
515
551
570
578
642
705
135
541
662
790
825
838
244
361
603
813
832
870
79
104
114
186
223
311
904
72
134
231
234
532
687
742
848
861
889
83
86
276
491
799
836
77
102
103
749
827
81
106
136
139
406
432
474
490
606
791
865
312
780
75
154
269
282
500
559
583
748
794
87
178
345
450
502
620
717
779
299
360
410
443
526
627
693
754
773
789
71
93
209
377
589
631
826
85
183
425
601
604
632
654
801
166
333
454
492
553
668
868
919
65
80
121
127
806
808
170
179
372
428
711
915
76
391
745
899
118
124
236
263
355
396
798
97
268
461
478
504
591
820
886
930
290
292
374
719
96
165
368
393
588
660
881
342
346
514
879
90
193
298
663
675
896
62
95
152
184
819
875
66
111
117
145
594
619
766
885
140
159
271
317
385
540
691
732
739
840
131
484
554
649
728
837
927
84
88
92
334
586
595
659
894
498
715
828
270
701
718
200
259
471
692
132
173
198
238
365
699
922
59
105
149
254
321
366
736
913
70
148
176
291
800
802
273
392
125
476
661
155
188
467
495
574
923
328
475
507
724
759
906
144
949
315
729
880
108
112
281
464
538
596
597
887
202
721
395
417
592
905
169
293
854
584
647
217
408
409
458
99
229
55
394
793
893
388
912
389
542
869
122
525
831
338
920
895
241
523
367
855
548
373
678
941
54
246
737
882
61
612
576
898
713
67
326
792
63
151
900
89
110
634
917
618
667
51
401
803
686
590
69
944
210
704
375
64
175
185
924
771
201
847
206
862
628
878
177
931
782
192
925
115
120
834
921
68
639
509
552
182
685
505
762
73
274
697
45
419
414
289
331
332
335
344
350
351
354
369
379
400
411
434
442
444
446
463
489
512
248
249
256
258
261
264
266
277
278
280
283
284
285
287
295
297
300
303
304
308
316
318
325
327
337
347
348
349
352
364
370
371
376
378
381
382
384
390
398
403
407
412
413
415
416
418
420
421
422
423
424
425
426
429
430
433
435
437
438
439
440
445
447
448
449
451
452
453
455
457
460
465
466
470
472
480
481
483
487
493
494
496
499
506
508
510
511
513
515
518
521
528
533
534
546
549
557
561
565
566
567
575
598
605
610
614
617
621
623
629
636
637
641
690
219
221
222
224
237
240
243
245
247
250
251
253
255
260
265
267
269
275
282
286
288
294
296
298
301
305
306
307
309
310
311
312
313
317
319
320
322
323
324
329
330
334
336
339
340
341
343
345
346
353
358
359
360
361
362
363
365
368
374
377
380
383
386
387
391
397
399
402
404
405
406
408
410
428
431
432
436
441
443
450
456
458
459
461
462
464
468
469
473
474
475
477
478
479
482
484
485
486
490
491
492
495
497
500
501
503
504
516
517
519
520
522
524
529
530
531
535
537
538
539
541
543
544
550
551
553
555
556
558
559
562
563
568
569
570
571
573
576
577
579
581
582
585
586
587
593
594
596
599
600
603
604
606
607
608
609
616
625
630
635
640
643
644
645
646
651
652
658
669
671
673
674
676
679
702
707
714
720
726
196
197
199
207
212
214
216
225
226
227
228
230
231
232
234
239
242
244
246
252
254
257
259
263
268
270
271
272
273
276
279
281
290
291
292
299
302
315
321
328
333
338
342
355
356
357
366
367
372
373
375
385
388
389
392
393
394
395
396
401
409
417
427
454
467
471
476
488
498
502
507
514
523
525
526
527
532
536
540
542
545
547
548
552
560
564
572
574
578
580
583
588
589
591
592
595
602
611
612
613
615
618
622
624
626
627
631
632
642
647
650
653
654
655
657
659
662
664
665
666
670
672
680
681
682
683
684
687
688
692
693
696
703
706
710
715
716
717
725
730
735
738
740
743
747
190
191
193
194
195
204
205
209
213
215
218
220
223
229
235
236
238
241
262
293
326
419
505
509
554
584
590
597
601
619
620
628
633
638
649
656
660
661
668
675
677
678
686
689
691
694
698
699
700
701
708
709
711
712
713
718
719
721
722
723
728
731
732
736
741
742
744
745
746
750
751
753
761
765
770
168
174
180
181
186
187
192
198
200
203
208
211
217
233
274
314
634
639
648
663
667
685
695
697
704
705
724
727
729
734
737
739
748
749
752
754
755
756
757
758
759
764
767
768
769
775
776
778
781
784
786
787
163
167
170
171
172
176
178
179
183
184
189
202
210
733
760
762
772
773
774
777
780
783
785
788
160
162
164
165
185
188
201
206
766
771
779
790
793
794
795
798
801
805
150
153
158
161
169
173
175
177
763
782
789
792
796
800
803
804
812
146
147
156
157
166
182
791
797
799
802
807
811
814
815
130
137
138
139
140
141
151
152
154
155
159
806
809
810
813
817
820
824
833
133
134
135
142
149
816
818
822
823
825
827
829
830
832
835
123
124
126
128
132
136
143
144
148
808
819
821
828
834
839
843
846
131
145
826
831
836
837
838
841
842
844
845
849
850
119
125
127
129
852
853
860
864
109
117
120
122
840
851
854
856
857
858
863
107
113
114
116
118
121
848
855
859
867
105
861
862
870
877
100
101
106
108
110
111
112
115
847
866
868
872
874
96
102
865
871
873
876
97
103
869
884
888
87
98
99
875
878
880
881
882
883
94
95
104
879
885
886
890
891
897
82
86
90
93
899
81
88
91
889
892
77
83
84
85
89
92
887
894
895
901
903
76
79
893
898
75
78
80
896
902
904
907
911
914
74
906
900
65
69
72
908
912
915
67
70
910
913
917
919
922
928
66
73
920
926
58
64
68
71
905
909
927
930
61
62
63
916
918
923
929
937
921
934
936
940
945
924
933
938
943
952
53
56
59
925
54
60
931
939
48
50
52
932
935
949
43
49
55
57
941
950
958
51
942
947
957
40
46
47
944
946
955
38
45
953
960
951
34
35
44
963
964
948
954
959
33
37
42
956
41
962
965
29
36
971
28
39
961
31
27
32
966
967
969
975
19
20
24
972
15
970
968
973
983
18
978
10
23
25
30
977
981
9
974
980
17
22
3
16
989
12
14
21
979
982
985
26
998
6
11
986
990
992
995
13
976
2
5
984
987
1
8
4
996
993
0
988
991
7
994
999
997
335
331
690
379
266
513
332
249
316
557
623
350
369
575
621
534
814
707
191
354
463
610
846
289
447
636
297
308
325
130
295
496
726
243
568
465
480
533
702
761
843
451
197
455
470
546
706
770
812
337
400
460
494
735
168
216
264
343
448
452
453
512
630
853
261
614
153
445
555
567
725
856
489
164
438
109
174
381
457
781
218
318
399
429
444
511
506
510
607
116
221
256
304
481
503
549
625
310
605
641
415
493
521
543
850
215
384
863
380
501
187
430
473
517
522
743
755
364
433
524
245
531
703
811
255
402
469
682
858
137
573
683
877
227
520
565
405
456
466
626
222
426
472
194
785
849
162
477
684
860
323
497
816
817
358
519
598
844
220
319
485
746
805
205
208
769
294
562
664
852
867
818
91
252
320
352
390
158
265
764
810
147
723
751
822
107
129
479
796
189
807
160
412
413
611
135
223
244
550
570
712
311
603
231
234
551
700
276
406
537
556
432
474
491
269
299
345
126
287
425
679
809
119
360
407
502
178
443
410
333
717
884
163
632
655
693
391
492
236
292
374
604
620
627
716
749
790
86
268
478
873
342
393
193
351
371
780
418
593
748
813
298
334
346
376
96
124
539
649
711
773
871
97
344
794
883
114
200
240
259
715
207
238
799
876
80
87
861
370
378
540
777
789
104
140
498
254
718
495
595
398
436
674
870
475
483
587
449
692
281
224
417
317
699
892
349
696
248
382
687
169
217
142
738
535
139
309
388
640
642
851
230
284
680
77
157
303
578
144
214
338
361
705
819
277
389
431
525
300
329
462
85
828
161
365
347
542
662
103
315
362
435
523
202
541
183
532
889
105
108
377
246
563
312
355
76
93
372
866
62
79
464
837
186
409
229
454
394
526
651
101
154
408
401
879
241
83
842
647
125
646
396
490
282
367
151
210
678
721
742
84
901
373
70
791
582
601
500
631
668
185
612
414
335
379
411
434
442
446
463
494
508
512
513
515
518
534
538
546
553
557
565
566
575
586
596
605
610
614
617
623
652
331
332
350
354
368
369
400
416
422
424
425
428
433
437
439
440
444
445
447
448
450
451
455
457
458
460
461
465
470
472
480
483
484
487
489
493
496
499
504
506
507
510
511
521
528
530
533
548
549
550
552
555
559
561
567
568
571
574
576
581
583
585
588
589
590
591
592
593
594
598
599
600
603
606
607
609
618
621
628
629
630
636
637
641
644
645
654
659
676
690
702
707
714
720
726
258
261
266
285
289
295
297
304
308
316
318
325
327
334
337
340
341
343
344
347
348
349
351
352
359
364
374
375
381
383
384
385
386
387
390
392
395
399
402
403
404
406
412
413
415
418
419
420
421
423
426
429
430
432
435
438
441
452
453
456
459
466
467
468
469
471
473
474
475
476
477
478
481
482
485
486
491
492
495
497
501
503
505
509
514
516
517
519
520
522
524
527
529
531
535
536
537
539
540
541
542
543
544
545
551
554
556
558
560
562
563
564
569
570
572
573
577
579
580
582
584
587
595
597
602
604
608
611
613
615
616
619
622
625
626
632
634
635
639
640
643
646
647
650
651
657
658
660
661
663
665
667
669
671
672
673
674
675
679
681
682
683
684
685
686
688
691
701
703
704
706
713
715
717
719
724
725
728
730
732
735
736
737
739
740
741
743
745
237
245
247
249
250
256
260
263
264
270
271
273
275
277
278
280
283
286
287
288
290
294
296
298
301
303
305
306
307
310
311
313
319
320
321
322
323
324
326
328
330
336
338
339
345
346
353
357
358
360
361
363
365
366
370
371
376
377
378
380
382
388
389
391
393
394
397
398
401
405
407
408
410
417
427
436
443
449
454
464
479
488
490
498
500
502
523
525
526
532
547
578
612
620
624
627
631
633
638
642
649
653
655
656
662
664
666
670
677
680
687
689
692
693
694
696
697
698
699
700
708
709
710
712
716
718
721
722
723
729
731
738
744
746
747
750
751
754
759
761
762
765
770
784
787
219
221
222
232
234
243
244
248
251
253
254
255
257
259
265
267
268
269
274
276
279
281
282
284
291
293
299
300
302
309
312
315
317
329
333
342
355
356
362
367
372
373
396
409
431
462
601
648
668
678
695
705
711
727
733
734
742
748
749
752
753
755
756
757
758
766
767
768
769
775
776
778
779
781
786
793
192
196
197
199
205
212
215
216
224
225
226
227
228
231
235
236
238
239
240
242
246
252
262
272
292
760
764
771
772
773
774
777
780
783
785
788
792
795
798
800
801
803
190
191
194
195
198
203
204
209
213
218
220
223
229
230
241
314
782
790
794
805
176
179
180
181
184
187
193
200
201
206
207
208
211
214
217
233
763
789
796
799
802
804
806
812
814
820
165
167
168
170
171
172
174
175
186
188
189
202
210
797
807
811
815
164
173
177
178
182
183
791
808
809
810
813
817
823
824
825
827
832
833
834
153
158
160
162
163
166
185
816
818
822
829
830
831
836
839
150
152
155
156
159
169
819
821
826
828
835
838
846
141
146
147
149
161
837
840
841
843
844
130
132
134
136
137
138
139
140
148
151
842
845
849
850
854
128
131
133
135
143
145
154
157
848
852
853
855
857
860
862
864
123
124
126
127
144
847
851
856
858
859
863
868
117
120
122
142
861
118
119
121
129
865
867
870
872
874
877
109
111
113
125
869
107
110
112
114
115
116
866
871
873
875
878
881
882
102
105
876
880
885
106
108
883
884
886
888
891
897
99
100
101
890
895
899
96
97
98
879
887
894
94
95
103
893
82
87
90
104
889
892
896
898
903
81
88
89
904
906
86
91
92
900
901
914
93
902
907
911
912
75
77
83
85
915
84
913
917
919
920
69
74
76
78
79
80
905
908
910
922
65
72
73
926
927
930
67
909
921
923
928
64
66
68
916
61
63
918
924
929
70
71
925
934
936
937
940
58
931
933
938
943
945
62
941
952
54
59
939
949
932
53
56
935
944
51
55
60
942
950
958
45
48
50
947
43
49
52
57
946
957
955
960
40
47
951
953
38
46
954
964
948
959
963
34
35
44
956
962
33
37
41
42
965
971
36
961
29
966
967
975
28
31
39
969
970
972
27
32
983
19
20
24
968
973
15
978
981
18
974
977
23
25
30
980
9
10
17
989
979
982
985
3
16
22
995
998
14
21
986
990
12
976
992
11
26
6
13
984
987
2
5
8
996
1
4
988
991
993
994
0
7
999
997
335
690
379
331
513
814
266
557
623
332
846
249
534
621
316
575
707
350
369
610
636
354
463
447
726
191
289
761
843
496
568
297
308
702
770
325
533
706
812
295
480
546
243
465
735
853
856
130
451
455
470
494
197
400
512
567
614
630
725
781
216
337
460
448
452
453
555
168
261
264
343
153
445
489
850
877
511
607
863
438
109
164
381
429
444
457
549
605
625
641
811
116
174
399
506
510
218
318
481
503
743
755
256
521
844
221
304
310
493
543
415
860
384
517
501
682
703
858
215
380
430
522
524
531
565
769
805
473
785
816
849
137
433
573
683
187
364
520
626
852
867
255
402
469
810
817
245
822
227
456
684
746
162
405
426
466
807
222
472
497
664
818
477
519
562
764
796
897
194
751
868
323
485
834
147
220
358
723
884
91
319
809
873
208
803
160
294
782
891
119
129
205
252
611
872
550
712
883
107
158
265
320
479
700
777
790
881
126
189
537
556
876
149
412
551
570
603
784
792
871
82
794
515
799
861
135
244
813
832
223
231
311
491
780
870
590
685
686
81
704
749
827
838
855
892
234
276
406
474
639
748
773
269
432
502
606
789
836
848
86
127
182
620
717
865
890
121
175
179
345
410
604
627
693
754
910
102
178
360
443
559
632
779
299
425
806
72
98
136
492
589
801
889
77
114
165
209
333
654
711
808
104
553
798
140
391
428
820
826
85
124
170
741
96
97
193
236
268
290
292
368
478
583
598
745
131
715
76
90
134
263
342
374
393
450
504
904
159
166
588
591
649
719
819
80
461
540
886
198
271
346
514
675
732
87
106
298
334
594
595
660
663
825
840
62
586
718
766
828
851
200
498
619
691
692
385
484
659
739
800
866
75
699
802
875
92
152
173
259
554
701
728
71
238
291
366
837
118
321
593
896
915
65
88
145
270
495
901
930
117
574
736
759
885
188
273
475
724
919
95
281
392
176
476
84
111
112
169
184
328
507
596
661
254
390
538
539
729
793
148
458
83
467
597
879
101
144
217
417
899
584
592
70
132
395
525
293
471
79
155
317
352
642
913
99
388
880
66
542
674
831
587
655
705
105
578
696
869
679
103
737
927
407
523
687
887
55
163
923
680
326
338
576
142
716
894
389
548
108
59
287
713
906
882
618
893
54
634
895
912
375
667
246
122
125
771
67
922
640
941
413
93
110
177
315
628
63
69
202
206
535
201
905
949
61
898
154
365
842
89
662
721
51
920
186
509
401
192
862
464
552
854
419
229
505
73
409
151
847
274
