257.7
257.7
257.7
257.8
257.8
257.8
257.8
257.8
257.8
257.8
257.8
257.8
257.8
257.8
257.8
257.8
257.9
257.9
257.9
257.9
257.9
257.9
257.9
257.9
257.9
257.9
257.9
258.0
258.0
258.0
258.0
258.0
258.1
258.1
258.2
258.2
258.2
258.3
258.3
258.3
258.4
258.4
258.4
258.4
258.4
258.4
258.4
258.5
258.6
258.6
258.6
258.6
258.6
258.7
258.7
258.7
258.7
258.8
258.8
258.9
258.9
258.9
258.9
259.0
259.0
259.2
259.2
259.3
259.3
259.4
259.4
259.5
259.6
259.6
259.8
259.8
259.8
259.9
259.9
260.0
260.3
260.3
260.4
260.4
260.4
260.6
260.7
260.7
260.8
261.3
261.6
261.6
262.2
262.4
262.4
262.4
262.4
262.4
262.5
262.5
262.5
262.5
262.5
262.5
262.6
262.6
262.6
262.6
262.7
262.7
262.7
262.7
262.7
262.8
262.8
262.8
262.8
262.8
262.9
262.9
262.9
262.9
262.9
262.9
262.9
262.9
262.9
263.0
263.0
263.0
263.0
263.0
263.0
263.0
263.1
263.1
263.1
263.2
263.2
263.2
263.2
263.3
263.3
263.3
263.4
263.4
263.5
263.5
263.5
263.5
263.5
263.6
263.7
263.7
263.7
263.7
263.8
263.8
264.0
264.0
264.0
264.0
264.1
264.1
264.1
264.1
264.3
264.3
264.4
264.4
264.4
264.6
264.6
264.7
264.8
264.9
264.9
265.3
265.4
265.5
265.5
265.6
265.7
265.7
265.9
265.9
266.2
266.7
267.4
267.7
268.1
268.1
268.4
268.5
268.6
268.6
268.6
268.7
268.7
268.7
268.9
268.9
268.9
269.0
269.0
269.1
269.1
269.1
269.2
269.3
269.3
269.3
269.3
269.4
269.4
269.5
269.5
269.5
269.6
269.6
269.6
269.7
269.7
269.8
269.8
269.8
269.8
269.9
270.0
270.0
270.0
270.0
270.0
270.0
270.1
270.1
270.2
270.3
270.3
270.3
270.3
270.4
270.4
270.4
270.4
270.4
270.5
270.5
270.5
270.6
270.7
270.7
270.7
270.7
270.7
270.8
270.8
270.8
270.9
271.0
271.0
271.1
271.1
271.2
271.2
271.2
271.3
271.3
271.3
271.5
271.8
271.8
271.8
271.9
272.0
272.3
272.4
272.7
272.7
272.8
272.8
272.9
272.9
273.0
273.6
273.8
274.1
275.3
276.1
276.6
276.8
276.8
278.9
281.9
282.0
283.4
283.6
284.5
284.7
285.1
286.3
287.1
287.6
288.8
289.4
291.8
291.8
292.1
292.5
294.7
295.1
295.9
297.1
297.2
297.6
303.9
304.5
311.5
315.1
316.3
425.8
425.8
425.8
425.9
425.9
425.9
425.9
425.9
425.9
425.9
425.9
426.0
426.0
426.0
426.0
426.0
426.0
426.0
426.0
426.0
426.0
426.0
426.1
426.1
426.1
426.1
426.1
426.1
426.1
426.1
426.1
426.2
426.2
426.2
426.2
426.2
426.2
426.2
426.2
426.2
426.3
426.3
426.3
426.4
426.4
426.4
426.4
426.4
426.5
426.5
426.5
426.5
426.5
426.6
426.6
426.6
426.6
426.6
426.7
426.8
426.9
426.9
426.9
426.9
427.0
427.0
427.1
427.2
427.2
427.2
427.3
427.5
427.5
427.6
427.7
427.8
427.9
428.0
428.2
428.2
428.3
428.4
428.4
428.4
428.4
428.5
428.8
429.3
429.4
429.8
430.0
430.3
430.4
430.4
430.4
430.4
430.4
430.5
430.5
430.5
430.6
430.6
430.6
430.6
430.7
430.7
430.7
430.7
430.7
430.7
430.7
430.8
430.8
430.8
430.8
430.8
430.8
430.9
430.9
430.9
430.9
430.9
430.9
430.9
430.9
430.9
430.9
430.9
431.0
431.0
431.0
431.0
431.0
431.1
431.1
431.1
431.1
431.2
431.2
431.2
431.2
431.2
431.2
431.2
431.3
431.3
431.3
431.4
431.4
431.4
431.5
431.5
431.5
431.8
431.8
431.8
431.9
432.0
432.1
432.2
432.3
432.4
432.4
432.4
432.4
432.5
432.8
432.8
432.9
433.0
433.2
433.3
433.3
433.4
433.9
433.9
433.9
434.1
434.3
434.3
434.3
434.3
434.6
434.7
434.9
435.2
435.5
436.4
436.4
436.5
436.7
436.8
436.8
436.8
436.9
436.9
436.9
436.9
437.0
437.1
437.1
437.2
437.2
437.2
437.2
437.3
437.4
437.4
437.4
437.4
437.5
437.5
437.6
437.6
437.7
437.7
437.7
437.7
437.7
437.9
438.1
438.1
438.1
438.1
438.1
438.2
438.2
438.2
438.2
438.2
438.3
438.3
438.3
438.4
438.5
438.6
438.7
438.7
438.8
438.8
438.8
438.8
438.8
438.8
438.8
438.8
438.9
438.9
438.9
439.0
439.1
439.1
439.1
439.2
439.2
439.2
439.3
439.4
439.5
439.5
439.6
439.6
439.7
439.9
440.1
440.4
440.4
440.7
441.3
441.5
442.0
442.6
442.9
443.8
443.9
443.9
444.4
444.9
445.4
445.9
448.3
452.4
453.4
453.7
454.4
455.2
455.4
456.4
462.8
472.7
475.3
568.7
568.8
568.8
568.8
568.8
568.8
568.8
568.8
568.8
568.8
568.8
568.8
568.8
568.9
568.9
568.9
568.9
568.9
568.9
568.9
568.9
568.9
568.9
569.0
569.0
569.0
569.0
569.0
569.0
569.0
569.1
569.1
569.1
569.2
569.2
569.3
569.4
569.4
569.4
569.4
569.4
569.4
569.5
569.5
569.5
569.5
569.5
569.5
569.6
569.6
569.6
569.6
569.7
569.7
569.7
569.7
569.7
569.8
569.8
569.8
569.8
569.8
569.9
569.9
570.0
570.1
570.2
570.2
570.2
570.3
570.4
570.5
570.6
570.7
570.7
570.9
570.9
571.1
571.3
571.4
571.4
571.5
571.5
571.5
571.6
571.7
571.9
572.5
572.8
572.9
573.0
573.0
573.1
573.2
573.2
573.2
573.2
573.2
573.2
573.3
573.3
573.3
573.3
573.3
573.4
573.4
573.4
573.5
573.5
573.5
573.5
573.5
573.5
573.5
573.5
573.5
573.6
573.6
573.6
573.6
573.6
573.6
573.6
573.6
573.6
573.7
573.8
573.8
573.8
573.8
573.8
573.9
573.9
573.9
573.9
573.9
573.9
574.0
574.0
574.0
574.0
574.0
574.1
574.1
574.2
574.2
574.2
574.2
574.3
574.4
574.4
574.4
574.4
574.7
574.8
574.9
574.9
574.9
575.1
575.1
575.1
575.3
575.4
575.4
575.5
575.6
575.8
575.8
575.8
576.2
576.2
576.6
576.8
576.9
577.0
577.2
577.2
577.6
577.7
577.7
577.9
578.0
578.1
578.3
578.6
578.9
578.9
579.3
579.3
579.4
579.4
579.5
579.6
579.6
579.6
579.7
579.7
579.7
579.8
579.8
579.8
579.9
579.9
579.9
580.0
580.1
580.1
580.1
580.1
580.1
580.2
580.2
580.2
580.2
580.2
580.3
580.4
580.4
580.4
580.5
580.5
580.5
580.5
580.5
580.7
580.7
580.7
580.8
580.8
580.8
580.8
580.8
580.9
580.9
580.9
580.9
580.9
580.9
580.9
580.9
581.1
581.1
581.2
581.2
581.2
581.2
581.3
581.3
581.4
581.4
581.5
581.5
581.5
581.5
581.5
581.6
581.7
581.8
581.8
582.0
582.2
582.3
582.4
582.4
582.5
582.5
582.6
583.1
583.1
583.2
583.2
583.4
583.4
583.6
584.0
584.0
584.0
584.3
584.7
585.2
585.8
586.4
586.5
586.8
586.9
587.1
587.3
587.4
588.0
589.5
589.7
589.7
590.3
590.7
590.9
591.5
591.9
592.0
592.0
592.4
592.9
593.1
593.4
593.4
593.8
593.8
593.8
594.0
594.0
594.0
594.1
594.1
594.2
594.2
594.2
594.2
594.3
594.5
594.5
594.6
594.6
594.6
594.8
594.8
594.9
594.9
595.0
595.2
595.4
595.6
595.7
596.0
596.1
596.2
596.2
596.3
596.3
596.4
596.5
596.5
596.7
596.7
596.7
596.8
596.9
597.0
597.0
597.2
597.2
597.4
597.6
597.7
597.7
597.8
597.8
597.9
597.9
598.0
598.3
598.7
599.0
599.0
599.0
599.1
599.2
599.2
599.3
599.3
599.4
599.5
599.7
599.9
600.0
600.5
600.8
600.9
601.0
601.0
601.1
601.5
601.8
601.9
602.5
602.8
603.5
603.5
603.8
603.9
604.2
604.6
614.4
707.4
707.4
707.4
707.5
707.5
707.5
707.5
707.5
707.5
707.5
707.5
707.5
707.5
707.6
707.6
707.6
707.6
707.6
707.6
707.6
707.6
707.6
707.6
707.7
707.7
707.7
707.7
707.7
707.7
707.7
707.7
707.8
707.8
707.8
707.8
707.9
707.9
707.9
707.9
707.9
707.9
707.9
708.0
708.0
708.1
708.2
708.2
708.2
708.3
708.3
708.3
708.3
708.3
708.4
708.4
708.5
708.5
708.5
708.6
708.6
708.6
708.6
708.6
708.6
708.8
709.0
709.1
709.1
709.2
709.3
709.4
709.5
709.6
709.6
709.7
709.8
709.8
709.9
709.9
710.1
710.3
710.3
710.5
710.5
710.5
710.6
710.8
710.8
710.9
711.5
711.5
711.6
711.6
711.7
711.7
711.7
711.8
711.8
711.8
711.9
711.9
711.9
711.9
711.9
711.9
711.9
712.0
712.0
712.0
712.0
712.0
712.0
712.0
712.0
712.1
712.1
712.1
712.1
712.1
712.1
712.1
712.2
712.2
712.2
712.2
712.2
712.2
712.3
712.3
712.3
712.3
712.3
712.3
712.3
712.3
712.3
712.4
712.5
712.6
712.6
712.6
712.6
712.6
712.6
712.7
712.7
712.9
712.9
712.9
713.0
713.0
713.0
713.1
713.1
713.1
713.3
713.3
713.4
713.5
713.5
713.6
713.6
713.6
713.7
713.8
713.9
713.9
713.9
714.0
714.1
714.2
714.2
714.3
714.3
714.6
714.6
714.7
715.1
715.1
715.1
715.2
715.2
715.3
715.3
715.4
715.6
715.9
716.6
716.9
717.2
717.5
717.7
717.8
717.9
717.9
717.9
718.0
718.0
718.0
718.0
718.1
718.1
718.2
718.2
718.2
718.3
718.3
718.3
718.4
718.4
718.4
718.6
718.6
718.6
718.7
718.7
718.7
718.7
718.8
718.8
718.8
718.9
719.0
719.0
719.0
719.0
719.0
719.0
719.0
719.1
719.2
719.2
719.2
719.2
719.3
719.3
719.3
719.4
719.4
719.4
719.5
719.5
719.5
719.6
719.6
719.6
719.6
719.7
719.7
719.7
719.8
719.8
719.9
719.9
719.9
719.9
720.0
720.0
720.1
720.1
720.2
720.2
720.2
720.2
720.3
720.4
720.4
720.4
720.5
720.5
720.6
720.7
720.7
720.7
720.8
720.9
721.0
721.0
721.0
721.1
721.2
721.5
721.7
721.9
721.9
721.9
722.6
723.1
723.7
724.4
724.6
724.7
725.2
728.5
728.5
729.4
729.4
730.1
730.5
730.8
731.0
731.1
731.1
731.4
731.8
731.9
732.0
732.8
733.1
733.1
733.2
733.2
733.2
733.5
733.7
733.7
733.7
734.1
734.1
734.2
734.2
734.3
734.3
734.3
734.3
734.6
734.7
734.8
734.8
734.9
735.0
735.1
735.3
735.3
735.4
735.7
735.7
735.7
735.8
735.8
735.9
735.9
736.1
736.2
736.3
736.4
736.5
736.5
736.6
736.6
736.6
736.6
736.7
737.0
737.1
737.1
737.1
737.1
737.2
737.2
737.3
737.3
737.3
737.3
737.3
737.4
737.4
737.4
737.5
737.5
737.5
737.5
737.6
737.6
737.6
737.7
737.9
737.9
738.1
738.1
738.2
738.2
738.3
738.4
738.4
738.4
738.4
738.5
738.5
738.6
738.8
738.9
739.8
743.0
743.1
743.2
743.2
743.2
743.2
743.3
743.3
743.4
743.4
743.4
743.5
743.5
743.5
743.5
743.5
743.5
743.5
743.5
743.5
743.6
743.6
743.6
743.6
743.7
743.7
743.7
743.8
743.8
743.8
743.9
743.9
743.9
743.9
743.9
743.9
744.0
744.0
744.0
744.1
744.1
744.3
744.3
744.3
744.4
744.4
744.5
744.6
744.6
744.6
744.6
744.7
744.8
745.0
745.1
745.2
745.3
745.5
745.5
745.7
745.7
745.8
745.8
746.0
746.0
746.0
746.2
746.2
746.7
746.7
746.7
746.8
747.3
747.5
747.5
747.5
747.7
747.8
747.9
748.0
748.0
748.0
748.0
748.1
748.1
748.1
748.3
748.3
748.3
748.3
748.3
748.3
748.3
748.4
748.4
748.5
748.5
748.5
748.5
748.5
748.5
748.6
748.6
748.7
748.7
748.7
748.8
748.8
748.8
748.8
748.8
748.8
748.8
748.8
748.9
748.9
748.9
748.9
749.0
749.1
749.1
749.1
749.2
749.2
749.2
749.3
749.3
749.4
749.4
749.4
749.4
749.5
749.6
749.7
749.9
749.9
749.9
750.0
750.1
750.1
750.1
750.2
750.2
750.2
750.2
750.3
750.6
750.6
750.7
750.9
750.9
750.9
751.0
751.1
751.2
751.2
751.3
751.3
751.5
751.5
751.9
752.0
752.3
753.0
753.3
753.6
753.6
753.8
753.9
754.4
754.5
754.7
754.8
755.0
755.0
755.0
755.1
755.3
755.3
755.4
755.4
755.5
755.5
755.5
755.5
755.6
755.8
755.8
755.8
755.9
755.9
756.0
756.1
756.1
756.3
756.4
756.4
756.5
756.5
756.6
756.7
756.7
756.7
756.7
756.8
756.9
756.9
757.0
757.1
757.1
757.1
757.3
757.4
757.4
757.4
757.5
757.6
757.6
757.6
757.6
757.6
757.9
758.0
758.1
758.1
758.3
758.4
758.4
758.4
758.7
758.8
759.0
759.1
759.1
759.5
760.0
760.0
760.1
760.5
760.5
760.6
760.9
760.9
761.5
761.6
762.2
762.5
762.5
762.6
762.7
763.2
763.9
764.3
764.5
764.6
765.3
765.8
766.3
766.4
770.5
772.0
772.5
773.3
773.3
775.1
775.4
777.9
779.4
779.8
780.7
872.8
872.9
872.9
872.9
872.9
872.9
872.9
872.9
872.9
872.9
872.9
872.9
872.9
872.9
872.9
872.9
872.9
873.0
873.0
873.0
873.0
873.0
873.0
873.0
873.0
873.0
873.0
873.0
873.0
873.0
873.0
873.0
873.0
873.0
873.0
873.0
873.0
873.0
873.0
873.0
873.0
873.0
873.0
873.0
873.0
873.1
873.1
873.1
873.1
873.1
873.1
873.1
873.1
873.1
873.1
873.1
873.2
873.2
873.2
873.2
873.2
873.2
873.3
873.3
873.3
873.3
873.3
873.4
873.4
873.4
873.5
873.5
873.5
873.6
873.6
873.6
873.7
873.7
873.7
873.7
873.8
873.8
873.8
873.9
874.1
874.2
874.4
874.4
874.6
874.9
875.0
875.3
875.3
875.8
875.8
876.6
876.7
876.8
877.0
877.0
877.0
877.1
877.1
877.1
877.1
877.1
877.1
877.1
877.1
877.1
877.1
877.1
877.1
877.2
877.2
877.2
877.2
877.3
877.3
877.3
877.3
877.3
877.3
877.3
877.3
877.3
877.3
877.3
877.4
877.4
877.4
877.4
877.4
877.4
877.4
877.4
877.4
877.5
877.5
877.5
877.5
877.5
877.5
877.5
877.5
877.5
877.5
877.5
877.5
877.6
877.6
877.6
877.6
877.6
877.6
877.6
877.6
877.6
877.6
877.7
877.7
877.7
877.7
877.8
877.8
877.8
877.8
877.8
877.8
877.9
877.9
878.0
878.1
878.1
878.1
878.1
878.1
878.2
878.2
878.3
878.3
878.4
878.5
878.7
878.8
879.2
879.2
879.3
879.8
879.8
880.6
880.6
881.2
882.1
882.2
882.9
883.0
883.1
883.2
883.2
883.2
883.2
883.3
883.3
883.3
883.4
883.4
883.5
883.5
883.5
883.5
883.5
883.6
883.7
883.7
883.8
883.9
883.9
883.9
883.9
883.9
884.0
884.0
884.1
884.1
884.1
884.1
884.1
884.1
884.1
884.1
884.1
884.1
884.1
884.1
884.2
884.2
884.2
884.2
884.3
884.3
884.3
884.3
884.4
884.4
884.4
884.5
884.5
884.5
884.5
884.5
884.5
884.6
884.6
884.6
884.6
884.6
884.6
884.7
884.7
884.7
884.7
884.7
884.8
884.8
884.8
884.8
884.9
884.9
885.0
885.0
885.0
885.1
885.1
885.1
885.1
885.2
885.2
885.4
885.5
885.5
885.5
885.7
886.3
886.4
886.6
886.6
886.8
886.9
887.9
888.4
889.6
891.4
893.9
896.0
899.0
900.8
902.4
903.1
906.0
908.8
908.9
910.8
911.4
911.6
912.5
915.6
919.8
920.0
920.4
921.0
922.3
922.4
922.7
922.7
922.7
922.7
922.7
922.8
922.8
922.8
922.8
922.8
922.9
922.9
922.9
922.9
922.9
922.9
922.9
922.9
922.9
922.9
922.9
922.9
922.9
923.0
923.0
923.0
923.0
923.0
923.0
923.0
923.0
923.0
923.0
923.0
923.0
923.0
923.0
923.1
923.1
923.1
923.1
923.1
923.1
923.1
923.1
923.1
923.1
923.2
923.2
923.2
923.2
923.2
923.2
923.2
923.3
923.3
923.3
923.3
923.3
923.3
923.3
923.4
923.4
923.4
923.4
923.5
923.5
923.5
923.6
923.6
923.7
923.9
923.9
924.0
924.0
924.0
924.0
924.3
924.3
924.4
924.5
924.6
924.6
924.7
924.7
924.8
925.1
925.2
925.2
925.3
925.5
925.8
926.1
926.1
926.3
926.3
926.7
926.9
926.9
926.9
926.9
927.0
927.0
927.0
927.0
927.0
927.1
927.1
927.1
927.1
927.2
927.2
927.2
927.3
927.3
927.3
927.3
927.3
927.3
927.3
927.3
927.3
927.4
927.4
927.4
927.4
927.4
927.4
927.4
927.5
927.5
927.5
927.5
927.5
927.5
927.5
927.5
927.6
927.6
927.6
927.6
927.6
927.6
927.7
927.7
927.7
927.7
927.7
927.7
927.7
927.7
927.8
927.8
927.8
927.8
927.8
927.8
927.9
927.9
927.9
927.9
928.0
928.0
928.0
928.1
928.1
928.2
928.3
928.3
928.6
928.7
928.8
928.9
929.3
929.3
929.3
929.3
929.4
929.6
929.7
930.0
930.1
930.3
930.5
930.9
931.0
931.0
931.1
931.3
931.6
931.7
931.8
932.1
932.3
932.6
932.7
932.8
932.9
933.0
933.1
933.1
933.1
933.1
933.2
933.3
933.4
933.4
933.5
933.6
933.6
933.6
933.7
933.9
933.9
933.9
934.0
934.0
934.0
934.0
934.0
934.0
934.1
934.1
934.1
934.1
934.2
934.2
934.2
934.3
934.3
934.3
934.3
934.4
934.4
934.4
934.5
934.5
934.5
934.6
934.6
934.6
934.6
934.7
934.7
934.7
934.8
934.8
934.8
934.8
934.8
934.9
934.9
934.9
934.9
934.9
934.9
934.9
935.0
935.1
935.1
935.1
935.2
935.3
935.3
935.4
935.6
935.7
935.8
935.8
936.2
936.4
936.4
936.8
936.9
936.9
937.1
937.2
937.2
937.3
937.3
937.9
938.4
939.2
939.4
939.4
939.5
940.0
940.9
942.5
945.1
945.1
946.8
947.2
947.7
950.5
950.9
951.6
951.6
952.0
957.6
958.2
958.7
964.6
966.9
967.0
981.3
1047.0
1047.0
1047.0
1047.0
1047.0
1047.1
1047.1
1047.1
1047.1
1047.1
1047.1
1047.1
1047.1
1047.1
1047.1
1047.2
1047.2
1047.2
1047.2
1047.2
1047.2
1047.2
1047.2
1047.2
1047.2
1047.2
1047.3
1047.3
1047.3
1047.3
1047.3
1047.4
1047.4
1047.4
1047.4
1047.4
1047.4
1047.4
1047.5
1047.5
1047.5
1047.5
1047.5
1047.5
1047.5
1047.5
1047.5
1047.5
1047.6
1047.6
1047.6
1047.6
1047.6
1047.6
1047.7
1047.7
1047.7
1047.8
1047.8
1047.8
1047.8
1047.9
1047.9
1047.9
1047.9
1047.9
1048.1
1048.1
1048.1
1048.2
1048.2
1048.2
1048.2
1048.3
1048.4
1048.4
1048.5
1048.5
1048.6
1048.6
1048.6
1048.6
1048.8
1048.9
1048.9
1049.1
1049.3
1049.4
1049.9
1049.9
1049.9
1050.3
1050.4
1051.1
1051.2
1051.2
1051.3
1051.3
1051.3
1051.3
1051.3
1051.3
1051.4
1051.4
1051.4
1051.4
1051.5
1051.5
1051.5
1051.5
1051.5
1051.5
1051.5
1051.5
1051.5
1051.6
1051.6
1051.6
1051.6
1051.6
1051.6
1051.6
1051.6
1051.6
1051.7
1051.7
1051.7
1051.7
1051.7
1051.7
1051.8
1051.8
1051.8
1051.9
1051.9
1051.9
1051.9
1051.9
1051.9
1051.9
1052.0
1052.0
1052.0
1052.0
1052.0
1052.0
1052.0
1052.0
1052.0
1052.1
1052.1
1052.1
1052.1
1052.2
1052.2
1052.2
1052.2
1052.3
1052.3
1052.3
1052.3
1052.4
1052.4
1052.4
1052.4
1052.4
1052.4
1052.4
1052.6
1052.6
1052.6
1052.7
1052.8
1052.8
1052.9
1052.9
1052.9
1053.0
1053.0
1053.0
1053.2
1053.2
1053.4
1053.4
1053.6
1053.9
1054.0
1054.3
1054.7
1055.0
1055.3
1055.5
1056.0
1057.2
1057.2
1057.2
1057.4
1057.4
1057.5
1057.6
1057.6
1057.6
1057.6
1057.6
1057.6
1057.7
1057.7
1057.7
1057.7
1057.7
1057.8
1057.9
1057.9
1057.9
1058.0
1058.1
1058.1
1058.2
1058.2
1058.2
1058.2
1058.3
1058.3
1058.3
1058.4
1058.4
1058.4
1058.4
1058.5
1058.5
1058.5
1058.5
1058.5
1058.5
1058.6
1058.6
1058.6
1058.6
1058.6
1058.6
1058.7
1058.7
1058.7
1058.7
1058.7
1058.8
1058.8
1058.8
1058.8
1058.9
1058.9
1058.9
1059.0
1059.0
1059.0
1059.0
1059.0
1059.0
1059.1
1059.1
1059.1
1059.1
1059.1
1059.2
1059.2
1059.2
1059.2
1059.3
1059.3
1059.3
1059.3
1059.4
1059.4
1059.4
1059.4
1059.5
1059.5
1059.5
1059.6
1059.7
1059.9
1059.9
1060.0
1060.4
1060.7
1060.7
1061.4
1061.5
1061.5
1062.5
1063.1
1064.1
1066.9
1070.9
1073.0
1074.1
1074.5
1074.6
1078.1
1080.4
1082.8
1083.5
1083.9
1095.0
1211.2
1211.2
1211.2
1211.2
1211.2
1211.2
1211.2
1211.2
1211.3
1211.3
1211.3
1211.3
1211.3
1211.3
1211.3
1211.3
1211.3
1211.3
1211.3
1211.3
1211.3
1211.3
1211.3
1211.3
1211.3
1211.3
1211.3
1211.3
1211.3
1211.4
1211.4
1211.4
1211.4
1211.4
1211.4
1211.4
1211.4
1211.4
1211.4
1211.4
1211.4
1211.4
1211.4
1211.4
1211.4
1211.5
1211.5
1211.5
1211.5
1211.5
1211.5
1211.5
1211.5
1211.5
1211.5
1211.6
1211.6
1211.6
1211.6
1211.6
1211.7
1211.7
1211.7
1211.7
1211.7
1211.8
1211.9
1211.9
1211.9
1211.9
1212.0
1212.0
1212.0
1212.1
1212.1
1212.2
1212.2
1212.2
1212.3
1212.3
1212.4
1212.4
1212.5
1212.6
1212.6
1212.8
1212.8
1213.0
1213.4
1213.4
1213.5
1213.8
1213.8
1214.6
1214.7
1215.2
1215.2
1215.3
1215.3
1215.4
1215.4
1215.4
1215.4
1215.4
1215.4
1215.4
1215.4
1215.4
1215.4
1215.5
1215.5
1215.5
1215.5
1215.5
1215.6
1215.6
1215.6
1215.6
1215.6
1215.6
1215.6
1215.6
1215.6
1215.6
1215.6
1215.6
1215.7
1215.7
1215.7
1215.7
1215.7
1215.7
1215.7
1215.8
1215.8
1215.8
1215.8
1215.8
1215.8
1215.8
1215.8
1215.8
1215.8
1215.9
1215.9
1215.9
1215.9
1215.9
1215.9
1215.9
1215.9
1215.9
1216.0
1216.0
1216.0
1216.0
1216.0
1216.1
1216.1
1216.1
1216.1
1216.2
1216.2
1216.2
1216.2
1216.2
1216.2
1216.3
1216.3
1216.3
1216.4
1216.4
1216.4
1216.5
1216.5
1216.6
1216.6
1216.7
1216.7
1216.8
1216.9
1217.0
1217.0
1217.1
1217.4
1217.5
1217.6
1217.9
1218.3
1218.5
1218.9
1219.0
1219.4
1220.3
1220.3
1221.2
1221.3
1221.4
1221.4
1221.4
1221.5
1221.5
1221.5
1221.5
1221.6
1221.6
1221.6
1221.6
1221.7
1221.7
1221.7
1221.7
1221.7
1221.7
1221.8
1221.8
1221.9
1221.9
1222.0
1222.0
1222.0
1222.0
1222.1
1222.1
1222.1
1222.1
1222.2
1222.2
1222.3
1222.3
1222.3
1222.4
1222.4
1222.4
1222.4
1222.5
1222.5
1222.5
1222.5
1222.5
1222.5
1222.5
1222.5
1222.6
1222.6
1222.6
1222.6
1222.6
1222.7
1222.7
1222.7
1222.7
1222.7
1222.8
1222.8
1222.8
1222.8
1222.8
1222.8
1222.9
1223.0
1223.0
1223.0
1223.0
1223.0
1223.0
1223.1
1223.1
1223.1
1223.1
1223.1
1223.2
1223.2
1223.2
1223.2
1223.2
1223.3
1223.3
1223.4
1223.4
1223.4
1223.5
1223.5
1223.6
1223.8
1223.8
1223.9
1224.2
1224.3
1224.4
1225.1
1225.8
1226.3
1228.2
1228.4
1230.6
1231.0
1231.4
1231.6
1233.1
1233.2
1234.2
1234.5
1234.8
1235.6
1235.9
1236.2
1236.6
1236.7
1236.7
1236.8
1236.9
1237.0
1237.2
1237.3
1237.3
1237.3
1237.6
1237.7
1237.9
1237.9
1238.0
1238.4
1238.5
1238.6
1238.7
1238.7
1238.7
1238.8
1238.9
1239.1
1239.1
1239.5
1239.7
1239.9
1239.9
1240.0
1240.4
1240.4
1240.5
1240.5
1240.6
1240.8
1240.9
1241.0
1241.0
1241.0
1241.2
1241.5
1241.6
1241.9
1241.9
1242.0
1242.0
1242.1
1242.2
1242.2
1242.3
1242.4
1242.5
1242.8
1242.9
1242.9
1243.1
1243.2
1243.3
1243.4
1243.6
1243.9
1244.2
1244.5
1244.8
1244.9
1245.0
1245.0
1245.2
1245.3
1245.9
1246.0
1246.3
1246.5
1246.5
1247.1
1247.2
1247.7
1247.9
1248.0
1248.7
1250.0
1250.7
1253.1
1259.5
1267.3
1285.5
1285.8
1286.3
1286.4
1286.4
1287.5
1288.2
1288.2
1288.8
1290.0
1290.9
1291.0
1291.2
1292.3
1292.7
1294.0
1294.1
1294.5
1295.7
1296.6
1296.6
1297.3
1297.5
1302.0
1302.5
1307.7
1311.1
1311.5
1320.2
1321.4
1382.6
1382.6
1382.6
1382.6
1382.6
1382.6
1382.6
1382.6
1382.6
1382.6
1382.6
1382.6
1382.6
1382.6
1382.6
1382.7
1382.7
1382.7
1382.7
1382.7
1382.7
1382.7
1382.7
1382.7
1382.7
1382.7
1382.7
1382.7
1382.7
1382.7
1382.7
1382.7
1382.7
1382.7
1382.7
1382.7
1382.7
1382.7
1382.7
1382.7
1382.8
1382.8
1382.8
1382.8
1382.8
1382.8
1382.8
1382.8
1382.8
1382.8
1382.8
1382.9
1382.9
1382.9
1382.9
1382.9
1382.9
1382.9
1382.9
1383.0
1383.0
1383.0
1383.0
1383.1
1383.1
1383.1
1383.1
1383.2
1383.2
1383.2
1383.2
1383.3
1383.3
1383.4
1383.4
1383.5
1383.5
1383.5
1383.5
1383.5
1383.6
1383.7
1383.7
1383.7
1384.0
1384.1
1384.2
1384.3
1384.5
1384.8
1384.9
1385.2
1385.3
1385.6
1385.7
1386.5
1386.5
1386.6
1386.7
1386.7
1386.7
1386.7
1386.7
1386.7
1386.8
1386.8
1386.8
1386.8
1386.8
1386.8
1386.8
1386.8
1386.9
1386.9
1386.9
1386.9
1386.9
1387.0
1387.0
1387.0
1387.0
1387.0
1387.0
1387.0
1387.0
1387.0
1387.0
1387.0
1387.0
1387.0
1387.1
1387.1
1387.1
1387.1
1387.1
1387.1
1387.2
1387.2
1387.2
1387.2
1387.2
1387.2
1387.2
1387.2
1387.2
1387.2
1387.3
1387.3
1387.3
1387.3
1387.3
1387.3
1387.3
1387.3
1387.3
1387.3
1387.4
1387.4
1387.4
1387.4
1387.4
1387.4
1387.4
1387.5
1387.5
1387.5
1387.5
1387.5
1387.6
1387.7
1387.7
1387.7
1387.8
1387.8
1387.8
1387.9
1387.9
1388.0
1388.0
1388.1
1388.1
1388.1
1388.2
1388.5
1388.5
1389.0
1389.0
1389.1
1389.6
1389.7
1390.3
1390.4
1390.9
1391.5
1391.8
1392.6
1392.7
1392.7
1392.8
1392.9
1392.9
1392.9
1392.9
1393.0
1393.1
1393.1
1393.1
1393.2
1393.2
1393.2
1393.2
1393.2
1393.3
1393.3
1393.3
1393.4
1393.4
1393.4
1393.5
1393.5
1393.5
1393.5
1393.5
1393.5
1393.6
1393.6
1393.6
1393.7
1393.7
1393.7
1393.7
1393.7
1393.8
1393.8
1393.8
1393.8
1393.8
1393.8
1393.8
1393.8
1393.9
1393.9
1393.9
1393.9
1393.9
1394.0
1394.0
1394.0
1394.1
1394.1
1394.1
1394.1
1394.2
1394.2
1394.2
1394.2
1394.2
1394.2
1394.3
1394.3
1394.3
1394.3
1394.3
1394.4
1394.4
1394.4
1394.5
1394.5
1394.5
1394.6
1394.6
1394.7
1394.7
1394.7
1394.7
1394.7
1394.9
1394.9
1394.9
1394.9
1395.1
1395.1
1395.3
1395.5
1395.6
1395.6
1395.7
1396.2
1396.2
1396.6
1397.8
1399.0
1399.4
1401.1
1401.4
1405.5
1406.3
1407.1
1407.2
1408.0
1408.8
1408.9
1409.3
1409.8
1410.1
1410.3
1410.8
1410.9
1411.0
1411.0
1411.2
1411.2
1411.3
1411.7
1412.0
1412.4
1412.5
1412.5
1413.2
1413.2
1413.3
1413.8
1413.9
1414.2
1414.5
1414.5
1414.7
1414.8
1415.3
1415.5
1416.1
1416.5
1417.1
1417.8
1418.2
1418.3
1418.3
1418.3
1418.4
1418.4
1419.1
1419.4
1419.9
1420.1
1420.2
1420.2
1420.8
1421.1
1421.5
1422.6
1423.1
1423.3
1423.6
1424.3
1424.5
1424.5
1424.8
1425.3
1425.8
1426.2
1426.5
1428.1
1428.6
1432.3
1434.9
1436.6
1436.9
1437.6
1437.7
1440.8
1441.8
1447.2
1547.6
1547.6
1547.6
1547.6
1547.7
1547.7
1547.7
1547.7
1547.7
1547.7
1547.7
1547.7
1547.7
1547.7
1547.7
1547.7
1547.7
1547.7
1547.7
1547.7
1547.7
1547.8
1547.8
1547.8
1547.8
1547.8
1547.8
1547.8
1547.8
1547.8
1547.8
1547.8
1547.8
1547.8
1547.8
1547.8
1547.8
1547.8
1547.8
1547.8
1547.8
1547.8
1547.9
1547.9
1547.9
1547.9
1547.9
1547.9
1547.9
1547.9
1547.9
1547.9
1547.9
1547.9
1547.9
1548.0
1548.0
1548.0
1548.0
1548.0
1548.1
1548.1
1548.1
1548.1
1548.1
1548.2
1548.2
1548.3
1548.3
1548.3
1548.3
1548.4
1548.4
1548.5
1548.5
1548.6
1548.6
1548.6
1548.7
1548.7
1548.7
1548.7
1548.8
1548.9
1548.9
1549.2
1549.2
1549.4
1549.7
1549.8
1549.8
1550.1
1550.2
1550.9
1551.0
1551.5
1551.5
1551.7
1551.7
1551.7
1551.8
1551.8
1551.8
1551.8
1551.8
1551.9
1551.9
1551.9
1551.9
1551.9
1551.9
1551.9
1551.9
1552.0
1552.0
1552.0
1552.0
1552.0
1552.0
1552.0
1552.1
1552.1
1552.1
1552.1
1552.1
1552.1
1552.1
1552.1
1552.1
1552.1
1552.1
1552.1
1552.2
1552.2
1552.2
1552.2
1552.2
1552.2
1552.2
1552.2
1552.2
1552.2
1552.3
1552.3
1552.3
1552.3
1552.3
1552.3
1552.3
1552.3
1552.4
1552.4
1552.4
1552.4
1552.4
1552.4
1552.4
1552.5
1552.5
1552.5
1552.5
1552.5
1552.5
1552.5
1552.6
1552.6
1552.6
1552.6
1552.7
1552.7
1552.7
1552.8
1552.8
1552.9
1552.9
1553.0
1553.0
1553.1
1553.1
1553.1
1553.3
1553.3
1553.4
1553.5
1553.8
1553.9
1554.0
1554.3
1554.6
1554.9
1555.3
1555.3
1555.8
1556.8
1557.0
1557.7
1557.7
1557.8
1557.9
1557.9
1557.9
1558.0
1558.0
1558.0
1558.0
1558.1
1558.1
1558.2
1558.2
1558.2
1558.2
1558.2
1558.2
1558.3
1558.3
1558.3
1558.3
1558.4
1558.4
1558.5
1558.5
1558.5
1558.5
1558.6
1558.6
1558.6
1558.7
1558.7
1558.7
1558.7
1558.8
1558.8
1558.8
1558.8
1558.8
1558.9
1558.9
1558.9
1558.9
1558.9
1558.9
1558.9
1559.0
1559.0
1559.0
1559.0
1559.0
1559.1
1559.1
1559.1
1559.1
1559.2
1559.2
1559.2
1559.2
1559.3
1559.3
1559.4
1559.4
1559.4
1559.4
1559.4
1559.4
1559.5
1559.5
1559.5
1559.5
1559.5
1559.5
1559.5
1559.6
1559.6
1559.6
1559.7
1559.7
1559.7
1559.8
1559.8
1559.8
1559.9
1560.1
1560.1
1560.1
1560.2
1560.3
1560.4
1560.7
1560.7
1561.0
1561.2
1561.8
1562.4
1562.9
1565.2
1565.6
1567.5
1568.1
1568.5
1569.0
1570.0
1570.3
1571.3
1571.6
1572.1
1572.4
1573.1
1573.2
1573.3
1573.6
1573.7
1573.7
1573.8
1574.1
1574.2
1574.3
1574.3
1574.4
1574.6
1574.6
1574.6
1574.8
1574.9
1575.4
1575.5
1575.6
1575.6
1575.7
1575.9
1575.9
1576.1
1576.2
1576.4
1576.4
1576.7
1576.9
1577.0
1577.2
1577.3
1577.4
1577.6
1577.6
1577.7
1577.9
1577.9
1578.0
1578.2
1578.5
1578.6
1579.0
1579.2
1579.4
1579.5
1579.5
1579.5
1579.5
1579.6
1579.8
1579.8
1579.9
1580.1
1580.2
1580.2
1580.4
1580.5
1580.6
1580.7
1580.8
1580.8
1581.2
1581.3
1581.4
1581.5
1582.1
1582.1
1582.6
1582.6
1582.6
1582.7
1583.1
1583.4
1583.4
1583.6
1583.7
1583.9
1584.1
1584.5
1584.7
1584.9
1585.2
1586.7
1588.1
1595.9
1600.1
1647.7
1649.7
1667.5
1718.6
1718.7
1718.7
1718.7
1718.7
1718.7
1718.7
1718.7
1718.7
1718.7
1718.7
1718.7
1718.7
1718.7
1718.7
1718.7
1718.7
1718.8
1718.8
1718.8
1718.8
1718.8
1718.8
1718.8
1718.8
1718.8
1718.8
1718.8
1718.8
1718.8
1718.8
1718.8
1718.8
1718.8
1718.8
1718.8
1718.8
1718.8
1718.8
1718.8
1718.8
1718.9
1718.9
1718.9
1718.9
1718.9
1718.9
1718.9
1718.9
1718.9
1718.9
1718.9
1719.0
1719.0
1719.0
1719.0
1719.0
1719.0
1719.0
1719.0
1719.1
1719.1
1719.1
1719.2
1719.2
1719.2
1719.2
1719.2
1719.2
1719.3
1719.4
1719.4
1719.5
1719.5
1719.5
1719.5
1719.5
1719.6
1719.6
1719.6
1719.7
1719.7
1719.7
1719.8
1720.1
1720.3
1720.3
1720.3
1720.7
1720.8
1720.9
1721.3
1721.3
1721.7
1721.8
1722.6
1722.6
1722.7
1722.7
1722.8
1722.8
1722.8
1722.8
1722.8
1722.9
1722.9
1722.9
1722.9
1722.9
1722.9
1722.9
1722.9
1722.9
1722.9
1723.0
1723.0
1723.0
1723.1
1723.1
1723.1
1723.1
1723.1
1723.1
1723.1
1723.1
1723.1
1723.1
1723.1
1723.1
1723.1
1723.1
1723.2
1723.2
1723.2
1723.2
1723.2
1723.2
1723.3
1723.3
1723.3
1723.3
1723.3
1723.3
1723.3
1723.3
1723.3
1723.3
1723.3
1723.4
1723.4
1723.4
1723.4
1723.4
1723.4
1723.4
1723.4
1723.5
1723.5
1723.5
1723.5
1723.5
1723.5
1723.5
1723.6
1723.6
1723.6
1723.6
1723.6
1723.7
1723.7
1723.8
1723.8
1723.9
1723.9
1724.0
1724.0
1724.0
1724.0
1724.1
1724.1
1724.2
1724.2
1724.3
1724.5
1724.6
1725.0
1725.1
1725.1
1725.7
1725.7
1726.3
1726.4
1726.9
1727.6
1727.8
1728.7
1728.8
1728.8
1728.9
1729.0
1729.0
1729.0
1729.0
1729.1
1729.1
1729.1
1729.2
1729.2
1729.3
1729.3
1729.3
1729.3
1729.3
1729.4
1729.4
1729.4
1729.5
1729.5
1729.6
1729.6
1729.6
1729.6
1729.7
1729.7
1729.7
1729.7
1729.7
1729.7
1729.8
1729.8
1729.8
1729.8
1729.8
1729.8
1729.9
1729.9
1729.9
1729.9
1729.9
1729.9
1729.9
1730.0
1730.0
1730.0
1730.1
1730.1
1730.1
1730.2
1730.2
1730.2
1730.2
1730.2
1730.2
1730.2
1730.2
1730.3
1730.3
1730.4
1730.4
1730.4
1730.4
1730.5
1730.5
1730.5
1730.5
1730.5
1730.6
1730.6
1730.6
1730.6
1730.7
1730.7
1730.7
1730.8
1730.8
1730.9
1730.9
1731.0
1731.1
1731.1
1731.1
1731.2
1731.4
1731.5
1731.6
1731.7
1731.7
1732.2
1732.4
1732.6
1734.0
1735.1
1736.0
1737.5
1737.6
1742.3
1742.3
1743.3
1744.0
1744.6
1744.7
1745.3
1745.4
1745.9
1746.1
1746.2
1746.7
1746.8
1746.9
1746.9
1747.2
1747.3
1747.3
1747.5
1747.8
1748.1
1748.4
1748.4
1748.5
1748.6
1748.8
1749.0
1749.4
1749.5
1749.5
1749.9
1750.4
1750.5
1750.6
1750.8
1751.1
1751.1
1751.4
1751.4
1751.4
1751.8
1751.9
1752.0
1752.6
1752.9
1752.9
1753.1
1753.3
1753.5
1753.9
1754.0
1754.6
1754.7
1754.8
1756.5
1756.6
1756.7
1757.2
1757.2
1757.5
1758.5
1758.6
1758.9
1759.2
1759.3
1759.5
1759.6
1759.7
1759.8
1761.4
1761.5
1761.9
1762.0
1762.5
1762.6
1768.1
1768.7
1768.9
1770.5
1777.3
1786.8
1787.2
1884.1
1884.1
1884.1
1884.1
1884.1
1884.1
1884.2
1884.2
1884.2
1884.2
1884.2
1884.2
1884.2
1884.2
1884.2
1884.2
1884.2
1884.2
1884.2
1884.2
1884.2
1884.2
1884.2
1884.2
1884.2
1884.2
1884.2
1884.2
1884.3
1884.3
1884.3
1884.3
1884.3
1884.3
1884.3
1884.3
1884.3
1884.3
1884.3
1884.3
1884.3
1884.3
1884.3
1884.3
1884.3
1884.3
1884.3
1884.4
1884.4
1884.4
1884.4
1884.4
1884.4
1884.4
1884.4
1884.5
1884.5
1884.5
1884.5
1884.5
1884.5
1884.6
1884.6
1884.6
1884.6
1884.6
1884.7
1884.8
1884.8
1884.8
1884.8
1884.9
1884.9
1884.9
1885.0
1885.1
1885.1
1885.1
1885.2
1885.2
1885.2
1885.3
1885.3
1885.4
1885.5
1885.7
1885.8
1885.9
1886.3
1886.4
1886.4
1886.7
1886.8
1887.5
1887.6
1888.2
1888.2
1888.2
1888.2
1888.3
1888.3
1888.3
1888.3
1888.3
1888.3
1888.3
1888.3
1888.4
1888.4
1888.4
1888.4
1888.4
1888.4
1888.4
1888.5
1888.5
1888.5
1888.5
1888.5
1888.5
1888.5
1888.5
1888.5
1888.5
1888.6
1888.6
1888.6
1888.6
1888.6
1888.6
1888.6
1888.6
1888.6
1888.7
1888.7
1888.7
1888.7
1888.7
1888.7
1888.7
1888.7
1888.7
1888.7
1888.7
1888.8
1888.8
1888.8
1888.8
1888.8
1888.8
1888.8
1888.9
1888.9
1888.9
1888.9
1888.9
1888.9
1889.0
1889.0
1889.0
1889.0
1889.0
1889.0
1889.1
1889.1
1889.1
1889.1
1889.2
1889.2
1889.2
1889.2
1889.3
1889.3
1889.4
1889.5
1889.5
1889.5
1889.6
1889.6
1889.7
1889.8
1889.8
1890.0
1890.0
1890.3
1890.5
1890.6
1890.9
1891.3
1891.5
1891.9
1892.0
1892.5
1893.4
1893.6
1894.2
1894.2
1894.3
1894.4
1894.4
1894.4
1894.5
1894.5
1894.5
1894.5
1894.5
1894.6
1894.6
1894.7
1894.7
1894.7
1894.8
1894.8
1894.9
1894.9
1894.9
1894.9
1894.9
1895.0
1895.0
1895.0
1895.0
1895.0
1895.1
1895.1
1895.1
1895.2
1895.2
1895.2
1895.3
1895.3
1895.3
1895.3
1895.3
1895.3
1895.4
1895.4
1895.4
1895.4
1895.4
1895.4
1895.5
1895.5
1895.5
1895.5
1895.5
1895.5
1895.6
1895.6
1895.6
1895.6
1895.7
1895.7
1895.7
1895.7
1895.7
1895.8
1895.8
1895.9
1895.9
1895.9
1895.9
1895.9
1895.9
1895.9
1895.9
1895.9
1896.0
1896.0
1896.0
1896.0
1896.1
1896.1
1896.2
1896.2
1896.2
1896.2
1896.3
1896.4
1896.5
1896.5
1896.5
1896.5
1896.7
1896.8
1896.8
1897.2
1897.3
1897.6
1897.7
1898.3
1898.9
1899.4
1901.7
1901.7
1904.2
1904.9
1905.1
1905.2
1906.1
1906.7
1907.5
1907.6
1908.2
1909.1
1909.3
1909.3
1909.6
1909.7
1910.0
1910.1
1910.1
1910.1
1910.5
1910.7
1910.8
1910.8
1910.8
1911.2
1911.2
1911.4
1911.5
1911.5
1911.6
1911.6
1911.8
1912.3
1912.3
1912.4
1912.4
1912.4
1912.4
1912.6
1912.8
1913.1
1913.3
1913.4
1913.4
1913.5
1913.7
1913.9
1913.9
1914.2
1914.3
1914.5
1914.5
1914.6
1914.8
1915.0
1915.4
1915.4
1915.5
1915.7
1915.7
1915.8
1915.8
1916.0
1916.1
1916.2
1916.3
1916.3
1916.3
1916.4
1916.5
1916.6
1916.7
1917.4
1917.5
1917.6
1917.9
1918.0
1918.4
1918.6
1918.7
1918.8
1918.8
1918.9
1918.9
1918.9
1919.0
1919.5
1919.8
1920.2
1920.6
1920.9
1921.0
1921.0
1921.3
1922.1
1925.5
1926.0
1928.3
1935.3
1956.3
1956.8
1957.1
1957.3
1957.6
1959.3
1959.5
1960.3
1960.9
1961.0
1962.9
1964.6
1964.7
1965.6
1966.9
1972.0
1972.8
1972.8
1980.9
1981.3
2054.9
2054.9
2055.0
2055.0
2055.0
2055.0
2055.0
2055.0
2055.0
2055.0
2055.0
2055.0
2055.0
2055.0
2055.0
2055.0
2055.0
2055.0
2055.0
2055.0
2055.0
2055.0
2055.0
2055.1
2055.1
2055.1
2055.1
2055.1
2055.1
2055.1
2055.1
2055.1
2055.1
2055.1
2055.1
2055.1
2055.1
2055.1
2055.1
2055.1
2055.1
2055.1
2055.2
2055.2
2055.2
2055.2
2055.2
2055.2
2055.2
2055.2
2055.2
2055.2
2055.3
2055.3
2055.3
2055.3
2055.3
2055.3
2055.3
2055.4
2055.4
2055.4
2055.4
2055.5
2055.5
2055.5
2055.5
2055.5
2055.6
2055.6
2055.6
2055.7
2055.8
2055.8
2055.8
2055.8
2055.9
2055.9
2055.9
2055.9
2056.0
2056.0
2056.0
2056.1
2056.4
2056.5
2056.6
2056.7
2056.9
2057.2
2057.3
2057.5
2057.6
2058.0
2058.1
2058.9
2058.9
2059.0
2059.1
2059.1
2059.1
2059.1
2059.1
2059.1
2059.1
2059.1
2059.1
2059.2
2059.2
2059.2
2059.2
2059.2
2059.2
2059.2
2059.2
2059.3
2059.3
2059.3
2059.3
2059.3
2059.4
2059.4
2059.4
2059.4
2059.4
2059.4
2059.4
2059.4
2059.4
2059.4
2059.5
2059.5
2059.5
2059.5
2059.5
2059.5
2059.5
2059.5
2059.5
2059.6
2059.6
2059.6
2059.6
2059.6
2059.6
2059.6
2059.6
2059.6
2059.7
2059.7
2059.7
2059.7
2059.7
2059.7
2059.7
2059.7
2059.7
2059.8
2059.8
2059.8
2059.8
2059.8
2059.8
2059.9
2059.9
2059.9
2059.9
2060.0
2060.0
2060.1
2060.1
2060.1
2060.2
2060.2
2060.2
2060.2
2060.3
2060.3
2060.4
2060.4
2060.5
2060.5
2060.6
2060.9
2060.9
2061.3
2061.4
2061.4
2062.0
2062.0
2062.7
2062.8
2063.2
2063.9
2064.2
2065.0
2065.1
2065.1
2065.2
2065.2
2065.3
2065.3
2065.3
2065.4
2065.4
2065.4
2065.5
2065.5
2065.6
2065.6
2065.6
2065.6
2065.6
2065.7
2065.7
2065.7
2065.7
2065.8
2065.9
2065.9
2065.9
2065.9
2065.9
2066.0
2066.0
2066.0
2066.0
2066.0
2066.0
2066.1
2066.1
2066.1
2066.1
2066.1
2066.1
2066.2
2066.2
2066.2
2066.2
2066.2
2066.3
2066.3
2066.3
2066.3
2066.3
2066.4
2066.4
2066.4
2066.5
2066.5
2066.5
2066.5
2066.5
2066.5
2066.6
2066.6
2066.6
2066.6
2066.6
2066.7
2066.7
2066.7
2066.7
2066.8
2066.8
2066.8
2066.9
2066.9
2066.9
2066.9
2067.0
2067.0
2067.1
2067.1
2067.1
2067.1
2067.2
2067.3
2067.3
2067.4
2067.5
2067.5
2067.8
2067.9
2068.1
2068.1
2068.1
2068.7
2068.8
2069.0
2070.5
2071.7
2072.5
2073.8
2074.5
2079.0
2079.4
2080.3
2080.5
2080.7
2081.2
2081.3
2081.5
2081.8
2081.9
2082.0
2082.1
2082.3
2082.3
2082.4
2082.5
2083.2
2083.3
2083.4
2083.5
2083.5
2083.8
2084.1
2084.1
2084.1
2084.3
2084.8
2084.9
2085.1
2085.3
2085.4
2085.8
2085.8
2086.6
2086.7
2086.8
2086.8
2086.8
2086.8
2087.0
2087.1
2087.4
2087.6
2087.8
2088.2
2088.2
2088.5
2088.7
2089.0
2089.0
2089.4
2089.5
2089.7
2090.1
2090.7
2090.7
2090.7
2091.5
2092.2
2092.2
2092.8
2093.0
2093.2
2093.6
2094.5
2094.5
2094.6
2094.6
2094.9
2095.1
2096.0
2096.1
2096.8
2097.7
2098.0
2099.8
2101.8
2101.9
2107.3
2119.5
2220.3
2220.3
2220.4
2220.4
2220.4
2220.4
2220.4
2220.4
2220.4
2220.4
2220.4
2220.4
2220.4
2220.4
2220.4
2220.4
2220.5
2220.5
2220.5
2220.5
2220.5
2220.5
2220.5
2220.5
2220.5
2220.5
2220.5
2220.5
2220.5
2220.5
2220.5
2220.5
2220.5
2220.5
2220.5
2220.5
2220.5
2220.5
2220.6
2220.6
2220.6
2220.6
2220.6
2220.6
2220.6
2220.6
2220.6
2220.6
2220.6
2220.6
2220.6
2220.6
2220.7
2220.7
2220.7
2220.7
2220.7
2220.8
2220.8
2220.8
2220.8
2220.8
2220.8
2220.8
2220.8
2220.9
2221.0
2221.0
2221.0
2221.1
2221.1
2221.1
2221.1
2221.2
2221.2
2221.3
2221.3
2221.3
2221.4
2221.4
2221.5
2221.5
2221.6
2221.7
2221.7
2221.9
2222.0
2222.1
2222.5
2222.5
2222.5
2222.9
2222.9
2223.6
2223.7
2224.2
2224.3
2224.4
2224.4
2224.4
2224.5
2224.5
2224.5
2224.5
2224.6
2224.6
2224.6
2224.6
2224.6
2224.6
2224.6
2224.6
2224.6
2224.7
2224.7
2224.7
2224.7
2224.7
2224.8
2224.8
2224.8
2224.8
2224.8
2224.8
2224.8
2224.8
2224.8
2224.8
2224.8
2224.8
2224.9
2224.9
2224.9
2224.9
2224.9
2224.9
2224.9
2224.9
2224.9
2225.0
2225.0
2225.0
2225.0
2225.0
2225.0
2225.0
2225.0
2225.0
2225.1
2225.1
2225.1
2225.1
2225.1
2225.1
2225.1
2225.1
2225.1
2225.2
2225.2
2225.2
2225.2
2225.2
2225.3
2225.3
2225.3
2225.3
2225.3
2225.4
2225.4
2225.4
2225.5
2225.5
2225.5
2225.6
2225.7
2225.7
2225.7
2225.8
2225.8
2225.9
2226.0
2226.1
2226.1
2226.2
2226.5
2226.6
2226.7
2227.0
2227.3
2227.6
2228.0
2228.1
2228.5
2229.5
2229.7
2230.4
2230.5
2230.5
2230.6
2230.7
2230.7
2230.7
2230.7
2230.8
2230.8
2230.8
2230.8
2230.8
2230.9
2230.9
2230.9
2230.9
2230.9
2230.9
2230.9
2231.0
2231.0
2231.1
2231.1
2231.2
2231.2
2231.2
2231.2
2231.3
2231.3
2231.3
2231.3
2231.4
2231.5
2231.5
2231.5
2231.5
2231.5
2231.6
2231.6
2231.6
2231.6
2231.6
2231.6
2231.6
2231.7
2231.7
2231.7
2231.7
2231.8
2231.8
2231.8
2231.8
2231.8
2231.8
2231.8
2231.9
2231.9
2232.0
2232.0
2232.0
2232.0
2232.0
2232.1
2232.1
2232.1
2232.1
2232.1
2232.2
2232.2
2232.2
2232.2
2232.2
2232.2
2232.3
2232.3
2232.4
2232.4
2232.4
2232.4
2232.4
2232.4
2232.5
2232.5
2232.6
2232.8
2232.8
2232.9
2232.9
2233.0
2233.1
2233.2
2233.3
2233.6
2233.7
2234.5
2235.1
2235.5
2237.6
2238.0
2240.2
2240.6
2241.5
2241.6
2242.3
2242.6
2244.0
2244.4
2244.8
2245.4
2245.7
2245.7
2245.9
2246.1
2246.2
2246.2
2246.4
2246.6
2246.7
2246.9
2247.0
2247.0
2247.1
2247.1
2247.1
2247.2
2247.4
2247.9
2247.9
2248.0
2248.1
2248.2
2248.4
2248.4
2248.6
2248.6
2248.7
2249.2
2249.2
2249.4
2249.4
2249.5
2249.7
2249.8
2249.9
2249.9
2250.0
2250.1
2250.2
2250.6
2250.7
2250.8
2251.0
2251.3
2251.3
2251.7
2251.7
2251.7
2251.8
2251.8
2252.0
2252.0
2252.1
2252.2
2252.2
2252.2
2252.3
2252.4
2252.5
2252.8
2252.8
2252.9
2253.1
2253.4
2253.5
2253.6
2253.7
2254.3
2254.5
2254.6
2254.7
2254.9
2255.0
2255.0
2255.0
2255.0
2255.0
2255.1
2255.6
2255.7
2255.8
2256.1
2256.5
2257.5
2259.0
2259.0
2264.4
2269.2
2285.1
2289.9
2290.5
2290.9
2291.1
2291.3
2292.2
2292.6
2293.0
2293.9
2294.1
2295.1
2295.5
2295.9
2296.5
2296.9
2298.3
2298.7
2298.9
2301.9
2302.4
2302.9
2303.8
2305.1
2306.0
2307.5
2308.2
2309.0
2309.6
2310.4
2391.3
2391.3
2391.3
2391.3
2391.3
2391.3
2391.4
2391.4
2391.4
2391.4
2391.4
2391.4
2391.4
2391.4
2391.4
2391.4
2391.4
2391.4
2391.4
2391.4
2391.4
2391.4
2391.4
2391.4
2391.4
2391.4
2391.4
2391.4
2391.5
2391.5
2391.5
2391.5
2391.5
2391.5
2391.5
2391.5
2391.5
2391.5
2391.5
2391.5
2391.5
2391.5
2391.5
2391.6
2391.6
2391.6
2391.6
2391.6
2391.6
2391.6
2391.6
2391.6
2391.6
2391.6
2391.6
2391.7
2391.7
2391.7
2391.7
2391.7
2391.7
2391.7
2391.8
2391.8
2391.8
2391.9
2391.9
2391.9
2392.0
2392.0
2392.0
2392.0
2392.1
2392.2
2392.2
2392.2
2392.2
2392.2
2392.2
2392.3
2392.3
2392.4
2392.4
2392.5
2392.8
2392.9
2393.0
2393.0
2393.3
2393.5
2393.6
2393.9
2394.0
2394.4
2394.5
2395.3
2395.3
2395.4
2395.4
2395.4
2395.5
2395.5
2395.5
2395.5
2395.5
2395.5
2395.5
2395.5
2395.5
2395.6
2395.6
2395.6
2395.6
2395.6
2395.6
2395.6
2395.6
2395.7
2395.7
2395.7
2395.7
2395.7
2395.8
2395.8
2395.8
2395.8
2395.8
2395.8
2395.8
2395.8
2395.8
2395.8
2395.9
2395.9
2395.9
2395.9
2395.9
2395.9
2395.9
2395.9
2395.9
2395.9
2395.9
2395.9
2396.0
2396.0
2396.0
2396.0
2396.0
2396.0
2396.0
2396.1
2396.1
2396.1
2396.1
2396.1
2396.1
2396.1
2396.2
2396.2
2396.2
2396.2
2396.2
2396.2
2396.2
2396.3
2396.3
2396.3
2396.4
2396.5
2396.5
2396.5
2396.5
2396.6
2396.6
2396.6
2396.7
2396.8
2396.8
2396.8
2396.8
2396.9
2397.0
2397.2
2397.3
2397.7
2397.8
2397.8
2398.3
2398.4
2399.1
2399.1
2399.6
2400.3
2400.5
2401.4
2401.5
2401.5
2401.6
2401.6
2401.6
2401.6
2401.6
2401.7
2401.8
2401.8
2401.9
2401.9
2401.9
2401.9
2402.0
2402.0
2402.0
2402.1
2402.1
2402.1
2402.1
2402.1
2402.2
2402.3
2402.3
2402.3
2402.3
2402.3
2402.3
2402.4
2402.4
2402.4
2402.4
2402.5
2402.5
2402.5
2402.5
2402.5
2402.5
2402.5
2402.5
2402.6
2402.6
2402.6
2402.6
2402.7
2402.7
2402.7
2402.7
2402.7
2402.8
2402.8
2402.9
2402.9
2402.9
2402.9
2402.9
2402.9
2402.9
2402.9
2403.0
2403.0
2403.0
2403.1
2403.1
2403.1
2403.1
2403.1
2403.2
2403.2
2403.2
2403.2
2403.3
2403.3
2403.3
2403.4
2403.4
2403.4
2403.5
2403.5
2403.6
2403.7
2403.7
2403.7
2403.9
2403.9
2404.2
2404.2
2404.4
2404.4
2404.5
2405.1
2405.1
2405.4
2406.7
2408.0
2408.7
2410.4
2410.7
2414.7
2414.9
2416.3
2416.9
2417.2
2417.6
2417.8
2418.0
2418.1
2418.3
2418.5
2418.6
2418.7
2419.3
2419.5
2419.5
2419.8
2420.1
2420.1
2420.2
2420.2
2420.6
2420.6
2421.0
2421.1
2421.3
2422.0
2422.2
2422.4
2422.5
2422.6
2422.6
2423.1
2423.2
2423.2
2423.7
2423.8
2424.0
2424.1
2424.6
2424.6
2424.7
2424.7
2424.9
2425.3
2425.5
2425.7
2425.9
2425.9
2426.2
2427.2
2427.4
2428.8
2428.9
2429.3
2429.4
2429.6
2429.7
2429.7
2430.2
2430.4
2431.0
2431.2
2431.3
2431.5
2433.9
2434.6
2434.8
2436.2
2436.3
2436.6
2437.0
2438.3
2440.5
2440.6
2449.3
2451.1
2556.7
2556.7
2556.7
2556.7
2556.7
2556.7
2556.7
2556.7
2556.8
2556.8
2556.8
2556.8
2556.8
2556.8
2556.8
2556.8
2556.8
2556.8
2556.8
2556.8
2556.8
2556.8
2556.8
2556.8
2556.8
2556.8
2556.8
2556.8
2556.8
2556.9
2556.9
2556.9
2556.9
2556.9
2556.9
2556.9
2556.9
2556.9
2556.9
2556.9
2556.9
2556.9
2556.9
2556.9
2556.9
2556.9
2556.9
2556.9
2556.9
2557.0
2557.0
2557.0
2557.0
2557.0
2557.0
2557.1
2557.1
2557.1
2557.1
2557.1
2557.1
2557.2
2557.2
2557.2
2557.2
2557.2
2557.3
2557.3
2557.4
2557.4
2557.4
2557.4
2557.5
2557.5
2557.6
2557.6
2557.7
2557.7
2557.7
2557.8
2557.8
2557.8
2557.9
2558.0
2558.0
2558.2
2558.3
2558.5
2558.8
2558.9
2558.9
2559.2
2559.2
2560.0
2560.1
2560.6
2560.6
2560.8
2560.8
2560.8
2560.9
2560.9
2560.9
2560.9
2560.9
2560.9
2560.9
2560.9
2560.9
2560.9
2561.0
2561.0
2561.0
2561.0
2561.0
2561.0
2561.1
2561.1
2561.1
2561.1
2561.1
2561.1
2561.1
2561.1
2561.1
2561.2
2561.2
2561.2
2561.2
2561.2
2561.2
2561.2
2561.2
2561.2
2561.2
2561.3
2561.3
2561.3
2561.3
2561.3
2561.3
2561.3
2561.3
2561.3
2561.4
2561.4
2561.4
2561.4
2561.4
2561.4
2561.4
2561.4
2561.4
2561.4
2561.5
2561.5
2561.5
2561.5
2561.6
2561.6
2561.6
2561.6
2561.6
2561.6
2561.7
2561.7
2561.7
2561.7
2561.7
2561.8
2561.8
2561.8
2561.9
2561.9
2562.0
2562.0
2562.1
2562.2
2562.2
2562.2
2562.4
2562.4
2562.5
2562.5
2562.8
2563.0
2563.1
2563.4
2563.7
2564.0
2564.3
2564.4
2564.9
2565.9
2566.0
2566.7
2566.8
2566.9
2567.0
2567.0
2567.0
2567.1
2567.1
2567.1
2567.1
2567.1
2567.1
2567.2
2567.2
2567.2
2567.2
2567.2
2567.3
2567.3
2567.3
2567.4
2567.4
2567.5
2567.5
2567.5
2567.5
2567.5
2567.6
2567.6
2567.6
2567.7
2567.7
2567.8
2567.8
2567.8
2567.8
2567.9
2567.9
2567.9
2567.9
2567.9
2568.0
2568.0
2568.0
2568.0
2568.0
2568.0
2568.1
2568.1
2568.1
2568.1
2568.1
2568.2
2568.2
2568.2
2568.2
2568.2
2568.3
2568.3
2568.3
2568.3
2568.4
2568.4
2568.4
2568.4
2568.5
2568.5
2568.5
2568.5
2568.5
2568.5
2568.5
2568.6
2568.6
2568.6
2568.6
2568.6
2568.7
2568.7
2568.8
2568.8
2568.8
2568.8
2568.9
2569.0
2569.0
2569.1
2569.1
2569.1
2569.2
2569.5
2569.7
2569.7
2570.0
2570.1
2570.7
2571.2
2571.8
2574.3
2574.3
2576.3
2577.2
2577.2
2577.4
2578.6
2579.2
2580.1
2580.2
2580.2
2581.7
2581.7
2581.7
2581.7
2581.9
2582.2
2582.3
2582.4
2582.5
2582.6
2582.7
2582.8
2582.9
2583.1
2583.1
2583.1
2583.2
2583.6
2583.7
2583.8
2583.9
2584.0
2584.1
2584.1
2584.2
2584.5
2584.5
2584.6
2584.6
2584.7
2584.9
2584.9
2585.4
2585.5
2585.6
2585.6
2585.6
2585.9
2585.9
2586.0
2586.1
2586.3
2586.5
2586.5
2586.8
2587.2
2587.2
2587.4
2587.4
2587.5
2587.5
2587.6
2587.6
2587.6
2587.7
2587.7
2587.9
2588.0
2588.2
2588.3
2588.4
2588.4
2588.6
2588.6
2588.7
2588.7
2588.8
2589.3
2589.3
2589.5
2589.6
2589.6
2589.7
2589.9
2590.0
2590.1
2590.4
2590.8
2591.1
2591.1
2591.3
2591.6
2591.7
2591.7
2592.3
2593.4
2594.0
2597.8
2604.0
2629.9
2630.2
2630.4
2630.8
2631.3
2633.0
2633.3
2634.6
2635.5
2636.6
2636.7
2640.0
2640.3
2645.4
2648.0
2658.5
2727.6
2727.6
2727.6
2727.6
2727.6
2727.6
2727.6
2727.6
2727.7
2727.7
2727.7
2727.7
2727.7
2727.7
2727.7
2727.7
2727.7
2727.7
2727.7
2727.7
2727.7
2727.7
2727.7
2727.7
2727.7
2727.7
2727.7
2727.7
2727.7
2727.7
2727.7
2727.8
2727.8
2727.8
2727.8
2727.8
2727.8
2727.8
2727.8
2727.8
2727.8
2727.8
2727.8
2727.8
2727.8
2727.9
2727.9
2727.9
2727.9
2727.9
2727.9
2727.9
2727.9
2727.9
2727.9
2727.9
2728.0
2728.0
2728.0
2728.0
2728.0
2728.1
2728.1
2728.1
2728.1
2728.2
2728.2
2728.2
2728.3
2728.3
2728.3
2728.3
2728.4
2728.4
2728.5
2728.5
2728.5
2728.5
2728.5
2728.6
2728.7
2728.7
2728.7
2728.7
2729.1
2729.2
2729.2
2729.3
2729.6
2729.8
2729.9
2730.2
2730.3
2730.7
2730.8
2731.5
2731.6
2731.6
2731.7
2731.7
2731.7
2731.8
2731.8
2731.8
2731.8
2731.8
2731.8
2731.8
2731.8
2731.8
2731.8
2731.9
2731.9
2731.9
2731.9
2731.9
2731.9
2732.0
2732.0
2732.0
2732.0
2732.0
2732.0
2732.0
2732.1
2732.1
2732.1
2732.1
2732.1
2732.1
2732.1
2732.1
2732.1
2732.1
2732.1
2732.2
2732.2
2732.2
2732.2
2732.2
2732.2
2732.2
2732.2
2732.2
2732.3
2732.3
2732.3
2732.3
2732.3
2732.3
2732.3
2732.3
2732.4
2732.4
2732.4
2732.4
2732.4
2732.4
2732.4
2732.4
2732.4
2732.5
2732.5
2732.5
2732.5
2732.6
2732.6
2732.6
2732.6
2732.7
2732.7
2732.8
2732.8
2732.9
2732.9
2732.9
2733.0
2733.0
2733.0
2733.1
2733.1
2733.1
2733.3
2733.5
2733.6
2734.0
2734.1
2734.1
2734.6
2734.7
2735.3
2735.4
2735.9
2736.5
2736.8
2737.5
2737.6
2737.8
2737.9
2737.9
2737.9
2737.9
2737.9
2738.0
2738.1
2738.1
2738.1
2738.2
2738.2
2738.2
2738.3
2738.3
2738.3
2738.3
2738.4
2738.4
2738.4
2738.4
2738.5
2738.6
2738.6
2738.6
2738.6
2738.6
2738.6
2738.7
2738.7
2738.7
2738.7
2738.7
2738.8
2738.8
2738.8
2738.8
2738.8
2738.8
2738.8
2738.8
2738.9
2738.9
2738.9
2738.9
2738.9
2739.0
2739.0
2739.0
2739.0
2739.1
2739.1
2739.1
2739.2
2739.2
2739.2
2739.2
2739.2
2739.3
2739.3
2739.3
2739.3
2739.4
2739.4
2739.4
2739.4
2739.4
2739.4
2739.5
2739.6
2739.6
2739.6
2739.6
2739.6
2739.7
2739.7
2739.7
2739.7
2739.8
2739.9
2740.0
2740.0
2740.0
2740.1
2740.2
2740.4
2740.5
2740.6
2740.7
2740.8
2741.2
2741.4
2741.6
2743.0
2744.1
2744.9
2746.1
2746.7
2750.8
2750.9
2752.6
2752.8
2752.8
2753.1
2753.3
2753.3
2754.0
2754.4
2754.6
2754.7
2754.7
2754.7
2755.1
2755.4
2755.8
2755.8
2755.9
2756.0
2756.1
2756.4
2756.7
2756.8
2756.8
2756.9
2757.1
2757.3
2757.8
2757.9
2758.0
2758.1
2758.4
2758.5
2758.7
2759.3
2759.5
2759.6
2759.7
2759.8
2759.8
2759.9
2759.9
2760.3
2760.7
2760.8
2760.9
2761.1
2761.7
2761.8
2762.0
2762.2
2762.9
2762.9
2763.3
2763.3
2763.6
2763.7
2764.8
2765.3
2765.6
2765.7
2765.7
2766.0
2766.5
2766.5
2766.5
2767.0
2767.0
2767.4
2767.5
2768.1
2768.6
2769.6
2770.3
2770.9
2771.9
2772.0
2776.7
2779.0
2780.4
2893.1
2893.1
2893.1
2893.1
2893.1
2893.1
2893.1
2893.1
2893.2
2893.2
2893.2
2893.2
2893.2
2893.2
2893.2
2893.2
2893.2
2893.2
2893.2
2893.2
2893.2
2893.2
2893.2
2893.2
2893.2
2893.2
2893.2
2893.2
2893.3
2893.3
2893.3
2893.3
2893.3
2893.3
2893.3
2893.3
2893.3
2893.3
2893.3
2893.3
2893.3
2893.3
2893.3
2893.3
2893.4
2893.4
2893.4
2893.4
2893.4
2893.4
2893.4
2893.4
2893.4
2893.4
2893.4
2893.5
2893.5
2893.5
2893.5
2893.6
2893.6
2893.6
2893.6
2893.6
2893.6
2893.7
2893.8
2893.8
2893.9
2893.9
2893.9
2893.9
2893.9
2894.0
2894.0
2894.1
2894.2
2894.2
2894.2
2894.3
2894.3
2894.3
2894.4
2894.5
2894.5
2894.7
2894.8
2895.0
2895.4
2895.4
2895.4
2895.8
2895.8
2896.5
2896.6
2897.2
2897.2
2897.2
2897.2
2897.3
2897.3
2897.3
2897.3
2897.3
2897.3
2897.3
2897.3
2897.3
2897.3
2897.4
2897.4
2897.4
2897.4
2897.5
2897.5
2897.5
2897.5
2897.5
2897.5
2897.5
2897.5
2897.5
2897.5
2897.5
2897.6
2897.6
2897.6
2897.6
2897.6
2897.6
2897.6
2897.6
2897.6
2897.7
2897.7
2897.7
2897.7
2897.7
2897.7
2897.7
2897.7
2897.7
2897.8
2897.8
2897.8
2897.8
2897.8
2897.8
2897.8
2897.9
2897.9
2897.9
2897.9
2897.9
2897.9
2897.9
2897.9
2898.0
2898.0
2898.0
2898.0
2898.1
2898.1
2898.1
2898.1
2898.2
2898.2
2898.2
2898.2
2898.3
2898.3
2898.3
2898.3
2898.4
2898.5
2898.5
2898.5
2898.6
2898.7
2898.7
2898.8
2898.9
2899.0
2899.1
2899.3
2899.5
2899.6
2899.9
2900.3
2900.5
2900.9
2901.0
2901.5
2902.5
2902.7
2903.1
2903.2
2903.3
2903.4
2903.4
2903.5
2903.5
2903.5
2903.5
2903.5
2903.6
2903.6
2903.6
2903.7
2903.7
2903.7
2903.8
2903.8
2903.9
2903.9
2903.9
2903.9
2904.0
2904.0
2904.0
2904.0
2904.0
2904.1
2904.1
2904.1
2904.1
2904.2
2904.2
2904.3
2904.3
2904.3
2904.3
2904.3
2904.3
2904.3
2904.4
2904.4
2904.4
2904.4
2904.4
2904.4
2904.5
2904.5
2904.5
2904.5
2904.5
2904.6
2904.6
2904.6
2904.6
2904.6
2904.7
2904.7
2904.7
2904.8
2904.8
2904.8
2904.9
2904.9
2904.9
2904.9
2904.9
2904.9
2904.9
2905.0
2905.0
2905.0
2905.0
2905.0
2905.1
2905.1
2905.1
2905.1
2905.2
2905.2
2905.2
2905.3
2905.3
2905.4
2905.5
2905.6
2905.6
2905.7
2905.9
2905.9
2905.9
2906.2
2906.4
2906.6
2906.7
2907.6
2908.1
2908.6
2910.9
2911.2
2913.6
2914.2
2914.8
2914.9
2915.4
2915.7
2916.6
2917.3
2917.9
2918.4
2918.5
2918.5
2918.6
2919.0
2919.0
2919.0
2919.4
2919.5
2919.5
2919.6
2919.7
2919.8
2919.8
2919.9
2920.1
2920.2
2920.3
2920.8
2920.8
2920.9
2920.9
2921.0
2921.1
2921.3
2921.3
2921.3
2921.4
2921.6
2922.0
2922.0
2922.2
2922.3
2922.3
2922.8
2922.8
2922.9
2923.0
2923.1
2923.1
2923.2
2923.3
2923.3
2923.8
2923.8
2924.2
2924.4
2924.6
2924.7
2924.7
2925.0
2925.0
2925.0
2925.0
2925.1
2925.5
2925.5
2925.6
2925.8
2925.9
2925.9
2925.9
2926.0
2926.3
2926.4
2926.4
2926.5
2927.0
2927.2
2927.3
2927.6
2928.0
2928.0
2928.3
2928.3
2928.5
2928.6
2928.9
2929.0
2929.1
2929.1
2929.5
2929.5
2929.5
2930.0
2933.1
2933.9
2938.4
2942.9
2950.3
2962.3
2962.9
2963.4
2963.5
2964.0
2964.7
2964.8
2965.4
2965.5
2966.1
2967.7
2967.7
2968.0
2969.6
2969.8
2970.3
2970.6
2970.9
2971.8
2975.1
2975.7
2976.1
2976.7
2977.4
2977.4
2979.1
2984.4
2989.2
