247.8
247.8
247.8
247.8
247.8
247.8
247.8
247.8
247.8
247.8
247.8
247.8
247.9
247.9
247.9
247.9
247.9
247.9
247.9
247.9
247.9
247.9
247.9
247.9
247.9
247.9
247.9
247.9
247.9
247.9
247.9
247.9
247.9
247.9
247.9
247.9
247.9
248.0
248.0
248.0
248.0
248.0
248.0
248.0
248.0
248.0
248.0
248.0
248.1
248.1
248.1
248.1
248.1
248.1
248.1
248.1
248.2
248.2
248.2
248.2
248.2
248.2
248.2
248.2
248.2
248.2
248.2
248.2
248.2
248.2
248.2
248.2
248.2
248.2
248.3
248.3
248.3
248.3
248.3
248.3
248.3
248.3
248.4
248.4
248.4
248.5
248.6
248.6
248.6
248.7
248.8
249.1
249.1
249.1
249.4
249.6
249.6
249.6
249.7
250.5
256.4
256.5
256.6
256.6
256.6
256.7
256.7
256.7
256.7
256.8
256.8
256.8
256.8
256.8
256.8
256.8
256.8
256.8
256.8
256.9
256.9
256.9
256.9
256.9
256.9
257.0
257.0
257.0
257.0
257.0
257.0
257.1
257.1
257.1
257.1
257.1
257.1
257.1
257.1
257.2
257.2
257.2
257.2
257.2
257.3
257.3
257.3
257.3
257.4
257.5
257.5
257.5
257.5
257.5
257.5
257.5
257.5
257.6
257.6
257.6
257.6
257.6
257.6
257.6
257.6
257.6
257.6
257.7
257.7
257.7
257.8
257.8
257.8
257.8
257.8
257.8
257.9
257.9
257.9
258.0
258.1
258.1
258.3
258.5
258.5
258.5
258.8
258.9
260.2
260.3
260.5
260.7
262.0
262.4
263.8
264.5
265.2
265.2
265.6
266.3
269.0
269.1
269.2
269.2
269.2
269.3
269.3
269.3
269.3
269.3
269.4
269.4
269.4
269.4
269.4
269.4
269.5
269.5
269.5
269.5
269.5
269.5
269.5
269.5
269.6
269.6
269.6
269.6
269.7
269.7
269.7
269.7
269.7
269.8
269.8
269.8
269.9
269.9
269.9
270.0
270.0
270.0
270.0
270.1
270.1
270.2
270.3
270.3
270.4
270.5
270.5
270.6
270.7
270.7
270.7
270.8
270.8
270.8
270.8
270.9
270.9
270.9
270.9
270.9
271.0
271.0
271.0
271.0
271.0
271.2
271.2
271.3
271.3
271.3
271.3
271.3
271.4
271.4
271.4
271.5
271.5
271.5
271.5
271.5
271.8
272.3
272.4
272.4
272.4
272.6
272.6
272.9
273.0
273.6
273.7
274.0
274.5
274.5
274.6
274.8
274.9
274.9
275.0
275.1
275.1
275.1
275.1
275.2
275.2
275.2
275.2
275.2
275.3
275.3
275.3
275.4
275.4
275.4
275.4
275.5
275.5
275.5
275.5
275.5
275.5
275.5
275.6
275.6
275.6
275.7
275.7
275.8
275.9
275.9
275.9
276.0
276.0
276.2
276.3
276.3
276.3
276.3
276.4
276.4
276.5
276.5
276.5
276.5
276.5
276.5
276.6
276.7
276.7
276.7
276.7
276.8
276.9
277.0
277.0
277.1
277.1
277.2
277.2
277.7
277.7
277.7
277.9
277.9
278.0
278.2
278.2
278.3
278.4
278.4
278.7
278.7
279.0
279.1
280.5
280.6
280.8
281.2
281.3
281.7
282.8
283.5
283.5
283.7
284.0
284.0
284.1
284.4
284.8
285.2
285.5
285.7
285.8
285.9
286.0
286.1
286.2
286.2
286.3
286.4
286.4
286.5
286.7
286.7
286.9
287.0
287.1
287.3
287.4
287.6
287.6
287.6
287.6
287.7
287.9
287.9
287.9
288.2
288.4
289.0
289.3
289.3
289.3
290.4
290.5
290.7
291.4
291.7
292.0
293.5
293.7
293.9
294.4
294.7
295.7
296.3
296.6
297.6
298.0
298.9
302.5
306.0
313.3
317.1
417.3
417.4
417.4
417.4
417.4
417.4
417.4
417.4
417.4
417.4
417.4
417.4
417.4
417.4
417.5
417.5
417.5
417.5
417.5
417.5
417.5
417.5
417.5
417.5
417.5
417.5
417.5
417.5
417.5
417.5
417.5
417.5
417.5
417.5
417.5
417.5
417.5
417.5
417.5
417.5
417.5
417.5
417.5
417.5
417.5
417.5
417.5
417.5
417.5
417.6
417.6
417.6
417.6
417.6
417.6
417.6
417.6
417.6
417.6
417.6
417.6
417.6
417.6
417.6
417.6
417.6
417.7
417.7
417.7
417.7
417.7
417.7
417.7
417.7
417.7
417.7
417.7
417.7
417.7
417.8
417.8
417.9
417.9
417.9
417.9
418.0
418.0
418.0
418.3
418.3
418.4
418.4
418.7
418.7
419.0
419.1
419.1
419.2
419.2
419.5
423.9
424.1
424.1
424.1
424.1
424.1
424.1
424.1
424.1
424.2
424.2
424.2
424.2
424.2
424.2
424.2
424.2
424.2
424.2
424.2
424.2
424.3
424.3
424.3
424.3
424.3
424.3
424.3
424.3
424.3
424.3
424.4
424.4
424.4
424.4
424.4
424.4
424.4
424.4
424.4
424.4
424.4
424.4
424.5
424.5
424.5
424.5
424.5
424.5
424.5
424.5
424.5
424.5
424.6
424.6
424.6
424.6
424.6
424.7
424.7
424.7
424.7
424.7
424.7
424.7
424.7
424.8
424.8
424.9
424.9
424.9
424.9
424.9
424.9
424.9
424.9
424.9
425.0
425.1
425.1
425.2
425.6
425.7
425.8
425.9
426.0
426.3
426.4
427.5
427.7
428.3
428.5
429.9
430.1
432.5
434.3
435.3
436.0
436.5
469.7
546.8
546.8
546.8
546.8
546.8
546.8
546.8
546.8
546.8
546.8
546.8
546.8
546.9
546.9
546.9
546.9
546.9
546.9
546.9
546.9
546.9
546.9
546.9
546.9
546.9
546.9
546.9
546.9
546.9
546.9
546.9
546.9
546.9
546.9
546.9
546.9
546.9
546.9
546.9
546.9
546.9
546.9
546.9
547.0
547.0
547.0
547.0
547.0
547.0
547.0
547.0
547.0
547.0
547.0
547.1
547.1
547.1
547.1
547.1
547.1
547.1
547.1
547.1
547.1
547.1
547.1
547.1
547.1
547.1
547.1
547.1
547.1
547.1
547.1
547.1
547.1
547.2
547.2
547.2
547.2
547.2
547.2
547.2
547.2
547.3
547.3
547.4
547.5
547.5
547.5
547.6
547.9
547.9
547.9
548.1
548.3
548.3
548.4
548.4
549.1
558.8
558.9
559.2
559.2
559.3
559.3
559.4
559.5
559.6
559.7
559.7
559.7
559.8
559.8
559.8
559.8
559.8
559.9
560.0
560.0
560.1
560.1
560.2
560.2
560.2
560.2
560.2
560.3
560.3
560.3
560.4
560.4
560.6
560.7
560.7
560.9
560.9
561.0
561.0
561.1
561.2
561.2
561.3
561.3
561.3
561.4
561.5
561.7
561.9
562.1
562.2
562.3
562.3
562.5
562.7
562.8
562.9
562.9
562.9
562.9
563.0
563.0
563.1
563.1
563.1
563.1
563.2
563.2
563.2
563.2
563.2
563.3
563.4
563.4
563.4
563.5
563.5
563.7
563.7
563.8
563.9
564.0
564.0
564.2
564.3
564.4
564.7
564.8
565.5
565.6
565.8
565.9
566.7
567.0
567.8
568.0
568.1
568.1
568.2
568.2
568.2
568.3
568.4
568.4
568.4
568.5
568.5
568.5
568.6
568.7
568.7
568.7
568.7
568.7
568.7
568.8
568.8
568.8
568.9
568.9
569.0
569.0
569.1
569.1
569.2
569.2
569.2
569.2
569.3
569.3
569.4
569.4
569.5
569.7
569.8
570.1
570.2
570.3
570.4
570.9
570.9
570.9
571.1
571.1
571.2
571.2
571.5
572.9
573.4
573.4
573.8
573.9
574.4
574.8
574.9
575.6
575.7
575.9
576.1
576.3
576.5
576.5
576.5
576.6
576.7
576.7
577.1
577.2
577.2
577.4
577.5
577.5
577.6
577.7
578.0
578.1
578.2
578.4
578.4
578.5
579.0
579.1
579.3
579.6
580.0
580.1
580.2
580.3
580.8
580.8
580.8
580.9
580.9
580.9
580.9
580.9
580.9
580.9
581.0
581.0
581.0
581.0
581.0
581.0
581.1
581.1
581.1
581.1
581.1
581.1
581.1
581.1
581.1
581.1
581.2
581.2
581.2
581.2
581.2
581.2
581.3
581.3
581.3
581.4
581.4
581.4
581.4
581.4
581.4
581.4
581.4
581.4
581.5
581.5
581.6
581.6
581.6
581.8
581.9
581.9
582.1
582.1
582.2
582.2
582.4
582.4
582.4
582.6
582.7
582.7
582.9
582.9
582.9
582.9
583.0
583.1
583.1
583.3
583.3
583.3
583.3
583.4
583.4
583.4
583.5
583.5
583.5
583.6
583.7
583.7
583.8
583.8
583.8
584.0
584.0
584.1
584.3
584.5
584.6
584.7
585.1
585.4
585.5
585.5
585.6
585.7
585.7
585.7
585.8
585.8
585.9
585.9
586.0
586.1
586.1
586.2
586.2
586.2
586.2
586.3
586.3
586.3
586.4
586.4
586.4
586.4
586.5
586.6
586.6
586.6
586.6
586.6
586.6
586.6
586.6
586.7
586.7
586.7
586.9
586.9
587.0
587.0
587.1
587.1
587.2
587.2
587.2
587.4
587.4
587.5
587.7
587.9
587.9
587.9
588.1
588.3
588.4
588.5
588.5
588.6
588.6
588.6
588.8
589.1
589.3
589.3
589.3
589.4
589.5
589.5
589.6
589.6
590.1
590.3
590.5
590.5
590.8
590.8
590.9
591.0
591.6
591.6
591.6
591.9
592.1
592.1
592.5
592.5
592.5
592.7
592.8
593.3
593.4
593.6
593.7
594.2
594.3
594.4
594.5
594.7
595.0
595.2
595.4
595.6
595.8
596.1
596.1
596.6
596.8
596.8
596.8
597.0
597.4
597.5
597.7
597.7
597.8
597.8
598.0
598.1
598.2
598.2
598.3
598.3
598.4
598.7
598.9
599.3
599.3
599.8
600.6
600.6
601.0
601.0
601.2
602.3
603.0
603.4
603.6
603.9
604.2
604.8
605.4
605.8
606.6
607.8
609.4
609.8
610.7
611.4
611.6
612.9
613.4
618.6
619.6
622.6
624.1
693.8
693.8
693.9
693.9
693.9
693.9
693.9
693.9
693.9
693.9
693.9
693.9
693.9
693.9
693.9
693.9
693.9
693.9
693.9
693.9
693.9
693.9
693.9
693.9
693.9
693.9
693.9
693.9
693.9
693.9
694.0
694.0
694.0
694.0
694.0
694.0
694.0
694.0
694.0
694.0
694.0
694.0
694.0
694.0
694.0
694.0
694.0
694.0
694.0
694.0
694.1
694.1
694.1
694.1
694.1
694.1
694.1
694.1
694.1
694.1
694.1
694.1
694.1
694.1
694.1
694.1
694.1
694.1
694.1
694.1
694.1
694.1
694.1
694.2
694.2
694.2
694.2
694.2
694.2
694.2
694.2
694.2
694.2
694.2
694.3
694.4
694.4
694.5
694.5
694.6
694.6
694.9
694.9
694.9
695.1
695.3
695.3
695.4
695.4
696.1
703.0
703.1
703.1
703.1
703.1
703.1
703.2
703.2
703.2
703.2
703.2
703.2
703.2
703.2
703.2
703.2
703.2
703.2
703.2
703.3
703.3
703.3
703.3
703.3
703.3
703.3
703.3
703.3
703.3
703.3
703.3
703.3
703.3
703.3
703.3
703.4
703.4
703.4
703.4
703.4
703.4
703.4
703.4
703.4
703.4
703.4
703.5
703.5
703.5
703.5
703.5
703.5
703.5
703.5
703.5
703.6
703.6
703.6
703.6
703.6
703.6
703.6
703.6
703.6
703.6
703.6
703.6
703.7
703.7
703.7
703.7
703.7
703.7
703.8
703.8
703.8
703.8
703.8
703.8
703.8
703.9
704.1
704.2
704.2
704.3
704.3
704.6
704.6
705.3
705.4
705.8
705.8
706.7
706.8
708.0
708.6
708.8
709.0
709.1
709.7
711.2
711.3
711.3
711.4
711.4
711.4
711.4
711.4
711.4
711.4
711.4
711.4
711.5
711.5
711.5
711.5
711.5
711.5
711.5
711.5
711.5
711.5
711.5
711.5
711.5
711.5
711.5
711.5
711.5
711.5
711.5
711.6
711.6
711.6
711.6
711.6
711.6
711.6
711.6
711.6
711.6
711.6
711.6
711.6
711.6
711.6
711.6
711.6
711.6
711.6
711.6
711.6
711.6
711.6
711.7
711.7
711.7
711.7
711.7
711.7
711.7
711.7
711.7
711.7
711.7
711.7
711.7
711.7
711.7
711.8
711.8
711.8
711.8
711.8
711.8
711.9
711.9
711.9
711.9
711.9
712.1
712.2
712.2
712.3
712.7
712.8
713.2
713.5
714.9
715.3
715.5
716.5
718.4
718.4
718.5
718.5
718.5
718.5
718.6
718.6
718.6
718.6
718.6
718.6
718.6
718.7
718.7
718.7
718.7
718.7
718.7
718.7
718.8
718.8
718.8
718.8
718.8
718.8
718.8
718.8
718.9
718.9
718.9
718.9
719.0
719.0
719.0
719.0
719.0
719.1
719.1
719.1
719.1
719.1
719.1
719.2
719.2
719.2
719.2
719.2
719.2
719.3
719.3
719.3
719.3
719.4
719.4
719.4
719.4
719.4
719.4
719.4
719.5
719.5
719.6
719.6
719.6
719.7
719.7
719.7
719.8
719.8
719.9
719.9
720.0
720.0
720.1
720.1
720.1
720.1
720.2
720.2
720.3
720.4
720.4
720.5
720.6
720.7
720.8
720.8
721.0
721.1
721.1
721.1
721.1
721.2
721.5
722.0
722.0
722.4
723.5
723.8
723.8
723.8
723.9
724.0
724.0
724.1
724.1
724.2
724.2
724.2
724.2
724.3
724.3
724.4
724.5
724.5
724.5
724.6
724.6
724.6
724.7
724.7
724.7
724.7
724.8
724.8
724.9
725.0
725.0
725.2
725.2
725.3
725.3
725.3
725.4
725.4
725.5
725.6
725.6
725.6
725.6
725.7
725.7
725.8
725.8
725.9
725.9
726.0
726.0
726.1
726.1
726.4
726.4
726.5
726.5
726.6
726.6
726.6
726.8
726.9
726.9
727.0
727.2
727.3
727.4
727.9
728.2
728.2
728.3
728.7
728.7
728.8
728.9
729.2
729.6
729.6
729.7
730.1
730.2
730.5
730.8
731.1
731.3
731.4
731.6
732.2
733.1
734.0
734.0
734.2
734.4
734.4
734.5
734.6
734.6
734.7
734.7
734.7
734.8
734.8
734.8
734.9
734.9
734.9
734.9
734.9
734.9
734.9
734.9
735.0
735.0
735.0
735.0
735.0
735.0
735.0
735.0
735.1
735.1
735.1
735.1
735.1
735.2
735.2
735.2
735.2
735.2
735.2
735.2
735.2
735.3
735.3
735.3
735.3
735.3
735.3
735.3
735.3
735.3
735.4
735.4
735.4
735.4
735.4
735.5
735.5
735.5
735.5
735.5
735.5
735.6
735.6
735.6
735.6
735.7
735.7
735.7
735.7
735.8
735.8
735.8
735.8
735.8
735.9
735.9
735.9
736.0
736.0
736.0
736.0
736.1
736.1
736.1
736.2
736.2
736.2
736.5
736.7
736.7
737.0
737.0
737.1
737.3
737.4
737.6
737.7
739.8
741.1
741.3
742.3
742.3
742.8
743.0
743.1
743.2
743.4
743.5
743.7
743.8
743.9
743.9
743.9
743.9
743.9
744.0
744.0
744.0
744.0
744.1
744.1
744.1
744.2
744.2
744.3
744.4
744.4
744.4
744.5
744.5
744.5
744.6
744.6
744.7
744.7
744.7
744.7
744.8
744.8
744.8
744.8
744.9
744.9
745.0
745.0
745.0
745.0
745.1
745.1
745.1
745.1
745.2
745.3
745.3
745.3
745.4
745.4
745.6
745.7
745.7
745.8
745.8
745.9
745.9
745.9
746.0
746.0
746.1
746.2
746.3
746.5
746.6
746.6
746.6
746.6
746.8
747.0
747.0
747.0
747.0
747.1
747.1
747.2
747.3
747.4
747.4
747.4
747.7
747.9
747.9
748.0
748.0
748.6
749.3
750.1
751.2
751.5
751.9
755.2
755.2
755.7
755.8
755.9
755.9
756.0
756.0
756.0
756.1
756.1
756.1
756.2
756.3
756.3
756.3
756.3
756.4
756.4
756.5
756.5
756.5
756.6
756.6
756.6
756.6
756.6
756.7
756.7
756.7
756.7
756.8
756.8
756.9
756.9
756.9
756.9
757.0
757.0
757.0
757.0
757.0
757.1
757.2
757.2
757.2
757.2
757.2
757.3
757.3
757.3
757.3
757.3
757.4
757.4
757.4
757.5
757.5
757.5
757.6
757.6
757.7
757.7
757.7
757.8
757.8
757.8
757.8
758.0
758.0
758.0
758.1
758.1
758.1
758.1
758.1
758.1
758.2
758.2
758.2
758.3
758.4
758.5
758.6
758.6
759.0
759.1
759.2
759.3
760.5
761.0
761.7
763.5
764.3
766.3
778.4
780.4
864.9
864.9
865.0
865.0
865.0
865.0
865.0
865.0
865.0
865.0
865.1
865.1
865.2
865.2
865.2
865.2
865.3
865.3
865.3
865.3
865.3
865.3
865.3
865.3
865.3
865.3
865.3
865.3
865.4
865.4
865.4
865.4
865.4
865.4
865.4
865.4
865.4
865.4
865.4
865.4
865.4
865.4
865.4
865.4
865.4
865.4
865.5
865.5
865.5
865.5
865.5
865.5
865.5
865.5
865.5
865.5
865.5
865.5
865.5
865.5
865.5
865.5
865.5
865.5
865.6
865.6
865.6
865.6
865.6
865.6
865.6
865.6
865.6
865.6
865.7
865.7
865.7
865.7
865.7
865.7
865.7
865.8
865.8
865.8
865.8
865.9
866.3
866.4
866.5
867.1
867.1
867.3
867.5
867.7
867.8
867.9
867.9
868.0
868.1
868.1
869.5
869.6
869.6
869.6
869.6
869.6
869.6
869.7
869.7
869.7
869.7
869.7
869.8
869.8
869.8
869.8
869.8
869.8
869.9
869.9
869.9
869.9
869.9
869.9
869.9
869.9
869.9
869.9
869.9
869.9
870.0
870.0
870.0
870.0
870.0
870.0
870.0
870.0
870.0
870.0
870.0
870.0
870.0
870.0
870.0
870.0
870.0
870.1
870.1
870.1
870.1
870.1
870.1
870.1
870.1
870.1
870.1
870.1
870.1
870.1
870.1
870.1
870.2
870.2
870.2
870.2
870.2
870.2
870.2
870.2
870.2
870.2
870.2
870.2
870.3
870.3
870.3
870.4
870.4
870.5
870.5
870.5
870.6
870.6
870.8
870.8
871.8
872.1
872.2
873.4
873.6
874.0
875.0
875.5
876.8
877.2
877.2
877.2
877.2
877.2
877.3
877.3
877.4
877.4
877.4
877.4
877.4
877.4
877.5
877.5
877.5
877.5
877.5
877.5
877.5
877.5
877.5
877.6
877.6
877.6
877.6
877.6
877.6
877.6
877.6
877.6
877.6
877.6
877.6
877.6
877.7
877.7
877.7
877.7
877.7
877.7
877.7
877.7
877.7
877.7
877.7
877.7
877.7
877.7
877.7
877.7
877.8
877.8
877.8
877.8
877.8
877.8
877.8
877.8
877.8
877.8
877.8
877.8
877.8
877.8
877.8
877.9
877.9
877.9
877.9
877.9
877.9
878.0
878.0
878.0
878.0
878.0
878.1
878.1
878.1
878.2
878.3
878.3
878.4
878.5
878.6
878.6
878.6
878.7
879.2
879.2
879.6
879.7
880.7
880.8
881.0
881.2
881.5
881.6
881.8
881.8
882.0
882.0
882.1
882.2
882.2
882.2
882.3
882.3
882.3
882.3
882.3
882.4
882.4
882.4
882.4
882.4
882.5
882.5
882.5
882.5
882.5
882.6
882.6
882.6
882.6
882.6
882.6
882.6
882.6
882.6
882.6
882.7
882.7
882.7
882.7
882.7
882.8
882.8
882.8
882.8
882.9
883.0
883.0
883.0
883.0
883.0
883.0
883.1
883.1
883.1
883.1
883.1
883.1
883.1
883.2
883.2
883.3
883.4
883.4
883.4
883.5
883.5
883.7
883.8
883.8
883.9
883.9
884.0
884.0
884.1
884.2
884.3
884.7
884.9
885.1
885.3
885.4
885.4
885.5
885.5
885.8
885.9
886.4
886.5
886.9
887.4
887.6
888.0
888.4
888.7
888.8
889.3
889.5
889.6
889.6
889.9
890.2
890.2
890.4
890.5
890.5
890.6
890.8
890.9
891.0
891.0
891.1
891.1
891.2
891.3
891.3
891.4
891.4
891.4
891.5
891.6
891.7
891.8
891.8
892.0
892.2
892.3
892.4
892.4
892.4
892.5
892.7
892.8
892.9
892.9
893.3
893.5
893.6
893.6
893.7
893.8
893.8
894.0
894.3
894.6
894.6
895.3
895.4
895.5
895.7
895.8
895.8
896.0
896.1
896.2
896.2
896.3
896.3
896.9
898.6
899.0
899.1
900.0
900.2
900.6
900.7
901.4
903.8
904.1
906.7
906.7
906.9
907.8
908.1
909.1
909.1
909.1
909.1
909.2
909.2
909.3
909.7
909.7
909.7
909.9
910.0
910.1
910.1
910.2
910.2
910.2
910.2
910.3
910.3
910.3
910.4
910.4
910.4
910.4
910.4
910.4
910.4
910.4
910.5
910.5
910.5
910.5
910.5
910.5
910.5
910.6
910.6
910.6
910.6
910.6
910.6
910.6
910.6
910.6
910.6
910.7
910.7
910.7
910.7
910.7
910.7
910.7
910.7
910.7
910.8
910.8
910.8
910.8
910.8
910.9
910.9
910.9
910.9
911.0
911.0
911.0
911.1
911.1
911.2
911.2
911.2
911.3
911.3
911.4
911.4
911.5
911.6
911.7
911.8
911.8
911.9
911.9
912.0
912.2
912.3
912.6
912.9
913.3
913.5
913.7
914.1
914.6
915.5
916.6
917.7
917.7
918.0
918.1
918.3
918.3
918.3
918.4
918.4
918.4
918.5
918.5
918.5
918.5
918.5
918.5
918.5
918.6
918.6
918.6
918.6
918.6
918.6
918.6
918.6
918.6
918.6
918.6
918.6
918.6
918.6
918.6
918.6
918.7
918.7
918.7
918.7
918.7
918.7
918.7
918.7
918.7
918.7
918.7
918.7
918.7
918.7
918.7
918.7
918.7
918.7
918.7
918.7
918.7
918.7
918.7
918.7
918.7
918.7
918.7
918.7
918.7
918.7
918.8
918.8
918.8
918.8
918.8
918.8
918.8
918.8
918.8
918.8
918.8
918.8
918.8
918.8
918.8
918.8
918.9
918.9
918.9
918.9
919.0
919.0
919.0
919.1
919.1
919.2
919.4
919.5
919.6
920.0
920.3
920.4
920.5
921.0
921.7
923.1
925.5
925.7
925.9
926.5
926.6
927.2
927.2
927.3
927.4
927.6
927.6
927.7
927.8
927.8
927.8
928.0
928.0
928.1
928.1
928.1
928.2
928.2
928.3
928.3
928.3
928.4
928.4
928.4
928.4
928.4
928.4
928.5
928.5
928.5
928.5
928.5
928.6
928.6
928.6
928.6
928.6
928.7
928.7
928.8
928.8
928.8
928.8
928.8
928.9
929.0
929.0
929.0
929.0
929.0
929.0
929.1
929.1
929.1
929.1
929.1
929.1
929.1
929.2
929.2
929.2
929.2
929.2
929.3
929.3
929.3
929.3
929.3
929.4
929.4
929.4
929.4
929.5
929.5
929.5
929.6
929.6
929.7
929.8
929.8
929.9
930.0
930.0
930.0
930.1
930.3
930.7
931.0
931.1
931.7
931.9
932.5
933.5
933.9
934.6
935.9
936.5
939.2
939.7
940.2
940.2
940.6
940.6
940.8
941.2
941.2
941.6
941.7
941.7
942.0
942.2
942.4
942.6
942.7
942.9
943.0
943.1
943.7
944.0
944.1
944.3
944.7
945.1
945.1
946.2
947.0
947.4
949.4
950.3
951.1
951.1
953.1
953.2
953.6
954.8
956.6
957.2
957.3
958.8
959.2
962.1
962.4
963.2
968.1
975.4
1040.2
1040.2
1040.2
1040.2
1040.2
1040.2
1040.2
1040.2
1040.2
1040.2
1040.3
1040.3
1040.3
1040.3
1040.3
1040.3
1040.3
1040.3
1040.4
1040.4
1040.4
1040.4
1040.4
1040.4
1040.4
1040.4
1040.4
1040.4
1040.4
1040.4
1040.4
1040.4
1040.4
1040.4
1040.4
1040.4
1040.5
1040.5
1040.5
1040.5
1040.5
1040.5
1040.5
1040.5
1040.5
1040.5
1040.5
1040.5
1040.5
1040.5
1040.6
1040.6
1040.6
1040.6
1040.6
1040.6
1040.6
1040.7
1040.7
1040.7
1040.7
1040.7
1040.7
1040.7
1040.7
1040.8
1040.8
1040.8
1040.8
1040.8
1040.8
1040.9
1040.9
1040.9
1040.9
1041.0
1041.0
1041.0
1041.0
1041.0
1041.0
1041.0
1041.1
1041.1
1041.1
1041.2
1041.3
1041.4
1041.4
1041.6
1041.6
1041.7
1041.8
1041.9
1042.1
1042.1
1042.2
1042.2
1042.2
1042.2
1045.5
1045.5
1045.5
1045.5
1045.6
1045.6
1045.6
1045.6
1045.7
1045.7
1045.7
1045.7
1045.7
1045.8
1045.8
1045.8
1045.8
1045.8
1045.8
1045.8
1045.8
1045.8
1045.8
1045.9
1045.9
1045.9
1045.9
1045.9
1045.9
1045.9
1045.9
1045.9
1045.9
1046.0
1046.0
1046.0
1046.0
1046.0
1046.0
1046.0
1046.0
1046.0
1046.1
1046.1
1046.1
1046.1
1046.1
1046.1
1046.1
1046.1
1046.1
1046.2
1046.2
1046.2
1046.2
1046.2
1046.2
1046.2
1046.2
1046.2
1046.3
1046.3
1046.3
1046.3
1046.3
1046.3
1046.3
1046.3
1046.3
1046.3
1046.3
1046.3
1046.4
1046.4
1046.5
1046.5
1046.6
1046.6
1046.6
1046.7
1046.7
1046.8
1046.8
1046.9
1047.1
1047.2
1047.4
1047.5
1048.1
1048.3
1048.4
1048.7
1049.4
1049.7
1050.7
1051.0
1051.3
1051.7
1051.7
1052.0
1052.3
1052.3
1052.3
1052.3
1052.4
1052.4
1052.4
1052.4
1052.4
1052.4
1052.4
1052.5
1052.5
1052.5
1052.5
1052.5
1052.5
1052.5
1052.5
1052.6
1052.6
1052.6
1052.6
1052.6
1052.6
1052.6
1052.7
1052.7
1052.7
1052.7
1052.8
1052.8
1052.8
1052.8
1052.8
1052.8
1052.8
1052.8
1052.8
1052.9
1052.9
1052.9
1052.9
1053.0
1053.0
1053.0
1053.0
1053.0
1053.0
1053.0
1053.0
1053.1
1053.1
1053.1
1053.1
1053.1
1053.2
1053.2
1053.2
1053.2
1053.2
1053.2
1053.3
1053.3
1053.3
1053.3
1053.4
1053.5
1053.5
1053.5
1053.5
1053.6
1053.6
1053.6
1053.7
1053.7
1053.7
1053.7
1054.1
1054.1
1054.1
1054.2
1054.2
1054.3
1054.3
1054.6
1054.7
1054.7
1055.3
1055.3
1055.4
1056.3
1056.6
1057.0
1057.1
1057.3
1057.4
1057.5
1057.5
1057.6
1057.6
1057.6
1057.6
1057.6
1057.7
1057.7
1057.7
1057.8
1057.9
1057.9
1057.9
1057.9
1057.9
1058.0
1058.0
1058.0
1058.0
1058.1
1058.1
1058.1
1058.2
1058.2
1058.2
1058.4
1058.4
1058.5
1058.5
1058.5
1058.6
1058.6
1058.6
1058.6
1058.6
1058.7
1058.7
1058.7
1058.8
1058.8
1058.8
1058.8
1058.9
1058.9
1059.0
1059.0
1059.2
1059.2
1059.3
1059.3
1059.3
1059.4
1059.4
1059.4
1059.5
1059.5
1059.6
1059.6
1059.7
1059.7
1059.8
1060.2
1060.2
1060.3
1060.4
1060.5
1060.6
1060.6
1060.6
1060.8
1060.8
1061.1
1061.2
1061.4
1061.6
1061.8
1061.9
1062.0
1062.0
1062.3
1062.3
1062.6
1063.3
1063.4
1063.4
1064.4
1065.4
1065.6
1066.4
1066.6
1066.8
1067.1
1067.7
1068.2
1068.4
1068.4
1068.4
1068.7
1068.9
1069.1
1069.3
1069.5
1069.5
1069.6
1069.7
1070.2
1070.3
1070.4
1070.5
1070.9
1070.9
1071.3
1071.4
1071.5
1071.5
1071.8
1071.8
1071.9
1071.9
1072.4
1072.9
1072.9
1073.7
1074.2
1074.2
1074.5
1075.8
1076.0
1077.2
1077.5
1078.3
1080.1
1080.9
1081.5
1082.1
1084.1
1090.8
1092.1
1097.7
1206.0
1206.0
1206.0
1206.0
1206.0
1206.0
1206.0
1206.0
1206.0
1206.0
1206.0
1206.0
1206.0
1206.0
1206.0
1206.0
1206.0
1206.0
1206.0
1206.0
1206.0
1206.0
1206.0
1206.0
1206.0
1206.0
1206.0
1206.0
1206.0
1206.0
1206.0
1206.0
1206.0
1206.0
1206.0
1206.0
1206.0
1206.0
1206.0
1206.0
1206.0
1206.0
1206.1
1206.1
1206.1
1206.1
1206.1
1206.1
1206.1
1206.1
1206.1
1206.1
1206.1
1206.1
1206.1
1206.1
1206.1
1206.1
1206.1
1206.1
1206.1
1206.1
1206.1
1206.1
1206.1
1206.1
1206.1
1206.1
1206.1
1206.1
1206.1
1206.1
1206.1
1206.1
1206.1
1206.1
1206.1
1206.2
1206.2
1206.2
1206.2
1206.2
1206.3
1206.3
1206.3
1206.3
1206.3
1206.3
1206.5
1206.5
1206.6
1206.6
1206.7
1206.7
1206.8
1206.9
1206.9
1207.0
1207.0
1207.1
1211.5
1211.5
1211.5
1211.6
1211.6
1211.6
1211.6
1211.6
1211.6
1211.6
1211.7
1211.7
1211.7
1211.7
1211.7
1211.7
1211.7
1211.7
1211.7
1211.7
1211.7
1211.7
1211.7
1211.7
1211.7
1211.7
1211.7
1211.7
1211.7
1211.7
1211.7
1211.7
1211.8
1211.8
1211.8
1211.8
1211.8
1211.8
1211.8
1211.8
1211.8
1211.8
1211.8
1211.8
1211.8
1211.8
1211.8
1211.8
1211.8
1211.8
1211.8
1211.8
1211.8
1211.9
1211.9
1211.9
1211.9
1211.9
1211.9
1211.9
1211.9
1211.9
1211.9
1211.9
1211.9
1211.9
1211.9
1211.9
1211.9
1211.9
1212.0
1212.0
1212.0
1212.0
1212.0
1212.0
1212.0
1212.0
1212.1
1212.1
1212.2
1212.3
1212.4
1212.5
1212.8
1212.8
1212.8
1212.9
1213.8
1213.9
1213.9
1214.3
1215.1
1215.4
1216.3
1216.6
1216.8
1216.9
1216.9
1216.9
1217.0
1217.0
1217.0
1217.0
1217.0
1217.0
1217.0
1217.1
1217.1
1217.1
1217.1
1217.1
1217.1
1217.1
1217.1
1217.1
1217.2
1217.2
1217.2
1217.2
1217.2
1217.2
1217.2
1217.2
1217.2
1217.3
1217.3
1217.3
1217.3
1217.3
1217.3
1217.4
1217.4
1217.4
1217.4
1217.4
1217.4
1217.4
1217.4
1217.4
1217.5
1217.5
1217.5
1217.5
1217.5
1217.5
1217.5
1217.5
1217.5
1217.6
1217.6
1217.6
1217.6
1217.6
1217.6
1217.7
1217.7
1217.7
1217.7
1217.7
1217.8
1217.8
1217.8
1217.8
1217.8
1217.8
1217.9
1218.0
1218.1
1218.1
1218.1
1218.1
1218.2
1218.2
1218.2
1218.2
1218.3
1218.3
1218.6
1218.7
1218.7
1218.7
1218.7
1218.8
1218.8
1219.0
1219.3
1219.3
1220.0
1220.2
1220.6
1220.8
1222.0
1222.1
1222.1
1222.2
1222.3
1222.4
1222.4
1222.4
1222.4
1222.5
1222.5
1222.5
1222.5
1222.6
1222.6
1222.6
1222.6
1222.7
1222.7
1222.8
1222.8
1222.9
1222.9
1222.9
1222.9
1222.9
1222.9
1222.9
1222.9
1223.0
1223.0
1223.0
1223.1
1223.1
1223.2
1223.2
1223.2
1223.3
1223.3
1223.3
1223.4
1223.4
1223.4
1223.5
1223.5
1223.5
1223.6
1223.7
1223.7
1223.7
1223.8
1223.8
1223.9
1223.9
1224.0
1224.0
1224.0
1224.0
1224.1
1224.1
1224.1
1224.2
1224.3
1224.4
1224.4
1224.5
1224.6
1224.7
1224.8
1225.0
1225.0
1225.1
1225.2
1225.3
1225.4
1225.5
1225.5
1225.6
1225.7
1226.0
1226.0
1226.1
1226.1
1226.2
1226.3
1226.9
1226.9
1227.0
1227.1
1227.2
1227.3
1228.0
1228.4
1229.3
1230.5
1230.6
1231.0
1232.3
1232.7
1233.2
1233.5
1233.6
1234.7
1234.8
1234.9
1235.6
1235.7
1235.7
1235.8
1236.1
1236.4
1237.0
1237.2
1237.3
1237.8
1237.9
1238.1
1238.9
1239.0
1239.4
1239.7
1239.8
1239.8
1239.8
1240.4
1240.5
1241.5
1241.6
1242.2
1242.6
1243.1
1243.5
1244.3
1245.6
1246.3
1247.3
1248.2
1248.6
1249.9
1250.2
1250.3
1251.6
1254.3
1254.4
1257.0
1258.5
1258.9
1259.0
1259.1
1259.2
1259.2
1259.2
1259.2
1259.3
1259.3
1259.3
1259.3
1259.3
1259.3
1259.4
1259.4
1259.4
1259.5
1259.5
1259.5
1259.5
1259.5
1259.5
1259.5
1259.5
1259.6
1259.7
1259.7
1259.7
1259.7
1259.7
1259.7
1259.7
1259.7
1259.7
1259.7
1259.7
1259.7
1259.7
1259.8
1259.8
1259.8
1259.8
1259.8
1259.8
1259.8
1259.8
1259.8
1259.8
1259.8
1259.8
1259.8
1259.8
1259.8
1259.8
1259.9
1259.9
1259.9
1259.9
1259.9
1259.9
1259.9
1259.9
1259.9
1259.9
1259.9
1259.9
1259.9
1260.0
1260.0
1260.0
1260.0
1260.0
1260.0
1260.0
1260.0
1260.0
1260.0
1260.0
1260.0
1260.0
1260.0
1260.1
1260.1
1260.2
1260.2
1260.3
1260.3
1260.4
1260.5
1260.6
1260.6
1260.6
1260.7
1260.8
1260.9
1261.0
1261.1
1261.6
1263.2
1267.1
1268.6
1269.8
1269.9
1270.1
1270.3
1270.5
1270.5
1270.6
1270.7
1271.1
1271.2
1271.2
1271.3
1271.3
1271.5
1271.8
1271.8
1271.9
1271.9
1272.0
1272.1
1272.8
1272.8
1272.8
1272.8
1273.0
1273.1
1273.2
1273.2
1273.2
1273.3
1273.3
1273.5
1273.5
1273.6
1273.8
1273.9
1274.0
1274.0
1274.1
1274.2
1274.2
1274.2
1274.3
1274.3
1274.3
1274.3
1274.4
1274.5
1274.6
1274.7
1274.7
1274.7
1274.8
1274.8
1274.9
1275.0
1275.1
1275.1
1275.2
1275.2
1275.3
1275.4
1275.4
1275.9
1276.1
1276.3
1276.4
1276.4
1276.4
1276.4
1276.5
1276.5
1276.6
1276.7
1276.7
1276.9
1277.0
1277.2
1277.3
1277.4
1277.8
1278.1
1278.3
1279.0
1280.0
1281.7
1281.8
1282.2
1287.3
1288.3
1290.8
1375.8
1375.8
1375.8
1375.8
1375.8
1375.8
1375.8
1375.8
1375.8
1375.8
1375.9
1375.9
1375.9
1375.9
1375.9
1375.9
1375.9
1375.9
1375.9
1375.9
1375.9
1375.9
1375.9
1375.9
1375.9
1375.9
1375.9
1375.9
1375.9
1375.9
1375.9
1375.9
1375.9
1375.9
1375.9
1375.9
1375.9
1375.9
1375.9
1375.9
1375.9
1375.9
1375.9
1375.9
1375.9
1376.0
1376.0
1376.0
1376.0
1376.0
1376.0
1376.0
1376.0
1376.0
1376.0
1376.0
1376.0
1376.0
1376.0
1376.0
1376.0
1376.0
1376.0
1376.0
1376.0
1376.0
1376.0
1376.0
1376.1
1376.1
1376.1
1376.1
1376.1
1376.1
1376.1
1376.1
1376.1
1376.2
1376.2
1376.2
1376.2
1376.2
1376.2
1376.2
1376.2
1376.3
1376.6
1376.6
1376.7
1377.2
1377.2
1377.4
1377.6
1377.7
1377.9
1378.1
1378.1
1378.2
1378.3
1378.3
1380.7
1380.7
1380.8
1380.8
1380.8
1380.8
1380.8
1380.8
1380.8
1380.8
1380.8
1380.8
1380.8
1380.8
1380.8
1380.9
1380.9
1380.9
1380.9
1380.9
1380.9
1380.9
1380.9
1380.9
1380.9
1380.9
1380.9
1380.9
1380.9
1380.9
1380.9
1380.9
1380.9
1380.9
1380.9
1380.9
1380.9
1380.9
1380.9
1380.9
1380.9
1380.9
1380.9
1380.9
1380.9
1380.9
1381.0
1381.0
1381.0
1381.0
1381.0
1381.0
1381.0
1381.0
1381.0
1381.0
1381.0
1381.0
1381.0
1381.0
1381.0
1381.0
1381.0
1381.0
1381.0
1381.0
1381.0
1381.1
1381.1
1381.1
1381.1
1381.1
1381.1
1381.2
1381.2
1381.2
1381.3
1381.3
1381.3
1381.3
1381.3
1381.3
1381.3
1381.6
1381.7
1381.7
1382.3
1382.4
1382.8
1383.5
1383.6
1384.0
1384.9
1385.3
1386.5
1386.8
1387.1
1387.4
1387.4
1387.4
1387.4
1387.4
1387.4
1387.4
1387.5
1387.5
1387.5
1387.5
1387.5
1387.5
1387.5
1387.5
1387.5
1387.5
1387.5
1387.5
1387.5
1387.5
1387.6
1387.6
1387.6
1387.6
1387.6
1387.6
1387.6
1387.6
1387.6
1387.6
1387.7
1387.7
1387.7
1387.7
1387.7
1387.7
1387.7
1387.7
1387.7
1387.7
1387.7
1387.7
1387.7
1387.7
1387.7
1387.7
1387.7
1387.8
1387.8
1387.8
1387.8
1387.8
1387.8
1387.8
1387.8
1387.8
1387.8
1387.8
1387.8
1387.8
1387.9
1387.9
1387.9
1387.9
1387.9
1388.0
1388.0
1388.0
1388.0
1388.0
1388.1
1388.1
1388.1
1388.1
1388.1
1388.1
1388.2
1388.2
1388.2
1388.4
1388.4
1388.4
1388.5
1388.5
1388.6
1388.6
1388.9
1389.0
1389.0
1389.3
1390.1
1390.2
1390.3
1390.5
1391.9
1392.0
1392.0
1392.1
1392.2
1392.3
1392.3
1392.4
1392.4
1392.5
1392.5
1392.5
1392.5
1392.5
1392.5
1392.6
1392.6
1392.6
1392.7
1392.7
1392.7
1392.7
1392.8
1392.8
1392.8
1392.8
1392.8
1392.9
1392.9
1392.9
1392.9
1392.9
1393.0
1393.0
1393.1
1393.1
1393.1
1393.2
1393.2
1393.3
1393.3
1393.3
1393.3
1393.3
1393.3
1393.3
1393.3
1393.4
1393.4
1393.4
1393.5
1393.5
1393.6
1393.6
1393.7
1393.7
1393.7
1393.7
1393.8
1393.8
1393.8
1394.0
1394.0
1394.0
1394.2
1394.2
1394.4
1394.4
1394.5
1394.5
1394.5
1394.5
1394.6
1394.8
1394.8
1395.0
1395.0
1395.0
1395.1
1395.2
1395.4
1395.5
1395.5
1395.6
1396.0
1396.0
1396.1
1396.2
1396.4
1396.8
1397.2
1397.7
1398.7
1398.7
1398.8
1400.3
1400.4
1400.5
1400.6
1401.0
1401.6
1401.8
1402.0
1402.2
1402.3
1402.6
1402.6
1402.6
1402.8
1402.9
1402.9
1403.1
1403.3
1403.7
1403.7
1403.7
1403.7
1403.9
1404.0
1404.1
1404.2
1404.4
1404.4
1404.6
1404.6
1404.9
1405.0
1405.1
1405.4
1405.4
1405.5
1405.6
1405.6
1405.8
1405.9
1406.1
1407.0
1407.0
1407.3
1407.7
1407.7
1407.7
1408.2
1408.4
1408.8
1409.1
1409.5
1410.1
1410.2
1410.3
1410.6
1410.9
1410.9
1411.1
1411.5
1411.9
1413.1
1413.6
1414.7
1415.6
1416.9
1418.1
1422.2
1424.0
1425.3
1442.3
1542.5
1542.5
1542.5
1542.5
1542.5
1542.5
1542.5
1542.5
1542.5
1542.5
1542.5
1542.5
1542.5
1542.5
1542.5
1542.5
1542.5
1542.5
1542.5
1542.5
1542.5
1542.5
1542.5
1542.5
1542.5
1542.5
1542.5
1542.5
1542.5
1542.5
1542.5
1542.5
1542.5
1542.5
1542.5
1542.5
1542.5
1542.5
1542.5
1542.5
1542.5
1542.5
1542.5
1542.5
1542.5
1542.5
1542.5
1542.5
1542.5
1542.5
1542.5
1542.6
1542.6
1542.6
1542.6
1542.6
1542.6
1542.6
1542.6
1542.6
1542.6
1542.6
1542.6
1542.6
1542.6
1542.6
1542.6
1542.6
1542.6
1542.6
1542.6
1542.6
1542.6
1542.6
1542.6
1542.6
1542.6
1542.6
1542.6
1542.6
1542.6
1542.7
1542.7
1542.7
1542.7
1542.8
1542.8
1542.8
1542.9
1542.9
1543.0
1543.0
1543.1
1543.2
1543.3
1543.4
1543.4
1543.4
1543.4
1543.6
1548.0
1548.1
1548.1
1548.1
1548.1
1548.1
1548.1
1548.1
1548.1
1548.1
1548.2
1548.2
1548.2
1548.2
1548.2
1548.2
1548.2
1548.2
1548.2
1548.2
1548.2
1548.2
1548.2
1548.2
1548.2
1548.2
1548.2
1548.2
1548.2
1548.3
1548.3
1548.3
1548.3
1548.3
1548.3
1548.3
1548.3
1548.3
1548.3
1548.3
1548.3
1548.3
1548.3
1548.3
1548.3
1548.3
1548.3
1548.3
1548.3
1548.3
1548.3
1548.3
1548.4
1548.4
1548.4
1548.4
1548.4
1548.4
1548.4
1548.4
1548.4
1548.4
1548.4
1548.4
1548.4
1548.4
1548.4
1548.4
1548.4
1548.4
1548.4
1548.4
1548.5
1548.5
1548.5
1548.5
1548.5
1548.5
1548.6
1548.6
1548.7
1548.8
1548.9
1548.9
1549.2
1549.3
1549.3
1549.4
1550.3
1550.4
1550.4
1550.8
1551.6
1551.8
1552.7
1553.0
1553.2
1553.2
1553.3
1553.3
1553.3
1553.3
1553.4
1553.4
1553.4
1553.4
1553.4
1553.4
1553.4
1553.4
1553.4
1553.4
1553.5
1553.5
1553.5
1553.5
1553.5
1553.5
1553.5
1553.5
1553.5
1553.5
1553.6
1553.6
1553.6
1553.6
1553.6
1553.6
1553.6
1553.6
1553.7
1553.7
1553.7
1553.7
1553.7
1553.7
1553.7
1553.8
1553.8
1553.8
1553.8
1553.8
1553.8
1553.8
1553.8
1553.8
1553.8
1553.8
1553.9
1553.9
1553.9
1553.9
1553.9
1553.9
1554.0
1554.0
1554.0
1554.0
1554.0
1554.0
1554.1
1554.1
1554.1
1554.1
1554.1
1554.2
1554.2
1554.3
1554.4
1554.4
1554.4
1554.5
1554.5
1554.5
1554.5
1554.5
1554.6
1554.6
1554.8
1554.9
1555.0
1555.0
1555.1
1555.1
1555.2
1555.4
1555.6
1555.7
1556.5
1556.8
1557.1
1557.5
1558.4
1558.5
1558.5
1558.5
1558.7
1558.8
1558.8
1558.8
1558.8
1558.8
1558.9
1558.9
1558.9
1558.9
1559.0
1559.0
1559.1
1559.1
1559.2
1559.2
1559.2
1559.2
1559.2
1559.2
1559.3
1559.3
1559.3
1559.3
1559.3
1559.4
1559.4
1559.4
1559.5
1559.5
1559.5
1559.6
1559.6
1559.6
1559.7
1559.7
1559.8
1559.8
1559.8
1559.8
1559.8
1559.9
1560.0
1560.0
1560.1
1560.1
1560.1
1560.2
1560.3
1560.3
1560.4
1560.4
1560.5
1560.5
1560.6
1560.6
1560.6
1560.8
1560.8
1560.9
1561.0
1561.0
1561.0
1561.0
1561.3
1561.5
1561.6
1561.6
1561.8
1561.8
1561.9
1561.9
1562.1
1562.3
1562.5
1562.5
1562.5
1562.5
1562.5
1562.6
1562.6
1563.4
1563.4
1563.5
1563.5
1563.6
1564.3
1564.6
1565.4
1565.9
1567.1
1567.2
1568.1
1568.7
1569.2
1570.0
1570.0
1570.2
1571.2
1571.6
1571.8
1571.9
1572.3
1572.4
1572.6
1572.6
1572.9
1573.4
1573.7
1573.8
1573.8
1574.3
1574.4
1575.1
1575.2
1575.3
1575.7
1576.0
1576.4
1577.4
1577.8
1578.3
1578.6
1579.0
1579.1
1579.2
1579.5
1579.7
1580.1
1581.0
1581.8
1582.4
1583.1
1585.1
1585.3
1586.7
1587.0
1587.5
1587.9
1588.8
1595.6
1595.6
1595.7
1595.8
1595.8
1595.9
1595.9
1595.9
1596.0
1596.0
1596.0
1596.1
1596.1
1596.1
1596.1
1596.1
1596.2
1596.2
1596.2
1596.2
1596.3
1596.3
1596.3
1596.3
1596.3
1596.3
1596.4
1596.4
1596.4
1596.4
1596.4
1596.4
1596.4
1596.4
1596.4
1596.4
1596.4
1596.5
1596.5
1596.5
1596.5
1596.5
1596.5
1596.5
1596.5
1596.5
1596.5
1596.5
1596.5
1596.5
1596.5
1596.6
1596.6
1596.6
1596.6
1596.6
1596.6
1596.6
1596.6
1596.6
1596.6
1596.6
1596.6
1596.6
1596.6
1596.6
1596.6
1596.7
1596.7
1596.7
1596.7
1596.7
1596.7
1596.7
1596.7
1596.7
1596.7
1596.7
1596.7
1596.8
1596.8
1596.8
1596.8
1596.8
1596.8
1596.8
1596.8
1596.9
1596.9
1597.0
1597.0
1597.1
1597.3
1597.3
1597.4
1597.5
1597.6
1597.8
1597.8
1598.3
1606.0
1606.1
1606.2
1606.4
1606.5
1607.0
1607.1
1607.1
1607.3
1607.4
1607.5
1607.7
1607.9
1607.9
1608.0
1608.1
1608.2
1608.2
1608.2
1608.6
1608.6
1608.7
1608.9
1609.5
1609.6
1609.7
1609.7
1609.8
1609.8
1609.8
1609.9
1610.0
1610.1
1610.3
1610.3
1610.4
1610.4
1610.4
1610.6
1610.6
1610.8
1610.9
1610.9
1611.0
1611.1
1611.2
1611.3
1611.3
1611.3
1611.3
1611.5
1611.5
1611.7
1611.7
1611.9
1611.9
1611.9
1612.0
1612.1
1612.2
1612.3
1612.3
1612.3
1612.5
1612.5
1612.6
1613.4
1613.6
1613.7
1613.8
1614.2
1614.3
1614.3
1614.4
1614.5
1614.5
1614.7
1614.8
1614.8
1615.3
1615.4
1615.6
1615.9
1616.0
1616.9
1617.6
1619.7
1627.6
1629.8
1637.2
1712.0
1712.1
1712.1
1712.1
1712.1
1712.1
1712.1
1712.1
1712.1
1712.1
1712.1
1712.1
1712.1
1712.1
1712.1
1712.1
1712.1
1712.1
1712.1
1712.1
1712.1
1712.1
1712.1
1712.1
1712.1
1712.1
1712.1
1712.1
1712.1
1712.1
1712.1
1712.1
1712.1
1712.1
1712.1
1712.2
1712.2
1712.2
1712.2
1712.2
1712.2
1712.2
1712.2
1712.2
1712.2
1712.2
1712.2
1712.2
1712.2
1712.2
1712.2
1712.2
1712.2
1712.2
1712.2
1712.2
1712.2
1712.2
1712.2
1712.2
1712.2
1712.2
1712.2
1712.2
1712.2
1712.2
1712.3
1712.3
1712.3
1712.3
1712.3
1712.3
1712.3
1712.3
1712.3
1712.3
1712.3
1712.4
1712.4
1712.4
1712.4
1712.4
1712.4
1712.4
1712.5
1712.5
1712.7
1712.8
1712.8
1713.2
1713.2
1713.4
1713.6
1713.8
1714.0
1714.1
1714.2
1714.3
1714.4
1714.4
1716.8
1716.9
1716.9
1716.9
1716.9
1716.9
1716.9
1716.9
1717.0
1717.0
1717.0
1717.0
1717.0
1717.0
1717.0
1717.0
1717.0
1717.0
1717.0
1717.0
1717.0
1717.0
1717.0
1717.0
1717.0
1717.0
1717.0
1717.0
1717.0
1717.0
1717.0
1717.0
1717.0
1717.0
1717.0
1717.0
1717.0
1717.0
1717.0
1717.0
1717.0
1717.0
1717.1
1717.1
1717.1
1717.1
1717.1
1717.1
1717.1
1717.1
1717.1
1717.1
1717.1
1717.1
1717.1
1717.1
1717.1
1717.1
1717.1
1717.1
1717.1
1717.1
1717.1
1717.1
1717.1
1717.1
1717.1
1717.1
1717.1
1717.2
1717.2
1717.2
1717.2
1717.2
1717.2
1717.2
1717.3
1717.3
1717.3
1717.3
1717.4
1717.4
1717.5
1717.5
1717.7
1717.8
1718.1
1718.3
1718.8
1719.3
1719.3
1719.7
1720.6
1721.0
1722.3
1722.6
1723.0
1723.3
1723.4
1723.4
1723.5
1723.5
1723.5
1723.5
1723.5
1723.5
1723.5
1723.6
1723.6
1723.6
1723.6
1723.6
1723.6
1723.6
1723.6
1723.6
1723.6
1723.6
1723.6
1723.6
1723.6
1723.7
1723.7
1723.7
1723.7
1723.7
1723.7
1723.7
1723.7
1723.7
1723.7
1723.7
1723.8
1723.8
1723.8
1723.8
1723.8
1723.8
1723.8
1723.8
1723.8
1723.8
1723.8
1723.8
1723.8
1723.8
1723.9
1723.9
1723.9
1723.9
1723.9
1723.9
1723.9
1723.9
1723.9
1723.9
1723.9
1723.9
1723.9
1724.0
1724.0
1724.0
1724.0
1724.0
1724.1
1724.1
1724.1
1724.1
1724.1
1724.2
1724.2
1724.2
1724.2
1724.2
1724.2
1724.3
1724.3
1724.4
1724.5
1724.6
1724.6
1724.6
1724.7
1724.7
1725.0
1725.0
1725.1
1725.3
1726.0
1726.0
1726.2
1726.5
1727.6
1727.7
1728.1
1728.2
1728.3
1728.4
1728.4
1728.5
1728.5
1728.5
1728.5
1728.6
1728.6
1728.6
1728.6
1728.7
1728.7
1728.7
1728.8
1728.8
1728.8
1728.8
1728.8
1728.9
1728.9
1728.9
1728.9
1728.9
1729.0
1729.0
1729.0
1729.0
1729.1
1729.1
1729.1
1729.2
1729.2
1729.3
1729.3
1729.3
1729.3
1729.4
1729.4
1729.4
1729.4
1729.4
1729.5
1729.5
1729.5
1729.6
1729.6
1729.6
1729.8
1729.8
1729.8
1729.8
1729.8
1729.8
1729.9
1729.9
1729.9
1730.1
1730.1
1730.1
1730.1
1730.2
1730.2
1730.3
1730.4
1730.5
1730.6
1730.6
1730.8
1731.0
1731.0
1731.0
1731.0
1731.1
1731.1
1731.4
1731.4
1731.4
1731.6
1731.8
1731.9
1732.2
1732.3
1732.4
1732.7
1732.8
1733.0
1733.7
1734.6
1734.6
1734.8
1736.2
1736.4
1736.7
1736.8
1737.2
1737.8
1738.1
1738.2
1738.4
1738.6
1738.7
1738.7
1738.9
1738.9
1739.2
1739.2
1739.3
1739.4
1739.5
1739.6
1739.9
1739.9
1739.9
1740.0
1740.4
1740.5
1740.6
1740.8
1741.0
1741.1
1741.2
1741.2
1741.5
1741.6
1741.7
1741.9
1742.0
1742.0
1742.1
1742.1
1742.9
1743.2
1743.3
1743.6
1744.0
1744.0
1744.1
1744.2
1744.6
1744.9
1745.5
1746.4
1746.5
1746.9
1748.1
1748.2
1748.4
1748.5
1748.9
1749.2
1749.6
1749.8
1750.8
1751.2
1753.3
1753.6
1754.7
1757.1
1757.2
1788.4
1878.8
1878.8
1878.8
1878.8
1878.8
1878.8
1878.8
1878.8
1878.8
1878.8
1878.8
1878.8
1878.8
1878.8
1878.8
1878.8
1878.8
1878.8
1878.8
1878.8
1878.8
1878.8
1878.8
1878.8
1878.8
1878.8
1878.8
1878.8
1878.8
1878.8
1878.9
1878.9
1878.9
1878.9
1878.9
1878.9
1878.9
1878.9
1878.9
1878.9
1878.9
1878.9
1878.9
1878.9
1878.9
1878.9
1878.9
1878.9
1878.9
1878.9
1878.9
1878.9
1878.9
1878.9
1878.9
1878.9
1878.9
1878.9
1878.9
1878.9
1878.9
1878.9
1878.9
1878.9
1878.9
1878.9
1878.9
1878.9
1878.9
1878.9
1878.9
1878.9
1878.9
1878.9
1878.9
1878.9
1879.0
1879.0
1879.0
1879.0
1879.0
1879.0
1879.1
1879.1
1879.1
1879.1
1879.2
1879.2
1879.3
1879.3
1879.4
1879.4
1879.5
1879.5
1879.7
1879.8
1879.8
1879.8
1879.8
1880.0
1884.5
1884.5
1884.5
1884.5
1884.6
1884.6
1884.6
1884.6
1884.6
1884.6
1884.6
1884.6
1884.6
1884.6
1884.6
1884.7
1884.7
1884.7
1884.7
1884.7
1884.7
1884.7
1884.7
1884.7
1884.7
1884.7
1884.7
1884.7
1884.7
1884.7
1884.7
1884.7
1884.7
1884.7
1884.7
1884.7
1884.7
1884.7
1884.7
1884.7
1884.7
1884.7
1884.7
1884.7
1884.7
1884.8
1884.8
1884.8
1884.8
1884.8
1884.8
1884.8
1884.8
1884.8
1884.8
1884.8
1884.8
1884.8
1884.8
1884.8
1884.8
1884.8
1884.8
1884.8
1884.8
1884.9
1884.9
1884.9
1884.9
1884.9
1884.9
1884.9
1884.9
1884.9
1884.9
1884.9
1885.0
1885.0
1885.0
1885.1
1885.2
1885.3
1885.4
1885.4
1885.7
1885.8
1885.8
1885.9
1886.9
1886.9
1887.0
1887.4
1888.2
1888.4
1889.3
1889.6
1889.8
1889.9
1890.0
1890.0
1890.0
1890.1
1890.1
1890.1
1890.1
1890.1
1890.1
1890.2
1890.2
1890.2
1890.2
1890.2
1890.2
1890.2
1890.2
1890.2
1890.2
1890.2
1890.2
1890.3
1890.3
1890.3
1890.3
1890.3
1890.3
1890.3
1890.3
1890.4
1890.4
1890.4
1890.4
1890.4
1890.4
1890.4
1890.4
1890.4
1890.5
1890.5
1890.5
1890.5
1890.5
1890.5
1890.5
1890.5
1890.5
1890.5
1890.5
1890.6
1890.6
1890.6
1890.6
1890.6
1890.6
1890.6
1890.7
1890.7
1890.7
1890.7
1890.7
1890.7
1890.7
1890.8
1890.8
1890.8
1890.8
1890.8
1890.9
1891.0
1891.0
1891.1
1891.1
1891.1
1891.2
1891.2
1891.2
1891.2
1891.3
1891.3
1891.5
1891.6
1891.7
1891.7
1891.7
1891.8
1891.8
1892.1
1892.3
1892.4
1893.1
1893.3
1893.6
1894.1
1895.0
1895.1
1895.1
1895.2
1895.4
1895.4
1895.5
1895.5
1895.5
1895.5
1895.5
1895.5
1895.6
1895.6
1895.6
1895.7
1895.7
1895.8
1895.8
1895.8
1895.8
1895.9
1895.9
1895.9
1895.9
1895.9
1895.9
1896.0
1896.0
1896.0
1896.0
1896.1
1896.1
1896.1
1896.2
1896.2
1896.3
1896.3
1896.3
1896.4
1896.4
1896.4
1896.4
1896.4
1896.5
1896.5
1896.6
1896.7
1896.7
1896.7
1896.8
1896.8
1896.9
1897.0
1897.0
1897.1
1897.1
1897.1
1897.1
1897.1
1897.2
1897.3
1897.3
1897.4
1897.4
1897.5
1897.6
1897.6
1897.8
1897.9
1898.0
1898.0
1898.1
1898.2
1898.4
1898.4
1898.6
1898.8
1898.8
1898.8
1899.1
1899.1
1899.1
1899.2
1899.2
1899.8
1899.8
1899.9
1899.9
1900.0
1900.0
1900.6
1901.3
1901.9
1903.1
1903.1
1903.8
1905.0
1905.4
1905.8
1906.1
1906.2
1907.1
1907.3
1907.8
1908.0
1908.1
1908.2
1908.4
1908.6
1908.8
1909.3
1909.4
1909.5
1909.6
1909.9
1910.0
1910.4
1910.5
1910.6
1910.7
1911.8
1911.9
1911.9
1912.5
1912.8
1913.1
1913.2
1913.3
1913.7
1913.9
1914.1
1915.4
1915.7
1915.9
1916.3
1916.4
1917.5
1918.3
1918.7
1919.0
1919.3
1920.0
1922.2
1922.8
1923.4
1927.1
1928.0
1929.2
1930.7
1931.0
1931.1
1931.1
1931.1
1931.1
1931.2
1931.2
1931.2
1931.2
1931.3
1931.3
1931.4
1931.4
1931.4
1931.4
1931.4
1931.5
1931.5
1931.5
1931.5
1931.6
1931.6
1931.6
1931.6
1931.6
1931.6
1931.7
1931.7
1931.7
1931.7
1931.7
1931.7
1931.7
1931.7
1931.7
1931.8
1931.8
1931.8
1931.8
1931.8
1931.8
1931.8
1931.8
1931.8
1931.8
1931.8
1931.8
1931.8
1931.8
1931.8
1931.8
1931.8
1931.9
1931.9
1931.9
1931.9
1931.9
1931.9
1931.9
1931.9
1931.9
1931.9
1931.9
1931.9
1931.9
1932.0
1932.0
1932.0
1932.0
1932.0
1932.0
1932.0
1932.0
1932.0
1932.0
1932.0
1932.0
1932.0
1932.1
1932.1
1932.1
1932.2
1932.2
1932.2
1932.2
1932.2
1932.3
1932.3
1932.4
1932.5
1932.5
1932.7
1932.8
1932.9
1933.0
1933.1
1933.5
1933.9
1935.6
1940.0
1941.2
1941.4
1941.8
1942.1
1942.2
1942.4
1942.4
1942.6
1942.9
1942.9
1943.0
1943.0
1943.1
1943.3
1943.6
1943.7
1943.8
1944.3
1944.3
1944.5
1944.8
1944.9
1944.9
1945.0
1945.1
1945.1
1945.2
1945.2
1945.5
1945.6
1945.6
1945.7
1945.8
1945.8
1945.9
1945.9
1946.0
1946.1
1946.1
1946.1
1946.1
1946.2
1946.3
1946.3
1946.3
1946.4
1946.4
1946.4
1946.5
1946.5
1946.6
1946.9
1947.1
1947.2
1947.2
1947.2
1947.3
1947.4
1947.4
1947.4
1947.5
1947.5
1948.6
1948.7
1949.2
1949.2
1949.3
1949.3
1949.4
1949.4
1949.6
1949.9
1949.9
1950.0
1950.0
1950.2
1950.3
1950.6
1950.7
1950.8
1951.1
1951.2
1951.3
1952.0
1955.8
1968.2
1975.0
2048.4
2048.5
2048.5
2048.5
2048.5
2048.5
2048.5
2048.5
2048.5
2048.5
2048.5
2048.5
2048.5
2048.5
2048.5
2048.5
2048.5
2048.5
2048.5
2048.5
2048.5
2048.5
2048.5
2048.5
2048.5
2048.5
2048.5
2048.5
2048.5
2048.5
2048.5
2048.5
2048.5
2048.5
2048.5
2048.5
2048.5
2048.6
2048.6
2048.6
2048.6
2048.6
2048.6
2048.6
2048.6
2048.6
2048.6
2048.6
2048.6
2048.6
2048.6
2048.6
2048.6
2048.6
2048.6
2048.6
2048.6
2048.6
2048.6
2048.6
2048.6
2048.6
2048.6
2048.6
2048.6
2048.7
2048.7
2048.7
2048.7
2048.7
2048.7
2048.7
2048.7
2048.7
2048.7
2048.7
2048.7
2048.8
2048.8
2048.8
2048.8
2048.8
2048.8
2048.8
2048.8
2048.9
2049.1
2049.2
2049.2
2049.6
2049.6
2049.8
2050.0
2050.2
2050.4
2050.5
2050.5
2050.6
2050.7
2050.8
2053.2
2053.2
2053.3
2053.3
2053.3
2053.3
2053.3
2053.3
2053.3
2053.3
2053.3
2053.4
2053.4
2053.4
2053.4
2053.4
2053.4
2053.4
2053.4
2053.4
2053.4
2053.4
2053.4
2053.4
2053.4
2053.4
2053.4
2053.4
2053.4
2053.4
2053.4
2053.4
2053.4
2053.4
2053.4
2053.4
2053.4
2053.4
2053.4
2053.4
2053.4
2053.4
2053.4
2053.4
2053.4
2053.4
2053.4
2053.5
2053.5
2053.5
2053.5
2053.5
2053.5
2053.5
2053.5
2053.5
2053.5
2053.5
2053.5
2053.5
2053.5
2053.5
2053.5
2053.5
2053.5
2053.5
2053.5
2053.5
2053.6
2053.6
2053.6
2053.6
2053.6
2053.6
2053.6
2053.7
2053.7
2053.7
2053.7
2053.8
2053.8
2053.9
2053.9
2054.0
2054.2
2054.2
2054.6
2054.7
2055.3
2055.8
2055.9
2056.3
2057.1
2057.5
2058.9
2059.2
2059.5
2059.8
2059.8
2059.8
2059.8
2059.9
2059.9
2059.9
2059.9
2059.9
2059.9
2059.9
2059.9
2059.9
2059.9
2059.9
2059.9
2059.9
2059.9
2060.0
2060.0
2060.0
2060.0
2060.0
2060.0
2060.0
2060.0
2060.0
2060.0
2060.1
2060.1
2060.1
2060.1
2060.1
2060.1
2060.1
2060.1
2060.1
2060.1
2060.1
2060.1
2060.2
2060.2
2060.2
2060.2
2060.2
2060.2
2060.2
2060.2
2060.2
2060.2
2060.2
2060.3
2060.3
2060.3
2060.3
2060.3
2060.3
2060.3
2060.3
2060.3
2060.3
2060.3
2060.3
2060.3
2060.3
2060.3
2060.4
2060.4
2060.5
2060.5
2060.5
2060.5
2060.5
2060.6
2060.6
2060.6
2060.6
2060.6
2060.7
2060.7
2060.8
2060.9
2060.9
2061.0
2061.0
2061.0
2061.1
2061.4
2061.4
2061.5
2061.7
2062.4
2062.5
2062.7
2063.0
2064.2
2064.3
2064.5
2064.6
2064.7
2064.8
2064.8
2064.9
2064.9
2064.9
2064.9
2064.9
2065.0
2065.0
2065.0
2065.1
2065.1
2065.1
2065.1
2065.2
2065.2
2065.2
2065.2
2065.3
2065.3
2065.3
2065.3
2065.3
2065.3
2065.4
2065.4
2065.4
2065.5
2065.5
2065.6
2065.6
2065.6
2065.7
2065.7
2065.7
2065.7
2065.7
2065.8
2065.8
2065.8
2065.8
2065.8
2065.9
2066.0
2066.0
2066.0
2066.0
2066.2
2066.2
2066.2
2066.2
2066.3
2066.3
2066.3
2066.3
2066.3
2066.5
2066.5
2066.6
2066.7
2066.8
2066.9
2066.9
2067.0
2067.0
2067.1
2067.1
2067.2
2067.4
2067.5
2067.5
2067.6
2067.6
2067.8
2067.9
2068.0
2068.0
2068.2
2068.2
2068.5
2068.6
2068.8
2068.9
2069.2
2069.5
2069.8
2070.4
2071.2
2071.5
2071.6
2072.9
2073.1
2073.2
2073.2
2073.7
2074.3
2074.6
2074.8
2075.0
2075.0
2075.2
2075.4
2075.4
2075.6
2075.7
2075.7
2075.7
2075.9
2075.9
2076.2
2076.5
2076.5
2076.7
2076.8
2076.9
2077.0
2077.3
2077.3
2077.5
2077.6
2077.7
2078.1
2078.2
2078.4
2078.5
2078.5
2078.7
2078.7
2078.7
2079.0
2079.6
2079.7
2080.0
2080.5
2080.5
2080.7
2080.8
2081.2
2081.4
2081.6
2082.2
2082.3
2082.7
2083.9
2084.0
2084.4
2084.5
2085.2
2086.1
2086.7
2087.0
2088.3
2088.5
2091.0
2091.3
2091.4
2091.7
2092.1
2096.8
2100.3
2215.2
2215.2
2215.2
2215.2
2215.2
2215.2
2215.2
2215.2
2215.2
2215.2
2215.2
2215.2
2215.2
2215.2
2215.2
2215.2
2215.2
2215.2
2215.2
2215.2
2215.2
2215.2
2215.2
2215.2
2215.2
2215.2
2215.2
2215.2
2215.2
2215.2
2215.2
2215.2
2215.2
2215.2
2215.2
2215.3
2215.3
2215.3
2215.3
2215.3
2215.3
2215.3
2215.3
2215.3
2215.3
2215.3
2215.3
2215.3
2215.3
2215.3
2215.3
2215.3
2215.3
2215.3
2215.3
2215.3
2215.3
2215.3
2215.3
2215.3
2215.3
2215.3
2215.3
2215.3
2215.3
2215.3
2215.3
2215.3
2215.3
2215.3
2215.3
2215.3
2215.3
2215.3
2215.3
2215.3
2215.3
2215.3
2215.4
2215.4
2215.4
2215.4
2215.5
2215.5
2215.5
2215.5
2215.5
2215.5
2215.7
2215.7
2215.7
2215.7
2215.9
2215.9
2216.0
2216.1
2216.1
2216.2
2216.2
2216.3
2220.8
2220.8
2220.8
2220.8
2220.8
2220.8
2220.9
2220.9
2220.9
2220.9
2220.9
2220.9
2220.9
2220.9
2220.9
2220.9
2220.9
2220.9
2220.9
2220.9
2220.9
2220.9
2221.0
2221.0
2221.0
2221.0
2221.0
2221.0
2221.0
2221.0
2221.0
2221.0
2221.0
2221.0
2221.0
2221.0
2221.0
2221.0
2221.0
2221.0
2221.0
2221.0
2221.0
2221.0
2221.0
2221.0
2221.0
2221.1
2221.1
2221.1
2221.1
2221.1
2221.1
2221.1
2221.1
2221.1
2221.1
2221.1
2221.1
2221.1
2221.1
2221.1
2221.1
2221.1
2221.1
2221.1
2221.1
2221.2
2221.2
2221.2
2221.2
2221.2
2221.2
2221.2
2221.2
2221.2
2221.2
2221.2
2221.3
2221.3
2221.4
2221.5
2221.6
2221.7
2222.0
2222.0
2222.0
2222.1
2223.1
2223.1
2223.2
2223.5
2224.3
2224.6
2225.5
2225.7
2225.9
2226.0
2226.0
2226.0
2226.0
2226.0
2226.1
2226.1
2226.1
2226.1
2226.1
2226.1
2226.2
2226.2
2226.2
2226.2
2226.2
2226.2
2226.2
2226.2
2226.2
2226.2
2226.2
2226.2
2226.3
2226.3
2226.3
2226.3
2226.3
2226.3
2226.3
2226.3
2226.4
2226.4
2226.4
2226.4
2226.4
2226.4
2226.4
2226.4
2226.5
2226.5
2226.5
2226.5
2226.5
2226.5
2226.5
2226.5
2226.5
2226.5
2226.6
2226.6
2226.6
2226.6
2226.6
2226.6
2226.6
2226.6
2226.7
2226.7
2226.7
2226.7
2226.7
2226.8
2226.8
2226.8
2226.8
2226.9
2226.9
2226.9
2226.9
2227.1
2227.1
2227.1
2227.1
2227.2
2227.2
2227.2
2227.2
2227.3
2227.3
2227.3
2227.6
2227.7
2227.7
2227.7
2227.8
2227.8
2227.9
2228.1
2228.4
2228.4
2229.2
2229.5
2229.9
2230.2
2231.1
2231.2
2231.2
2231.3
2231.4
2231.5
2231.5
2231.5
2231.5
2231.5
2231.6
2231.6
2231.6
2231.6
2231.7
2231.7
2231.8
2231.8
2231.9
2231.9
2231.9
2231.9
2231.9
2232.0
2232.0
2232.0
2232.0
2232.0
2232.0
2232.0
2232.0
2232.1
2232.2
2232.2
2232.2
2232.3
2232.4
2232.4
2232.4
2232.4
2232.4
2232.5
2232.5
2232.5
2232.6
2232.6
2232.7
2232.7
2232.8
2232.8
2232.9
2232.9
2233.0
2233.0
2233.0
2233.0
2233.1
2233.2
2233.2
2233.3
2233.4
2233.5
2233.5
2233.6
2233.6
2233.6
2233.6
2233.7
2233.9
2234.1
2234.3
2234.4
2234.5
2234.5
2234.5
2234.6
2234.7
2234.8
2235.0
2235.2
2235.2
2235.2
2235.2
2235.3
2235.4
2236.1
2236.1
2236.1
2236.3
2236.3
2237.1
2237.3
2237.6
2238.5
2239.7
2239.9
2241.0
2241.6
2241.9
2242.7
2242.8
2242.9
2243.9
2244.2
2244.3
2244.4
2245.0
2245.2
2245.3
2245.5
2245.6
2246.3
2246.3
2246.4
2246.5
2246.5
2247.1
2247.1
2247.9
2248.0
2248.6
2249.1
2249.6
2250.1
2250.8
2251.0
2251.1
2251.3
2251.8
2251.9
2252.1
2252.2
2252.6
2252.9
2253.7
2255.0
2255.0
2256.2
2259.1
2259.1
2260.7
2261.5
2262.6
2266.4
2266.5
2266.9
2267.1
2267.1
2267.2
2267.2
2267.3
2267.3
2267.4
2267.4
2267.4
2267.4
2267.4
2267.4
2267.5
2267.5
2267.5
2267.6
2267.6
2267.6
2267.6
2267.6
2267.6
2267.6
2267.6
2267.7
2267.7
2267.8
2267.8
2267.8
2267.8
2267.8
2267.8
2267.8
2267.8
2267.8
2267.8
2267.9
2267.9
2267.9
2267.9
2267.9
2267.9
2267.9
2267.9
2267.9
2267.9
2267.9
2267.9
2267.9
2267.9
2267.9
2268.0
2268.0
2268.0
2268.0
2268.0
2268.0
2268.0
2268.0
2268.0
2268.0
2268.0
2268.0
2268.0
2268.1
2268.1
2268.1
2268.1
2268.1
2268.1
2268.1
2268.1
2268.1
2268.1
2268.2
2268.2
2268.2
2268.2
2268.2
2268.2
2268.2
2268.2
2268.2
2268.2
2268.3
2268.4
2268.4
2268.4
2268.5
2268.5
2268.7
2268.7
2268.8
2268.9
2268.9
2269.2
2269.2
2269.7
2274.4
2275.5
2277.2
2277.3
2277.6
2277.6
2278.0
2278.1
2278.5
2278.7
2278.7
2278.9
2279.1
2279.1
2279.1
2279.4
2279.4
2279.4
2279.5
2279.7
2279.7
2279.7
2279.7
2280.1
2280.9
2280.9
2281.0
2281.0
2281.0
2281.2
2281.2
2281.3
2281.3
2281.5
2281.5
2281.8
2281.8
2281.9
2282.1
2282.1
2282.2
2282.2
2282.3
2282.3
2282.3
2282.5
2282.5
2282.5
2282.6
2282.7
2282.7
2282.8
2282.9
2283.1
2283.3
2283.3
2283.3
2283.3
2283.4
2283.5
2283.6
2283.7
2283.8
2283.8
2283.8
2284.0
2284.7
2284.8
2284.9
2285.0
2285.2
2285.5
2285.6
2285.7
2285.7
2285.7
2286.0
2286.0
2286.1
2286.4
2286.5
2286.6
2287.1
2287.2
2287.7
2288.4
2289.4
2299.3
2299.5
2305.4
2384.9
2384.9
2384.9
2384.9
2384.9
2384.9
2384.9
2385.0
2385.0
2385.0
2385.0
2385.0
2385.0
2385.0
2385.0
2385.0
2385.0
2385.0
2385.0
2385.0
2385.0
2385.0
2385.0
2385.0
2385.0
2385.0
2385.0
2385.0
2385.0
2385.0
2385.0
2385.0
2385.0
2385.0
2385.0
2385.0
2385.0
2385.0
2385.0
2385.0
2385.0
2385.0
2385.0
2385.0
2385.0
2385.0
2385.1
2385.1
2385.1
2385.1
2385.1
2385.1
2385.1
2385.1
2385.1
2385.1
2385.1
2385.1
2385.1
2385.1
2385.1
2385.1
2385.1
2385.1
2385.1
2385.1
2385.1
2385.1
2385.1
2385.1
2385.2
2385.2
2385.2
2385.2
2385.2
2385.2
2385.2
2385.2
2385.2
2385.3
2385.3
2385.3
2385.3
2385.3
2385.3
2385.4
2385.6
2385.6
2385.7
2386.1
2386.1
2386.3
2386.5
2386.6
2386.8
2387.0
2387.0
2387.0
2387.2
2387.2
2389.8
2389.8
2389.8
2389.8
2389.9
2389.9
2389.9
2389.9
2389.9
2389.9
2389.9
2389.9
2389.9
2389.9
2389.9
2389.9
2389.9
2389.9
2389.9
2389.9
2389.9
2389.9
2390.0
2390.0
2390.0
2390.0
2390.0
2390.0
2390.0
2390.0
2390.0
2390.0
2390.0
2390.0
2390.0
2390.0
2390.0
2390.0
2390.0
2390.0
2390.0
2390.0
2390.0
2390.0
2390.0
2390.0
2390.0
2390.0
2390.0
2390.0
2390.0
2390.0
2390.0
2390.0
2390.1
2390.1
2390.1
2390.1
2390.1
2390.1
2390.1
2390.1
2390.1
2390.1
2390.1
2390.1
2390.1
2390.1
2390.1
2390.2
2390.2
2390.2
2390.2
2390.2
2390.3
2390.3
2390.3
2390.3
2390.3
2390.4
2390.4
2390.4
2390.4
2390.6
2390.7
2390.8
2391.3
2391.4
2391.9
2392.5
2392.6
2393.1
2393.9
2394.3
2395.6
2395.9
2396.2
2396.2
2396.2
2396.3
2396.3
2396.3
2396.3
2396.3
2396.3
2396.4
2396.4
2396.4
2396.4
2396.4
2396.4
2396.4
2396.4
2396.4
2396.4
2396.4
2396.4
2396.4
2396.4
2396.4
2396.5
2396.5
2396.5
2396.5
2396.5
2396.5
2396.5
2396.5
2396.5
2396.5
2396.5
2396.5
2396.6
2396.6
2396.6
2396.6
2396.6
2396.6
2396.6
2396.6
2396.6
2396.6
2396.6
2396.6
2396.6
2396.6
2396.6
2396.6
2396.7
2396.7
2396.7
2396.7
2396.7
2396.7
2396.7
2396.7
2396.7
2396.7
2396.7
2396.8
2396.8
2396.8
2396.8
2396.9
2396.9
2396.9
2396.9
2397.0
2397.0
2397.0
2397.0
2397.0
2397.0
2397.0
2397.1
2397.1
2397.1
2397.3
2397.3
2397.4
2397.4
2397.5
2397.5
2397.5
2397.8
2397.9
2397.9
2398.2
2399.0
2399.1
2399.3
2399.4
2401.0
2401.1
2401.1
2401.1
2401.1
2401.3
2401.3
2401.3
2401.4
2401.4
2401.4
2401.4
2401.4
2401.4
2401.4
2401.5
2401.6
2401.6
2401.6
2401.6
2401.6
2401.6
2401.7
2401.7
2401.8
2401.8
2401.8
2401.8
2401.8
2401.8
2401.8
2401.9
2401.9
2402.0
2402.0
2402.1
2402.1
2402.1
2402.2
2402.2
2402.2
2402.2
2402.2
2402.3
2402.3
2402.3
2402.3
2402.4
2402.4
2402.5
2402.5
2402.5
2402.6
2402.6
2402.7
2402.7
2402.7
2402.8
2402.8
2402.8
2402.8
2403.0
2403.0
2403.0
2403.2
2403.3
2403.4
2403.5
2403.5
2403.6
2403.6
2403.8
2403.9
2403.9
2403.9
2404.1
2404.1
2404.2
2404.3
2404.6
2404.7
2404.7
2404.7
2404.8
2405.1
2405.1
2405.3
2405.4
2405.7
2405.9
2406.9
2407.0
2407.9
2408.2
2408.4
2409.6
2409.7
2409.8
2409.8
2410.3
2411.0
2411.2
2411.5
2411.6
2411.8
2411.8
2412.0
2412.0
2412.3
2412.4
2412.5
2412.6
2412.7
2413.0
2413.2
2413.2
2413.3
2413.3
2413.5
2413.5
2413.9
2413.9
2414.0
2414.1
2414.6
2414.6
2414.7
2414.8
2414.9
2415.1
2415.3
2415.4
2415.5
2415.6
2415.6
2416.6
2416.9
2417.0
2417.3
2417.7
2417.9
2418.0
2418.2
2418.8
2419.3
2420.1
2420.5
2420.8
2422.0
2422.2
2422.6
2423.3
2423.7
2423.7
2424.3
2425.3
2425.6
2425.7
2430.5
2432.2
2432.9
2434.6
2436.3
2551.5
2551.5
2551.5
2551.5
2551.5
2551.5
2551.6
2551.6
2551.6
2551.6
2551.6
2551.6
2551.6
2551.6
2551.6
2551.6
2551.6
2551.6
2551.6
2551.6
2551.6
2551.6
2551.6
2551.6
2551.6
2551.6
2551.6
2551.6
2551.6
2551.6
2551.6
2551.6
2551.6
2551.6
2551.6
2551.6
2551.6
2551.6
2551.6
2551.6
2551.6
2551.6
2551.6
2551.6
2551.6
2551.6
2551.6
2551.6
2551.6
2551.6
2551.6
2551.6
2551.6
2551.6
2551.6
2551.6
2551.6
2551.6
2551.6
2551.6
2551.6
2551.6
2551.6
2551.6
2551.6
2551.6
2551.7
2551.7
2551.7
2551.7
2551.7
2551.7
2551.7
2551.7
2551.7
2551.7
2551.7
2551.7
2551.7
2551.7
2551.7
2551.8
2551.8
2551.8
2551.8
2551.9
2551.9
2551.9
2552.0
2552.0
2552.1
2552.1
2552.2
2552.2
2552.4
2552.5
2552.5
2552.5
2552.5
2552.7
2557.1
2557.1
2557.1
2557.2
2557.2
2557.2
2557.2
2557.2
2557.2
2557.2
2557.2
2557.2
2557.2
2557.3
2557.3
2557.3
2557.3
2557.3
2557.3
2557.3
2557.3
2557.3
2557.3
2557.3
2557.3
2557.3
2557.3
2557.3
2557.3
2557.3
2557.3
2557.3
2557.3
2557.3
2557.3
2557.3
2557.3
2557.3
2557.4
2557.4
2557.4
2557.4
2557.4
2557.4
2557.4
2557.4
2557.4
2557.4
2557.4
2557.4
2557.4
2557.4
2557.4
2557.4
2557.4
2557.4
2557.4
2557.4
2557.5
2557.5
2557.5
2557.5
2557.5
2557.5
2557.5
2557.5
2557.5
2557.5
2557.5
2557.5
2557.5
2557.5
2557.5
2557.5
2557.5
2557.5
2557.5
2557.6
2557.6
2557.7
2557.8
2557.9
2558.0
2558.0
2558.3
2558.3
2558.4
2558.5
2559.4
2559.5
2559.5
2559.9
2560.7
2560.9
2561.8
2562.1
2562.3
2562.3
2562.4
2562.4
2562.4
2562.4
2562.4
2562.4
2562.4
2562.4
2562.4
2562.5
2562.5
2562.5
2562.5
2562.5
2562.5
2562.5
2562.5
2562.5
2562.5
2562.6
2562.6
2562.6
2562.6
2562.6
2562.6
2562.6
2562.6
2562.7
2562.7
2562.7
2562.7
2562.7
2562.7
2562.7
2562.8
2562.8
2562.8
2562.8
2562.8
2562.8
2562.8
2562.8
2562.8
2562.9
2562.9
2562.9
2562.9
2562.9
2562.9
2562.9
2562.9
2562.9
2563.0
2563.0
2563.0
2563.0
2563.0
2563.0
2563.0
2563.1
2563.1
2563.1
2563.1
2563.2
2563.2
2563.2
2563.2
2563.2
2563.3
2563.4
2563.4
2563.4
2563.4
2563.5
2563.6
2563.6
2563.6
2563.6
2563.7
2563.7
2563.9
2564.0
2564.1
2564.1
2564.1
2564.1
2564.2
2564.5
2564.7
2564.8
2565.6
2565.9
2566.2
2566.5
2567.4
2567.5
2567.5
2567.6
2567.8
2567.8
2567.8
2567.9
2567.9
2567.9
2567.9
2567.9
2568.0
2568.0
2568.0
2568.0
2568.2
2568.2
2568.2
2568.3
2568.3
2568.3
2568.3
2568.3
2568.3
2568.3
2568.4
2568.4
2568.4
2568.4
2568.4
2568.5
2568.5
2568.5
2568.6
2568.6
2568.7
2568.7
2568.7
2568.8
2568.8
2568.8
2568.9
2568.9
2568.9
2568.9
2569.0
2569.1
2569.1
2569.1
2569.2
2569.2
2569.3
2569.4
2569.4
2569.4
2569.5
2569.5
2569.5
2569.6
2569.7
2569.8
2569.8
2569.8
2569.8
2569.9
2570.0
2570.1
2570.3
2570.4
2570.6
2570.6
2570.7
2570.7
2570.9
2570.9
2571.1
2571.3
2571.4
2571.4
2571.5
2571.5
2571.6
2571.6
2571.7
2572.3
2572.4
2572.4
2572.4
2572.7
2572.7
2573.2
2574.1
2574.6
2575.8
2575.8
2576.9
2577.7
2578.3
2578.9
2579.1
2579.4
2580.0
2580.3
2580.8
2581.0
2581.1
2581.4
2581.6
2581.7
2581.9
2582.4
2582.7
2582.8
2582.8
2583.3
2583.4
2583.4
2584.1
2584.2
2584.4
2584.6
2585.4
2585.9
2586.4
2586.9
2587.4
2587.6
2587.6
2588.2
2588.4
2588.5
2588.7
2590.0
2590.1
2590.8
2591.2
2592.5
2593.9
2594.4
2594.7
2595.4
2595.9
2598.1
2602.3
2603.9
2604.0
2604.1
2604.1
2604.2
2604.3
2604.3
2604.3
2604.4
2604.4
2604.4
2604.4
2604.4
2604.5
2604.5
2604.6
2604.6
2604.6
2604.6
2604.6
2604.6
2604.6
2604.7
2604.7
2604.7
2604.7
2604.8
2604.8
2604.8
2604.8
2604.8
2604.8
2604.8
2604.8
2604.8
2604.8
2604.8
2604.9
2604.9
2604.9
2604.9
2604.9
2604.9
2604.9
2604.9
2604.9
2604.9
2604.9
2604.9
2604.9
2604.9
2605.0
2605.0
2605.0
2605.0
2605.0
2605.0
2605.0
2605.0
2605.0
2605.0
2605.0
2605.0
2605.0
2605.0
2605.1
2605.1
2605.1
2605.1
2605.1
2605.1
2605.1
2605.1
2605.1
2605.1
2605.1
2605.1
2605.1
2605.2
2605.2
2605.2
2605.2
2605.2
2605.2
2605.2
2605.2
2605.3
2605.3
2605.4
2605.4
2605.5
2605.7
2605.7
2605.8
2605.9
2606.0
2606.2
2606.2
2606.7
2609.3
2613.7
2614.3
2614.4
2615.0
2615.0
2615.1
2615.4
2615.5
2615.7
2615.7
2616.0
2616.1
2616.3
2616.3
2616.4
2616.5
2616.5
2616.7
2616.8
2616.8
2616.9
2617.2
2617.8
2617.9
2618.0
2618.2
2618.2
2618.2
2618.2
2618.3
2618.3
2618.5
2618.7
2618.8
2618.8
2618.8
2619.0
2619.1
2619.2
2619.3
2619.3
2619.3
2619.4
2619.5
2619.5
2619.5
2619.6
2619.7
2619.7
2619.7
2619.8
2619.8
2619.9
2620.1
2620.2
2620.4
2620.4
2620.7
2620.7
2620.7
2620.7
2620.7
2620.8
2620.8
2620.9
2622.0
2622.1
2622.3
2622.6
2622.7
2622.8
2622.9
2622.9
2623.1
2623.2
2623.2
2623.4
2623.5
2623.7
2624.2
2624.2
2624.5
2624.6
2625.2
2626.0
2630.4
2632.9
2649.4
2657.7
2721.1
2721.1
2721.1
2721.1
2721.1
2721.1
2721.1
2721.1
2721.1
2721.1
2721.1
2721.1
2721.1
2721.1
2721.1
2721.2
2721.2
2721.2
2721.2
2721.2
2721.2
2721.2
2721.2
2721.2
2721.2
2721.2
2721.2
2721.2
2721.2
2721.2
2721.2
2721.2
2721.2
2721.2
2721.2
2721.2
2721.2
2721.2
2721.2
2721.2
2721.2
2721.2
2721.2
2721.2
2721.2
2721.2
2721.2
2721.2
2721.2
2721.2
2721.2
2721.2
2721.2
2721.2
2721.2
2721.3
2721.3
2721.3
2721.3
2721.3
2721.3
2721.3
2721.3
2721.3
2721.3
2721.3
2721.3
2721.3
2721.3
2721.3
2721.3
2721.3
2721.3
2721.3
2721.3
2721.4
2721.4
2721.4
2721.4
2721.4
2721.4
2721.4
2721.5
2721.5
2721.5
2721.5
2721.8
2721.8
2721.8
2722.2
2722.2
2722.4
2722.6
2722.8
2723.0
2723.1
2723.2
2723.3
2723.4
2723.4
2725.9
2725.9
2725.9
2725.9
2725.9
2725.9
2725.9
2726.0
2726.0
2726.0
2726.0
2726.0
2726.0
2726.0
2726.0
2726.0
2726.0
2726.0
2726.0
2726.0
2726.0
2726.0
2726.0
2726.0
2726.0
2726.0
2726.0
2726.0
2726.0
2726.0
2726.0
2726.0
2726.0
2726.0
2726.0
2726.1
2726.1
2726.1
2726.1
2726.1
2726.1
2726.1
2726.1
2726.1
2726.1
2726.1
2726.1
2726.1
2726.1
2726.1
2726.1
2726.1
2726.1
2726.1
2726.1
2726.1
2726.1
2726.1
2726.1
2726.1
2726.1
2726.1
2726.1
2726.1
2726.2
2726.2
2726.2
2726.2
2726.2
2726.2
2726.2
2726.2
2726.2
2726.3
2726.3
2726.3
2726.3
2726.4
2726.4
2726.4
2726.4
2726.5
2726.5
2726.6
2726.8
2726.9
2727.2
2727.4
2727.9
2728.4
2728.5
2728.9
2729.7
2730.1
2731.4
2731.8
2732.1
2732.4
2732.4
2732.4
2732.5
2732.5
2732.5
2732.5
2732.5
2732.5
2732.5
2732.5
2732.5
2732.6
2732.6
2732.6
2732.6
2732.6
2732.6
2732.6
2732.6
2732.6
2732.6
2732.6
2732.6
2732.6
2732.6
2732.6
2732.7
2732.7
2732.7
2732.7
2732.7
2732.7
2732.7
2732.7
2732.7
2732.8
2732.8
2732.8
2732.8
2732.8
2732.8
2732.8
2732.8
2732.8
2732.8
2732.8
2732.8
2732.8
2732.8
2732.8
2732.9
2732.9
2732.9
2732.9
2732.9
2732.9
2732.9
2732.9
2732.9
2732.9
2732.9
2732.9
2733.0
2733.0
2733.0
2733.0
2733.1
2733.1
2733.1
2733.1
2733.1
2733.2
2733.2
2733.2
2733.2
2733.2
2733.2
2733.3
2733.3
2733.4
2733.5
2733.6
2733.6
2733.6
2733.7
2733.7
2734.0
2734.0
2734.1
2734.3
2735.0
2735.1
2735.2
2735.6
2736.7
2736.8
2737.1
2737.2
2737.3
2737.4
2737.4
2737.5
2737.5
2737.5
2737.5
2737.6
2737.6
2737.6
2737.6
2737.7
2737.7
2737.7
2737.8
2737.8
2737.8
2737.8
2737.8
2737.9
2737.9
2737.9
2737.9
2737.9
2737.9
2738.0
2738.0
2738.0
2738.1
2738.1
2738.2
2738.2
2738.3
2738.3
2738.3
2738.3
2738.3
2738.4
2738.4
2738.4
2738.4
2738.4
2738.5
2738.5
2738.5
2738.6
2738.6
2738.6
2738.8
2738.8
2738.8
2738.8
2738.8
2738.8
2738.9
2738.9
2738.9
2739.1
2739.1
2739.1
2739.3
2739.4
2739.4
2739.4
2739.5
2739.5
2739.7
2739.7
2739.8
2740.0
2740.0
2740.0
2740.1
2740.2
2740.4
2740.4
2740.5
2740.6
2740.7
2740.8
2741.0
2741.2
2741.4
2741.5
2741.8
2742.1
2742.3
2742.9
2743.7
2744.0
2744.0
2745.3
2745.6
2745.7
2745.8
2746.3
2746.8
2747.1
2747.3
2747.5
2747.6
2747.7
2747.8
2747.8
2748.0
2748.1
2748.3
2748.3
2748.4
2748.5
2748.8
2749.0
2749.0
2749.1
2749.3
2749.4
2749.5
2749.7
2749.9
2750.0
2750.3
2750.3
2750.4
2750.6
2750.6
2750.8
2750.9
2751.2
2751.2
2751.3
2751.3
2752.0
2752.1
2752.4
2752.6
2752.9
2752.9
2753.0
2753.3
2753.8
2753.8
2753.9
2754.0
2754.5
2755.7
2756.2
2756.2
2756.3
2757.8
2758.1
2758.4
2758.5
2758.5
2760.0
2761.0
2761.0
2763.1
2763.7
2765.6
2767.4
2768.5
2887.8
2887.8
2887.8
2887.8
2887.9
2887.9
2887.9
2887.9
2887.9
2887.9
2887.9
2887.9
2887.9
2887.9
2887.9
2887.9
2887.9
2887.9
2887.9
2887.9
2887.9
2887.9
2887.9
2887.9
2887.9
2887.9
2887.9
2887.9
2887.9
2887.9
2887.9
2887.9
2887.9
2887.9
2887.9
2887.9
2887.9
2887.9
2887.9
2887.9
2887.9
2887.9
2887.9
2887.9
2887.9
2887.9
2887.9
2887.9
2887.9
2887.9
2887.9
2887.9
2887.9
2887.9
2887.9
2887.9
2887.9
2887.9
2887.9
2888.0
2888.0
2888.0
2888.0
2888.0
2888.0
2888.0
2888.0
2888.0
2888.0
2888.0
2888.0
2888.0
2888.0
2888.0
2888.0
2888.0
2888.0
2888.0
2888.0
2888.1
2888.1
2888.1
2888.2
2888.2
2888.2
2888.2
2888.2
2888.2
2888.4
2888.4
2888.5
2888.5
2888.6
2888.6
2888.8
2888.8
2888.9
2888.9
2888.9
2889.1
2893.5
2893.5
2893.5
2893.5
2893.5
2893.6
2893.6
2893.6
2893.6
2893.6
2893.6
2893.6
2893.6
2893.6
2893.6
2893.6
2893.6
2893.6
2893.6
2893.6
2893.6
2893.6
2893.7
2893.7
2893.7
2893.7
2893.7
2893.7
2893.7
2893.7
2893.7
2893.7
2893.7
2893.7
2893.7
2893.7
2893.7
2893.7
2893.7
2893.7
2893.7
2893.7
2893.7
2893.7
2893.7
2893.7
2893.8
2893.8
2893.8
2893.8
2893.8
2893.8
2893.8
2893.8
2893.8
2893.8
2893.8
2893.8
2893.8
2893.8
2893.8
2893.9
2893.9
2893.9
2893.9
2893.9
2893.9
2893.9
2893.9
2893.9
2893.9
2893.9
2893.9
2893.9
2893.9
2893.9
2894.0
2894.0
2894.0
2894.1
2894.2
2894.3
2894.4
2894.4
2894.7
2894.7
2894.8
2894.9
2895.9
2895.9
2896.0
2896.3
2897.1
2897.4
2898.3
2898.6
2898.8
2898.9
2898.9
2898.9
2899.0
2899.0
2899.0
2899.0
2899.0
2899.0
2899.0
2899.1
2899.1
2899.1
2899.1
2899.1
2899.1
2899.1
2899.1
2899.1
2899.1
2899.1
2899.1
2899.1
2899.2
2899.2
2899.2
2899.2
2899.2
2899.2
2899.2
2899.3
2899.3
2899.3
2899.3
2899.3
2899.3
2899.3
2899.3
2899.4
2899.4
2899.4
2899.4
2899.4
2899.4
2899.4
2899.4
2899.5
2899.5
2899.5
2899.5
2899.5
2899.5
2899.5
2899.5
2899.6
2899.6
2899.6
2899.6
2899.6
2899.6
2899.6
2899.7
2899.7
2899.7
2899.7
2899.7
2899.7
2899.8
2899.8
2899.9
2900.0
2900.0
2900.0
2900.0
2900.1
2900.1
2900.1
2900.2
2900.2
2900.2
2900.2
2900.5
2900.6
2900.6
2900.6
2900.6
2900.7
2900.8
2901.0
2901.3
2901.3
2902.1
2902.3
2902.6
2903.0
2904.0
2904.1
2904.1
2904.1
2904.3
2904.4
2904.4
2904.4
2904.4
2904.4
2904.4
2904.5
2904.5
2904.5
2904.6
2904.6
2904.7
2904.7
2904.7
2904.8
2904.8
2904.8
2904.8
2904.8
2904.8
2904.9
2904.9
2904.9
2904.9
2904.9
2905.0
2905.0
2905.0
2905.1
2905.1
2905.2
2905.2
2905.3
2905.3
2905.3
2905.4
2905.4
2905.4
2905.4
2905.4
2905.4
2905.6
2905.6
2905.7
2905.7
2905.8
2905.8
2905.9
2905.9
2906.0
2906.0
2906.0
2906.1
2906.1
2906.2
2906.2
2906.3
2906.4
2906.4
2906.4
2906.5
2906.5
2906.6
2906.7
2907.0
2907.1
2907.2
2907.2
2907.3
2907.3
2907.4
2907.6
2907.8
2907.9
2908.0
2908.1
2908.1
2908.1
2908.2
2908.2
2908.9
2908.9
2909.0
2909.0
2909.1
2909.5
2910.0
2910.6
2911.2
2912.5
2912.5
2913.2
2914.1
2914.5
2914.9
2915.2
2915.3
2916.4
2916.6
2916.9
2917.1
2917.3
2917.4
2917.6
2917.9
2918.0
2918.4
2918.6
2918.6
2918.7
2919.1
2919.2
2919.2
2919.9
2920.1
2920.8
2921.0
2921.0
2921.8
2922.1
2922.1
2922.5
2922.7
2923.3
2923.3
2923.4
2923.8
2924.2
2924.2
2924.8
2925.3
2925.6
2926.4
2928.6
2929.5
2929.8
2931.6
2932.2
2934.0
2934.4
2934.4
2937.5
2938.7
2939.6
2939.7
2939.8
2939.9
2939.9
2939.9
2939.9
2939.9
2939.9
2939.9
2940.0
2940.0
2940.1
2940.1
2940.1
2940.1
2940.1
2940.1
2940.2
2940.2
2940.2
2940.2
2940.3
2940.3
2940.3
2940.3
2940.3
2940.3
2940.4
2940.4
2940.4
2940.4
2940.4
2940.4
2940.4
2940.4
2940.4
2940.5
2940.5
2940.5
2940.5
2940.5
2940.5
2940.5
2940.5
2940.5
2940.5
2940.5
2940.5
2940.5
2940.5
2940.5
2940.6
2940.6
2940.6
2940.6
2940.6
2940.6
2940.6
2940.6
2940.6
2940.6
2940.6
2940.7
2940.7
2940.7
2940.7
2940.7
2940.7
2940.7
2940.7
2940.7
2940.7
2940.7
2940.7
2940.7
2940.7
2940.8
2940.8
2940.8
2940.8
2940.8
2940.8
2940.9
2940.9
2940.9
2940.9
2941.0
2941.0
2941.1
2941.2
2941.3
2941.4
2941.4
2941.5
2941.7
2941.8
2942.2
2943.9
2946.4
2949.5
2950.2
2950.4
2950.5
2950.6
2950.7
2950.8
2951.0
2951.2
2951.3
2951.4
2951.5
2951.6
2951.7
2951.8
2952.0
2952.2
2952.4
2952.5
2952.9
2953.1
2953.2
2953.4
2953.5
2953.5
2953.5
2953.7
2953.7
2953.9
2953.9
2954.0
2954.2
2954.3
2954.3
2954.4
2954.6
2954.6
2954.7
2954.7
2954.8
2954.8
2954.9
2954.9
2954.9
2955.1
2955.1
2955.1
2955.2
2955.2
2955.3
2955.5
2955.5
2955.6
2955.7
2956.0
2956.0
2956.1
2956.1
2956.1
2956.2
2956.2
2956.4
2957.1
2957.4
2957.5
2957.9
2957.9
2957.9
2958.1
2958.1
2958.2
2958.3
2958.6
2958.6
2958.7
2958.8
2958.8
2959.0
2959.4
2959.6
2959.9
2960.0
2960.2
2960.9
2961.8
2962.9
2969.6
2974.3
