432.8
432.8
432.9
432.9
432.9
432.9
432.9
432.9
432.9
432.9
432.9
433.0
433.0
433.0
433.0
433.0
433.0
433.0
433.0
433.0
433.0
433.1
433.1
433.1
433.1
433.1
433.1
433.1
433.1
433.2
433.3
433.3
433.3
433.4
433.4
433.4
433.5
433.5
433.5
433.6
433.6
433.6
433.6
433.6
433.6
433.6
433.6
433.7
433.8
433.8
433.8
433.8
433.8
433.9
433.9
433.9
433.9
434.0
434.0
434.0
434.0
434.1
434.1
434.2
434.2
434.4
434.5
434.5
434.6
434.6
434.7
434.8
434.9
435.0
435.0
435.0
435.2
435.2
435.5
435.5
435.7
435.7
435.8
435.8
435.8
435.9
436.3
436.6
436.6
437.2
437.7
437.7
437.8
437.9
437.9
438.0
438.0
438.0
438.1
438.1
438.1
438.1
438.2
438.2
438.2
438.2
438.3
438.3
438.3
438.3
438.4
438.4
438.4
438.4
438.5
438.5
438.5
438.5
438.5
438.5
438.5
438.6
438.6
438.6
438.7
438.7
438.7
438.7
438.7
438.7
438.7
438.7
438.7
438.8
438.8
438.8
438.8
438.8
438.8
438.9
439.0
439.0
439.0
439.0
439.0
439.0
439.1
439.2
439.2
439.3
439.3
439.3
439.4
439.4
439.5
439.5
439.5
439.7
439.8
439.8
439.9
440.0
440.0
440.0
440.0
440.3
440.3
440.3
440.3
440.5
440.6
440.7
440.8
440.8
440.9
441.0
441.1
441.1
441.2
441.4
441.8
441.8
441.8
441.9
442.2
442.5
442.8
443.4
443.5
444.2
444.7
444.8
444.8
444.9
445.0
445.2
445.2
445.2
445.2
445.3
445.4
445.4
445.5
445.5
445.7
445.7
445.8
445.9
445.9
445.9
445.9
446.0
446.0
446.0
446.0
446.0
446.1
446.1
446.2
446.3
446.3
446.3
446.4
446.4
446.4
446.4
446.5
446.6
446.6
446.6
446.7
446.7
446.7
446.8
446.8
446.9
446.9
447.0
447.0
447.1
447.1
447.2
447.2
447.2
447.3
447.3
447.4
447.4
447.4
447.4
447.6
447.6
447.7
447.7
447.7
447.9
447.9
447.9
448.0
448.0
448.0
448.1
448.3
448.4
448.6
448.6
448.7
448.7
448.7
448.7
448.7
448.7
449.0
449.1
449.3
449.5
450.1
450.3
450.6
451.1
451.1
452.0
452.3
452.5
452.7
452.8
453.2
453.7
457.0
457.1
458.2
461.4
469.5
470.1
596.8
596.8
596.8
596.8
596.9
596.9
596.9
596.9
596.9
596.9
596.9
596.9
596.9
596.9
597.0
597.0
597.0
597.0
597.0
597.0
597.1
597.1
597.1
597.1
597.1
597.1
597.3
597.3
597.4
597.4
597.4
597.5
597.5
597.6
597.7
597.7
597.9
597.9
598.1
598.1
598.2
598.3
598.3
598.4
598.4
598.4
598.4
598.4
598.4
598.5
598.6
598.7
598.7
598.7
598.8
598.8
598.9
598.9
598.9
599.0
599.0
599.0
599.1
599.2
599.2
599.5
599.6
599.6
599.6
599.7
599.7
599.9
600.1
600.1
600.2
600.2
600.4
600.4
600.6
600.8
601.0
601.2
601.3
601.4
601.4
601.6
601.6
601.9
601.9
602.0
602.0
602.0
602.1
602.1
602.1
602.1
602.1
602.2
602.2
602.2
602.2
602.2
602.3
602.3
602.3
602.4
602.4
602.4
602.4
602.4
602.4
602.5
602.5
602.6
602.7
602.7
602.7
602.8
602.8
602.9
603.0
603.0
603.0
603.0
603.1
603.2
603.3
603.3
603.4
603.4
603.5
603.5
603.6
603.7
603.7
603.8
603.8
603.8
603.8
603.9
603.9
603.9
604.0
604.0
604.1
604.1
604.1
604.3
604.3
604.3
604.4
604.4
604.5
604.6
604.6
605.1
605.1
605.2
605.2
605.4
605.4
605.6
605.9
606.0
606.0
606.3
606.5
606.5
607.3
607.3
608.2
608.4
608.6
608.6
608.9
608.9
609.1
609.4
609.4
609.5
609.5
609.7
609.8
609.9
609.9
610.1
610.1
610.1
610.3
610.3
610.4
610.6
610.7
610.7
610.8
610.8
610.8
610.8
610.8
610.8
610.9
610.9
610.9
610.9
610.9
611.0
611.0
611.1
611.1
611.1
611.1
611.1
611.2
611.2
611.3
611.3
611.3
611.4
611.4
611.4
611.5
611.5
611.7
611.7
611.8
611.9
611.9
611.9
612.0
612.1
612.1
612.1
612.3
612.3
612.3
612.3
612.4
612.5
612.8
612.9
612.9
613.0
613.0
613.1
613.2
613.8
614.2
614.3
614.5
614.7
615.1
615.6
615.8
617.0
617.4
617.6
617.9
618.2
618.2
618.4
618.5
618.5
618.7
620.5
621.4
621.6
621.6
621.9
627.6
629.0
651.0
714.4
714.4
714.4
714.4
714.4
714.5
714.5
714.5
714.5
714.5
714.5
714.5
714.5
714.5
714.5
714.6
714.6
714.6
714.6
714.6
714.6
714.6
714.6
714.6
714.6
714.6
714.6
714.6
714.7
714.7
714.8
714.8
714.8
714.8
714.8
714.8
714.8
714.8
714.9
714.9
714.9
714.9
714.9
714.9
714.9
714.9
714.9
714.9
714.9
714.9
715.0
715.0
715.0
715.0
715.0
715.0
715.0
715.0
715.0
715.0
715.0
715.1
715.1
715.1
715.2
715.2
715.2
715.2
715.3
715.3
715.3
715.3
715.3
715.3
715.4
715.4
715.5
715.6
715.6
715.6
715.7
715.7
715.8
715.8
715.8
715.9
716.0
716.2
716.3
716.6
716.8
716.8
716.9
717.9
718.3
718.3
718.4
718.5
718.7
718.8
718.9
719.0
719.1
719.1
719.1
719.1
719.1
719.1
719.1
719.2
719.2
719.3
719.3
719.3
719.3
719.3
719.3
719.3
719.3
719.4
719.4
719.4
719.4
719.4
719.4
719.4
719.4
719.4
719.4
719.4
719.4
719.5
719.5
719.5
719.5
719.5
719.5
719.5
719.5
719.5
719.6
719.6
719.6
719.6
719.6
719.6
719.6
719.6
719.7
719.7
719.7
719.7
719.8
719.8
719.8
719.8
719.8
719.8
719.8
719.8
719.9
719.9
719.9
720.0
720.0
720.0
720.0
720.1
720.1
720.2
720.2
720.2
720.2
720.2
720.3
720.4
720.6
720.6
720.7
720.8
720.8
721.1
721.1
721.2
721.3
721.5
721.6
722.0
722.0
722.9
723.0
723.6
724.4
725.8
725.8
726.2
726.2
726.4
726.4
726.5
726.6
726.6
726.6
726.7
726.7
726.8
726.8
726.8
726.8
726.9
726.9
726.9
726.9
726.9
727.0
727.1
727.1
727.1
727.2
727.2
727.2
727.3
727.4
727.4
727.5
727.5
727.5
727.5
727.6
727.7
727.7
727.7
727.8
727.8
727.8
727.8
727.8
727.9
727.9
727.9
727.9
728.0
728.0
728.0
728.1
728.1
728.1
728.1
728.1
728.2
728.2
728.3
728.3
728.3
728.3
728.3
728.4
728.4
728.4
728.5
728.5
728.6
728.6
728.6
728.6
728.7
728.7
728.7
728.7
728.8
728.9
728.9
728.9
728.9
728.9
729.2
729.3
729.3
729.5
729.7
729.9
730.0
730.1
730.7
731.2
731.6
732.2
732.3
732.5
733.1
734.9
738.0
746.2
747.6
748.0
754.7
755.1
755.5
757.5
758.4
759.6
760.4
760.6
761.2
761.4
761.5
761.7
761.7
761.8
762.1
762.1
762.3
762.7
763.3
763.4
764.0
764.1
764.3
765.0
765.5
765.9
766.0
766.0
766.7
767.2
767.3
767.4
767.6
767.7
767.8
767.8
767.8
767.8
767.8
768.0
768.0
768.0
768.0
768.1
768.1
768.1
768.1
768.1
768.1
768.2
768.2
768.3
768.3
768.3
768.3
768.4
768.4
768.4
768.5
768.5
768.6
768.6
768.7
768.7
768.8
768.9
768.9
768.9
769.0
769.0
769.1
769.2
769.2
769.4
769.7
769.7
769.8
769.8
770.0
770.1
770.1
770.3
770.4
770.4
770.4
770.6
770.6
770.8
770.9
771.0
771.1
771.4
771.4
771.6
771.7
771.8
771.8
771.9
771.9
772.0
772.1
772.1
772.2
772.2
772.4
772.4
772.4
772.4
772.4
772.5
772.5
772.5
772.6
772.6
772.7
772.8
772.8
772.8
772.9
772.9
772.9
772.9
773.0
773.0
773.0
773.0
773.0
773.1
773.1
773.2
773.3
773.4
773.4
773.4
773.5
773.6
773.6
773.7
773.7
773.8
773.9
774.0
774.0
774.1
774.1
774.2
774.3
774.3
774.3
774.3
774.3
774.4
774.4
774.5
774.5
774.6
774.6
774.7
774.9
774.9
775.0
775.0
775.2
775.4
775.5
775.6
775.7
775.7
775.7
775.8
775.8
775.8
776.2
776.4
776.6
776.7
776.8
777.3
777.3
777.3
777.3
777.4
777.5
777.5
777.6
777.8
778.0
778.0
778.1
778.3
778.4
778.4
778.4
778.5
778.5
778.7
778.8
778.8
778.9
779.0
779.2
779.2
779.2
779.3
779.3
779.4
779.4
779.5
779.6
779.6
779.6
779.9
779.9
780.0
780.0
780.1
780.1
780.2
780.2
780.2
780.3
780.3
780.3
780.6
780.6
780.6
780.6
780.7
780.7
780.7
780.7
780.8
780.8
780.8
781.0
781.1
781.1
781.2
781.3
781.3
781.3
781.3
781.4
781.4
781.5
781.6
781.8
782.0
782.0
782.1
782.2
782.3
782.3
782.4
782.4
782.4
782.5
782.6
782.7
782.7
782.7
782.8
782.9
782.9
783.0
783.1
783.2
783.3
783.5
783.6
783.7
783.8
784.0
784.8
785.2
785.2
785.2
785.4
785.7
786.0
786.3
786.3
786.3
786.8
787.1
787.5
787.8
787.9
788.5
788.7
788.9
789.0
791.2
791.3
791.4
791.5
791.9
794.6
794.8
795.4
795.6
796.4
797.3
797.3
799.1
799.4
801.1
801.6
802.5
802.9
803.0
804.0
804.9
809.7
810.5
819.6
880.1
880.2
880.2
880.2
880.2
880.2
880.2
880.2
880.2
880.2
880.2
880.2
880.2
880.3
880.3
880.3
880.3
880.3
880.3
880.3
880.3
880.3
880.3
880.3
880.3
880.4
880.4
880.4
880.4
880.4
880.5
880.5
880.5
880.5
880.5
880.6
880.6
880.6
880.6
880.6
880.6
880.6
880.6
880.6
880.6
880.6
880.7
880.7
880.7
880.7
880.7
880.7
880.8
880.8
880.8
880.8
880.9
880.9
880.9
881.0
881.0
881.0
881.0
881.0
881.1
881.1
881.1
881.1
881.1
881.1
881.1
881.1
881.1
881.1
881.1
881.2
881.2
881.2
881.2
881.2
881.2
881.3
881.3
881.3
881.3
881.6
881.7
881.8
882.0
882.7
882.8
883.3
883.4
883.4
883.7
884.7
884.8
884.8
884.9
884.9
885.0
885.0
885.0
885.0
885.0
885.0
885.1
885.1
885.1
885.1
885.1
885.1
885.2
885.2
885.2
885.2
885.2
885.2
885.2
885.2
885.3
885.3
885.3
885.3
885.3
885.3
885.3
885.3
885.4
885.4
885.4
885.4
885.5
885.5
885.5
885.5
885.5
885.5
885.5
885.6
885.6
885.6
885.6
885.6
885.6
885.6
885.6
885.6
885.6
885.7
885.7
885.7
885.7
885.7
885.8
885.8
885.8
885.8
885.8
885.8
885.8
885.8
885.8
885.8
885.8
885.8
885.9
885.9
885.9
885.9
886.0
886.0
886.0
886.0
886.0
886.0
886.1
886.2
886.2
886.3
886.3
886.3
886.8
886.9
887.0
887.3
887.6
888.1
888.7
889.0
890.5
890.7
891.5
891.5
891.7
891.7
891.9
891.9
892.0
892.0
892.1
892.2
892.2
892.2
892.2
892.3
892.3
892.4
892.4
892.4
892.5
892.5
892.5
892.5
892.6
892.6
892.6
892.6
892.7
892.7
892.7
892.8
892.8
892.8
892.9
892.9
892.9
893.0
893.0
893.0
893.0
893.1
893.1
893.2
893.2
893.2
893.3
893.3
893.3
893.3
893.3
893.4
893.4
893.4
893.4
893.4
893.5
893.5
893.5
893.6
893.6
893.6
893.6
893.6
893.6
893.7
893.7
893.7
893.8
893.8
893.8
893.8
893.9
893.9
893.9
894.0
894.0
894.0
894.0
894.1
894.2
894.2
894.4
894.4
894.8
895.4
895.7
896.0
896.1
896.2
896.3
896.4
896.5
896.6
896.6
896.7
896.7
896.8
896.8
896.9
897.0
897.0
897.0
897.0
897.0
897.1
897.1
897.1
897.1
897.1
897.2
897.2
897.2
897.3
897.4
897.4
897.4
897.4
897.4
897.4
897.5
897.5
897.5
897.5
897.5
897.5
897.6
897.6
897.7
897.7
897.7
897.7
897.7
897.7
897.7
897.8
897.8
897.8
897.8
897.9
897.9
898.0
898.0
898.0
898.0
898.1
898.1
898.2
898.3
898.3
898.4
898.4
898.5
898.6
898.6
898.7
898.7
898.8
898.9
899.0
899.1
899.1
899.2
899.2
899.5
899.5
899.5
899.6
899.6
899.7
899.9
900.1
900.2
900.3
900.3
900.4
900.5
900.5
900.6
900.8
900.8
900.9
901.1
901.1
901.1
901.2
901.2
901.2
901.3
901.3
901.4
901.4
901.4
901.4
901.4
901.5
901.5
901.6
901.6
901.6
901.7
901.8
901.8
901.9
901.9
901.9
902.0
902.1
902.1
902.1
902.1
902.1
902.1
902.2
902.2
902.2
902.2
902.2
902.3
902.3
902.3
902.4
902.4
902.4
902.4
902.4
902.4
902.4
902.5
902.5
902.5
902.6
902.7
902.7
902.7
902.8
903.0
903.0
903.0
903.1
903.1
903.2
903.2
903.3
903.3
903.3
903.4
903.4
903.5
903.6
903.6
903.7
903.9
903.9
903.9
904.0
904.1
904.1
904.1
904.2
904.2
904.2
904.3
904.4
904.5
904.6
904.7
904.7
904.8
904.9
905.1
905.2
905.2
905.3
905.5
905.6
905.7
906.0
906.3
906.5
906.5
906.5
906.6
906.6
906.9
907.2
907.3
907.6
907.6
907.6
907.9
908.0
908.1
908.2
908.2
908.3
908.3
908.3
908.5
908.6
908.6
908.6
908.7
908.7
908.7
908.7
908.8
908.8
908.9
908.9
908.9
909.2
909.2
909.3
909.3
909.4
909.6
909.6
909.7
909.7
909.7
909.8
909.9
909.9
910.1
910.1
910.1
910.2
910.2
910.3
910.4
910.4
910.4
910.6
910.6
910.6
910.7
910.7
910.8
910.8
910.8
910.8
910.8
910.8
910.9
911.0
911.0
911.0
911.0
911.0
911.1
911.3
911.3
911.3
911.5
911.5
911.5
911.5
911.6
911.6
911.6
911.7
911.7
911.8
911.8
911.8
911.9
911.9
911.9
912.1
912.1
912.1
912.2
912.3
912.3
912.4
912.4
912.5
912.5
912.5
912.5
912.6
912.7
912.7
912.8
912.9
912.9
913.0
913.0
913.1
913.1
913.1
913.1
913.1
913.1
913.2
913.2
913.3
913.6
913.8
913.8
914.0
914.0
914.0
914.0
914.0
914.0
914.1
914.1
914.1
914.2
914.2
914.2
914.3
914.4
914.4
914.4
914.5
914.5
914.5
914.6
914.6
914.7
914.7
914.8
914.8
914.9
914.9
915.0
915.0
915.0
915.1
915.2
915.3
915.4
915.5
915.5
915.5
915.6
915.7
915.7
915.7
915.8
915.9
915.9
916.0
916.0
916.1
916.1
916.3
916.3
916.4
916.5
916.5
916.6
916.6
916.7
916.8
916.8
916.8
916.8
916.8
916.9
917.0
917.0
917.0
917.1
917.2
917.3
917.3
917.4
917.4
917.5
917.5
917.5
917.6
917.6
917.7
917.7
917.7
917.7
917.9
917.9
918.0
918.1
918.2
918.3
918.4
918.4
918.4
918.4
918.5
918.7
918.7
918.7
918.7
918.8
918.8
919.0
919.1
919.1
919.1
919.1
919.1
919.2
919.2
919.3
919.3
919.3
919.4
919.5
919.6
919.7
919.7
919.8
919.9
919.9
920.0
920.1
920.2
920.2
920.3
920.3
920.3
920.4
920.5
920.5
920.6
920.6
920.7
920.7
920.7
920.8
920.9
921.0
921.1
921.2
921.2
921.3
921.4
921.4
921.5
921.5
921.6
921.6
921.6
921.9
922.1
922.1
922.1
922.1
922.2
922.3
922.4
922.5
922.5
922.5
922.6
922.7
922.7
922.7
922.7
922.7
922.8
922.8
922.8
923.0
923.2
923.3
923.3
923.3
923.4
923.4
923.4
923.4
923.4
923.5
923.6
923.6
923.6
923.7
923.8
923.8
923.8
924.0
924.0
924.1
924.2
924.4
924.4
924.5
924.5
924.6
924.6
924.6
924.6
924.7
924.8
924.8
924.8
924.9
925.0
925.0
925.2
925.2
925.3
925.4
925.4
925.4
925.6
925.7
925.8
925.8
926.1
926.2
926.2
926.3
926.3
926.3
926.4
926.6
926.7
926.8
926.8
926.8
926.9
926.9
926.9
927.0
927.0
927.0
927.0
927.0
927.2
927.3
927.4
927.4
927.4
927.5
927.5
927.6
927.6
927.6
927.7
927.7
927.8
927.8
927.9
928.0
928.1
928.1
928.1
928.2
928.2
928.2
928.4
928.4
928.4
928.7
928.7
928.9
928.9
929.0
929.0
929.2
929.2
929.2
929.2
929.3
929.3
929.3
929.4
929.5
929.5
929.6
929.7
929.8
930.0
930.3
930.4
930.4
930.5
930.5
930.7
930.7
930.8
930.9
931.0
931.2
931.3
931.4
931.4
931.6
931.6
931.6
931.7
931.8
931.9
931.9
932.0
932.0
932.0
932.1
932.1
932.3
932.5
932.6
932.6
932.7
932.7
932.7
932.8
932.8
932.9
932.9
932.9
933.2
933.3
933.5
933.7
933.7
933.8
933.9
933.9
933.9
934.0
934.1
934.2
934.3
934.4
934.4
934.5
934.6
934.7
934.8
934.9
934.9
935.2
935.3
935.3
935.3
935.4
936.2
936.4
936.5
936.6
936.6
936.7
936.8
937.0
937.1
937.6
937.7
937.7
938.6
939.2
939.2
939.9
940.0
940.1
940.3
940.6
940.6
940.8
940.9
941.7
941.7
941.8
942.0
942.1
942.1
942.3
942.8
943.3
943.4
943.6
943.7
944.3
944.4
944.8
945.1
945.7
946.4
946.7
946.7
947.8
947.8
947.8
947.9
947.9
948.4
948.6
948.8
949.0
950.0
950.3
950.6
950.8
950.8
950.9
950.9
951.5
952.1
952.6
953.3
954.4
954.9
955.6
956.4
958.3
958.9
960.3
960.8
963.3
1062.1
1062.1
1062.1
1062.1
1062.1
1062.1
1062.2
1062.3
1062.3
1062.3
1062.3
1062.3
1062.3
1062.3
1062.3
1062.3
1062.3
1062.3
1062.4
1062.4
1062.4
1062.4
1062.4
1062.4
1062.4
1062.4
1062.4
1062.4
1062.4
1062.4
1062.4
1062.5
1062.5
1062.5
1062.5
1062.5
1062.5
1062.5
1062.5
1062.5
1062.5
1062.5
1062.5
1062.5
1062.5
1062.5
1062.5
1062.5
1062.5
1062.5
1062.5
1062.5
1062.5
1062.5
1062.5
1062.5
1062.6
1062.6
1062.6
1062.6
1062.6
1062.6
1062.6
1062.6
1062.6
1062.6
1062.6
1062.6
1062.6
1062.7
1062.7
1062.7
1062.7
1062.7
1062.8
1062.9
1062.9
1062.9
1063.0
1063.2
1063.2
1063.2
1063.2
1063.3
1063.3
1063.4
1063.5
1063.8
1064.0
1064.0
1064.3
1064.4
1064.5
1065.8
1065.8
1066.0
1066.1
1066.1
1066.3
1066.7
1066.8
1066.8
1066.8
1066.9
1066.9
1066.9
1066.9
1066.9
1066.9
1066.9
1067.0
1067.0
1067.0
1067.0
1067.0
1067.0
1067.0
1067.0
1067.0
1067.1
1067.1
1067.1
1067.1
1067.1
1067.1
1067.1
1067.1
1067.1
1067.1
1067.1
1067.1
1067.1
1067.2
1067.2
1067.2
1067.2
1067.2
1067.2
1067.2
1067.2
1067.2
1067.2
1067.3
1067.3
1067.3
1067.3
1067.3
1067.3
1067.3
1067.3
1067.3
1067.3
1067.3
1067.3
1067.3
1067.3
1067.4
1067.4
1067.4
1067.4
1067.4
1067.4
1067.4
1067.4
1067.4
1067.4
1067.4
1067.5
1067.5
1067.5
1067.5
1067.5
1067.5
1067.6
1067.6
1067.6
1067.7
1067.8
1067.8
1067.9
1068.0
1068.2
1068.2
1068.3
1068.3
1068.6
1068.7
1069.0
1069.1
1069.7
1069.8
1070.0
1070.7
1071.6
1071.7
1072.6
1072.7
1072.8
1072.9
1072.9
1073.2
1073.3
1073.3
1073.4
1073.4
1073.4
1073.4
1073.4
1073.4
1073.4
1073.4
1073.5
1073.5
1073.5
1073.5
1073.6
1073.6
1073.6
1073.6
1073.6
1073.6
1073.7
1073.7
1073.7
1073.7
1073.7
1073.7
1073.7
1073.7
1073.7
1073.7
1073.7
1073.8
1073.8
1073.8
1073.8
1073.8
1073.8
1073.8
1073.9
1073.9
1073.9
1073.9
1073.9
1074.0
1074.0
1074.0
1074.0
1074.0
1074.0
1074.0
1074.0
1074.1
1074.1
1074.1
1074.1
1074.1
1074.2
1074.2
1074.2
1074.2
1074.2
1074.3
1074.3
1074.3
1074.3
1074.3
1074.3
1074.4
1074.4
1074.4
1074.4
1074.5
1074.5
1074.5
1074.5
1074.6
1074.6
1074.6
1074.6
1074.7
1074.8
1074.9
1074.9
1075.0
1075.1
1075.2
1075.3
1075.7
1075.7
1076.3
1076.7
1077.1
1077.1
1077.1
1077.2
1077.3
1077.3
1077.3
1077.3
1077.3
1077.3
1077.4
1077.4
1077.4
1077.5
1077.5
1077.5
1077.5
1077.6
1077.6
1077.6
1077.7
1077.7
1077.8
1077.8
1077.8
1077.8
1077.8
1077.8
1077.9
1077.9
1077.9
1077.9
1077.9
1078.0
1078.0
1078.0
1078.0
1078.0
1078.0
1078.1
1078.1
1078.1
1078.1
1078.2
1078.2
1078.2
1078.2
1078.2
1078.3
1078.3
1078.3
1078.3
1078.3
1078.4
1078.4
1078.4
1078.4
1078.5
1078.5
1078.5
1078.5
1078.5
1078.5
1078.6
1078.6
1078.6
1078.6
1078.6
1078.7
1078.7
1078.7
1078.7
1078.8
1078.8
1078.8
1078.8
1078.9
1078.9
1078.9
1079.0
1079.0
1079.2
1079.3
1079.4
1079.5
1079.7
1079.7
1079.9
1080.0
1080.0
1080.1
1080.1
1080.1
1080.2
1080.5
1080.8
1080.9
1081.5
1081.8
1081.9
1082.0
1082.0
1082.2
1082.2
1082.3
1082.3
1082.3
1082.4
1082.4
1082.4
1082.5
1082.7
1082.7
1082.7
1082.7
1082.8
1082.8
1082.8
1082.8
1082.8
1082.9
1082.9
1083.0
1083.0
1083.0
1083.1
1083.2
1083.2
1083.3
1083.3
1083.3
1083.3
1083.4
1083.4
1083.4
1083.5
1083.5
1083.5
1083.5
1083.6
1083.6
1083.6
1083.7
1083.8
1083.8
1083.8
1083.9
1083.9
1083.9
1084.0
1084.0
1084.0
1084.0
1084.0
1084.0
1084.1
1084.1
1084.1
1084.1
1084.1
1084.2
1084.3
1084.3
1084.3
1084.3
1084.3
1084.4
1084.4
1084.4
1084.4
1084.4
1084.6
1084.6
1084.6
1084.7
1084.8
1084.9
1084.9
1085.0
1085.1
1085.1
1085.2
1085.2
1085.3
1085.4
1085.6
1085.7
1085.8
1085.9
1085.9
1086.0
1086.0
1086.1
1086.1
1086.3
1086.3
1086.5
1086.5
1086.5
1086.6
1086.6
1086.6
1086.6
1086.6
1086.7
1086.7
1086.7
1086.8
1086.8
1086.9
1087.0
1087.2
1087.3
1087.3
1087.3
1087.4
1087.4
1087.5
1087.5
1087.6
1087.6
1087.6
1087.7
1087.8
1087.9
1087.9
1087.9
1087.9
1088.0
1088.1
1088.1
1088.1
1088.1
1088.1
1088.2
1088.2
1088.3
1088.3
1088.3
1088.3
1088.4
1088.5
1088.5
1088.6
1088.6
1088.6
1088.7
1088.7
1088.8
1088.8
1088.8
1088.9
1088.9
1088.9
1089.0
1089.0
1089.0
1089.0
1089.0
1089.1
1089.2
1089.3
1089.4
1089.4
1089.7
1089.7
1089.8
1089.8
1089.9
1089.9
1089.9
1089.9
1090.0
1090.1
1090.1
1090.2
1090.2
1090.3
1090.4
1090.5
1090.5
1090.6
1090.6
1090.8
1090.9
1090.9
1090.9
1090.9
1090.9
1090.9
1090.9
1091.0
1091.0
1091.0
1091.1
1091.1
1091.2
1091.2
1091.2
1091.3
1091.5
1091.5
1091.8
1091.9
1092.0
1092.0
1092.1
1092.3
1092.3
1092.3
1092.3
1092.4
1092.4
1092.5
1092.5
1092.6
1092.8
1092.9
1092.9
1093.0
1093.1
1093.2
1093.3
1093.3
1093.4
1093.4
1093.4
1093.5
1093.5
1093.5
1093.5
1093.5
1093.5
1093.5
1093.5
1093.6
1093.7
1093.8
1093.9
1093.9
1093.9
1094.0
1094.0
1094.1
1094.1
1094.1
1094.2
1094.2
1094.2
1094.4
1094.5
1094.5
1094.7
1094.7
1094.7
1094.7
1094.9
1095.3
1095.5
1095.5
1095.6
1095.6
1095.6
1095.8
1095.9
1096.1
1096.2
1096.3
1096.5
1096.6
1096.7
1096.8
1096.8
1097.0
1097.0
1097.1
1097.2
1097.2
1097.2
1097.3
1097.4
1097.7
1097.7
1097.7
1097.8
1097.9
1098.1
1098.2
1098.2
1098.2
1098.5
1098.7
1098.7
1098.7
1098.7
1098.8
1098.9
1098.9
1099.0
1099.1
1099.1
1099.3
1099.3
1099.4
1099.6
1099.8
1099.9
1100.0
1100.2
1100.4
1100.6
1100.7
1100.8
1100.9
1101.3
1101.4
1101.6
1101.7
1101.7
1101.9
1101.9
1101.9
1102.0
1102.2
1102.2
1102.3
1102.5
1102.5
1102.5
1102.6
1102.7
1102.9
1102.9
1103.0
1103.4
1103.6
1103.8
1103.9
1103.9
1104.0
1104.2
1104.4
1104.5
1104.5
1104.6
1104.7
1104.8
1104.9
1105.0
1105.1
1105.2
1105.4
1105.4
1105.9
1106.0
1106.1
1106.2
1106.3
1106.6
1106.6
1106.7
1106.8
1107.2
1107.7
1108.8
1110.3
1110.4
1110.6
1110.9
1111.6
1111.7
1112.7
1112.8
1112.9
1113.2
1113.5
1114.0
1114.1
1114.1
1114.8
1115.8
1119.8
1132.1
1228.4
1228.5
1228.5
1228.5
1228.6
1228.6
1228.6
1228.6
1228.6
1228.7
1228.8
1228.8
1228.9
1228.9
1229.0
1229.0
1229.1
1229.1
1229.1
1229.2
1229.2
1229.2
1229.4
1229.7
1229.7
1229.8
1229.8
1229.9
1229.9
1229.9
1229.9
1229.9
1229.9
1230.0
1230.0
1230.0
1230.0
1230.0
1230.0
1230.0
1230.0
1230.1
1230.1
1230.1
1230.1
1230.1
1230.1
1230.1
1230.2
1230.2
1230.2
1230.2
1230.2
1230.2
1230.3
1230.3
1230.4
1230.4
1230.4
1230.5
1230.5
1230.5
1230.6
1230.6
1230.6
1230.6
1230.7
1230.8
1230.8
1230.8
1230.8
1230.9
1230.9
1231.0
1231.0
1231.0
1231.0
1231.0
1231.2
1231.2
1231.3
1231.3
1231.3
1231.3
1231.4
1231.4
1231.4
1231.4
1231.4
1231.4
1231.4
1231.4
1231.5
1231.6
1231.7
1231.7
1231.7
1231.8
1231.9
1232.7
1233.0
1233.3
1233.3
1233.4
1233.4
1233.4
1233.5
1233.5
1233.5
1233.5
1233.7
1233.7
1233.8
1233.9
1234.0
1234.0
1234.0
1234.0
1234.1
1234.1
1234.2
1234.2
1234.4
1234.5
1234.5
1234.6
1234.6
1234.6
1234.7
1234.7
1234.7
1234.7
1234.8
1234.8
1234.8
1234.8
1234.8
1234.8
1234.8
1234.8
1234.8
1234.9
1234.9
1235.0
1235.0
1235.0
1235.0
1235.0
1235.0
1235.0
1235.0
1235.1
1235.1
1235.1
1235.1
1235.1
1235.2
1235.2
1235.3
1235.3
1235.3
1235.4
1235.4
1235.4
1235.5
1235.5
1235.5
1235.5
1235.5
1235.5
1235.6
1235.6
1235.6
1235.6
1235.7
1235.7
1235.7
1235.7
1235.8
1235.8
1235.9
1235.9
1235.9
1235.9
1235.9
1235.9
1235.9
1236.0
1236.1
1236.1
1236.1
1236.2
1236.4
1237.3
1237.4
1238.2
1238.3
1238.5
1238.5
1239.3
1239.5
1239.5
1240.0
1240.0
1240.1
1240.2
1240.2
1240.4
1240.6
1240.6
1240.7
1240.7
1240.8
1240.9
1240.9
1241.0
1241.0
1241.1
1241.1
1241.1
1241.2
1241.3
1241.3
1241.3
1241.3
1241.4
1241.4
1241.6
1241.6
1241.6
1241.6
1241.6
1241.7
1241.7
1241.7
1241.7
1241.9
1241.9
1241.9
1242.0
1242.0
1242.0
1242.0
1242.1
1242.1
1242.1
1242.1
1242.1
1242.1
1242.1
1242.1
1242.2
1242.2
1242.2
1242.2
1242.3
1242.3
1242.3
1242.3
1242.3
1242.3
1242.4
1242.4
1242.4
1242.5
1242.5
1242.5
1242.5
1242.6
1242.6
1242.6
1242.6
1242.6
1242.7
1242.7
1242.8
1242.8
1242.8
1242.9
1242.9
1242.9
1243.0
1243.0
1243.1
1243.1
1243.1
1243.2
1243.2
1243.2
1243.2
1243.2
1243.4
1243.5
1243.8
1243.9
1244.1
1244.3
1244.5
1244.5
1244.6
1244.6
1244.8
1245.0
1245.0
1245.0
1245.1
1245.1
1245.2
1245.3
1245.3
1245.3
1245.3
1245.4
1245.4
1245.4
1245.4
1245.4
1245.5
1245.5
1245.5
1245.6
1245.6
1245.7
1245.8
1245.8
1245.8
1245.8
1245.8
1245.8
1245.8
1245.9
1245.9
1245.9
1246.0
1246.0
1246.0
1246.0
1246.1
1246.1
1246.1
1246.2
1246.2
1246.2
1246.3
1246.3
1246.3
1246.3
1246.4
1246.4
1246.4
1246.4
1246.4
1246.4
1246.4
1246.5
1246.5
1246.5
1246.5
1246.5
1246.5
1246.6
1246.6
1246.6
1246.6
1246.6
1246.6
1246.7
1246.7
1246.7
1246.7
1246.8
1246.8
1246.8
1246.8
1247.1
1247.1
1247.1
1247.1
1247.2
1247.2
1247.2
1247.2
1247.3
1247.4
1247.5
1247.5
1247.6
1247.7
1247.8
1247.9
1248.1
1248.1
1248.4
1248.6
1248.7
1248.9
1248.9
1249.0
1249.1
1249.3
1249.3
1249.4
1249.8
1249.8
1249.8
1249.9
1249.9
1250.0
1250.0
1250.1
1250.1
1250.2
1250.2
1250.2
1250.3
1250.3
1250.4
1250.4
1250.5
1250.5
1250.6
1250.6
1250.7
1250.8
1250.8
1250.8
1250.9
1250.9
1251.0
1251.0
1251.0
1251.1
1251.2
1251.2
1251.3
1251.3
1251.3
1251.4
1251.4
1251.4
1251.4
1251.5
1251.5
1251.6
1251.6
1251.6
1251.6
1251.7
1251.7
1251.7
1251.7
1251.7
1251.7
1251.8
1251.9
1252.0
1252.1
1252.1
1252.2
1252.2
1252.2
1252.3
1252.3
1252.3
1252.4
1252.4
1252.4
1252.5
1252.5
1252.6
1252.7
1252.8
1252.9
1252.9
1252.9
1252.9
1252.9
1253.0
1253.1
1253.2
1253.3
1253.3
1253.4
1253.5
1253.6
1253.6
1253.6
1253.6
1253.7
1253.7
1254.1
1254.4
1254.4
1254.6
1254.6
1254.7
1254.8
1254.8
1254.9
1255.0
1255.0
1255.1
1255.1
1255.1
1255.2
1255.2
1255.3
1255.3
1255.3
1255.4
1255.4
1255.5
1255.5
1255.6
1255.6
1255.6
1255.6
1255.7
1255.7
1255.7
1255.7
1255.7
1255.8
1255.8
1255.8
1255.8
1255.8
1255.9
1255.9
1255.9
1255.9
1256.0
1256.0
1256.0
1256.0
1256.0
1256.0
1256.1
1256.1
1256.1
1256.1
1256.2
1256.2
1256.2
1256.2
1256.2
1256.2
1256.2
1256.3
1256.3
1256.3
1256.3
1256.4
1256.5
1256.5
1256.6
1256.6
1256.6
1256.6
1256.7
1256.7
1256.8
1256.8
1256.9
1256.9
1256.9
1257.0
1257.0
1257.0
1257.2
1257.3
1257.4
1257.4
1257.4
1257.6
1257.6
1257.8
1257.9
1258.4
1258.5
1258.9
1258.9
1259.0
1259.0
1259.1
1259.1
1259.2
1259.3
1259.3
1259.3
1259.4
1259.5
1259.6
1259.6
1259.7
1259.8
1259.8
1259.8
1259.9
1259.9
1260.0
1260.0
1260.0
1260.0
1260.1
1260.1
1260.1
1260.2
1260.3
1260.3
1260.4
1260.4
1260.5
1260.5
1260.6
1260.6
1260.6
1260.6
1260.6
1260.6
1260.6
1260.7
1260.7
1260.7
1260.7
1260.7
1260.8
1260.9
1260.9
1260.9
1261.0
1261.0
1261.0
1261.1
1261.2
1261.2
1261.2
1261.3
1261.3
1261.4
1261.4
1261.4
1261.5
1261.7
1261.7
1261.7
1261.8
1261.8
1261.8
1261.9
1261.9
1261.9
1262.0
1262.1
1262.1
1262.1
1262.3
1262.5
1262.6
1262.7
1262.7
1262.9
1263.0
1263.3
1263.3
1263.5
1263.5
1263.8
1264.1
1264.1
1264.1
1264.2
1264.5
1264.6
1264.7
1265.2
1265.3
1265.3
1265.3
1265.5
1265.6
1265.7
1265.8
1265.8
1266.0
1266.0
1266.1
1266.1
1266.4
1266.4
1266.4
1266.6
1266.7
1266.7
1266.8
1267.0
1267.2
1267.2
1267.2
1267.3
1267.3
1267.4
1267.4
1267.7
1267.7
1267.8
1267.8
1267.9
1267.9
1268.0
1268.0
1268.1
1268.2
1268.2
1268.3
1268.4
1268.4
1268.5
1268.5
1268.5
1268.5
1268.7
1268.8
1269.2
1269.3
1269.7
1269.9
1269.9
1270.1
1270.2
1270.2
1270.3
1270.4
1270.4
1270.5
1270.5
1270.7
1270.8
1270.8
1270.8
1271.2
1271.3
1271.3
1271.5
1271.6
1271.7
1272.4
1272.9
1272.9
1273.7
1273.7
1274.2
1274.9
1275.3
1275.4
1275.8
1276.1
1276.7
1277.0
1277.5
1277.8
1277.8
1279.2
1279.7
1280.2
1281.2
1281.2
1282.3
1282.9
1283.3
1283.5
1284.1
1285.0
1288.1
1288.2
1288.7
1288.9
1289.2
1292.3
1292.4
1299.1
1301.0
1397.1
1397.1
1397.1
1397.2
1397.2
1397.2
1397.2
1397.2
1397.2
1397.2
1397.2
1397.3
1397.3
1397.3
1397.3
1397.3
1397.3
1397.3
1397.3
1397.3
1397.4
1397.4
1397.4
1397.4
1397.4
1397.4
1397.4
1397.4
1397.4
1397.5
1397.5
1397.5
1397.5
1397.5
1397.5
1397.6
1397.6
1397.6
1397.6
1397.6
1397.6
1397.6
1397.6
1397.7
1397.8
1397.8
1397.8
1397.8
1397.8
1397.8
1397.9
1397.9
1397.9
1397.9
1397.9
1397.9
1397.9
1398.1
1398.1
1398.1
1398.1
1398.2
1398.2
1398.3
1398.3
1398.3
1398.3
1398.4
1398.4
1398.4
1398.4
1398.4
1398.5
1398.5
1398.5
1398.5
1398.5
1398.5
1398.5
1398.5
1398.6
1398.6
1398.6
1398.6
1398.6
1398.6
1398.6
1398.6
1398.6
1398.7
1398.7
1398.7
1398.9
1399.2
1399.3
1400.1
1400.1
1400.2
1400.3
1400.9
1401.8
1401.8
1401.8
1401.9
1401.9
1401.9
1402.0
1402.0
1402.0
1402.0
1402.0
1402.0
1402.1
1402.1
1402.1
1402.1
1402.1
1402.1
1402.1
1402.1
1402.1
1402.2
1402.2
1402.2
1402.2
1402.2
1402.2
1402.2
1402.2
1402.2
1402.3
1402.3
1402.3
1402.3
1402.3
1402.4
1402.4
1402.4
1402.4
1402.4
1402.4
1402.5
1402.5
1402.5
1402.6
1402.6
1402.6
1402.6
1402.7
1402.7
1402.7
1402.7
1402.7
1402.7
1402.8
1402.8
1402.8
1402.8
1402.8
1402.8
1402.9
1402.9
1402.9
1402.9
1402.9
1403.0
1403.0
1403.0
1403.0
1403.0
1403.1
1403.1
1403.1
1403.1
1403.2
1403.2
1403.2
1403.2
1403.2
1403.2
1403.3
1403.3
1403.3
1403.3
1403.4
1403.4
1403.4
1403.4
1403.5
1403.5
1404.0
1404.4
1405.0
1405.2
1405.2
1406.8
1406.9
1407.0
1407.2
1408.1
1408.2
1408.2
1408.3
1408.5
1408.5
1408.6
1408.7
1408.7
1408.8
1408.9
1408.9
1408.9
1408.9
1408.9
1409.0
1409.1
1409.1
1409.1
1409.1
1409.2
1409.2
1409.2
1409.2
1409.3
1409.3
1409.3
1409.4
1409.4
1409.4
1409.5
1409.5
1409.5
1409.5
1409.5
1409.5
1409.6
1409.6
1409.6
1409.6
1409.7
1409.7
1409.7
1409.7
1409.7
1409.7
1409.8
1409.8
1409.8
1409.8
1409.9
1409.9
1409.9
1409.9
1409.9
1409.9
1409.9
1409.9
1409.9
1410.0
1410.0
1410.1
1410.1
1410.1
1410.2
1410.2
1410.2
1410.2
1410.3
1410.3
1410.4
1410.4
1410.4
1410.4
1410.5
1410.5
1410.6
1410.6
1410.6
1410.6
1410.6
1410.7
1410.7
1410.9
1410.9
1411.0
1411.0
1411.1
1411.1
1411.1
1411.2
1411.3
1412.2
1412.3
1412.4
1412.4
1412.5
1412.5
1412.8
1412.8
1413.0
1413.0
1413.0
1413.0
1413.1
1413.1
1413.1
1413.1
1413.1
1413.2
1413.2
1413.3
1413.3
1413.3
1413.3
1413.3
1413.3
1413.3
1413.4
1413.4
1413.5
1413.5
1413.5
1413.5
1413.6
1413.6
1413.6
1413.6
1413.6
1413.7
1413.7
1413.8
1413.8
1413.8
1413.8
1413.8
1413.9
1413.9
1413.9
1413.9
1413.9
1414.0
1414.0
1414.0
1414.1
1414.1
1414.1
1414.1
1414.2
1414.2
1414.3
1414.3
1414.3
1414.4
1414.4
1414.4
1414.4
1414.4
1414.5
1414.6
1414.6
1414.6
1414.6
1414.6
1414.6
1414.7
1414.7
1414.7
1414.8
1414.8
1414.9
1414.9
1415.0
1415.1
1415.2
1415.2
1415.3
1415.3
1415.4
1415.4
1415.4
1415.6
1415.7
1415.7
1415.7
1416.1
1416.1
1416.2
1416.3
1416.3
1416.6
1416.7
1416.8
1416.8
1416.9
1417.3
1417.3
1417.4
1417.5
1417.6
1417.6
1417.6
1417.6
1417.7
1417.7
1417.7
1417.8
1417.8
1417.8
1417.8
1417.8
1417.9
1417.9
1417.9
1418.0
1418.0
1418.0
1418.1
1418.1
1418.1
1418.2
1418.3
1418.3
1418.3
1418.3
1418.3
1418.5
1418.5
1418.5
1418.6
1418.6
1418.7
1418.7
1418.8
1418.9
1418.9
1418.9
1419.0
1419.0
1419.0
1419.0
1419.1
1419.1
1419.2
1419.2
1419.2
1419.2
1419.3
1419.3
1419.3
1419.4
1419.5
1419.6
1419.6
1419.7
1419.7
1419.7
1419.8
1419.8
1419.8
1419.9
1419.9
1419.9
1419.9
1420.0
1420.0
1420.1
1420.1
1420.2
1420.3
1420.3
1420.3
1420.4
1420.7
1420.8
1420.8
1421.0
1421.0
1421.1
1421.1
1421.2
1421.3
1421.4
1421.4
1421.4
1421.5
1421.7
1421.7
1421.7
1421.7
1421.8
1421.8
1421.8
1421.8
1421.8
1421.9
1421.9
1421.9
1422.0
1422.1
1422.1
1422.1
1422.1
1422.1
1422.2
1422.2
1422.3
1422.3
1422.3
1422.6
1422.6
1422.7
1422.9
1422.9
1422.9
1423.0
1423.0
1423.0
1423.1
1423.1
1423.2
1423.2
1423.2
1423.3
1423.4
1423.4
1423.4
1423.4
1423.4
1423.4
1423.4
1423.5
1423.5
1423.5
1423.6
1423.6
1423.6
1423.6
1423.6
1423.7
1423.7
1423.8
1423.8
1423.8
1423.9
1423.9
1423.9
1424.0
1424.0
1424.1
1424.1
1424.1
1424.2
1424.3
1424.3
1424.3
1424.4
1424.4
1424.5
1424.6
1424.6
1424.6
1424.6
1424.8
1424.8
1424.9
1425.1
1425.2
1425.2
1425.2
1425.3
1425.4
1425.6
1425.7
1425.8
1425.8
1425.9
1425.9
1425.9
1425.9
1425.9
1425.9
1425.9
1425.9
1425.9
1426.0
1426.0
1426.0
1426.1
1426.1
1426.3
1426.3
1426.3
1426.3
1426.4
1426.4
1426.5
1426.5
1426.6
1426.7
1426.7
1426.9
1427.0
1427.0
1427.0
1427.0
1427.1
1427.1
1427.3
1427.3
1427.4
1427.4
1427.6
1427.7
1427.7
1427.8
1427.8
1427.8
1427.8
1427.8
1428.0
1428.0
1428.1
1428.1
1428.2
1428.2
1428.2
1428.3
1428.3
1428.4
1428.4
1428.4
1428.4
1428.4
1428.5
1428.6
1428.6
1428.7
1428.8
1428.9
1428.9
1429.0
1429.3
1429.3
1429.5
1429.5
1429.5
1429.5
1429.6
1429.7
1429.8
1429.8
1430.0
1430.2
1430.2
1430.3
1430.4
1430.6
1430.6
1430.8
1431.0
1431.0
1431.2
1431.2
1431.4
1431.5
1431.6
1431.6
1431.6
1431.7
1431.7
1431.7
1431.8
1431.9
1431.9
1432.0
1432.0
1432.0
1432.0
1432.1
1432.2
1432.2
1432.2
1432.2
1432.3
1432.5
1432.5
1432.5
1432.7
1432.7
1432.7
1432.7
1432.9
1432.9
1433.2
1433.3
1433.4
1433.4
1433.5
1433.6
1433.6
1433.8
1433.9
1434.3
1434.6
1434.9
1434.9
1435.0
1435.2
1435.2
1435.3
1435.3
1435.4
1435.4
1435.4
1435.7
1435.8
1436.1
1436.1
1436.1
1436.2
1436.2
1436.2
1436.3
1436.3
1436.4
1436.4
1436.5
1436.5
1436.6
1436.8
1436.9
1437.0
1437.0
1437.5
1437.6
1437.8
1437.8
1438.1
1438.2
1438.2
1438.2
1438.2
1438.8
1438.8
1438.8
1438.9
1439.5
1439.8
1440.0
1440.2
1440.3
1440.8
1441.1
1441.1
1441.7
1442.7
1442.8
1443.3
1443.5
1443.7
1444.0
1444.1
1444.2
1444.2
1444.4
1444.6
1444.8
1444.9
1445.0
1446.3
1446.6
1447.0
1447.5
1447.7
1448.0
1448.2
1448.2
1448.4
1449.1
1449.5
1449.6
1450.8
1450.8
1451.6
1452.4
1453.0
1453.4
1455.7
1457.6
1458.5
1459.4
1461.4
1565.4
1565.4
1565.4
1565.5
1565.5
1565.5
1565.5
1565.6
1565.6
1565.6
1565.6
1565.7
1565.7
1565.8
1565.8
1565.8
1565.8
1565.8
1565.9
1565.9
1565.9
1566.1
1566.1
1566.2
1566.2
1566.2
1566.2
1566.2
1566.2
1566.2
1566.3
1566.3
1566.3
1566.3
1566.3
1566.3
1566.3
1566.3
1566.4
1566.4
1566.4
1566.4
1566.4
1566.4
1566.4
1566.4
1566.5
1566.5
1566.5
1566.5
1566.5
1566.5
1566.5
1566.5
1566.5
1566.5
1566.6
1566.6
1566.6
1566.6
1566.6
1566.6
1566.6
1566.7
1566.7
1566.7
1566.7
1566.7
1566.7
1566.8
1566.8
1566.8
1566.8
1566.8
1566.8
1566.8
1566.9
1566.9
1566.9
1566.9
1566.9
1566.9
1566.9
1566.9
1566.9
1566.9
1566.9
1566.9
1566.9
1567.0
1567.0
1567.1
1567.3
1568.4
1568.4
1568.4
1568.4
1568.5
1568.6
1569.3
1569.9
1570.2
1570.2
1570.3
1570.3
1570.3
1570.4
1570.4
1570.4
1570.4
1570.6
1570.6
1570.6
1570.6
1570.7
1570.7
1570.8
1570.8
1570.8
1570.8
1570.8
1570.9
1570.9
1570.9
1570.9
1570.9
1570.9
1571.0
1571.0
1571.0
1571.0
1571.0
1571.0
1571.0
1571.0
1571.0
1571.0
1571.1
1571.1
1571.1
1571.1
1571.1
1571.1
1571.1
1571.2
1571.2
1571.2
1571.2
1571.2
1571.2
1571.2
1571.2
1571.2
1571.3
1571.3
1571.3
1571.3
1571.3
1571.3
1571.3
1571.3
1571.3
1571.4
1571.4
1571.4
1571.4
1571.4
1571.4
1571.4
1571.4
1571.4
1571.4
1571.4
1571.4
1571.5
1571.5
1571.5
1571.5
1571.6
1571.6
1571.6
1571.6
1571.6
1571.6
1571.7
1571.7
1571.7
1571.9
1572.1
1572.3
1572.5
1572.7
1573.3
1574.4
1574.4
1575.3
1575.4
1575.5
1575.6
1576.3
1576.8
1576.9
1577.1
1577.1
1577.1
1577.1
1577.2
1577.2
1577.3
1577.4
1577.5
1577.5
1577.5
1577.5
1577.6
1577.6
1577.7
1577.7
1577.7
1577.8
1577.8
1577.8
1577.8
1577.8
1577.9
1577.9
1577.9
1577.9
1577.9
1578.0
1578.0
1578.0
1578.0
1578.0
1578.0
1578.1
1578.1
1578.1
1578.1
1578.1
1578.1
1578.2
1578.2
1578.2
1578.3
1578.3
1578.3
1578.3
1578.3
1578.3
1578.3
1578.3
1578.4
1578.4
1578.4
1578.5
1578.5
1578.5
1578.5
1578.5
1578.6
1578.6
1578.6
1578.6
1578.6
1578.7
1578.7
1578.7
1578.7
1578.8
1578.8
1578.8
1578.8
1578.8
1578.8
1578.8
1578.9
1578.9
1578.9
1578.9
1578.9
1578.9
1579.0
1579.1
1579.1
1579.1
1579.1
1579.1
1579.2
1579.3
1579.5
1580.2
1580.7
1580.9
1580.9
1581.0
1581.1
1581.2
1581.3
1581.3
1581.3
1581.3
1581.3
1581.5
1581.5
1581.5
1581.6
1581.7
1581.7
1581.8
1581.8
1581.8
1581.8
1581.8
1581.8
1581.9
1581.9
1581.9
1582.0
1582.0
1582.0
1582.0
1582.1
1582.1
1582.1
1582.1
1582.1
1582.1
1582.1
1582.2
1582.2
1582.2
1582.2
1582.2
1582.3
1582.3
1582.4
1582.4
1582.5
1582.5
1582.5
1582.6
1582.6
1582.6
1582.6
1582.6
1582.6
1582.6
1582.6
1582.7
1582.7
1582.7
1582.8
1582.8
1582.8
1582.8
1582.8
1582.9
1582.9
1582.9
1582.9
1582.9
1583.0
1583.0
1583.0
1583.0
1583.0
1583.0
1583.0
1583.1
1583.2
1583.2
1583.2
1583.2
1583.3
1583.4
1583.4
1583.4
1583.6
1583.6
1583.7
1583.7
1583.9
1583.9
1584.1
1584.1
1584.3
1584.6
1584.7
1585.4
1585.4
1585.5
1585.6
1585.6
1585.6
1585.7
1585.7
1585.8
1585.8
1585.8
1586.0
1586.0
1586.1
1586.1
1586.2
1586.3
1586.3
1586.4
1586.4
1586.4
1586.5
1586.5
1586.5
1586.7
1586.7
1586.7
1586.7
1586.8
1586.8
1586.9
1586.9
1586.9
1586.9
1587.0
1587.0
1587.0
1587.0
1587.1
1587.1
1587.1
1587.2
1587.3
1587.4
1587.4
1587.5
1587.6
1587.6
1587.6
1587.6
1587.7
1587.7
1587.7
1587.7
1587.7
1587.8
1587.9
1587.9
1587.9
1588.1
1588.1
1588.2
1588.2
1588.2
1588.3
1588.3
1588.3
1588.4
1588.4
1588.4
1588.5
1588.5
1588.5
1588.6
1588.6
1588.6
1588.7
1588.8
1588.8
1588.8
1588.9
1588.9
1588.9
1589.0
1589.1
1589.2
1589.2
1589.3
1589.4
1589.6
1589.6
1589.9
1589.9
1589.9
1590.0
1590.1
1590.1
1590.2
1590.2
1590.3
1590.3
1590.3
1590.3
1590.3
1590.3
1590.3
1590.4
1590.4
1590.5
1590.5
1590.5
1590.6
1590.6
1590.7
1590.7
1590.7
1590.8
1590.9
1591.0
1591.0
1591.0
1591.1
1591.2
1591.3
1591.3
1591.3
1591.4
1591.4
1591.4
1591.4
1591.5
1591.5
1591.6
1591.6
1591.7
1591.7
1591.7
1591.9
1591.9
1591.9
1591.9
1592.1
1592.1
1592.1
1592.1
1592.1
1592.3
1592.3
1592.3
1592.3
1592.3
1592.4
1592.4
1592.4
1592.4
1592.5
1592.5
1592.5
1592.5
1592.5
1592.6
1592.6
1592.7
1592.8
1592.8
1592.8
1592.9
1592.9
1593.0
1593.0
1593.0
1593.0
1593.1
1593.2
1593.2
1593.3
1593.4
1593.4
1593.5
1593.8
1593.9
1593.9
1594.0
1594.1
1594.1
1594.2
1594.2
1594.2
1594.4
1594.4
1594.4
1594.5
1594.5
1594.5
1594.5
1594.5
1594.5
1594.5
1594.5
1594.5
1594.6
1594.7
1594.7
1594.8
1594.9
1595.0
1595.2
1595.2
1595.3
1595.3
1595.3
1595.5
1595.5
1595.6
1595.6
1595.8
1595.8
1595.8
1595.9
1595.9
1596.0
1596.1
1596.2
1596.3
1596.3
1596.4
1596.4
1596.5
1596.6
1596.6
1596.7
1596.7
1596.8
1596.8
1596.9
1597.0
1597.0
1597.1
1597.1
1597.3
1597.3
1597.4
1597.5
1597.5
1597.5
1597.5
1597.5
1597.6
1597.6
1597.6
1597.6
1597.6
1597.8
1597.9
1598.1
1598.2
1598.3
1598.3
1598.4
1598.4
1598.5
1598.6
1598.6
1598.7
1598.8
1598.9
1599.0
1599.1
1599.1
1599.2
1599.2
1599.6
1599.7
1600.0
1600.0
1600.1
1600.1
1600.1
1600.2
1600.2
1600.4
1600.4
1600.5
1600.5
1600.6
1600.6
1600.6
1600.6
1600.7
1600.7
1600.8
1600.9
1601.0
1601.0
1601.1
1601.1
1601.3
1601.3
1601.4
1601.5
1601.6
1601.6
1601.7
1601.7
1601.8
1601.9
1602.1
1602.4
1602.6
1602.7
1602.7
1602.9
1603.1
1603.1
1603.2
1603.3
1603.4
1603.6
1604.0
1604.4
1604.6
1604.7
1604.7
1604.7
1604.7
1604.8
1604.8
1605.1
1605.1
1605.5
1605.5
1605.8
1606.0
1606.1
1606.2
1606.4
1606.5
1606.6
1606.7
1606.8
1606.9
1607.1
1607.1
1607.1
1607.2
1607.3
1607.6
1607.7
1607.7
1607.8
1607.8
1608.3
1608.5
1608.8
1608.9
1609.1
1609.1
1609.4
1609.6
1609.7
1610.8
1610.9
1611.0
1611.0
1611.2
1611.3
1611.4
1612.3
1612.4
1612.5
1613.1
1613.5
1614.0
1614.2
1614.7
1614.9
1615.3
1616.2
1616.5
1617.9
1617.9
1618.2
1618.6
1619.0
1619.5
1621.1
1621.4
1623.4
1623.7
1624.5
1625.8
1627.9
1628.4
1628.7
1631.7
1647.4
1733.5
1733.5
1733.5
1733.6
1733.6
1733.6
1733.6
1733.6
1733.6
1733.6
1733.6
1733.7
1733.7
1733.7
1733.7
1733.7
1733.8
1733.8
1733.8
1733.8
1733.8
1733.8
1733.8
1733.9
1733.9
1733.9
1733.9
1733.9
1733.9
1733.9
1733.9
1733.9
1734.0
1734.0
1734.0
1734.0
1734.0
1734.0
1734.0
1734.1
1734.1
1734.1
1734.1
1734.1
1734.2
1734.2
1734.2
1734.2
1734.3
1734.3
1734.3
1734.3
1734.3
1734.4
1734.4
1734.4
1734.4
1734.4
1734.4
1734.5
1734.5
1734.5
1734.6
1734.6
1734.6
1734.6
1734.6
1734.6
1734.7
1734.7
1734.7
1734.7
1734.8
1734.8
1734.8
1734.8
1734.8
1734.8
1734.8
1734.8
1734.8
1734.8
1734.8
1734.8
1734.9
1734.9
1734.9
1734.9
1734.9
1735.1
1735.3
1735.5
1735.6
1735.8
1735.8
1736.9
1736.9
1737.0
1737.1
1737.7
1738.2
1738.2
1738.2
1738.3
1738.3
1738.3
1738.3
1738.4
1738.4
1738.4
1738.4
1738.4
1738.4
1738.4
1738.5
1738.5
1738.5
1738.5
1738.5
1738.5
1738.6
1738.6
1738.6
1738.6
1738.6
1738.6
1738.7
1738.7
1738.7
1738.7
1738.7
1738.7
1738.7
1738.8
1738.8
1738.8
1738.8
1738.8
1738.9
1738.9
1738.9
1738.9
1738.9
1738.9
1739.0
1739.0
1739.0
1739.0
1739.0
1739.1
1739.1
1739.1
1739.1
1739.1
1739.2
1739.2
1739.2
1739.2
1739.2
1739.2
1739.2
1739.3
1739.3
1739.3
1739.3
1739.3
1739.3
1739.3
1739.3
1739.3
1739.3
1739.4
1739.4
1739.4
1739.4
1739.5
1739.5
1739.5
1739.5
1739.5
1739.5
1739.6
1739.6
1739.6
1739.6
1739.7
1739.8
1739.9
1740.0
1740.1
1740.7
1741.1
1741.6
1741.7
1741.7
1743.4
1743.5
1743.5
1743.6
1744.4
1744.6
1744.7
1744.7
1744.8
1744.9
1744.9
1745.0
1745.0
1745.1
1745.1
1745.1
1745.1
1745.3
1745.3
1745.4
1745.4
1745.4
1745.4
1745.4
1745.5
1745.5
1745.5
1745.6
1745.6
1745.6
1745.6
1745.6
1745.6
1745.6
1745.7
1745.7
1745.7
1745.7
1745.8
1745.8
1745.8
1745.9
1745.9
1745.9
1745.9
1745.9
1745.9
1746.0
1746.0
1746.0
1746.0
1746.0
1746.0
1746.1
1746.1
1746.1
1746.1
1746.2
1746.2
1746.2
1746.2
1746.3
1746.3
1746.3
1746.3
1746.3
1746.4
1746.5
1746.5
1746.5
1746.5
1746.5
1746.5
1746.6
1746.6
1746.6
1746.6
1746.6
1746.7
1746.7
1746.7
1746.8
1746.8
1746.8
1746.8
1746.9
1746.9
1747.0
1747.0
1747.1
1747.1
1747.2
1747.2
1747.2
1747.3
1747.8
1748.5
1748.6
1748.6
1748.6
1748.7
1748.8
1749.0
1749.1
1749.2
1749.2
1749.3
1749.3
1749.3
1749.3
1749.4
1749.4
1749.4
1749.4
1749.4
1749.5
1749.5
1749.5
1749.5
1749.5
1749.5
1749.5
1749.5
1749.6
1749.6
1749.7
1749.7
1749.8
1749.8
1749.8
1749.8
1749.9
1749.9
1749.9
1749.9
1749.9
1750.0
1750.0
1750.1
1750.1
1750.1
1750.1
1750.2
1750.2
1750.2
1750.2
1750.2
1750.2
1750.3
1750.3
1750.3
1750.4
1750.4
1750.5
1750.5
1750.5
1750.6
1750.6
1750.6
1750.6
1750.7
1750.7
1750.7
1750.7
1750.7
1750.8
1750.8
1750.8
1750.9
1750.9
1750.9
1751.0
1751.0
1751.0
1751.1
1751.1
1751.2
1751.2
1751.3
1751.4
1751.4
1751.4
1751.5
1751.6
1751.8
1751.8
1751.9
1752.0
1752.0
1752.3
1752.3
1752.4
1752.4
1752.6
1752.9
1753.0
1753.1
1753.1
1753.3
1753.6
1753.7
1753.7
1753.8
1753.8
1753.9
1754.0
1754.0
1754.1
1754.1
1754.1
1754.2
1754.2
1754.3
1754.3
1754.3
1754.3
1754.3
1754.3
1754.3
1754.4
1754.4
1754.5
1754.5
1754.5
1754.6
1754.6
1754.7
1754.7
1754.9
1754.9
1754.9
1755.0
1755.0
1755.0
1755.0
1755.0
1755.1
1755.1
1755.1
1755.4
1755.5
1755.5
1755.5
1755.5
1755.6
1755.6
1755.6
1755.6
1755.7
1755.7
1755.7
1755.7
1755.9
1755.9
1755.9
1756.0
1756.0
1756.0
1756.1
1756.1
1756.1
1756.1
1756.1
1756.2
1756.2
1756.3
1756.3
1756.3
1756.3
1756.4
1756.5
1756.5
1756.5
1756.7
1756.7
1756.8
1756.8
1756.8
1756.9
1757.1
1757.1
1757.2
1757.3
1757.3
1757.4
1757.4
1757.4
1757.4
1757.5
1757.5
1757.5
1757.6
1757.6
1757.7
1757.7
1757.7
1757.8
1757.8
1757.8
1757.9
1757.9
1757.9
1758.0
1758.1
1758.1
1758.1
1758.2
1758.3
1758.3
1758.3
1758.6
1758.6
1758.7
1758.8
1758.8
1758.8
1758.9
1759.0
1759.1
1759.1
1759.2
1759.3
1759.4
1759.4
1759.5
1759.5
1759.5
1759.5
1759.6
1759.6
1759.7
1759.8
1759.8
1759.9
1759.9
1759.9
1760.0
1760.0
1760.0
1760.0
1760.1
1760.1
1760.1
1760.2
1760.2
1760.2
1760.2
1760.2
1760.2
1760.3
1760.3
1760.4
1760.4
1760.4
1760.4
1760.4
1760.4
1760.5
1760.5
1760.6
1760.7
1760.8
1760.9
1760.9
1761.0
1761.0
1761.0
1761.1
1761.2
1761.3
1761.3
1761.4
1761.4
1761.5
1761.5
1761.5
1761.5
1761.5
1761.6
1761.6
1761.6
1761.6
1761.7
1761.7
1761.7
1761.8
1761.9
1762.0
1762.1
1762.1
1762.2
1762.3
1762.3
1762.4
1762.4
1762.4
1762.5
1762.5
1762.5
1762.7
1762.7
1762.8
1762.9
1763.2
1763.2
1763.2
1763.2
1763.4
1763.4
1763.5
1763.6
1763.7
1763.7
1763.8
1764.0
1764.0
1764.0
1764.0
1764.2
1764.2
1764.3
1764.3
1764.3
1764.4
1764.4
1764.5
1764.5
1764.6
1764.6
1764.8
1764.8
1764.9
1765.1
1765.1
1765.1
1765.1
1765.2
1765.3
1765.4
1765.4
1765.5
1765.6
1765.6
1765.7
1765.8
1765.8
1765.8
1766.0
1766.1
1766.1
1766.2
1766.3
1766.3
1766.3
1766.3
1766.4
1766.5
1766.6
1766.8
1766.9
1766.9
1767.1
1767.2
1767.2
1767.2
1767.2
1767.3
1767.3
1767.4
1767.4
1767.5
1767.6
1767.6
1767.8
1767.8
1767.8
1767.9
1767.9
1767.9
1768.3
1768.3
1768.5
1768.6
1768.6
1768.7
1768.8
1768.8
1768.9
1768.9
1769.1
1769.1
1769.2
1769.2
1769.3
1769.5
1769.6
1769.7
1769.7
1769.8
1769.9
1770.0
1770.0
1770.3
1770.5
1770.5
1771.0
1771.0
1771.0
1771.3
1771.6
1772.2
1772.2
1772.2
1772.2
1772.2
1772.3
1772.6
1772.6
1772.7
1772.7
1772.8
1773.5
1773.5
1773.5
1773.7
1773.9
1774.0
1774.1
1774.2
1774.3
1774.3
1774.4
1774.4
1774.9
1774.9
1775.1
1775.2
1775.3
1775.4
1775.5
1775.5
1775.8
1775.9
1775.9
1776.3
1776.6
1776.8
1776.8
1776.9
1776.9
1777.4
1777.9
1778.1
1778.1
1778.1
1778.2
1778.7
1778.8
1779.1
1779.3
1779.4
1779.7
1779.8
1779.9
1780.4
1780.5
1781.0
1781.2
1781.7
1781.9
1781.9
1782.2
1782.5
1783.8
1784.0
1784.1
1784.2
1786.2
1786.3
1786.6
1787.4
1787.9
1788.6
1790.3
1790.3
1794.6
1794.9
1796.3
1804.6
1901.7
1901.7
1901.8
1901.8
1901.8
1901.8
1901.8
1901.9
1901.9
1901.9
1901.9
1902.0
1902.0
1902.1
1902.1
1902.1
1902.1
1902.1
1902.2
1902.2
1902.2
1902.2
1902.2
1902.2
1902.2
1902.2
1902.2
1902.2
1902.3
1902.3
1902.3
1902.3
1902.3
1902.3
1902.3
1902.4
1902.4
1902.4
1902.4
1902.4
1902.4
1902.4
1902.5
1902.5
1902.5
1902.5
1902.6
1902.6
1902.6
1902.6
1902.6
1902.6
1902.6
1902.7
1902.7
1902.7
1902.7
1902.7
1902.7
1902.7
1902.8
1902.8
1902.8
1902.8
1902.8
1902.8
1902.8
1902.9
1902.9
1902.9
1902.9
1902.9
1902.9
1902.9
1902.9
1902.9
1902.9
1902.9
1902.9
1903.0
1903.0
1903.0
1903.0
1903.0
1903.0
1903.0
1903.0
1903.0
1903.1
1903.1
1903.3
1903.3
1903.4
1904.4
1904.4
1904.7
1904.7
1904.8
1904.9
1905.6
1906.3
1906.5
1906.5
1906.6
1906.6
1906.6
1906.7
1906.7
1906.7
1906.7
1906.8
1906.9
1906.9
1906.9
1906.9
1906.9
1906.9
1906.9
1907.0
1907.0
1907.0
1907.0
1907.0
1907.0
1907.0
1907.0
1907.0
1907.1
1907.1
1907.1
1907.1
1907.1
1907.1
1907.1
1907.1
1907.1
1907.1
1907.2
1907.2
1907.2
1907.2
1907.2
1907.2
1907.2
1907.2
1907.2
1907.2
1907.3
1907.3
1907.3
1907.3
1907.4
1907.4
1907.4
1907.4
1907.4
1907.4
1907.4
1907.4
1907.4
1907.4
1907.4
1907.4
1907.4
1907.4
1907.5
1907.5
1907.5
1907.6
1907.6
1907.6
1907.6
1907.6
1907.6
1907.6
1907.6
1907.6
1907.6
1907.7
1907.7
1907.7
1907.7
1907.7
1907.8
1907.8
1907.9
1907.9
1907.9
1908.1
1908.6
1908.6
1909.0
1909.5
1910.4
1910.4
1911.5
1911.6
1911.6
1911.9
1912.6
1913.0
1913.1
1913.1
1913.2
1913.2
1913.3
1913.4
1913.4
1913.4
1913.5
1913.5
1913.6
1913.6
1913.6
1913.7
1913.7
1913.7
1913.8
1913.8
1913.8
1913.8
1913.8
1913.9
1913.9
1914.0
1914.0
1914.0
1914.0
1914.0
1914.0
1914.1
1914.1
1914.1
1914.1
1914.1
1914.2
1914.2
1914.2
1914.2
1914.2
1914.2
1914.2
1914.3
1914.3
1914.3
1914.3
1914.3
1914.3
1914.4
1914.4
1914.4
1914.4
1914.5
1914.5
1914.5
1914.5
1914.6
1914.6
1914.6
1914.6
1914.6
1914.6
1914.7
1914.7
1914.7
1914.7
1914.7
1914.7
1914.8
1914.8
1914.8
1914.8
1914.9
1914.9
1914.9
1914.9
1915.0
1915.0
1915.0
1915.0
1915.0
1915.0
1915.0
1915.0
1915.1
1915.1
1915.1
1915.1
1915.2
1915.3
1915.5
1916.3
1916.7
1917.0
1917.1
1917.2
1917.3
1917.3
1917.3
1917.3
1917.3
1917.5
1917.5
1917.5
1917.7
1917.7
1917.8
1917.8
1917.8
1917.8
1917.8
1917.8
1917.9
1917.9
1917.9
1917.9
1917.9
1918.0
1918.0
1918.1
1918.1
1918.1
1918.1
1918.1
1918.1
1918.1
1918.2
1918.2
1918.2
1918.2
1918.2
1918.2
1918.3
1918.4
1918.5
1918.5
1918.5
1918.5
1918.5
1918.5
1918.6
1918.6
1918.6
1918.6
1918.6
1918.6
1918.7
1918.7
1918.7
1918.7
1918.8
1918.8
1918.8
1918.8
1918.8
1918.9
1918.9
1918.9
1918.9
1918.9
1918.9
1919.0
1919.0
1919.0
1919.1
1919.1
1919.1
1919.1
1919.1
1919.2
1919.2
1919.2
1919.3
1919.3
1919.4
1919.4
1919.4
1919.5
1919.5
1919.6
1919.8
1919.9
1920.0
1920.0
1920.0
1920.1
1920.1
1920.4
1920.6
1921.4
1921.5
1921.6
1921.6
1921.7
1921.7
1921.8
1921.8
1921.9
1922.0
1922.0
1922.1
1922.2
1922.2
1922.3
1922.4
1922.4
1922.5
1922.5
1922.5
1922.6
1922.6
1922.6
1922.7
1922.7
1922.8
1922.8
1922.9
1922.9
1922.9
1923.0
1923.0
1923.0
1923.0
1923.0
1923.1
1923.1
1923.1
1923.1
1923.2
1923.3
1923.4
1923.5
1923.5
1923.6
1923.6
1923.7
1923.7
1923.7
1923.7
1923.8
1923.8
1923.8
1923.8
1924.0
1924.0
1924.0
1924.1
1924.1
1924.1
1924.1
1924.2
1924.3
1924.4
1924.4
1924.4
1924.4
1924.4
1924.4
1924.5
1924.6
1924.6
1924.6
1924.6
1924.6
1924.6
1924.6
1924.7
1924.8
1924.9
1924.9
1924.9
1925.0
1925.0
1925.0
1925.0
1925.1
1925.2
1925.3
1925.5
1925.6
1925.7
1925.7
1925.7
1925.7
1925.7
1925.7
1925.8
1925.8
1925.8
1925.9
1925.9
1926.0
1926.1
1926.2
1926.2
1926.2
1926.3
1926.3
1926.4
1926.4
1926.5
1926.5
1926.6
1926.7
1926.7
1926.8
1926.8
1926.8
1926.9
1926.9
1927.1
1927.2
1927.2
1927.3
1927.4
1927.4
1927.4
1927.5
1927.5
1927.5
1927.5
1927.6
1927.6
1927.7
1927.7
1927.7
1927.7
1927.8
1927.8
1928.0
1928.0
1928.1
1928.2
1928.2
1928.2
1928.2
1928.2
1928.2
1928.4
1928.4
1928.4
1928.4
1928.4
1928.5
1928.5
1928.6
1928.6
1928.6
1928.6
1928.6
1928.7
1928.7
1928.7
1928.8
1928.8
1928.8
1928.9
1928.9
1929.0
1929.0
1929.1
1929.1
1929.1
1929.2
1929.2
1929.3
1929.4
1929.5
1929.5
1929.6
1929.7
1929.7
1929.8
1929.9
1929.9
1929.9
1929.9
1929.9
1930.0
1930.1
1930.1
1930.2
1930.2
1930.2
1930.4
1930.4
1930.4
1930.4
1930.5
1930.5
1930.7
1930.7
1930.9
1931.0
1931.1
1931.1
1931.1
1931.1
1931.2
1931.2
1931.4
1931.5
1931.6
1931.7
1931.9
1931.9
1931.9
1932.1
1932.1
1932.1
1932.2
1932.2
1932.2
1932.3
1932.4
1932.4
1932.4
1932.5
1932.5
1932.7
1932.7
1932.8
1932.9
1933.1
1933.1
1933.2
1933.2
1933.2
1933.6
1933.6
1933.8
1933.8
1933.8
1933.8
1933.8
1933.9
1933.9
1934.1
1934.1
1934.1
1934.1
1934.1
1934.2
1934.2
1934.2
1934.3
1934.3
1934.3
1934.5
1934.6
1934.7
1934.8
1934.9
1934.9
1935.0
1935.1
1935.2
1935.2
1935.2
1935.3
1935.3
1935.4
1935.8
1935.8
1935.8
1935.8
1935.8
1935.9
1935.9
1936.0
1936.1
1936.3
1936.4
1936.5
1936.6
1936.6
1936.7
1936.7
1936.8
1937.0
1937.0
1937.1
1937.3
1937.3
1937.3
1937.4
1937.6
1937.6
1937.7
1937.8
1937.9
1938.0
1938.0
1938.0
1938.1
1938.1
1938.8
1938.9
1939.2
1939.2
1939.2
1940.0
1940.1
1940.2
1940.2
1940.3
1940.5
1940.6
1940.7
1940.8
1941.0
1941.0
1941.0
1941.1
1941.7
1941.9
1942.0
1942.1
1942.1
1942.4
1942.5
1943.0
1943.5
1943.5
1943.5
1943.6
1943.7
1943.8
1943.9
1944.2
1944.3
1944.4
1944.7
1944.7
1945.0
1945.2
1945.2
1945.4
1945.4
1945.6
1945.8
1945.8
1945.9
1946.0
1946.1
1946.3
1946.3
1946.8
1946.9
1947.4
1947.6
1947.8
1947.9
1948.0
1948.4
1948.9
1948.9
1949.5
1949.6
1950.0
1950.2
1950.3
1950.3
1950.6
1951.4
1951.5
1951.6
1951.9
1954.2
1954.5
1956.6
1956.6
1957.7
1958.3
1960.6
1962.5
1965.0
1974.9
2070.0
2070.1
2070.1
2070.1
2070.1
2070.1
2070.1
2070.1
2070.1
2070.2
2070.2
2070.2
2070.2
2070.2
2070.2
2070.2
2070.2
2070.2
2070.3
2070.3
2070.3
2070.3
2070.3
2070.3
2070.3
2070.3
2070.3
2070.4
2070.4
2070.4
2070.4
2070.4
2070.4
2070.4
2070.4
2070.5
2070.5
2070.5
2070.5
2070.5
2070.5
2070.5
2070.6
2070.6
2070.6
2070.7
2070.7
2070.7
2070.7
2070.7
2070.7
2070.7
2070.8
2070.8
2070.8
2070.8
2070.9
2070.9
2071.0
2071.0
2071.1
2071.1
2071.1
2071.1
2071.1
2071.1
2071.2
2071.2
2071.2
2071.2
2071.2
2071.2
2071.2
2071.2
2071.2
2071.2
2071.2
2071.2
2071.3
2071.3
2071.3
2071.3
2071.3
2071.3
2071.3
2071.4
2071.4
2071.4
2071.4
2071.4
2071.6
2071.8
2071.9
2072.2
2072.2
2073.2
2073.2
2073.3
2073.4
2074.1
2074.7
2074.7
2074.8
2074.8
2074.8
2074.9
2074.9
2074.9
2074.9
2074.9
2074.9
2075.0
2075.0
2075.0
2075.0
2075.0
2075.0
2075.0
2075.0
2075.0
2075.1
2075.1
2075.1
2075.1
2075.1
2075.1
2075.1
2075.1
2075.2
2075.2
2075.2
2075.2
2075.2
2075.2
2075.2
2075.3
2075.3
2075.3
2075.3
2075.4
2075.4
2075.4
2075.4
2075.4
2075.5
2075.5
2075.5
2075.5
2075.5
2075.6
2075.6
2075.6
2075.6
2075.6
2075.6
2075.6
2075.6
2075.7
2075.7
2075.7
2075.7
2075.7
2075.7
2075.7
2075.7
2075.7
2075.8
2075.8
2075.8
2075.9
2075.9
2075.9
2075.9
2075.9
2075.9
2076.0
2076.0
2076.0
2076.0
2076.0
2076.1
2076.1
2076.1
2076.1
2076.1
2076.1
2076.2
2076.3
2076.4
2076.4
2077.1
2077.4
2078.0
2078.0
2078.1
2079.7
2079.8
2079.8
2079.9
2081.0
2081.0
2081.0
2081.1
2081.4
2081.4
2081.4
2081.5
2081.5
2081.6
2081.7
2081.7
2081.7
2081.7
2081.8
2081.8
2081.9
2081.9
2081.9
2082.0
2082.0
2082.0
2082.0
2082.0
2082.0
2082.1
2082.1
2082.1
2082.2
2082.2
2082.2
2082.2
2082.3
2082.3
2082.3
2082.3
2082.3
2082.4
2082.4
2082.4
2082.4
2082.5
2082.5
2082.5
2082.5
2082.5
2082.5
2082.5
2082.6
2082.6
2082.6
2082.6
2082.6
2082.6
2082.6
2082.7
2082.7
2082.7
2082.7
2082.7
2082.8
2082.8
2082.8
2082.9
2082.9
2083.0
2083.0
2083.0
2083.0
2083.1
2083.1
2083.1
2083.1
2083.2
2083.2
2083.2
2083.2
2083.2
2083.3
2083.3
2083.3
2083.3
2083.3
2083.5
2083.5
2083.5
2083.6
2083.6
2083.6
2083.7
2083.7
2084.1
2084.9
2085.0
2085.2
2085.2
2085.3
2085.4
2085.4
2085.6
2085.6
2085.6
2085.8
2085.8
2085.8
2085.8
2085.9
2085.9
2085.9
2085.9
2085.9
2086.0
2086.0
2086.0
2086.0
2086.0
2086.1
2086.1
2086.1
2086.1
2086.1
2086.2
2086.2
2086.3
2086.3
2086.4
2086.4
2086.4
2086.4
2086.4
2086.5
2086.5
2086.5
2086.5
2086.5
2086.5
2086.6
2086.6
2086.7
2086.7
2086.7
2086.7
2086.8
2086.8
2086.8
2086.8
2086.9
2086.9
2086.9
2086.9
2087.0
2087.0
2087.0
2087.1
2087.1
2087.1
2087.2
2087.2
2087.2
2087.2
2087.2
2087.2
2087.3
2087.3
2087.3
2087.4
2087.4
2087.4
2087.5
2087.5
2087.5
2087.6
2087.6
2087.7
2087.8
2087.8
2087.9
2087.9
2088.0
2088.0
2088.1
2088.2
2088.2
2088.4
2088.4
2088.7
2088.7
2088.7
2088.8
2088.9
2089.4
2089.6
2089.7
2089.7
2090.0
2090.1
2090.1
2090.2
2090.4
2090.4
2090.4
2090.4
2090.4
2090.5
2090.5
2090.6
2090.6
2090.7
2090.8
2090.8
2090.8
2090.8
2090.9
2090.9
2090.9
2090.9
2090.9
2090.9
2091.0
2091.0
2091.1
2091.1
2091.2
2091.2
2091.2
2091.3
2091.4
2091.5
2091.5
2091.5
2091.6
2091.6
2091.6
2091.7
2091.7
2091.8
2091.8
2091.8
2092.0
2092.0
2092.1
2092.1
2092.2
2092.2
2092.2
2092.2
2092.3
2092.3
2092.4
2092.4
2092.4
2092.4
2092.5
2092.5
2092.5
2092.6
2092.6
2092.6
2092.7
2092.7
2092.8
2092.8
2092.8
2092.8
2092.8
2092.9
2092.9
2093.0
2093.0
2093.0
2093.1
2093.2
2093.2
2093.2
2093.3
2093.4
2093.4
2093.6
2093.8
2093.8
2093.9
2093.9
2094.0
2094.0
2094.0
2094.0
2094.1
2094.1
2094.1
2094.1
2094.1
2094.2
2094.2
2094.2
2094.4
2094.4
2094.5
2094.5
2094.5
2094.6
2094.6
2094.6
2094.7
2094.8
2094.9
2094.9
2095.0
2095.1
2095.2
2095.3
2095.3
2095.3
2095.3
2095.4
2095.5
2095.5
2095.7
2095.8
2095.9
2095.9
2095.9
2095.9
2095.9
2096.0
2096.0
2096.2
2096.3
2096.3
2096.3
2096.3
2096.4
2096.4
2096.5
2096.5
2096.5
2096.5
2096.6
2096.6
2096.6
2096.6
2096.6
2096.6
2096.6
2096.7
2096.7
2096.7
2096.8
2096.8
2096.8
2096.8
2096.9
2097.0
2097.0
2097.0
2097.1
2097.1
2097.1
2097.2
2097.2
2097.3
2097.3
2097.3
2097.5
2097.5
2097.7
2097.7
2097.8
2097.8
2097.8
2097.8
2097.9
2097.9
2097.9
2098.1
2098.2
2098.2
2098.2
2098.2
2098.3
2098.3
2098.3
2098.3
2098.4
2098.6
2098.6
2098.7
2098.7
2098.7
2098.8
2098.8
2098.9
2098.9
2098.9
2099.1
2099.1
2099.2
2099.3
2099.4
2099.4
2099.5
2099.6
2099.8
2099.9
2099.9
2099.9
2100.0
2100.0
2100.1
2100.1
2100.3
2100.4
2100.5
2100.6
2100.6
2100.7
2100.7
2100.7
2100.7
2100.8
2100.8
2100.8
2100.9
2101.0
2101.1
2101.1
2101.3
2101.4
2101.5
2101.5
2101.6
2101.6
2101.7
2101.8
2102.0
2102.0
2102.0
2102.1
2102.1
2102.1
2102.2
2102.3
2102.3
2102.4
2102.4
2102.6
2102.6
2102.6
2102.8
2102.8
2102.9
2102.9
2102.9
2103.1
2103.1
2103.1
2103.4
2103.4
2103.6
2103.6
2103.6
2103.7
2103.7
2103.8
2103.8
2104.0
2104.0
2104.1
2104.1
2104.1
2104.2
2104.2
2104.2
2104.4
2104.5
2104.5
2104.8
2104.9
2105.0
2105.1
2105.2
2105.3
2105.3
2105.4
2105.4
2105.5
2105.6
2105.7
2105.7
2105.7
2105.8
2105.8
2106.0
2106.1
2106.1
2106.4
2106.4
2106.5
2106.7
2107.0
2107.0
2107.2
2107.3
2107.3
2107.7
2108.0
2108.4
2108.5
2108.6
2108.7
2108.8
2108.9
2109.0
2109.1
2109.1
2109.2
2109.4
2109.6
2109.9
2110.1
2110.3
2110.4
2110.6
2110.8
2110.8
2110.9
2110.9
2111.0
2111.1
2111.1
2111.3
2111.5
2112.0
2112.0
2112.2
2112.5
2112.5
2112.6
2112.7
2112.7
2113.1
2113.2
2113.3
2113.4
2113.5
2113.6
2113.9
2113.9
2115.0
2115.0
2115.1
2115.2
2115.3
2115.6
2115.8
2115.9
2116.2
2116.3
2116.6
2116.9
2116.9
2117.2
2117.3
2118.3
2118.6
2119.0
2119.0
2119.2
2119.6
2119.6
2121.5
2121.7
2121.8
2121.9
2124.0
2125.2
2125.2
2126.1
2127.9
2128.7
2129.8
2130.0
2134.4
2138.5
2139.3
2238.1
2238.1
2238.1
2238.2
2238.2
2238.2
2238.2
2238.3
2238.3
2238.3
2238.4
2238.4
2238.4
2238.5
2238.5
2238.5
2238.5
2238.5
2238.5
2238.5
2238.5
2238.5
2238.6
2238.6
2238.6
2238.6
2238.6
2238.6
2238.6
2238.6
2238.6
2238.7
2238.7
2238.7
2238.7
2238.7
2238.7
2238.7
2238.8
2238.8
2238.8
2238.8
2238.8
2238.8
2238.8
2238.8
2238.8
2238.9
2238.9
2238.9
2238.9
2239.0
2239.0
2239.0
2239.0
2239.0
2239.0
2239.0
2239.0
2239.0
2239.0
2239.0
2239.0
2239.0
2239.0
2239.0
2239.1
2239.1
2239.1
2239.1
2239.1
2239.1
2239.1
2239.1
2239.1
2239.1
2239.1
2239.1
2239.2
2239.2
2239.2
2239.2
2239.2
2239.2
2239.2
2239.2
2239.3
2239.3
2239.4
2239.5
2239.7
2239.8
2239.8
2240.9
2240.9
2241.1
2241.2
2241.2
2241.3
2242.0
2242.6
2242.9
2242.9
2242.9
2243.0
2243.0
2243.0
2243.1
2243.1
2243.1
2243.2
2243.2
2243.2
2243.2
2243.3
2243.3
2243.3
2243.3
2243.3
2243.3
2243.3
2243.3
2243.3
2243.4
2243.4
2243.4
2243.4
2243.4
2243.4
2243.4
2243.4
2243.4
2243.4
2243.4
2243.5
2243.5
2243.5
2243.5
2243.5
2243.5
2243.5
2243.5
2243.5
2243.5
2243.5
2243.5
2243.6
2243.6
2243.6
2243.6
2243.6
2243.6
2243.6
2243.6
2243.6
2243.6
2243.6
2243.6
2243.7
2243.7
2243.7
2243.7
2243.7
2243.7
2243.7
2243.7
2243.8
2243.8
2243.8
2243.8
2243.8
2243.8
2243.8
2243.9
2243.9
2243.9
2243.9
2243.9
2243.9
2243.9
2243.9
2244.0
2244.0
2244.0
2244.1
2244.1
2244.3
2244.4
2244.6
2245.0
2245.1
2245.4
2245.9
2246.8
2246.9
2247.8
2247.9
2248.0
2248.2
2249.0
2249.2
2249.3
2249.4
2249.6
2249.6
2249.7
2249.8
2249.8
2249.8
2249.8
2249.9
2249.9
2249.9
2249.9
2249.9
2250.1
2250.1
2250.1
2250.1
2250.1
2250.1
2250.2
2250.2
2250.2
2250.2
2250.2
2250.3
2250.3
2250.3
2250.3
2250.4
2250.4
2250.4
2250.4
2250.4
2250.4
2250.4
2250.5
2250.5
2250.5
2250.5
2250.5
2250.5
2250.6
2250.6
2250.6
2250.6
2250.7
2250.7
2250.7
2250.7
2250.7
2250.8
2250.8
2250.8
2250.8
2250.9
2250.9
2250.9
2250.9
2250.9
2250.9
2250.9
2251.0
2251.0
2251.0
2251.0
2251.0
2251.0
2251.0
2251.0
2251.1
2251.1
2251.1
2251.1
2251.2
2251.2
2251.2
2251.2
2251.2
2251.2
2251.2
2251.2
2251.3
2251.3
2251.4
2251.4
2251.4
2251.4
2251.6
2251.9
2252.7
2253.1
2253.4
2253.5
2253.5
2253.5
2253.6
2253.6
2253.6
2253.7
2253.8
2253.8
2253.9
2253.9
2254.0
2254.0
2254.0
2254.1
2254.1
2254.1
2254.1
2254.2
2254.2
2254.2
2254.2
2254.3
2254.3
2254.3
2254.3
2254.4
2254.4
2254.4
2254.4
2254.4
2254.4
2254.5
2254.5
2254.5
2254.5
2254.6
2254.6
2254.7
2254.7
2254.7
2254.8
2254.8
2254.9
2254.9
2254.9
2254.9
2254.9
2254.9
2254.9
2254.9
2254.9
2254.9
2255.0
2255.1
2255.1
2255.1
2255.1
2255.1
2255.1
2255.1
2255.1
2255.1
2255.2
2255.2
2255.2
2255.2
2255.2
2255.2
2255.2
2255.3
2255.3
2255.3
2255.3
2255.4
2255.4
2255.5
2255.5
2255.5
2255.6
2255.6
2255.8
2255.8
2255.8
2255.9
2256.0
2256.2
2256.3
2256.3
2256.3
2256.4
2256.4
2256.5
2256.7
2256.9
2257.8
2257.9
2258.0
2258.0
2258.0
2258.1
2258.1
2258.1
2258.2
2258.4
2258.4
2258.5
2258.5
2258.5
2258.7
2258.7
2258.8
2258.8
2258.8
2258.8
2258.9
2258.9
2258.9
2259.0
2259.1
2259.1
2259.2
2259.2
2259.2
2259.3
2259.3
2259.3
2259.4
2259.4
2259.4
2259.4
2259.4
2259.4
2259.5
2259.7
2259.7
2259.8
2259.9
2259.9
2259.9
2259.9
2260.0
2260.0
2260.0
2260.0
2260.1
2260.1
2260.2
2260.2
2260.3
2260.4
2260.4
2260.5
2260.5
2260.5
2260.5
2260.6
2260.6
2260.6
2260.7
2260.7
2260.7
2260.7
2260.8
2260.8
2260.8
2260.8
2260.8
2260.9
2260.9
2260.9
2261.0
2261.1
2261.1
2261.1
2261.2
2261.2
2261.2
2261.2
2261.3
2261.3
2261.4
2261.6
2261.6
2261.8
2261.9
2261.9
2262.0
2262.0
2262.1
2262.1
2262.1
2262.1
2262.1
2262.2
2262.2
2262.2
2262.3
2262.4
2262.4
2262.5
2262.5
2262.6
2262.7
2262.7
2262.8
2262.8
2262.9
2263.0
2263.0
2263.0
2263.1
2263.2
2263.2
2263.2
2263.2
2263.5
2263.6
2263.6
2263.6
2263.7
2263.7
2263.8
2263.8
2263.8
2263.9
2263.9
2263.9
2264.0
2264.0
2264.1
2264.1
2264.1
2264.1
2264.1
2264.2
2264.4
2264.4
2264.5
2264.5
2264.5
2264.5
2264.6
2264.6
2264.6
2264.7
2264.7
2264.8
2264.8
2264.8
2264.8
2264.8
2264.8
2264.8
2264.9
2264.9
2264.9
2265.0
2265.0
2265.1
2265.2
2265.2
2265.2
2265.2
2265.3
2265.3
2265.3
2265.4
2265.4
2265.5
2265.5
2265.5
2265.7
2265.8
2265.9
2265.9
2265.9
2266.1
2266.1
2266.2
2266.2
2266.2
2266.2
2266.3
2266.3
2266.4
2266.4
2266.5
2266.5
2266.5
2266.6
2266.6
2266.6
2266.7
2266.8
2266.8
2267.1
2267.1
2267.4
2267.4
2267.4
2267.4
2267.4
2267.4
2267.5
2267.6
2267.8
2267.8
2267.9
2268.1
2268.2
2268.2
2268.3
2268.4
2268.4
2268.5
2268.6
2268.6
2268.7
2268.7
2268.7
2268.7
2268.8
2268.8
2268.9
2268.9
2269.1
2269.1
2269.2
2269.3
2269.6
2269.6
2269.6
2269.7
2269.9
2270.0
2270.0
2270.1
2270.1
2270.2
2270.2
2270.2
2270.2
2270.3
2270.3
2270.4
2270.4
2270.4
2270.5
2270.5
2270.5
2270.6
2270.8
2270.8
2270.8
2271.0
2271.0
2271.2
2271.2
2271.3
2271.3
2271.4
2271.5
2271.5
2271.5
2271.6
2271.6
2271.8
2272.1
2272.1
2272.1
2272.1
2272.2
2272.2
2272.3
2272.3
2272.4
2272.7
2272.8
2272.8
2272.9
2273.0
2273.0
2273.1
2273.3
2273.3
2273.3
2273.4
2273.4
2273.6
2273.8
2273.8
2273.9
2273.9
2273.9
2273.9
2274.0
2274.4
2274.5
2274.5
2274.6
2274.8
2275.2
2275.2
2275.4
2275.4
2275.8
2276.6
2276.6
2276.6
2276.6
2276.7
2276.8
2276.9
2277.0
2277.2
2277.3
2277.3
2277.5
2277.6
2277.9
2278.0
2278.5
2278.7
2278.7
2278.8
2279.2
2279.3
2279.4
2279.7
2280.1
2280.2
2280.3
2280.4
2280.5
2280.6
2280.6
2280.9
2281.0
2281.2
2281.3
2281.4
2281.7
2281.8
2281.8
2281.9
2282.3
2282.4
2282.5
2282.5
2282.9
2283.0
2283.0
2283.6
2283.7
2283.7
2284.1
2284.4
2284.4
2284.5
2285.0
2286.0
2286.3
2286.4
2286.8
2287.0
2287.0
2287.4
2287.4
2287.9
2288.2
2288.3
2288.7
2290.9
2291.7
2292.0
2293.6
2294.8
2297.4
2301.3
2302.0
2323.5
2406.3
2406.3
2406.3
2406.3
2406.3
2406.3
2406.4
2406.4
2406.4
2406.4
2406.4
2406.4
2406.4
2406.4
2406.4
2406.4
2406.4
2406.5
2406.5
2406.5
2406.5
2406.5
2406.5
2406.5
2406.5
2406.5
2406.6
2406.6
2406.6
2406.6
2406.6
2406.6
2406.6
2406.6
2406.7
2406.7
2406.7
2406.7
2406.7
2406.7
2406.7
2406.8
2406.8
2406.8
2406.8
2406.8
2406.8
2406.8
2406.8
2406.9
2406.9
2407.0
2407.0
2407.0
2407.0
2407.1
2407.1
2407.2
2407.2
2407.2
2407.3
2407.3
2407.3
2407.3
2407.3
2407.3
2407.4
2407.4
2407.4
2407.4
2407.4
2407.4
2407.4
2407.4
2407.4
2407.4
2407.4
2407.4
2407.4
2407.5
2407.5
2407.5
2407.5
2407.5
2407.5
2407.5
2407.5
2407.5
2407.6
2407.6
2407.7
2407.9
2408.1
2408.4
2408.4
2409.3
2409.4
2409.4
2409.5
2410.2
2410.9
2410.9
2411.0
2411.0
2411.1
2411.1
2411.1
2411.1
2411.1
2411.2
2411.2
2411.2
2411.2
2411.2
2411.2
2411.2
2411.2
2411.2
2411.3
2411.3
2411.3
2411.3
2411.3
2411.3
2411.3
2411.3
2411.3
2411.4
2411.4
2411.4
2411.4
2411.4
2411.5
2411.5
2411.5
2411.5
2411.5
2411.5
2411.5
2411.6
2411.6
2411.6
2411.6
2411.6
2411.7
2411.7
2411.7
2411.7
2411.7
2411.7
2411.7
2411.8
2411.8
2411.8
2411.8
2411.8
2411.8
2411.8
2411.8
2411.8
2411.8
2411.9
2411.9
2411.9
2411.9
2411.9
2412.0
2412.0
2412.0
2412.0
2412.1
2412.1
2412.1
2412.1
2412.1
2412.1
2412.2
2412.2
2412.2
2412.2
2412.2
2412.2
2412.2
2412.2
2412.2
2412.3
2412.3
2412.4
2412.6
2412.6
2413.2
2413.6
2414.1
2414.2
2414.3
2415.8
2415.9
2416.0
2416.1
2417.1
2417.2
2417.2
2417.3
2417.5
2417.6
2417.6
2417.8
2417.8
2417.8
2417.9
2417.9
2417.9
2418.0
2418.0
2418.0
2418.0
2418.1
2418.1
2418.1
2418.2
2418.2
2418.2
2418.3
2418.3
2418.3
2418.3
2418.4
2418.4
2418.4
2418.4
2418.4
2418.4
2418.4
2418.5
2418.6
2418.6
2418.6
2418.6
2418.6
2418.6
2418.6
2418.7
2418.7
2418.7
2418.7
2418.7
2418.7
2418.7
2418.8
2418.8
2418.8
2418.8
2418.8
2418.8
2418.9
2418.9
2418.9
2418.9
2418.9
2418.9
2418.9
2419.0
2419.1
2419.1
2419.1
2419.2
2419.2
2419.2
2419.2
2419.3
2419.3
2419.4
2419.4
2419.4
2419.4
2419.4
2419.4
2419.4
2419.4
2419.4
2419.5
2419.5
2419.6
2419.6
2419.6
2419.7
2419.7
2419.7
2419.8
2419.9
2420.2
2421.0
2421.3
2421.5
2421.5
2421.5
2421.6
2421.7
2421.7
2421.8
2421.9
2421.9
2421.9
2422.0
2422.1
2422.1
2422.1
2422.1
2422.2
2422.2
2422.2
2422.2
2422.2
2422.2
2422.2
2422.3
2422.4
2422.4
2422.4
2422.4
2422.4
2422.4
2422.4
2422.5
2422.5
2422.6
2422.6
2422.6
2422.6
2422.7
2422.7
2422.7
2422.7
2422.7
2422.7
2422.7
2422.8
2422.8
2422.9
2422.9
2422.9
2422.9
2423.0
2423.0
2423.0
2423.0
2423.1
2423.1
2423.1
2423.1
2423.2
2423.2
2423.2
2423.2
2423.2
2423.3
2423.3
2423.4
2423.4
2423.4
2423.4
2423.5
2423.5
2423.5
2423.5
2423.5
2423.5
2423.6
2423.6
2423.6
2423.6
2423.7
2423.8
2423.9
2423.9
2424.0
2424.1
2424.1
2424.2
2424.2
2424.3
2424.4
2424.5
2424.7
2424.7
2424.8
2424.8
2424.9
2425.0
2425.7
2425.9
2426.0
2426.0
2426.2
2426.3
2426.3
2426.4
2426.5
2426.5
2426.5
2426.6
2426.6
2426.6
2426.7
2426.8
2426.8
2426.9
2427.0
2427.0
2427.1
2427.1
2427.1
2427.1
2427.1
2427.1
2427.1
2427.2
2427.2
2427.2
2427.2
2427.3
2427.3
2427.4
2427.5
2427.5
2427.5
2427.6
2427.6
2427.7
2427.8
2427.8
2427.8
2427.9
2427.9
2427.9
2428.0
2428.0
2428.1
2428.2
2428.3
2428.3
2428.3
2428.3
2428.3
2428.4
2428.5
2428.5
2428.6
2428.6
2428.6
2428.6
2428.6
2428.6
2428.6
2428.7
2428.7
2428.8
2428.8
2428.8
2428.8
2428.8
2428.9
2428.9
2428.9
2428.9
2429.0
2429.0
2429.1
2429.1
2429.2
2429.2
2429.2
2429.2
2429.3
2429.3
2429.5
2429.7
2429.9
2429.9
2429.9
2430.0
2430.1
2430.1
2430.1
2430.1
2430.1
2430.2
2430.2
2430.2
2430.2
2430.3
2430.4
2430.5
2430.5
2430.6
2430.6
2430.7
2430.7
2430.8
2430.8
2430.8
2430.8
2431.0
2431.0
2431.1
2431.2
2431.3
2431.3
2431.3
2431.3
2431.5
2431.6
2431.6
2431.7
2431.7
2431.7
2431.9
2432.0
2432.0
2432.0
2432.0
2432.1
2432.1
2432.2
2432.2
2432.3
2432.3
2432.4
2432.5
2432.5
2432.6
2432.6
2432.6
2432.6
2432.6
2432.6
2432.6
2432.7
2432.7
2432.7
2432.7
2432.7
2432.7
2432.8
2432.8
2432.9
2432.9
2432.9
2433.0
2433.0
2433.0
2433.1
2433.1
2433.1
2433.1
2433.1
2433.3
2433.3
2433.3
2433.4
2433.4
2433.4
2433.5
2433.6
2433.7
2433.8
2433.8
2433.9
2433.9
2433.9
2433.9
2434.0
2434.2
2434.2
2434.2
2434.3
2434.3
2434.3
2434.3
2434.4
2434.5
2434.6
2434.6
2434.7
2434.8
2434.9
2434.9
2434.9
2434.9
2435.0
2435.1
2435.1
2435.2
2435.3
2435.4
2435.4
2435.6
2435.7
2435.7
2435.8
2435.8
2435.9
2436.0
2436.0
2436.1
2436.1
2436.2
2436.4
2436.4
2436.5
2436.5
2436.6
2436.7
2436.7
2436.8
2436.8
2436.8
2436.9
2437.0
2437.0
2437.1
2437.1
2437.3
2437.3
2437.4
2437.8
2437.8
2437.8
2437.8
2437.8
2437.9
2437.9
2438.0
2438.1
2438.2
2438.2
2438.2
2438.3
2438.3
2438.4
2438.5
2438.5
2438.5
2438.6
2438.6
2438.7
2438.8
2438.9
2439.0
2439.1
2439.1
2439.1
2439.1
2439.1
2439.4
2439.5
2439.5
2439.5
2439.6
2439.7
2439.7
2439.7
2440.0
2440.1
2440.1
2440.1
2440.2
2440.2
2440.2
2440.3
2440.4
2440.5
2440.7
2440.8
2440.8
2441.2
2441.3
2441.3
2441.4
2441.5
2441.6
2441.6
2441.6
2441.6
2441.6
2441.7
2441.8
2441.9
2441.9
2441.9
2442.0
2442.1
2442.3
2442.7
2443.0
2443.0
2443.0
2443.1
2443.2
2443.3
2443.3
2443.9
2444.0
2444.3
2444.5
2444.5
2444.6
2444.6
2444.8
2444.8
2444.8
2445.1
2445.2
2445.7
2445.7
2445.8
2445.9
2445.9
2445.9
2446.1
2446.4
2446.5
2446.7
2447.0
2447.1
2447.3
2447.3
2447.5
2447.5
2447.5
2447.5
2447.6
2447.9
2448.0
2448.2
2448.2
2448.6
2449.1
2449.1
2449.3
2449.6
2449.6
2449.7
2449.8
2450.0
2450.3
2450.3
2450.5
2451.1
2451.2
2451.5
2451.7
2451.9
2452.3
2452.5
2452.6
2452.6
2452.7
2452.9
2453.3
2453.7
2454.0
2454.7
2454.7
2454.7
2455.9
2456.0
2456.0
2456.4
2456.9
2457.3
2459.1
2459.9
2462.3
2462.9
2464.2
2465.9
2472.1
2477.2
2478.9
2574.7
2574.7
2574.7
2574.7
2574.8
2574.8
2574.8
2574.8
2574.8
2574.9
2574.9
2575.0
2575.0
2575.0
2575.0
2575.0
2575.0
2575.0
2575.0
2575.0
2575.1
2575.1
2575.1
2575.1
2575.1
2575.1
2575.1
2575.1
2575.1
2575.1
2575.1
2575.1
2575.2
2575.2
2575.2
2575.2
2575.2
2575.2
2575.2
2575.2
2575.3
2575.3
2575.3
2575.3
2575.3
2575.3
2575.3
2575.3
2575.4
2575.4
2575.4
2575.5
2575.5
2575.5
2575.5
2575.5
2575.5
2575.6
2575.6
2575.6
2575.7
2575.7
2575.7
2575.7
2575.7
2575.7
2575.7
2575.7
2575.7
2575.7
2575.8
2575.8
2575.8
2575.8
2575.8
2575.8
2575.8
2575.8
2575.8
2575.8
2575.8
2575.8
2575.9
2575.9
2575.9
2575.9
2575.9
2575.9
2576.0
2576.0
2576.2
2576.2
2576.4
2577.3
2577.3
2577.6
2577.7
2577.8
2577.9
2578.5
2579.2
2579.4
2579.5
2579.5
2579.5
2579.6
2579.6
2579.6
2579.6
2579.6
2579.7
2579.7
2579.7
2579.7
2579.7
2579.7
2579.8
2579.8
2579.8
2579.8
2579.8
2579.8
2579.8
2579.9
2579.9
2579.9
2579.9
2579.9
2579.9
2579.9
2579.9
2579.9
2580.0
2580.0
2580.0
2580.0
2580.0
2580.0
2580.0
2580.1
2580.1
2580.1
2580.1
2580.1
2580.1
2580.1
2580.1
2580.1
2580.1
2580.2
2580.2
2580.2
2580.2
2580.2
2580.2
2580.2
2580.2
2580.2
2580.2
2580.2
2580.3
2580.3
2580.3
2580.3
2580.3
2580.4
2580.4
2580.4
2580.4
2580.4
2580.4
2580.5
2580.5
2580.5
2580.5
2580.5
2580.5
2580.5
2580.5
2580.6
2580.6
2580.6
2580.6
2580.6
2580.7
2580.8
2580.8
2580.9
2581.0
2581.5
2581.6
2582.0
2582.5
2583.3
2583.3
2584.4
2584.4
2584.5
2584.7
2585.5
2585.8
2585.9
2586.0
2586.0
2586.2
2586.2
2586.3
2586.3
2586.3
2586.3
2586.3
2586.3
2586.4
2586.4
2586.5
2586.6
2586.6
2586.6
2586.6
2586.7
2586.7
2586.7
2586.7
2586.8
2586.8
2586.8
2586.8
2586.9
2586.9
2586.9
2586.9
2586.9
2587.0
2587.0
2587.0
2587.0
2587.0
2587.0
2587.1
2587.1
2587.1
2587.1
2587.1
2587.1
2587.1
2587.2
2587.2
2587.2
2587.2
2587.2
2587.3
2587.3
2587.3
2587.4
2587.4
2587.4
2587.4
2587.4
2587.4
2587.5
2587.5
2587.5
2587.5
2587.5
2587.6
2587.6
2587.6
2587.6
2587.6
2587.7
2587.7
2587.7
2587.7
2587.7
2587.8
2587.8
2587.8
2587.9
2587.9
2587.9
2587.9
2587.9
2587.9
2588.0
2588.0
2588.0
2588.0
2588.0
2588.1
2588.2
2588.4
2589.2
2589.7
2589.9
2589.9
2590.0
2590.0
2590.0
2590.2
2590.2
2590.2
2590.3
2590.4
2590.5
2590.5
2590.5
2590.5
2590.6
2590.6
2590.7
2590.7
2590.7
2590.7
2590.8
2590.8
2590.8
2590.8
2590.8
2590.8
2590.9
2590.9
2590.9
2590.9
2590.9
2591.0
2591.0
2591.0
2591.0
2591.1
2591.1
2591.2
2591.2
2591.2
2591.2
2591.3
2591.3
2591.3
2591.4
2591.4
2591.4
2591.4
2591.5
2591.5
2591.5
2591.5
2591.5
2591.5
2591.6
2591.6
2591.6
2591.6
2591.6
2591.6
2591.7
2591.7
2591.7
2591.7
2591.8
2591.8
2591.8
2591.8
2591.8
2591.9
2591.9
2591.9
2591.9
2592.0
2592.0
2592.0
2592.0
2592.1
2592.1
2592.2
2592.2
2592.2
2592.3
2592.4
2592.4
2592.5
2592.6
2592.8
2592.8
2592.8
2592.9
2592.9
2592.9
2593.0
2593.2
2593.4
2594.4
2594.4
2594.4
2594.4
2594.5
2594.5
2594.6
2594.6
2594.8
2594.8
2595.0
2595.0
2595.1
2595.1
2595.2
2595.2
2595.2
2595.3
2595.3
2595.4
2595.4
2595.5
2595.6
2595.6
2595.6
2595.7
2595.7
2595.7
2595.7
2595.7
2595.8
2595.8
2595.8
2595.8
2595.9
2595.9
2595.9
2596.1
2596.1
2596.1
2596.2
2596.3
2596.4
2596.4
2596.4
2596.4
2596.5
2596.5
2596.5
2596.6
2596.6
2596.7
2596.7
2596.8
2596.9
2596.9
2597.0
2597.0
2597.0
2597.0
2597.0
2597.1
2597.1
2597.2
2597.2
2597.2
2597.2
2597.2
2597.3
2597.3
2597.4
2597.4
2597.4
2597.5
2597.5
2597.5
2597.5
2597.6
2597.7
2597.7
2597.7
2597.8
2597.8
2597.8
2597.8
2597.9
2597.9
2598.0
2598.2
2598.3
2598.5
2598.5
2598.5
2598.5
2598.5
2598.5
2598.6
2598.6
2598.6
2598.7
2598.7
2598.7
2598.8
2598.8
2599.0
2599.1
2599.1
2599.1
2599.2
2599.2
2599.3
2599.3
2599.3
2599.5
2599.5
2599.6
2599.6
2599.7
2599.7
2599.8
2599.8
2599.9
2600.0
2600.1
2600.1
2600.2
2600.3
2600.3
2600.4
2600.4
2600.4
2600.4
2600.5
2600.5
2600.5
2600.6
2600.6
2600.6
2600.7
2600.7
2600.9
2601.0
2601.0
2601.0
2601.0
2601.1
2601.1
2601.1
2601.2
2601.2
2601.2
2601.3
2601.3
2601.3
2601.4
2601.4
2601.4
2601.4
2601.4
2601.4
2601.5
2601.6
2601.6
2601.6
2601.6
2601.7
2601.7
2601.8
2601.8
2601.8
2601.9
2601.9
2602.0
2602.0
2602.1
2602.1
2602.1
2602.3
2602.3
2602.3
2602.5
2602.6
2602.6
2602.6
2602.7
2602.7
2602.7
2602.7
2602.7
2602.8
2602.9
2603.0
2603.0
2603.0
2603.1
2603.1
2603.2
2603.3
2603.4
2603.4
2603.5
2603.5
2603.5
2603.8
2603.9
2603.9
2604.0
2604.0
2604.1
2604.2
2604.2
2604.2
2604.4
2604.5
2604.6
2604.7
2604.7
2604.8
2604.8
2605.0
2605.0
2605.1
2605.2
2605.2
2605.2
2605.3
2605.3
2605.3
2605.3
2605.5
2605.5
2605.6
2605.7
2605.7
2606.0
2606.0
2606.2
2606.2
2606.2
2606.6
2606.6
2606.7
2606.7
2606.7
2606.7
2606.7
2606.8
2606.8
2606.9
2607.0
2607.0
2607.0
2607.0
2607.1
2607.1
2607.1
2607.2
2607.4
2607.4
2607.4
2607.5
2607.7
2607.8
2607.8
2607.9
2607.9
2608.0
2608.0
2608.1
2608.2
2608.2
2608.2
2608.4
2608.5
2608.6
2608.6
2608.6
2608.7
2608.7
2608.8
2608.8
2608.9
2609.2
2609.2
2609.5
2609.5
2609.6
2609.6
2609.8
2609.9
2609.9
2610.0
2610.0
2610.2
2610.3
2610.3
2610.3
2610.3
2610.5
2610.6
2610.7
2610.8
2610.9
2611.0
2611.0
2611.3
2611.5
2611.7
2611.7
2611.9
2612.0
2612.0
2612.9
2612.9
2613.1
2613.2
2613.3
2613.4
2613.6
2613.7
2613.8
2613.8
2613.8
2613.9
2614.3
2614.4
2614.7
2614.7
2614.9
2615.2
2615.6
2615.9
2615.9
2616.1
2616.2
2616.5
2616.7
2616.9
2616.9
2617.1
2617.2
2617.4
2617.4
2617.5
2617.7
2617.8
2617.9
2617.9
2618.0
2618.6
2618.6
2618.7
2618.8
2618.9
2619.0
2619.1
2619.2
2619.5
2619.6
2620.2
2620.2
2620.3
2620.3
2621.3
2621.3
2621.4
2622.3
2622.3
2622.5
2622.8
2622.9
2623.3
2623.6
2623.8
2624.1
2624.3
2624.4
2624.9
2625.5
2628.2
2628.2
2629.4
2629.9
2634.5
2637.7
2639.2
2643.7
2654.0
2742.5
2742.5
2742.5
2742.6
2742.6
2742.6
2742.6
2742.6
2742.6
2742.6
2742.6
2742.6
2742.6
2742.6
2742.7
2742.7
2742.7
2742.7
2742.7
2742.7
2742.7
2742.7
2742.7
2742.7
2742.8
2742.8
2742.8
2742.8
2742.8
2742.8
2742.8
2742.9
2742.9
2742.9
2742.9
2742.9
2742.9
2742.9
2743.0
2743.0
2743.0
2743.0
2743.0
2743.0
2743.0
2743.0
2743.0
2743.0
2743.1
2743.1
2743.1
2743.2
2743.2
2743.2
2743.3
2743.3
2743.3
2743.4
2743.4
2743.5
2743.5
2743.5
2743.5
2743.5
2743.5
2743.6
2743.6
2743.6
2743.6
2743.6
2743.6
2743.6
2743.6
2743.6
2743.6
2743.6
2743.7
2743.7
2743.7
2743.7
2743.7
2743.7
2743.7
2743.7
2743.7
2743.7
2743.8
2743.8
2743.8
2743.8
2744.0
2744.1
2744.3
2744.7
2744.7
2745.5
2745.6
2745.7
2745.8
2746.4
2747.1
2747.2
2747.2
2747.3
2747.3
2747.3
2747.3
2747.4
2747.4
2747.4
2747.4
2747.4
2747.4
2747.4
2747.4
2747.4
2747.5
2747.5
2747.5
2747.5
2747.5
2747.5
2747.5
2747.5
2747.5
2747.6
2747.6
2747.6
2747.6
2747.6
2747.6
2747.6
2747.7
2747.7
2747.7
2747.7
2747.7
2747.8
2747.8
2747.8
2747.8
2747.8
2747.8
2747.9
2747.9
2747.9
2747.9
2747.9
2747.9
2748.0
2748.0
2748.0
2748.0
2748.0
2748.0
2748.0
2748.0
2748.0
2748.0
2748.1
2748.1
2748.1
2748.1
2748.1
2748.1
2748.2
2748.2
2748.2
2748.2
2748.3
2748.3
2748.3
2748.3
2748.3
2748.3
2748.4
2748.4
2748.4
2748.4
2748.4
2748.5
2748.5
2748.5
2748.5
2748.5
2748.5
2748.5
2748.7
2748.8
2748.9
2749.4
2749.8
2750.3
2750.5
2750.6
2752.0
2752.1
2752.2
2752.3
2753.3
2753.4
2753.4
2753.6
2753.7
2753.8
2753.9
2754.0
2754.0
2754.0
2754.1
2754.1
2754.1
2754.1
2754.2
2754.3
2754.3
2754.3
2754.3
2754.4
2754.4
2754.5
2754.5
2754.5
2754.5
2754.5
2754.5
2754.6
2754.6
2754.6
2754.6
2754.6
2754.7
2754.7
2754.7
2754.8
2754.8
2754.8
2754.8
2754.8
2754.8
2754.9
2754.9
2754.9
2754.9
2754.9
2754.9
2755.0
2755.0
2755.0
2755.0
2755.0
2755.0
2755.1
2755.1
2755.1
2755.1
2755.1
2755.1
2755.1
2755.2
2755.2
2755.2
2755.3
2755.3
2755.3
2755.3
2755.4
2755.4
2755.5
2755.5
2755.5
2755.5
2755.5
2755.6
2755.6
2755.6
2755.6
2755.6
2755.6
2755.6
2755.7
2755.8
2755.8
2755.8
2755.9
2755.9
2755.9
2755.9
2756.0
2756.1
2756.4
2757.2
2757.5
2757.7
2757.7
2757.7
2757.8
2757.9
2757.9
2758.0
2758.1
2758.1
2758.2
2758.2
2758.2
2758.3
2758.3
2758.4
2758.4
2758.4
2758.4
2758.4
2758.4
2758.4
2758.5
2758.5
2758.6
2758.6
2758.6
2758.6
2758.6
2758.6
2758.7
2758.7
2758.7
2758.8
2758.8
2758.8
2758.8
2758.9
2758.9
2758.9
2758.9
2758.9
2759.0
2759.0
2759.0
2759.1
2759.1
2759.1
2759.1
2759.2
2759.2
2759.2
2759.2
2759.2
2759.3
2759.3
2759.3
2759.4
2759.4
2759.4
2759.4
2759.4
2759.5
2759.6
2759.6
2759.6
2759.6
2759.6
2759.6
2759.7
2759.7
2759.7
2759.7
2759.7
2759.8
2759.8
2759.9
2759.9
2759.9
2759.9
2760.0
2760.1
2760.2
2760.2
2760.3
2760.3
2760.4
2760.4
2760.5
2760.6
2760.7
2760.9
2760.9
2760.9
2761.0
2761.0
2761.1
2761.9
2762.2
2762.2
2762.3
2762.4
2762.5
2762.5
2762.6
2762.7
2762.7
2762.7
2762.8
2762.8
2762.9
2762.9
2763.0
2763.0
2763.1
2763.2
2763.2
2763.3
2763.3
2763.3
2763.3
2763.4
2763.4
2763.4
2763.4
2763.5
2763.5
2763.5
2763.5
2763.6
2763.6
2763.6
2763.7
2763.7
2763.9
2763.9
2763.9
2764.0
2764.0
2764.0
2764.1
2764.2
2764.2
2764.2
2764.3
2764.3
2764.4
2764.5
2764.5
2764.5
2764.6
2764.6
2764.6
2764.7
2764.8
2764.8
2764.8
2764.8
2764.8
2764.8
2764.8
2764.8
2764.9
2764.9
2764.9
2765.0
2765.0
2765.0
2765.0
2765.1
2765.1
2765.1
2765.2
2765.2
2765.2
2765.3
2765.3
2765.3
2765.3
2765.4
2765.4
2765.5
2765.5
2765.6
2765.9
2766.0
2766.1
2766.1
2766.2
2766.2
2766.2
2766.3
2766.3
2766.3
2766.3
2766.3
2766.4
2766.4
2766.5
2766.6
2766.6
2766.7
2766.7
2766.9
2766.9
2767.0
2767.0
2767.1
2767.1
2767.1
2767.1
2767.2
2767.3
2767.4
2767.4
2767.4
2767.6
2767.6
2767.6
2767.7
2767.8
2767.8
2767.9
2768.0
2768.1
2768.1
2768.2
2768.2
2768.2
2768.3
2768.3
2768.3
2768.4
2768.4
2768.5
2768.5
2768.6
2768.6
2768.6
2768.7
2768.7
2768.8
2768.8
2768.8
2768.8
2768.9
2768.9
2768.9
2768.9
2768.9
2769.0
2769.0
2769.0
2769.0
2769.1
2769.1
2769.1
2769.1
2769.2
2769.2
2769.2
2769.3
2769.3
2769.3
2769.4
2769.5
2769.5
2769.5
2769.5
2769.6
2769.6
2769.7
2769.8
2769.8
2769.9
2770.1
2770.1
2770.1
2770.1
2770.1
2770.3
2770.4
2770.4
2770.4
2770.4
2770.5
2770.5
2770.5
2770.7
2770.7
2770.7
2770.7
2770.8
2771.0
2771.2
2771.2
2771.3
2771.4
2771.4
2771.4
2771.5
2771.5
2771.5
2771.6
2771.8
2771.8
2771.9
2772.0
2772.1
2772.1
2772.2
2772.2
2772.2
2772.2
2772.2
2772.5
2772.6
2772.7
2772.7
2772.7
2772.8
2772.8
2772.8
2772.9
2773.1
2773.1
2773.1
2773.2
2773.3
2773.4
2773.5
2773.6
2773.6
2774.1
2774.1
2774.1
2774.1
2774.1
2774.1
2774.1
2774.2
2774.2
2774.4
2774.4
2774.4
2774.5
2774.5
2774.5
2774.6
2774.7
2774.7
2774.8
2774.8
2774.8
2775.1
2775.2
2775.2
2775.2
2775.2
2775.3
2775.3
2775.4
2775.6
2775.6
2775.6
2775.8
2775.8
2775.8
2775.8
2775.9
2776.2
2776.2
2776.2
2776.3
2776.3
2776.5
2776.5
2776.5
2776.5
2776.7
2776.8
2776.9
2777.1
2777.1
2777.4
2777.4
2777.5
2777.5
2777.7
2777.8
2777.8
2777.8
2777.8
2777.8
2778.0
2778.1
2778.2
2778.3
2778.3
2778.5
2778.5
2779.0
2779.1
2779.1
2779.3
2779.4
2779.6
2779.6
2779.9
2780.0
2780.1
2780.2
2780.6
2780.7
2780.8
2780.8
2780.9
2780.9
2781.1
2781.3
2781.4
2781.5
2781.7
2781.7
2781.8
2782.0
2782.1
2782.2
2782.2
2782.6
2783.0
2783.2
2783.3
2783.5
2783.5
2783.6
2783.8
2784.0
2784.0
2784.1
2784.2
2784.3
2784.8
2784.9
2785.2
2785.4
2785.5
2785.5
2785.6
2786.0
2786.3
2786.3
2786.4
2786.5
2786.5
2786.6
2787.8
2787.8
2788.0
2788.0
2788.2
2788.3
2788.6
2788.9
2789.4
2789.5
2789.6
2789.9
2790.5
2790.5
2791.2
2791.2
2791.4
2791.9
2792.6
2792.6
2793.4
2794.2
2794.5
2794.6
2796.3
2796.4
2797.7
2798.2
2804.8
2813.8
2822.7
2910.8
2910.8
2910.8
2910.9
2910.9
2910.9
2910.9
2911.0
2911.0
2911.0
2911.0
2911.0
2911.0
2911.0
2911.0
2911.0
2911.0
2911.1
2911.1
2911.1
2911.1
2911.1
2911.1
2911.1
2911.1
2911.1
2911.1
2911.2
2911.2
2911.2
2911.2
2911.2
2911.2
2911.2
2911.2
2911.2
2911.2
2911.3
2911.3
2911.3
2911.3
2911.3
2911.3
2911.3
2911.3
2911.3
2911.3
2911.4
2911.4
2911.4
2911.4
2911.4
2911.5
2911.5
2911.5
2911.5
2911.6
2911.6
2911.6
2911.6
2911.6
2911.6
2911.6
2911.7
2911.7
2911.7
2911.7
2911.7
2911.7
2911.7
2911.7
2911.7
2911.7
2911.7
2911.7
2911.7
2911.7
2911.8
2911.8
2911.8
2911.8
2911.8
2911.8
2911.8
2911.8
2911.9
2911.9
2911.9
2912.0
2912.2
2912.2
2912.4
2912.5
2913.3
2913.3
2913.8
2913.8
2913.9
2914.0
2914.6
2915.3
2915.6
2915.6
2915.6
2915.6
2915.6
2915.7
2915.7
2915.7
2915.7
2915.7
2915.7
2915.7
2915.8
2915.8
2915.8
2915.8
2915.8
2915.8
2915.8
2915.8
2915.8
2915.9
2915.9
2915.9
2915.9
2915.9
2915.9
2916.0
2916.0
2916.0
2916.0
2916.0
2916.0
2916.0
2916.0
2916.0
2916.0
2916.1
2916.1
2916.1
2916.1
2916.1
2916.1
2916.1
2916.1
2916.1
2916.1
2916.1
2916.1
2916.1
2916.1
2916.2
2916.2
2916.2
2916.2
2916.2
2916.2
2916.2
2916.2
2916.2
2916.3
2916.3
2916.3
2916.3
2916.4
2916.4
2916.4
2916.4
2916.4
2916.4
2916.4
2916.4
2916.5
2916.5
2916.5
2916.5
2916.5
2916.5
2916.5
2916.5
2916.6
2916.6
2916.6
2916.7
2916.8
2916.8
2917.0
2917.0
2917.5
2917.7
2918.1
2918.7
2919.3
2919.3
2920.7
2920.8
2920.8
2921.1
2921.7
2921.9
2922.0
2922.0
2922.1
2922.3
2922.3
2922.4
2922.4
2922.4
2922.4
2922.4
2922.5
2922.5
2922.5
2922.5
2922.6
2922.6
2922.6
2922.7
2922.7
2922.7
2922.7
2922.8
2922.8
2922.8
2922.8
2922.8
2922.8
2922.9
2922.9
2922.9
2922.9
2923.0
2923.0
2923.0
2923.0
2923.0
2923.0
2923.0
2923.0
2923.1
2923.1
2923.1
2923.2
2923.2
2923.2
2923.2
2923.2
2923.2
2923.3
2923.3
2923.3
2923.4
2923.4
2923.4
2923.4
2923.4
2923.4
2923.5
2923.5
2923.5
2923.5
2923.5
2923.5
2923.5
2923.5
2923.6
2923.6
2923.6
2923.7
2923.7
2923.7
2923.7
2923.7
2923.8
2923.8
2923.8
2923.8
2923.8
2923.8
2923.8
2923.9
2923.9
2923.9
2923.9
2924.0
2924.0
2924.1
2924.1
2924.1
2924.6
2925.3
2925.8
2925.9
2926.0
2926.0
2926.0
2926.1
2926.2
2926.2
2926.3
2926.4
2926.4
2926.4
2926.5
2926.5
2926.5
2926.6
2926.6
2926.7
2926.7
2926.7
2926.8
2926.8
2926.8
2926.8
2926.8
2926.8
2926.8
2926.9
2926.9
2926.9
2926.9
2926.9
2926.9
2926.9
2927.0
2927.0
2927.0
2927.0
2927.1
2927.2
2927.3
2927.3
2927.3
2927.3
2927.3
2927.3
2927.4
2927.4
2927.4
2927.5
2927.5
2927.5
2927.6
2927.6
2927.6
2927.6
2927.6
2927.6
2927.6
2927.6
2927.6
2927.7
2927.7
2927.7
2927.7
2927.8
2927.8
2927.8
2927.8
2927.9
2927.9
2927.9
2927.9
2927.9
2927.9
2927.9
2927.9
2928.1
2928.1
2928.1
2928.1
2928.2
2928.2
2928.3
2928.5
2928.5
2928.6
2928.7
2928.8
2928.9
2928.9
2928.9
2929.0
2929.1
2929.1
2929.2
2929.3
2930.4
2930.4
2930.5
2930.5
2930.6
2930.6
2930.6
2930.8
2930.9
2930.9
2931.0
2931.0
2931.2
2931.2
2931.2
2931.2
2931.3
2931.3
2931.4
2931.4
2931.5
2931.5
2931.5
2931.6
2931.6
2931.6
2931.7
2931.7
2931.8
2931.8
2931.8
2931.8
2931.8
2931.8
2931.9
2932.0
2932.0
2932.0
2932.1
2932.1
2932.3
2932.4
2932.4
2932.5
2932.5
2932.5
2932.5
2932.5
2932.6
2932.6
2932.6
2932.7
2932.7
2932.9
2933.0
2933.0
2933.0
2933.0
2933.0
2933.1
2933.1
2933.1
2933.1
2933.1
2933.1
2933.1
2933.2
2933.2
2933.2
2933.3
2933.3
2933.3
2933.3
2933.3
2933.4
2933.4
2933.6
2933.6
2933.6
2933.6
2933.7
2933.7
2933.8
2933.8
2933.9
2933.9
2933.9
2934.0
2934.2
2934.3
2934.4
2934.4
2934.4
2934.4
2934.4
2934.5
2934.5
2934.5
2934.6
2934.7
2934.7
2934.7
2934.8
2934.8
2935.0
2935.0
2935.1
2935.1
2935.1
2935.1
2935.2
2935.3
2935.4
2935.6
2935.6
2935.6
2935.6
2935.7
2935.8
2935.8
2935.8
2935.9
2936.0
2936.0
2936.1
2936.2
2936.4
2936.4
2936.4
2936.4
2936.4
2936.5
2936.5
2936.5
2936.5
2936.5
2936.6
2936.7
2936.7
2936.8
2936.8
2936.9
2936.9
2937.0
2937.1
2937.1
2937.1
2937.1
2937.2
2937.2
2937.2
2937.2
2937.2
2937.2
2937.2
2937.3
2937.3
2937.3
2937.3
2937.4
2937.4
2937.4
2937.5
2937.5
2937.6
2937.7
2937.8
2937.8
2937.8
2937.8
2937.8
2937.9
2937.9
2937.9
2938.1
2938.1
2938.2
2938.2
2938.4
2938.4
2938.5
2938.5
2938.5
2938.6
2938.6
2938.6
2938.6
2938.6
2938.7
2938.7
2938.9
2938.9
2939.0
2939.0
2939.1
2939.2
2939.3
2939.3
2939.3
2939.4
2939.4
2939.6
2939.6
2939.8
2939.8
2940.0
2940.0
2940.1
2940.1
2940.1
2940.3
2940.3
2940.4
2940.5
2940.5
2940.6
2940.6
2940.7
2940.9
2940.9
2941.0
2941.0
2941.1
2941.3
2941.3
2941.3
2941.3
2941.4
2941.4
2941.4
2941.5
2941.5
2941.6
2941.6
2941.9
2942.0
2942.1
2942.3
2942.4
2942.5
2942.6
2942.6
2942.6
2942.7
2942.7
2942.7
2942.7
2942.8
2942.9
2942.9
2942.9
2942.9
2943.0
2943.0
2943.1
2943.1
2943.1
2943.2
2943.4
2943.5
2943.6
2943.6
2943.7
2943.8
2943.8
2943.9
2943.9
2943.9
2944.0
2944.1
2944.2
2944.2
2944.5
2944.5
2944.5
2944.6
2944.6
2944.6
2944.7
2944.7
2944.9
2944.9
2945.2
2945.3
2945.4
2945.5
2945.6
2945.6
2945.7
2945.8
2945.9
2946.0
2946.0
2946.1
2946.3
2946.3
2946.3
2946.4
2946.4
2946.5
2946.6
2946.7
2947.0
2947.3
2947.4
2947.4
2947.4
2947.8
2947.8
2947.8
2947.9
2948.3
2948.9
2949.0
2949.3
2949.3
2949.3
2949.6
2949.7
2949.7
2949.8
2949.9
2949.9
2950.1
2950.3
2950.6
2950.6
2950.8
2951.3
2951.5
2951.6
2951.8
2952.2
2952.2
2952.3
2952.3
2952.6
2952.8
2953.0
2953.1
2953.2
2953.5
2953.6
2953.6
2953.7
2953.9
2954.0
2954.0
2954.5
2954.5
2954.6
2954.8
2955.0
2955.2
2955.3
2955.4
2955.4
2955.5
2955.5
2956.1
2956.2
2956.2
2956.9
2957.2
2957.3
2957.3
2957.9
2958.4
2958.5
2958.9
2958.9
2959.0
2959.3
2959.5
2959.8
2960.6
2961.2
2963.2
2963.5
2965.2
2966.2
2969.9
2970.3
2971.8
2974.6
2976.3
2982.8
2994.6
