690
621
707
726
557
575
641
735
546
555
610
614
623
630
636
702
706
512
513
549
567
568
605
607
625
682
721
743
761
472
511
521
533
534
565
604
640
674
684
715
725
444
463
493
496
515
550
563
573
593
598
603
611
647
651
683
699
703
723
746
781
335
455
470
489
494
506
510
517
519
522
539
541
543
559
562
582
586
594
606
620
632
642
646
679
685
700
712
714
717
738
770
369
400
433
447
448
451
457
465
480
483
503
524
531
535
540
542
556
574
587
589
596
612
664
692
693
696
704
705
716
718
719
720
741
742
751
755
777
332
379
426
452
469
491
501
520
523
537
548
551
553
566
570
591
595
600
601
617
626
627
631
637
649
652
654
659
728
736
748
764
769
784
331
425
429
430
435
438
445
453
466
481
492
495
528
532
552
576
583
618
619
629
639
650
655
662
668
673
678
680
686
687
724
729
737
739
749
759
773
785
325
350
414
434
450
460
464
473
474
479
485
497
514
525
526
538
544
571
578
579
584
588
590
643
660
661
669
675
676
681
711
713
732
745
754
780
805
295
318
347
354
381
384
391
399
405
406
412
415
446
456
475
478
498
502
509
518
561
577
597
615
616
628
657
663
731
757
762
779
297
316
337
344
349
360
401
402
413
428
432
442
443
458
477
499
500
504
554
569
592
644
645
665
670
671
672
691
701
722
730
789
790
812
261
266
289
304
308
334
345
352
361
365
370
376
380
388
393
418
467
471
487
490
507
508
581
608
613
634
667
697
750
766
786
793
794
801
249
310
311
320
343
351
358
364
368
374
389
390
408
411
424
436
437
454
461
484
486
505
530
558
580
585
599
609
622
635
656
658
688
708
710
740
744
747
758
765
768
771
782
796
803
264
315
338
367
373
377
394
398
410
417
449
462
564
572
624
677
776
778
787
792
798
799
811
814
243
245
277
287
299
317
319
323
333
341
371
378
385
407
409
419
516
529
638
653
698
709
775
788
800
284
298
313
355
372
382
395
396
420
431
459
476
527
633
752
756
774
791
802
222
246
255
256
258
259
265
269
281
294
327
342
346
362
366
387
392
404
416
421
422
427
440
602
666
689
694
733
753
767
807
221
248
268
276
282
285
300
303
312
329
375
383
386
439
536
547
783
806
817
216
227
238
252
254
263
273
275
288
292
306
309
322
328
397
403
441
468
488
545
560
760
795
809
191
197
234
240
278
280
290
307
321
326
363
482
772
810
813
815
816
825
194
205
223
231
241
244
251
270
271
286
291
296
305
324
348
353
359
818
822
846
219
224
267
293
301
330
340
356
695
820
200
215
218
236
237
247
253
283
336
339
357
423
734
819
828
832
834
843
187
230
727
804
844
193
209
220
229
232
250
257
274
827
168
174
186
202
210
214
217
225
272
763
183
199
203
207
239
260
302
808
824
198
204
208
228
279
648
842
178
190
192
196
212
226
797
836
837
838
856
176
189
206
211
242
823
826
831
849
850
170
179
213
235
829
833
852
853
162
184
185
860
160
163
164
188
830
839
158
165
182
195
201
233
262
841
851
863
153
181
821
858
171
177
861
173
175
180
835
840
855
167
169
877
166
147
161
314
854
870
137
159
845
867
130
152
155
172
847
848
857
868
135
140
873
151
871
139
150
864
132
134
149
146
154
156
865
124
157
862
866
876
148
136
141
144
859
142
869
126
138
872
120
874
875
879
883
884
117
127
145
878
881
890
107
128
129
109
119
131
118
133
880
122
125
882
886
889
897
116
121
105
114
888
891
123
101
108
892
106
143
887
885
899
901
112
115
893
96
110
97
113
103
894
896
87
898
102
111
904
99
100
903
895
91
914
98
906
86
104
912
77
910
93
95
82
900
81
83
88
90
902
84
76
89
915
913
917
80
94
927
79
85
92
907
922
930
75
911
923
919
920
921
926
916
925
67
72
65
70
918
908
928
936
69
945
62
73
68
78
905
934
71
924
61
63
937
66
952
949
931
943
74
941
938
59
64
909
939
940
55
933
932
58
60
53
929
944
946
50
54
57
51
958
45
957
955
48
52
935
950
56
46
49
942
47
43
956
965
40
38
954
960
44
36
34
951
37
947
33
35
41
690
512
513
546
555
557
575
621
400
472
511
521
534
549
636
707
335
433
444
448
455
463
470
489
493
494
496
515
533
565
567
568
605
610
614
623
625
630
641
726
735
369
379
447
451
457
465
480
483
510
522
550
573
598
604
607
702
706
331
332
425
426
429
430
434
438
452
466
469
491
506
517
519
524
537
541
543
562
563
586
593
594
611
640
682
684
715
325
412
435
445
450
453
460
475
481
492
495
501
503
520
523
531
535
539
540
542
548
556
559
582
596
603
606
647
674
683
703
721
725
743
761
318
344
350
354
399
405
406
413
414
428
432
446
456
473
474
479
485
497
551
553
570
574
587
589
612
620
642
651
679
700
717
723
738
289
295
297
337
347
349
360
381
384
391
401
402
415
442
443
458
464
477
478
502
509
514
518
525
526
528
532
538
552
566
576
583
591
595
600
601
617
626
632
646
664
673
685
692
693
699
712
714
718
720
746
781
261
304
308
316
334
352
370
376
390
393
424
467
471
487
498
499
500
504
508
561
571
579
618
627
629
631
637
649
652
654
659
662
678
680
686
696
704
705
716
719
741
751
755
770
266
311
315
320
343
345
358
361
364
365
368
374
380
388
389
408
418
436
437
461
490
507
544
569
577
578
584
588
590
615
619
639
650
655
668
669
675
687
742
784
249
310
323
338
351
367
373
377
394
398
410
411
417
454
462
484
554
581
597
643
660
661
676
681
711
724
728
729
736
737
748
759
764
777
264
277
287
299
317
319
333
341
346
355
371
372
378
385
396
407
409
419
449
486
505
530
558
592
608
616
628
645
657
663
670
732
739
745
749
754
769
773
245
281
284
298
313
327
362
366
375
382
395
404
416
420
431
440
459
476
516
564
585
599
609
613
622
634
635
644
665
667
671
672
691
713
722
731
757
780
243
255
258
268
269
294
303
342
383
387
392
421
422
427
529
572
580
624
638
697
701
730
762
779
785
246
256
259
265
282
285
288
300
306
312
322
328
329
386
403
439
527
656
658
677
688
708
740
750
805
222
254
273
275
276
278
280
290
309
363
397
441
482
536
653
710
744
747
766
768
786
790
221
227
238
248
252
263
292
305
307
321
324
326
340
348
359
468
488
560
602
633
666
698
758
765
771
776
789
793
794
801
216
234
244
251
270
271
291
293
296
301
353
545
547
689
709
752
778
787
792
796
798
803
812
231
240
267
286
330
339
356
357
694
753
756
767
775
782
788
800
197
224
236
237
241
247
336
423
733
774
799
811
814
191
194
205
219
223
253
283
802
218
257
272
760
783
791
200
215
232
250
260
274
302
695
795
807
209
220
229
230
279
734
806
186
217
225
239
772
809
817
187
193
202
214
228
727
813
815
816
168
207
210
648
810
822
825
174
183
198
199
203
204
211
226
242
818
820
192
196
208
212
235
262
804
819
189
190
206
828
832
846
178
213
763
834
176
827
843
844
179
184
185
808
824
233
797
163
170
188
195
201
314
838
162
164
181
823
837
165
177
182
829
831
833
836
160
171
826
842
849
158
175
856
153
173
180
830
850
860
821
839
852
853
166
167
169
841
851
147
835
863
840
172
855
858
861
140
152
155
159
161
845
877
137
854
857
130
135
151
870
154
848
139
150
847
134
867
146
149
156
868
873
862
865
132
148
124
157
864
871
142
144
866
136
141
859
869
138
126
876
872
874
875
120
881
145
884
879
127
128
129
131
878
883
117
133
890
880
107
118
119
122
891
897
125
882
888
143
886
889
109
121
123
116
114
885
901
892
899
101
105
112
887
894
893
115
898
106
108
110
113
97
904
895
896
96
111
87
103
903
912
900
102
902
100
99
906
910
914
915
104
91
93
913
98
77
95
907
86
90
88
89
917
76
82
927
81
922
923
84
85
930
79
83
926
920
919
916
911
75
80
908
905
94
945
92
921
924
925
636
641
690
726
557
565
567
575
586
593
605
607
610
614
621
623
630
640
642
646
647
651
652
674
682
702
706
707
721
735
743
533
534
546
549
550
555
563
568
573
574
582
587
589
591
596
598
600
603
604
606
611
612
617
618
620
625
629
632
637
650
654
655
659
662
679
680
683
684
699
703
705
712
714
715
717
719
720
725
737
738
741
742
761
781
512
513
515
521
537
539
541
542
543
548
551
552
553
556
559
561
562
566
571
576
581
583
584
594
595
597
599
601
615
616
619
626
628
631
639
643
645
649
661
664
665
668
669
671
673
676
685
686
692
693
696
700
713
716
718
723
732
736
745
746
748
751
755
759
769
770
777
784
472
489
491
494
496
506
511
517
518
519
520
522
524
528
531
535
538
540
544
569
570
578
579
585
588
590
592
602
608
609
613
627
634
635
638
644
653
656
657
658
660
663
667
670
672
675
677
678
681
687
691
701
704
708
711
722
724
728
729
730
731
739
747
749
750
754
757
762
463
470
483
493
495
499
501
502
503
504
509
510
514
523
525
526
532
554
558
572
577
580
622
624
633
688
697
709
710
740
744
753
758
764
768
773
779
780
786
793
400
433
444
447
451
455
457
465
466
480
481
492
497
498
500
507
508
527
529
530
547
564
666
689
694
698
727
733
752
760
765
766
774
775
776
778
785
787
788
789
790
798
803
805
414
425
426
429
430
434
435
442
445
446
448
450
452
453
458
464
469
471
473
474
475
477
478
479
485
486
487
490
505
516
536
545
560
734
756
767
771
782
792
794
799
800
801
812
331
335
347
369
379
399
401
402
405
406
411
412
413
415
418
424
428
438
456
460
461
467
484
648
695
772
783
791
795
802
332
344
350
351
354
360
365
368
370
374
376
381
384
388
389
391
394
398
408
410
416
417
419
422
431
432
436
437
439
440
443
449
454
459
462
476
488
796
811
814
289
295
304
315
318
320
325
334
337
338
341
345
349
352
358
361
364
366
367
371
373
377
380
382
383
385
387
390
392
393
396
397
403
404
407
409
420
421
427
441
468
482
763
806
809
815
261
266
297
299
308
310
311
316
317
319
323
327
343
346
355
362
372
375
378
386
395
807
817
820
249
258
264
277
281
284
285
287
288
298
300
303
306
309
312
313
322
328
329
333
340
342
348
353
359
363
423
804
825
243
245
255
256
259
265
269
270
275
278
280
282
290
294
296
305
307
321
324
326
330
336
339
356
357
797
808
810
813
816
818
819
824
828
832
221
222
234
238
246
248
252
254
263
268
271
273
276
283
286
291
292
293
301
823
827
829
219
227
237
240
241
244
247
250
251
253
260
267
272
279
302
822
830
833
834
837
197
205
216
231
236
257
274
194
200
215
220
223
224
225
228
229
230
232
239
831
838
839
186
191
196
198
209
214
217
218
226
242
262
314
826
836
844
846
187
193
199
210
212
213
233
235
821
835
841
843
174
183
190
192
202
203
204
206
207
211
842
168
176
179
189
195
208
840
850
851
178
184
188
201
849
853
170
180
181
185
845
860
861
162
163
171
172
175
177
182
852
854
855
858
863
158
160
164
165
166
167
169
173
856
847
848
859
153
857
862
155
864
870
147
151
868
874
877
150
152
159
161
866
871
154
869
134
137
139
140
146
149
156
867
873
135
148
157
865
872
130
141
124
132
136
142
144
138
875
145
126
128
143
876
880
881
127
131
133
883
884
117
122
129
878
879
882
886
890
120
123
125
885
121
114
116
119
107
115
891
108
109
110
113
118
888
889
892
105
111
897
106
112
101
887
895
96
97
102
894
87
901
899
99
103
100
98
896
898
904
893
104
903
90
93
95
91
906
902
77
86
912
84
89
94
81
83
76
85
914
82
88
907
915
79
92
900
75
80
913
911
917
910
927
920
919
926
922
930
905
921
923
916
908
924
945
925
70
72
65
67
73
69
61
62
66
690
68
63
71
74
78
59
64
335
55
513
53
60
557
621
707
51
575
58
54
331
332
45
56
555
735
623
48
50
249
57
369
706
43
47
52
325
534
546
610
909
496
934
46
463
49
761
931
943
949
297
379
941
568
936
636
38
455
470
918
40
928
929
191
447
702
726
952
465
533
781
480
933
938
295
939
940
937
44
216
266
444
36
511
625
34
35
630
944
958
448
452
946
33
37
41
197
429
549
846
932
935
438
493
614
469
354
957
510
174
316
350
522
843
337
524
955
168
451
289
400
814
399
430
457
950
812
567
445
856
942
308
543
153
164
304
453
433
684
725
960
405
611
703
947
755
130
494
503
517
521
243
472
489
162
683
770
853
194
607
951
965
227
318
956
137
641
160
310
764
811
849
116
381
816
844
109
124
723
187
573
135
506
954
473
818
863
129
223
343
158
222
807
221
512
604
817
877
107
189
481
858
861
501
531
466
682
852
520
796
822
460
264
700
426
523
183
805
850
456
91
96
393
860
401
870
415
268
384
178
785
255
810
809
360
121
147
106
140
144
218
443
562
134
299
828
867
215
323
873
261
333
87
105
108
161
789
871
851
86
210
103
159
664
884
77
119
868
101
142
245
519
889
220
819
712
475
380
114
311
182
794
127
149
855
202
834
890
540
497
876
813
173
238
746
866
93
200
479
125
838
132
193
402
620
39
246
799
97
148
879
139
485
259
777
83
185
163
541
84
28
79
117
80
491
892
154
570
883
76
685
693
319
208
104
10
166
169
526
175
869
743
241
865
881
388
542
825
102
705
112
875
88
176
18
252
317
217
32
276
904
642
115
910
345
704
126
803
749
131
31
901
358
498
842
537
406
205
565
586
593
596
606
617
647
515
518
528
535
538
539
546
548
550
552
553
557
559
563
566
571
574
575
576
582
583
587
588
589
591
594
595
598
599
600
603
605
608
609
612
618
621
629
631
637
640
646
650
651
652
659
679
690
714
715
720
721
737
738
483
495
499
508
509
513
525
533
534
544
549
551
554
555
556
558
561
567
568
569
578
579
580
581
584
585
590
592
597
601
602
604
607
610
613
614
615
616
619
623
625
626
627
628
630
632
634
635
636
641
643
644
645
654
655
657
658
660
661
662
663
665
668
669
670
671
673
674
675
676
678
680
687
688
696
699
702
707
717
718
719
726
728
732
735
736
741
742
748
446
450
472
474
487
490
492
496
500
502
504
507
510
511
512
514
521
522
527
529
530
532
536
545
547
560
562
564
572
573
577
611
620
622
624
633
638
639
649
653
656
666
667
672
677
681
682
683
686
689
691
692
698
701
706
708
710
711
713
716
722
724
729
730
731
739
744
745
750
751
754
757
758
759
761
762
769
784
414
425
428
434
435
442
458
461
463
464
470
471
476
477
478
480
482
484
486
488
489
493
494
503
505
506
516
517
519
520
523
524
531
540
541
542
543
570
642
664
684
694
695
697
700
703
709
712
723
725
727
733
740
743
746
747
753
756
768
773
774
775
776
778
779
781
786
787
793
411
412
413
416
417
418
422
424
433
436
437
439
440
444
447
448
449
451
452
454
455
457
459
462
465
466
467
468
469
481
491
501
526
537
648
685
693
705
734
752
755
760
765
766
767
770
771
780
788
790
792
795
798
390
400
404
407
408
410
419
420
421
423
426
429
430
432
441
445
453
456
460
473
475
479
485
497
704
763
764
772
777
782
783
800
801
344
347
349
351
352
361
365
368
369
370
374
376
377
379
382
383
385
386
387
389
391
392
394
395
396
397
398
403
409
415
427
431
438
443
498
749
785
789
791
802
805
334
335
341
348
354
355
359
362
364
366
367
371
372
373
375
378
384
399
401
402
405
794
806
815
320
327
332
338
340
342
346
350
353
356
357
360
363
380
381
388
393
796
799
804
812
820
824
303
312
315
318
322
325
326
328
329
331
336
337
339
343
406
797
803
808
811
823
833
284
285
295
297
298
300
301
304
305
306
307
308
309
313
316
321
324
330
345
358
807
809
814
827
832
258
277
278
282
283
287
288
289
290
294
296
302
310
311
319
323
333
817
829
830
839
256
261
263
265
266
269
270
275
280
281
286
291
292
293
299
314
317
810
816
825
831
836
837
248
250
251
253
254
260
267
271
273
274
279
813
818
819
821
826
828
835
234
237
244
249
255
257
262
264
268
272
822
841
219
232
240
243
245
247
259
276
834
840
221
224
225
228
229
230
231
236
239
242
252
838
845
854
212
222
226
227
235
238
246
843
844
846
192
196
198
199
209
213
214
216
223
233
241
850
859
186
190
194
195
197
204
207
211
215
218
220
849
851
857
862
864
191
200
203
206
847
848
853
874
179
181
184
187
201
202
210
217
852
855
860
861
172
180
188
193
205
842
856
858
863
165
168
171
174
177
183
189
208
872
167
170
176
178
868
870
877
162
182
185
866
867
155
158
160
163
164
175
865
871
878
880
885
150
151
152
153
166
169
173
869
873
146
156
882
886
141
147
157
154
159
161
884
888
137
138
875
876
891
895
130
133
134
135
136
139
140
143
145
149
879
881
883
148
890
897
123
124
128
142
144
132
887
894
899
120
889
113
122
892
893
898
903
126
127
129
131
896
906
911
117
118
125
110
111
119
121
902
907
914
107
114
116
900
912
108
105
109
901
915
917
920
99
100
115
904
913
96
98
101
106
919
97
112
905
908
921
94
926
87
102
922
924
927
930
89
95
103
90
916
923
81
82
85
104
91
92
93
925
75
86
77
910
945
83
84
88
76
79
80
928
909
929
65
69
72
73
78
931
936
943
74
918
937
67
934
940
952
70
933
941
949
62
68
64
66
61
63
938
939
944
71
935
932
958
59
58
942
946
950
957
53
55
56
45
54
947
955
960
51
48
60
50
47
57
43
52
954
956
40
49
951
38
46
965
34
35
37
33
36
41
44
690
335
814
513
557
621
843
575
846
781
853
332
707
735
39
331
706
811
28
623
812
555
610
761
856
534
726
369
877
379
496
249
568
325
463
844
191
546
31
32
863
805
470
702
18
266
447
861
153
297
455
465
636
216
10
790
822
316
480
818
850
849
444
770
782
773
815
769
810
429
858
630
837
511
836
852
533
168
791
816
827
872
130
174
295
350
243
452
785
801
961
967
197
625
807
354
445
779
798
860
448
510
975
614
796
832
953
867
792
817
884
870
964
164
451
973
337
493
522
871
948
162
715
137
897
438
963
187
116
826
828
873
135
227
721
751
784
806
809
469
549
851
109
800
802
983
27
780
194
848
962
399
524
565
889
29
457
927
124
699
959
891
841
24
503
825
799
474
741
886
890
974
189
269
748
917
607
819
834
718
430
464
789
901
755
794
179
223
310
605
972
15
525
598
603
978
19
892
896
899
989
17
626
879
966
492
567
107
915
559
42
231
550
906
831
977
820
968
114
868
495
91
517
771
838
845
632
98
320
477
859
893
82
683
289
930
294
16
20
23
9
75
373
611
595
674
703
87
186
265
895
970
687
308
578
764
880
90
627
136
543
405
668
145
178
723
160
209
684
876
919
304
923
531
878
910
563
206
808
847
766
883
885
922
855
521
587
244
234
904
914
221
188
453
556
256
639
692
716
410
913
26
144
343
147
700
76
367
391
696
971
134
77
840
881
894
898
979
435
887
96
502
981
364
551
381
483
678
900
6
84
108
882
982
506
99
912
3
30
590
86
106
866
79
92
862
535
81
425
450
874
338
12
742
89
236
473
412
725
478
660
539
601
679
921
924
916
902
129
925
407
686
729
920
594
987
218
494
793
149
945
813
14
640
21
248
352
467
905
680
612
641
649
184
432
583
647
711
619
651
654
471
589
606
675
719
724
728
11
95
515
548
591
593
604
663
717
739
532
584
646
662
682
701
746
857
501
586
597
631
661
670
712
745
777
786
460
520
544
554
573
574
582
596
650
655
691
736
738
754
759
823
8
454
509
553
588
615
618
620
634
659
664
665
705
714
731
757
758
854
481
489
514
552
566
576
600
622
624
628
633
642
643
656
657
667
669
685
693
697
713
737
743
788
504
507
523
562
564
569
570
571
577
585
592
616
629
635
637
645
652
672
673
681
720
722
732
749
750
752
121
472
505
519
528
540
541
542
580
608
613
644
671
676
677
694
704
710
733
762
776
230
512
529
530
538
547
558
561
579
581
599
617
638
688
698
709
730
747
760
389
417
433
462
466
491
516
518
526
537
572
602
653
658
666
689
708
740
744
753
756
772
774
778
783
409
479
484
490
497
499
500
527
609
768
377
394
413
415
461
476
485
486
488
498
560
695
765
767
775
803
839
393
426
487
508
536
545
763
787
795
797
334
408
428
436
449
456
458
459
475
648
804
833
344
370
390
395
400
419
443
829
869
361
374
392
396
418
424
427
431
437
446
468
727
734
875
347
372
401
402
421
434
442
482
824
342
366
376
384
398
441
690
835
888
355
362
365
371
380
382
385
387
414
420
422
821
865
315
368
386
388
404
440
557
575
621
341
360
375
403
411
416
707
993
313
346
378
406
439
623
636
735
287
329
333
349
351
358
359
383
397
513
534
546
555
568
610
630
706
726
103
292
356
363
702
761
926
326
328
345
353
423
625
830
864
282
298
318
323
357
496
533
607
614
721
312
348
549
565
284
300
319
321
322
330
336
463
470
511
605
699
715
781
339
340
480
510
522
550
567
603
626
62
281
299
311
317
324
447
493
503
559
598
632
751
842
907
291
309
327
455
465
524
683
703
718
741
286
293
303
305
444
451
517
595
611
674
748
769
770
142
290
296
306
307
429
448
452
457
525
563
684
755
229
270
273
277
288
302
469
474
492
495
521
531
543
275
445
464
587
687
773
784
990
224
261
263
268
271
274
369
430
477
556
578
627
668
700
723
779
812
251
254
264
278
301
379
438
716
785
267
280
283
285
335
639
696
790
805
255
258
259
276
483
535
551
692
780
782
792
215
252
399
453
506
678
789
811
245
253
272
350
354
502
791
93
238
260
314
331
332
742
764
814
219
240
257
279
405
798
222
239
250
435
450
473
590
799
903
232
241
325
337
771
800
152
198
207
228
246
220
225
410
425
725
766
796
237
247
316
373
391
478
801
802
202
214
262
539
660
985
210
211
367
381
412
201
203
242
295
297
794
976
200
235
320
364
807
155
177
809
199
217
233
343
226
310
679
817
818
212
213
949
204
205
304
308
266
289
338
601
810
182
192
196
208
806
816
995
183
165
193
827
158
249
819
828
2
151
195
176
294
815
941
185
265
837
169
243
846
911
190
269
407
822
825
170
175
832
843
173
180
166
80
171
256
820
104
181
85
227
808
844
138
156
163
167
119
850
998
172
148
159
908
234
244
154
216
150
157
231
221
494
856
909
146
352
161
191
223
849
826
836
594
686
194
834
861
197
918
838
139
831
853
236
944
140
187
132
209
248
122
877
931
128
117
858
111
186
97
206
467
729
143
851
189
218
943
110
25
131
113
841
70
168
179
432
22
936
174
852
120
118
940
939
141
71
188
101
162
860
938
178
125
126
863
127
123
94
13
471
230
933
105
72
83
640
112
133
65
51
153
870
55
115
164
66
63
184
100
840
69
67
680
5
59
454
934
61
73
960
88
929
400
414
472
512
258
261
277
318
334
335
344
347
349
351
370
390
411
413
424
426
428
433
434
442
446
458
489
515
518
528
538
553
566
574
582
586
593
596
606
617
641
647
651
652
690
714
720
245
246
264
280
281
282
284
285
287
298
303
311
315
325
327
331
332
341
345
360
361
365
368
369
374
376
377
378
379
384
398
401
406
408
415
416
418
420
436
437
439
440
443
444
455
456
460
461
463
466
475
481
483
484
485
487
490
491
496
499
500
504
508
509
511
513
514
519
521
523
534
537
540
541
542
546
548
552
555
557
561
562
565
571
573
575
576
583
588
589
591
600
604
605
609
610
612
614
618
621
623
629
631
637
643
646
654
659
662
673
682
707
717
735
737
738
743
219
222
224
237
240
247
249
251
254
255
259
263
266
267
268
270
271
273
275
276
278
283
288
289
290
295
297
299
300
301
304
305
306
307
308
309
312
313
316
317
319
321
322
323
324
328
329
333
340
342
346
348
350
352
354
355
358
359
362
366
371
372
375
380
382
383
385
386
387
388
392
393
394
395
396
397
402
403
404
409
412
417
419
421
422
423
425
429
430
431
435
438
445
447
448
449
451
452
457
462
465
470
474
476
479
480
486
492
493
494
497
498
501
505
506
507
510
520
522
524
526
527
530
532
533
539
544
549
550
554
558
559
563
567
568
569
570
577
579
581
584
585
592
594
597
598
599
603
607
608
613
615
616
619
620
625
628
630
635
636
640
642
644
645
650
655
657
658
661
664
665
669
670
671
674
675
676
681
685
688
693
702
704
706
712
713
715
719
721
724
726
728
730
731
732
736
739
745
746
759
193
197
199
200
204
205
207
212
216
225
229
232
238
239
243
250
252
253
256
257
260
265
269
274
279
286
291
292
293
294
296
310
320
326
330
336
337
338
339
343
353
356
357
363
364
373
381
389
391
399
405
427
432
441
450
453
459
464
468
469
478
482
488
495
503
516
517
525
529
531
535
536
543
545
551
556
560
564
572
580
587
595
602
611
622
624
626
627
632
633
634
638
649
653
656
663
666
667
672
677
679
683
684
689
691
692
696
697
698
699
701
705
708
710
711
722
725
740
744
747
749
750
754
757
758
761
762
765
768
777
781
786
787
181
183
190
191
192
196
198
202
203
214
215
217
220
221
223
226
227
228
231
234
235
241
242
244
248
272
302
367
407
410
467
471
473
477
502
547
578
590
601
639
660
668
678
686
687
694
695
700
703
709
716
718
723
729
741
742
748
751
752
753
756
767
769
770
773
775
776
778
784
788
793
160
165
170
194
195
208
209
210
211
213
236
262
454
680
727
733
734
755
760
774
780
783
785
795
803
158
163
167
168
171
172
174
176
177
180
185
186
187
201
218
230
233
314
648
764
766
771
772
779
790
798
801
805
130
137
175
178
179
182
189
206
763
782
789
792
794
796
800
804
812
135
140
147
150
151
152
153
155
159
161
162
164
166
169
173
184
188
791
797
802
806
807
811
813
814
824
136
139
141
146
156
157
799
815
817
820
833
124
134
138
149
154
809
810
816
818
821
823
825
829
830
832
839
846
120
126
132
133
142
144
145
148
819
822
827
828
834
835
842
844
123
127
128
808
831
836
837
843
854
107
109
117
118
119
122
129
131
143
826
841
845
849
850
853
857
102
114
116
125
838
848
852
855
856
860
864
867
105
121
847
851
861
863
868
101
106
108
110
113
840
858
859
862
865
872
873
877
96
99
111
112
115
866
871
874
876
878
97
100
869
870
87
98
103
875
879
880
881
882
883
884
888
890
897
78
82
885
886
891
74
86
89
90
91
95
899
64
77
81
93
94
104
887
889
895
68
75
84
85
92
892
893
894
901
65
72
76
83
896
898
903
67
69
79
88
906
928
58
62
70
73
80
900
902
904
914
937
912
917
952
63
66
907
911
915
54
56
61
71
913
919
922
48
53
908
910
918
920
927
936
45
50
60
926
930
931
932
940
950
958
43
47
59
909
921
923
935
942
943
947
957
31
39
40
49
52
57
905
916
934
941
949
28
55
924
925
938
955
38
46
933
939
945
946
32
35
51
929
951
954
34
44
944
37
956
33
41
18
965
36
10
960
964
953
948
959
963
961
29
975
42
967
962
973
24
27
966
971
983
972
20
968
15
974
977
23
989
19
970
978
981
17
9
30
3
16
12
982
6
26
979
14
11
21
987
995
8
985
976
998
25
990
22
993
2
13
5
690
557
621
335
472
512
513
546
575
604
610
623
641
707
332
400
426
433
444
463
470
489
491
496
511
515
519
523
533
534
540
541
542
553
555
562
565
566
567
568
573
574
582
586
589
593
596
605
606
614
620
625
630
636
642
646
647
651
682
702
706
726
735
743
318
325
331
344
347
349
360
369
379
384
414
415
429
434
446
447
448
451
455
457
458
460
465
466
475
479
480
481
483
485
493
494
497
498
501
503
506
509
510
514
517
518
520
521
522
524
528
531
532
537
538
539
544
548
549
550
552
559
563
570
571
576
583
584
588
591
594
598
600
603
607
611
612
617
618
619
629
631
632
637
640
649
650
652
654
655
659
662
664
674
683
685
693
705
712
714
715
717
719
721
738
761
261
295
297
311
315
316
334
337
345
350
351
354
358
361
365
368
370
374
376
380
388
390
393
394
399
401
402
406
408
413
417
418
424
425
428
430
435
436
437
438
442
443
445
452
453
456
461
464
469
474
484
487
490
492
495
499
500
504
505
507
508
525
526
535
543
551
554
556
561
569
577
579
585
587
592
595
597
601
608
613
615
616
626
628
643
657
661
663
665
669
670
673
675
679
681
684
692
696
699
700
703
704
711
720
724
728
732
736
737
745
746
781
245
249
264
266
277
281
284
287
289
298
299
304
308
317
319
320
333
341
342
352
355
362
366
371
372
377
378
381
382
385
389
391
392
395
396
398
405
409
411
412
419
420
431
449
450
462
467
473
476
477
478
486
502
516
529
530
558
564
578
580
581
590
599
609
622
624
627
634
635
639
644
645
656
660
667
668
671
672
676
678
680
686
687
688
691
697
701
713
716
718
722
723
725
730
731
739
741
742
749
751
754
757
759
770
243
246
255
258
259
263
273
276
278
282
285
288
300
303
306
309
310
312
313
322
323
327
328
329
338
343
346
364
367
373
375
383
386
387
404
407
410
416
421
422
427
432
439
440
454
459
471
527
547
572
602
633
638
653
658
677
698
708
710
729
747
748
750
755
758
762
769
777
222
238
251
252
254
256
265
267
268
269
270
271
275
280
283
286
290
291
292
294
296
305
307
321
324
326
348
353
359
363
397
403
441
468
482
488
536
545
560
666
689
694
709
733
740
744
764
768
773
776
784
205
216
219
221
224
227
234
237
240
241
244
247
248
253
274
293
301
330
336
339
340
356
357
423
752
753
756
765
766
774
775
778
779
780
785
786
787
788
789
793
805
194
200
215
223
225
229
231
232
250
257
260
272
302
695
760
767
771
783
790
792
803
812
191
197
202
214
217
218
220
228
236
239
279
727
734
772
782
795
798
799
187
192
193
196
198
199
203
204
207
210
211
226
230
235
242
648
791
794
796
800
801
811
183
186
190
208
209
212
213
262
763
802
814
168
176
233
807
170
174
179
181
185
188
189
195
201
206
314
804
806
809
817
163
165
171
177
178
180
182
797
810
813
162
175
184
815
816
818
820
823
824
825
827
846
153
158
160
164
166
167
169
173
808
819
822
828
829
832
833
172
837
843
844
147
152
155
830
839
130
135
151
159
161
821
826
831
834
838
134
137
140
150
154
835
836
842
856
139
146
156
849
850
132
136
144
148
149
157
841
853
855
124
141
142
840
845
851
852
854
861
138
847
860
126
145
848
858
863
868
877
857
862
867
871
117
120
122
128
859
865
870
873
116
131
864
866
872
107
109
127
133
143
869
874
884
118
119
129
875
123
125
881
87
114
879
121
876
878
880
883
886
891
108
110
113
885
890
101
105
882
112
889
892
894
897
97
102
115
888
895
96
106
111
901
99
103
104
90
100
896
899
76
91
98
887
893
898
62
75
77
93
906
85
89
95
904
82
84
86
70
79
81
915
69
900
903
912
72
88
94
902
65
92
909
914
917
907
913
919
931
64
67
74
78
83
920
922
949
910
927
928
930
936
66
73
940
941
56
911
905
923
924
944
80
933
45
48
63
68
908
937
53
54
58
918
942
59
921
958
61
71
916
926
939
952
38
938
31
43
51
935
957
60
40
929
943
950
932
934
946
55
945
955
960
28
32
925
36
50
954
47
57
947
52
37
46
35
39
953
956
33
34
49
951
961
965
962
975
41
959
948
964
966
967
983
18
963
973
9
10
970
19
971
24
972
17
978
42
974
989
16
44
15
27
982
29
23
30
968
979
977
981
985
20
26
3
11
6
987
14
2
21
993
12
995
990
998
25
976
8
13
5
22
512
400
414
433
444
463
472
483
489
493
496
511
513
515
521
533
534
546
549
550
557
565
567
575
610
614
621
379
426
434
435
446
447
448
451
455
457
458
465
466
470
475
480
491
492
494
495
506
510
518
519
522
523
524
528
535
537
538
539
540
541
542
548
552
553
555
559
562
563
566
568
573
574
576
582
586
589
593
594
596
598
603
604
605
606
607
617
623
630
636
641
647
690
335
344
347
349
369
384
406
411
412
413
415
418
424
425
428
429
430
432
437
438
442
443
445
450
452
453
456
460
461
464
469
473
474
478
479
481
484
485
487
490
497
498
499
500
501
503
504
508
509
514
517
520
525
526
531
532
543
544
551
556
561
570
571
583
587
588
591
595
600
611
612
618
620
625
629
632
637
640
642
646
651
652
674
682
707
318
325
331
332
334
350
351
352
354
360
361
365
368
370
374
376
377
381
388
390
391
393
398
399
401
402
405
408
410
416
417
420
422
436
439
440
449
454
467
471
476
477
486
502
505
507
527
529
530
554
558
569
577
578
579
581
584
585
590
592
597
599
601
608
609
613
615
616
619
626
627
628
631
643
649
650
654
655
659
662
669
673
679
683
684
702
706
714
715
721
726
735
261
289
295
297
304
308
311
316
320
337
341
343
345
358
364
367
371
372
373
378
380
382
383
385
386
387
389
392
394
395
396
403
404
407
409
419
421
423
431
459
462
468
482
488
516
536
545
560
564
572
580
602
622
634
635
639
644
645
657
658
660
661
663
664
665
668
670
671
675
676
678
680
681
685
692
693
696
699
700
703
704
705
712
717
720
723
725
738
743
258
264
266
277
284
287
298
303
310
313
315
317
319
322
323
327
333
338
340
342
346
348
355
359
362
363
366
375
397
427
441
547
624
633
638
653
656
667
672
686
687
688
691
701
711
713
716
718
719
724
728
732
736
737
741
742
746
761
245
249
255
256
259
265
269
276
278
280
281
282
285
288
294
299
300
305
306
307
309
312
321
324
326
328
329
353
356
357
666
677
689
697
698
708
710
722
729
730
731
739
744
745
748
749
751
754
759
770
781
221
222
243
246
248
251
252
254
263
267
268
270
271
273
275
283
286
290
291
292
296
301
330
336
339
694
695
709
740
747
750
755
757
758
762
769
773
777
784
216
219
224
227
231
234
237
238
240
244
247
250
253
274
293
302
648
733
753
756
764
765
768
776
779
780
785
786
787
793
194
197
205
215
223
225
229
232
236
241
257
260
272
279
727
734
752
766
767
771
774
775
778
788
789
790
794
805
191
193
199
200
207
209
212
214
217
218
220
226
228
230
239
242
262
314
760
772
782
783
792
795
798
801
803
186
187
190
192
196
198
202
203
204
210
211
213
235
791
796
800
812
168
174
181
183
189
195
208
233
763
799
802
811
814
170
176
178
179
184
185
201
206
806
807
809
160
163
165
171
177
180
182
188
804
810
813
815
817
820
825
158
162
164
167
172
175
797
816
818
824
832
153
166
169
173
808
819
822
823
827
828
833
834
147
155
161
829
830
831
846
130
137
140
150
151
152
159
821
836
837
838
839
843
844
135
139
146
154
156
826
835
842
134
141
149
157
841
849
850
124
132
136
144
148
840
845
851
852
853
854
856
860
126
138
142
855
857
861
863
120
127
128
131
133
145
848
858
117
129
143
847
864
868
119
122
123
125
859
862
865
867
870
877
107
114
118
121
866
873
874
105
109
116
869
871
872
108
876
878
101
106
110
113
115
875
881
884
96
102
111
112
879
880
883
97
882
888
890
87
99
100
885
886
891
897
103
91
98
889
86
104
887
892
894
895
899
82
93
94
95
901
77
81
83
89
90
893
896
898
84
88
903
904
906
75
76
79
85
92
80
900
914
78
902
907
911
912
917
65
69
913
915
72
74
910
68
70
73
919
922
64
67
920
927
62
63
908
921
926
928
930
61
66
71
923
905
916
918
936
937
952
58
909
924
934
59
925
929
931
940
943
945
964
53
54
941
949
953
959
963
60
938
948
45
48
50
55
56
932
933
939
958
42
935
950
971
51
57
944
946
955
957
43
47
52
947
961
962
966
40
49
942
975
29
46
27
38
967
24
35
951
970
973
983
37
960
968
972
19
20
23
34
39
44
954
956
965
974
981
15
30
33
41
977
978
25
36
989
9
17
28
985
3
16
31
982
14
32
12
21
976
979
995
998
6
11
22
26
990
2
10
18
987
5
13
8
993
512
335
379
400
414
433
444
455
463
470
472
483
489
493
494
496
506
511
513
515
521
533
534
546
549
550
555
557
565
567
568
575
586
605
610
614
621
623
630
641
690
318
325
332
344
347
349
350
354
369
384
406
412
425
426
428
429
430
434
435
438
442
445
446
447
448
450
451
452
453
456
457
458
460
464
465
466
469
474
475
480
481
485
491
492
495
501
503
510
517
518
519
520
522
523
524
528
531
535
537
538
539
540
541
542
548
552
553
556
559
562
563
566
573
574
576
582
583
587
589
593
594
595
596
598
603
604
606
607
611
612
617
625
636
637
640
646
647
651
674
682
702
706
707
714
715
721
726
735
743
261
266
289
295
297
304
308
310
311
316
320
331
334
337
343
345
351
352
358
360
361
364
365
368
370
374
376
377
378
381
388
390
391
393
398
399
401
402
405
407
408
410
411
413
415
416
418
424
432
436
437
439
440
443
454
461
467
471
473
477
478
479
484
487
490
497
498
499
500
502
504
505
507
508
509
514
525
526
530
532
543
544
551
561
569
570
571
578
579
581
584
585
588
590
591
599
600
601
608
609
615
618
619
620
626
627
628
629
631
632
642
643
650
652
654
659
662
664
669
673
678
679
683
684
685
692
693
696
699
700
703
712
717
718
720
723
725
738
746
761
243
245
246
249
255
256
258
259
264
269
277
281
282
284
285
287
294
298
299
303
312
313
315
317
319
322
323
327
333
338
341
342
346
348
355
362
366
367
371
372
373
375
380
382
383
385
386
387
389
392
394
395
396
403
404
409
417
419
420
421
422
423
431
449
459
462
476
482
486
516
527
529
545
554
558
560
564
572
577
580
592
597
602
613
616
622
634
635
639
644
645
649
655
657
658
660
661
663
665
668
670
671
672
675
676
680
681
686
687
688
701
704
705
713
716
719
724
728
729
730
731
732
736
737
739
741
742
745
748
749
751
769
770
777
781
784
197
216
221
222
227
234
244
248
252
254
263
265
268
270
273
275
276
278
280
283
288
290
292
296
300
301
305
306
307
309
321
324
326
328
329
340
353
359
363
397
427
441
468
488
536
547
624
633
638
653
656
666
667
677
689
691
697
698
708
710
711
722
740
744
747
750
754
755
757
758
759
762
764
773
780
785
191
194
205
215
219
223
224
231
236
237
238
240
241
247
250
251
253
257
267
271
274
286
291
293
302
330
336
339
356
357
694
695
709
752
753
756
765
766
767
768
771
775
776
778
779
786
787
789
790
793
794
798
805
186
187
193
199
200
207
209
214
217
218
220
225
226
228
229
230
232
239
242
260
272
279
648
727
733
734
760
774
782
783
788
792
795
796
800
801
803
168
174
183
189
190
192
196
198
202
203
204
210
211
212
213
235
262
314
772
791
799
802
807
811
812
814
170
176
178
179
181
184
185
188
195
206
208
233
763
804
806
809
815
817
820
825
158
160
162
163
164
165
167
171
177
180
182
201
797
810
813
816
818
824
832
153
169
172
173
175
808
819
822
823
827
828
833
834
147
161
166
829
830
831
836
837
843
844
846
130
135
137
139
140
150
151
152
155
159
821
826
835
838
839
841
842
850
134
141
146
149
154
156
840
849
851
852
853
860
124
132
136
142
144
148
157
845
854
855
856
858
861
863
126
133
138
848
857
120
127
128
131
145
847
864
867
868
870
877
117
119
122
123
125
129
143
859
862
865
873
107
114
118
121
866
869
871
872
874
105
108
109
116
875
876
878
101
113
115
879
881
883
884
96
102
106
110
111
112
880
882
888
890
97
885
886
891
897
87
99
100
103
889
98
887
892
895
899
91
104
894
901
82
86
93
94
95
893
896
898
903
77
81
83
88
89
90
904
76
84
85
900
902
906
914
75
79
92
912
80
907
911
917
913
915
78
910
919
920
922
65
69
72
73
908
927
67
68
70
74
921
926
930
62
905
923
928
63
64
66
916
918
924
936
61
71
909
925
931
937
929
934
940
943
945
952
58
949
59
933
938
941
939
53
54
932
958
45
55
56
60
935
944
950
48
50
51
942
946
57
947
957
43
953
955
959
964
47
49
52
963
40
46
948
960
38
951
954
42
956
971
35
961
962
34
965
966
37
44
29
33
41
967
975
36
31
39
970
972
973
983
24
27
28
968
20
32
974
978
19
981
15
23
977
9
17
30
985
989
25
982
10
16
18
3
14
21
979
12
22
976
995
998
6
26
11
990
987
2
5
13
8
993
335
690
814
853
513
846
332
856
557
621
331
843
575
877
369
249
707
735
781
761
325
379
706
191
623
496
534
555
726
463
610
812
297
266
568
130
546
447
465
470
702
116
316
168
455
844
444
91
216
636
811
863
109
295
480
850
861
62
429
884
350
135
354
511
87
153
533
630
243
448
452
873
76
174
337
445
451
625
77
858
614
860
493
770
79
438
805
522
510
457
818
871
889
84
399
86
96
469
867
197
187
849
910
227
549
107
310
524
430
890
75
164
901
137
93
194
289
503
870
607
969
70
72
80
822
879
83
892
124
567
810
223
521
71
683
517
108
883
1
703
162
308
405
343
796
817
82
104
304
381
725
852
897
868
891
641
543
85
684
531
881
65
97
506
904
816
723
66
433
218
453
103
472
611
494
851
7
473
915
986
930
460
785
0
261
318
335
344
400
414
425
435
483
512
222
245
256
258
264
266
269
277
281
284
285
287
294
297
311
320
325
331
332
334
345
347
349
351
352
360
361
364
365
369
370
374
376
379
384
390
391
401
406
411
412
413
415
418
424
426
428
432
433
434
442
444
446
450
455
456
458
463
464
466
474
475
489
491
492
495
515
539
550
563
565
605
219
221
224
231
234
237
240
244
246
248
249
252
254
255
259
263
265
268
270
273
275
276
278
280
282
288
289
290
295
298
299
300
303
304
306
307
308
309
312
313
315
316
317
319
322
323
327
333
337
338
341
342
346
350
354
355
358
367
368
371
372
373
377
378
380
382
383
385
386
387
388
389
393
394
398
402
407
408
409
410
416
417
420
421
422
429
430
436
437
438
439
440
443
445
447
448
451
452
454
457
461
465
467
470
471
472
477
478
479
481
484
485
487
490
493
494
496
497
498
499
500
501
504
506
508
509
510
511
513
514
518
519
520
521
523
525
528
532
533
534
535
537
538
540
541
542
546
548
551
552
553
555
556
557
559
562
566
570
573
574
575
576
582
586
587
593
594
596
598
603
604
606
610
614
617
621
637
640
641
646
647
651
674
682
690
715
720
193
197
199
200
205
215
216
225
229
230
232
236
238
241
243
247
250
251
253
257
267
271
283
286
291
292
293
296
301
305
310
321
324
326
328
329
330
336
340
343
348
353
359
362
363
366
375
381
392
395
396
397
399
403
404
405
419
423
431
441
449
453
459
460
462
469
476
480
486
502
503
505
507
522
524
526
529
530
544
549
558
561
567
568
569
571
577
578
579
581
583
588
589
590
591
595
599
600
601
607
608
609
612
618
619
620
623
625
626
627
629
630
631
632
636
639
642
643
645
649
650
652
654
659
661
662
668
669
671
673
676
678
679
680
681
685
687
692
693
696
699
702
707
712
714
716
717
718
721
726
735
738
743
183
186
190
191
192
194
196
198
202
203
204
207
209
210
212
214
217
220
223
226
227
228
239
242
260
272
274
279
302
339
356
357
427
468
473
482
488
516
517
527
531
536
543
545
554
560
564
572
580
584
585
592
597
611
613
615
616
622
628
635
644
655
657
658
660
663
664
665
670
672
675
683
684
686
688
700
701
703
704
705
706
710
713
719
724
725
728
729
730
732
736
737
741
742
746
751
168
174
176
178
179
181
184
187
189
195
206
208
211
213
218
235
262
547
602
624
634
638
653
656
666
667
677
689
691
694
697
698
708
711
722
723
731
739
740
744
745
747
748
749
750
754
758
759
761
764
769
773
777
784
160
163
165
170
171
177
180
182
185
188
201
233
314
633
695
709
752
753
755
756
757
762
765
768
770
776
780
781
786
787
793
794
158
167
172
173
175
648
727
733
734
766
767
771
774
775
778
779
783
788
790
798
801
803
147
152
153
155
159
161
162
164
166
169
760
772
782
785
789
792
795
800
139
140
150
151
156
763
791
796
802
805
806
807
820
130
132
137
141
146
149
154
157
799
804
809
811
812
813
814
815
825
134
135
136
138
142
144
148
797
824
827
832
834
120
126
128
131
133
145
808
810
817
819
823
828
831
833
836
117
123
124
127
816
818
821
822
826
829
830
837
839
842
846
119
122
125
129
143
835
838
841
843
844
105
114
118
121
840
845
849
850
853
854
107
115
848
855
856
857
860
864
101
106
109
110
112
113
116
847
851
852
858
859
861
863
102
108
111
862
865
96
99
100
866
867
868
869
870
872
874
877
98
873
875
876
878
97
871
880
882
87
94
95
103
884
885
886
888
89
90
879
881
883
81
86
88
91
93
104
887
890
899
77
82
92
891
893
894
895
897
83
84
889
892
896
898
903
76
79
85
901
75
78
80
900
902
906
914
69
73
907
911
912
67
68
74
904
917
72
913
920
61
63
64
65
908
919
922
70
910
921
926
62
915
923
927
928
58
66
905
916
918
924
59
71
925
936
937
909
929
930
931
934
940
945
952
53
54
55
943
45
56
60
933
938
941
48
50
51
939
949
57
932
43
47
49
52
935
944
950
958
40
942
946
957
38
46
947
955
34
35
953
959
960
964
37
42
44
948
951
954
963
33
41
956
36
29
39
961
965
971
28
31
962
966
27
32
967
24
975
20
973
968
969
970
972
983
15
19
18
23
9
10
17
30
974
978
981
25
977
3
14
16
989
12
21
985
22
982
6
11
26
979
995
976
998
2
5
13
990
8
987
986
1
993
7
0
335
690
332
513
331
557
249
369
814
575
621
191
325
846
856
843
379
707
297
496
735
266
706
853
463
534
610
623
761
555
316
130
168
470
781
465
568
447
726
812
216
455
702
295
444
480
877
546
116
350
429
354
243
636
337
452
400
445
221
448
318
533
245
174
135
438
261
384
451
426
811
511
91
501
109
393
489
510
512
415
264
493
522
457
469
625
466
481
850
333
399
360
222
863
227
215
311
189
255
630
310
380
402
485
479
520
573
861
443
401
456
205
682
414
425
433
434
435
446
472
483
494
506
515
521
549
550
559
563
565
567
586
593
594
598
603
605
614
640
641
289
304
308
332
334
335
344
347
349
351
352
361
365
369
370
374
379
390
400
406
411
412
413
418
424
428
430
432
442
444
450
453
458
460
463
464
474
475
478
487
491
492
495
496
499
500
503
504
508
511
512
513
517
518
519
524
525
528
531
534
535
537
538
539
540
541
542
546
548
551
552
553
555
556
557
561
562
566
570
571
574
575
576
582
583
587
588
589
591
595
596
600
604
606
607
610
611
612
617
618
621
623
626
629
632
637
642
646
647
651
652
659
674
679
683
684
690
692
714
715
717
720
721
725
738
743
248
256
258
261
269
277
281
282
284
285
287
294
297
298
303
313
315
317
318
320
325
327
331
338
341
343
345
346
350
354
355
358
364
367
368
371
372
373
375
376
377
378
381
382
383
384
385
386
387
388
389
391
392
394
395
398
404
405
407
408
409
410
416
417
419
420
421
422
426
429
436
437
439
440
445
447
448
449
451
452
454
455
457
461
465
466
467
470
471
473
476
477
480
484
486
489
490
493
497
498
502
505
507
509
510
514
522
523
526
530
532
533
543
544
554
558
568
569
573
577
578
579
581
584
585
590
592
597
599
601
608
609
613
615
616
619
620
627
628
630
631
635
636
639
643
644
645
649
650
654
655
657
658
660
661
662
664
668
669
670
671
673
675
676
678
680
681
685
686
687
693
696
699
700
702
703
704
705
706
707
712
713
716
718
719
723
724
726
728
729
732
735
736
737
741
742
746
751
784
219
224
234
237
240
244
245
246
249
251
252
254
259
263
264
265
266
268
270
271
273
275
276
278
280
283
288
290
292
295
296
299
300
301
305
306
307
309
311
312
316
319
321
322
323
324
326
328
329
337
340
342
348
353
359
360
362
363
366
393
396
397
399
401
403
415
423
427
431
438
441
443
456
459
462
468
469
479
481
482
485
488
501
516
520
527
529
536
545
560
564
572
580
602
622
624
625
633
634
638
653
656
663
665
666
667
672
677
682
688
691
697
698
701
708
710
711
722
730
731
739
740
744
745
747
748
749
750
754
755
757
758
759
761
762
769
770
773
777
780
781
197
221
222
223
225
229
230
231
232
236
238
241
243
247
250
253
255
257
260
267
274
279
286
291
293
302
310
330
333
336
339
356
357
380
402
547
689
694
695
709
753
756
764
765
766
768
771
775
776
778
779
785
786
787
790
793
794
805
186
192
193
194
196
198
199
200
204
207
209
212
214
216
217
218
220
226
227
228
239
242
272
727
733
734
752
760
767
774
782
783
788
789
792
795
796
798
800
801
803
176
179
181
183
187
190
191
195
202
203
205
206
208
210
211
213
215
235
262
314
648
772
791
799
802
165
168
170
178
184
185
188
201
233
763
804
806
807
809
815
820
825
158
160
162
163
164
167
171
172
174
175
177
180
182
189
797
810
811
812
813
814
816
817
824
832
153
166
169
173
808
818
819
822
823
827
828
833
834
137
147
150
151
152
155
159
161
821
829
830
831
836
837
839
844
139
140
146
154
156
826
835
838
841
842
846
132
134
136
141
149
157
840
843
845
849
851
854
860
124
126
130
135
138
142
144
148
852
855
857
120
127
128
131
133
145
847
848
850
853
856
858
864
117
119
122
123
125
129
143
859
862
867
868
870
118
121
861
863
865
866
873
874
105
107
114
869
871
872
876
877
101
108
113
115
875
878
881
106
109
110
111
112
116
879
880
882
883
884
96
97
102
885
886
888
890
99
100
103
891
897
87
98
889
895
899
104
887
892
894
86
93
94
95
893
898
901
77
81
82
88
89
90
896
903
83
84
85
91
902
904
906
76
79
92
900
912
914
75
80
907
911
917
913
915
69
78
910
919
920
922
65
72
73
908
926
67
68
74
921
927
928
930
70
905
916
923
61
62
63
64
918
924
925
936
66
71
909
931
937
940
929
934
943
945
952
969
58
59
933
938
941
949
939
53
54
932
944
958
45
55
56
60
935
950
48
50
51
942
946
57
947
957
43
47
52
955
49
40
46
959
960
964
986
38
951
953
954
963
948
956
35
34
37
965
42
44
961
971
33
36
41
962
966
29
39
967
975
28
31
1
970
972
973
27
32
968
983
0
24
20
974
978
981
7
19
977
15
18
23
9
10
17
30
989
25
982
985
3
14
16
979
995
12
21
22
976
998
6
11
26
990
987
2
5
13
8
993
335
690
814
332
513
557
846
856
331
843
621
249
575
707
369
735
191
853
325
761
877
706
379
496
781
623
297
555
266
534
610
614
812
463
726
568
860
844
316
130
770
197
470
521
465
549
168
216
447
805
607
641
289
702
433
567
858
116
524
472
546
884
164
308
187
455
503
871
873
304
430
849
295
506
725
343
703
405
453
517
723
822
194
223
480
683
818
137
381
494
153
531
636
796
543
870
77
684
811
218
429
444
810
867
62
162
354
473
611
889
76
86
350
460
850
910
96
107
816
84
852
868
91
890
243
883
452
79
109
337
817
746
851
135
700
863
445
777
87
879
901
83
897
785
72
533
892
124
789
809
604
861
891
93
448
838
80
70
108
75
438
743
881
755
807
104
147
85
97
511
82
866
625
81
114
101
764
828
712
876
119
749
819
174
451
134
140
915
705
620
71
872
318
335
344
347
400
414
425
434
435
446
483
489
493
512
515
565
245
256
258
261
264
277
284
287
311
320
325
332
334
345
349
351
352
360
361
364
365
368
369
370
374
376
379
384
390
391
398
399
401
406
411
412
413
415
418
424
426
428
432
433
442
444
450
456
457
458
463
464
466
472
474
475
478
481
485
491
492
495
496
499
501
508
510
513
518
519
521
522
523
528
535
537
538
539
541
550
552
553
557
559
563
566
573
574
575
576
582
586
593
594
596
598
603
605
606
614
630
640
647
690
714
221
222
224
234
246
248
249
254
255
259
263
265
266
268
269
273
275
276
278
280
281
282
285
288
289
290
294
295
297
298
299
300
303
304
305
306
307
308
309
310
312
313
315
316
317
319
322
323
327
328
331
333
338
341
342
346
348
350
354
355
358
366
367
371
372
373
375
377
378
380
381
382
383
385
386
387
388
389
392
393
394
395
396
402
404
407
408
409
410
416
417
419
420
421
422
429
430
436
437
439
440
443
445
447
448
449
451
453
454
455
460
461
465
467
469
470
471
477
479
480
484
486
487
490
494
497
498
500
502
504
505
506
507
509
511
514
520
524
525
526
532
533
534
540
542
544
546
548
549
551
555
556
561
562
567
568
569
570
571
578
579
581
583
587
588
589
590
591
595
600
604
607
609
610
612
617
618
621
623
626
627
629
631
632
637
641
642
643
646
651
652
654
659
662
673
674
679
682
692
696
699
707
715
717
720
721
738
205
219
225
227
229
230
231
236
237
238
240
241
243
244
247
250
251
252
253
267
270
271
283
286
291
292
293
296
301
321
324
326
329
330
336
337
339
340
343
353
357
359
362
363
397
403
405
423
427
431
438
441
452
459
462
468
473
476
482
488
503
516
517
527
529
530
531
543
545
554
558
560
564
572
577
580
584
585
592
597
599
601
608
611
613
615
616
619
625
628
635
636
639
644
645
649
650
655
657
658
660
661
664
665
668
669
670
671
672
675
676
678
680
681
683
684
685
686
687
688
693
702
703
704
706
713
716
718
719
724
725
726
728
729
730
732
735
736
737
741
742
751
186
190
191
192
193
194
196
197
198
199
200
204
207
209
212
214
215
216
217
220
223
226
228
232
239
242
257
260
272
274
279
302
356
536
547
602
620
622
624
633
634
638
653
656
663
666
667
677
689
691
694
697
698
700
701
708
710
711
712
722
723
731
739
740
743
744
745
746
747
748
750
754
758
759
761
769
773
784
176
179
181
183
189
195
202
203
206
208
210
211
213
218
235
262
695
705
709
753
756
757
762
765
766
768
770
771
775
776
777
778
779
780
781
786
787
793
165
168
170
171
178
180
184
185
187
188
201
233
314
648
727
733
734
749
752
755
764
767
782
783
785
788
790
794
798
800
801
803
158
160
163
167
172
173
174
175
177
182
760
772
774
791
792
795
805
161
162
164
166
169
763
789
796
799
802
804
806
815
820
139
150
151
152
153
155
159
811
812
813
814
824
825
832
137
141
146
147
149
154
156
797
807
809
810
817
823
827
833
834
130
132
136
144
148
157
808
816
818
822
829
830
831
836
126
133
135
138
140
142
819
821
826
828
835
837
839
841
842
846
120
123
124
127
128
131
134
145
840
843
844
845
117
122
125
129
143
838
849
854
855
118
121
848
850
851
852
853
856
857
860
864
105
107
115
119
847
858
859
863
110
112
113
114
861
862
865
874
102
106
109
111
116
867
868
869
870
877
878
100
101
108
871
873
875
96
99
103
866
876
880
882
97
98
872
884
885
886
888
87
95
879
881
883
89
90
94
887
890
899
86
88
93
104
891
894
895
897
77
82
91
92
889
892
893
898
903
81
83
84
896
904
76
79
85
900
901
902
906
914
75
78
80
907
912
65
69
73
911
917
67
68
74
913
920
908
919
922
63
64
72
910
921
926
927
61
66
70
915
923
928
930
62
905
916
924
58
918
925
936
937
59
909
929
931
934
940
945
952
71
943
53
54
938
949
45
55
56
60
933
939
941
48
50
51
932
57
935
944
950
958
43
47
49
52
946
40
942
947
957
46
955
38
960
964
34
35
951
953
954
959
37
44
948
956
963
33
41
42
965
36
39
969
971
29
31
961
962
28
966
27
32
967
975
24
973
20
970
972
983
19
968
15
18
23
10
974
981
9
17
30
977
978
25
986
3
14
16
989
12
21
982
985
22
6
11
26
979
976
995
998
1
2
5
13
987
990
8
0
993
7
335
690
332
513
814
331
557
621
249
575
846
369
707
843
191
325
735
856
379
496
623
706
761
266
297
555
853
534
610
630
781
463
130
568
493
726
812
316
470
168
447
465
457
469
310
399
702
227
216
522
546
455
510
400
295
480
877
636
512
318
429
444
221
350
354
116
384
245
261
426
489
770
811
243
393
481
501
337
452
415
682
466
573
520
858
445
264
222
333
135
614
479
360
215
189
311
485
533
549
844
850
91
255
380
402
430
289
503
438
448
194
187
524
109
197
401
443
456
164
343
625
519
523
511
223
205
861
405
414
565
335
344
347
425
433
434
435
446
451
458
472
483
494
506
512
515
518
521
535
539
541
550
559
563
566
567
574
582
586
593
594
596
598
603
604
605
606
617
640
641
647
674
690
715
304
308
320
332
334
345
349
351
352
361
364
365
368
369
370
374
376
379
390
391
398
400
406
408
411
412
413
418
424
428
432
437
439
442
444
450
453
455
460
461
463
464
470
474
475
478
487
489
490
491
492
493
495
496
497
498
499
500
502
504
508
509
510
513
514
517
525
528
531
532
534
537
538
540
542
543
544
546
548
551
552
553
555
556
557
561
562
568
570
571
575
576
578
583
587
588
589
590
591
595
600
607
609
610
611
612
614
618
620
621
623
626
627
629
630
631
632
637
642
643
646
651
652
654
659
662
673
679
683
684
692
696
699
714
717
720
721
725
738
743
248
256
258
259
261
265
266
269
277
278
280
281
282
284
285
287
294
295
297
298
300
303
306
312
313
315
316
317
318
322
323
325
327
331
338
341
342
346
350
354
355
358
359
366
367
371
372
373
375
377
378
381
382
383
384
385
386
387
388
389
392
394
395
396
399
403
404
407
409
410
415
416
417
419
420
421
422
423
426
429
430
431
436
440
445
447
448
449
452
454
457
462
465
466
467
469
471
473
476
477
480
481
484
486
501
505
507
511
519
520
522
524
526
527
529
530
533
549
554
558
569
573
577
579
580
581
584
585
592
597
599
601
608
613
615
616
619
628
635
636
639
644
645
649
650
655
657
658
660
661
663
664
665
668
669
670
671
672
675
676
678
680
681
682
685
686
687
688
693
700
701
702
703
704
705
706
707
712
713
716
718
719
723
724
726
728
729
730
731
732
735
736
737
739
741
742
745
746
748
751
784
219
224
231
234
237
240
244
245
246
247
249
251
252
254
263
264
267
268
270
271
273
275
276
283
286
288
289
290
292
296
299
301
305
307
309
310
311
319
321
324
326
328
329
330
336
337
340
348
353
356
360
362
363
393
397
401
402
427
438
441
443
456
459
468
479
482
485
488
503
516
523
536
545
547
560
564
572
602
622
624
625
633
634
638
653
656
666
667
677
689
691
697
698
708
710
711
722
740
744
747
749
750
754
755
757
758
759
761
762
769
773
777
780
781
221
222
225
229
230
232
236
238
239
241
243
250
253
255
257
260
272
274
279
291
293
302
333
339
343
357
380
405
694
695
709
752
753
756
764
765
766
767
768
770
771
775
776
778
779
785
786
787
790
793
794
186
190
192
193
196
197
198
199
200
204
207
209
212
214
216
217
218
220
226
227
228
242
648
727
733
734
760
774
782
783
788
789
792
795
796
798
800
801
803
805
174
176
179
181
183
191
194
195
202
203
205
206
208
210
211
213
215
223
235
262
314
772
791
799
802
168
170
178
184
185
187
188
201
233
763
804
806
807
809
815
820
158
160
162
163
165
167
171
172
175
177
180
182
189
797
810
811
812
813
814
816
817
825
832
153
166
169
173
808
818
819
822
823
824
827
828
833
834
147
150
152
155
159
161
164
829
830
831
836
837
137
139
140
146
151
154
156
821
826
835
838
839
841
842
846
134
141
149
157
840
843
849
851
124
130
132
135
136
138
142
144
148
844
845
852
854
860
126
128
131
133
145
848
850
853
855
857
117
120
123
127
143
847
856
863
864
868
119
122
125
129
858
859
862
865
867
870
107
114
118
121
861
866
869
871
873
874
877
105
108
115
872
876
878
101
110
112
113
875
881
884
96
102
106
109
111
116
879
880
882
883
890
97
100
885
886
888
87
99
103
891
897
98
887
889
895
899
104
892
894
86
89
93
94
95
893
901
77
81
82
88
90
896
898
903
904
83
84
85
906
75
76
79
91
92
900
902
912
914
80
907
911
915
917
69
78
910
913
919
920
65
72
73
908
922
67
68
74
921
926
927
930
70
905
923
928
62
63
64
66
916
924
61
909
918
925
936
71
929
931
934
937
940
945
943
952
58
59
933
938
949
941
53
939
45
54
55
56
932
944
958
48
51
60
935
950
50
942
946
43
57
947
957
47
49
52
955
40
38
46
959
960
964
951
953
954
948
956
963
34
35
37
42
44
33
41
965
971
36
961
962
966
29
31
39
28
967
969
975
32
970
972
973
24
27
983
968
20
19
974
978
18
23
977
981
9
10
15
17
989
30
25
982
985
3
14
16
12
21
979
986
995
22
998
6
11
976
26
990
5
987
2
13
8
1
993
0
7
335
690
814
332
513
557
331
621
846
856
843
575
249
707
369
735
853
761
191
325
781
379
706
877
496
623
610
812
297
534
555
174
266
726
451
463
568
860
130
316
470
447
465
702
805
168
216
546
873
863
884
153
641
521
433
822
455
636
867
116
137
472
849
871
567
295
480
811
723
725
870
494
818
453
506
607
868
77
444
889
796
897
162
429
630
850
308
817
87
304
810
354
611
684
852
531
703
746
816
883
350
460
785
86
381
844
890
910
543
96
107
218
473
683
62
76
79
493
517
901
700
851
876
604
243
457
522
777
337
91
452
510
770
84
93
712
743
83
124
227
809
879
789
310
838
399
469
109
891
892
135
755
858
881
72
445
904
114
108
807
101
75
104
103
82
147
749
764
70
85
71
80
140
533
861
97
134
799
866
819
828
705
81
438
106
620
119
915
855
160
65
105
129
542
949
930
66
400
414
261
318
335
344
347
349
425
426
434
435
446
483
489
511
512
515
565
245
256
258
264
269
277
281
284
285
287
289
294
297
298
303
311
315
317
320
325
327
331
332
334
338
343
345
351
352
358
360
361
364
365
368
369
370
374
376
377
378
379
384
388
390
391
398
401
405
406
408
411
412
413
415
418
424
428
430
432
433
437
439
442
443
444
448
450
451
455
456
458
461
463
464
466
470
472
474
475
478
481
485
487
491
492
495
496
499
501
508
513
518
519
521
523
524
528
535
538
539
541
549
550
553
557
559
563
566
573
575
586
593
594
598
603
605
614
640
197
219
221
222
224
231
234
237
240
244
246
248
249
252
254
255
259
263
265
266
268
270
273
275
276
278
280
282
283
288
290
295
299
300
304
305
306
307
308
309
312
313
316
319
321
322
323
324
328
329
333
337
340
341
342
346
348
350
354
355
359
362
366
367
371
372
373
375
380
381
382
383
385
386
387
389
392
393
394
395
396
397
399
402
403
404
407
409
410
416
417
419
420
421
422
423
429
431
436
438
440
445
447
449
452
453
454
457
460
465
467
471
476
477
479
480
484
486
490
493
494
497
498
500
502
503
504
505
506
507
509
510
514
520
522
525
526
532
533
534
537
540
544
546
548
551
552
555
556
561
562
567
568
570
571
574
576
581
582
583
587
588
589
590
591
595
596
600
604
606
610
612
617
618
621
623
625
626
629
630
631
632
637
641
643
646
647
651
652
659
674
679
682
690
692
714
715
717
720
738
193
194
199
205
215
223
225
229
230
232
236
238
241
243
247
250
251
253
257
260
267
271
274
286
291
292
293
296
301
310
326
330
336
339
353
356
357
363
427
441
459
462
468
469
473
482
488
516
517
527
529
530
531
542
543
554
558
564
569
577
578
579
584
585
592
597
599
601
607
608
609
611
613
615
616
619
627
628
635
636
639
642
644
645
649
650
654
655
657
658
660
661
662
664
665
668
669
670
671
673
676
678
680
681
683
685
686
687
688
693
696
699
702
704
706
707
716
718
719
721
726
728
735
742
186
187
190
191
192
196
198
200
202
203
204
207
209
210
212
214
216
217
220
226
227
228
239
242
272
279
302
536
545
547
560
572
580
602
620
622
624
634
653
656
663
666
667
672
675
677
684
691
697
698
700
701
703
708
710
711
712
713
722
723
724
725
729
730
731
732
736
737
739
741
743
745
747
748
750
751
754
176
179
181
183
184
189
195
206
208
211
213
218
235
262
314
633
638
689
694
695
705
709
740
744
746
753
757
758
759
761
762
765
768
769
773
776
780
781
784
787
163
165
168
170
171
174
178
180
185
188
201
233
727
733
734
749
752
755
756
766
767
770
771
775
777
778
779
786
793
794
158
164
167
172
173
175
177
182
648
760
764
772
774
782
783
785
788
790
792
795
798
800
801
803
153
160
161
162
166
169
789
791
796
802
805
139
150
151
152
155
156
159
763
804
806
812
815
820
137
141
146
147
149
154
157
797
799
807
811
813
814
824
825
832
130
132
135
136
138
140
148
809
810
817
827
833
834
126
131
133
134
142
144
145
808
816
818
821
822
823
826
829
830
831
836
837
842
120
123
124
127
128
819
828
835
839
841
843
846
117
122
125
143
838
840
844
845
854
118
121
849
850
853
856
857
860
107
115
119
129
847
848
851
852
864
110
112
113
114
855
858
859
862
863
102
105
108
109
111
116
861
865
867
868
870
874
877
96
99
100
101
106
869
872
873
878
866
871
875
876
880
97
98
882
888
87
94
95
103
879
881
884
885
886
89
90
883
890
899
86
88
91
93
104
887
891
895
897
77
82
92
889
893
894
81
83
84
892
896
898
903
76
79
85
901
902
906
914
75
78
80
900
912
69
73
904
907
911
917
67
68
74
913
908
919
920
922
63
64
65
72
910
61
70
915
921
926
927
928
62
905
923
916
918
924
925
936
937
58
59
66
71
909
930
931
934
945
952
929
940
943
53
54
45
55
56
60
933
938
941
48
50
51
932
939
57
944
950
958
43
47
52
935
946
949
49
942
957
40
46
947
955
38
35
951
954
959
960
964
34
37
44
953
956
963
41
42
948
33
36
39
965
29
961
962
971
28
31
966
27
32
967
969
975
24
20
970
972
973
968
983
18
19
10
15
23
17
30
974
977
978
981
9
25
3
989
12
14
16
985
21
22
982
6
11
26
979
986
995
998
976
2
5
13
990
8
987
1
993
0
7
335
690
332
513
331
557
249
814
621
369
575
325
191
379
707
843
735
846
856
496
266
297
706
463
534
555
610
623
761
511
316
853
130
168
447
465
470
568
726
781
197
448
614
216
289
812
455
702
295
430
546
400
187
164
549
194
480
524
625
444
503
223
512
343
429
350
318
636
405
354
221
174
245
877
384
451
261
116
426
489
243
337
415
393
452
481
501
466
264
222
445
573
682
333
520
360
311
630
479
380
255
493
215
189
510
811
402
457
485
522
401
469
227
456
850
205
443
519
533
523
135
310
399
438
863
414
433
472
483
494
515
521
550
563
565
567
586
603
605
641
334
335
344
347
349
351
352
370
390
400
406
411
412
413
424
425
428
432
434
435
442
444
446
450
453
458
460
463
464
474
475
478
489
491
492
495
496
499
506
508
511
512
513
518
528
531
535
537
538
539
540
541
542
546
548
551
552
553
556
557
559
562
566
571
574
575
576
582
583
587
589
591
593
594
595
596
598
600
604
606
607
610
611
612
614
617
618
621
623
629
637
640
646
647
651
652
674
679
690
714
715
720
721
725
743
256
258
277
284
285
287
298
304
308
315
317
318
320
325
327
331
332
338
341
345
354
358
361
364
365
368
369
371
373
374
376
377
378
379
381
384
385
386
388
389
391
394
398
407
408
409
410
416
417
418
420
421
422
426
430
436
437
439
440
447
448
449
451
454
455
461
465
466
467
470
471
473
476
477
484
487
490
493
497
498
500
502
504
505
507
509
510
514
517
519
524
525
526
530
532
533
534
543
544
549
554
555
561
568
569
570
573
577
578
579
581
584
585
588
590
592
599
601
608
609
613
615
616
619
620
625
626
627
628
630
631
632
635
636
639
642
643
644
645
649
650
654
655
658
659
660
662
664
668
669
670
671
673
676
678
680
681
682
683
684
685
686
687
692
693
696
699
700
702
703
704
705
707
712
713
716
717
718
719
723
726
728
732
735
736
737
738
741
742
746
751
234
246
248
249
254
259
261
263
265
266
269
270
273
275
276
278
280
281
282
283
288
289
290
294
295
297
299
300
303
305
306
307
309
311
312
313
316
319
321
322
323
324
326
328
329
337
340
342
343
346
348
350
355
359
360
362
363
366
367
372
375
382
383
387
392
393
395
396
397
399
401
403
404
405
415
419
423
429
431
438
441
443
445
452
456
457
459
462
468
469
479
480
481
482
485
486
488
501
503
516
520
522
523
527
529
536
545
558
560
564
572
580
597
602
622
624
634
638
653
656
657
661
663
665
666
667
672
675
677
688
691
698
701
706
710
711
722
724
729
730
731
739
744
745
747
748
749
750
754
755
759
761
769
770
773
777
784
219
221
224
231
236
237
238
240
243
244
245
247
250
251
252
253
255
257
264
267
268
271
274
286
291
292
293
296
301
310
330
333
336
339
353
356
357
380
402
427
547
633
689
694
695
697
708
709
740
753
756
757
758
762
764
765
768
771
775
776
778
779
780
781
785
786
787
790
793
794
193
197
199
200
207
209
212
214
216
217
218
220
222
225
226
228
229
230
232
239
241
242
260
272
279
302
727
733
734
752
760
766
767
774
783
788
789
792
798
801
803
805
183
186
190
191
192
194
196
198
202
203
204
205
210
211
213
215
223
227
235
262
314
648
772
782
791
795
796
799
800
802
170
176
178
179
181
184
187
188
195
201
206
208
233
763
806
807
809
815
820
160
163
165
167
168
171
174
177
180
182
185
189
804
810
811
812
813
814
816
817
825
832
153
158
162
166
169
172
173
175
797
808
818
819
822
823
824
827
828
833
834
147
152
155
159
161
164
829
830
831
836
837
844
137
139
140
146
150
151
154
156
821
826
835
838
839
841
842
846
134
141
149
157
840
843
849
851
860
124
130
132
136
138
142
144
148
845
852
854
855
857
126
131
133
135
145
848
850
853
856
858
861
864
117
120
123
127
128
143
847
859
862
867
868
870
119
122
125
129
863
865
873
874
107
114
118
121
866
869
871
872
877
105
108
109
115
875
876
878
101
106
110
111
112
113
879
880
881
883
884
96
97
102
116
882
885
886
888
890
99
100
891
897
87
103
889
895
899
98
887
892
894
86
93
94
95
104
893
901
77
82
89
90
91
896
898
903
81
83
84
88
904
906
76
79
85
92
900
902
912
914
75
80
907
911
917
915
78
910
913
919
920
65
69
72
73
908
922
67
74
921
926
927
930
68
70
905
923
928
62
63
64
916
918
924
936
61
66
909
925
937
71
929
931
934
940
943
945
952
58
59
933
938
941
949
939
53
54
932
45
55
56
935
944
950
958
48
50
51
60
942
946
57
947
957
43
47
955
49
52
40
46
960
964
38
951
953
954
959
948
956
963
35
34
37
965
42
44
961
971
33
41
962
36
966
39
975
28
29
31
967
969
970
972
973
983
24
27
32
968
20
974
978
19
977
981
15
18
23
10
989
9
17
30
982
985
25
3
14
16
979
12
21
976
986
995
22
998
6
11
26
990
987
2
5
13
8
993
1
0
7
335
690
814
332
513
557
846
331
621
856
843
575
249
853
369
707
735
191
325
761
379
706
877
496
623
781
555
297
534
266
610
463
726
812
568
130
844
316
861
109
470
153
168
447
465
770
858
860
216
546
702
455
873
805
884
116
295
521
641
137
480
607
636
91
433
472
567
725
871
429
444
506
723
818
849
308
822
62
77
304
494
683
350
453
511
86
354
517
796
867
703
811
684
810
889
531
84
870
543
746
76
381
448
604
611
162
124
460
850
87
243
473
96
107
452
625
816
700
868
910
890
218
337
897
79
80
108
883
614
743
712
852
445
876
777
82
174
785
451
93
817
851
72
135
863
901
134
807
892
891
789
809
879
630
755
97
881
70
194
764
83
147
838
105
140
75
119
289
430
828
524
705
749
197
503
81
101
549
620
866
85
164
187
104
872
114
493
819
71
223
510
533
522
457
799
438
542
65
343
106
915
66
4
335
400
414
512
258
261
264
277
311
318
332
334
344
347
349
351
352
370
379
384
390
406
412
413
425
426
428
433
434
435
442
444
446
458
466
483
489
515
221
222
245
246
248
249
255
256
259
265
266
269
278
280
281
282
284
285
287
294
295
297
298
300
303
304
306
308
310
312
313
315
317
320
325
327
331
338
341
345
346
350
354
358
360
361
364
365
368
369
373
374
376
377
378
380
385
388
389
391
393
394
398
399
401
402
405
407
408
410
411
415
416
418
420
422
424
432
436
437
439
440
443
448
450
451
454
455
456
461
463
464
469
470
472
474
475
478
479
481
485
487
491
492
494
495
496
499
500
501
504
506
508
511
513
518
519
520
521
523
528
535
538
539
541
550
553
557
559
563
565
566
573
575
586
593
594
596
598
603
605
640
690
205
219
224
227
231
234
236
237
238
240
243
244
247
250
251
252
253
254
263
267
268
270
271
273
275
276
283
286
288
289
290
291
292
296
299
301
305
307
309
316
319
321
322
323
324
326
328
329
333
337
340
342
348
353
355
359
362
363
366
367
371
372
375
381
382
383
386
387
392
395
396
397
403
404
409
417
419
421
423
429
430
431
438
445
447
449
452
453
457
459
460
462
465
467
471
476
477
480
484
486
490
493
497
498
502
505
507
509
510
514
524
525
526
532
533
534
537
540
544
546
548
549
551
552
555
556
561
562
567
568
570
571
574
576
577
582
583
587
588
589
590
591
595
600
604
606
610
612
614
617
618
621
623
629
631
632
637
641
643
646
647
651
652
659
662
674
679
682
699
714
715
717
720
738
192
193
196
197
199
200
204
207
209
212
214
215
216
217
220
225
226
228
229
230
232
239
241
257
260
272
274
279
293
302
330
336
339
343
356
357
427
441
468
473
482
488
503
516
517
522
527
529
530
531
542
543
545
554
558
564
569
572
578
579
580
581
584
585
592
597
599
601
607
608
609
611
613
615
616
619
625
626
627
628
630
635
636
639
642
644
645
649
650
654
655
658
660
661
664
668
669
670
671
673
676
678
680
681
683
685
686
687
688
692
693
696
702
703
704
706
707
716
718
719
721
725
726
728
729
735
741
742
181
183
186
190
191
194
198
202
203
210
211
213
218
223
235
242
262
536
547
560
602
620
622
624
634
653
656
657
663
665
666
667
672
675
677
684
691
697
698
700
701
708
710
711
712
713
722
723
724
730
731
732
736
737
739
740
743
745
747
748
750
751
754
761
784
165
168
170
174
176
178
179
184
185
187
188
189
195
201
206
208
233
314
633
638
689
694
695
705
709
744
746
753
757
758
759
762
765
768
769
773
776
780
781
787
158
160
163
167
171
172
175
177
180
182
727
733
734
749
752
755
756
764
766
767
770
771
775
777
778
779
786
790
793
794
166
169
173
648
760
772
774
782
783
785
788
792
795
798
800
801
803
150
151
152
153
155
159
161
162
164
763
789
791
796
802
805
139
141
146
147
149
154
156
804
806
812
815
820
130
132
136
137
140
148
157
797
799
807
811
813
814
824
825
832
834
126
133
134
135
138
142
144
809
810
817
823
827
833
120
124
127
128
131
145
808
816
818
821
822
826
828
829
830
831
836
837
839
842
117
122
123
125
129
143
819
835
841
843
844
846
118
121
840
845
849
854
115
119
838
848
850
853
855
856
857
860
864
107
109
110
113
847
851
852
858
105
111
112
114
116
859
861
862
863
100
101
102
108
865
867
868
870
874
877
96
99
103
106
869
873
878
97
98
871
872
875
876
880
882
87
866
885
888
89
94
95
879
881
884
886
88
90
91
93
104
883
890
899
77
82
86
92
887
891
894
895
897
81
83
84
889
893
898
76
85
892
896
903
79
900
901
902
904
906
914
69
75
78
80
912
67
73
74
907
911
917
68
913
920
64
72
908
919
922
61
63
65
910
926
927
62
70
915
921
928
930
905
916
923
58
59
918
924
925
936
937
66
71
909
929
931
934
940
945
952
943
45
53
54
56
938
949
48
55
60
933
941
50
51
57
932
939
43
944
950
958
47
49
52
935
946
40
46
942
947
957
38
955
35
34
951
954
959
960
964
37
44
953
956
963
33
41
42
948
36
965
29
39
28
31
961
962
971
966
32
24
27
967
975
969
20
970
972
973
19
968
983
15
18
23
10
17
974
9
30
977
978
981
25
3
14
16
989
12
21
22
982
985
6
11
26
979
986
995
998
976
2
5
13
990
8
987
1
4
993
0
7
335
690
332
513
331
557
249
369
814
621
191
325
575
379
707
843
846
735
856
297
496
266
463
706
555
534
610
761
316
623
853
130
470
168
465
447
568
726
781
216
399
455
310
469
702
295
400
812
546
444
429
480
318
227
350
512
261
245
354
636
221
243
877
116
384
452
426
405
489
337
415
445
501
481
393
264
466
360
448
222
333
573
682
511
189
215
311
520
174
451
255
380
109
479
401
519
811
402
485
456
91
443
135
205
861
523
770
625
153
850
858
630
533
194
438
414
472
483
521
565
614
335
344
347
349
400
412
425
433
434
435
442
446
450
458
492
493
494
495
506
512
515
518
524
528
535
539
541
542
549
550
553
559
562
563
566
567
574
582
586
593
594
596
598
603
604
605
606
607
617
640
641
647
651
674
690
715
289
304
308
320
325
332
334
345
351
352
358
361
364
365
368
369
370
374
376
377
378
379
381
388
390
391
398
406
408
410
411
413
416
418
422
424
426
428
430
432
437
439
440
444
447
453
454
455
457
460
461
463
464
465
467
470
473
474
475
478
484
487
489
490
491
496
497
498
499
500
502
503
504
507
508
509
510
511
513
514
517
522
525
526
531
532
534
537
538
540
543
544
546
548
551
552
555
556
557
561
568
569
570
571
575
576
578
581
583
587
588
589
590
591
595
600
601
609
610
611
612
615
618
619
620
621
623
626
627
629
631
632
637
642
643
646
652
654
659
662
673
679
683
684
692
693
696
699
700
703
707
714
717
720
721
723
725
726
735
738
743
246
248
256
258
259
261
265
266
269
277
278
280
281
282
284
285
287
288
294
295
297
298
299
300
303
306
312
313
315
316
317
318
319
322
323
327
331
338
340
341
342
343
346
348
350
354
355
359
360
362
366
367
371
372
373
375
382
383
384
385
386
387
389
392
394
395
396
397
399
403
404
407
409
415
417
419
420
421
423
429
431
436
445
448
449
451
452
456
459
462
466
469
471
476
477
480
481
482
485
486
501
505
519
520
523
527
529
530
533
545
554
558
560
564
572
573
577
579
580
584
585
592
597
599
608
613
616
625
628
630
635
636
639
644
645
649
650
655
657
658
660
661
663
664
665
668
669
670
671
672
675
676
678
680
681
682
685
686
687
688
701
702
704
705
706
712
713
716
718
719
724
728
729
730
731
732
736
737
739
741
742
745
746
748
751
769
784
197
219
224
231
234
237
238
240
244
245
247
249
250
251
252
254
263
264
267
268
270
271
273
275
276
283
286
290
291
292
296
301
305
307
309
310
311
321
324
326
328
329
330
333
336
337
339
353
356
357
363
380
393
401
402
405
427
438
441
443
468
479
488
516
536
547
602
622
624
633
634
638
653
656
666
667
677
689
691
694
697
698
708
710
711
722
740
744
747
749
750
754
755
757
758
759
761
762
764
768
773
777
780
781
785
787
793
199
200
221
222
223
225
227
228
229
230
232
236
239
241
243
253
255
257
260
272
274
279
293
302
695
709
733
752
753
756
765
766
767
770
771
775
776
778
779
786
788
789
790
794
798
805
186
187
190
191
192
193
196
198
202
203
204
205
207
209
210
212
214
216
217
218
220
226
235
242
262
648
727
734
760
772
774
782
783
792
795
796
800
801
803
176
178
179
181
183
184
194
195
206
208
211
213
215
314
791
799
802
806
807
160
165
168
170
171
174
180
185
188
201
233
763
804
809
812
813
814
815
817
820
825
158
162
163
164
167
172
173
175
177
182
189
797
810
811
816
818
822
824
827
832
834
166
169
808
819
823
828
830
831
833
137
147
150
151
152
153
155
159
161
821
826
829
836
837
838
839
844
139
140
141
146
149
154
156
835
841
842
843
846
849
124
130
132
134
136
144
148
157
840
845
851
852
854
860
126
133
135
138
142
848
855
857
863
120
127
128
131
145
847
850
853
856
864
868
117
119
122
123
125
129
143
859
861
862
865
867
870
107
114
118
121
858
866
869
871
873
874
877
105
115
872
876
878
101
108
113
875
881
884
96
102
106
109
110
111
112
116
879
880
882
883
888
890
97
100
885
886
891
897
99
103
87
98
887
889
892
895
899
104
893
894
901
82
86
89
93
94
95
896
898
903
77
81
88
90
904
83
84
85
91
900
902
906
914
75
76
79
92
907
911
912
80
917
913
915
920
69
78
908
910
919
922
65
67
72
73
74
926
927
930
68
70
905
921
923
928
62
64
916
924
61
63
66
918
925
936
937
71
909
929
931
934
940
945
952
943
58
59
938
941
949
933
932
939
45
53
54
55
935
944
950
958
56
60
48
50
51
942
946
957
57
947
955
43
47
49
52
40
960
38
46
951
954
959
964
953
963
948
956
34
35
37
44
965
33
41
42
961
962
971
36
966
39
29
31
967
975
28
969
4
970
972
973
27
32
968
983
24
20
974
978
981
18
19
977
15
23
989
9
10
17
30
985
25
982
3
14
16
979
986
995
12
21
22
976
998
6
11
26
990
987
2
5
13
8
993
1
0
7
335
690
814
513
332
557
331
846
856
621
843
249
575
369
707
853
735
325
191
379
761
706
877
496
781
623
555
297
534
610
266
463
812
726
568
614
493
860
863
130
316
470
447
465
844
168
197
216
702
546
549
805
457
522
884
455
873
289
641
116
164
295
521
524
433
480
567
187
503
636
867
430
444
137
472
607
871
343
429
725
822
849
223
506
889
350
494
818
354
77
723
870
304
453
683
746
811
87
308
531
703
796
162
868
517
684
243
611
883
910
79
86
107
460
543
452
604
810
850
890
62
76
109
337
817
852
897
901
96
218
445
91
473
510
816
381
700
785
876
743
777
879
712
114
84
93
469
851
399
861
75
511
891
310
83
809
124
72
755
448
104
147
892
134
135
838
881
108
789
227
101
705
80
749
140
764
82
85
807
70
451
71
904
103
828
97
620
866
174
119
770
542
625
81
819
915
799
930
105
980
984
106
65
949
66
855
129
927
335
400
414
483
512
258
261
264
277
311
318
332
334
344
347
349
351
352
370
379
384
390
406
411
412
413
424
425
426
428
433
434
435
438
442
444
446
450
458
463
466
472
475
489
515
519
533
550
563
565
586
605
221
222
245
246
248
249
255
256
259
265
266
269
278
280
281
282
284
285
287
289
294
295
297
298
300
303
304
306
308
312
313
315
317
320
325
327
331
338
341
345
346
350
354
358
360
361
364
365
368
369
371
373
374
376
377
378
380
385
388
389
391
393
394
398
401
402
405
407
408
409
410
415
416
417
418
420
422
430
432
436
437
439
440
443
445
447
448
451
454
455
456
457
461
464
465
467
470
471
474
478
479
481
484
485
487
490
491
492
493
494
495
496
497
498
499
500
501
504
506
508
509
510
511
513
514
518
520
521
523
525
528
532
534
535
537
538
539
540
541
546
548
549
551
552
553
555
556
557
559
561
562
566
567
573
574
575
576
582
587
589
591
593
594
596
598
603
606
610
612
614
617
621
629
630
637
640
641
647
651
674
690
715
720
205
219
224
231
234
236
237
238
240
244
247
250
251
252
253
254
263
267
268
270
271
273
275
276
283
286
288
290
292
296
299
301
305
307
309
310
316
319
321
322
323
324
326
328
329
333
337
340
342
343
348
353
355
359
362
363
366
367
372
375
381
382
383
386
387
392
395
396
397
399
403
404
419
421
423
429
431
449
452
453
459
460
462
469
473
476
477
480
482
486
502
503
505
507
517
522
524
526
529
530
531
542
543
544
554
558
568
569
570
571
577
578
579
581
583
584
588
590
595
599
600
601
604
607
608
609
615
618
619
623
626
627
631
632
636
642
643
645
646
649
650
652
654
659
662
669
671
673
676
678
679
682
685
687
692
693
696
699
702
707
714
717
721
726
735
738
193
194
197
199
200
207
209
214
215
216
217
220
225
226
227
228
229
230
232
239
241
243
257
260
272
274
279
291
293
302
330
336
339
356
357
427
441
468
488
516
527
536
545
560
564
572
580
585
592
597
602
611
613
616
622
624
625
628
634
635
639
644
655
657
658
660
661
664
665
667
668
670
672
675
680
681
683
684
686
688
701
703
704
706
713
716
718
719
724
725
728
729
730
731
732
736
741
742
751
183
186
190
191
192
196
198
202
203
204
210
211
212
213
218
223
235
242
262
547
620
633
638
653
656
663
666
677
689
691
694
697
698
700
708
710
711
712
722
723
737
739
740
743
744
745
746
747
748
750
754
758
759
761
769
784
168
170
176
178
179
181
184
187
189
195
201
206
208
233
314
695
705
709
749
752
753
756
757
762
765
768
771
773
776
778
780
781
786
787
793
794
158
160
163
165
167
171
172
174
177
180
182
185
188
648
727
733
734
755
764
766
767
770
774
775
777
779
783
785
788
790
798
801
803
153
164
166
169
173
175
760
772
782
791
792
795
800
802
805
150
152
155
159
161
162
763
789
796
806
815
820
139
141
146
151
154
156
797
804
812
813
814
825
130
132
136
137
140
147
149
157
799
807
809
810
811
817
824
827
832
833
834
126
133
135
138
142
144
148
808
816
818
822
823
829
830
831
836
837
120
124
127
128
131
134
145
819
821
826
828
835
839
841
842
846
117
122
123
125
143
843
844
845
118
121
838
840
849
850
853
854
857
119
848
851
852
856
858
860
864
107
113
114
115
129
847
855
859
863
105
109
110
111
112
116
861
862
865
867
870
874
100
101
102
108
868
869
872
877
878
96
99
106
871
873
875
97
98
866
876
880
882
888
87
103
881
884
885
886
89
94
95
879
883
890
88
90
104
887
897
899
86
91
92
93
889
891
893
894
895
77
82
83
84
892
898
903
76
81
85
896
901
906
79
900
902
914
69
75
78
80
904
907
911
912
67
73
74
917
68
913
920
64
72
908
919
922
61
63
65
910
915
921
926
928
62
70
905
923
916
918
924
58
66
71
925
930
936
937
952
59
909
927
929
931
934
940
943
945
53
45
54
55
56
933
938
941
48
50
60
939
51
57
932
958
43
935
944
949
950
47
49
52
942
946
957
40
46
947
955
38
35
951
960
964
34
953
954
959
37
42
44
948
956
963
33
41
36
965
29
39
961
971
28
31
962
966
32
967
975
24
27
969
972
973
20
968
970
983
18
19
10
15
23
17
974
978
980
981
9
30
977
25
989
3
12
14
16
985
21
22
982
6
11
984
26
979
986
995
976
998
2
5
13
990
4
987
8
1
993
0
7
335
690
332
513
331
557
249
814
369
621
575
191
325
379
707
843
846
735
856
496
297
706
266
623
463
533
555
610
534
761
853
130
316
568
630
781
438
470
726
168
447
465
455
812
216
546
295
702
400
194
480
444
429
318
350
512
636
153
261
354
243
877
245
489
221
405
116
452
337
384
426
493
445
481
501
415
522
264
393
573
457
466
360
858
682
222
333
520
811
448
311
519
614
215
189
135
479
255
511
91
485
523
380
197
109
401
510
402
456
863
187
443
430
524
289
451
850
469
205
503
399
223
164
549
310
625
343
227
174
414
472
483
521
565
335
344
347
425
433
434
435
442
446
458
492
494
506
512
515
518
528
535
539
540
541
542
550
553
559
562
563
566
567
574
582
586
593
594
596
598
603
604
605
606
607
617
640
641
647
651
674
690
715
304
332
334
345
349
351
352
361
364
365
368
369
370
374
376
379
381
390
391
398
400
406
408
411
412
413
416
418
424
428
432
437
439
440
444
450
453
454
455
460
461
463
464
470
473
474
475
478
484
487
489
490
491
493
495
496
497
498
499
500
502
504
507
508
509
511
513
514
517
525
526
531
532
533
534
537
538
543
544
546
548
551
552
555
556
557
561
568
570
571
575
576
578
581
583
587
588
589
590
591
595
600
609
610
611
612
614
615
618
619
620
621
623
626
627
629
630
631
632
637
642
643
646
652
654
659
662
673
679
683
684
692
696
699
714
717
720
721
725
735
738
743
256
258
261
269
277
281
282
284
285
287
294
295
297
298
303
308
312
313
315
316
317
318
320
322
323
325
327
331
338
341
342
346
348
350
354
355
358
359
362
366
367
371
372
373
375
377
378
382
383
384
385
386
387
388
389
392
394
395
396
397
403
404
407
409
410
415
417
419
420
421
422
423
426
429
430
431
436
438
445
447
448
449
451
452
456
457
459
462
465
466
467
471
476
477
480
481
485
486
501
505
510
516
519
520
522
523
524
527
529
530
545
549
554
558
560
564
569
573
577
579
580
584
585
592
597
599
601
602
608
613
616
622
625
628
635
636
639
644
645
649
650
655
657
658
660
661
663
664
665
668
669
670
671
672
675
676
678
680
681
682
685
686
687
688
693
700
702
703
704
705
706
707
712
713
716
718
719
723
724
726
728
729
732
736
737
739
741
742
746
748
751
234
245
246
248
249
254
259
263
264
265
266
268
270
273
275
276
278
280
283
288
289
290
292
296
299
300
301
305
306
307
309
311
319
321
324
326
328
329
330
336
337
340
343
353
356
360
363
380
393
399
401
402
405
427
441
443
468
469
479
482
488
503
536
547
572
624
633
634
638
653
656
666
667
677
689
691
697
698
701
708
710
711
722
730
731
740
744
745
747
749
750
754
755
757
758
759
761
762
769
770
773
777
781
784
219
221
222
224
229
231
236
237
238
240
241
243
244
247
250
251
252
253
255
257
260
267
271
274
279
286
291
293
302
310
333
339
357
694
695
709
753
756
764
765
766
767
768
771
775
776
778
779
780
785
786
787
790
793
794
193
197
199
200
207
209
212
214
216
217
218
220
225
226
228
230
232
239
242
272
648
727
733
734
752
760
774
783
788
789
792
795
798
801
803
805
183
186
190
191
192
194
196
198
202
203
204
205
210
211
213
215
223
227
235
262
314
772
782
791
796
799
800
802
176
178
179
181
184
195
201
206
208
233
763
806
807
815
820
160
163
165
167
168
170
171
174
177
180
182
185
187
188
189
804
809
810
811
812
813
814
817
825
158
162
169
172
173
175
797
816
818
819
822
824
827
828
832
833
834
147
153
155
161
164
166
808
823
829
830
831
836
137
140
150
151
152
156
159
821
826
837
838
839
842
844
134
139
141
146
149
154
835
841
843
846
849
124
130
132
136
144
148
157
840
845
851
852
854
860
126
133
135
138
142
848
850
855
857
861
120
127
128
131
145
847
853
856
864
868
117
119
122
123
125
129
143
858
859
862
863
865
867
870
114
118
121
866
873
874
105
107
869
871
872
876
877
101
108
113
115
875
878
881
106
110
111
112
116
879
880
882
883
884
96
97
102
109
885
886
888
890
99
100
103
891
897
98
889
892
895
87
104
887
894
899
86
93
94
95
893
901
77
81
82
89
90
896
898
903
83
84
85
88
904
906
76
79
91
92
900
902
912
914
75
80
907
911
915
917
910
913
920
65
69
72
73
78
908
919
922
67
74
926
68
70
905
921
923
927
928
930
62
64
916
924
61
63
66
909
918
925
936
937
71
929
931
934
940
945
943
952
58
59
938
941
933
949
939
45
53
54
55
56
932
944
958
60
935
950
48
50
51
942
946
43
57
947
955
957
47
49
52
40
980
38
46
959
960
964
951
953
954
948
956
963
34
35
984
37
44
33
41
42
965
971
36
961
962
966
29
31
39
28
967
975
969
32
970
972
973
24
27
968
983
20
19
974
978
981
15
18
23
977
10
9
17
30
985
989
25
982
3
14
16
12
21
979
995
22
976
986
998
6
11
26
990
5
987
2
13
8
1
4
993
0
7
335
690
814
513
332
557
331
846
621
843
856
575
249
707
369
735
325
191
379
706
761
496
853
623
781
610
534
555
877
266
297
463
726
812
568
316
844
770
130
447
470
168
465
546
702
860
216
861
455
641
805
295
480
636
433
444
521
567
472
116
607
873
429
725
533
811
884
350
354
494
506
723
822
871
849
137
630
304
308
746
796
453
870
531
703
438
517
243
683
818
867
77
611
684
816
850
337
452
604
810
460
889
162
381
445
543
700
743
868
473
897
62
76
96
712
86
777
852
863
218
883
876
851
910
91
140
785
890
84
107
807
809
789
135
817
83
109
448
124
147
858
194
755
493
511
522
749
79
879
764
901
705
838
119
457
799
82
542
87
72
81
101
114
891
134
866
620
819
93
625
892
451
881
85
108
828
510
97
70
75
104
153
80
872
915
614
904
469
71
106
