257.8
257.9
257.9
257.9
257.9
257.9
257.9
257.9
258.0
258.0
258.0
258.0
258.0
258.0
258.0
258.0
258.0
258.0
258.0
258.0
258.1
258.1
258.1
258.1
258.1
258.1
258.1
258.2
258.2
258.2
258.2
258.2
258.3
258.3
258.3
258.4
258.4
258.5
258.5
258.5
258.6
258.6
258.6
258.6
258.6
258.6
258.6
258.6
258.7
258.7
258.8
258.8
258.8
258.9
258.9
258.9
258.9
259.0
259.0
259.0
259.0
259.1
259.1
259.1
259.2
259.4
259.4
259.5
259.5
259.6
259.7
259.8
259.8
259.9
260.0
260.0
260.1
260.1
260.2
260.4
260.5
260.6
260.7
260.8
260.8
260.9
261.0
261.2
261.3
262.1
262.1
262.1
262.7
262.9
262.9
262.9
263.0
263.0
263.0
263.1
263.1
263.1
263.2
263.2
263.2
263.3
263.3
263.3
263.3
263.3
263.4
263.4
263.4
263.4
263.5
263.5
263.5
263.5
263.5
263.5
263.5
263.5
263.6
263.6
263.6
263.6
263.6
263.6
263.6
263.7
263.7
263.7
263.8
263.8
263.8
263.8
263.8
263.8
263.9
263.9
263.9
263.9
263.9
264.0
264.0
264.0
264.1
264.1
264.1
264.1
264.2
264.3
264.3
264.3
264.4
264.4
264.5
264.7
264.7
264.7
264.7
264.7
264.8
264.8
264.9
264.9
264.9
264.9
265.0
265.1
265.2
265.3
265.3
265.4
265.5
265.6
265.8
266.0
266.2
266.2
266.3
266.6
266.7
266.7
266.7
266.7
267.4
267.5
268.3
269.0
269.2
269.3
269.7
269.7
269.8
270.0
270.1
270.2
270.2
270.3
270.4
270.4
270.4
270.5
270.6
270.7
270.7
270.7
270.8
270.9
270.9
270.9
271.0
271.0
271.1
271.1
271.1
271.2
271.2
271.2
271.3
271.3
271.3
271.4
271.5
271.6
271.6
271.6
271.6
271.6
271.7
271.7
271.8
271.8
271.9
271.9
272.0
272.0
272.0
272.0
272.0
272.2
272.2
272.3
272.3
272.3
272.3
272.4
272.4
272.5
272.5
272.5
272.6
272.6
272.7
272.8
272.8
272.9
273.0
273.0
273.0
273.1
273.1
273.1
273.4
273.4
273.4
273.5
273.5
273.6
273.6
273.6
273.7
273.9
273.9
274.0
274.3
274.5
274.5
274.6
274.9
275.0
275.3
275.3
275.5
275.9
277.1
277.8
278.5
278.8
280.7
281.6
284.9
290.2
293.1
293.2
298.2
300.8
303.7
429.1
429.1
429.1
429.1
429.1
429.1
429.2
429.2
429.2
429.2
429.2
429.2
429.2
429.2
429.2
429.2
429.2
429.3
429.3
429.3
429.3
429.3
429.3
429.4
429.4
429.4
429.4
429.4
429.4
429.4
429.4
429.4
429.5
429.5
429.5
429.5
429.5
429.5
429.6
429.6
429.6
429.6
429.6
429.6
429.7
429.7
429.7
429.7
429.8
429.8
429.8
429.8
429.9
429.9
429.9
429.9
429.9
430.0
430.0
430.1
430.2
430.2
430.3
430.3
430.4
430.4
430.5
430.6
430.6
430.7
430.7
430.9
431.0
431.0
431.0
431.2
431.3
431.6
431.7
431.7
431.9
431.9
432.0
432.0
432.1
432.2
432.4
432.7
433.1
433.6
433.9
434.0
434.0
434.0
434.1
434.1
434.1
434.1
434.2
434.3
434.3
434.4
434.4
434.4
434.4
434.5
434.5
434.5
434.5
434.5
434.5
434.5
434.5
434.6
434.6
434.6
434.6
434.6
434.6
434.7
434.7
434.7
434.7
434.7
434.7
434.7
434.8
434.8
434.8
434.8
434.8
434.8
434.8
434.9
434.9
434.9
434.9
434.9
434.9
434.9
434.9
435.0
435.0
435.1
435.2
435.2
435.2
435.3
435.3
435.3
435.3
435.4
435.5
435.7
435.8
435.8
435.8
435.9
436.0
436.0
436.2
436.2
436.3
436.4
436.6
436.7
436.7
436.7
437.1
437.2
437.3
437.4
437.4
437.5
437.5
437.7
438.1
438.2
438.3
438.5
438.7
438.7
438.7
439.0
439.3
439.8
439.8
440.5
440.7
441.0
441.1
441.3
441.3
441.4
441.5
441.5
441.7
441.7
441.9
441.9
441.9
441.9
442.0
442.0
442.0
442.1
442.1
442.2
442.2
442.2
442.3
442.3
442.3
442.3
442.7
442.7
442.7
442.8
442.8
442.9
442.9
442.9
443.0
443.0
443.0
443.1
443.1
443.2
443.2
443.2
443.3
443.6
443.6
443.6
443.6
443.7
443.7
443.7
443.8
443.8
444.0
444.0
444.1
444.1
444.1
444.2
444.2
444.2
444.3
444.3
444.5
444.6
444.6
444.7
444.9
444.9
444.9
445.0
445.0
445.3
445.7
445.7
445.8
445.9
445.9
445.9
446.0
446.4
446.9
447.6
447.8
448.1
448.3
450.5
451.0
451.1
451.3
454.0
454.6
456.6
460.0
469.2
471.1
484.2
568.7
568.7
568.8
568.8
568.8
568.8
568.8
568.8
568.8
568.8
568.8
568.9
568.9
568.9
568.9
568.9
568.9
568.9
568.9
568.9
569.0
569.0
569.0
569.0
569.0
569.0
569.1
569.1
569.1
569.1
569.1
569.1
569.2
569.3
569.3
569.3
569.4
569.4
569.4
569.4
569.5
569.5
569.5
569.5
569.5
569.5
569.6
569.6
569.6
569.6
569.6
569.6
569.6
569.6
569.7
569.7
569.7
569.7
569.8
569.8
569.8
569.9
569.9
570.0
570.2
570.2
570.2
570.3
570.3
570.3
570.5
570.6
570.7
570.7
570.7
570.9
571.1
571.2
571.4
571.6
571.7
571.7
571.8
571.8
571.9
572.1
572.3
573.0
573.1
573.2
573.3
573.3
573.4
573.5
573.5
573.5
573.5
573.6
573.7
573.7
573.7
573.7
573.7
573.8
573.8
573.8
573.8
573.8
573.8
573.8
573.8
573.9
573.9
573.9
573.9
574.0
574.0
574.0
574.0
574.0
574.0
574.0
574.0
574.1
574.1
574.1
574.1
574.2
574.2
574.2
574.2
574.3
574.3
574.3
574.3
574.3
574.3
574.4
574.4
574.4
574.4
574.4
574.4
574.5
574.5
574.6
574.6
574.6
574.7
574.7
574.7
574.8
574.8
575.2
575.2
575.3
575.4
575.4
575.5
575.6
575.7
575.8
575.9
575.9
576.0
576.2
576.2
576.2
576.5
576.6
576.7
576.7
577.2
577.3
577.8
577.8
577.9
578.0
578.2
578.3
578.3
578.5
578.7
579.4
579.7
579.7
579.7
580.2
580.4
580.5
580.8
580.8
581.0
581.0
581.1
581.1
581.2
581.3
581.3
581.3
581.4
581.5
581.5
581.5
581.6
581.6
581.6
581.6
581.6
581.6
581.8
581.8
581.9
581.9
582.0
582.1
582.1
582.1
582.1
582.1
582.2
582.2
582.2
582.3
582.3
582.4
582.5
582.5
582.6
582.6
582.6
582.7
582.7
582.8
582.8
582.8
582.8
582.9
582.9
583.0
583.0
583.0
583.0
583.0
583.1
583.2
583.2
583.3
583.4
583.4
583.4
583.5
583.6
583.7
583.8
583.9
583.9
584.0
584.1
584.1
584.1
584.2
584.3
584.5
584.8
584.9
585.0
585.0
585.4
585.4
585.7
586.1
586.2
586.3
586.5
586.6
587.1
587.2
587.6
588.8
589.8
589.8
589.8
590.4
590.8
590.9
591.2
591.4
592.1
594.3
595.3
595.3
597.0
597.1
597.9
598.5
599.7
600.9
601.1
601.2
601.9
602.6
602.7
602.9
602.9
605.6
609.8
612.6
613.2
613.9
614.2
622.9
630.0
710.8
710.9
710.9
710.9
711.0
711.0
711.0
711.0
711.0
711.0
711.0
711.0
711.0
711.1
711.1
711.1
711.1
711.1
711.1
711.1
711.1
711.1
711.1
711.1
711.2
711.2
711.2
711.2
711.2
711.2
711.2
711.2
711.3
711.3
711.3
711.3
711.4
711.4
711.4
711.4
711.4
711.5
711.5
711.5
711.5
711.6
711.7
711.7
711.7
711.8
711.8
711.8
711.8
711.8
711.9
711.9
712.0
712.0
712.0
712.0
712.1
712.1
712.1
712.2
712.3
712.4
712.6
712.7
712.7
712.7
712.8
713.1
713.1
713.2
713.2
713.2
713.4
713.5
713.5
713.7
713.8
713.8
714.0
714.0
714.0
714.1
714.4
714.4
714.5
715.2
715.2
715.2
715.2
715.3
715.4
715.4
715.5
715.5
715.6
715.6
715.6
715.7
715.7
715.7
715.7
715.7
715.8
715.8
715.8
715.8
715.8
715.9
715.9
715.9
715.9
715.9
715.9
715.9
715.9
715.9
715.9
715.9
715.9
716.0
716.0
716.0
716.0
716.0
716.0
716.1
716.1
716.2
716.2
716.2
716.2
716.2
716.3
716.3
716.3
716.3
716.3
716.4
716.4
716.4
716.4
716.5
716.5
716.6
716.6
716.7
716.8
716.8
716.8
716.9
717.0
717.0
717.0
717.1
717.3
717.3
717.3
717.3
717.3
717.3
717.4
717.4
717.5
717.5
717.6
717.7
717.8
718.0
718.0
718.1
718.1
718.3
718.3
718.5
718.7
719.0
719.0
719.0
719.2
719.3
719.4
719.4
719.9
720.3
720.7
721.4
721.4
721.5
722.1
722.1
722.2
722.4
722.7
722.7
722.8
722.9
722.9
723.0
723.0
723.0
723.2
723.2
723.3
723.3
723.4
723.5
723.5
723.5
723.5
723.5
723.5
723.5
723.5
723.6
723.6
723.6
723.7
723.8
723.8
723.9
723.9
724.0
724.0
724.1
724.2
724.2
724.2
724.2
724.3
724.3
724.3
724.3
724.3
724.3
724.4
724.4
724.4
724.5
724.5
724.6
724.6
724.6
724.6
724.6
724.6
724.7
724.8
724.8
724.9
724.9
724.9
724.9
725.0
725.0
725.0
725.0
725.0
725.1
725.2
725.2
725.3
725.4
725.5
725.5
725.5
725.5
725.5
725.6
725.6
725.7
725.7
725.7
725.9
726.1
726.1
726.1
726.2
726.3
726.3
726.4
727.1
727.5
727.7
728.1
728.9
729.1
729.8
730.6
731.6
735.4
735.5
737.9
738.4
738.8
738.8
738.9
740.1
740.5
741.8
742.1
742.2
742.7
742.7
743.0
743.5
743.7
744.9
744.9
744.9
744.9
745.0
745.0
745.0
745.1
745.1
745.2
745.2
745.2
745.2
745.2
745.2
745.2
745.2
745.2
745.3
745.3
745.3
745.3
745.3
745.3
745.4
745.4
745.4
745.4
745.4
745.5
745.5
745.5
745.5
745.6
745.7
745.8
745.8
745.9
746.0
746.1
746.2
746.2
746.3
746.3
746.4
746.4
746.4
746.5
746.7
746.7
746.8
746.8
746.8
746.8
746.9
747.0
747.0
747.0
747.1
747.1
747.2
747.2
747.3
747.3
747.4
747.5
747.6
747.7
747.8
747.8
748.1
748.1
748.4
748.6
748.7
748.8
748.8
748.8
748.8
748.8
749.3
749.5
749.6
749.6
749.6
749.7
749.8
749.8
749.8
749.9
749.9
749.9
750.0
750.0
750.1
750.1
750.1
750.1
750.1
750.2
750.2
750.2
750.3
750.3
750.3
750.3
750.3
750.3
750.3
750.4
750.4
750.5
750.5
750.5
750.5
750.5
750.5
750.6
750.7
750.8
750.8
750.8
750.9
750.9
751.0
751.0
751.0
751.1
751.2
751.2
751.2
751.2
751.3
751.4
751.4
751.5
751.6
751.6
751.7
751.7
751.7
751.8
751.8
752.0
752.1
752.3
752.4
752.5
752.5
752.6
752.6
752.7
752.8
752.9
752.9
753.0
753.1
753.8
753.9
754.0
754.0
754.1
754.1
754.1
754.6
754.8
754.9
755.4
755.5
755.6
755.7
755.9
755.9
756.0
756.1
756.1
756.1
756.5
756.5
756.6
756.8
756.8
757.0
757.0
757.0
757.0
757.1
757.2
757.3
757.4
757.5
757.5
757.6
757.7
757.8
757.8
757.8
757.9
757.9
757.9
758.0
758.0
758.0
758.0
758.1
758.1
758.1
758.1
758.2
758.3
758.3
758.3
758.3
758.4
758.4
758.5
758.5
758.5
758.6
758.6
758.7
758.8
758.8
758.9
758.9
758.9
758.9
758.9
758.9
759.0
759.0
759.0
759.1
759.2
759.3
759.3
759.4
759.5
759.7
759.7
759.8
759.9
760.2
760.2
760.2
760.2
760.3
760.3
760.6
760.7
760.9
761.2
761.2
761.2
761.3
761.4
761.4
761.5
761.9
762.1
762.5
762.6
762.9
763.1
763.2
763.2
763.9
764.1
764.3
764.3
764.5
765.1
765.6
766.2
766.4
766.6
766.6
767.4
767.6
767.6
767.7
767.7
768.1
768.2
768.9
769.3
769.7
769.8
769.8
770.1
770.2
770.2
770.3
770.5
770.6
770.7
770.9
771.4
771.6
771.6
771.8
771.8
771.8
772.0
772.3
772.5
772.8
773.0
773.1
773.2
773.3
773.4
773.8
773.9
774.0
774.4
774.4
774.5
774.7
774.8
774.9
774.9
775.7
775.8
775.9
776.2
776.5
776.7
776.9
777.3
778.2
778.3
778.6
778.8
779.1
779.2
780.3
780.5
780.6
781.2
781.6
782.0
783.8
784.0
784.5
784.6
785.8
786.7
788.0
790.2
791.0
791.7
792.8
797.4
804.9
806.4
810.8
896.7
896.7
896.7
896.7
896.7
896.7
896.7
896.7
896.7
896.7
896.8
896.8
896.8
896.8
896.8
896.8
896.8
896.8
896.8
896.8
896.8
896.8
896.8
896.8
896.8
896.8
896.8
896.8
896.8
896.8
896.8
896.8
896.8
896.9
896.9
896.9
896.9
896.9
896.9
896.9
896.9
896.9
896.9
896.9
896.9
896.9
896.9
896.9
896.9
897.0
897.0
897.0
897.0
897.0
897.0
897.0
897.1
897.1
897.1
897.1
897.1
897.1
897.2
897.2
897.3
897.3
897.3
897.4
897.4
897.4
897.5
897.5
897.5
897.5
897.6
897.7
897.8
897.8
897.9
897.9
897.9
898.0
898.0
898.2
898.3
898.6
898.7
898.8
899.2
899.2
899.4
899.8
899.9
900.6
900.7
901.1
901.1
901.1
901.1
901.2
901.2
901.2
901.2
901.2
901.3
901.3
901.3
901.3
901.3
901.3
901.3
901.3
901.3
901.4
901.4
901.4
901.4
901.4
901.4
901.4
901.4
901.5
901.5
901.5
901.5
901.5
901.5
901.5
901.5
901.5
901.5
901.6
901.6
901.6
901.6
901.6
901.6
901.6
901.7
901.7
901.7
901.7
901.7
901.7
901.7
901.7
901.7
901.8
901.8
901.8
901.8
901.8
901.8
901.8
901.9
901.9
901.9
901.9
901.9
902.0
902.0
902.0
902.1
902.1
902.1
902.1
902.2
902.2
902.2
902.3
902.3
902.3
902.4
902.5
902.5
902.6
902.6
902.7
902.7
902.8
903.0
903.0
903.1
903.1
903.6
903.6
903.9
904.0
904.4
904.9
905.4
905.6
906.3
907.3
907.5
907.9
908.1
908.2
908.2
908.3
908.3
908.4
908.4
908.4
908.5
908.5
908.5
908.6
908.6
908.6
908.7
908.8
908.8
908.8
908.8
908.9
909.0
909.0
909.1
909.1
909.2
909.2
909.2
909.2
909.2
909.2
909.2
909.2
909.2
909.3
909.3
909.3
909.3
909.3
909.4
909.5
909.5
909.6
909.6
909.6
909.6
909.7
909.7
909.7
909.8
909.8
909.8
909.8
909.8
909.9
909.9
909.9
910.0
910.0
910.0
910.0
910.0
910.1
910.1
910.2
910.2
910.2
910.2
910.3
910.3
910.3
910.4
910.4
910.5
910.5
910.5
910.6
910.7
910.7
910.7
910.7
910.8
910.8
910.9
911.0
911.3
911.5
911.6
911.7
911.9
912.0
912.1
912.5
912.7
913.0
914.1
917.3
918.1
919.6
920.2
931.1
932.1
935.8
936.4
936.7
938.8
938.8
938.8
938.8
938.8
938.8
938.8
938.9
938.9
938.9
938.9
938.9
938.9
938.9
938.9
938.9
938.9
938.9
938.9
938.9
938.9
938.9
938.9
938.9
938.9
938.9
938.9
939.0
939.0
939.0
939.0
939.0
939.0
939.0
939.0
939.0
939.0
939.0
939.0
939.0
939.0
939.0
939.0
939.0
939.0
939.0
939.0
939.0
939.0
939.0
939.1
939.1
939.1
939.1
939.1
939.1
939.1
939.1
939.1
939.1
939.1
939.1
939.1
939.1
939.1
939.2
939.2
939.2
939.2
939.2
939.2
939.3
939.3
939.4
939.4
939.4
939.5
939.5
939.5
939.5
939.6
939.6
939.7
939.7
940.0
940.0
940.0
940.1
940.3
940.4
940.7
940.8
940.9
941.0
941.2
941.3
941.4
942.9
943.2
943.2
943.2
943.2
943.2
943.2
943.3
943.3
943.3
943.3
943.3
943.3
943.3
943.3
943.4
943.4
943.4
943.4
943.4
943.4
943.4
943.4
943.5
943.5
943.5
943.5
943.5
943.6
943.6
943.6
943.6
943.6
943.6
943.6
943.6
943.6
943.6
943.6
943.7
943.7
943.7
943.7
943.7
943.7
943.7
943.7
943.8
943.8
943.8
943.8
943.8
943.8
943.8
943.8
943.8
943.8
943.8
943.9
943.9
943.9
943.9
943.9
943.9
943.9
944.0
944.0
944.0
944.0
944.0
944.0
944.0
944.0
944.0
944.1
944.1
944.1
944.2
944.2
944.2
944.3
944.3
944.3
944.4
944.5
944.7
944.7
944.8
944.8
944.9
945.1
945.2
945.6
945.9
946.2
946.5
946.7
947.2
947.4
948.0
949.1
949.3
949.8
949.9
949.9
950.0
950.1
950.1
950.1
950.1
950.2
950.2
950.2
950.2
950.2
950.3
950.3
950.4
950.5
950.5
950.5
950.5
950.5
950.5
950.6
950.6
950.7
950.7
950.7
950.8
950.8
950.9
950.9
950.9
950.9
950.9
951.0
951.0
951.1
951.2
951.2
951.2
951.2
951.3
951.3
951.3
951.3
951.4
951.4
951.4
951.4
951.5
951.5
951.6
951.7
951.7
951.8
951.8
951.8
951.9
951.9
951.9
951.9
951.9
951.9
951.9
952.0
952.0
952.0
952.0
952.0
952.1
952.1
952.2
952.2
952.2
952.2
952.2
952.2
952.4
952.5
952.6
952.6
952.6
952.7
952.8
952.8
953.0
953.1
953.2
953.3
953.5
954.1
954.1
955.7
956.2
957.5
958.6
959.1
963.1
971.0
976.5
983.5
999.9
1100.5
1100.6
1100.6
1100.6
1100.6
1100.6
1100.6
1100.6
1100.6
1100.6
1100.6
1100.6
1100.6
1100.6
1100.6
1100.6
1100.6
1100.7
1100.7
1100.7
1100.7
1100.7
1100.7
1100.7
1100.7
1100.7
1100.7
1100.7
1100.7
1100.7
1100.7
1100.7
1100.7
1100.7
1100.7
1100.7
1100.7
1100.7
1100.8
1100.8
1100.8
1100.8
1100.8
1100.8
1100.8
1100.8
1100.8
1100.8
1100.8
1100.8
1100.8
1100.8
1100.8
1100.8
1100.8
1100.9
1100.9
1100.9
1100.9
1100.9
1100.9
1100.9
1101.0
1101.0
1101.0
1101.0
1101.0
1101.0
1101.1
1101.1
1101.1
1101.2
1101.3
1101.3
1101.3
1101.3
1101.4
1101.4
1101.4
1101.5
1101.5
1101.5
1101.6
1101.6
1101.9
1102.0
1102.1
1102.3
1102.4
1102.6
1102.8
1103.1
1103.2
1103.5
1103.5
1104.4
1104.5
1104.5
1104.6
1105.0
1105.0
1105.0
1105.0
1105.0
1105.0
1105.0
1105.1
1105.1
1105.1
1105.1
1105.1
1105.1
1105.1
1105.1
1105.2
1105.2
1105.2
1105.2
1105.2
1105.2
1105.2
1105.3
1105.3
1105.3
1105.3
1105.3
1105.3
1105.3
1105.3
1105.4
1105.4
1105.4
1105.4
1105.4
1105.4
1105.4
1105.4
1105.4
1105.4
1105.4
1105.4
1105.5
1105.5
1105.5
1105.5
1105.5
1105.5
1105.5
1105.5
1105.5
1105.6
1105.6
1105.6
1105.6
1105.6
1105.6
1105.6
1105.6
1105.6
1105.6
1105.7
1105.7
1105.7
1105.7
1105.7
1105.8
1105.8
1105.8
1105.9
1105.9
1105.9
1105.9
1106.0
1106.0
1106.0
1106.1
1106.1
1106.1
1106.2
1106.2
1106.3
1106.4
1106.4
1106.6
1106.8
1107.0
1107.1
1107.4
1107.6
1107.7
1108.3
1108.7
1109.3
1109.3
1109.3
1110.9
1111.1
1111.1
1111.2
1111.7
1111.8
1111.9
1112.0
1112.0
1112.0
1112.0
1112.1
1112.1
1112.1
1112.2
1112.2
1112.2
1112.3
1112.3
1112.3
1112.3
1112.4
1112.4
1112.5
1112.5
1112.5
1112.6
1112.6
1112.6
1112.7
1112.8
1112.8
1112.8
1112.8
1112.9
1112.9
1112.9
1112.9
1113.0
1113.0
1113.0
1113.0
1113.0
1113.0
1113.1
1113.1
1113.1
1113.2
1113.3
1113.3
1113.3
1113.4
1113.5
1113.5
1113.5
1113.5
1113.6
1113.6
1113.6
1113.6
1113.6
1113.6
1113.7
1113.7
1113.7
1113.7
1113.7
1113.7
1113.8
1113.8
1113.9
1113.9
1113.9
1113.9
1113.9
1114.0
1114.0
1114.0
1114.1
1114.2
1114.2
1114.2
1114.3
1114.3
1114.3
1114.4
1114.4
1114.4
1114.4
1114.8
1114.9
1114.9
1115.1
1115.6
1115.8
1115.8
1117.2
1118.0
1120.2
1120.8
1124.9
1125.8
1126.3
1126.5
1142.5
1149.1
1149.1
1149.2
1149.2
1149.2
1149.2
1149.2
1149.2
1149.2
1149.3
1149.3
1149.3
1149.3
1149.3
1149.3
1149.3
1149.3
1149.3
1149.3
1149.3
1149.3
1149.3
1149.3
1149.3
1149.3
1149.3
1149.3
1149.3
1149.3
1149.4
1149.4
1149.4
1149.4
1149.4
1149.4
1149.4
1149.4
1149.4
1149.4
1149.4
1149.4
1149.4
1149.4
1149.4
1149.4
1149.4
1149.4
1149.5
1149.5
1149.5
1149.5
1149.5
1149.5
1149.5
1149.5
1149.5
1149.6
1149.6
1149.6
1149.6
1149.6
1149.6
1149.6
1149.7
1149.7
1149.7
1149.8
1149.8
1149.8
1149.9
1149.9
1149.9
1149.9
1149.9
1150.0
1150.0
1150.1
1150.1
1150.2
1150.3
1150.4
1150.4
1150.5
1150.5
1150.7
1150.7
1150.8
1151.2
1151.2
1151.5
1151.6
1151.9
1152.2
1153.3
1153.3
1153.5
1153.6
1153.7
1153.7
1153.7
1153.7
1153.7
1153.8
1153.8
1153.8
1153.8
1153.8
1153.8
1153.8
1153.9
1153.9
1153.9
1153.9
1153.9
1153.9
1154.0
1154.0
1154.0
1154.0
1154.0
1154.0
1154.0
1154.0
1154.1
1154.1
1154.1
1154.1
1154.1
1154.1
1154.1
1154.1
1154.1
1154.1
1154.1
1154.1
1154.2
1154.2
1154.2
1154.2
1154.2
1154.2
1154.2
1154.3
1154.3
1154.3
1154.3
1154.3
1154.3
1154.3
1154.3
1154.3
1154.4
1154.4
1154.4
1154.4
1154.4
1154.4
1154.5
1154.5
1154.5
1154.5
1154.5
1154.6
1154.6
1154.6
1154.7
1154.7
1154.7
1154.8
1154.8
1154.8
1154.8
1154.8
1154.8
1154.9
1155.0
1155.1
1155.2
1155.2
1155.4
1155.6
1155.7
1155.8
1156.0
1156.2
1156.3
1156.3
1156.7
1156.7
1157.4
1158.0
1158.5
1159.3
1160.3
1160.3
1160.5
1160.6
1160.6
1160.7
1160.8
1160.9
1160.9
1160.9
1160.9
1161.0
1161.0
1161.0
1161.0
1161.1
1161.1
1161.1
1161.2
1161.3
1161.3
1161.3
1161.4
1161.4
1161.4
1161.5
1161.6
1161.6
1161.6
1161.6
1161.6
1161.7
1161.7
1161.8
1161.8
1161.8
1161.9
1161.9
1161.9
1161.9
1162.1
1162.1
1162.1
1162.2
1162.2
1162.2
1162.2
1162.3
1162.3
1162.3
1162.4
1162.4
1162.4
1162.5
1162.5
1162.5
1162.5
1162.5
1162.5
1162.6
1162.6
1162.7
1162.7
1162.7
1162.8
1162.8
1162.8
1162.9
1162.9
1162.9
1163.0
1163.0
1163.0
1163.1
1163.1
1163.2
1163.2
1163.2
1163.2
1163.4
1163.4
1163.5
1163.5
1163.7
1163.7
1164.0
1164.0
1164.4
1164.5
1164.6
1164.7
1164.7
1165.3
1165.9
1166.4
1168.2
1168.7
1170.0
1173.1
1176.8
1182.1
1185.3
1189.1
1189.8
1308.4
1308.4
1308.4
1308.4
1308.5
1308.5
1308.5
1308.5
1308.5
1308.5
1308.5
1308.5
1308.5
1308.5
1308.5
1308.5
1308.5
1308.5
1308.5
1308.5
1308.5
1308.5
1308.5
1308.5
1308.6
1308.6
1308.6
1308.6
1308.6
1308.6
1308.6
1308.6
1308.6
1308.6
1308.6
1308.6
1308.6
1308.6
1308.6
1308.6
1308.6
1308.6
1308.6
1308.6
1308.6
1308.6
1308.6
1308.7
1308.7
1308.7
1308.7
1308.7
1308.7
1308.7
1308.7
1308.7
1308.7
1308.8
1308.8
1308.8
1308.8
1308.8
1308.9
1308.9
1308.9
1308.9
1308.9
1309.0
1309.0
1309.0
1309.1
1309.1
1309.1
1309.1
1309.2
1309.2
1309.3
1309.4
1309.4
1309.4
1309.4
1309.4
1309.5
1309.6
1309.7
1309.9
1310.0
1310.1
1310.4
1310.4
1310.6
1310.9
1311.0
1311.5
1311.5
1312.2
1312.3
1312.3
1312.4
1312.8
1312.8
1312.8
1312.9
1312.9
1312.9
1312.9
1312.9
1312.9
1312.9
1313.0
1313.0
1313.0
1313.0
1313.0
1313.0
1313.0
1313.0
1313.0
1313.1
1313.1
1313.1
1313.1
1313.1
1313.1
1313.2
1313.2
1313.2
1313.2
1313.2
1313.2
1313.2
1313.2
1313.2
1313.2
1313.3
1313.3
1313.3
1313.3
1313.3
1313.3
1313.3
1313.3
1313.3
1313.3
1313.3
1313.4
1313.4
1313.4
1313.4
1313.4
1313.4
1313.4
1313.4
1313.4
1313.5
1313.5
1313.5
1313.5
1313.5
1313.5
1313.6
1313.6
1313.6
1313.6
1313.6
1313.7
1313.7
1313.7
1313.7
1313.8
1313.8
1313.8
1313.9
1313.9
1313.9
1313.9
1314.0
1314.0
1314.0
1314.0
1314.2
1314.3
1314.3
1314.3
1314.6
1314.7
1315.0
1315.0
1315.3
1315.3
1315.9
1316.2
1316.7
1316.9
1317.0
1318.4
1318.5
1318.5
1318.6
1319.5
1319.6
1319.6
1319.7
1319.8
1319.8
1319.9
1319.9
1320.0
1320.0
1320.0
1320.1
1320.1
1320.1
1320.1
1320.1
1320.2
1320.2
1320.2
1320.3
1320.4
1320.4
1320.4
1320.4
1320.4
1320.5
1320.6
1320.6
1320.7
1320.7
1320.7
1320.7
1320.8
1320.8
1320.8
1320.8
1320.8
1320.9
1320.9
1320.9
1321.0
1321.0
1321.0
1321.1
1321.1
1321.1
1321.2
1321.2
1321.2
1321.3
1321.3
1321.4
1321.4
1321.5
1321.5
1321.5
1321.5
1321.5
1321.5
1321.6
1321.6
1321.6
1321.6
1321.6
1321.7
1321.7
1321.7
1321.7
1321.7
1321.7
1321.7
1321.8
1321.9
1321.9
1321.9
1322.0
1322.0
1322.0
1322.0
1322.1
1322.1
1322.1
1322.2
1322.2
1322.2
1322.7
1322.9
1322.9
1323.1
1323.4
1323.4
1323.6
1324.8
1325.3
1328.5
1328.9
1334.8
1335.1
1335.7
1336.4
1359.7
1359.8
1359.8
1359.8
1359.8
1359.8
1359.8
1359.9
1359.9
1359.9
1359.9
1359.9
1359.9
1359.9
1359.9
1359.9
1359.9
1359.9
1359.9
1359.9
1360.0
1360.0
1360.0
1360.0
1360.0
1360.0
1360.0
1360.0
1360.0
1360.0
1360.0
1360.0
1360.1
1360.1
1360.1
1360.1
1360.1
1360.2
1360.2
1360.2
1360.2
1360.2
1360.2
1360.2
1360.2
1360.2
1360.3
1360.3
1360.3
1360.3
1360.3
1360.3
1360.3
1360.3
1360.3
1360.3
1360.3
1360.4
1360.4
1360.4
1360.4
1360.4
1360.5
1360.5
1360.7
1360.7
1360.7
1360.7
1360.7
1360.7
1360.8
1360.9
1361.0
1361.0
1361.0
1361.1
1361.1
1361.2
1361.2
1361.4
1361.5
1361.6
1361.6
1361.7
1361.7
1361.7
1362.0
1362.2
1362.6
1362.8
1363.2
1363.3
1363.4
1364.2
1364.3
1364.4
1364.4
1364.5
1364.5
1364.5
1364.6
1364.6
1364.6
1364.6
1364.6
1364.6
1364.7
1364.7
1364.7
1364.7
1364.7
1364.7
1364.8
1364.8
1364.8
1364.8
1364.8
1364.8
1364.8
1364.8
1364.8
1364.8
1364.8
1364.8
1364.8
1364.8
1364.9
1364.9
1364.9
1364.9
1364.9
1364.9
1364.9
1365.0
1365.0
1365.0
1365.0
1365.0
1365.0
1365.0
1365.0
1365.0
1365.1
1365.1
1365.1
1365.1
1365.2
1365.3
1365.3
1365.3
1365.3
1365.3
1365.3
1365.3
1365.4
1365.4
1365.5
1365.5
1365.6
1365.6
1365.6
1365.7
1365.7
1365.7
1365.7
1365.8
1365.9
1366.0
1366.0
1366.0
1366.2
1366.2
1366.2
1366.3
1366.4
1366.4
1366.6
1366.7
1366.8
1366.8
1366.9
1367.4
1367.5
1367.6
1367.8
1368.0
1368.0
1369.2
1369.5
1370.7
1370.9
1371.1
1371.3
1371.4
1371.6
1371.6
1371.7
1371.9
1371.9
1371.9
1372.0
1372.1
1372.1
1372.1
1372.1
1372.1
1372.1
1372.2
1372.2
1372.2
1372.2
1372.4
1372.4
1372.4
1372.5
1372.5
1372.6
1372.7
1372.7
1372.8
1372.8
1372.9
1372.9
1373.0
1373.0
1373.0
1373.1
1373.1
1373.1
1373.2
1373.2
1373.3
1373.3
1373.3
1373.4
1373.4
1373.4
1373.4
1373.6
1373.6
1373.7
1373.7
1373.7
1373.8
1373.9
1373.9
1373.9
1373.9
1373.9
1374.0
1374.0
1374.0
1374.0
1374.0
1374.1
1374.1
1374.1
1374.4
1374.4
1374.4
1374.5
1374.6
1374.7
1374.7
1374.8
1374.9
1375.0
1375.5
1375.6
1375.6
1375.7
1375.9
1375.9
1376.3
1378.2
1378.3
1378.6
1379.8
1380.4
1381.4
1381.8
1383.8
1386.1
1386.2
1387.1
1390.2
1390.3
1396.8
1408.3
1518.9
1518.9
1518.9
1518.9
1518.9
1519.0
1519.0
1519.0
1519.0
1519.0
1519.0
1519.0
1519.0
1519.0
1519.0
1519.0
1519.0
1519.0
1519.0
1519.0
1519.0
1519.0
1519.0
1519.0
1519.0
1519.0
1519.0
1519.0
1519.0
1519.0
1519.0
1519.0
1519.0
1519.0
1519.0
1519.0
1519.1
1519.1
1519.1
1519.1
1519.1
1519.1
1519.1
1519.1
1519.1
1519.1
1519.1
1519.1
1519.1
1519.1
1519.1
1519.1
1519.1
1519.1
1519.1
1519.1
1519.1
1519.1
1519.2
1519.2
1519.2
1519.2
1519.2
1519.2
1519.2
1519.3
1519.3
1519.3
1519.4
1519.4
1519.4
1519.4
1519.5
1519.5
1519.5
1519.6
1519.6
1519.7
1519.7
1519.7
1519.8
1519.8
1519.8
1520.0
1520.0
1520.2
1520.3
1520.4
1520.7
1520.7
1520.9
1521.1
1521.3
1521.7
1521.7
1522.3
1522.4
1522.4
1522.5
1522.9
1523.3
1523.3
1523.3
1523.4
1523.4
1523.4
1523.4
1523.4
1523.4
1523.4
1523.4
1523.4
1523.5
1523.5
1523.5
1523.5
1523.5
1523.5
1523.5
1523.6
1523.6
1523.6
1523.6
1523.6
1523.6
1523.6
1523.6
1523.6
1523.6
1523.6
1523.7
1523.7
1523.7
1523.7
1523.7
1523.7
1523.7
1523.7
1523.7
1523.7
1523.7
1523.8
1523.8
1523.8
1523.8
1523.8
1523.8
1523.8
1523.8
1523.8
1523.8
1523.8
1523.9
1523.9
1523.9
1523.9
1523.9
1523.9
1523.9
1523.9
1523.9
1523.9
1523.9
1523.9
1524.0
1524.0
1524.0
1524.1
1524.1
1524.1
1524.1
1524.1
1524.1
1524.2
1524.2
1524.3
1524.3
1524.3
1524.3
1524.3
1524.5
1524.5
1524.6
1524.7
1524.9
1525.0
1525.3
1525.4
1525.6
1525.6
1526.2
1526.5
1527.0
1527.2
1527.3
1528.6
1528.7
1528.7
1528.8
1529.7
1530.0
1530.0
1530.2
1530.3
1530.4
1530.4
1530.4
1530.4
1530.4
1530.5
1530.5
1530.5
1530.6
1530.6
1530.7
1530.7
1530.7
1530.7
1530.8
1530.8
1530.8
1530.9
1530.9
1530.9
1530.9
1531.0
1531.0
1531.1
1531.2
1531.2
1531.2
1531.2
1531.3
1531.3
1531.3
1531.3
1531.4
1531.4
1531.4
1531.5
1531.5
1531.5
1531.5
1531.5
1531.5
1531.6
1531.6
1531.7
1531.7
1531.8
1531.9
1531.9
1531.9
1532.0
1532.0
1532.0
1532.0
1532.0
1532.0
1532.1
1532.1
1532.1
1532.1
1532.1
1532.1
1532.1
1532.1
1532.2
1532.2
1532.2
1532.3
1532.3
1532.4
1532.4
1532.5
1532.5
1532.6
1532.6
1532.6
1532.6
1532.6
1532.7
1532.7
1532.7
1533.2
1533.5
1533.5
1533.8
1533.9
1534.0
1534.1
1535.4
1536.1
1540.2
1540.5
1546.9
1547.4
1548.6
1550.1
1568.8
1568.8
1568.8
1568.8
1568.8
1568.8
1568.8
1568.9
1568.9
1568.9
1568.9
1568.9
1568.9
1568.9
1568.9
1568.9
1568.9
1568.9
1568.9
1568.9
1569.0
1569.0
1569.0
1569.0
1569.0
1569.0
1569.0
1569.0
1569.1
1569.1
1569.1
1569.1
1569.1
1569.1
1569.1
1569.1
1569.2
1569.2
1569.2
1569.2
1569.2
1569.3
1569.3
1569.3
1569.3
1569.3
1569.3
1569.3
1569.3
1569.3
1569.3
1569.3
1569.3
1569.4
1569.4
1569.4
1569.4
1569.4
1569.4
1569.4
1569.5
1569.5
1569.5
1569.6
1569.7
1569.7
1569.7
1569.7
1569.8
1569.8
1569.9
1569.9
1570.0
1570.0
1570.1
1570.1
1570.2
1570.3
1570.3
1570.5
1570.5
1570.6
1570.7
1570.7
1570.8
1570.8
1571.1
1571.3
1571.6
1571.9
1572.3
1572.5
1572.5
1573.2
1573.3
1573.4
1573.5
1573.5
1573.5
1573.5
1573.5
1573.6
1573.6
1573.6
1573.6
1573.7
1573.7
1573.7
1573.7
1573.8
1573.8
1573.8
1573.8
1573.8
1573.8
1573.8
1573.8
1573.9
1573.9
1573.9
1573.9
1573.9
1573.9
1573.9
1573.9
1573.9
1573.9
1573.9
1573.9
1573.9
1573.9
1573.9
1574.0
1574.0
1574.0
1574.1
1574.1
1574.1
1574.1
1574.1
1574.1
1574.1
1574.1
1574.2
1574.2
1574.2
1574.3
1574.3
1574.3
1574.3
1574.3
1574.3
1574.3
1574.4
1574.5
1574.5
1574.6
1574.6
1574.7
1574.7
1574.7
1574.8
1574.8
1574.8
1574.8
1575.0
1575.0
1575.1
1575.1
1575.1
1575.2
1575.3
1575.5
1575.6
1575.7
1575.7
1575.7
1575.9
1575.9
1576.0
1576.0
1576.5
1576.7
1576.8
1577.0
1577.2
1577.2
1578.5
1578.9
1580.0
1580.1
1580.2
1580.4
1580.4
1580.6
1580.6
1580.7
1580.9
1580.9
1580.9
1581.0
1581.0
1581.1
1581.1
1581.1
1581.2
1581.2
1581.2
1581.3
1581.4
1581.4
1581.5
1581.5
1581.5
1581.6
1581.6
1581.8
1581.8
1581.8
1581.9
1581.9
1581.9
1582.0
1582.0
1582.1
1582.2
1582.2
1582.2
1582.3
1582.3
1582.3
1582.4
1582.4
1582.4
1582.4
1582.5
1582.5
1582.6
1582.7
1582.7
1582.8
1582.8
1582.8
1582.9
1582.9
1582.9
1583.0
1583.0
1583.1
1583.1
1583.1
1583.1
1583.2
1583.2
1583.2
1583.2
1583.3
1583.4
1583.5
1583.5
1583.6
1583.8
1583.9
1584.2
1584.2
1584.3
1584.6
1584.7
1584.8
1585.1
1585.2
1585.3
1585.6
1585.9
1588.5
1589.0
1589.3
1590.4
1592.7
1594.5
1595.6
1596.0
1609.9
1610.9
1726.7
1726.7
1726.7
1726.7
1726.8
1726.8
1726.8
1726.8
1726.8
1726.8
1726.8
1726.8
1726.8
1726.8
1726.8
1726.8
1726.8
1726.8
1726.8
1726.8
1726.8
1726.8
1726.8
1726.8
1726.9
1726.9
1726.9
1726.9
1726.9
1726.9
1726.9
1726.9
1726.9
1726.9
1726.9
1726.9
1726.9
1726.9
1726.9
1726.9
1726.9
1726.9
1726.9
1726.9
1726.9
1727.0
1727.0
1727.0
1727.0
1727.0
1727.0
1727.0
1727.0
1727.0
1727.1
1727.1
1727.1
1727.1
1727.1
1727.1
1727.1
1727.1
1727.2
1727.2
1727.2
1727.3
1727.3
1727.3
1727.3
1727.4
1727.4
1727.5
1727.5
1727.5
1727.5
1727.6
1727.7
1727.7
1727.8
1727.8
1727.8
1727.9
1727.9
1728.0
1728.1
1728.3
1728.4
1728.5
1728.8
1728.9
1729.0
1729.3
1729.4
1729.8
1729.9
1730.5
1730.6
1730.6
1730.7
1731.1
1731.1
1731.1
1731.1
1731.2
1731.2
1731.2
1731.2
1731.2
1731.2
1731.2
1731.3
1731.3
1731.3
1731.3
1731.3
1731.3
1731.3
1731.3
1731.4
1731.4
1731.4
1731.4
1731.5
1731.5
1731.5
1731.5
1731.5
1731.5
1731.5
1731.5
1731.5
1731.5
1731.5
1731.5
1731.6
1731.6
1731.6
1731.6
1731.6
1731.6
1731.6
1731.6
1731.7
1731.7
1731.7
1731.7
1731.7
1731.7
1731.7
1731.7
1731.7
1731.7
1731.7
1731.8
1731.8
1731.8
1731.8
1731.8
1731.8
1731.8
1731.9
1731.9
1731.9
1731.9
1731.9
1732.0
1732.0
1732.0
1732.1
1732.1
1732.1
1732.1
1732.2
1732.2
1732.2
1732.2
1732.3
1732.3
1732.4
1732.4
1732.5
1732.6
1732.7
1732.7
1733.0
1733.1
1733.4
1733.4
1733.7
1733.8
1734.4
1734.7
1735.2
1735.4
1735.5
1736.8
1737.0
1737.0
1737.0
1737.8
1737.9
1738.0
1738.0
1738.1
1738.1
1738.2
1738.2
1738.3
1738.3
1738.4
1738.4
1738.4
1738.4
1738.4
1738.4
1738.5
1738.5
1738.6
1738.6
1738.7
1738.7
1738.7
1738.7
1738.7
1738.8
1738.9
1739.0
1739.0
1739.0
1739.0
1739.0
1739.1
1739.1
1739.1
1739.2
1739.2
1739.2
1739.2
1739.2
1739.3
1739.4
1739.4
1739.4
1739.4
1739.5
1739.5
1739.5
1739.5
1739.6
1739.6
1739.7
1739.7
1739.8
1739.8
1739.8
1739.8
1739.8
1739.9
1739.9
1739.9
1739.9
1740.0
1740.0
1740.0
1740.0
1740.0
1740.0
1740.0
1740.1
1740.1
1740.2
1740.2
1740.2
1740.3
1740.4
1740.4
1740.5
1740.5
1740.5
1740.5
1740.5
1740.6
1740.6
1740.8
1741.1
1741.3
1741.4
1741.8
1741.8
1741.9
1742.2
1743.5
1744.2
1748.0
1748.5
1754.2
1754.7
1755.4
1756.6
1777.6
1777.6
1777.6
1777.6
1777.6
1777.6
1777.7
1777.7
1777.7
1777.7
1777.7
1777.7
1777.7
1777.7
1777.7
1777.8
1777.8
1777.8
1777.8
1777.8
1777.8
1777.8
1777.8
1777.8
1777.8
1777.8
1777.9
1777.9
1777.9
1777.9
1777.9
1777.9
1778.0
1778.0
1778.0
1778.0
1778.0
1778.1
1778.1
1778.1
1778.1
1778.1
1778.1
1778.1
1778.2
1778.2
1778.2
1778.2
1778.2
1778.2
1778.2
1778.2
1778.2
1778.2
1778.2
1778.3
1778.3
1778.3
1778.3
1778.4
1778.4
1778.4
1778.4
1778.5
1778.5
1778.6
1778.6
1778.6
1778.7
1778.7
1778.8
1778.9
1778.9
1779.0
1779.0
1779.0
1779.1
1779.2
1779.2
1779.4
1779.4
1779.6
1779.6
1779.6
1779.7
1779.7
1780.1
1780.2
1780.5
1780.9
1781.3
1781.4
1781.5
1782.0
1782.2
1782.2
1782.3
1782.3
1782.4
1782.4
1782.4
1782.4
1782.4
1782.5
1782.5
1782.5
1782.5
1782.5
1782.6
1782.6
1782.6
1782.6
1782.6
1782.6
1782.6
1782.7
1782.7
1782.7
1782.7
1782.7
1782.7
1782.7
1782.7
1782.7
1782.7
1782.8
1782.8
1782.8
1782.8
1782.8
1782.8
1782.8
1782.8
1782.8
1782.8
1782.9
1782.9
1782.9
1783.0
1783.0
1783.0
1783.0
1783.0
1783.0
1783.0
1783.1
1783.1
1783.1
1783.1
1783.1
1783.2
1783.2
1783.2
1783.3
1783.3
1783.4
1783.5
1783.5
1783.6
1783.6
1783.7
1783.7
1783.7
1783.7
1783.8
1784.0
1784.0
1784.0
1784.1
1784.1
1784.2
1784.2
1784.5
1784.6
1784.7
1784.7
1784.7
1784.8
1784.9
1784.9
1785.0
1785.5
1785.7
1785.8
1786.0
1786.2
1786.2
1787.5
1787.9
1788.9
1789.1
1789.2
1789.2
1789.2
1789.5
1789.5
1789.5
1789.7
1789.8
1789.8
1789.8
1789.8
1790.0
1790.0
1790.0
1790.1
1790.1
1790.1
1790.2
1790.2
1790.3
1790.3
1790.3
1790.3
1790.3
1790.6
1790.6
1790.6
1790.6
1790.7
1790.8
1790.8
1790.8
1790.9
1790.9
1791.0
1791.1
1791.1
1791.1
1791.2
1791.2
1791.3
1791.3
1791.4
1791.5
1791.5
1791.5
1791.5
1791.6
1791.6
1791.6
1791.6
1791.7
1791.8
1791.8
1791.8
1791.8
1791.9
1791.9
1791.9
1791.9
1792.1
1792.1
1792.1
1792.1
1792.2
1792.2
1792.4
1792.4
1792.5
1792.5
1792.6
1792.8
1793.1
1793.3
1793.3
1793.4
1793.5
1794.0
1794.0
1794.2
1794.2
1794.9
1795.1
1798.2
1798.6
1799.6
1800.0
1803.6
1803.8
1803.9
1808.6
1819.9
1823.2
1936.2
1936.2
1936.2
1936.2
1936.2
1936.2
1936.2
1936.2
1936.2
1936.2
1936.2
1936.2
1936.2
1936.2
1936.3
1936.3
1936.3
1936.3
1936.3
1936.3
1936.3
1936.3
1936.3
1936.3
1936.3
1936.3
1936.3
1936.3
1936.3
1936.3
1936.3
1936.3
1936.3
1936.3
1936.3
1936.3
1936.3
1936.3
1936.3
1936.3
1936.3
1936.3
1936.3
1936.3
1936.3
1936.3
1936.3
1936.3
1936.3
1936.4
1936.4
1936.4
1936.4
1936.4
1936.4
1936.4
1936.4
1936.4
1936.4
1936.4
1936.4
1936.4
1936.4
1936.4
1936.4
1936.5
1936.5
1936.6
1936.6
1936.6
1936.6
1936.6
1936.7
1936.7
1936.8
1936.8
1936.9
1936.9
1937.0
1937.0
1937.0
1937.1
1937.1
1937.2
1937.2
1937.4
1937.6
1937.6
1937.9
1938.0
1938.1
1938.3
1938.4
1938.9
1938.9
1939.5
1939.6
1939.6
1939.6
1940.1
1940.5
1940.6
1940.6
1940.6
1940.7
1940.7
1940.7
1940.7
1940.7
1940.7
1940.7
1940.7
1940.7
1940.8
1940.8
1940.8
1940.8
1940.8
1940.8
1940.8
1940.8
1940.8
1940.8
1940.8
1940.9
1940.9
1940.9
1940.9
1940.9
1940.9
1940.9
1940.9
1940.9
1940.9
1940.9
1941.0
1941.0
1941.0
1941.0
1941.0
1941.0
1941.0
1941.0
1941.0
1941.0
1941.0
1941.1
1941.1
1941.1
1941.1
1941.1
1941.1
1941.1
1941.1
1941.1
1941.1
1941.1
1941.1
1941.2
1941.2
1941.2
1941.2
1941.2
1941.2
1941.2
1941.2
1941.3
1941.3
1941.3
1941.3
1941.3
1941.3
1941.4
1941.4
1941.4
1941.5
1941.5
1941.5
1941.6
1941.6
1941.8
1941.8
1941.9
1941.9
1942.1
1942.2
1942.5
1942.6
1942.8
1942.8
1943.4
1943.7
1944.2
1944.5
1944.6
1945.8
1945.9
1946.0
1946.0
1946.9
1947.2
1947.3
1947.4
1947.6
1947.6
1947.6
1947.6
1947.7
1947.7
1947.7
1947.8
1947.8
1947.9
1947.9
1947.9
1947.9
1948.0
1948.0
1948.0
1948.0
1948.1
1948.1
1948.2
1948.2
1948.2
1948.2
1948.2
1948.4
1948.4
1948.4
1948.4
1948.4
1948.5
1948.6
1948.6
1948.6
1948.6
1948.7
1948.7
1948.7
1948.7
1948.7
1948.7
1948.7
1948.8
1948.8
1948.9
1949.0
1949.0
1949.1
1949.2
1949.2
1949.2
1949.2
1949.3
1949.3
1949.3
1949.3
1949.3
1949.3
1949.3
1949.4
1949.4
1949.4
1949.4
1949.4
1949.4
1949.4
1949.5
1949.5
1949.5
1949.6
1949.6
1949.7
1949.7
1949.7
1949.8
1949.8
1949.8
1949.9
1949.9
1950.0
1950.0
1950.0
1950.4
1950.8
1950.8
1951.1
1951.2
1951.3
1951.3
1952.6
1953.3
1957.4
1957.8
1963.9
1964.5
1965.6
1967.1
1985.6
1985.7
1985.7
1985.7
1985.7
1985.7
1985.7
1985.7
1985.8
1985.8
1985.8
1985.8
1985.8
1985.8
1985.8
1985.8
1985.8
1985.8
1985.8
1985.8
1985.8
1985.9
1985.9
1985.9
1985.9
1985.9
1985.9
1985.9
1986.0
1986.0
1986.0
1986.0
1986.0
1986.0
1986.0
1986.0
1986.1
1986.1
1986.1
1986.1
1986.2
1986.2
1986.2
1986.2
1986.2
1986.2
1986.2
1986.2
1986.2
1986.3
1986.3
1986.3
1986.3
1986.3
1986.3
1986.3
1986.3
1986.3
1986.4
1986.4
1986.5
1986.5
1986.5
1986.5
1986.6
1986.7
1986.7
1986.7
1986.8
1986.8
1986.9
1986.9
1987.0
1987.0
1987.0
1987.0
1987.1
1987.3
1987.3
1987.4
1987.5
1987.6
1987.7
1987.7
1987.8
1987.8
1988.1
1988.2
1988.6
1989.0
1989.3
1989.4
1989.5
1990.1
1990.2
1990.2
1990.4
1990.4
1990.4
1990.4
1990.4
1990.5
1990.5
1990.5
1990.5
1990.6
1990.6
1990.6
1990.6
1990.6
1990.7
1990.7
1990.7
1990.7
1990.7
1990.7
1990.7
1990.7
1990.7
1990.8
1990.8
1990.8
1990.8
1990.8
1990.8
1990.8
1990.8
1990.8
1990.8
1990.8
1990.8
1990.8
1990.9
1990.9
1990.9
1990.9
1991.0
1991.0
1991.0
1991.0
1991.0
1991.0
1991.0
1991.1
1991.1
1991.1
1991.2
1991.2
1991.2
1991.2
1991.2
1991.2
1991.3
1991.3
1991.4
1991.4
1991.5
1991.5
1991.6
1991.7
1991.7
1991.7
1991.8
1991.8
1991.8
1992.0
1992.0
1992.1
1992.1
1992.1
1992.2
1992.3
1992.6
1992.7
1992.7
1992.8
1992.8
1992.9
1992.9
1992.9
1993.0
1993.6
1993.7
1993.9
1994.0
1994.2
1994.3
1995.6
1996.0
1996.9
1997.2
1997.2
1997.3
1997.3
1997.5
1997.5
1997.6
1997.7
1997.8
1997.8
1997.9
1997.9
1998.0
1998.0
1998.0
1998.1
1998.1
1998.1
1998.2
1998.2
1998.3
1998.3
1998.3
1998.4
1998.6
1998.7
1998.7
1998.7
1998.7
1998.8
1998.8
1998.8
1998.9
1998.9
1999.0
1999.0
1999.1
1999.1
1999.1
1999.2
1999.2
1999.3
1999.4
1999.4
1999.5
1999.5
1999.6
1999.6
1999.6
1999.6
1999.6
1999.7
1999.8
1999.8
1999.9
1999.9
1999.9
1999.9
2000.0
2000.0
2000.0
2000.1
2000.1
2000.2
2000.2
2000.2
2000.3
2000.5
2000.6
2000.6
2000.6
2000.6
2000.8
2001.2
2001.3
2001.4
2001.5
2001.5
2002.1
2002.2
2002.3
2002.3
2002.9
2003.0
2005.8
2006.8
2006.8
2006.9
2010.5
2011.2
2011.3
2017.0
2024.6
2143.1
2143.1
2143.1
2143.1
2143.1
2143.2
2143.2
2143.2
2143.2
2143.2
2143.2
2143.2
2143.2
2143.2
2143.2
2143.3
2143.3
2143.3
2143.3
2143.3
2143.3
2143.3
2143.3
2143.3
2143.3
2143.3
2143.3
2143.4
2143.4
2143.4
2143.4
2143.4
2143.4
2143.4
2143.4
2143.5
2143.5
2143.5
2143.5
2143.5
2143.5
2143.5
2143.6
2143.6
2143.6
2143.6
2143.6
2143.6
2143.7
2143.7
2143.7
2143.7
2143.7
2143.7
2143.8
2143.8
2143.9
2143.9
2143.9
2143.9
2143.9
2143.9
2144.0
2144.0
2144.0
2144.0
2144.1
2144.1
2144.2
2144.2
2144.3
2144.3
2144.3
2144.4
2144.4
2144.5
2144.6
2144.6
2144.6
2144.6
2144.7
2144.8
2144.8
2144.9
2145.0
2145.2
2145.4
2145.4
2145.8
2145.8
2145.9
2146.2
2146.3
2146.8
2146.8
2147.4
2147.5
2147.5
2147.5
2147.5
2147.6
2147.6
2147.6
2147.6
2147.6
2147.6
2147.7
2147.7
2147.7
2147.8
2147.8
2147.8
2147.8
2147.8
2147.8
2147.9
2147.9
2147.9
2147.9
2147.9
2147.9
2147.9
2147.9
2147.9
2148.0
2148.0
2148.0
2148.0
2148.0
2148.0
2148.0
2148.0
2148.1
2148.1
2148.1
2148.1
2148.1
2148.2
2148.2
2148.2
2148.2
2148.2
2148.3
2148.3
2148.3
2148.3
2148.3
2148.3
2148.4
2148.4
2148.4
2148.4
2148.4
2148.4
2148.5
2148.5
2148.5
2148.6
2148.6
2148.6
2148.6
2148.6
2148.7
2148.7
2148.8
2148.8
2148.8
2148.8
2148.8
2148.9
2148.9
2148.9
2149.0
2149.0
2149.1
2149.1
2149.1
2149.2
2149.2
2149.3
2149.4
2149.5
2149.6
2149.6
2149.9
2150.0
2150.3
2150.4
2150.6
2150.7
2151.3
2151.6
2152.1
2152.4
2152.5
2153.8
2153.9
2153.9
2154.0
2154.3
2154.5
2154.5
2154.5
2154.7
2154.7
2154.8
2154.8
2154.8
2154.8
2154.9
2154.9
2154.9
2154.9
2155.0
2155.0
2155.1
2155.1
2155.1
2155.2
2155.3
2155.3
2155.3
2155.4
2155.5
2155.5
2155.5
2155.5
2155.6
2155.6
2155.6
2155.6
2155.6
2155.7
2155.7
2155.7
2155.8
2155.8
2155.8
2155.9
2155.9
2156.0
2156.1
2156.1
2156.1
2156.1
2156.1
2156.2
2156.2
2156.2
2156.2
2156.2
2156.2
2156.2
2156.2
2156.3
2156.4
2156.4
2156.5
2156.5
2156.6
2156.6
2156.6
2156.6
2156.6
2156.6
2156.7
2156.8
2156.8
2156.8
2156.8
2156.8
2156.9
2156.9
2156.9
2157.0
2157.0
2157.0
2157.1
2157.1
2157.3
2157.3
2157.3
2157.5
2157.7
2157.8
2158.1
2158.2
2158.4
2158.5
2158.6
2159.1
2160.3
2161.1
2164.9
2165.4
2171.0
2171.5
2172.4
2173.4
2194.2
2194.2
2194.3
2194.3
2194.3
2194.3
2194.3
2194.3
2194.3
2194.4
2194.4
2194.4
2194.4
2194.4
2194.4
2194.4
2194.4
2194.4
2194.4
2194.4
2194.4
2194.5
2194.5
2194.5
2194.5
2194.5
2194.5
2194.5
2194.5
2194.6
2194.6
2194.6
2194.6
2194.6
2194.6
2194.6
2194.7
2194.7
2194.7
2194.8
2194.8
2194.8
2194.8
2194.8
2194.8
2194.8
2194.8
2194.9
2194.9
2194.9
2194.9
2194.9
2194.9
2195.0
2195.0
2195.0
2195.0
2195.0
2195.0
2195.1
2195.1
2195.1
2195.2
2195.2
2195.3
2195.4
2195.4
2195.4
2195.5
2195.5
2195.6
2195.7
2195.7
2195.8
2195.8
2195.8
2195.9
2195.9
2196.0
2196.2
2196.2
2196.4
2196.4
2196.4
2196.5
2196.6
2196.9
2197.0
2197.4
2197.8
2198.1
2198.3
2198.4
2198.6
2198.8
2198.8
2198.9
2198.9
2199.0
2199.0
2199.0
2199.0
2199.1
2199.1
2199.1
2199.1
2199.2
2199.2
2199.2
2199.2
2199.2
2199.2
2199.3
2199.3
2199.3
2199.3
2199.3
2199.3
2199.3
2199.3
2199.3
2199.4
2199.4
2199.4
2199.4
2199.4
2199.4
2199.4
2199.4
2199.4
2199.4
2199.5
2199.5
2199.5
2199.5
2199.5
2199.6
2199.6
2199.6
2199.6
2199.6
2199.7
2199.7
2199.7
2199.7
2199.7
2199.8
2199.8
2199.8
2199.9
2199.9
2199.9
2199.9
2200.0
2200.0
2200.1
2200.2
2200.3
2200.4
2200.4
2200.4
2200.5
2200.5
2200.5
2200.6
2200.7
2200.8
2200.9
2200.9
2200.9
2201.0
2201.1
2201.4
2201.5
2201.5
2201.5
2201.6
2201.6
2201.6
2201.7
2201.8
2202.4
2202.5
2202.6
2202.8
2203.1
2203.1
2204.4
2204.8
2205.4
2205.7
2205.8
2206.0
2206.0
2206.0
2206.0
2206.1
2206.2
2206.2
2206.3
2206.4
2206.5
2206.5
2206.5
2206.6
2206.6
2206.7
2206.7
2206.7
2206.8
2206.8
2206.8
2206.8
2206.8
2206.9
2207.1
2207.1
2207.2
2207.2
2207.3
2207.4
2207.4
2207.4
2207.5
2207.5
2207.5
2207.5
2207.6
2207.6
2207.7
2207.7
2207.9
2207.9
2208.0
2208.1
2208.1
2208.1
2208.2
2208.2
2208.3
2208.3
2208.3
2208.3
2208.3
2208.4
2208.4
2208.4
2208.5
2208.5
2208.5
2208.6
2208.7
2208.7
2208.8
2208.8
2208.9
2208.9
2209.0
2209.1
2209.1
2209.1
2209.3
2209.5
2209.9
2209.9
2210.0
2210.0
2210.0
2210.4
2210.7
2210.9
2211.0
2211.5
2212.0
2215.1
2215.6
2215.8
2217.1
2219.5
2221.5
2221.6
2224.6
2235.2
2256.2
2352.6
2352.6
2352.6
2352.7
2352.7
2352.7
2352.7
2352.7
2352.7
2352.7
2352.7
2352.7
2352.7
2352.7
2352.7
2352.8
2352.8
2352.8
2352.8
2352.8
2352.8
2352.8
2352.8
2352.8
2352.8
2352.8
2352.8
2352.8
2352.8
2352.8
2352.8
2352.8
2352.9
2352.9
2352.9
2352.9
2352.9
2352.9
2352.9
2352.9
2352.9
2352.9
2352.9
2352.9
2352.9
2352.9
2353.0
2353.0
2353.0
2353.0
2353.0
2353.0
2353.0
2353.0
2353.1
2353.1
2353.1
2353.1
2353.2
2353.2
2353.2
2353.2
2353.2
2353.2
2353.3
2353.3
2353.4
2353.4
2353.4
2353.4
2353.5
2353.5
2353.5
2353.6
2353.6
2353.7
2353.7
2353.8
2353.8
2353.9
2353.9
2353.9
2354.0
2354.1
2354.2
2354.4
2354.5
2354.6
2354.9
2354.9
2355.1
2355.3
2355.5
2355.9
2355.9
2356.6
2356.6
2356.6
2356.7
2357.0
2357.1
2357.1
2357.1
2357.1
2357.1
2357.1
2357.1
2357.2
2357.2
2357.2
2357.3
2357.3
2357.3
2357.3
2357.3
2357.3
2357.3
2357.3
2357.3
2357.3
2357.4
2357.4
2357.4
2357.4
2357.4
2357.4
2357.5
2357.5
2357.5
2357.5
2357.5
2357.5
2357.5
2357.5
2357.5
2357.5
2357.5
2357.6
2357.6
2357.6
2357.6
2357.6
2357.6
2357.6
2357.7
2357.7
2357.7
2357.7
2357.7
2357.7
2357.7
2357.7
2357.8
2357.8
2357.8
2357.8
2357.9
2357.9
2357.9
2357.9
2357.9
2357.9
2358.0
2358.0
2358.0
2358.0
2358.1
2358.1
2358.1
2358.1
2358.2
2358.2
2358.2
2358.2
2358.3
2358.3
2358.3
2358.4
2358.4
2358.5
2358.7
2358.7
2358.7
2358.8
2359.1
2359.1
2359.5
2359.5
2359.8
2359.8
2360.4
2360.7
2361.2
2361.5
2361.6
2362.9
2363.0
2363.1
2363.1
2363.8
2363.9
2363.9
2364.0
2364.0
2364.1
2364.2
2364.3
2364.3
2364.3
2364.3
2364.3
2364.4
2364.4
2364.4
2364.5
2364.5
2364.5
2364.6
2364.6
2364.7
2364.7
2364.7
2364.7
2364.8
2364.9
2364.9
2364.9
2365.0
2365.0
2365.0
2365.1
2365.1
2365.1
2365.1
2365.2
2365.2
2365.2
2365.3
2365.3
2365.3
2365.4
2365.4
2365.5
2365.5
2365.5
2365.5
2365.6
2365.6
2365.6
2365.6
2365.6
2365.6
2365.7
2365.7
2365.7
2365.9
2365.9
2365.9
2365.9
2366.0
2366.0
2366.0
2366.0
2366.0
2366.0
2366.1
2366.1
2366.1
2366.2
2366.2
2366.2
2366.3
2366.3
2366.3
2366.3
2366.4
2366.4
2366.5
2366.5
2366.5
2366.6
2366.7
2366.7
2366.9
2367.0
2367.5
2367.6
2367.8
2367.9
2368.0
2368.3
2369.6
2370.3
2374.2
2374.6
2380.2
2380.9
2381.5
2382.9
2402.5
2402.6
2402.6
2402.6
2402.6
2402.6
2402.6
2402.6
2402.7
2402.7
2402.7
2402.7
2402.7
2402.7
2402.7
2402.7
2402.7
2402.7
2402.7
2402.7
2402.7
2402.8
2402.8
2402.8
2402.8
2402.8
2402.8
2402.8
2402.8
2402.8
2402.9
2402.9
2402.9
2402.9
2402.9
2402.9
2402.9
2403.0
2403.0
2403.0
2403.0
2403.1
2403.1
2403.1
2403.1
2403.1
2403.1
2403.1
2403.1
2403.2
2403.2
2403.2
2403.2
2403.2
2403.2
2403.2
2403.2
2403.3
2403.3
2403.3
2403.4
2403.4
2403.4
2403.4
2403.5
2403.6
2403.6
2403.6
2403.7
2403.7
2403.8
2403.9
2403.9
2404.0
2404.0
2404.0
2404.1
2404.2
2404.2
2404.4
2404.4
2404.6
2404.6
2404.6
2404.7
2404.7
2405.1
2405.2
2405.5
2405.9
2406.2
2406.4
2406.4
2407.0
2407.1
2407.1
2407.1
2407.2
2407.3
2407.3
2407.3
2407.3
2407.4
2407.4
2407.4
2407.4
2407.4
2407.5
2407.5
2407.5
2407.5
2407.5
2407.6
2407.6
2407.6
2407.6
2407.6
2407.6
2407.6
2407.6
2407.6
2407.7
2407.7
2407.7
2407.7
2407.7
2407.7
2407.7
2407.7
2407.7
2407.7
2407.7
2407.7
2407.8
2407.8
2407.8
2407.9
2407.9
2407.9
2407.9
2407.9
2407.9
2407.9
2407.9
2407.9
2408.0
2408.0
2408.1
2408.1
2408.1
2408.1
2408.1
2408.2
2408.2
2408.3
2408.3
2408.4
2408.5
2408.6
2408.6
2408.6
2408.7
2408.7
2408.7
2408.7
2408.9
2408.9
2409.0
2409.0
2409.0
2409.2
2409.2
2409.4
2409.5
2409.6
2409.6
2409.7
2409.7
2409.8
2409.9
2409.9
2410.5
2410.6
2410.8
2410.9
2411.0
2411.2
2412.3
2412.9
2413.8
2414.0
2414.0
2414.1
2414.1
2414.4
2414.4
2414.4
2414.6
2414.7
2414.7
2414.7
2414.8
2414.9
2414.9
2414.9
2414.9
2415.0
2415.0
2415.0
2415.1
2415.1
2415.2
2415.2
2415.2
2415.2
2415.3
2415.5
2415.5
2415.6
2415.6
2415.7
2415.7
2415.8
2415.8
2415.8
2415.9
2415.9
2416.0
2416.0
2416.0
2416.1
2416.1
2416.2
2416.2
2416.2
2416.3
2416.3
2416.4
2416.4
2416.4
2416.5
2416.5
2416.6
2416.7
2416.7
2416.7
2416.8
2416.8
2416.8
2416.8
2416.8
2416.8
2416.9
2417.0
2417.0
2417.0
2417.1
2417.1
2417.3
2417.3
2417.5
2417.5
2417.6
2417.8
2417.9
2418.1
2418.2
2418.3
2418.4
2418.7
2418.9
2418.9
2419.1
2419.4
2421.8
2422.4
2423.2
2423.9
2426.0
2426.2
2428.2
2428.6
2429.5
2430.6
2434.5
2444.3
2560.3
2560.3
2560.3
2560.3
2560.3
2560.3
2560.3
2560.3
2560.4
2560.4
2560.4
2560.4
2560.4
2560.4
2560.4
2560.4
2560.4
2560.4
2560.4
2560.4
2560.4
2560.4
2560.4
2560.4
2560.4
2560.4
2560.4
2560.4
2560.4
2560.4
2560.5
2560.5
2560.5
2560.5
2560.5
2560.5
2560.5
2560.5
2560.5
2560.5
2560.5
2560.5
2560.5
2560.6
2560.6
2560.6
2560.6
2560.6
2560.6
2560.6
2560.6
2560.6
2560.6
2560.7
2560.7
2560.7
2560.7
2560.8
2560.8
2560.8
2560.8
2560.8
2560.9
2560.9
2560.9
2560.9
2561.0
2561.1
2561.1
2561.1
2561.1
2561.1
2561.2
2561.3
2561.3
2561.4
2561.4
2561.5
2561.5
2561.6
2561.6
2561.7
2561.7
2561.8
2561.9
2562.1
2562.3
2562.3
2562.6
2562.7
2562.8
2563.1
2563.2
2563.8
2563.8
2564.3
2564.4
2564.4
2564.5
2564.6
2564.7
2564.7
2564.7
2564.7
2564.7
2564.8
2564.8
2564.8
2564.8
2564.8
2564.9
2564.9
2564.9
2564.9
2564.9
2564.9
2564.9
2565.0
2565.0
2565.0
2565.0
2565.0
2565.0
2565.0
2565.1
2565.1
2565.1
2565.1
2565.1
2565.1
2565.1
2565.1
2565.1
2565.1
2565.1
2565.2
2565.2
2565.2
2565.2
2565.2
2565.2
2565.2
2565.2
2565.3
2565.3
2565.3
2565.3
2565.3
2565.3
2565.3
2565.3
2565.3
2565.4
2565.4
2565.4
2565.5
2565.5
2565.5
2565.5
2565.5
2565.5
2565.5
2565.6
2565.6
2565.7
2565.7
2565.7
2565.7
2565.7
2565.8
2565.8
2565.8
2565.8
2565.9
2566.0
2566.0
2566.0
2566.1
2566.1
2566.2
2566.4
2566.4
2566.4
2566.5
2566.8
2566.9
2567.2
2567.3
2567.5
2567.7
2568.2
2568.4
2569.0
2569.4
2569.4
2570.7
2570.8
2570.9
2570.9
2571.4
2571.5
2571.6
2571.6
2571.7
2571.8
2571.8
2571.9
2571.9
2571.9
2572.0
2572.0
2572.0
2572.0
2572.0
2572.1
2572.1
2572.1
2572.2
2572.3
2572.3
2572.3
2572.3
2572.3
2572.4
2572.5
2572.5
2572.6
2572.6
2572.6
2572.6
2572.7
2572.7
2572.7
2572.7
2572.7
2572.8
2572.8
2572.8
2572.9
2573.0
2573.0
2573.0
2573.1
2573.1
2573.1
2573.1
2573.1
2573.2
2573.2
2573.2
2573.2
2573.2
2573.3
2573.3
2573.3
2573.5
2573.5
2573.5
2573.5
2573.5
2573.6
2573.6
2573.6
2573.6
2573.6
2573.6
2573.7
2573.7
2573.7
2573.7
2573.8
2573.8
2573.9
2573.9
2573.9
2574.0
2574.0
2574.1
2574.1
2574.1
2574.1
2574.2
2574.4
2574.6
2574.7
2575.0
2575.1
2575.3
2575.4
2575.5
2576.0
2577.1
2577.9
2581.7
2582.2
2587.6
2588.1
2588.9
2590.1
2610.9
2611.0
2611.0
2611.0
2611.0
2611.0
2611.0
2611.0
2611.0
2611.1
2611.1
2611.1
2611.1
2611.1
2611.1
2611.1
2611.1
2611.1
2611.1
2611.1
2611.2
2611.2
2611.2
2611.2
2611.2
2611.2
2611.2
2611.2
2611.2
2611.3
2611.3
2611.3
2611.4
2611.4
2611.4
2611.4
2611.4
2611.4
2611.5
2611.5
2611.5
2611.5
2611.5
2611.6
2611.6
2611.6
2611.6
2611.6
2611.6
2611.6
2611.7
2611.7
2611.7
2611.7
2611.7
2611.7
2611.7
2611.8
2611.8
2611.8
2611.9
2611.9
2611.9
2611.9
2611.9
2612.1
2612.1
2612.1
2612.2
2612.2
2612.3
2612.3
2612.4
2612.5
2612.5
2612.5
2612.5
2612.6
2612.7
2612.8
2612.9
2613.0
2613.1
2613.2
2613.2
2613.3
2613.6
2613.6
2614.0
2614.5
2614.8
2614.9
2615.0
2615.4
2615.5
2615.6
2615.7
2615.7
2615.7
2615.7
2615.7
2615.7
2615.8
2615.8
2615.8
2615.9
2615.9
2615.9
2615.9
2616.0
2616.0
2616.0
2616.0
2616.0
2616.0
2616.1
2616.1
2616.1
2616.1
2616.1
2616.1
2616.1
2616.1
2616.1
2616.1
2616.2
2616.2
2616.2
2616.2
2616.2
2616.2
2616.2
2616.2
2616.2
2616.2
2616.3
2616.3
2616.3
2616.3
2616.4
2616.4
2616.4
2616.4
2616.4
2616.5
2616.5
2616.5
2616.5
2616.5
2616.6
2616.6
2616.6
2616.7
2616.7
2616.8
2616.8
2616.9
2617.0
2617.1
2617.1
2617.1
2617.2
2617.2
2617.3
2617.3
2617.4
2617.5
2617.6
2617.6
2617.6
2617.7
2617.7
2618.0
2618.0
2618.1
2618.2
2618.2
2618.2
2618.2
2618.4
2618.5
2619.0
2619.2
2619.3
2619.4
2619.5
2619.8
2620.9
2621.5
2622.2
2622.4
2622.5
2622.5
2622.8
2622.8
2622.9
2622.9
2623.0
2623.1
2623.1
2623.1
2623.2
2623.3
2623.4
2623.4
2623.4
2623.4
2623.5
2623.5
2623.5
2623.6
2623.6
2623.7
2623.7
2623.7
2623.8
2623.9
2624.0
2624.0
2624.1
2624.1
2624.2
2624.2
2624.3
2624.4
2624.4
2624.4
2624.4
2624.5
2624.5
2624.5
2624.6
2624.7
2624.8
2624.8
2624.8
2624.9
2624.9
2624.9
2625.0
2625.0
2625.1
2625.1
2625.2
2625.2
2625.2
2625.2
2625.2
2625.2
2625.3
2625.3
2625.4
2625.5
2625.5
2625.5
2625.6
2625.6
2625.7
2625.8
2625.8
2625.9
2626.0
2626.3
2626.3
2626.5
2626.7
2626.7
2626.7
2626.9
2627.6
2627.6
2627.8
2627.9
2628.3
2631.9
2632.3
2632.4
2632.5
2636.1
2636.7
2637.0
2646.8
2654.2
2666.1
2769.4
2769.4
2769.4
2769.4
2769.4
2769.4
2769.5
2769.5
2769.5
2769.5
2769.5
2769.5
2769.5
2769.5
2769.5
2769.5
2769.5
2769.5
2769.5
2769.5
2769.5
2769.5
2769.5
2769.5
2769.5
2769.5
2769.5
2769.5
2769.5
2769.5
2769.5
2769.6
2769.6
2769.6
2769.6
2769.6
2769.6
2769.6
2769.6
2769.6
2769.6
2769.6
2769.6
2769.6
2769.6
2769.6
2769.6
2769.6
2769.6
2769.6
2769.6
2769.6
2769.6
2769.6
2769.7
2769.7
2769.7
2769.7
2769.7
2769.7
2769.8
2769.8
2769.8
2769.8
2769.8
2769.9
2769.9
2770.0
2770.0
2770.0
2770.0
2770.0
2770.0
2770.1
2770.2
2770.2
2770.3
2770.3
2770.4
2770.4
2770.4
2770.5
2770.5
2770.6
2770.6
2770.8
2771.0
2771.1
2771.4
2771.4
2771.5
2771.8
2771.9
2772.4
2772.4
2773.0
2773.1
2773.1
2773.1
2773.6
2773.7
2773.8
2773.9
2773.9
2773.9
2773.9
2773.9
2773.9
2773.9
2773.9
2774.0
2774.0
2774.0
2774.0
2774.0
2774.0
2774.0
2774.0
2774.0
2774.1
2774.1
2774.1
2774.1
2774.1
2774.1
2774.1
2774.1
2774.1
2774.2
2774.2
2774.2
2774.2
2774.2
2774.2
2774.2
2774.2
2774.2
2774.2
2774.2
2774.3
2774.3
2774.3
2774.3
2774.3
2774.3
2774.3
2774.3
2774.3
2774.3
2774.4
2774.4
2774.4
2774.4
2774.4
2774.4
2774.4
2774.4
2774.4
2774.5
2774.5
2774.5
2774.5
2774.5
2774.6
2774.6
2774.6
2774.6
2774.7
2774.7
2774.7
2774.7
2774.7
2774.7
2774.8
2774.8
2774.9
2774.9
2774.9
2775.0
2775.0
2775.2
2775.2
2775.3
2775.4
2775.6
2775.7
2775.9
2776.1
2776.2
2776.3
2776.9
2777.2
2777.7
2778.0
2778.1
2779.3
2779.5
2779.5
2779.5
2780.4
2780.5
2780.5
2780.7
2780.8
2780.9
2780.9
2781.0
2781.0
2781.0
2781.0
2781.1
2781.1
2781.1
2781.1
2781.2
2781.2
2781.2
2781.3
2781.3
2781.4
2781.4
2781.4
2781.4
2781.4
2781.4
2781.5
2781.5
2781.7
2781.7
2781.7
2781.7
2781.8
2781.8
2781.8
2781.9
2781.9
2781.9
2781.9
2781.9
2782.0
2782.0
2782.0
2782.0
2782.1
2782.1
2782.2
2782.2
2782.2
2782.2
2782.3
2782.4
2782.4
2782.5
2782.5
2782.5
2782.5
2782.5
2782.6
2782.6
2782.6
2782.6
2782.6
2782.6
2782.6
2782.7
2782.7
2782.7
2782.7
2782.8
2782.8
2782.8
2782.9
2782.9
2783.0
2783.0
2783.0
2783.1
2783.1
2783.1
2783.2
2783.2
2783.2
2783.3
2783.4
2783.7
2784.1
2784.1
2784.4
2784.5
2784.5
2784.7
2786.0
2786.8
2790.7
2791.1
2796.8
2797.4
2798.2
2799.4
2819.0
2819.0
2819.1
2819.1
2819.1
2819.1
2819.1
2819.1
2819.1
2819.2
2819.2
2819.2
2819.2
2819.2
2819.2
2819.2
2819.2
2819.2
2819.2
2819.2
2819.2
2819.2
2819.2
2819.2
2819.3
2819.3
2819.3
2819.3
2819.3
2819.4
2819.4
2819.4
2819.4
2819.4
2819.4
2819.4
2819.4
2819.5
2819.5
2819.5
2819.6
2819.6
2819.6
2819.6
2819.6
2819.6
2819.6
2819.6
2819.6
2819.7
2819.7
2819.7
2819.7
2819.7
2819.7
2819.7
2819.7
2819.7
2819.7
2819.8
2819.8
2819.9
2819.9
2819.9
2820.0
2820.1
2820.1
2820.1
2820.2
2820.2
2820.3
2820.3
2820.4
2820.4
2820.4
2820.5
2820.5
2820.7
2820.7
2820.8
2820.9
2821.0
2821.0
2821.1
2821.2
2821.2
2821.5
2821.6
2821.9
2822.4
2822.7
2822.8
2822.9
2823.5
2823.6
2823.6
2823.8
2823.8
2823.8
2823.8
2823.8
2823.8
2823.9
2823.9
2823.9
2823.9
2823.9
2824.0
2824.0
2824.0
2824.0
2824.0
2824.0
2824.0
2824.1
2824.1
2824.1
2824.1
2824.1
2824.1
2824.2
2824.2
2824.2
2824.2
2824.2
2824.2
2824.2
2824.2
2824.2
2824.2
2824.2
2824.2
2824.2
2824.2
2824.3
2824.3
2824.3
2824.4
2824.4
2824.4
2824.4
2824.4
2824.4
2824.4
2824.4
2824.5
2824.5
2824.5
2824.6
2824.6
2824.6
2824.6
2824.7
2824.7
2824.7
2824.8
2824.9
2824.9
2825.0
2825.1
2825.1
2825.1
2825.2
2825.2
2825.2
2825.4
2825.4
2825.5
2825.5
2825.5
2825.6
2825.7
2825.9
2825.9
2826.1
2826.1
2826.1
2826.2
2826.3
2826.3
2826.4
2826.9
2827.1
2827.2
2827.3
2827.5
2827.6
2828.8
2829.3
2830.3
2830.4
2830.5
2830.6
2830.6
2830.9
2830.9
2830.9
2831.1
2831.2
2831.2
2831.2
2831.2
2831.4
2831.4
2831.4
2831.5
2831.5
2831.5
2831.5
2831.6
2831.6
2831.7
2831.7
2831.7
2831.7
2831.8
2832.0
2832.0
2832.1
2832.1
2832.2
2832.2
2832.3
2832.3
2832.4
2832.4
2832.4
2832.5
2832.5
2832.6
2832.6
2832.6
2832.6
2832.7
2832.7
2832.8
2832.8
2832.8
2832.9
2833.0
2833.0
2833.0
2833.1
2833.1
2833.2
2833.2
2833.2
2833.3
2833.3
2833.3
2833.4
2833.4
2833.4
2833.5
2833.5
2833.5
2833.6
2833.7
2833.8
2833.8
2833.8
2834.0
2834.1
2834.3
2834.5
2834.7
2834.7
2834.7
2834.8
2835.2
2835.4
2835.6
2835.7
2835.8
2838.8
2838.8
2838.8
2840.0
2841.5
2841.8
2845.3
2846.0
2846.1
2848.6
2859.7
2861.3
2977.1
2977.1
2977.1
2977.1
2977.1
2977.2
2977.2
2977.2
2977.2
2977.2
2977.2
2977.2
2977.2
2977.2
2977.2
2977.2
2977.3
2977.3
2977.3
2977.3
2977.3
2977.3
2977.3
2977.3
2977.3
2977.3
2977.3
2977.3
2977.3
2977.3
2977.3
2977.3
2977.3
2977.3
2977.3
2977.3
2977.3
2977.3
2977.3
2977.3
2977.3
2977.3
2977.4
2977.4
2977.4
2977.4
2977.4
2977.4
2977.4
2977.4
2977.4
2977.4
2977.5
2977.5
2977.5
2977.5
2977.5
2977.6
2977.6
2977.6
2977.6
2977.6
2977.7
2977.7
2977.7
2977.7
2977.8
2977.9
2977.9
2977.9
2977.9
2977.9
2978.0
2978.1
2978.1
2978.2
2978.2
2978.2
2978.3
2978.3
2978.3
2978.4
2978.4
2978.6
2978.7
2978.9
2979.0
2979.1
2979.4
2979.5
2979.6
2979.9
2980.0
2980.5
2980.5
2981.1
2981.2
2981.2
2981.3
2981.5
2981.5
2981.6
2981.6
2981.6
2981.6
2981.6
2981.6
2981.7
2981.7
2981.7
2981.7
2981.7
2981.8
2981.8
2981.8
2981.8
2981.8
2981.8
2981.8
2981.8
2981.8
2981.9
2981.9
2981.9
2981.9
2981.9
2981.9
2981.9
2981.9
2981.9
2982.0
2982.0
2982.0
2982.0
2982.0
2982.0
2982.0
2982.0
2982.0
2982.0
2982.1
2982.1
2982.1
2982.1
2982.1
2982.1
2982.1
2982.1
2982.1
2982.1
2982.1
2982.2
2982.2
2982.2
2982.2
2982.3
2982.3
2982.3
2982.3
2982.3
2982.3
2982.3
2982.4
2982.4
2982.4
2982.5
2982.5
2982.5
2982.5
2982.5
2982.6
2982.6
2982.6
2982.7
2982.8
2982.8
2982.8
2982.8
2982.9
2982.9
2983.1
2983.2
2983.2
2983.2
2983.6
2983.7
2983.9
2984.0
2984.3
2984.4
2985.0
2985.2
2985.8
2986.1
2986.2
2987.5
2987.6
2987.7
2987.7
2988.3
2988.4
2988.4
2988.5
2988.6
2988.6
2988.7
2988.7
2988.7
2988.8
2988.8
2988.8
2988.9
2988.9
2988.9
2988.9
2988.9
2988.9
2989.1
2989.1
2989.1
2989.1
2989.2
2989.2
2989.2
2989.2
2989.3
2989.4
2989.4
2989.4
2989.5
2989.5
2989.5
2989.6
2989.6
2989.6
2989.6
2989.6
2989.7
2989.7
2989.8
2989.8
2989.8
2989.9
2989.9
2989.9
2989.9
2989.9
2989.9
2990.0
2990.1
2990.1
2990.1
2990.2
2990.2
2990.2
2990.2
2990.3
2990.3
2990.3
2990.3
2990.4
2990.4
2990.4
2990.4
2990.4
2990.5
2990.5
2990.5
2990.6
2990.6
2990.6
2990.6
2990.6
2990.7
2990.8
2990.8
2990.8
2990.9
2990.9
2990.9
2990.9
2991.0
2991.1
2991.4
2991.5
2991.8
2991.9
2992.1
2992.2
2992.3
2992.8
2993.9
2994.7
2998.6
2999.0
