246.6
246.6
246.7
246.7
246.7
246.7
246.7
246.7
246.7
246.7
246.7
246.7
246.7
246.7
246.7
246.7
246.7
246.7
246.7
246.7
246.7
246.7
246.7
246.7
246.7
246.7
246.7
246.7
246.7
246.7
246.7
246.7
246.7
246.7
246.7
246.8
246.8
246.8
246.8
246.8
246.8
246.8
246.8
246.8
246.8
246.8
246.8
246.8
246.8
246.8
246.8
246.8
246.8
246.8
246.9
246.9
246.9
246.9
246.9
246.9
246.9
246.9
246.9
246.9
246.9
246.9
246.9
246.9
246.9
246.9
247.0
247.0
247.0
247.0
247.0
247.0
247.1
247.1
247.2
247.3
247.4
247.4
247.4
247.6
247.6
247.6
247.6
247.6
247.6
247.7
247.7
247.8
247.9
247.9
248.0
248.1
248.2
248.2
248.2
248.6
252.6
252.6
252.6
252.6
252.6
252.6
252.6
252.7
252.7
252.7
252.7
252.7
252.7
252.7
252.7
252.7
252.7
252.7
252.7
252.7
252.7
252.7
252.8
252.8
252.8
252.8
252.8
252.8
252.8
252.8
252.8
252.8
252.9
252.9
252.9
252.9
253.0
253.0
253.0
253.0
253.0
253.0
253.1
253.1
253.1
253.1
253.1
253.1
253.1
253.1
253.1
253.1
253.1
253.1
253.1
253.2
253.2
253.2
253.2
253.2
253.3
253.3
253.3
253.3
253.4
253.4
253.4
253.4
253.6
253.6
253.7
253.7
253.8
253.8
253.8
253.9
254.0
254.2
254.2
254.9
255.0
255.1
255.2
255.4
255.4
255.5
255.8
255.8
255.8
255.8
256.0
256.5
256.6
256.7
257.0
257.1
257.1
257.1
257.1
257.1
257.1
257.1
257.2
257.2
257.2
257.2
257.2
257.2
257.2
257.2
257.2
257.2
257.2
257.3
257.3
257.3
257.3
257.3
257.3
257.3
257.3
257.3
257.3
257.4
257.4
257.4
257.4
257.4
257.4
257.4
257.4
257.5
257.5
257.5
257.5
257.5
257.5
257.5
257.6
257.6
257.6
257.6
257.6
257.7
257.7
257.7
257.7
257.8
257.8
257.8
257.8
257.8
257.9
257.9
257.9
258.0
258.0
258.0
258.0
258.1
258.1
258.1
258.2
258.2
258.3
258.3
258.4
258.4
258.5
258.5
258.7
258.7
258.8
258.8
258.8
258.8
259.1
259.2
259.3
260.3
260.4
260.5
260.6
260.7
260.8
260.9
261.3
261.5
261.6
261.6
261.6
261.7
261.7
261.7
261.8
261.8
261.8
261.8
261.9
261.9
261.9
261.9
261.9
261.9
262.0
262.0
262.0
262.0
262.1
262.1
262.1
262.1
262.2
262.2
262.2
262.2
262.2
262.2
262.2
262.2
262.3
262.3
262.3
262.3
262.3
262.3
262.3
262.3
262.4
262.4
262.5
262.5
262.6
262.6
262.6
262.6
262.6
262.6
262.7
262.7
262.7
262.7
262.8
262.8
262.8
262.8
263.0
263.1
263.1
263.2
263.2
263.2
263.3
263.3
263.3
263.4
263.5
263.8
263.9
263.9
264.0
264.0
264.0
264.0
264.0
264.0
264.1
264.1
264.4
264.4
264.6
264.8
264.8
265.1
265.2
265.2
265.4
265.5
266.3
266.8
266.8
266.8
267.1
267.3
267.7
267.9
268.1
268.2
268.4
268.5
268.5
268.5
268.5
268.6
268.7
268.8
268.8
268.9
268.9
268.9
268.9
268.9
269.0
269.1
269.2
269.3
269.3
269.3
269.4
269.4
269.4
269.4
269.4
269.4
269.4
269.5
269.5
269.5
269.5
269.7
269.7
269.7
269.7
269.7
269.7
269.8
269.8
269.9
269.9
270.0
270.0
270.0
270.1
270.1
270.1
270.1
270.1
270.2
270.3
270.3
270.4
270.4
270.6
270.7
270.7
270.7
270.8
270.9
271.0
271.1
271.4
271.6
271.8
271.9
271.9
272.0
272.3
272.4
272.4
272.6
272.9
273.1
273.4
273.7
273.9
274.6
274.9
275.0
275.0
275.0
275.0
276.1
276.1
276.2
276.7
276.8
277.6
278.1
278.1
278.6
279.1
280.5
280.9
285.4
285.8
286.3
289.9
291.1
291.7
291.8
294.1
296.7
297.8
299.4
305.0
307.5
310.5
325.7
326.6
416.4
416.4
416.5
416.5
416.5
416.5
416.5
416.5
416.5
416.5
416.5
416.5
416.5
416.5
416.5
416.5
416.5
416.5
416.5
416.5
416.5
416.5
416.5
416.5
416.5
416.5
416.5
416.5
416.5
416.5
416.5
416.5
416.5
416.5
416.5
416.5
416.5
416.5
416.5
416.5
416.5
416.5
416.5
416.5
416.5
416.5
416.5
416.5
416.5
416.5
416.5
416.5
416.5
416.5
416.6
416.6
416.6
416.6
416.6
416.6
416.6
416.6
416.6
416.6
416.6
416.7
416.7
416.7
416.7
416.7
416.8
416.8
416.8
416.9
416.9
416.9
416.9
416.9
417.0
417.1
417.1
417.2
417.2
417.2
417.2
417.2
417.3
417.3
417.4
417.4
417.4
417.5
417.5
417.6
417.8
417.9
417.9
417.9
417.9
418.0
421.2
421.3
421.3
421.3
421.3
421.3
421.3
421.3
421.3
421.3
421.3
421.3
421.4
421.4
421.4
421.4
421.4
421.4
421.4
421.4
421.4
421.4
421.4
421.4
421.4
421.4
421.4
421.4
421.4
421.4
421.4
421.4
421.4
421.4
421.4
421.4
421.5
421.5
421.5
421.5
421.5
421.5
421.5
421.5
421.5
421.5
421.5
421.5
421.5
421.5
421.5
421.5
421.5
421.5
421.5
421.5
421.5
421.5
421.5
421.6
421.6
421.6
421.6
421.7
421.7
421.7
421.7
421.7
421.9
421.9
422.0
422.1
422.2
422.2
422.2
422.3
422.3
422.4
422.5
422.8
422.8
423.1
423.1
423.1
423.2
423.2
423.4
423.5
423.7
423.7
423.9
424.2
424.3
424.4
424.9
425.1
425.2
425.3
425.3
425.4
425.4
425.4
425.5
425.5
425.5
425.5
425.5
425.5
425.5
425.6
425.6
425.6
425.6
425.6
425.6
425.6
425.6
425.6
425.6
425.6
425.7
425.7
425.7
425.7
425.7
425.7
425.7
425.7
425.8
425.8
425.8
425.8
425.8
425.8
425.8
425.8
425.9
425.9
425.9
425.9
425.9
425.9
425.9
425.9
425.9
425.9
426.0
426.0
426.0
426.0
426.0
426.0
426.1
426.1
426.1
426.2
426.2
426.2
426.2
426.3
426.3
426.3
426.4
426.6
426.6
426.7
426.7
426.7
426.9
426.9
426.9
427.0
427.0
427.0
427.3
427.4
427.4
427.6
427.9
428.4
428.5
428.6
428.6
428.7
428.9
429.1
429.4
429.7
429.9
430.0
430.2
430.2
430.2
430.2
430.3
430.3
430.3
430.4
430.4
430.5
430.5
430.5
430.5
430.5
430.5
430.6
430.6
430.6
430.7
430.7
430.7
430.7
430.8
430.8
430.8
430.8
430.8
430.9
430.9
430.9
430.9
431.0
431.1
431.1
431.1
431.1
431.1
431.1
431.2
431.2
431.2
431.2
431.3
431.3
431.4
431.4
431.4
431.4
431.4
431.5
431.5
431.5
431.5
431.7
431.8
431.8
431.8
431.8
431.9
431.9
431.9
432.0
432.1
432.1
432.4
432.4
432.6
432.7
432.7
432.8
433.0
433.2
433.2
433.2
433.3
433.3
433.8
433.8
434.0
434.1
434.2
434.2
434.3
434.5
434.7
434.9
435.0
435.2
436.6
437.0
437.6
437.7
438.1
438.2
438.3
438.5
438.7
438.8
438.9
439.2
439.3
439.5
439.6
439.6
439.7
439.8
439.8
439.8
439.9
440.1
440.4
440.6
440.6
440.7
440.7
440.9
440.9
440.9
440.9
441.0
441.0
441.0
441.6
441.7
441.8
441.9
442.0
442.0
442.1
442.1
442.2
442.3
442.4
442.4
442.5
442.6
442.7
442.8
442.9
443.1
443.2
443.4
443.6
443.8
443.8
444.1
444.2
444.3
444.7
444.8
445.1
445.6
446.0
446.6
446.8
447.0
447.2
447.4
447.5
447.6
447.6
449.6
450.1
451.2
453.0
454.4
454.6
455.6
456.6
456.6
465.5
545.9
545.9
545.9
545.9
545.9
545.9
545.9
545.9
545.9
545.9
545.9
545.9
545.9
545.9
545.9
546.0
546.0
546.0
546.0
546.0
546.0
546.0
546.0
546.0
546.0
546.0
546.0
546.0
546.0
546.0
546.0
546.0
546.0
546.0
546.0
546.0
546.0
546.0
546.0
546.0
546.0
546.0
546.0
546.0
546.0
546.0
546.0
546.0
546.0
546.0
546.1
546.1
546.1
546.1
546.1
546.1
546.1
546.1
546.1
546.1
546.1
546.1
546.1
546.1
546.1
546.1
546.1
546.1
546.2
546.2
546.2
546.2
546.2
546.2
546.2
546.2
546.2
546.3
546.3
546.5
546.5
546.5
546.5
546.6
546.6
546.6
546.6
546.6
546.7
546.7
546.7
546.8
546.9
546.9
547.0
547.1
547.1
547.1
547.1
547.4
552.4
552.4
552.4
552.4
552.5
552.5
552.5
552.5
552.5
552.5
552.5
552.5
552.5
552.5
552.6
552.6
552.6
552.6
552.6
552.6
552.6
552.6
552.6
552.6
552.6
552.6
552.6
552.6
552.7
552.7
552.7
552.7
552.8
552.8
552.8
552.8
552.8
552.9
552.9
552.9
552.9
552.9
552.9
553.0
553.0
553.0
553.0
553.0
553.0
553.0
553.0
553.0
553.0
553.1
553.1
553.1
553.1
553.1
553.1
553.1
553.2
553.2
553.2
553.3
553.3
553.4
553.4
553.4
553.7
553.7
553.7
553.7
553.9
553.9
553.9
554.1
554.1
554.5
554.6
555.8
555.8
555.9
556.0
556.7
556.7
556.9
557.1
557.3
557.5
557.6
557.9
559.7
559.7
560.2
561.5
563.0
563.2
563.6
563.7
564.5
564.5
564.5
564.5
564.5
564.5
564.5
564.5
564.5
564.5
564.5
564.5
564.5
564.5
564.5
564.5
564.5
564.5
564.5
564.5
564.6
564.6
564.6
564.6
564.6
564.6
564.6
564.6
564.6
564.6
564.6
564.6
564.6
564.6
564.6
564.6
564.6
564.6
564.6
564.6
564.6
564.6
564.6
564.6
564.6
564.6
564.6
564.6
564.6
564.6
564.6
564.6
564.6
564.6
564.6
564.6
564.6
564.6
564.6
564.6
564.6
564.7
564.7
564.7
564.7
564.7
564.7
564.7
564.7
564.8
564.8
564.8
564.9
565.1
565.3
565.3
565.5
565.5
565.5
565.5
565.6
565.8
565.9
565.9
566.1
566.3
566.3
566.3
566.3
566.7
566.7
566.9
567.4
567.6
567.7
568.5
568.5
568.6
568.6
568.6
568.6
568.6
568.7
568.7
568.7
568.7
568.7
568.7
568.7
568.7
568.8
568.8
568.8
568.8
568.8
568.8
568.8
568.8
568.8
568.8
568.9
568.9
568.9
568.9
568.9
568.9
568.9
568.9
568.9
569.0
569.0
569.0
569.0
569.0
569.1
569.1
569.1
569.1
569.1
569.1
569.1
569.1
569.2
569.2
569.2
569.2
569.2
569.3
569.3
569.3
569.4
569.4
569.4
569.4
569.4
569.6
569.6
569.8
569.8
569.9
569.9
569.9
570.0
570.2
570.2
570.2
570.3
570.4
570.6
570.6
570.8
570.8
570.9
571.1
571.4
571.4
571.6
571.7
571.8
571.8
571.8
572.0
572.1
572.5
572.7
572.9
573.1
573.1
573.6
573.6
573.6
573.7
573.7
573.9
573.9
573.9
573.9
573.9
573.9
573.9
573.9
574.1
574.1
574.1
574.1
574.1
574.1
574.1
574.1
574.2
574.2
574.2
574.3
574.3
574.3
574.3
574.3
574.3
574.3
574.4
574.4
574.5
574.5
574.5
574.5
574.5
574.6
574.6
574.7
574.7
574.7
574.7
574.8
574.8
574.9
574.9
575.0
575.0
575.1
575.1
575.1
575.2
575.2
575.3
575.3
575.3
575.4
575.6
575.8
575.8
575.8
575.9
575.9
576.1
576.1
576.2
576.2
576.4
576.6
576.7
576.7
576.8
577.0
577.0
577.2
577.3
577.9
578.0
578.0
578.1
578.3
578.3
578.5
578.6
578.6
578.6
578.7
579.0
579.1
579.2
579.3
579.3
579.4
579.5
579.6
579.8
579.8
579.8
579.9
579.9
579.9
579.9
579.9
579.9
579.9
580.0
580.0
580.0
580.0
580.0
580.1
580.1
580.1
580.1
580.2
580.2
580.2
580.2
580.2
580.2
580.3
580.3
580.4
580.4
580.4
580.4
580.4
580.4
580.5
580.5
580.5
580.5
580.5
580.6
580.7
580.7
580.7
580.7
580.8
580.9
580.9
581.0
581.0
581.2
581.2
581.2
581.3
581.3
581.4
581.5
581.5
581.6
581.6
581.7
581.7
581.8
581.9
582.5
582.6
582.6
582.7
582.7
582.7
582.7
583.2
583.3
583.4
583.6
583.6
584.2
584.4
584.7
585.2
585.3
585.6
586.6
586.9
587.1
587.1
587.2
587.2
587.5
587.8
587.9
588.5
588.7
588.9
589.2
590.0
590.4
590.8
590.9
590.9
591.0
591.4
592.2
592.3
592.4
592.6
592.6
592.6
592.7
593.1
593.1
593.1
593.2
593.3
593.3
593.3
593.5
593.8
593.9
594.1
594.1
594.4
594.4
594.8
594.8
594.8
595.0
595.1
595.1
595.2
595.3
595.4
595.4
595.8
595.9
596.5
596.6
597.1
597.5
597.9
598.3
598.3
598.4
598.5
599.4
599.5
599.7
600.2
600.4
600.5
600.7
600.7
600.7
600.9
601.5
601.6
601.9
602.5
603.0
603.8
604.3
604.4
605.8
605.9
606.0
607.8
609.6
618.4
623.0
624.7
693.0
693.0
693.0
693.0
693.0
693.0
693.1
693.1
693.1
693.1
693.1
693.1
693.1
693.1
693.1
693.1
693.1
693.1
693.1
693.1
693.1
693.1
693.1
693.1
693.1
693.1
693.1
693.1
693.1
693.1
693.1
693.1
693.1
693.1
693.1
693.1
693.1
693.1
693.1
693.1
693.1
693.1
693.1
693.1
693.1
693.1
693.1
693.1
693.1
693.1
693.1
693.1
693.1
693.1
693.1
693.1
693.2
693.2
693.2
693.2
693.2
693.2
693.2
693.2
693.2
693.2
693.2
693.2
693.2
693.2
693.3
693.3
693.3
693.3
693.3
693.3
693.3
693.4
693.4
693.5
693.5
693.5
693.6
693.6
693.6
693.7
693.7
693.7
693.7
693.7
693.8
693.9
693.9
693.9
694.0
694.1
694.1
694.2
694.2
694.4
699.6
699.6
699.7
699.7
699.7
699.7
699.7
699.7
699.7
699.7
699.8
699.8
699.8
699.8
699.8
699.8
699.8
699.8
699.8
699.8
699.8
699.8
699.8
699.8
699.9
699.9
699.9
699.9
699.9
699.9
699.9
699.9
700.0
700.0
700.0
700.0
700.0
700.0
700.1
700.1
700.1
700.1
700.1
700.2
700.2
700.2
700.2
700.2
700.2
700.2
700.2
700.2
700.2
700.2
700.2
700.3
700.3
700.3
700.3
700.3
700.4
700.4
700.4
700.5
700.5
700.5
700.5
700.6
700.8
700.8
700.9
700.9
701.0
701.0
701.0
701.1
701.2
701.4
701.4
702.0
702.0
702.1
702.2
702.3
702.3
702.4
702.6
702.6
702.6
702.6
702.8
703.2
703.2
703.2
703.6
703.9
703.9
704.1
704.1
704.6
705.5
705.5
705.6
705.6
705.6
705.6
705.6
705.7
705.7
705.7
705.7
705.7
705.7
705.7
705.7
705.7
705.7
705.7
705.7
705.7
705.7
705.7
705.8
705.8
705.8
705.8
705.8
705.8
705.8
705.9
705.9
705.9
705.9
705.9
706.0
706.0
706.0
706.0
706.0
706.0
706.0
706.0
706.1
706.1
706.1
706.1
706.1
706.1
706.1
706.2
706.2
706.2
706.2
706.3
706.3
706.3
706.3
706.3
706.3
706.4
706.4
706.5
706.5
706.6
706.6
706.7
706.8
706.9
706.9
707.0
707.1
707.1
707.2
707.2
707.3
707.3
707.4
707.6
707.8
708.2
708.4
708.4
708.4
708.5
708.5
708.6
708.7
708.8
708.8
708.8
708.8
709.2
709.2
709.3
709.4
709.4
709.4
709.4
709.4
709.4
709.5
709.5
709.5
709.5
709.5
709.5
709.6
709.6
709.6
709.6
709.6
709.6
709.6
709.7
709.7
709.7
709.7
709.7
709.7
709.7
709.7
709.7
709.8
709.8
709.8
709.8
709.8
709.8
709.8
709.8
709.8
709.8
709.8
709.9
709.9
709.9
710.0
710.0
710.0
710.0
710.0
710.0
710.1
710.1
710.2
710.2
710.2
710.2
710.2
710.2
710.3
710.3
710.3
710.4
710.4
710.4
710.4
710.4
710.5
710.5
710.6
710.6
710.6
710.7
710.8
711.1
711.2
711.5
711.5
711.5
711.6
711.8
711.8
712.0
712.1
712.2
712.6
712.6
713.0
713.7
713.8
713.9
714.0
714.0
714.1
714.2
714.2
714.3
714.3
714.4
714.4
714.5
714.5
714.5
714.5
714.6
714.6
714.6
714.6
714.6
714.6
714.7
714.7
714.7
714.8
714.8
714.8
714.8
714.8
714.9
714.9
714.9
714.9
714.9
714.9
715.0
715.0
715.0
715.0
715.0
715.0
715.0
715.0
715.1
715.1
715.1
715.2
715.2
715.2
715.2
715.2
715.2
715.2
715.2
715.3
715.3
715.4
715.4
715.4
715.4
715.5
715.5
715.5
715.6
715.7
715.7
715.8
715.9
715.9
716.1
716.1
716.2
716.3
716.3
716.3
716.6
716.7
716.9
717.0
717.1
717.1
717.5
717.5
717.5
717.5
717.8
717.9
718.0
718.0
718.1
718.3
718.4
718.9
719.3
719.4
719.5
719.8
720.0
721.4
721.6
721.7
721.8
722.1
722.1
722.6
723.4
723.6
723.6
723.9
723.9
724.3
724.4
724.4
724.4
724.5
724.5
724.6
724.8
724.8
724.9
724.9
725.0
725.1
725.2
725.4
725.4
725.6
725.7
725.7
725.7
725.7
725.9
725.9
726.0
726.1
726.1
726.1
726.2
726.3
726.3
726.6
726.6
726.6
726.7
726.7
726.7
726.7
726.7
726.9
726.9
727.0
727.2
727.3
727.4
727.5
727.5
727.6
727.7
727.8
728.0
728.0
728.3
728.4
728.7
728.7
729.0
729.1
729.3
729.8
729.8
729.9
729.9
730.1
730.2
731.7
732.3
733.4
734.0
734.0
734.2
734.3
734.3
734.3
734.5
734.6
734.6
734.6
734.6
734.6
734.8
734.8
734.8
734.9
734.9
735.0
735.0
735.0
735.0
735.0
735.0
735.0
735.0
735.0
735.0
735.0
735.0
735.1
735.1
735.1
735.1
735.1
735.1
735.1
735.1
735.1
735.1
735.1
735.1
735.1
735.1
735.1
735.1
735.1
735.1
735.1
735.1
735.1
735.1
735.1
735.1
735.1
735.1
735.1
735.1
735.1
735.1
735.1
735.1
735.2
735.2
735.2
735.2
735.2
735.2
735.2
735.2
735.2
735.2
735.2
735.2
735.2
735.2
735.2
735.3
735.3
735.3
735.3
735.3
735.3
735.3
735.4
735.4
735.4
735.4
735.4
735.4
735.6
735.6
735.6
735.7
735.7
735.7
736.0
736.3
736.3
736.8
738.5
739.7
739.8
740.1
740.5
740.5
740.6
740.8
740.9
740.9
740.9
740.9
740.9
740.9
741.0
741.0
741.0
741.0
741.0
741.0
741.0
741.0
741.0
741.0
741.0
741.0
741.0
741.0
741.1
741.1
741.1
741.1
741.1
741.1
741.1
741.1
741.1
741.1
741.1
741.1
741.1
741.2
741.2
741.2
741.2
741.2
741.2
741.2
741.2
741.2
741.2
741.2
741.2
741.2
741.3
741.3
741.3
741.3
741.3
741.4
741.4
741.4
741.4
741.4
741.4
741.5
741.5
741.5
741.5
741.5
741.5
741.6
741.6
741.6
741.6
741.7
741.8
741.9
742.0
742.1
742.1
742.2
742.3
742.4
742.5
742.5
742.5
742.6
742.6
742.7
742.7
742.8
742.9
743.0
743.1
743.1
743.1
743.7
743.7
743.9
744.3
745.0
745.2
745.6
745.6
745.6
745.7
745.7
745.7
745.8
745.8
745.8
745.8
745.9
745.9
745.9
746.0
746.0
746.0
746.0
746.0
746.1
746.1
746.1
746.1
746.2
746.2
746.2
746.2
746.3
746.3
746.3
746.3
746.3
746.3
746.3
746.3
746.4
746.4
746.4
746.4
746.5
746.5
746.5
746.5
746.6
746.6
746.6
746.6
746.7
746.7
746.7
746.7
746.7
746.7
746.7
746.7
746.8
746.8
746.8
746.9
746.9
747.0
747.2
747.3
747.3
747.3
747.3
747.4
747.5
747.6
747.6
747.7
747.8
748.2
748.3
748.5
748.6
749.6
750.0
750.0
750.1
750.8
750.9
751.0
751.3
751.3
751.5
751.5
751.8
751.9
752.0
752.2
752.2
752.2
752.2
752.3
752.3
752.4
752.4
752.4
752.4
752.5
752.6
752.6
752.7
752.7
752.7
752.8
752.8
752.8
752.9
752.9
752.9
752.9
752.9
752.9
753.0
753.0
753.1
753.1
753.1
753.1
753.1
753.1
753.2
753.2
753.2
753.3
753.4
753.4
753.5
753.5
753.5
753.5
753.5
753.6
753.6
753.6
753.6
753.7
753.7
753.7
753.7
753.7
753.7
753.7
753.8
753.9
754.0
754.0
754.0
754.0
754.0
754.1
754.1
754.2
754.2
754.2
754.2
754.3
754.3
754.3
754.4
754.4
754.6
754.7
754.8
754.8
754.8
754.8
754.9
755.1
755.5
755.6
755.7
756.1
756.3
758.1
758.1
758.5
759.0
759.2
760.3
760.5
760.7
760.8
760.8
760.9
761.0
761.5
761.5
761.5
762.1
762.1
762.2
762.3
762.4
762.5
762.7
762.7
762.8
762.9
763.2
763.2
763.5
763.6
763.7
763.7
763.8
763.8
764.0
764.0
764.0
764.1
764.1
764.1
764.2
764.2
764.5
764.5
764.7
765.2
765.5
765.5
765.6
765.9
766.0
766.1
766.1
766.7
766.8
766.9
767.1
767.1
767.3
767.4
767.7
768.2
768.3
768.5
768.6
769.0
769.0
769.1
769.3
770.1
770.2
770.3
770.5
770.5
770.8
771.6
772.5
773.2
773.4
774.7
774.9
781.5
787.6
805.0
863.4
863.4
863.4
863.5
863.5
863.5
863.5
863.5
863.5
863.5
863.5
863.5
863.5
863.5
863.5
863.5
863.5
863.5
863.5
863.5
863.5
863.5
863.5
863.6
863.6
863.6
863.6
863.6
863.6
863.6
863.6
863.6
863.6
863.6
863.6
863.6
863.6
863.6
863.6
863.6
863.6
863.6
863.6
863.6
863.6
863.6
863.6
863.6
863.6
863.6
863.6
863.6
863.6
863.6
863.6
863.6
863.6
863.6
863.6
863.6
863.7
863.7
863.7
863.7
863.7
863.7
863.8
863.8
863.8
863.9
863.9
863.9
863.9
863.9
864.0
864.1
864.2
864.2
864.2
864.2
864.3
864.4
864.4
864.4
864.4
864.6
864.7
864.9
865.0
865.2
865.3
865.5
865.6
865.7
865.8
866.0
866.1
866.2
866.3
866.3
868.0
868.0
868.0
868.0
868.0
868.0
868.0
868.0
868.0
868.0
868.0
868.0
868.0
868.0
868.0
868.0
868.0
868.0
868.0
868.0
868.0
868.1
868.1
868.1
868.1
868.1
868.1
868.1
868.1
868.1
868.1
868.1
868.1
868.1
868.1
868.1
868.1
868.1
868.1
868.1
868.1
868.1
868.1
868.1
868.1
868.1
868.1
868.1
868.1
868.1
868.1
868.1
868.1
868.1
868.1
868.1
868.1
868.1
868.1
868.1
868.1
868.1
868.1
868.1
868.1
868.2
868.2
868.2
868.2
868.2
868.2
868.3
868.3
868.5
868.5
868.5
868.5
868.6
868.6
868.6
868.6
868.7
868.7
868.8
868.9
868.9
869.1
869.2
869.2
869.5
869.6
869.9
870.3
870.5
870.6
870.9
871.2
871.4
871.5
871.5
872.1
872.1
872.1
872.1
872.1
872.1
872.1
872.1
872.2
872.2
872.2
872.2
872.2
872.2
872.2
872.2
872.2
872.2
872.2
872.2
872.2
872.2
872.2
872.2
872.2
872.2
872.2
872.2
872.2
872.2
872.2
872.2
872.2
872.2
872.2
872.2
872.2
872.2
872.2
872.2
872.2
872.2
872.2
872.3
872.3
872.3
872.3
872.3
872.3
872.3
872.3
872.3
872.3
872.3
872.3
872.3
872.3
872.3
872.4
872.4
872.4
872.4
872.5
872.5
872.5
872.5
872.5
872.5
872.6
872.6
872.6
872.6
872.8
872.9
872.9
873.1
873.1
873.2
873.2
873.2
873.2
873.3
873.3
873.3
873.5
873.6
873.8
873.9
874.3
874.4
874.4
874.6
875.4
875.5
875.8
876.1
876.1
876.1
876.2
876.2
876.2
876.2
876.2
876.2
876.3
876.3
876.3
876.3
876.3
876.3
876.3
876.3
876.3
876.3
876.3
876.3
876.4
876.4
876.4
876.4
876.4
876.4
876.4
876.4
876.4
876.4
876.4
876.4
876.4
876.4
876.4
876.5
876.5
876.5
876.5
876.5
876.5
876.5
876.5
876.5
876.6
876.6
876.6
876.6
876.6
876.6
876.6
876.6
876.7
876.7
876.7
876.7
876.7
876.7
876.7
876.8
876.8
876.8
876.9
877.0
877.0
877.0
877.1
877.1
877.2
877.2
877.3
877.3
877.3
877.5
877.5
877.6
877.6
877.7
877.7
878.1
878.1
878.3
878.4
878.5
878.5
878.5
878.6
878.8
878.9
879.4
879.7
880.1
880.4
880.7
881.1
881.4
881.8
882.0
882.1
882.1
882.2
882.2
882.2
882.3
882.3
882.3
882.3
882.3
882.4
882.5
882.5
882.5
882.6
882.6
882.6
882.6
882.6
882.7
882.7
882.8
882.8
882.8
882.8
882.9
882.9
882.9
883.0
883.0
883.0
883.0
883.0
883.0
883.0
883.0
883.1
883.1
883.1
883.1
883.1
883.2
883.2
883.3
883.3
883.3
883.4
883.4
883.5
883.5
883.5
883.5
883.5
883.5
883.7
883.7
883.8
883.8
883.9
883.9
884.0
884.0
884.2
884.3
884.4
884.7
884.7
884.8
884.9
884.9
885.2
885.4
885.4
885.7
886.0
886.2
886.4
886.6
886.9
886.9
887.4
887.6
887.9
888.0
888.3
888.3
889.1
889.9
890.1
890.1
891.3
891.6
894.6
896.1
896.2
898.0
906.9
907.3
907.8
907.9
908.0
908.0
908.1
908.1
908.1
908.2
908.2
908.2
908.2
908.2
908.2
908.2
908.2
908.2
908.3
908.3
908.3
908.3
908.3
908.3
908.3
908.3
908.3
908.3
908.3
908.4
908.4
908.4
908.4
908.4
908.4
908.4
908.4
908.4
908.4
908.4
908.4
908.4
908.5
908.5
908.5
908.5
908.5
908.5
908.5
908.5
908.5
908.5
908.5
908.5
908.6
908.6
908.6
908.6
908.6
908.6
908.6
908.6
908.6
908.6
908.6
908.6
908.6
908.6
908.7
908.7
908.9
908.9
908.9
909.0
909.0
909.0
909.1
909.2
909.3
909.3
909.3
909.4
909.4
909.5
909.5
909.6
909.6
909.8
910.0
910.2
910.2
910.5
910.6
910.8
910.8
910.9
910.9
911.0
911.8
911.8
916.0
916.9
917.1
917.2
917.2
917.2
917.3
917.3
917.3
917.3
917.3
917.3
917.3
917.3
917.3
917.3
917.3
917.3
917.3
917.3
917.3
917.3
917.3
917.3
917.3
917.3
917.3
917.3
917.3
917.3
917.3
917.3
917.4
917.4
917.4
917.4
917.4
917.4
917.4
917.4
917.4
917.4
917.4
917.4
917.4
917.4
917.4
917.4
917.4
917.4
917.4
917.4
917.4
917.4
917.4
917.4
917.4
917.4
917.4
917.4
917.4
917.4
917.4
917.4
917.5
917.5
917.5
917.5
917.5
917.5
917.5
917.6
917.7
917.7
917.8
917.8
917.8
917.9
917.9
917.9
917.9
918.0
918.0
918.0
918.1
918.2
918.2
918.2
918.3
918.3
918.4
918.4
918.5
918.5
918.8
918.8
918.9
919.0
919.0
919.1
920.5
921.6
921.8
921.8
921.8
921.9
921.9
921.9
921.9
921.9
921.9
921.9
921.9
921.9
921.9
921.9
921.9
921.9
921.9
921.9
922.0
922.0
922.0
922.0
922.0
922.0
922.0
922.0
922.0
922.0
922.0
922.0
922.0
922.0
922.0
922.0
922.0
922.0
922.0
922.0
922.1
922.1
922.1
922.1
922.1
922.1
922.1
922.1
922.1
922.1
922.1
922.1
922.1
922.1
922.1
922.1
922.2
922.2
922.2
922.2
922.2
922.3
922.3
922.3
922.4
922.4
922.4
922.5
922.5
922.5
922.6
922.6
922.7
922.7
922.8
922.9
922.9
923.0
923.2
923.3
923.3
923.4
923.4
923.4
923.5
923.7
923.8
923.8
923.8
924.0
924.0
924.2
924.2
924.4
924.7
925.0
925.0
925.2
925.6
925.6
925.6
925.7
926.1
926.1
926.1
926.2
926.2
926.3
926.3
926.3
926.3
926.3
926.3
926.3
926.4
926.4
926.4
926.4
926.4
926.4
926.4
926.4
926.5
926.5
926.5
926.5
926.5
926.5
926.6
926.6
926.6
926.6
926.6
926.6
926.6
926.7
926.7
926.7
926.7
926.7
926.7
926.8
926.8
926.8
926.8
926.8
926.9
926.9
926.9
927.0
927.0
927.0
927.0
927.0
927.0
927.1
927.1
927.1
927.2
927.2
927.2
927.4
927.5
927.6
927.6
927.7
927.8
928.0
928.0
928.1
928.1
928.1
928.1
928.3
928.5
928.6
928.6
929.0
929.2
929.3
929.6
929.6
929.7
929.7
929.8
930.1
930.2
930.6
930.7
930.7
930.8
931.1
931.5
931.7
932.0
932.3
932.3
932.4
932.4
932.4
932.4
932.4
932.5
932.5
932.5
932.6
932.6
932.6
932.7
932.7
932.7
932.8
932.8
932.9
932.9
933.0
933.0
933.1
933.1
933.1
933.2
933.2
933.2
933.2
933.3
933.3
933.3
933.3
933.3
933.3
933.3
933.4
933.4
933.4
933.4
933.4
933.4
933.4
933.5
933.5
933.5
933.5
933.6
933.6
933.7
933.7
933.7
933.7
933.8
933.9
933.9
934.0
934.1
934.1
934.1
934.3
934.3
934.3
934.4
934.5
934.5
934.6
934.7
934.9
934.9
935.0
935.0
935.3
935.4
935.5
935.9
936.1
936.3
936.5
936.6
936.7
936.8
937.0
937.7
938.6
938.9
939.4
939.6
939.7
940.1
940.4
940.6
942.5
942.9
943.1
943.7
944.2
944.3
944.4
944.9
945.2
945.3
946.1
946.3
946.6
946.7
947.1
947.2
947.3
947.7
947.8
947.8
947.9
947.9
947.9
947.9
948.1
948.2
948.2
948.3
948.3
948.5
948.7
948.8
948.8
949.4
949.5
949.6
949.7
949.7
949.7
949.9
949.9
950.6
951.4
951.5
951.6
952.0
952.6
952.9
952.9
953.3
953.7
954.4
954.4
954.6
954.7
954.8
955.1
955.3
956.2
956.5
956.5
956.6
957.0
957.3
958.5
958.8
959.3
962.3
962.8
964.8
967.1
975.8
1039.0
1039.0
1039.0
1039.0
1039.1
1039.1
1039.1
1039.1
1039.1
1039.1
1039.1
1039.1
1039.1
1039.1
1039.1
1039.1
1039.1
1039.1
1039.1
1039.2
1039.2
1039.2
1039.2
1039.2
1039.2
1039.2
1039.2
1039.2
1039.2
1039.2
1039.2
1039.2
1039.2
1039.2
1039.2
1039.2
1039.2
1039.2
1039.2
1039.2
1039.2
1039.2
1039.2
1039.3
1039.3
1039.3
1039.3
1039.3
1039.3
1039.3
1039.3
1039.3
1039.3
1039.3
1039.3
1039.4
1039.4
1039.4
1039.4
1039.4
1039.4
1039.5
1039.5
1039.6
1039.6
1039.7
1039.7
1039.7
1039.7
1039.8
1039.8
1039.8
1039.9
1040.0
1040.0
1040.1
1040.2
1040.2
1040.2
1040.3
1040.3
1040.3
1040.3
1040.4
1040.4
1040.4
1040.6
1040.7
1040.7
1040.8
1040.8
1040.9
1041.0
1041.0
1041.1
1041.1
1041.2
1041.3
1041.3
1041.3
1042.9
1042.9
1042.9
1042.9
1042.9
1042.9
1042.9
1042.9
1042.9
1042.9
1043.0
1043.0
1043.0
1043.0
1043.0
1043.0
1043.0
1043.0
1043.1
1043.1
1043.1
1043.1
1043.1
1043.1
1043.1
1043.1
1043.1
1043.1
1043.1
1043.1
1043.1
1043.1
1043.1
1043.2
1043.2
1043.2
1043.2
1043.2
1043.2
1043.2
1043.2
1043.2
1043.2
1043.2
1043.2
1043.2
1043.3
1043.3
1043.3
1043.3
1043.3
1043.3
1043.3
1043.3
1043.3
1043.4
1043.5
1043.5
1043.5
1043.5
1043.6
1043.6
1043.8
1043.8
1043.8
1043.8
1043.9
1043.9
1043.9
1043.9
1044.0
1044.1
1044.1
1044.6
1044.6
1044.6
1044.7
1044.8
1044.9
1044.9
1044.9
1045.0
1045.1
1045.1
1045.3
1045.3
1045.5
1045.6
1045.9
1045.9
1046.0
1046.1
1046.5
1046.5
1046.6
1046.6
1046.6
1046.7
1046.7
1046.7
1046.7
1046.7
1046.7
1046.7
1046.7
1046.7
1046.7
1046.7
1046.7
1046.7
1046.8
1046.8
1046.8
1046.8
1046.8
1046.8
1046.9
1046.9
1046.9
1046.9
1046.9
1046.9
1046.9
1046.9
1046.9
1046.9
1046.9
1046.9
1046.9
1047.0
1047.0
1047.0
1047.0
1047.0
1047.0
1047.0
1047.0
1047.0
1047.0
1047.0
1047.0
1047.0
1047.0
1047.0
1047.1
1047.1
1047.1
1047.1
1047.1
1047.1
1047.1
1047.1
1047.1
1047.2
1047.2
1047.3
1047.3
1047.3
1047.5
1047.5
1047.6
1047.6
1047.7
1047.7
1047.7
1047.8
1047.9
1047.9
1047.9
1048.0
1048.1
1048.2
1048.2
1048.8
1048.8
1049.1
1049.1
1049.2
1049.2
1049.4
1049.5
1049.5
1049.5
1049.7
1050.0
1050.2
1050.5
1050.6
1050.7
1050.7
1050.8
1050.8
1050.8
1050.8
1050.8
1050.9
1050.9
1050.9
1050.9
1050.9
1050.9
1051.0
1051.0
1051.0
1051.0
1051.0
1051.0
1051.1
1051.1
1051.1
1051.1
1051.1
1051.1
1051.1
1051.1
1051.1
1051.2
1051.2
1051.2
1051.3
1051.3
1051.3
1051.3
1051.3
1051.3
1051.3
1051.3
1051.4
1051.4
1051.4
1051.4
1051.4
1051.4
1051.4
1051.4
1051.4
1051.5
1051.5
1051.5
1051.5
1051.5
1051.6
1051.6
1051.6
1051.6
1051.7
1051.7
1051.8
1051.8
1051.8
1052.1
1052.2
1052.2
1052.2
1052.3
1052.3
1052.4
1052.4
1052.6
1052.6
1052.7
1052.7
1052.8
1052.8
1052.8
1052.8
1052.8
1052.8
1053.3
1053.4
1053.5
1053.6
1053.7
1053.9
1054.0
1054.7
1054.8
1054.8
1054.9
1055.0
1055.0
1055.3
1055.3
1055.8
1056.1
1056.6
1056.8
1056.8
1057.0
1057.1
1057.1
1057.1
1057.1
1057.1
1057.2
1057.2
1057.2
1057.2
1057.2
1057.2
1057.5
1057.5
1057.5
1057.5
1057.5
1057.6
1057.6
1057.7
1057.7
1057.7
1057.8
1057.8
1057.8
1057.8
1057.8
1057.9
1057.9
1058.0
1058.0
1058.1
1058.1
1058.1
1058.1
1058.2
1058.2
1058.2
1058.2
1058.3
1058.3
1058.3
1058.4
1058.5
1058.5
1058.5
1058.6
1058.7
1058.7
1058.7
1058.8
1058.9
1058.9
1059.1
1059.1
1059.1
1059.2
1059.2
1059.4
1059.4
1059.5
1059.5
1059.8
1060.0
1060.1
1060.1
1060.3
1060.4
1060.5
1060.9
1061.0
1061.1
1061.7
1061.8
1062.5
1062.5
1063.0
1063.1
1063.5
1063.8
1063.9
1064.2
1064.5
1065.7
1066.3
1067.0
1068.8
1069.0
1069.1
1069.5
1069.7
1070.6
1071.8
1072.4
1074.1
1076.9
1104.8
1205.5
1205.5
1205.5
1205.5
1205.5
1205.5
1205.5
1205.5
1205.5
1205.5
1205.5
1205.5
1205.5
1205.5
1205.5
1205.5
1205.5
1205.5
1205.5
1205.5
1205.5
1205.5
1205.5
1205.5
1205.5
1205.5
1205.5
1205.5
1205.5
1205.5
1205.5
1205.5
1205.5
1205.5
1205.5
1205.5
1205.5
1205.5
1205.5
1205.5
1205.5
1205.5
1205.5
1205.5
1205.5
1205.5
1205.5
1205.5
1205.5
1205.5
1205.5
1205.5
1205.5
1205.5
1205.5
1205.5
1205.5
1205.5
1205.5
1205.6
1205.6
1205.6
1205.6
1205.6
1205.6
1205.6
1205.6
1205.6
1205.6
1205.6
1205.6
1205.7
1205.7
1205.7
1205.7
1205.7
1205.7
1205.7
1205.8
1205.8
1205.8
1205.9
1205.9
1205.9
1205.9
1205.9
1205.9
1205.9
1206.0
1206.0
1206.0
1206.1
1206.1
1206.1
1206.2
1206.2
1206.2
1206.3
1206.3
1206.3
1209.5
1209.5
1209.5
1209.5
1209.5
1209.5
1209.5
1209.6
1209.6
1209.6
1209.6
1209.6
1209.6
1209.6
1209.6
1209.6
1209.6
1209.6
1209.6
1209.6
1209.6
1209.6
1209.6
1209.6
1209.6
1209.6
1209.6
1209.6
1209.6
1209.6
1209.6
1209.6
1209.6
1209.6
1209.6
1209.6
1209.6
1209.6
1209.6
1209.6
1209.6
1209.6
1209.6
1209.6
1209.6
1209.6
1209.6
1209.6
1209.6
1209.6
1209.6
1209.6
1209.6
1209.6
1209.7
1209.7
1209.7
1209.7
1209.7
1209.7
1209.7
1209.7
1209.7
1209.7
1209.7
1209.8
1209.8
1209.8
1209.9
1209.9
1209.9
1210.0
1210.1
1210.1
1210.2
1210.2
1210.3
1210.3
1210.4
1210.4
1210.4
1210.6
1210.6
1210.6
1210.7
1210.7
1210.8
1210.8
1211.0
1211.0
1211.1
1211.2
1211.3
1211.4
1211.6
1211.7
1211.7
1211.9
1211.9
1212.0
1213.2
1213.2
1213.2
1213.2
1213.2
1213.2
1213.2
1213.2
1213.2
1213.3
1213.3
1213.3
1213.3
1213.3
1213.3
1213.3
1213.3
1213.3
1213.3
1213.3
1213.3
1213.3
1213.3
1213.3
1213.3
1213.3
1213.3
1213.3
1213.3
1213.4
1213.4
1213.4
1213.4
1213.4
1213.4
1213.4
1213.4
1213.4
1213.4
1213.4
1213.4
1213.4
1213.4
1213.4
1213.5
1213.5
1213.5
1213.5
1213.5
1213.5
1213.5
1213.5
1213.5
1213.5
1213.6
1213.6
1213.6
1213.6
1213.6
1213.6
1213.8
1213.8
1213.8
1213.9
1213.9
1213.9
1214.0
1214.0
1214.1
1214.1
1214.1
1214.2
1214.4
1214.4
1214.4
1214.7
1214.7
1215.0
1215.1
1215.1
1215.1
1215.2
1215.3
1215.3
1215.5
1215.7
1215.9
1215.9
1216.2
1216.4
1216.6
1216.8
1217.3
1217.3
1217.5
1217.8
1217.9
1218.0
1218.0
1218.0
1218.0
1218.0
1218.0
1218.0
1218.1
1218.1
1218.1
1218.1
1218.1
1218.1
1218.2
1218.2
1218.3
1218.3
1218.3
1218.3
1218.3
1218.3
1218.3
1218.4
1218.4
1218.4
1218.4
1218.4
1218.4
1218.4
1218.5
1218.5
1218.5
1218.5
1218.5
1218.5
1218.5
1218.6
1218.6
1218.6
1218.6
1218.6
1218.6
1218.6
1218.6
1218.6
1218.7
1218.7
1218.7
1218.7
1218.8
1218.8
1218.8
1218.8
1218.8
1218.9
1218.9
1218.9
1218.9
1218.9
1219.0
1219.0
1219.0
1219.1
1219.2
1219.4
1219.4
1219.4
1219.5
1219.5
1219.6
1219.8
1219.9
1220.0
1220.3
1220.3
1220.6
1220.6
1220.7
1221.0
1221.3
1221.6
1221.6
1221.6
1221.8
1221.8
1222.0
1222.4
1222.6
1223.5
1223.9
1224.4
1224.7
1224.8
1226.5
1226.9
1227.0
1227.4
1227.4
1227.6
1227.7
1228.0
1228.1
1228.2
1228.4
1228.5
1228.5
1228.6
1228.6
1228.6
1228.7
1228.7
1228.7
1228.8
1228.8
1228.8
1228.9
1229.2
1229.4
1229.4
1229.4
1229.6
1229.6
1229.7
1229.7
1229.8
1229.8
1229.8
1229.9
1230.1
1230.2
1230.2
1230.3
1230.3
1230.4
1230.4
1230.5
1230.5
1230.6
1230.7
1230.8
1231.1
1231.1
1231.2
1231.2
1231.3
1231.6
1231.6
1231.7
1232.0
1232.1
1232.3
1232.3
1232.3
1232.7
1232.9
1233.0
1233.4
1234.2
1235.2
1235.3
1235.4
1235.6
1235.7
1235.8
1235.8
1235.9
1236.3
1237.3
1239.3
1239.5
1242.2
1255.1
1255.4
1258.1
1258.4
1258.6
1258.6
1258.8
1258.8
1258.8
1258.8
1258.8
1258.8
1258.8
1258.8
1258.8
1258.8
1258.8
1258.8
1258.8
1258.8
1258.8
1258.8
1258.8
1258.8
1258.9
1258.9
1258.9
1258.9
1258.9
1258.9
1258.9
1258.9
1258.9
1258.9
1258.9
1258.9
1258.9
1258.9
1258.9
1258.9
1258.9
1258.9
1258.9
1258.9
1258.9
1258.9
1258.9
1258.9
1258.9
1258.9
1258.9
1258.9
1258.9
1258.9
1258.9
1258.9
1258.9
1258.9
1258.9
1258.9
1258.9
1258.9
1258.9
1258.9
1258.9
1258.9
1258.9
1259.0
1259.0
1259.0
1259.0
1259.0
1259.0
1259.0
1259.0
1259.0
1259.0
1259.1
1259.1
1259.1
1259.1
1259.1
1259.2
1259.2
1259.2
1259.2
1259.3
1259.3
1259.3
1259.4
1259.4
1259.4
1259.5
1259.5
1259.7
1259.7
1259.7
1259.8
1259.9
1259.9
1260.0
1260.3
1265.4
1265.4
1265.4
1265.5
1265.5
1265.5
1265.5
1265.5
1265.5
1265.6
1265.6
1265.6
1265.6
1265.6
1265.6
1265.6
1265.6
1265.6
1265.6
1265.6
1265.6
1265.6
1265.6
1265.7
1265.7
1265.7
1265.7
1265.7
1265.7
1265.7
1265.7
1265.7
1265.7
1265.7
1265.8
1265.8
1265.9
1265.9
1265.9
1265.9
1265.9
1265.9
1265.9
1265.9
1266.0
1266.0
1266.0
1266.0
1266.0
1266.0
1266.0
1266.0
1266.0
1266.0
1266.0
1266.1
1266.1
1266.1
1266.1
1266.2
1266.2
1266.2
1266.2
1266.2
1266.3
1266.3
1266.3
1266.4
1266.4
1266.5
1266.5
1266.6
1266.6
1266.7
1266.7
1266.8
1266.9
1266.9
1267.0
1267.1
1267.5
1268.0
1268.3
1268.6
1268.7
1268.8
1268.9
1269.0
1269.7
1269.9
1269.9
1270.1
1270.5
1271.5
1271.8
1272.1
1272.1
1272.2
1272.2
1272.2
1272.2
1272.3
1272.3
1272.3
1272.4
1272.4
1272.4
1272.4
1272.4
1272.5
1272.5
1272.5
1272.5
1272.6
1272.6
1272.6
1272.6
1272.6
1272.6
1272.7
1272.7
1272.7
1272.7
1272.7
1272.7
1272.7
1272.9
1272.9
1272.9
1273.0
1273.0
1273.3
1273.3
1273.6
1273.6
1273.7
1273.8
1273.8
1273.9
1274.0
1274.0
1274.1
1274.1
1274.1
1274.3
1274.4
1274.4
1274.5
1274.6
1274.7
1274.8
1274.9
1274.9
1275.0
1275.2
1275.3
1275.3
1275.3
1275.3
1275.4
1275.8
1275.8
1276.0
1276.0
1276.1
1276.1
1276.3
1276.3
1276.3
1276.4
1276.5
1277.2
1277.4
1277.6
1277.6
1277.7
1277.7
1277.8
1277.9
1277.9
1277.9
1278.0
1278.0
1278.1
1278.1
1278.3
1278.3
1278.3
1278.4
1278.4
1278.4
1278.6
1278.6
1278.7
1278.8
1278.8
1278.8
1278.8
1279.0
1279.1
1279.3
1279.3
1279.3
1279.4
1279.4
1279.4
1279.5
1279.5
1279.7
1279.7
1279.8
1279.8
1279.8
1279.9
1280.2
1280.2
1280.2
1280.5
1280.5
1280.8
1281.0
1281.0
1281.2
1281.3
1281.4
1281.6
1281.7
1282.0
1282.1
1282.2
1282.4
1282.5
1282.6
1282.8
1283.0
1283.2
1283.4
1283.4
1283.6
1283.7
1283.7
1283.7
1284.0
1284.1
1284.2
1284.3
1284.5
1284.8
1284.8
1285.0
1285.8
1285.9
1286.5
1286.9
1287.0
1287.5
1287.6
1288.7
1288.9
1289.3
1289.8
1290.5
1290.5
1290.9
1291.4
1291.9
1292.1
1292.4
1292.5
1293.3
1293.4
1293.5
1293.9
1295.2
1295.4
1295.6
1296.0
1296.5
1297.6
1297.8
1298.0
1298.6
1300.0
1301.5
1303.3
1303.4
1305.1
1305.1
1374.8
1374.9
1374.9
1374.9
1374.9
1374.9
1374.9
1374.9
1374.9
1374.9
1374.9
1374.9
1374.9
1374.9
1374.9
1374.9
1374.9
1374.9
1374.9
1374.9
1374.9
1374.9
1374.9
1374.9
1374.9
1374.9
1374.9
1374.9
1374.9
1374.9
1374.9
1374.9
1374.9
1374.9
1374.9
1374.9
1374.9
1374.9
1374.9
1374.9
1374.9
1374.9
1374.9
1374.9
1374.9
1374.9
1374.9
1374.9
1374.9
1374.9
1374.9
1374.9
1374.9
1374.9
1374.9
1374.9
1374.9
1374.9
1374.9
1375.0
1375.0
1375.0
1375.0
1375.0
1375.0
1375.1
1375.1
1375.1
1375.1
1375.1
1375.1
1375.2
1375.2
1375.2
1375.2
1375.3
1375.3
1375.4
1375.4
1375.4
1375.4
1375.4
1375.5
1375.5
1375.5
1375.5
1375.6
1375.7
1375.8
1375.9
1375.9
1376.0
1376.2
1376.2
1376.2
1376.4
1376.5
1376.5
1376.5
1376.6
1378.9
1378.9
1379.0
1379.0
1379.0
1379.0
1379.0
1379.0
1379.0
1379.0
1379.0
1379.0
1379.0
1379.0
1379.0
1379.0
1379.0
1379.0
1379.0
1379.0
1379.0
1379.0
1379.0
1379.0
1379.0
1379.0
1379.0
1379.0
1379.0
1379.0
1379.0
1379.0
1379.0
1379.0
1379.0
1379.0
1379.0
1379.0
1379.0
1379.0
1379.0
1379.0
1379.0
1379.0
1379.0
1379.0
1379.0
1379.0
1379.0
1379.0
1379.0
1379.0
1379.0
1379.0
1379.0
1379.0
1379.0
1379.0
1379.0
1379.0
1379.0
1379.1
1379.1
1379.1
1379.1
1379.1
1379.1
1379.1
1379.2
1379.2
1379.2
1379.2
1379.3
1379.5
1379.5
1379.6
1379.6
1379.6
1379.6
1379.7
1379.8
1379.8
1379.8
1379.9
1380.0
1380.0
1380.2
1380.3
1380.4
1380.6
1380.6
1380.8
1381.2
1381.3
1381.6
1381.6
1381.9
1382.0
1382.0
1382.1
1382.7
1382.7
1382.7
1382.7
1382.7
1382.7
1382.8
1382.8
1382.8
1382.8
1382.8
1382.8
1382.8
1382.8
1382.8
1382.8
1382.8
1382.8
1382.8
1382.8
1382.8
1382.8
1382.8
1382.8
1382.8
1382.8
1382.8
1382.8
1382.8
1382.8
1382.8
1382.8
1382.8
1382.8
1382.8
1382.8
1382.8
1382.9
1382.9
1382.9
1382.9
1382.9
1382.9
1382.9
1382.9
1382.9
1382.9
1382.9
1382.9
1382.9
1382.9
1382.9
1383.0
1383.0
1383.0
1383.0
1383.0
1383.0
1383.0
1383.0
1383.1
1383.1
1383.1
1383.2
1383.2
1383.2
1383.2
1383.2
1383.2
1383.3
1383.4
1383.4
1383.4
1383.6
1383.6
1383.8
1383.8
1383.9
1383.9
1384.0
1384.0
1384.1
1384.1
1384.1
1384.4
1384.5
1384.6
1384.7
1385.2
1385.3
1385.3
1385.5
1386.2
1386.3
1386.8
1386.8
1386.8
1386.9
1386.9
1386.9
1386.9
1386.9
1386.9
1386.9
1386.9
1387.0
1387.0
1387.0
1387.0
1387.0
1387.0
1387.0
1387.0
1387.0
1387.0
1387.0
1387.0
1387.0
1387.0
1387.0
1387.0
1387.1
1387.1
1387.1
1387.1
1387.1
1387.1
1387.1
1387.1
1387.1
1387.1
1387.1
1387.1
1387.1
1387.2
1387.2
1387.2
1387.2
1387.3
1387.3
1387.3
1387.3
1387.3
1387.3
1387.3
1387.3
1387.3
1387.3
1387.4
1387.4
1387.4
1387.4
1387.4
1387.5
1387.5
1387.5
1387.5
1387.5
1387.7
1387.7
1387.7
1387.7
1387.8
1387.8
1387.8
1388.0
1388.0
1388.0
1388.1
1388.1
1388.4
1388.4
1388.4
1388.5
1388.5
1388.9
1389.0
1389.2
1389.2
1389.3
1389.3
1389.4
1389.4
1389.8
1389.9
1390.4
1390.7
1391.2
1391.4
1391.8
1392.4
1392.6
1392.7
1393.0
1393.0
1393.0
1393.1
1393.1
1393.2
1393.2
1393.2
1393.3
1393.3
1393.3
1393.3
1393.3
1393.4
1393.4
1393.5
1393.5
1393.6
1393.6
1393.6
1393.6
1393.6
1393.7
1393.8
1393.8
1393.8
1393.8
1393.8
1393.9
1393.9
1394.0
1394.0
1394.0
1394.0
1394.0
1394.1
1394.1
1394.1
1394.1
1394.1
1394.1
1394.1
1394.3
1394.3
1394.3
1394.3
1394.3
1394.4
1394.4
1394.4
1394.4
1394.5
1394.5
1394.6
1394.7
1394.8
1394.8
1394.9
1395.0
1395.0
1395.1
1395.2
1395.3
1395.3
1395.4
1395.6
1395.7
1395.8
1395.9
1396.0
1396.1
1396.4
1396.5
1396.5
1396.9
1397.2
1397.3
1397.4
1397.6
1397.6
1398.6
1398.7
1398.8
1399.3
1399.4
1399.7
1399.8
1400.3
1400.5
1401.2
1401.5
1402.1
1404.4
1409.1
1411.1
1411.5
1426.5
1542.0
1542.0
1542.0
1542.0
1542.0
1542.0
1542.0
1542.0
1542.0
1542.0
1542.0
1542.0
1542.0
1542.0
1542.0
1542.0
1542.0
1542.0
1542.0
1542.0
1542.0
1542.0
1542.0
1542.0
1542.0
1542.0
1542.0
1542.0
1542.0
1542.0
1542.0
1542.0
1542.0
1542.0
1542.0
1542.0
1542.0
1542.0
1542.0
1542.0
1542.0
1542.0
1542.0
1542.0
1542.0
1542.0
1542.0
1542.0
1542.0
1542.0
1542.0
1542.0
1542.0
1542.0
1542.0
1542.0
1542.0
1542.0
1542.1
1542.1
1542.1
1542.1
1542.1
1542.1
1542.1
1542.1
1542.1
1542.1
1542.1
1542.1
1542.1
1542.1
1542.2
1542.2
1542.2
1542.2
1542.2
1542.2
1542.2
1542.3
1542.3
1542.3
1542.3
1542.3
1542.4
1542.4
1542.4
1542.4
1542.4
1542.4
1542.5
1542.5
1542.6
1542.6
1542.6
1542.7
1542.7
1542.7
1542.7
1542.8
1546.1
1546.1
1546.1
1546.1
1546.1
1546.1
1546.1
1546.1
1546.1
1546.1
1546.1
1546.1
1546.1
1546.1
1546.1
1546.1
1546.1
1546.1
1546.1
1546.1
1546.1
1546.1
1546.1
1546.1
1546.1
1546.1
1546.1
1546.1
1546.1
1546.1
1546.1
1546.1
1546.1
1546.1
1546.1
1546.1
1546.1
1546.1
1546.1
1546.1
1546.1
1546.1
1546.1
1546.1
1546.2
1546.2
1546.2
1546.2
1546.2
1546.2
1546.2
1546.2
1546.2
1546.2
1546.2
1546.2
1546.2
1546.2
1546.2
1546.2
1546.2
1546.2
1546.2
1546.2
1546.3
1546.3
1546.3
1546.4
1546.4
1546.4
1546.4
1546.5
1546.6
1546.6
1546.7
1546.7
1546.8
1546.8
1546.9
1546.9
1546.9
1547.1
1547.1
1547.1
1547.2
1547.2
1547.2
1547.2
1547.5
1547.5
1547.6
1547.6
1547.8
1547.9
1548.1
1548.2
1548.2
1548.3
1548.3
1548.4
1549.7
1549.7
1549.7
1549.8
1549.8
1549.8
1549.8
1549.8
1549.8
1549.8
1549.8
1549.8
1549.8
1549.9
1549.9
1549.9
1549.9
1549.9
1549.9
1549.9
1549.9
1549.9
1549.9
1549.9
1549.9
1549.9
1549.9
1549.9
1549.9
1549.9
1549.9
1549.9
1549.9
1549.9
1550.0
1550.0
1550.0
1550.0
1550.0
1550.0
1550.0
1550.0
1550.0
1550.0
1550.0
1550.0
1550.0
1550.0
1550.0
1550.0
1550.1
1550.1
1550.1
1550.1
1550.1
1550.1
1550.1
1550.1
1550.2
1550.2
1550.3
1550.3
1550.3
1550.4
1550.4
1550.5
1550.5
1550.6
1550.6
1550.6
1550.6
1550.7
1550.9
1550.9
1551.0
1551.2
1551.2
1551.5
1551.6
1551.6
1551.6
1551.7
1551.8
1551.8
1552.0
1552.2
1552.4
1552.4
1552.7
1552.9
1553.1
1553.3
1553.8
1553.8
1554.0
1554.2
1554.4
1554.5
1554.5
1554.6
1554.6
1554.7
1554.7
1554.7
1554.7
1554.7
1554.8
1554.8
1554.8
1554.8
1554.8
1554.8
1554.9
1554.9
1554.9
1554.9
1554.9
1555.0
1555.0
1555.0
1555.0
1555.0
1555.0
1555.0
1555.0
1555.1
1555.1
1555.1
1555.1
1555.1
1555.1
1555.2
1555.2
1555.2
1555.2
1555.2
1555.2
1555.2
1555.2
1555.2
1555.2
1555.2
1555.3
1555.3
1555.3
1555.3
1555.4
1555.4
1555.4
1555.4
1555.5
1555.5
1555.5
1555.5
1555.5
1555.5
1555.6
1555.6
1555.6
1555.7
1555.8
1556.0
1556.1
1556.1
1556.1
1556.1
1556.3
1556.4
1556.6
1556.6
1556.9
1556.9
1557.3
1557.3
1557.3
1557.7
1557.9
1558.3
1558.3
1558.5
1558.5
1558.6
1558.9
1559.0
1559.6
1560.3
1561.0
1561.2
1561.6
1561.8
1563.7
1564.0
1564.0
1564.3
1564.9
1565.0
1565.0
1565.0
1565.3
1565.3
1565.6
1565.7
1565.8
1565.8
1565.9
1565.9
1565.9
1565.9
1565.9
1565.9
1566.1
1566.2
1566.2
1566.4
1566.6
1566.6
1566.8
1567.1
1567.2
1567.2
1567.3
1567.4
1567.4
1567.4
1567.4
1567.5
1567.5
1567.6
1567.6
1567.7
1567.7
1567.8
1567.8
1568.0
1568.2
1568.3
1568.4
1568.5
1568.5
1568.6
1568.6
1568.6
1568.6
1568.7
1569.2
1569.6
1569.7
1569.8
1570.0
1570.0
1570.1
1570.4
1570.7
1570.8
1572.1
1572.6
1573.0
1573.1
1573.8
1573.9
1574.2
1574.2
1574.4
1574.8
1575.1
1575.4
1576.4
1584.8
1591.3
1595.1
1595.2
1595.4
1595.4
1595.5
1595.5
1595.5
1595.5
1595.6
1595.6
1595.6
1595.6
1595.6
1595.6
1595.6
1595.6
1595.6
1595.6
1595.6
1595.6
1595.6
1595.6
1595.6
1595.6
1595.6
1595.6
1595.6
1595.6
1595.6
1595.6
1595.6
1595.6
1595.6
1595.6
1595.6
1595.6
1595.6
1595.6
1595.6
1595.6
1595.6
1595.6
1595.6
1595.6
1595.6
1595.6
1595.6
1595.6
1595.6
1595.6
1595.6
1595.6
1595.6
1595.6
1595.7
1595.7
1595.7
1595.7
1595.7
1595.7
1595.7
1595.7
1595.7
1595.7
1595.7
1595.7
1595.7
1595.7
1595.7
1595.7
1595.7
1595.7
1595.7
1595.7
1595.8
1595.8
1595.8
1595.8
1595.8
1595.8
1595.8
1595.9
1595.9
1595.9
1595.9
1596.0
1596.0
1596.1
1596.1
1596.1
1596.1
1596.2
1596.4
1596.4
1596.4
1596.6
1596.6
1596.7
1597.0
1597.3
1601.3
1601.4
1602.1
1602.1
1602.2
1602.2
1602.2
1602.2
1602.3
1602.3
1602.3
1602.3
1602.3
1602.3
1602.3
1602.3
1602.3
1602.3
1602.4
1602.4
1602.4
1602.4
1602.4
1602.4
1602.4
1602.4
1602.4
1602.4
1602.4
1602.4
1602.4
1602.4
1602.5
1602.5
1602.5
1602.5
1602.5
1602.6
1602.6
1602.6
1602.6
1602.6
1602.6
1602.7
1602.7
1602.7
1602.7
1602.7
1602.7
1602.7
1602.7
1602.8
1602.8
1602.8
1602.8
1602.8
1602.8
1602.8
1602.8
1602.9
1602.9
1602.9
1602.9
1603.0
1603.0
1603.1
1603.1
1603.1
1603.1
1603.2
1603.2
1603.3
1603.3
1603.4
1603.6
1603.6
1603.6
1603.7
1603.8
1604.7
1605.0
1605.3
1605.4
1605.5
1605.5
1605.6
1605.9
1606.3
1606.6
1606.7
1606.8
1607.2
1608.1
1608.4
1608.8
1608.8
1608.8
1608.8
1608.8
1608.9
1608.9
1609.0
1609.0
1609.0
1609.1
1609.1
1609.1
1609.1
1609.2
1609.2
1609.2
1609.2
1609.2
1609.2
1609.2
1609.2
1609.3
1609.3
1609.3
1609.3
1609.3
1609.4
1609.4
1609.4
1609.4
1609.6
1609.6
1609.6
1609.6
1609.7
1609.7
1609.9
1609.9
1610.0
1610.0
1610.3
1610.3
1610.4
1610.4
1610.6
1610.7
1610.7
1610.9
1610.9
1611.1
1611.1
1611.1
1611.3
1611.4
1611.4
1611.6
1611.7
1611.7
1611.8
1612.1
1612.2
1612.2
1612.2
1612.3
1612.5
1612.8
1612.9
1613.1
1613.2
1613.2
1613.3
1613.4
1613.5
1613.5
1613.7
1613.8
1614.8
1614.8
1614.9
1615.0
1615.2
1615.2
1615.3
1615.3
1615.3
1615.4
1615.5
1615.5
1615.5
1615.6
1615.7
1615.7
1615.8
1615.9
1615.9
1615.9
1615.9
1616.3
1616.4
1616.4
1616.4
1616.8
1616.8
1616.9
1616.9
1617.0
1617.0
1617.1
1617.1
1617.2
1617.2
1617.3
1617.7
1617.8
1617.9
1617.9
1618.2
1618.3
1618.4
1618.4
1618.4
1618.6
1618.7
1619.6
1619.7
1619.8
1619.9
1619.9
1620.0
1620.2
1620.3
1620.3
1620.4
1620.5
1621.6
1622.1
1622.4
1622.4
1622.5
1622.7
1623.0
1623.0
1624.8
1624.9
1625.8
1626.1
1626.3
1626.3
1626.8
1627.3
1627.4
1628.4
1629.0
1629.1
1630.3
1631.1
1631.5
1632.2
1633.5
1635.2
1637.7
1638.0
1638.3
1639.6
1640.6
1641.5
1646.9
1711.2
1711.2
1711.2
1711.2
1711.2
1711.2
1711.2
1711.2
1711.2
1711.2
1711.2
1711.2
1711.2
1711.2
1711.2
1711.2
1711.2
1711.2
1711.2
1711.2
1711.2
1711.2
1711.2
1711.2
1711.2
1711.2
1711.2
1711.2
1711.2
1711.2
1711.2
1711.2
1711.2
1711.2
1711.2
1711.2
1711.2
1711.2
1711.2
1711.3
1711.3
1711.3
1711.3
1711.3
1711.3
1711.3
1711.3
1711.3
1711.3
1711.3
1711.3
1711.3
1711.3
1711.3
1711.3
1711.3
1711.3
1711.3
1711.3
1711.3
1711.3
1711.3
1711.3
1711.3
1711.3
1711.4
1711.4
1711.4
1711.4
1711.4
1711.4
1711.5
1711.5
1711.5
1711.6
1711.6
1711.6
1711.7
1711.7
1711.7
1711.7
1711.7
1711.7
1711.8
1711.8
1711.8
1711.9
1711.9
1712.0
1712.1
1712.1
1712.2
1712.3
1712.4
1712.4
1712.5
1712.6
1712.7
1712.7
1712.7
1715.3
1715.3
1715.3
1715.3
1715.3
1715.4
1715.4
1715.4
1715.4
1715.4
1715.4
1715.4
1715.4
1715.4
1715.4
1715.4
1715.4
1715.4
1715.4
1715.4
1715.4
1715.4
1715.4
1715.4
1715.4
1715.4
1715.4
1715.4
1715.4
1715.4
1715.4
1715.4
1715.4
1715.4
1715.4
1715.4
1715.4
1715.4
1715.4
1715.4
1715.4
1715.4
1715.4
1715.4
1715.4
1715.4
1715.4
1715.4
1715.4
1715.4
1715.4
1715.4
1715.4
1715.4
1715.4
1715.4
1715.4
1715.4
1715.4
1715.4
1715.4
1715.4
1715.5
1715.5
1715.5
1715.5
1715.5
1715.5
1715.5
1715.5
1715.6
1715.6
1715.7
1715.8
1715.8
1715.9
1715.9
1715.9
1715.9
1715.9
1716.1
1716.1
1716.1
1716.2
1716.3
1716.3
1716.4
1716.4
1716.7
1716.7
1716.7
1716.9
1717.1
1717.2
1717.6
1717.7
1717.8
1717.9
1718.0
1718.0
1719.0
1719.0
1719.0
1719.0
1719.0
1719.0
1719.0
1719.0
1719.0
1719.0
1719.0
1719.0
1719.0
1719.0
1719.0
1719.0
1719.1
1719.1
1719.1
1719.1
1719.1
1719.1
1719.1
1719.1
1719.1
1719.1
1719.1
1719.1
1719.1
1719.1
1719.1
1719.1
1719.1
1719.1
1719.1
1719.1
1719.1
1719.1
1719.1
1719.2
1719.2
1719.2
1719.2
1719.2
1719.2
1719.2
1719.2
1719.2
1719.2
1719.2
1719.2
1719.2
1719.2
1719.3
1719.3
1719.3
1719.3
1719.3
1719.4
1719.4
1719.4
1719.4
1719.4
1719.5
1719.5
1719.5
1719.5
1719.5
1719.5
1719.5
1719.7
1719.7
1719.7
1719.9
1719.9
1720.1
1720.1
1720.3
1720.3
1720.3
1720.3
1720.4
1720.4
1720.5
1720.7
1720.8
1720.9
1721.0
1721.3
1721.4
1721.6
1721.7
1722.2
1722.3
1722.9
1722.9
1723.0
1723.1
1723.1
1723.1
1723.2
1723.2
1723.2
1723.2
1723.2
1723.2
1723.2
1723.2
1723.3
1723.3
1723.3
1723.3
1723.3
1723.3
1723.3
1723.3
1723.3
1723.3
1723.3
1723.4
1723.4
1723.4
1723.4
1723.4
1723.4
1723.4
1723.4
1723.5
1723.5
1723.5
1723.5
1723.5
1723.5
1723.5
1723.5
1723.5
1723.5
1723.5
1723.6
1723.6
1723.6
1723.6
1723.7
1723.7
1723.7
1723.7
1723.7
1723.7
1723.7
1723.7
1723.8
1723.8
1723.8
1723.8
1723.9
1723.9
1723.9
1723.9
1723.9
1723.9
1724.0
1724.1
1724.1
1724.2
1724.2
1724.2
1724.3
1724.4
1724.5
1724.5
1724.7
1724.8
1724.8
1724.8
1724.9
1725.2
1725.4
1725.5
1725.6
1725.8
1725.8
1725.8
1725.9
1726.2
1726.3
1726.7
1727.2
1727.5
1727.6
1727.9
1728.7
1729.0
1729.1
1729.5
1729.5
1729.5
1729.7
1729.7
1729.7
1729.8
1729.8
1729.8
1729.8
1729.8
1729.9
1729.9
1730.0
1730.0
1730.1
1730.1
1730.1
1730.2
1730.2
1730.2
1730.2
1730.2
1730.2
1730.2
1730.4
1730.4
1730.4
1730.4
1730.5
1730.5
1730.5
1730.6
1730.7
1730.7
1730.7
1730.7
1730.7
1730.7
1730.7
1730.8
1730.8
1730.8
1730.8
1730.9
1730.9
1731.0
1731.0
1731.1
1731.1
1731.1
1731.1
1731.1
1731.2
1731.3
1731.4
1731.4
1731.6
1731.6
1731.7
1731.8
1731.8
1731.9
1732.0
1732.0
1732.0
1732.1
1732.4
1732.5
1732.6
1732.8
1732.9
1733.0
1733.2
1733.4
1734.1
1734.4
1734.4
1734.6
1734.7
1735.5
1735.6
1735.7
1735.8
1735.9
1736.6
1736.7
1737.1
1737.4
1739.1
1739.1
1741.2
1742.6
1748.5
1751.1
1759.4
1878.3
1878.3
1878.3
1878.3
1878.3
1878.3
1878.3
1878.3
1878.3
1878.3
1878.3
1878.3
1878.3
1878.3
1878.3
1878.3
1878.3
1878.3
1878.3
1878.3
1878.3
1878.3
1878.3
1878.3
1878.3
1878.3
1878.3
1878.3
1878.3
1878.3
1878.3
1878.3
1878.3
1878.3
1878.3
1878.3
1878.3
1878.3
1878.3
1878.3
1878.3
1878.3
1878.3
1878.3
1878.3
1878.3
1878.3
1878.3
1878.3
1878.3
1878.3
1878.3
1878.3
1878.4
1878.4
1878.4
1878.4
1878.4
1878.4
1878.4
1878.4
1878.4
1878.4
1878.4
1878.4
1878.4
1878.4
1878.4
1878.4
1878.4
1878.5
1878.5
1878.5
1878.5
1878.5
1878.5
1878.5
1878.5
1878.6
1878.6
1878.6
1878.7
1878.7
1878.7
1878.7
1878.7
1878.7
1878.7
1878.8
1878.8
1878.8
1878.9
1878.9
1878.9
1879.0
1879.0
1879.1
1879.1
1879.1
1879.1
1882.4
1882.4
1882.4
1882.4
1882.5
1882.5
1882.5
1882.5
1882.5
1882.5
1882.5
1882.5
1882.5
1882.5
1882.5
1882.5
1882.5
1882.5
1882.5
1882.5
1882.5
1882.5
1882.5
1882.5
1882.5
1882.5
1882.5
1882.5
1882.5
1882.5
1882.5
1882.5
1882.5
1882.5
1882.5
1882.5
1882.5
1882.5
1882.5
1882.5
1882.5
1882.5
1882.5
1882.5
1882.5
1882.5
1882.5
1882.5
1882.5
1882.5
1882.5
1882.5
1882.5
1882.5
1882.5
1882.5
1882.5
1882.6
1882.6
1882.6
1882.6
1882.6
1882.6
1882.6
1882.6
1882.6
1882.7
1882.7
1882.7
1882.7
1882.8
1882.8
1883.0
1883.0
1883.1
1883.1
1883.2
1883.2
1883.3
1883.3
1883.3
1883.5
1883.5
1883.5
1883.6
1883.6
1883.7
1883.7
1883.9
1883.9
1884.0
1884.1
1884.3
1884.4
1884.6
1884.6
1884.7
1884.8
1884.8
1884.9
1886.1
1886.1
1886.1
1886.1
1886.1
1886.1
1886.1
1886.1
1886.2
1886.2
1886.2
1886.2
1886.2
1886.2
1886.2
1886.2
1886.2
1886.2
1886.2
1886.2
1886.2
1886.2
1886.2
1886.2
1886.3
1886.3
1886.3
1886.3
1886.3
1886.3
1886.3
1886.3
1886.3
1886.3
1886.3
1886.3
1886.3
1886.3
1886.3
1886.3
1886.3
1886.3
1886.3
1886.4
1886.4
1886.4
1886.4
1886.4
1886.4
1886.4
1886.4
1886.4
1886.4
1886.4
1886.5
1886.5
1886.5
1886.5
1886.5
1886.5
1886.7
1886.7
1886.7
1886.8
1886.8
1886.8
1886.9
1886.9
1887.0
1887.0
1887.0
1887.1
1887.3
1887.3
1887.3
1887.6
1887.6
1887.9
1888.0
1888.0
1888.0
1888.1
1888.2
1888.2
1888.4
1888.6
1888.8
1888.8
1889.1
1889.3
1889.5
1889.7
1890.1
1890.2
1890.4
1890.6
1890.8
1890.9
1890.9
1890.9
1890.9
1890.9
1890.9
1890.9
1891.0
1891.0
1891.0
1891.0
1891.0
1891.0
1891.1
1891.1
1891.1
1891.1
1891.1
1891.1
1891.1
1891.2
1891.2
1891.2
1891.2
1891.2
1891.2
1891.3
1891.3
1891.3
1891.3
1891.3
1891.3
1891.4
1891.4
1891.4
1891.4
1891.4
1891.4
1891.4
1891.4
1891.4
1891.4
1891.5
1891.5
1891.5
1891.5
1891.5
1891.5
1891.6
1891.6
1891.6
1891.6
1891.6
1891.7
1891.7
1891.7
1891.7
1891.7
1891.8
1891.8
1891.8
1891.8
1892.0
1892.0
1892.2
1892.3
1892.3
1892.3
1892.4
1892.4
1892.7
1892.8
1892.8
1893.1
1893.1
1893.4
1893.5
1893.5
1893.9
1894.1
1894.5
1894.5
1894.7
1894.8
1894.8
1895.0
1895.3
1895.6
1896.4
1897.0
1897.1
1897.4
1897.8
1899.5
1899.6
1899.7
1899.9
1900.1
1900.2
1900.3
1900.4
1900.5
1900.7
1900.7
1900.8
1900.9
1900.9
1900.9
1901.0
1901.0
1901.1
1901.1
1901.2
1901.4
1901.4
1901.5
1901.7
1901.7
1901.7
1901.7
1901.8
1901.8
1901.9
1901.9
1902.1
1902.2
1902.3
1902.3
1902.3
1902.4
1902.4
1902.4
1902.5
1902.6
1902.6
1902.7
1902.8
1902.8
1902.9
1903.0
1903.0
1903.0
1903.2
1903.3
1903.3
1903.5
1903.7
1903.8
1903.8
1904.0
1904.0
1904.0
1904.2
1904.5
1904.6
1904.6
1904.8
1905.4
1906.2
1906.3
1906.4
1906.6
1906.7
1907.0
1907.2
1907.5
1907.7
1907.8
1909.0
1909.2
1911.0
1913.4
1914.7
1916.2
1916.6
1917.8
1921.1
1926.6
1930.5
1930.8
1930.8
1930.8
1930.8
1930.8
1930.8
1930.8
1930.8
1930.8
1930.8
1930.9
1930.9
1930.9
1930.9
1930.9
1930.9
1930.9
1930.9
1930.9
1930.9
1930.9
1930.9
1930.9
1930.9
1930.9
1930.9
1930.9
1930.9
1930.9
1930.9
1930.9
1930.9
1930.9
1930.9
1930.9
1930.9
1930.9
1930.9
1930.9
1930.9
1930.9
1930.9
1930.9
1930.9
1930.9
1930.9
1930.9
1930.9
1930.9
1930.9
1930.9
1930.9
1930.9
1930.9
1930.9
1930.9
1930.9
1931.0
1931.0
1931.0
1931.0
1931.0
1931.0
1931.0
1931.0
1931.0
1931.0
1931.0
1931.0
1931.0
1931.0
1931.0
1931.1
1931.1
1931.1
1931.1
1931.1
1931.1
1931.1
1931.1
1931.1
1931.1
1931.2
1931.3
1931.3
1931.4
1931.4
1931.4
1931.5
1931.7
1931.7
1931.7
1931.7
1931.9
1931.9
1932.0
1932.0
1932.1
1932.3
1937.4
1937.4
1937.5
1937.5
1937.5
1937.5
1937.5
1937.5
1937.5
1937.6
1937.6
1937.6
1937.6
1937.6
1937.6
1937.6
1937.6
1937.6
1937.6
1937.6
1937.6
1937.7
1937.7
1937.7
1937.7
1937.7
1937.7
1937.7
1937.7
1937.7
1937.7
1937.7
1937.7
1937.8
1937.8
1937.8
1937.9
1937.9
1937.9
1937.9
1937.9
1937.9
1937.9
1937.9
1938.0
1938.0
1938.0
1938.0
1938.0
1938.0
1938.0
1938.0
1938.0
1938.0
1938.0
1938.0
1938.0
1938.1
1938.1
1938.1
1938.2
1938.2
1938.2
1938.2
1938.2
1938.3
1938.3
1938.4
1938.4
1938.5
1938.6
1938.7
1938.8
1938.8
1938.9
1939.0
1939.0
1939.1
1939.7
1940.1
1940.2
1940.2
1940.5
1940.6
1940.6
1940.7
1941.5
1941.7
1941.7
1942.0
1942.3
1943.0
1943.4
1943.6
1943.6
1943.6
1943.6
1943.6
1943.7
1943.7
1943.7
1943.7
1943.8
1943.8
1943.8
1943.9
1943.9
1943.9
1944.0
1944.0
1944.0
1944.0
1944.0
1944.1
1944.1
1944.1
1944.1
1944.1
1944.1
1944.1
1944.1
1944.1
1944.2
1944.2
1944.3
1944.4
1944.4
1944.4
1944.6
1944.6
1944.7
1944.8
1944.9
1944.9
1945.0
1945.1
1945.1
1945.1
1945.2
1945.3
1945.4
1945.4
1945.5
1945.5
1945.5
1945.6
1945.7
1945.7
1945.7
1945.8
1946.0
1946.0
1946.0
1946.1
1946.3
1946.4
1946.4
1946.4
1946.5
1946.9
1947.1
1947.1
1947.2
1947.2
1947.3
1947.4
1947.4
1947.6
1947.8
1947.8
1948.7
1948.8
1949.3
1949.4
1949.6
1949.7
1949.7
1949.8
1949.8
1950.0
1950.1
1950.1
1950.2
1950.3
1950.4
1950.4
1950.4
1950.5
1950.6
1950.6
1950.8
1950.8
1950.8
1951.2
1951.2
1951.3
1951.3
1951.3
1951.6
1951.6
1951.7
1951.7
1951.8
1951.8
1951.8
1951.9
1952.1
1952.2
1952.3
1952.6
1952.7
1952.9
1953.1
1953.2
1953.2
1953.3
1953.7
1953.9
1954.0
1954.2
1954.4
1954.5
1954.5
1954.6
1954.9
1954.9
1955.2
1955.3
1955.8
1956.0
1956.4
1956.4
1956.8
1956.8
1957.0
1957.2
1957.7
1958.7
1958.8
1958.9
1959.0
1959.2
1959.2
1960.2
1960.7
1961.4
1961.8
1961.8
1963.0
1963.1
1964.9
1965.5
1967.2
1969.7
1971.2
1975.8
1976.0
1977.3
1978.0
1980.9
2011.3
2047.6
2047.6
2047.6
2047.6
2047.6
2047.6
2047.6
2047.6
2047.6
2047.6
2047.6
2047.6
2047.6
2047.6
2047.6
2047.6
2047.6
2047.6
2047.6
2047.6
2047.6
2047.6
2047.6
2047.6
2047.6
2047.6
2047.6
2047.6
2047.6
2047.6
2047.6
2047.6
2047.6
2047.6
2047.6
2047.6
2047.6
2047.6
2047.6
2047.6
2047.6
2047.6
2047.6
2047.6
2047.7
2047.7
2047.7
2047.7
2047.7
2047.7
2047.7
2047.7
2047.7
2047.7
2047.7
2047.7
2047.7
2047.7
2047.7
2047.7
2047.7
2047.7
2047.7
2047.7
2047.7
2047.8
2047.8
2047.8
2047.8
2047.8
2047.8
2047.9
2047.9
2047.9
2047.9
2048.0
2048.0
2048.0
2048.1
2048.1
2048.1
2048.1
2048.1
2048.1
2048.2
2048.2
2048.3
2048.3
2048.4
2048.5
2048.5
2048.6
2048.7
2048.8
2048.8
2048.9
2049.0
2049.1
2049.1
2049.1
2051.6
2051.6
2051.6
2051.6
2051.6
2051.6
2051.6
2051.6
2051.6
2051.6
2051.6
2051.6
2051.6
2051.6
2051.6
2051.6
2051.6
2051.6
2051.6
2051.6
2051.6
2051.6
2051.6
2051.6
2051.6
2051.6
2051.6
2051.6
2051.6
2051.6
2051.7
2051.7
2051.7
2051.7
2051.7
2051.7
2051.7
2051.7
2051.7
2051.7
2051.7
2051.7
2051.7
2051.7
2051.7
2051.7
2051.7
2051.7
2051.7
2051.7
2051.7
2051.7
2051.7
2051.7
2051.7
2051.7
2051.7
2051.7
2051.7
2051.7
2051.7
2051.7
2051.7
2051.8
2051.8
2051.8
2051.8
2051.8
2051.8
2051.8
2051.9
2051.9
2052.0
2052.1
2052.2
2052.2
2052.2
2052.2
2052.2
2052.3
2052.4
2052.4
2052.4
2052.5
2052.6
2052.6
2052.7
2052.8
2053.0
2053.1
2053.1
2053.3
2053.6
2053.7
2054.0
2054.1
2054.3
2054.3
2054.4
2054.5
2055.2
2055.2
2055.2
2055.3
2055.3
2055.3
2055.3
2055.3
2055.3
2055.3
2055.3
2055.3
2055.3
2055.3
2055.3
2055.3
2055.3
2055.3
2055.3
2055.3
2055.3
2055.3
2055.3
2055.3
2055.3
2055.3
2055.4
2055.4
2055.4
2055.4
2055.4
2055.4
2055.4
2055.4
2055.4
2055.4
2055.4
2055.4
2055.4
2055.4
2055.4
2055.4
2055.4
2055.5
2055.5
2055.5
2055.5
2055.5
2055.5
2055.5
2055.5
2055.5
2055.5
2055.5
2055.5
2055.5
2055.6
2055.6
2055.6
2055.6
2055.6
2055.7
2055.7
2055.7
2055.8
2055.8
2055.8
2055.8
2055.8
2055.8
2056.0
2056.0
2056.0
2056.2
2056.2
2056.4
2056.4
2056.6
2056.6
2056.6
2056.6
2056.7
2056.7
2056.8
2057.0
2057.2
2057.2
2057.3
2057.7
2057.8
2058.0
2058.0
2058.7
2058.8
2059.3
2059.4
2059.4
2059.4
2059.4
2059.5
2059.5
2059.5
2059.5
2059.5
2059.5
2059.5
2059.5
2059.5
2059.6
2059.6
2059.6
2059.6
2059.6
2059.6
2059.6
2059.6
2059.6
2059.6
2059.6
2059.6
2059.7
2059.7
2059.7
2059.7
2059.7
2059.7
2059.7
2059.7
2059.7
2059.7
2059.7
2059.8
2059.8
2059.8
2059.8
2059.8
2059.8
2059.8
2059.9
2059.9
2059.9
2059.9
2059.9
2059.9
2059.9
2060.0
2060.0
2060.0
2060.0
2060.0
2060.1
2060.1
2060.1
2060.1
2060.2
2060.2
2060.2
2060.2
2060.2
2060.3
2060.4
2060.4
2060.4
2060.4
2060.4
2060.5
2060.6
2060.7
2060.8
2060.8
2061.0
2061.1
2061.1
2061.1
2061.2
2061.5
2061.7
2061.8
2061.9
2062.1
2062.1
2062.1
2062.2
2062.5
2062.6
2063.1
2063.5
2063.9
2064.0
2064.4
2065.3
2065.4
2065.4
2065.7
2065.7
2065.8
2065.9
2065.9
2066.0
2066.0
2066.0
2066.0
2066.1
2066.1
2066.1
2066.1
2066.2
2066.2
2066.3
2066.3
2066.4
2066.4
2066.4
2066.5
2066.5
2066.5
2066.7
2066.7
2066.7
2066.7
2066.7
2066.8
2066.8
2066.8
2066.9
2066.9
2066.9
2066.9
2066.9
2067.0
2067.0
2067.0
2067.0
2067.0
2067.0
2067.0
2067.1
2067.2
2067.2
2067.2
2067.3
2067.4
2067.4
2067.4
2067.4
2067.5
2067.6
2067.7
2067.7
2067.8
2067.9
2067.9
2068.0
2068.0
2068.2
2068.3
2068.3
2068.3
2068.5
2068.7
2068.9
2069.0
2069.0
2069.1
2069.3
2069.4
2069.6
2069.6
2070.5
2070.7
2070.7
2070.9
2071.0
2071.9
2072.2
2072.3
2072.9
2073.0
2073.0
2073.0
2073.5
2073.7
2075.3
2075.4
2076.8
2079.7
2084.0
2089.1
2096.8
2214.7
2214.7
2214.7
2214.7
2214.7
2214.7
2214.7
2214.7
2214.7
2214.7
2214.7
2214.7
2214.7
2214.7
2214.7
2214.7
2214.7
2214.7
2214.7
2214.7
2214.7
2214.7
2214.7
2214.7
2214.7
2214.7
2214.7
2214.7
2214.7
2214.7
2214.7
2214.7
2214.7
2214.7
2214.7
2214.7
2214.7
2214.7
2214.7
2214.7
2214.7
2214.8
2214.8
2214.8
2214.8
2214.8
2214.8
2214.8
2214.8
2214.8
2214.8
2214.8
2214.8
2214.8
2214.8
2214.8
2214.8
2214.8
2214.8
2214.8
2214.8
2214.8
2214.8
2214.8
2214.8
2214.8
2214.8
2214.8
2214.9
2214.9
2214.9
2214.9
2214.9
2214.9
2214.9
2214.9
2214.9
2214.9
2215.0
2215.0
2215.0
2215.1
2215.1
2215.1
2215.1
2215.1
2215.1
2215.1
2215.2
2215.2
2215.2
2215.3
2215.3
2215.3
2215.4
2215.4
2215.4
2215.5
2215.5
2215.5
2218.8
2218.8
2218.8
2218.8
2218.8
2218.8
2218.8
2218.8
2218.8
2218.8
2218.8
2218.8
2218.8
2218.8
2218.8
2218.8
2218.8
2218.8
2218.8
2218.8
2218.8
2218.8
2218.8
2218.8
2218.8
2218.9
2218.9
2218.9
2218.9
2218.9
2218.9
2218.9
2218.9
2218.9
2218.9
2218.9
2218.9
2218.9
2218.9
2218.9
2218.9
2218.9
2218.9
2218.9
2218.9
2218.9
2218.9
2218.9
2218.9
2218.9
2218.9
2218.9
2218.9
2218.9
2218.9
2218.9
2218.9
2218.9
2218.9
2219.0
2219.0
2219.0
2219.0
2219.0
2219.0
2219.0
2219.0
2219.1
2219.1
2219.1
2219.2
2219.2
2219.3
2219.4
2219.4
2219.4
2219.5
2219.5
2219.6
2219.6
2219.6
2219.8
2219.8
2219.8
2219.9
2219.9
2220.0
2220.0
2220.2
2220.2
2220.3
2220.4
2220.5
2220.6
2220.8
2220.9
2220.9
2221.0
2221.1
2221.1
2222.5
2222.5
2222.5
2222.5
2222.5
2222.5
2222.5
2222.5
2222.5
2222.5
2222.5
2222.6
2222.6
2222.6
2222.6
2222.6
2222.6
2222.6
2222.6
2222.6
2222.6
2222.6
2222.6
2222.6
2222.6
2222.6
2222.6
2222.6
2222.6
2222.6
2222.7
2222.7
2222.7
2222.7
2222.7
2222.7
2222.7
2222.7
2222.7
2222.7
2222.7
2222.7
2222.7
2222.7
2222.7
2222.7
2222.7
2222.8
2222.8
2222.8
2222.8
2222.8
2222.8
2222.8
2222.8
2222.9
2222.9
2222.9
2222.9
2222.9
2223.0
2223.1
2223.1
2223.1
2223.1
2223.2
2223.3
2223.3
2223.3
2223.3
2223.4
2223.5
2223.6
2223.7
2223.7
2223.9
2224.0
2224.2
2224.3
2224.3
2224.3
2224.4
2224.5
2224.5
2224.7
2224.9
2225.1
2225.2
2225.4
2225.6
2225.8
2226.0
2226.5
2226.5
2226.7
2226.9
2227.2
2227.2
2227.3
2227.4
2227.4
2227.4
2227.4
2227.4
2227.5
2227.5
2227.5
2227.5
2227.5
2227.5
2227.6
2227.6
2227.6
2227.6
2227.7
2227.7
2227.7
2227.7
2227.7
2227.7
2227.7
2227.8
2227.8
2227.8
2227.8
2227.8
2227.8
2227.9
2227.9
2227.9
2227.9
2227.9
2227.9
2227.9
2227.9
2227.9
2227.9
2227.9
2227.9
2227.9
2228.0
2228.0
2228.0
2228.0
2228.0
2228.1
2228.1
2228.1
2228.1
2228.2
2228.2
2228.2
2228.3
2228.3
2228.3
2228.3
2228.4
2228.4
2228.4
2228.5
2228.6
2228.7
2228.8
2228.8
2228.8
2228.9
2229.0
2229.1
2229.3
2229.3
2229.6
2229.6
2230.0
2230.0
2230.0
2230.4
2230.7
2231.0
2231.1
2231.2
2231.3
2231.3
2231.6
2231.8
2232.3
2232.9
2233.7
2233.9
2234.4
2234.6
2236.5
2236.5
2236.8
2237.1
2237.6
2237.6
2237.7
2237.8
2238.1
2238.2
2238.3
2238.5
2238.5
2238.6
2238.6
2238.6
2238.6
2238.6
2238.7
2238.7
2238.8
2238.8
2238.8
2239.1
2239.3
2239.4
2239.6
2239.6
2239.9
2239.9
2240.1
2240.1
2240.1
2240.2
2240.2
2240.3
2240.4
2240.4
2240.4
2240.5
2240.5
2240.5
2240.6
2240.8
2240.8
2241.0
2241.2
2241.2
2241.3
2241.3
2241.4
2241.4
2241.4
2241.5
2242.0
2242.3
2242.3
2242.7
2242.7
2242.8
2242.9
2243.2
2243.5
2243.6
2245.0
2245.9
2246.1
2246.2
2246.6
2247.0
2247.3
2247.3
2247.4
2247.6
2247.6
2248.1
2249.7
2257.5
2265.7
2266.6
2266.7
2266.7
2266.8
2266.9
2266.9
2266.9
2266.9
2266.9
2266.9
2267.0
2267.0
2267.0
2267.0
2267.0
2267.0
2267.0
2267.0
2267.0
2267.0
2267.0
2267.0
2267.0
2267.0
2267.0
2267.0
2267.0
2267.0
2267.0
2267.0
2267.0
2267.0
2267.0
2267.0
2267.0
2267.0
2267.0
2267.0
2267.0
2267.0
2267.0
2267.0
2267.0
2267.0
2267.0
2267.0
2267.0
2267.0
2267.0
2267.0
2267.0
2267.0
2267.0
2267.0
2267.0
2267.0
2267.0
2267.0
2267.0
2267.1
2267.1
2267.1
2267.1
2267.1
2267.1
2267.1
2267.1
2267.1
2267.1
2267.1
2267.1
2267.1
2267.1
2267.1
2267.2
2267.2
2267.2
2267.2
2267.2
2267.2
2267.2
2267.3
2267.3
2267.3
2267.3
2267.4
2267.4
2267.5
2267.5
2267.5
2267.5
2267.6
2267.8
2267.8
2267.8
2268.0
2268.0
2268.1
2268.4
2273.0
2273.1
2273.3
2273.5
2273.5
2273.6
2273.6
2273.6
2273.6
2273.7
2273.7
2273.7
2273.7
2273.7
2273.7
2273.7
2273.7
2273.7
2273.7
2273.7
2273.7
2273.8
2273.8
2273.8
2273.8
2273.8
2273.8
2273.8
2273.8
2273.8
2273.8
2273.8
2273.8
2273.9
2273.9
2273.9
2273.9
2273.9
2274.0
2274.0
2274.0
2274.0
2274.0
2274.0
2274.1
2274.1
2274.1
2274.1
2274.1
2274.1
2274.1
2274.1
2274.1
2274.1
2274.2
2274.2
2274.2
2274.2
2274.2
2274.2
2274.3
2274.3
2274.3
2274.3
2274.3
2274.4
2274.4
2274.4
2274.5
2274.6
2274.6
2274.6
2274.7
2274.7
2274.8
2274.9
2275.0
2275.0
2275.2
2275.2
2276.0
2276.3
2276.7
2276.7
2276.8
2276.9
2277.0
2277.3
2277.6
2277.8
2278.0
2278.2
2278.3
2279.1
2279.4
2279.6
2279.6
2279.6
2279.6
2279.7
2279.7
2279.7
2279.8
2279.8
2279.9
2279.9
2279.9
2279.9
2279.9
2280.0
2280.0
2280.0
2280.0
2280.0
2280.1
2280.1
2280.1
2280.1
2280.1
2280.1
2280.2
2280.2
2280.2
2280.2
2280.2
2280.2
2280.3
2280.4
2280.5
2280.5
2280.6
2280.7
2280.7
2280.9
2280.9
2280.9
2280.9
2281.0
2281.0
2281.2
2281.3
2281.4
2281.4
2281.5
2281.6
2281.6
2281.7
2281.7
2281.8
2281.9
2281.9
2281.9
2282.0
2282.0
2282.2
2282.3
2282.3
2282.3
2282.4
2282.7
2282.9
2283.0
2283.1
2283.1
2283.2
2283.3
2283.5
2283.6
2283.6
2283.6
2284.4
2285.0
2285.1
2285.1
2285.5
2285.5
2285.6
2285.6
2285.7
2285.8
2285.8
2286.0
2286.0
2286.1
2286.1
2286.1
2286.3
2286.3
2286.3
2286.3
2286.3
2286.5
2286.5
2286.6
2286.7
2286.7
2287.0
2287.1
2287.1
2287.2
2287.3
2287.4
2287.4
2287.6
2287.6
2287.6
2287.6
2287.7
2287.8
2287.9
2288.3
2288.4
2288.6
2288.8
2288.8
2288.8
2289.0
2289.1
2289.3
2289.5
2289.9
2289.9
2290.0
2290.1
2290.2
2290.3
2290.4
2290.4
2290.7
2291.2
2291.2
2291.6
2291.6
2291.8
2292.1
2292.1
2292.3
2292.4
2292.7
2292.8
2293.0
2293.6
2293.6
2293.8
2294.5
2294.7
2294.8
2294.8
2294.9
2295.2
2295.7
2296.0
2296.1
2296.5
2297.4
2299.2
2301.5
2301.6
2302.2
2303.0
2303.2
2305.3
2305.5
2305.8
2306.6
2307.0
2309.4
2311.7
2312.8
2319.2
2321.1
2384.0
2384.0
2384.0
2384.0
2384.0
2384.0
2384.0
2384.0
2384.0
2384.0
2384.0
2384.0
2384.0
2384.0
2384.0
2384.0
2384.0
2384.1
2384.1
2384.1
2384.1
2384.1
2384.1
2384.1
2384.1
2384.1
2384.1
2384.1
2384.1
2384.1
2384.1
2384.1
2384.1
2384.1
2384.1
2384.1
2384.1
2384.1
2384.1
2384.1
2384.1
2384.1
2384.1
2384.1
2384.1
2384.1
2384.1
2384.1
2384.1
2384.1
2384.1
2384.1
2384.1
2384.1
2384.1
2384.1
2384.1
2384.1
2384.1
2384.1
2384.1
2384.1
2384.1
2384.2
2384.2
2384.2
2384.2
2384.2
2384.3
2384.3
2384.3
2384.3
2384.3
2384.4
2384.4
2384.4
2384.5
2384.5
2384.5
2384.5
2384.5
2384.6
2384.6
2384.6
2384.6
2384.7
2384.8
2384.8
2384.9
2385.0
2385.0
2385.1
2385.2
2385.3
2385.3
2385.4
2385.5
2385.6
2385.6
2385.6
2388.0
2388.0
2388.0
2388.0
2388.0
2388.0
2388.0
2388.0
2388.0
2388.0
2388.0
2388.0
2388.0
2388.0
2388.0
2388.0
2388.0
2388.0
2388.0
2388.0
2388.0
2388.0
2388.0
2388.0
2388.0
2388.0
2388.0
2388.0
2388.0
2388.0
2388.0
2388.0
2388.0
2388.0
2388.0
2388.0
2388.0
2388.0
2388.0
2388.0
2388.0
2388.0
2388.0
2388.0
2388.0
2388.0
2388.0
2388.0
2388.0
2388.0
2388.0
2388.0
2388.0
2388.0
2388.0
2388.0
2388.0
2388.0
2388.0
2388.0
2388.0
2388.1
2388.1
2388.1
2388.1
2388.1
2388.2
2388.2
2388.2
2388.2
2388.2
2388.3
2388.3
2388.6
2388.6
2388.6
2388.6
2388.6
2388.7
2388.7
2388.8
2388.8
2388.9
2388.9
2389.0
2389.1
2389.2
2389.3
2389.5
2389.7
2389.7
2389.9
2390.2
2390.3
2390.6
2390.7
2390.9
2391.0
2391.0
2391.1
2391.6
2391.6
2391.6
2391.6
2391.6
2391.6
2391.6
2391.6
2391.7
2391.7
2391.7
2391.7
2391.7
2391.7
2391.7
2391.7
2391.7
2391.7
2391.7
2391.7
2391.7
2391.7
2391.7
2391.7
2391.7
2391.7
2391.7
2391.7
2391.7
2391.7
2391.7
2391.7
2391.7
2391.7
2391.7
2391.7
2391.7
2391.7
2391.8
2391.8
2391.8
2391.8
2391.8
2391.8
2391.8
2391.8
2391.8
2391.8
2391.8
2391.8
2391.8
2391.9
2391.9
2391.9
2391.9
2391.9
2391.9
2391.9
2392.0
2392.0
2392.0
2392.0
2392.0
2392.1
2392.1
2392.1
2392.2
2392.2
2392.2
2392.2
2392.3
2392.3
2392.4
2392.6
2392.6
2392.8
2392.8
2392.9
2393.0
2393.0
2393.0
2393.1
2393.1
2393.2
2393.4
2393.6
2393.7
2393.8
2394.3
2394.4
2394.5
2394.6
2395.3
2395.5
2395.7
2395.7
2395.7
2395.8
2395.8
2395.8
2395.8
2395.8
2395.8
2395.8
2395.8
2395.9
2395.9
2395.9
2395.9
2395.9
2395.9
2395.9
2395.9
2395.9
2395.9
2396.0
2396.0
2396.0
2396.0
2396.0
2396.0
2396.0
2396.0
2396.1
2396.1
2396.1
2396.1
2396.1
2396.1
2396.1
2396.1
2396.1
2396.1
2396.1
2396.1
2396.1
2396.2
2396.2
2396.2
2396.2
2396.2
2396.3
2396.3
2396.3
2396.3
2396.3
2396.3
2396.3
2396.3
2396.4
2396.4
2396.4
2396.4
2396.4
2396.5
2396.5
2396.5
2396.5
2396.6
2396.7
2396.7
2396.7
2396.7
2396.8
2396.9
2397.0
2397.0
2397.1
2397.1
2397.1
2397.4
2397.4
2397.4
2397.5
2397.5
2397.9
2398.0
2398.3
2398.3
2398.4
2398.4
2398.5
2398.5
2399.0
2399.0
2399.6
2399.9
2400.4
2400.7
2401.1
2401.7
2401.9
2402.0
2402.0
2402.0
2402.0
2402.2
2402.2
2402.2
2402.3
2402.3
2402.3
2402.3
2402.4
2402.4
2402.4
2402.5
2402.5
2402.6
2402.6
2402.7
2402.7
2402.7
2402.7
2402.7
2402.8
2402.9
2402.9
2402.9
2402.9
2403.0
2403.0
2403.0
2403.1
2403.2
2403.2
2403.2
2403.2
2403.2
2403.2
2403.2
2403.3
2403.3
2403.3
2403.3
2403.5
2403.5
2403.5
2403.5
2403.6
2403.6
2403.6
2403.7
2403.7
2403.7
2403.8
2403.8
2403.9
2404.0
2404.1
2404.1
2404.2
2404.3
2404.4
2404.4
2404.5
2404.6
2404.9
2404.9
2405.1
2405.2
2405.4
2405.5
2405.5
2405.8
2405.9
2406.2
2406.7
2406.7
2406.8
2406.9
2407.1
2407.1
2408.1
2408.5
2408.6
2409.2
2409.3
2409.9
2410.1
2410.7
2411.0
2411.6
2412.0
2413.4
2416.9
2429.7
2435.2
2551.0
2551.0
2551.1
2551.1
2551.1
2551.1
2551.1
2551.1
2551.1
2551.1
2551.1
2551.1
2551.1
2551.1
2551.1
2551.1
2551.1
2551.1
2551.1
2551.1
2551.1
2551.1
2551.1
2551.1
2551.1
2551.1
2551.1
2551.1
2551.1
2551.1
2551.1
2551.1
2551.1
2551.1
2551.1
2551.1
2551.1
2551.1
2551.1
2551.1
2551.1
2551.1
2551.1
2551.1
2551.1
2551.1
2551.1
2551.1
2551.1
2551.1
2551.1
2551.1
2551.1
2551.1
2551.1
2551.1
2551.1
2551.1
2551.1
2551.1
2551.1
2551.1
2551.1
2551.1
2551.1
2551.1
2551.2
2551.2
2551.2
2551.2
2551.2
2551.2
2551.2
2551.2
2551.3
2551.3
2551.3
2551.3
2551.3
2551.4
2551.4
2551.4
2551.4
2551.4
2551.4
2551.4
2551.5
2551.5
2551.5
2551.5
2551.6
2551.6
2551.6
2551.6
2551.7
2551.8
2551.8
2551.8
2551.8
2551.9
2555.1
2555.1
2555.1
2555.1
2555.1
2555.2
2555.2
2555.2
2555.2
2555.2
2555.2
2555.2
2555.2
2555.2
2555.2
2555.2
2555.2
2555.2
2555.2
2555.2
2555.2
2555.2
2555.2
2555.2
2555.2
2555.2
2555.2
2555.2
2555.2
2555.2
2555.2
2555.2
2555.2
2555.2
2555.2
2555.2
2555.2
2555.2
2555.2
2555.2
2555.2
2555.2
2555.2
2555.2
2555.2
2555.2
2555.2
2555.2
2555.2
2555.2
2555.2
2555.2
2555.2
2555.2
2555.2
2555.3
2555.3
2555.3
2555.3
2555.3
2555.3
2555.3
2555.3
2555.3
2555.3
2555.3
2555.4
2555.4
2555.4
2555.4
2555.5
2555.5
2555.7
2555.7
2555.7
2555.8
2555.8
2555.8
2555.9
2556.0
2556.0
2556.1
2556.1
2556.2
2556.3
2556.3
2556.3
2556.3
2556.5
2556.5
2556.6
2556.7
2556.9
2557.0
2557.2
2557.2
2557.3
2557.4
2557.4
2557.5
2558.8
2558.8
2558.8
2558.8
2558.8
2558.8
2558.8
2558.8
2558.9
2558.9
2558.9
2558.9
2558.9
2558.9
2558.9
2558.9
2558.9
2558.9
2558.9
2558.9
2558.9
2558.9
2559.0
2559.0
2559.0
2559.0
2559.0
2559.0
2559.0
2559.0
2559.0
2559.0
2559.0
2559.0
2559.0
2559.0
2559.0
2559.0
2559.0
2559.0
2559.0
2559.0
2559.1
2559.1
2559.1
2559.1
2559.1
2559.1
2559.1
2559.1
2559.1
2559.1
2559.1
2559.1
2559.2
2559.2
2559.2
2559.2
2559.2
2559.2
2559.4
2559.4
2559.4
2559.5
2559.5
2559.5
2559.6
2559.6
2559.7
2559.7
2559.7
2559.8
2560.0
2560.0
2560.0
2560.3
2560.3
2560.5
2560.7
2560.7
2560.7
2560.7
2560.8
2560.8
2561.1
2561.2
2561.4
2561.5
2561.7
2561.9
2562.2
2562.4
2562.8
2562.8
2563.0
2563.3
2563.5
2563.5
2563.6
2563.7
2563.7
2563.7
2563.7
2563.7
2563.8
2563.8
2563.8
2563.8
2563.8
2563.8
2563.9
2563.9
2563.9
2564.0
2564.0
2564.0
2564.0
2564.0
2564.0
2564.0
2564.1
2564.1
2564.1
2564.1
2564.1
2564.1
2564.1
2564.2
2564.2
2564.2
2564.2
2564.2
2564.2
2564.2
2564.2
2564.2
2564.2
2564.3
2564.3
2564.3
2564.3
2564.3
2564.3
2564.3
2564.3
2564.4
2564.4
2564.4
2564.5
2564.5
2564.5
2564.6
2564.6
2564.6
2564.6
2564.6
2564.7
2564.7
2564.7
2564.8
2564.9
2565.0
2565.1
2565.1
2565.2
2565.2
2565.3
2565.4
2565.6
2565.6
2566.0
2566.0
2566.3
2566.3
2566.4
2566.7
2567.0
2567.3
2567.4
2567.6
2567.6
2567.6
2567.9
2568.1
2568.5
2569.3
2570.0
2570.0
2570.4
2570.8
2572.8
2572.8
2573.1
2573.3
2573.7
2573.9
2574.0
2574.1
2574.3
2574.3
2574.4
2574.6
2574.7
2574.7
2574.7
2574.8
2574.8
2574.9
2574.9
2575.1
2575.1
2575.2
2575.3
2575.4
2575.4
2575.6
2575.6
2575.6
2575.9
2576.0
2576.0
2576.1
2576.4
2576.4
2576.4
2576.5
2576.6
2576.6
2576.7
2576.7
2576.8
2576.8
2576.8
2576.9
2577.0
2577.0
2577.0
2577.3
2577.6
2577.6
2577.6
2577.7
2577.7
2577.9
2578.2
2578.5
2578.5
2578.9
2578.9
2578.9
2579.0
2579.4
2579.7
2579.8
2581.1
2581.6
2582.0
2582.6
2582.7
2582.7
2582.9
2583.0
2583.1
2583.6
2584.2
2584.6
2584.8
2592.9
2594.4
2600.6
2603.6
2603.6
2603.7
2603.8
2603.9
2603.9
2603.9
2604.0
2604.0
2604.0
2604.0
2604.0
2604.0
2604.0
2604.0
2604.0
2604.0
2604.0
2604.0
2604.0
2604.0
2604.0
2604.0
2604.0
2604.0
2604.0
2604.0
2604.0
2604.0
2604.0
2604.0
2604.0
2604.0
2604.0
2604.0
2604.0
2604.0
2604.0
2604.0
2604.0
2604.0
2604.0
2604.0
2604.0
2604.0
2604.0
2604.0
2604.0
2604.0
2604.0
2604.0
2604.0
2604.0
2604.0
2604.0
2604.1
2604.1
2604.1
2604.1
2604.1
2604.1
2604.1
2604.1
2604.1
2604.1
2604.1
2604.1
2604.1
2604.1
2604.1
2604.1
2604.1
2604.1
2604.2
2604.2
2604.2
2604.2
2604.2
2604.2
2604.2
2604.3
2604.3
2604.3
2604.3
2604.4
2604.4
2604.5
2604.5
2604.5
2604.5
2604.6
2604.8
2604.8
2604.8
2605.0
2605.0
2605.1
2605.3
2605.4
2606.3
2609.9
2609.9
2610.5
2610.5
2610.6
2610.6
2610.6
2610.6
2610.7
2610.7
2610.7
2610.7
2610.7
2610.7
2610.7
2610.7
2610.7
2610.7
2610.7
2610.8
2610.8
2610.8
2610.8
2610.8
2610.8
2610.8
2610.8
2610.8
2610.8
2610.8
2610.8
2610.8
2610.9
2610.9
2610.9
2610.9
2610.9
2611.0
2611.0
2611.0
2611.0
2611.0
2611.0
2611.1
2611.1
2611.1
2611.1
2611.1
2611.1
2611.1
2611.1
2611.2
2611.2
2611.2
2611.2
2611.2
2611.2
2611.2
2611.2
2611.3
2611.3
2611.3
2611.3
2611.4
2611.4
2611.4
2611.4
2611.5
2611.5
2611.6
2611.6
2611.8
2611.8
2611.8
2611.9
2612.0
2612.0
2612.2
2612.2
2613.0
2613.4
2613.7
2613.8
2613.9
2613.9
2614.1
2614.8
2614.9
2615.0
2615.2
2615.5
2616.3
2616.7
2616.8
2616.8
2616.8
2616.9
2616.9
2616.9
2617.0
2617.0
2617.0
2617.1
2617.1
2617.1
2617.1
2617.1
2617.2
2617.2
2617.2
2617.2
2617.2
2617.3
2617.3
2617.3
2617.3
2617.4
2617.4
2617.4
2617.4
2617.4
2617.4
2617.5
2617.5
2617.6
2617.7
2617.7
2617.7
2617.8
2617.9
2617.9
2617.9
2618.1
2618.2
2618.2
2618.3
2618.3
2618.3
2618.4
2618.5
2618.6
2618.7
2618.8
2618.8
2618.9
2619.0
2619.0
2619.1
2619.1
2619.2
2619.3
2619.3
2619.3
2619.5
2619.7
2619.8
2619.8
2619.8
2619.9
2620.3
2620.4
2620.6
2620.6
2620.6
2620.7
2620.8
2620.8
2621.0
2621.1
2621.2
2622.1
2622.1
2622.7
2622.7
2622.9
2622.9
2623.0
2623.2
2623.2
2623.3
2623.4
2623.4
2623.4
2623.6
2623.6
2623.6
2623.7
2623.7
2623.7
2623.9
2624.0
2624.0
2624.0
2624.1
2624.4
2624.4
2624.5
2624.6
2624.6
2624.8
2624.8
2625.0
2625.0
2625.1
2625.1
2625.1
2625.2
2625.6
2625.7
2625.8
2625.9
2626.2
2626.4
2626.4
2626.5
2626.5
2626.9
2627.1
2627.2
2627.2
2627.7
2627.7
2627.7
2627.9
2628.1
2628.2
2628.4
2628.5
2628.7
2629.2
2629.7
2629.8
2630.0
2630.3
2630.4
2630.5
2631.0
2632.2
2632.3
2632.8
2632.8
2633.1
2633.3
2633.6
2633.7
2634.3
2634.5
2635.0
2635.5
2635.6
2636.3
2636.3
2639.8
2641.9
2650.0
2650.0
2659.8
2661.6
2720.2
2720.2
2720.2
2720.2
2720.2
2720.2
2720.2
2720.2
2720.2
2720.2
2720.2
2720.2
2720.2
2720.2
2720.2
2720.2
2720.2
2720.2
2720.2
2720.2
2720.3
2720.3
2720.3
2720.3
2720.3
2720.3
2720.3
2720.3
2720.3
2720.3
2720.3
2720.3
2720.3
2720.3
2720.3
2720.3
2720.3
2720.3
2720.3
2720.3
2720.3
2720.3
2720.3
2720.3
2720.3
2720.3
2720.3
2720.3
2720.3
2720.3
2720.3
2720.3
2720.3
2720.3
2720.3
2720.3
2720.3
2720.3
2720.3
2720.3
2720.3
2720.3
2720.3
2720.3
2720.4
2720.4
2720.4
2720.4
2720.4
2720.5
2720.5
2720.5
2720.5
2720.6
2720.6
2720.7
2720.7
2720.7
2720.7
2720.7
2720.7
2720.7
2720.7
2720.8
2720.8
2720.8
2721.0
2721.0
2721.0
2721.2
2721.2
2721.3
2721.4
2721.4
2721.5
2721.6
2721.7
2721.7
2721.7
2721.8
2724.3
2724.3
2724.3
2724.3
2724.3
2724.3
2724.3
2724.3
2724.3
2724.3
2724.3
2724.3
2724.3
2724.3
2724.3
2724.3
2724.3
2724.3
2724.3
2724.3
2724.3
2724.3
2724.3
2724.3
2724.3
2724.3
2724.3
2724.3
2724.3
2724.3
2724.3
2724.3
2724.3
2724.3
2724.3
2724.3
2724.3
2724.3
2724.3
2724.3
2724.3
2724.3
2724.3
2724.3
2724.3
2724.3
2724.3
2724.3
2724.3
2724.3
2724.3
2724.3
2724.3
2724.3
2724.3
2724.3
2724.3
2724.3
2724.3
2724.4
2724.4
2724.4
2724.4
2724.4
2724.4
2724.5
2724.5
2724.5
2724.5
2724.5
2724.5
2724.5
2724.6
2724.8
2724.8
2724.9
2724.9
2724.9
2724.9
2724.9
2725.0
2725.1
2725.1
2725.2
2725.3
2725.3
2725.4
2725.4
2725.7
2725.7
2725.8
2725.9
2726.2
2726.3
2726.6
2726.8
2726.9
2727.0
2727.0
2727.1
2727.9
2727.9
2727.9
2727.9
2727.9
2727.9
2728.0
2728.0
2728.0
2728.0
2728.0
2728.0
2728.0
2728.0
2728.0
2728.0
2728.0
2728.0
2728.0
2728.0
2728.0
2728.0
2728.0
2728.0
2728.0
2728.0
2728.0
2728.0
2728.0
2728.0
2728.0
2728.0
2728.0
2728.1
2728.1
2728.1
2728.1
2728.1
2728.1
2728.1
2728.1
2728.1
2728.1
2728.1
2728.1
2728.1
2728.1
2728.1
2728.2
2728.2
2728.2
2728.2
2728.2
2728.2
2728.2
2728.2
2728.2
2728.3
2728.3
2728.3
2728.3
2728.3
2728.4
2728.4
2728.4
2728.5
2728.5
2728.5
2728.5
2728.5
2728.6
2728.7
2728.7
2728.8
2728.9
2729.0
2729.0
2729.2
2729.2
2729.3
2729.3
2729.3
2729.4
2729.4
2729.7
2729.8
2729.8
2730.0
2730.3
2730.5
2730.6
2730.7
2731.3
2731.4
2732.0
2732.0
2732.0
2732.0
2732.1
2732.1
2732.1
2732.1
2732.1
2732.1
2732.2
2732.2
2732.2
2732.2
2732.2
2732.2
2732.2
2732.3
2732.3
2732.3
2732.3
2732.3
2732.3
2732.3
2732.3
2732.3
2732.3
2732.3
2732.3
2732.3
2732.4
2732.4
2732.4
2732.4
2732.4
2732.4
2732.4
2732.4
2732.4
2732.4
2732.5
2732.5
2732.5
2732.5
2732.5
2732.5
2732.6
2732.6
2732.6
2732.6
2732.6
2732.6
2732.6
2732.7
2732.7
2732.7
2732.7
2732.7
2732.8
2732.8
2732.8
2732.8
2732.8
2732.9
2732.9
2733.0
2733.0
2733.0
2733.1
2733.1
2733.1
2733.1
2733.3
2733.4
2733.4
2733.5
2733.7
2733.8
2733.8
2733.8
2733.9
2734.2
2734.3
2734.5
2734.6
2734.7
2734.7
2734.8
2734.8
2735.2
2735.3
2735.7
2736.2
2736.5
2736.6
2737.0
2737.8
2738.0
2738.1
2738.4
2738.4
2738.4
2738.6
2738.6
2738.7
2738.7
2738.7
2738.7
2738.7
2738.8
2738.8
2738.8
2738.9
2738.9
2739.0
2739.0
2739.1
2739.1
2739.1
2739.1
2739.2
2739.2
2739.3
2739.3
2739.3
2739.3
2739.4
2739.4
2739.4
2739.4
2739.4
2739.6
2739.6
2739.6
2739.6
2739.7
2739.7
2739.7
2739.7
2739.7
2739.7
2739.7
2739.7
2739.9
2739.9
2739.9
2739.9
2740.0
2740.0
2740.0
2740.1
2740.2
2740.3
2740.4
2740.4
2740.4
2740.6
2740.6
2740.7
2740.7
2740.8
2740.9
2740.9
2741.0
2741.0
2741.4
2741.5
2741.6
2741.7
2741.9
2741.9
2742.0
2742.2
2742.4
2743.1
2743.3
2743.4
2743.6
2743.6
2744.5
2744.8
2744.9
2745.2
2745.3
2745.6
2745.6
2746.0
2746.6
2747.9
2748.1
2749.3
2751.7
2756.1
2763.8
2767.8
2887.3
2887.3
2887.3
2887.3
2887.3
2887.3
2887.3
2887.3
2887.3
2887.3
2887.3
2887.3
2887.3
2887.3
2887.3
2887.3
2887.3
2887.3
2887.3
2887.3
2887.3
2887.4
2887.4
2887.4
2887.4
2887.4
2887.4
2887.4
2887.4
2887.4
2887.4
2887.4
2887.4
2887.4
2887.4
2887.4
2887.4
2887.4
2887.4
2887.4
2887.4
2887.4
2887.4
2887.4
2887.4
2887.4
2887.4
2887.4
2887.4
2887.4
2887.4
2887.4
2887.4
2887.4
2887.4
2887.4
2887.4
2887.4
2887.4
2887.4
2887.4
2887.4
2887.4
2887.4
2887.4
2887.4
2887.4
2887.5
2887.5
2887.5
2887.5
2887.5
2887.5
2887.5
2887.6
2887.6
2887.6
2887.6
2887.6
2887.7
2887.7
2887.7
2887.7
2887.7
2887.7
2887.8
2887.8
2887.8
2887.8
2887.8
2887.9
2887.9
2888.0
2888.0
2888.1
2888.1
2888.1
2888.1
2888.1
2888.2
2891.4
2891.4
2891.4
2891.5
2891.5
2891.5
2891.5
2891.5
2891.5
2891.5
2891.5
2891.5
2891.5
2891.5
2891.5
2891.5
2891.5
2891.5
2891.5
2891.5
2891.5
2891.5
2891.5
2891.5
2891.5
2891.5
2891.5
2891.5
2891.5
2891.5
2891.5
2891.5
2891.5
2891.5
2891.5
2891.5
2891.5
2891.5
2891.5
2891.5
2891.5
2891.5
2891.5
2891.5
2891.5
2891.5
2891.5
2891.5
2891.5
2891.5
2891.5
2891.5
2891.5
2891.5
2891.5
2891.6
2891.6
2891.6
2891.6
2891.6
2891.6
2891.6
2891.6
2891.6
2891.6
2891.6
2891.7
2891.7
2891.7
2891.7
2891.8
2891.9
2892.0
2892.0
2892.1
2892.1
2892.2
2892.2
2892.3
2892.3
2892.3
2892.5
2892.5
2892.6
2892.6
2892.7
2892.7
2892.7
2892.9
2892.9
2893.0
2893.1
2893.3
2893.4
2893.6
2893.7
2893.7
2893.8
2893.8
2893.9
2895.1
2895.1
2895.1
2895.1
2895.1
2895.1
2895.1
2895.1
2895.2
2895.2
2895.2
2895.2
2895.2
2895.2
2895.2
2895.2
2895.2
2895.2
2895.2
2895.2
2895.2
2895.2
2895.2
2895.3
2895.3
2895.3
2895.3
2895.3
2895.3
2895.3
2895.3
2895.3
2895.3
2895.3
2895.3
2895.3
2895.3
2895.3
2895.3
2895.3
2895.3
2895.3
2895.3
2895.3
2895.4
2895.4
2895.4
2895.4
2895.4
2895.4
2895.4
2895.4
2895.4
2895.4
2895.5
2895.5
2895.5
2895.5
2895.5
2895.5
2895.7
2895.7
2895.7
2895.8
2895.8
2895.8
2895.9
2895.9
2896.0
2896.0
2896.0
2896.1
2896.3
2896.3
2896.3
2896.6
2896.6
2896.9
2897.0
2897.0
2897.0
2897.1
2897.2
2897.2
2897.4
2897.6
2897.8
2897.8
2898.1
2898.3
2898.5
2898.7
2899.2
2899.2
2899.4
2899.7
2899.8
2899.9
2899.9
2899.9
2899.9
2899.9
2899.9
2899.9
2900.0
2900.0
2900.0
2900.0
2900.0
2900.0
2900.1
2900.1
2900.1
2900.1
2900.2
2900.2
2900.2
2900.2
2900.2
2900.2
2900.2
2900.3
2900.3
2900.3
2900.3
2900.3
2900.3
2900.4
2900.4
2900.4
2900.4
2900.4
2900.4
2900.4
2900.4
2900.4
2900.4
2900.4
2900.4
2900.5
2900.5
2900.5
2900.5
2900.5
2900.5
2900.6
2900.6
2900.6
2900.6
2900.7
2900.7
2900.7
2900.7
2900.7
2900.8
2900.8
2900.8
2900.8
2900.8
2900.9
2901.0
2901.2
2901.3
2901.3
2901.3
2901.4
2901.4
2901.6
2901.8
2901.8
2902.1
2902.1
2902.4
2902.5
2902.5
2902.9
2903.1
2903.5
2903.5
2903.7
2903.8
2903.9
2904.1
2904.3
2904.7
2905.5
2906.1
2906.3
2906.7
2906.7
2908.5
2908.7
2908.7
2909.0
2909.2
2909.4
2909.5
2909.6
2909.8
2909.8
2909.9
2910.0
2910.1
2910.1
2910.2
2910.2
2910.2
2910.3
2910.3
2910.5
2910.6
2910.6
2910.7
2910.8
2910.8
2910.9
2911.0
2911.2
2911.3
2911.3
2911.3
2911.3
2911.5
2911.5
2911.5
2911.6
2911.6
2911.7
2911.7
2911.7
2911.8
2912.0
2912.0
2912.0
2912.1
2912.1
2912.2
2912.2
2912.3
2912.3
2912.4
2912.7
2912.8
2912.9
2913.0
2913.1
2913.3
2913.3
2913.4
2913.5
2913.6
2913.8
2913.9
2914.1
2915.0
2915.4
2916.0
2916.2
2916.3
2916.4
2916.5
2916.7
2916.7
2916.8
2917.5
2917.8
2918.9
2921.2
2925.0
2925.4
2926.5
2926.6
2927.0
2929.8
2935.4
2939.5
2939.5
2939.5
2939.5
2939.5
2939.5
2939.5
2939.5
2939.5
2939.5
2939.6
2939.6
2939.6
2939.6
2939.6
2939.6
2939.6
2939.6
2939.6
2939.6
2939.6
2939.6
2939.6
2939.6
2939.6
2939.6
2939.6
2939.6
2939.6
2939.6
2939.6
2939.6
2939.6
2939.6
2939.6
2939.6
2939.6
2939.6
2939.6
2939.6
2939.6
2939.6
2939.6
2939.6
2939.6
2939.6
2939.6
2939.6
2939.6
2939.6
2939.6
2939.6
2939.6
2939.6
2939.6
2939.6
2939.6
2939.7
2939.7
2939.7
2939.7
2939.7
2939.7
2939.7
2939.7
2939.7
2939.7
2939.7
2939.7
2939.7
2939.7
2939.7
2939.8
2939.8
2939.8
2939.8
2939.8
2939.8
2939.8
2939.8
2939.8
2939.8
2939.9
2939.9
2940.0
2940.0
2940.1
2940.1
2940.1
2940.2
2940.4
2940.4
2940.4
2940.4
2940.6
2940.6
2940.7
2940.8
2940.9
2941.0
2946.1
2946.1
2946.2
2946.2
2946.2
2946.2
2946.2
2946.2
2946.3
2946.3
2946.3
2946.3
2946.3
2946.3
2946.3
2946.3
2946.3
2946.3
2946.3
2946.3
2946.4
2946.4
2946.4
2946.4
2946.4
2946.4
2946.4
2946.4
2946.4
2946.4
2946.5
2946.5
2946.5
2946.5
2946.5
2946.6
2946.6
2946.6
2946.6
2946.6
2946.6
2946.6
2946.7
2946.7
2946.7
2946.7
2946.7
2946.7
2946.7
2946.7
2946.7
2946.7
2946.7
2946.7
2946.7
2946.8
2946.8
2946.8
2946.8
2946.8
2946.8
2946.9
2946.9
2946.9
2946.9
2947.0
2947.0
2947.1
2947.1
2947.2
2947.2
2947.4
2947.5
2947.5
2947.6
2947.6
2947.8
2947.8
2948.3
2948.7
2948.9
2948.9
2949.2
2949.2
2949.2
2949.4
2950.2
2950.3
2950.4
2950.6
2950.9
2951.6
2952.0
2952.1
2952.1
2952.1
2952.2
2952.2
2952.2
2952.3
2952.3
2952.3
2952.4
2952.4
2952.4
2952.4
2952.5
2952.5
2952.5
2952.5
2952.5
2952.6
2952.6
2952.6
2952.6
2952.6
2952.6
2952.6
2952.7
2952.7
2952.7
2952.7
2952.8
2952.8
2952.9
2952.9
2953.0
2953.0
2953.2
2953.2
2953.3
2953.4
2953.4
2953.4
2953.5
2953.6
2953.7
2953.7
2953.8
2953.9
2953.9
2953.9
2954.0
2954.0
2954.1
2954.1
2954.2
2954.2
2954.2
2954.3
2954.4
2954.4
2954.4
2954.5
2954.7
2954.8
2954.8
2954.9
2954.9
2955.3
2955.4
2955.5
2955.6
2955.6
2955.8
2955.8
2955.9
2956.1
2956.1
2956.2
2957.0
2957.5
2957.6
2957.7
2958.1
2958.1
2958.2
2958.3
2958.3
2958.6
2958.6
2958.7
2958.7
2958.8
2958.9
2959.0
2959.0
2959.0
2959.0
2959.2
2959.3
2959.3
2959.3
2959.4
2959.7
2959.8
2959.8
2959.9
2960.0
2960.1
2960.1
2960.2
2960.3
2960.3
2960.4
2960.4
2960.5
2960.5
2960.6
2961.2
2961.2
2961.3
2961.7
2961.7
2961.7
2961.9
2962.0
2962.1
2962.3
2962.7
2962.8
2962.9
2962.9
2963.1
2963.3
2963.3
2963.6
2963.8
2964.2
2964.3
2964.7
2964.8
2964.8
2965.2
2965.3
2965.3
2965.4
2965.6
2966.0
2966.3
2966.5
2967.1
2967.2
2967.9
2968.4
2968.6
2968.9
2969.2
2969.6
2970.6
2971.4
2973.4
2974.9
2975.0
2977.6
2980.0
2980.5
2982.0
2984.7
2990.0
2998.9
