7995
8110
8135
8144
8273
8391
8420
8120
8178
8269
8270
8318
8329
8365
8415
8463
8472
7942
7959
7981
8017
8049
8076
8100
8140
8143
8157
8162
8193
8250
8255
8265
8272
8334
8360
8364
8380
8384
8397
8408
8425
8486
7769
7774
7861
7865
7870
7971
7975
8096
8125
8145
8156
8166
8173
8186
8223
8232
8233
8258
8259
8294
8299
8310
8317
8319
8344
8349
8357
8361
8369
8399
8407
8414
8423
8430
8453
8473
8491
8499
8511
8522
8524
7856
7889
7903
7934
7953
7979
7980
8001
8008
8028
8034
8040
8044
8057
8074
8082
8084
8085
8105
8111
8116
8119
8122
8134
8138
8172
8183
8184
8195
8206
8209
8221
8229
8241
8245
8254
8262
8263
8267
8275
8276
8279
8285
8286
8296
8304
8309
8321
8325
8326
8328
8333
8347
8368
8371
8372
8373
8382
8388
8393
8394
8401
8402
8404
8406
8412
8417
8427
8437
8439
8450
8455
8481
8484
8493
8496
8501
8505
8518
8535
8538
8577
8578
7732
7744
7765
7812
7825
7838
7901
7913
7937
7946
7961
7973
7983
7987
8027
8043
8046
8050
8054
8059
8067
8073
8089
8102
8107
8109
8113
8124
8131
8148
8149
8152
8158
8164
8165
8176
8181
8185
8190
8191
8192
8197
8201
8202
8212
8216
8222
8224
8234
8243
8247
8253
8264
8266
8271
8278
8288
8289
8291
8295
8297
8301
8322
8323
8331
8338
8339
8350
8351
8355
8377
8383
8387
8392
8396
8398
8400
8411
8413
8421
8422
8428
8435
8449
8454
8458
8465
8476
8478
8497
8508
8515
8519
8520
8533
8536
8537
8542
8546
8547
8549
8550
8553
8558
8564
8576
8581
7623
7668
7718
7794
7800
7804
7813
7832
7834
7841
7846
7847
7864
7867
7869
7877
7906
7908
7909
7938
7941
7960
7968
7999
8003
8005
8006
8024
8025
8030
8037
8039
8060
8063
8065
8077
8078
8083
8093
8098
8099
8103
8115
8121
8123
8127
8154
8155
8161
8169
8179
8180
8189
8200
8203
8204
8205
8226
8230
8235
8238
8239
8248
8249
8257
8261
8274
8277
8283
8292
8298
8300
8307
8314
8316
8327
8336
8353
8358
8362
8374
8381
8390
8403
8416
8432
8433
8438
8446
8447
8448
8451
8456
8457
8471
8475
8479
8483
8485
8488
8489
8502
8512
8513
8531
8532
8543
8565
8607
8610
8611
8617
8626
8627
5127
6549
7117
7251
7371
7444
7447
7519
7559
7577
7581
7598
7634
7644
7692
7696
7725
7727
7735
7755
7762
7767
7771
7772
7779
7784
7786
7787
7801
7808
7815
7818
7821
7822
7835
7845
7857
7863
7875
7884
7896
7926
7933
7943
7945
7948
7951
7966
7969
7976
7978
7982
7993
7994
8007
8009
8019
8020
8029
8048
8053
8058
8062
8068
8071
8087
8090
8094
8097
8118
8129
8130
8141
8159
8194
8196
8199
8214
8231
8236
8251
8252
8260
8306
8311
8320
8324
8337
8342
8352
8359
8363
8366
8367
8370
8375
8376
8379
8389
8395
8418
8424
8429
8441
8443
8445
8452
8459
8469
8480
8482
8490
8495
8503
8506
8516
8517
8521
8525
8528
8539
8545
8551
8555
8571
8579
8580
8582
8583
8584
8587
8591
8599
8604
8606
8616
8619
8638
5210
6306
6705
6713
6802
7107
7118
7170
7242
7335
7402
7434
7498
7530
7552
7586
7599
7606
7638
7641
7646
7647
7649
7660
7664
7684
7686
7691
7695
7702
7711
7726
7729
7746
7749
7754
7759
7768
7780
7781
7797
7811
7823
7824
7826
7827
7829
7837
7840
7843
7848
7853
7868
7873
7878
7880
7882
7883
7885
7891
7895
7899
7902
7904
7905
7914
7915
7916
7917
7928
7964
7967
7997
7998
8010
8012
8013
8016
8032
8036
8052
8064
8072
8081
8088
8091
8101
8108
8112
8128
8136
8137
8139
8142
8147
8153
8163
8167
8170
8187
8188
8207
8213
8217
8220
8228
8237
8281
8287
8303
8308
8313
8315
8335
8345
8346
8386
8405
8410
8431
8440
8442
8460
8467
8474
8477
8487
8504
8507
8509
8523
8526
8529
8530
8534
8561
8562
8586
8588
8589
8594
8620
8621
8622
8639
8656
8685
5096
5183
5291
5534
5751
5763
5792
5875
5962
6488
6553
6654
6661
6695
6798
6834
6878
6894
6974
6981
7010
7018
7020
7085
7191
7199
7231
7238
7256
7304
7329
7372
7408
7412
7427
7431
7463
7503
7515
7529
7536
7546
7550
7570
7583
7614
7618
7621
7650
7653
7677
7678
7683
7698
7704
7712
7721
7724
7737
7748
7751
7760
7785
7789
7791
7795
7817
7850
7854
7859
7872
7886
7890
7892
7910
7911
7932
7956
7957
7962
7963
7986
7991
7996
8002
8014
8021
8023
8031
8041
8047
8055
8069
8070
8075
8086
8092
8133
8150
8151
8160
8174
8177
8198
8211
8215
8218
8219
8242
8246
8284
8302
8332
8341
8343
8348
8354
8356
8385
8462
8464
8466
8500
8514
8540
8544
8554
8563
8566
8567
8568
8570
8575
8585
8595
8596
8603
8608
8624
8625
8640
8648
8651
8682
8733
4624
4680
4831
4895
4898
4983
5187
5334
5335
5365
5399
5407
5504
5636
5748
5781
5820
5826
5859
5880
5892
5924
5946
6319
6334
6476
6585
6609
6676
6690
6702
6703
6725
6730
6736
6750
6763
6794
6796
6804
6806
6851
6866
6895
6912
6943
6956
6961
6972
6984
7015
7033
7068
7161
7203
7215
7244
7248
7261
7263
7275
7288
7289
7309
7343
7348
7373
7383
7387
7394
7398
7406
7414
7424
7428
7435
7441
7458
7472
7478
7490
7491
7511
7518
7521
7528
7533
7547
7548
7593
7601
7625
7632
7633
7651
7656
7665
7666
7673
7680
7687
7697
7709
7713
7714
7719
7720
7728
7734
7736
7741
7747
7758
7773
7777
7778
7805
7819
7830
7852
7855
7862
7871
7881
7893
7898
7900
7923
7924
7927
7930
7931
7940
7952
7954
7972
7989
7990
8015
8022
8026
8033
8045
8061
8168
8210
8240
8290
8378
8444
8470
8548
8560
8569
8598
8600
8623
8628
8634
8641
8643
8644
8645
8653
8654
8668
8669
8672
8674
8677
8704
4428
4585
4688
4846
4873
4882
4886
4894
4905
4961
5018
5090
5111
5128
5134
5141
5143
5150
5159
5165
5184
5234
5249
5304
5308
5321
5383
5408
5415
5421
5449
5459
5486
5553
5592
5606
5670
5689
5753
5780
5860
5866
5990
6010
6081
6156
6237
6320
6332
6417
6535
6537
6539
6548
6571
6624
6641
6651
6677
6692
6718
6744
6747
6788
6819
6836
6880
6900
6902
6906
6911
6918
6925
6929
6933
6955
6957
6971
6982
6985
7036
7046
7051
7053
7058
7069
7090
7105
7125
7144
7145
7186
7188
7213
7227
7237
7252
7259
7266
7273
7298
7300
7320
7326
7330
7331
7338
7340
7347
7355
7356
7381
7390
7448
7474
7475
7488
7495
7501
7507
7514
7520
7523
7527
7532
7541
7554
7563
7566
7578
7585
7594
7605
7610
7611
7624
7629
7639
7640
7663
7670
7671
7676
7685
7694
7700
7701
7722
7731
7743
7752
7756
7761
7764
7793
7796
7802
7803
7816
7828
7831
7833
7836
7839
7842
7876
7897
7912
7918
7920
7921
7922
7925
7929
7935
7936
7939
7947
7949
7950
7970
7977
7984
7985
7988
8011
8051
8056
8080
8104
8436
8492
8541
8559
8592
8601
8605
8613
8614
8629
8630
8633
8652
8658
8661
8666
8678
8689
8692
4246
4570
4733
4764
4776
4781
4804
4816
4848
4849
4885
4925
4943
4944
4947
4962
5014
5048
5054
5101
5144
5151
5164
5167
5214
5225
5228
5262
5271
5278
5337
5382
5393
5411
5424
5429
5506
5511
5526
5551
5554
5584
5612
5617
5623
5663
5685
5696
5701
5705
5724
5735
5743
5760
5769
5776
5782
5787
5806
5814
5815
5829
5835
5838
5839
5890
5891
5906
5912
5926
5927
5949
5955
5979
5985
6003
6011
6043
6051
6052
6069
6089
6125
6171
6182
6234
6261
6298
6335
6352
6409
6458
6520
6554
6563
6578
6601
6623
6625
6633
6640
6642
6643
6653
6664
6668
6669
6679
6680
6686
6712
6739
6752
6755
6768
6769
6799
6801
6807
6818
6845
6872
6885
6887
6889
6891
6899
6914
6916
6945
6953
6965
6995
7000
7026
7048
7050
7059
7061
7070
7071
7081
7113
7120
7122
7134
7135
7136
7141
7176
7177
7178
7187
7216
7220
7225
7240
7246
7262
7265
7268
7285
7295
7299
7306
7319
7327
7342
7361
7374
7389
7393
7395
7407
7417
7421
7430
7432
7443
7449
7452
7460
7464
7465
7467
7487
7496
7497
7499
7508
7525
7551
7553
7557
7558
7564
7565
7569
7582
7596
7597
7603
7616
7622
7627
7628
7635
7652
7657
7659
7675
7682
7688
7703
7705
7706
7710
7730
7738
7739
7753
7763
7766
7783
7788
7798
7809
7810
7820
7844
7887
7907
7955
7958
7974
7992
8000
8018
8035
8038
8244
8510
8573
8574
8615
8618
8655
8660
8667
8680
8686
8696
8702
8703
8717
8740
8744
4272
4330
4386
4393
4402
4425
4450
4521
4534
4536
4539
4545
4548
4588
4671
4683
4702
4725
4727
4749
4755
4767
4794
4815
4817
4820
4826
4840
4845
4900
4921
4927
4965
4970
4993
4994
5011
5020
5028
5038
5052
5053
5062
5075
5087
5092
5098
5099
5103
5112
5120
5124
5166
5180
5188
5199
5207
5224
5233
5246
5250
5284
5296
5312
5314
5315
5319
5339
5345
5347
5353
5392
5394
5416
5432
5442
5458
5461
5465
5475
5476
5483
5488
5489
5522
5529
5542
5545
5574
5575
5581
5610
5616
5650
5657
5659
5662
5665
5688
5710
5711
5713
5719
5720
5749
5761
5768
5770
5773
5793
5794
5800
5802
5807
5809
5828
5830
5842
5847
5849
5852
5861
5884
5905
5916
5920
5922
5934
5945
5947
5958
5989
5996
6002
6023
6025
6029
6046
6060
6099
6103
6135
6141
6173
6207
6270
6281
6342
6351
6370
6374
6388
6399
6470
6471
6472
6492
6494
6503
6505
6514
6545
6547
6557
6559
6568
6599
6616
6629
6632
6634
6638
6648
6650
6656
6659
6663
6683
6688
6697
6699
6700
6709
6714
6716
6722
6742
6753
6758
6764
6773
6774
6790
6797
6817
6833
6843
6844
6863
6867
6876
6877
6890
6897
6909
6917
6935
6942
6948
6960
6964
6969
6970
6977
6983
6986
6987
6992
7008
7037
7042
7047
7054
7056
7057
7063
7091
7095
7100
7102
7103
7115
7124
7132
7133
7142
7168
7169
7175
7179
7180
7182
7197
7200
7208
7217
7218
7235
7241
7245
7264
7267
7274
7277
7281
7282
7314
7315
7316
7318
7324
7332
7334
7349
7353
7354
7362
7363
7369
7370
7386
7392
7397
7401
7403
7405
7411
7415
7416
7420
7423
7439
7453
7455
7473
7485
7489
7494
7502
7506
7513
7522
7535
7562
7571
7572
7575
7584
7588
7592
7607
7608
7612
7613
7630
7631
7648
7655
7661
7667
7672
7689
7708
7716
7717
7770
7775
7790
7851
7858
7866
7874
7944
8095
8494
8572
8642
8657
8659
8662
8663
8670
8673
8675
8679
8683
8688
8707
8729
4226
4352
4364
4406
4417
4433
4478
4485
4487
4494
4530
4535
4550
4565
4574
4575
4581
4600
4609
4629
4654
4656
4665
4731
4734
4736
4738
4743
4744
4754
4761
4770
4787
4803
4834
4836
4842
4861
4864
4881
4884
4891
4899
4912
4913
4926
4930
4941
4945
4956
4966
4974
4980
4988
4995
5035
5039
5046
5071
5077
5079
5080
5085
5100
5107
5117
5118
5121
5132
5139
5148
5154
5155
5158
5163
5177
5182
5193
5201
5208
5223
5241
5245
5283
5288
5290
5297
5302
5303
5309
5320
5331
5332
5341
5354
5355
5358
5360
5377
5384
5385
5387
5390
5391
5398
5414
5418
5474
5536
5538
5547
5557
5559
5560
5562
5563
5567
5572
5597
5602
5638
5641
5642
5645
5667
5683
5692
5697
5714
5730
5755
5757
5758
5767
5772
5836
5845
5853
5872
5877
5902
5908
5930
5932
5942
5954
5966
5969
5982
5991
5999
6001
6016
6070
6080
6092
6113
6115
6121
6138
6143
6144
6149
6194
6197
6202
6210
6212
6219
6246
6260
6269
6280
6293
6294
6296
6313
6315
6326
6357
6393
6400
6422
6444
6447
6496
6497
6516
6517
6529
6530
6532
6552
6561
6570
6573
6575
6584
6587
6589
6608
6614
6617
6618
6621
6627
6639
6649
6655
6657
6689
6701
6706
6717
6732
6733
6748
6754
6757
6765
6767
6780
6782
6791
6803
6808
6809
6814
6822
6848
6849
6858
6862
6864
6881
6883
6893
6896
6904
6905
6908
6920
6921
6923
6927
6928
6930
6936
6947
6951
6966
6975
6989
6996
7005
7011
7012
7022
7034
7043
7062
7072
7074
7078
7087
7093
7094
7097
7098
7099
7101
7106
7108
7109
7119
7121
7139
7140
7150
7162
7165
7167
7172
7181
7193
7196
7212
7222
7230
7249
7254
7269
7270
7284
7286
7287
7291
7296
7302
7313
7322
7336
7341
7344
7345
7351
7365
7366
7376
7396
7440
7442
7445
7450
7477
7480
7483
7500
7509
7516
7524
7531
7537
7544
7549
7568
7579
7580
7604
7637
7658
7662
7693
7699
7723
7757
7806
7814
7860
7879
8042
8066
8590
8593
8631
8632
8635
8646
8649
8650
8671
8681
8693
8709
8712
8713
8714
8741
3993
4134
4168
4252
4260
4290
4313
4315
4319
4324
4341
4385
4420
4430
4449
4453
4455
4458
4495
4537
4546
4551
4557
4597
4598
4601
4605
4619
4641
4650
4653
4667
4669
4675
4678
4686
4693
4710
4718
4724
4751
4752
4760
4763
4795
4813
4821
4828
4835
4837
4844
4853
4859
4866
4872
4901
4904
4906
4914
4917
4918
4920
4940
4949
4969
4979
4982
4989
4998
5001
5002
5010
5012
5013
5041
5043
5045
5055
5056
5065
5072
5073
5078
5089
5102
5104
5106
5114
5115
5133
5136
5138
5156
5157
5160
5161
5170
5179
5192
5195
5198
5203
5216
5218
5239
5258
5259
5266
5270
5275
5276
5280
5285
5289
5305
5306
5323
5325
5343
5348
5356
5370
5379
5396
5433
5435
5464
5482
5485
5493
5500
5507
5520
5528
5558
5566
5568
5573
5580
5590
5605
5613
5624
5627
5664
5671
5698
5699
5704
5715
5716
5729
5737
5739
5742
5745
5747
5750
5756
5764
5771
5789
5791
5805
5808
5816
5819
5833
5850
5871
5876
5885
5900
5911
5914
5917
5925
5933
5959
5963
5964
5983
5986
5998
6007
6027
6028
6034
6035
6037
6062
6075
6086
6106
6110
6126
6129
6137
6139
6142
6154
6186
6187
6203
6204
6206
6218
6284
6307
6328
6330
6337
6338
6362
6383
6395
6403
6405
6406
6407
6413
6424
6428
6439
6456
6459
6460
6461
6479
6486
6510
6511
6512
6524
6526
6533
6536
6543
6544
6564
6572
6591
6593
6598
6610
6637
6644
6645
6646
6681
6708
6711
6715
6720
6726
6727
6728
6731
6740
6743
6751
6756
6770
6771
6775
6783
6787
6793
6815
6823
6835
6840
6852
6853
6859
6865
6879
6901
6907
6913
6922
6939
6944
6962
6967
6993
6999
7007
7013
7016
7021
7023
7027
7030
7032
7038
7049
7055
7060
7065
7079
7080
7082
7111
7126
7153
7155
7184
7185
7190
7195
7210
7223
7239
7305
7321
7328
7346
7379
7380
7385
7404
7418
7426
7437
7451
7457
7459
7462
7470
7471
7479
7484
7486
7505
7517
7534
7540
7556
7573
7589
7590
7595
7617
7669
7681
7715
7792
7807
7888
8637
8676
8687
8690
8698
8705
8710
8720
8728
8759
8771
8776
8782
8787
8816
3888
3915
3945
3947
3959
4004
4158
4196
4235
4255
4279
4288
4301
4307
4327
4334
4339
4340
4353
4355
4368
4379
4384
4399
4419
4432
4440
4465
4483
4493
4502
4526
4542
4577
4587
4592
4612
4618
4633
4635
4637
4639
4644
4648
4657
4670
4681
4682
4692
4703
4713
4726
4728
4742
4759
4762
4765
4774
4777
4802
4810
4814
4830
4841
4852
4857
4865
4870
4871
4874
4876
4888
4890
4892
4897
4903
4916
4919
4932
4935
4971
4978
4981
4984
4990
5024
5031
5047
5057
5067
5068
5081
5082
5086
5095
5109
5137
5152
5168
5172
5176
5185
5186
5190
5191
5202
5212
5215
5217
5231
5238
5242
5243
5254
5256
5264
5265
5267
5268
5269
5272
5274
5295
5318
5340
5342
5351
5361
5367
5374
5378
5381
5403
5420
5423
5438
5444
5446
5454
5455
5456
5463
5467
5481
5484
5552
5561
5569
5570
5577
5582
5583
5591
5593
5599
5608
5625
5626
5646
5647
5653
5660
5668
5673
5681
5690
5694
5703
5718
5731
5732
5741
5744
5746
5765
5785
5790
5796
5798
5801
5804
5810
5822
5840
5846
5848
5857
5869
5870
5879
5888
5918
5921
5940
5948
5961
5972
5981
5984
6009
6012
6017
6026
6030
6033
6038
6039
6040
6061
6072
6077
6084
6088
6090
6095
6107
6109
6114
6130
6147
6151
6159
6163
6168
6172
6176
6179
6188
6205
6213
6215
6217
6225
6233
6238
6240
6248
6249
6264
6274
6276
6282
6297
6299
6308
6324
6340
6341
6347
6354
6356
6358
6364
6368
6373
6382
6425
6437
6446
6449
6453
6468
6482
6499
6507
6513
6515
6519
6523
6540
6551
6556
6562
6592
6595
6597
6626
6636
6652
6658
6672
6674
6685
6693
6719
6724
6729
6735
6741
6759
6779
6810
6812
6813
6825
6826
6827
6829
6830
6841
6846
6857
6869
6875
6892
6949
6968
6988
6990
7003
7004
7017
7075
7083
7089
7092
7114
7123
7129
7137
7143
7151
7159
7174
7183
7189
7198
7207
7209
7224
7234
7255
7272
7279
7283
7292
7294
7323
7339
7350
7358
7360
7368
7375
7399
7410
7413
7419
7422
7425
7446
7461
7482
7493
7512
7526
7542
7587
7600
7602
7645
7674
8636
8694
8695
8708
8719
8721
8722
8726
8730
8747
8750
8760
8765
8780
8797
3941
3943
3963
4015
4038
4107
4112
4156
4176
4198
4199
4227
4233
4241
4247
4261
4269
4284
4311
4316
4332
4337
4347
4356
4363
4371
4373
4374
4376
4378
4383
4392
4394
4395
4403
4407
4412
4416
4423
4438
4447
4454
4461
4492
4498
4506
4513
4514
4520
4543
4549
4552
4553
4558
4561
4564
4568
4584
4595
4604
4607
4623
4626
4628
4630
4631
4634
4643
4651
4659
4661
4662
4698
4699
4706
4708
4709
4714
4723
4748
4757
4771
4775
4778
4779
4782
4793
4797
4800
4805
4807
4809
4811
4812
4822
4851
4862
4877
4883
4887
4893
4896
4907
4908
4911
4922
4924
4928
4934
4938
4948
4951
4955
4958
4968
4972
4973
4987
4997
5005
5009
5017
5026
5050
5063
5064
5069
5074
5083
5091
5093
5094
5097
5110
5123
5126
5153
5173
5181
5194
5196
5205
5213
5220
5222
5230
5251
5252
5255
5279
5287
5301
5311
5316
5330
5336
5350
5363
5366
5371
5413
5419
5426
5441
5448
5451
5453
5472
5473
5479
5487
5490
5491
5492
5499
5508
5510
5515
5518
5521
5555
5565
5576
5578
5589
5594
5596
5598
5603
5609
5615
5629
5630
5631
5632
5637
5639
5644
5655
5658
5661
5669
5678
5684
5686
5693
5702
5727
5786
5799
5811
5817
5823
5824
5834
5844
5855
5858
5865
5874
5878
5886
5897
5898
5907
5923
5929
5931
5935
5943
5965
5980
5987
6004
6005
6020
6022
6024
6031
6042
6049
6050
6059
6067
6078
6108
6128
6136
6140
6152
6161
6162
6175
6180
6184
6196
6216
6221
6222
6231
6253
6262
6267
6271
6289
6295
6303
6310
6311
6316
6317
6321
6322
6327
6333
6349
6366
6375
6379
6392
6394
6397
6412
6415
6416
6418
6419
6421
6423
6431
6433
6435
6436
6440
6452
6467
6474
6481
6483
6484
6493
6506
6518
6527
6531
6560
6569
6580
6581
6582
6588
6596
6602
6605
6606
6611
6612
6628
6635
6660
6666
6671
6673
6684
6696
6707
6734
6749
6760
6784
6792
6805
6820
6821
6831
6837
6838
6855
6856
6861
6868
6870
6874
6882
6919
6932
6937
6940
6941
6950
6952
6954
6959
6963
6978
6998
7006
7009
7028
7052
7066
7067
7088
7127
7130
7131
7146
7147
7149
7163
7204
7205
7219
7226
7233
7301
7303
7307
7311
7312
7317
7333
7367
7378
7382
7391
7409
7466
7468
7492
7539
7543
7567
7574
7576
7619
7636
8664
8684
8699
8700
8711
8715
8718
8723
8732
8737
8738
8746
8749
8751
8754
8762
8766
8786
8790
3955
3967
4084
4092
4095
4104
4119
4133
4145
4180
4183
4203
4204
4206
4208
4210
4216
4219
4224
4238
4240
4257
4264
4266
4275
4281
4289
4295
4304
4306
4308
4314
4322
4328
4350
4357
4359
4366
4375
4381
4388
4396
4409
4414
4421
4434
4445
4468
4471
4472
4475
4484
4486
4491
4509
4510
4518
4524
4528
4532
4538
4540
4547
4554
4563
4566
4573
4602
4608
4614
4622
4645
4655
4658
4672
4676
4677
4685
4687
4695
4716
4717
4719
4729
4737
4741
4758
4768
4780
4783
4796
4798
4801
4808
4823
4824
4839
4843
4847
4855
4867
4868
4879
4923
4931
4957
4960
4975
4976
4986
4996
5006
5016
5019
5022
5025
5032
5033
5061
5066
5070
5108
5113
5129
5147
5211
5219
5229
5261
5273
5277
5292
5294
5298
5307
5310
5327
5328
5338
5346
5349
5364
5368
5369
5372
5386
5388
5395
5404
5405
5412
5417
5422
5431
5436
5439
5447
5468
5480
5494
5496
5497
5513
5514
5535
5540
5546
5556
5579
5604
5621
5622
5634
5640
5649
5676
5677
5687
5707
5708
5709
5717
5723
5725
5738
5766
5779
5797
5821
5832
5841
5851
5854
5856
5863
5867
5893
5894
5899
5909
5910
5928
5950
5956
5967
5973
5974
5975
5978
6000
6013
6032
6057
6058
6064
6071
6082
6096
6098
6102
6116
6118
6119
6120
6123
6127
6153
6165
6169
6170
6174
6183
6185
6189
6193
6195
6200
6209
6229
6235
6241
6242
6245
6254
6278
6279
6285
6286
6292
6304
6305
6325
6331
6348
6360
6377
6381
6396
6402
6404
6410
6426
6429
6454
6457
6462
6469
6487
6491
6498
6501
6502
6508
6528
6541
6558
6567
6577
6604
6622
6667
6670
6691
6694
6704
6721
6761
6777
6785
6850
6854
6871
6886
6898
6938
6958
6979
6980
7001
7002
7039
7045
7073
7084
7096
7128
7156
7166
7171
7194
7206
7243
7260
7271
7290
7364
7400
7433
7436
7481
7504
7609
8736
8739
8748
8773
8784
8788
8803
8804
8807
3890
3940
3951
3956
3980
3997
4026
4042
4052
4054
4061
4063
4069
4072
4098
4111
4114
4115
4116
4132
4135
4144
4165
4171
4173
4178
4181
4192
4197
4207
4225
4228
4248
4258
4262
4268
4270
4282
4300
4302
4305
4317
4331
4335
4336
4358
4372
4397
4413
4422
4439
4441
4442
4444
4451
4463
4464
4477
4490
4497
4507
4508
4512
4527
4533
4556
4562
4567
4571
4590
4603
4611
4613
4621
4625
4632
4640
4649
4663
4666
4674
4697
4707
4732
4747
4750
4791
4818
4819
4833
4854
4880
4910
4915
4929
4933
4937
4942
4950
4952
4959
4992
5004
5036
5040
5049
5059
5060
5105
5116
5131
5140
5171
5175
5189
5197
5200
5204
5206
5244
5281
5282
5286
5293
5322
5357
5362
5373
5375
5376
5402
5406
5425
5428
5440
5443
5466
5469
5505
5509
5519
5530
5532
5571
5588
5618
5619
5620
5643
5648
5654
5666
5680
5695
5722
5734
5762
5774
5775
5873
5882
5887
5904
5919
5936
5937
5938
5941
5952
5957
5960
5970
5995
5997
6015
6021
6044
6048
6068
6094
6100
6111
6132
6145
6146
6157
6158
6160
6181
6190
6192
6198
6199
6201
6223
6224
6226
6228
6230
6247
6251
6256
6258
6268
6273
6275
6277
6288
6339
6343
6344
6345
6355
6359
6365
6369
6376
6387
6398
6408
6411
6427
6434
6441
6442
6450
6465
6473
6477
6478
6485
6504
6525
6555
6565
6566
6576
6586
6590
6594
6613
6662
6678
6687
6723
6776
6786
6800
6824
6910
6994
7029
7035
7076
7154
7214
7229
7308
7310
8706
8716
8731
8742
8743
8745
8752
8761
8778
8779
8792
8796
8798
8799
8805
8809
8835
3906
3921
3946
3979
3985
3988
3998
4020
4022
4048
4076
4100
4109
4140
4160
4161
4169
4179
4184
4185
4186
4217
4220
4230
4231
4234
4242
4251
4267
4273
4274
4276
4277
4291
4294
4310
4312
4320
4321
4323
4344
4346
4365
4369
4387
4424
4431
4437
4457
4469
4476
4482
4489
4496
4501
4505
4515
4516
4517
4522
4525
4529
4531
4544
4569
4572
4576
4578
4583
4589
4591
4593
4594
4596
4606
4610
4627
4636
4638
4647
4652
4664
4679
4689
4694
4705
4712
4715
4730
4735
4739
4745
4746
4772
4773
4788
4827
4829
4850
4856
4858
4863
4875
4939
4964
4977
5003
5007
5015
5044
5051
5058
5076
5084
5088
5135
5174
5178
5227
5235
5236
5240
5253
5257
5260
5324
5326
5329
5344
5352
5389
5401
5427
5430
5450
5471
5477
5501
5516
5527
5541
5543
5550
5585
5600
5628
5635
5652
5674
5675
5726
5736
5754
5818
5843
5881
5895
5915
5977
6045
6066
6076
6091
6093
6097
6112
6117
6164
6208
6214
6252
6291
6300
6301
6309
6312
6318
6323
6329
6350
6367
6380
6389
6445
6455
6463
6475
6495
6521
6579
6583
6600
6615
6675
6682
6778
6884
6915
6946
6997
7192
7280
7352
7357
7438
7476
8701
8735
8755
8772
8774
8775
8777
8783
8794
8800
8814
8822
3741
3828
3849
3874
3925
3931
3936
3939
3965
4006
4007
4019
4025
4031
4039
4043
4053
4067
4077
4086
4099
4101
4126
4138
4139
4149
4151
4157
4162
4172
4187
4191
4194
4195
4200
4201
4205
4212
4249
4250
4254
4256
4283
4296
4298
4303
4333
4342
4345
4348
4351
4354
4360
4370
4400
4410
4426
4427
4448
4456
4467
4470
4519
4559
4579
4580
4586
4615
4616
4620
4668
4696
4704
4722
4825
4909
4946
4954
4967
4991
4999
5000
5008
5021
5029
5034
5042
5130
5145
5209
5237
5248
5299
5313
5317
5359
5380
5400
5457
5462
5495
5512
5523
5524
5595
5614
5651
5672
5706
5712
5788
5825
5837
5862
5868
5889
5903
5944
5971
5976
5988
6065
6104
6133
6167
6177
6227
6250
6263
6283
6302
6336
6346
6371
6378
6430
6438
6448
6480
6489
6546
6550
6574
6603
6631
6647
6847
6976
7031
7110
7138
8763
8769
8770
8785
8789
8801
8802
8806
8823
8825
8826
8840
8847
8858
3706
3883
3884
3916
3918
3934
3978
3987
3999
4000
4003
4021
4028
4030
4036
4050
4056
4064
4065
4068
4073
4079
4102
4121
4129
4141
4148
4152
4163
4167
4214
4229
4232
4236
4237
4259
4278
4285
4299
4325
4329
4367
4391
4411
4418
4435
4436
4443
4481
4504
4511
4541
4555
4660
4673
4684
4721
4740
4769
4784
4785
4786
4789
4790
4860
4963
5027
5037
5119
5122
5142
5226
5232
5452
5470
5478
5498
5502
5586
5611
5883
5939
6054
6083
6178
6211
6266
6272
6287
6353
6385
6401
6420
6509
6542
6811
6873
7024
7173
8753
8781
8791
8793
8795
8817
8824
8827
8839
8856
3752
3801
3834
3836
3840
3861
3870
3871
3880
3893
3901
3908
3909
3942
3961
3968
3970
3982
3984
3986
4001
4010
4014
4017
4034
4041
4044
4046
4049
4062
4071
4085
4088
4094
4103
4110
4128
4142
4159
4166
4170
4177
4188
4189
4190
4209
4213
4215
4309
4318
4362
4380
4389
4401
4405
4415
4429
4446
4756
4792
4799
4832
4869
4889
4936
5525
5633
5679
5777
5951
5968
6014
6041
6056
6074
6122
6166
6232
6239
6290
6443
6464
6772
7211
8305
8767
8810
8811
8813
8819
8828
8831
8832
8833
8834
8837
8846
8850
8851
8859
8873
3703
3709
3722
3802
3803
3805
3822
3830
3835
3856
3887
3896
3897
3903
3913
3960
3964
3977
3981
3990
3994
3996
4005
4011
4029
4035
4040
4058
4070
4074
4089
4091
4097
4113
4117
4125
4131
4137
4150
4154
4155
4175
4202
4211
4239
4245
4263
4349
4377
4582
4599
4617
4690
4711
5549
5700
5740
6008
6085
6124
6191
6259
7025
7337
8812
8820
8838
8841
8842
8844
8852
8853
8857
8863
8865
8866
8872
3690
3713
3718
3788
3814
3820
3823
3826
3833
3841
3854
3863
3867
3881
3895
3899
3912
3919
3923
3944
3950
3952
3958
3966
3969
3972
3973
3975
3976
3991
4023
4024
4037
4096
4124
4143
4146
4174
4218
4265
4287
4297
4338
4503
5784
6047
6053
6101
6255
6314
6414
8821
8830
8870
3577
3603
3647
3657
3660
3759
3776
3779
3780
3791
3796
3808
3824
3827
3847
3852
3886
3894
3898
3920
3928
3933
3983
3995
4012
4027
4033
4045
4059
4081
4087
4105
4108
4118
4123
4147
4193
4244
4280
4398
4466
4499
5434
6131
6155
6265
8468
8848
8849
8854
8855
8860
8878
8885
8898
3500
3567
3687
3692
3707
3716
3733
3734
3761
3764
3772
3812
3813
3816
3839
3844
3859
3866
3868
3878
3885
3900
3905
3911
3922
3962
3974
3989
4066
4083
4090
4106
4122
4343
4462
8256
8829
8836
8862
8867
8868
8871
8874
8876
8883
8910
2132
3327
3497
3524
3560
3651
3667
3668
3675
3754
3756
3769
3775
3778
3781
3783
3810
3817
3819
3829
3831
3832
3837
3876
3877
3891
3892
3904
3907
3914
3926
3929
3949
3953
4013
4060
4078
4221
4223
4474
8182
8282
8426
8461
8552
8845
8877
8882
8884
8890
8897
3303
3372
3589
3611
3621
3626
3638
3649
3696
3710
3719
3729
3749
3770
3782
3793
3807
3809
3811
3845
3850
3857
3879
3910
3927
3930
3932
3954
3957
3992
4009
4018
4047
4055
6361
8208
8227
8330
8419
8527
8869
8879
8892
8901
8904
8905
1741
3323
3429
3473
3480
3501
3514
3526
3527
3534
3581
3593
3602
3617
3627
3637
3659
3673
3679
3693
3695
3702
3724
3739
3742
3765
3790
3792
3798
3806
3815
3821
3838
3842
3862
3865
3889
4057
4080
4093
4130
7799
8004
8280
8293
8556
8557
8864
8875
8900
1706
2202
2408
2809
2955
3149
3222
3235
3315
3337
3368
3430
3431
3532
3545
3554
3578
3605
3609
3639
3643
3648
3658
3669
3670
3681
3688
3715
3736
3747
3757
3774
3794
3795
3843
3846
3848
4002
8146
8434
8888
8895
8911
8912
2234
2798
3148
3212
3223
3258
3269
3276
3278
3341
3453
3474
3536
3568
3572
3594
3597
3632
3642
3654
3662
3674
3686
3689
3700
3705
3712
3717
3728
3737
3743
3744
3748
3750
3755
3758
3785
3787
3799
3804
3853
3873
4182
7740
8132
8225
8498
8891
8894
8906
8909
8918
8922
8927
8929
1729
1886
1989
2128
2225
2233
2316
2395
3006
3127
3196
3241
3244
3274
3284
3305
3334
3356
3376
3407
3459
3475
3486
3488
3531
3540
3543
3556
3562
3574
3580
3584
3585
3607
3614
3616
3625
3628
3634
3635
3699
3720
3731
3746
3763
3768
3789
3800
3858
3860
3872
3882
4286
7750
8079
8114
8171
8597
8908
8926
8930
8935
8948
1757
1958
2019
2175
2183
2261
2298
2354
2466
2475
2771
3094
3181
3210
3242
3262
3271
3285
3289
3336
3342
3375
3482
3551
3558
3579
3595
3622
3636
3664
3665
3671
3672
3678
3683
3684
3685
3691
3694
3708
3714
3740
3762
3777
3784
3797
3902
3938
6538
7679
7776
7965
8409
8886
8889
8896
8913
8914
8915
8928
8938
8942
1827
1893
1951
2086
2088
2107
2122
2178
2242
2249
2417
2430
2453
2515
3097
3175
3255
3257
3280
3292
3307
3316
3347
3353
3393
3410
3423
3468
3471
3490
3505
3510
3528
3555
3561
3573
3590
3600
3601
3613
3623
3629
3697
3726
3818
3855
3864
5548
7250
7733
8268
8312
8612
8893
8903
8923
8933
8940
8941
8945
1667
1701
1744
1844
1959
1980
1981
2025
2029
2118
2130
2284
2299
2312
2347
2385
2428
2702
2780
2986
3182
3189
3215
3237
3245
3293
3329
3333
3358
3359
3360
3380
3450
3455
3460
3461
3463
3464
3465
3496
3498
3508
3529
3552
3588
3624
3630
3631
3633
3645
3652
3701
3704
3721
3738
3745
7221
7538
7560
8907
8917
8939
8943
8947
8958
1732
1936
1953
1960
1971
1986
1988
2033
2043
2069
2083
2089
2092
2095
2105
2127
2136
2172
2191
2219
2250
2257
2262
2274
2304
2361
2471
2572
2742
2768
2773
2785
2804
2805
2901
2928
2958
3062
3103
3119
3130
3180
3247
3310
3314
3325
3343
3361
3394
3396
3397
3425
3441
3448
3452
3478
3484
3525
3539
3550
3553
3564
3565
3571
3598
3599
3612
3666
3711
3766
3825
6860
7620
7654
7919
8899
8924
8949
8952
8973
1597
1654
1672
1683
1786
1848
1903
1914
1949
1973
1984
1992
2006
2008
2058
2074
2081
2098
2189
2223
2226
2232
2244
2251
2255
2269
2286
2301
2320
2332
2334
2349
2353
2357
2375
2390
2391
2446
2448
2459
2487
2488
2516
2552
2568
3055
3057
3078
3082
3106
3107
3116
3118
3145
3158
3161
3172
3184
3224
3225
3231
3246
3254
3273
3296
3321
3330
3345
3364
3378
3409
3421
3424
3443
3454
3477
3481
3487
3492
3502
3517
3537
3541
3557
3563
3592
3610
3640
3644
3646
3698
3735
3760
6738
7293
7545
7690
7849
8647
8902
8916
8920
8931
8934
8954
8971
1513
1595
1624
1674
1680
1728
1737
1766
1770
1779
1808
1809
1816
1899
1910
1927
1948
1955
1974
1978
2003
2010
2022
2030
2044
2047
2051
2056
2065
2075
2084
2125
2129
2146
2156
2168
2180
2201
2212
2256
2280
2285
2308
2313
2315
2318
2362
2368
2421
2431
2465
2477
2649
2671
2823
2967
2990
3034
3058
3075
3085
3131
3133
3165
3179
3203
3230
3252
3263
3268
3279
3301
3312
3328
3340
3373
3386
3401
3408
3418
3422
3440
3445
3451
3467
3494
3515
3520
3559
3569
3587
3591
3641
3655
3677
3751
3771
5682
6789
7201
7469
7894
8106
8117
8609
8921
8936
8951
8960
8964
1544
1576
1600
1669
1723
1727
1852
1855
1891
1940
1956
2005
2016
2026
2049
2061
2085
2093
2119
2143
2162
2179
2237
2253
2292
2294
2325
2340
2392
2418
2437
2452
2457
2458
2463
2480
2518
2525
2535
2549
2571
2609
2652
2663
2799
2814
2913
2948
3014
3024
3056
3065
3080
3089
3099
3102
3153
3159
3163
3185
3187
3200
3219
3239
3240
3300
3302
3326
3348
3357
3363
3369
3371
3435
3449
3456
3507
3509
3518
3519
3549
3566
3586
3656
3661
3663
6244
6630
7064
7377
7454
7745
7782
8946
8950
8955
8993
1507
1528
1563
1610
1617
1622
1627
1630
1691
1695
1752
1758
1776
1785
1833
1838
1869
1873
1883
1902
1923
1979
1994
2039
2055
2063
2082
2099
2110
2115
2133
2157
2163
2164
2170
2247
2263
2267
2277
2303
2319
2324
2335
2358
2360
2364
2377
2396
2401
2405
2406
2415
2425
2433
2435
2443
2447
2469
2473
2479
2490
2499
2510
2532
2550
2554
2561
2567
2570
2575
2592
2593
2608
2691
2706
2724
2774
2783
2812
2841
2847
2864
2880
2919
2924
2926
2938
2961
2970
3012
3023
3036
3060
3072
3139
3150
3157
3166
3177
3178
3191
3195
3206
3217
3234
3283
3287
3317
3320
3324
3339
3352
3392
3398
3406
3411
3412
3415
3434
3442
3444
3462
3472
3489
3499
3504
3575
3618
3620
3653
3730
7158
8602
8665
8953
8966
8970
8982
9004
9011
1433
1436
1439
1486
1551
1590
1612
1621
1626
1651
1656
1689
1696
1712
1713
1734
1753
1774
1796
1798
1840
1857
1858
1890
1915
1916
1928
1931
1933
1943
1963
1965
1966
1976
1983
1985
1990
1991
1998
2009
2032
2073
2078
2094
2096
2103
2114
2116
2123
2134
2161
2185
2193
2203
2209
2216
2229
2259
2272
2289
2300
2302
2344
2379
2380
2381
2409
2420
2426
2427
2455
2460
2464
2482
2483
2504
2512
2617
2620
2654
2659
2669
2719
2722
2791
2811
2843
2861
2882
2889
2905
2932
2971
2972
2995
3017
3019
3049
3050
3063
3081
3110
3123
3125
3132
3136
3162
3169
3186
3202
3214
3243
3277
3286
3288
3294
3308
3331
3338
3351
3374
3381
3395
3399
3403
3404
3413
3426
3427
3428
3466
3596
5169
5607
5656
5778
6243
7040
7228
7561
7626
8932
8937
8968
1381
1504
1532
1552
1583
1588
1639
1644
1650
1665
1710
1715
1717
1725
1735
1747
1748
1763
1771
1780
1792
1803
1810
1834
1863
1872
1875
1877
1880
1881
1882
1896
1904
1912
1913
1954
1997
2002
2012
2024
2045
2067
2101
2106
2141
2144
2151
2154
2186
2196
2199
2214
2268
2295
2310
2336
2359
2386
2399
2403
2407
2412
2494
2495
2497
2498
2513
2521
2526
2558
2560
2605
2610
2624
2646
2651
2677
2678
2682
2709
2736
2744
2795
2821
2822
2844
2848
2866
2879
2899
2922
2927
2954
2966
2975
2988
2991
3037
3041
3051
3088
3115
3141
3152
3193
3213
3229
3264
3282
3304
3322
3332
3335
3344
3349
3354
3362
3377
3400
3405
3417
3420
3433
3436
3446
3447
3521
3530
3542
6466
6931
7742
8944
8956
8961
8975
8990
8994
9005
9015
1366
1406
1518
1520
1540
1553
1557
1573
1580
1642
1658
1698
1721
1724
1738
1743
1754
1767
1777
1787
1788
1812
1819
1836
1878
1909
1945
1962
1999
2014
2018
2028
2035
2036
2040
2057
2062
2068
2076
2077
2080
2100
2120
2121
2158
2159
2182
2194
2200
2208
2213
2220
2231
2235
2238
2241
2258
2275
2283
2296
2297
2321
2328
2331
2345
2346
2356
2371
2432
2436
2456
2461
2462
2501
2508
2539
2543
2564
2581
2586
2588
2596
2606
2616
2626
2635
2641
2642
2643
2676
2708
2727
2747
2750
2753
2779
2786
2842
2886
2907
2911
2912
2940
2942
3001
3005
3007
3018
3025
3028
3039
3069
3086
3095
3100
3114
3120
3126
3135
3146
3164
3171
3221
3226
3233
3259
3275
3365
3366
3370
3384
3402
3439
3479
3506
3535
3547
3615
4806
5827
6384
6665
6795
6839
6934
7258
8126
8959
8967
8985
1417
1426
1448
1450
1458
1465
1476
1546
1561
1569
1587
1599
1615
1649
1670
1686
1690
1693
1773
1775
1790
1806
1841
1843
1854
1861
1874
1884
1889
1895
1901
1929
1935
1947
1957
1967
1970
1972
1982
1987
2000
2011
2013
2031
2046
2111
2135
2142
2147
2153
2166
2171
2173
2195
2205
2211
2215
2230
2246
2248
2260
2322
2338
2351
2363
2373
2416
2422
2429
2441
2450
2454
2472
2476
2509
2519
2522
2534
2536
2555
2557
2562
2573
2580
2585
2590
2613
2647
2658
2675
2732
2756
2762
2782
2836
2853
2896
2903
2904
2908
2915
2935
2946
2953
2974
2981
2989
2999
3009
3013
3042
3046
3053
3092
3105
3121
3138
3143
3154
3194
3197
3211
3218
3232
3290
3299
3309
3313
3319
3355
3391
3414
3419
3483
3516
4902
4985
5162
5333
5517
5733
5864
6363
6766
7086
7112
7148
7325
7359
7388
7555
7642
7643
8691
8727
8957
8988
9000
1341
1384
1394
1410
1428
1441
1462
1464
1468
1473
1490
1491
1492
1503
1547
1550
1562
1601
1604
1613
1635
1637
1640
1643
1661
1666
1671
1675
1676
1678
1681
1685
1705
1726
1730
1731
1742
1745
1762
1772
1783
1794
1800
1814
1831
1832
1842
1846
1851
1862
1864
1908
1918
1924
1925
1926
1961
1975
2020
2021
2064
2066
2070
2102
2108
2117
2138
2140
2155
2160
2169
2188
2192
2227
2271
2317
2329
2374
2384
2414
2492
2506
2520
2523
2531
2548
2553
2556
2563
2574
2595
2607
2619
2625
2667
2679
2686
2696
2699
2741
2745
2748
2759
2778
2807
2810
2813
2817
2857
2872
2885
2887
2949
2984
2994
3003
3004
3008
3020
3044
3054
3079
3083
3090
3113
3137
3140
3147
3183
3192
3297
3367
3385
3387
3485
4480
5397
5460
5531
5913
6036
6832
6842
7152
7160
7164
7278
8725
8969
8972
8974
8977
8979
8980
8984
8998
9026
1345
1391
1392
1485
1497
1531
1535
1545
1572
1585
1594
1625
1646
1702
1708
1720
1733
1746
1755
1756
1764
1782
1795
1805
1815
1818
1829
1856
1867
1868
1905
1944
1952
2017
2041
2052
2072
2079
2087
2176
2190
2197
2198
2254
2265
2279
2281
2291
2314
2326
2333
2348
2383
2393
2394
2419
2485
2496
2514
2589
2612
2630
2640
2650
2656
2657
2664
2673
2700
2723
2738
2763
2787
2796
2815
2850
2894
2929
2934
2957
2969
3015
3032
3048
3073
3074
3101
3129
3151
3167
3173
3188
3205
3216
3248
3256
3260
3295
3298
3388
4382
4390
4700
4701
4953
5300
5445
5533
6257
6432
6737
6903
7236
7253
7257
7297
7429
7456
8991
9032
1386
1389
1395
1396
1400
1404
1422
1432
1435
1451
1454
1457
1482
1501
1526
1539
1542
1549
1555
1582
1606
1607
1623
1628
1631
1673
1677
1684
1699
1700
1709
1739
1749
1760
1765
1778
1820
1823
1828
1835
1919
1920
1934
1941
2007
2037
2048
2053
2090
2112
2167
2187
2207
2218
2240
2243
2252
2293
2305
2307
2337
2365
2366
2402
2404
2410
2442
2445
2467
2500
2502
2503
2507
2517
2527
2542
2546
2583
2597
2602
2604
2623
2632
2685
2690
2693
2704
2710
2713
2746
2758
2761
2764
2816
2824
2839
2855
2858
2865
2877
2878
2895
2898
2918
2931
3026
3029
3033
3087
3098
3128
3190
3204
3208
3266
3306
3311
3350
3533
5221
5503
5564
6372
6386
6745
6991
7615
7707
8697
9002
9006
1380
1415
1434
1446
1452
1470
1480
1489
1500
1515
1529
1554
1556
1558
1566
1574
1577
1581
1618
1619
1647
1662
1707
1714
1716
1719
1768
1789
1793
1849
1885
1897
1906
1922
1930
1993
2038
2054
2071
2109
2124
2131
2145
2148
2152
2204
2276
2288
2323
2350
2352
2387
2398
2423
2439
2444
2451
2474
2478
2481
2559
2576
2577
2579
2582
2584
2618
2622
2628
2653
2661
2697
2707
2726
2729
2731
2740
2754
2766
2770
2777
2788
2826
2845
2851
2854
2859
2863
2875
2947
2950
2952
2965
2968
2976
2983
2997
2998
3021
3030
3031
3068
3076
3093
3104
3108
3199
3270
3291
3382
3416
3457
4523
4691
5125
5149
5783
5994
6073
6105
6710
6781
7019
7077
7247
8756
8758
8768
8976
8989
8997
1371
1398
1402
1447
1469
1474
1484
1488
1508
1512
1567
1575
1591
1592
1616
1632
1660
1718
1740
1761
1801
1825
1859
1860
1876
1907
1937
1946
2023
2027
2060
2184
2221
2239
2264
2309
2341
2367
2424
2438
2440
2468
2529
2537
2594
2615
2648
2666
2687
2720
2781
2793
2800
2806
2825
2840
2856
2862
2881
2900
2937
2941
2977
3035
3040
3047
3052
3070
3071
3077
3091
3122
3174
3220
3228
3458
3495
3546
4292
4488
5437
5601
6006
6055
6390
6607
6816
6828
6924
6926
8724
8963
9003
9009
9023
9060
1301
1328
1363
1369
1405
1425
1461
1466
1502
1524
1560
1598
1609
1636
1653
1784
1802
1821
1830
1850
1888
1892
1921
1939
1950
1995
2137
2150
2165
2245
2369
2470
2491
2511
2538
2566
2587
2631
2665
2688
2739
2752
2790
2834
2868
2874
2909
2914
2943
3000
3016
3027
3227
3265
3470
5721
5992
6079
6087
6134
6391
7014
7232
8734
8764
8983
8987
8992
8995
9014
9019
1299
1352
1361
1373
1375
1382
1416
1431
1444
1449
1455
1463
1481
1498
1505
1511
1516
1517
1522
1534
1541
1578
1608
1614
1657
1663
1704
1736
1791
1807
1822
1826
1853
1866
1870
1887
1894
1932
1968
2015
2050
2126
2139
2206
2306
2339
2376
2486
2493
2528
2544
2569
2611
2634
2655
2660
2672
2703
2711
2714
2737
2792
2794
2827
2852
2888
2893
2923
2956
2979
2987
2996
3022
3064
3124
3207
3238
3267
3379
4642
4766
4838
5409
5813
6762
7276
9007
9018
9027
1321
1344
1385
1401
1403
1412
1418
1423
1430
1442
1456
1475
1478
1494
1523
1527
1543
1564
1568
1586
1603
1605
1655
1659
1688
1694
1697
1781
1799
1813
1879
1917
1938
2104
2311
2397
2411
2541
2621
2638
2639
2670
2681
2695
2735
2749
2755
2769
2890
2921
3002
3389
5410
5691
5795
6220
6534
7104
7591
8962
9012
9029
1360
1364
1368
1388
1390
1413
1445
1479
1499
1570
1679
1751
1759
1969
2342
2343
2355
2489
2505
2540
2545
2601
2629
2633
2684
2712
2833
2838
2860
2871
2916
2945
2951
3038
3059
3117
4136
4253
5544
5812
6018
6500
6620
8815
9016
1288
1304
1306
1338
1358
1387
1399
1414
1421
1424
1427
1443
1453
1459
1460
1471
1472
1483
1521
1536
1589
1620
1687
1703
1750
1865
1898
1911
2236
2290
2603
2645
2689
2715
2728
2835
2870
2884
2959
3011
3109
3155
3261
4720
5023
5831
6490
7044
9020
9045
1281
1284
1290
1317
1327
1335
1346
1379
1408
1409
1420
1496
1530
1538
1633
1638
1645
1648
1652
1977
2149
2181
2287
2547
2627
2680
2692
2725
2772
2797
2803
2828
2830
2831
2883
2902
4222
4293
4408
5146
5537
6236
6746
9013
9034
9053
1310
1323
1339
1378
1493
1579
1634
1722
1804
1996
2578
2718
2733
2751
2784
2849
2906
2978
2985
3170
3971
4153
5587
6522
6619
8986
9030
9033
9042
9059
1239
1312
1355
1365
1367
1370
1376
1397
1407
1411
1711
2565
2598
2637
2683
2743
2775
2920
3096
4479
4500
9010
9025
9037
9043
9047
9062
1287
1302
1315
1343
1347
1359
1440
1506
1537
1548
1692
1839
2372
2382
2662
2730
2801
2876
2891
3937
4452
5263
5803
5901
5953
6150
6888
7041
9022
9036
9040
1222
1247
1274
1316
1329
1340
1348
1354
1372
1393
1533
1769
1845
1871
1900
2484
2533
2789
2992
4127
4164
4753
4878
5752
7202
8808
9008
9028
9039
9048
1286
1293
1309
1326
1332
1350
1419
2765
4051
4082
4459
5247
6063
6451
6973
7157
9024
9050
9057
1231
1257
1273
1283
1296
1311
1322
1330
1336
1342
1357
1429
1438
1519
2668
2819
4243
4460
4646
5728
6698
9052
9055
9079
1256
1275
1276
1285
1297
1300
1320
1324
1331
1351
1374
2925
3935
5030
9035
9041
9046
9061
9071
1263
1265
1295
1314
1319
2802
4032
4404
5896
6019
9067
9084
1228
1334
3924
4008
9021
9090
9093
1250
1262
1298
1305
1307
1333
4075
4473
5539
8757
8818
9038
9049
1224
1268
1269
1289
1313
1325
1565
2960
9068
1294
2760
4120
9031
9044
9058
1238
1267
1270
1291
1318
1337
1362
4326
9051
1211
1223
1225
1234
1251
1254
1259
9109
1208
1240
1242
1249
1308
3948
6148
9081
9087
9101
1278
1292
9075
1204
1209
1229
1230
9076
9095
1218
1277
1279
9069
9070
9078
9085
1252
1280
4560
8843
9056
9063
9065
9073
9096
9113
9126
9135
1175
1200
1207
1212
1226
1232
1245
1282
3851
9086
9088
9091
9112
1129
1186
1198
1201
1216
1243
1248
1264
9054
9103
9106
1193
1213
1241
3917
9107
1143
1156
1189
1210
1253
1258
1266
1116
1152
1182
1187
1195
1236
1260
3773
4271
8887
9074
9115
9123
1174
1196
1199
9098
9121
1177
1180
1184
1227
1246
1303
9077
9097
9100
1146
1169
1183
1185
1190
1192
3869
9104
9146
1134
1181
1203
1237
1255
1261
1271
3786
8861
9117
9120
9124
1161
1202
5993
9108
9111
1168
1171
1178
1205
1215
1131
1140
1206
1244
9099
9125
1133
1141
1214
9066
9089
9133
9148
1170
1191
1221
9119
9122
9132
1115
1132
1148
1173
1235
9083
9138
3767
9094
9158
1159
1162
1172
9127
9128
9134
1188
9102
9151
1139
1220
8880
9139
1167
3723
9092
9114
9131
9164
1150
8175
8340
9129
9153
9167
1087
1100
1147
1154
1197
1104
1166
9110
1120
1114
1135
1142
1165
3725
3727
3732
9137
9130
9155
1136
1105
8919
9118
3582
9163
9169
9170
9188
3513
9141
3209
9144
1149
3680
1138
9149
9166
9183
9187
1113
1158
3383
3606
4016
1093
1137
1145
9116
9177
1109
1179
8881
9136
1090
1111
1119
9145
9160
1118
8925
3753
9140
9154
9186
1091
1103
1122
1123
1176
9168
3604
9150
9171
9185
1106
1127
1155
9142
2829
9156
9159
9162
9176
1099
9189
9193
9197
1088
1121
1128
1160
1163
3112
9157
1096
1125
3548
9178
1073
1086
1089
3544
3676
9152
9203
1153
9165
9173
1107
9180
1068
3437
1602
1060
9195
9208
1092
1112
1144
3491
3650
9196
3250
9172
9192
1082
9205
9175
1110
3522
1057
9209
1066
1070
1085
1101
9184
9207
1078
9147
3682
9200
2982
2273
9214
1072
9179
1025
1055
1080
3608
9181
9194
1067
1076
1084
3538
9182
1083
9198
9241
1058
1065
1094
9233
1164
9202
9231
9250
1075
9204
1074
9227
9218
9201
2327
1071
1064
