47
66
70
74
79
48
65
67
68
72
73
77
78
80
83
41
42
43
44
45
46
49
54
57
59
64
69
71
75
76
81
84
85
86
87
38
50
51
52
56
61
62
63
88
9
13
30
35
39
40
55
58
60
82
11
12
27
28
31
32
34
36
37
53
89
5
7
8
10
14
15
16
17
18
22
23
24
26
29
33
91
6
19
21
4
20
25
90
92
2
3
93
94
1
95
97
96
98
99
0
70
74
47
66
68
73
77
79
44
45
46
48
49
59
64
65
67
69
71
72
75
76
78
80
81
83
84
85
86
41
42
43
50
51
52
54
57
62
63
87
35
38
39
40
55
56
58
60
61
82
88
9
13
28
30
34
36
37
53
89
7
8
10
11
12
15
17
24
27
29
31
32
33
5
6
14
16
18
21
22
23
26
91
4
19
20
25
90
92
2
3
93
94
1
95
97
96
98
99
0
47
66
70
74
79
44
45
48
64
65
67
68
71
72
73
75
76
77
78
80
81
83
41
42
43
46
49
54
57
59
62
69
84
85
86
87
35
38
39
40
50
51
52
55
56
58
60
61
63
82
88
9
13
28
30
34
36
53
89
7
8
10
11
12
14
15
16
17
23
24
26
27
29
31
32
33
37
5
6
18
19
21
22
91
4
20
25
90
92
2
3
93
94
1
95
97
98
96
99
0
70
47
66
74
79
48
65
67
68
72
73
77
78
80
83
44
45
46
49
59
64
69
71
75
76
81
84
85
86
41
42
43
51
52
54
57
62
63
87
35
38
39
40
50
55
56
58
60
61
82
88
9
13
28
30
36
89
8
10
11
12
15
27
31
32
33
34
37
53
5
7
14
16
17
18
21
22
23
24
26
29
91
6
19
20
4
25
90
92
2
3
93
94
1
95
97
98
96
99
0
47
66
67
70
74
77
79
83
42
44
45
46
48
49
64
65
68
69
71
72
73
75
76
78
80
81
84
86
41
43
54
57
59
62
63
85
87
88
9
13
35
38
39
40
50
51
52
55
56
58
60
61
82
10
11
12
15
27
28
30
32
33
34
36
37
53
89
5
7
8
14
16
17
18
21
22
23
24
26
29
31
6
19
20
91
4
25
90
92
2
3
93
94
1
95
97
96
98
99
0
47
70
74
66
67
77
79
44
45
46
48
64
65
68
69
71
72
73
75
76
78
80
81
83
84
85
41
42
43
49
54
57
59
62
63
86
87
35
38
39
40
50
51
52
56
58
60
61
82
88
9
13
28
30
34
36
37
55
89
8
10
11
12
14
15
23
24
26
27
29
31
32
33
53
5
6
7
16
17
18
21
22
91
4
19
20
25
90
92
2
3
93
94
1
95
97
96
98
99
0
47
66
70
74
79
44
45
48
65
67
68
72
73
75
76
77
78
80
81
83
41
42
43
46
49
59
64
69
71
84
85
86
87
38
39
40
50
51
52
54
56
57
58
60
61
62
63
82
88
9
13
28
30
34
35
36
53
55
89
8
10
11
12
14
15
16
17
21
23
24
26
27
29
31
32
33
37
5
6
7
18
19
22
91
4
20
25
90
92
2
3
93
94
1
95
97
98
96
99
0
47
70
74
79
44
65
66
67
68
72
73
77
78
81
83
41
42
43
45
46
48
49
64
69
71
75
76
80
84
85
86
87
38
39
51
52
54
56
57
59
60
61
62
63
82
88
9
13
28
30
35
36
40
50
55
58
89
8
10
11
12
14
15
16
17
23
24
26
27
29
31
32
33
34
37
53
5
6
7
18
19
21
22
91
4
20
25
90
92
2
3
93
94
1
95
97
98
96
99
0
47
70
74
79
65
66
67
68
73
77
78
81
83
41
42
43
44
45
46
48
49
64
69
71
72
75
76
80
84
85
86
87
38
39
51
52
54
56
57
59
61
62
63
82
88
9
13
28
30
35
36
40
50
55
58
60
89
8
10
11
12
14
15
17
23
26
27
29
31
32
33
34
37
53
5
7
16
18
19
21
22
24
91
4
6
20
25
90
92
2
3
93
94
1
95
97
98
96
99
0
47
70
74
79
65
66
67
68
73
77
78
81
83
41
42
43
44
45
46
48
49
64
69
71
72
75
76
80
84
85
86
87
38
39
51
52
54
56
57
59
61
62
63
82
88
9
13
28
30
35
36
40
50
55
58
60
89
8
10
11
12
14
15
17
23
26
27
29
31
32
33
34
37
53
5
7
16
18
19
21
22
24
91
4
6
20
25
90
92
2
3
93
94
1
95
97
98
96
99
0
47
70
74
79
65
66
67
68
73
77
78
81
83
41
42
43
44
45
46
48
49
64
69
71
72
75
76
80
84
85
86
87
38
39
51
52
54
56
57
59
61
62
63
82
88
9
13
28
30
35
36
40
50
55
58
60
89
8
10
11
12
14
15
17
23
26
27
29
31
32
33
34
37
53
5
7
16
18
19
21
22
24
91
4
6
20
25
90
92
2
3
93
94
1
95
97
98
96
99
0
47
70
74
79
65
66
67
68
73
77
78
81
83
41
42
43
44
45
46
48
49
64
69
71
72
75
76
80
84
85
86
87
38
39
51
52
54
56
57
59
61
62
63
82
88
9
13
28
30
35
36
40
50
55
58
60
89
8
10
11
12
14
15
17
23
26
27
29
31
32
33
34
37
53
5
7
16
18
19
21
22
24
91
4
6
20
25
90
92
2
3
93
94
1
95
97
98
96
99
0
47
70
74
79
65
66
67
68
73
77
78
81
83
41
42
43
44
45
46
48
49
64
69
71
72
75
76
80
84
85
86
87
38
39
51
52
54
56
57
59
61
62
63
82
88
9
13
28
30
35
36
40
50
55
58
60
89
8
10
11
12
14
15
17
23
26
27
29
31
32
33
34
37
53
5
7
16
18
19
21
22
24
91
4
6
20
25
90
92
2
3
93
94
1
95
97
98
96
99
0
47
70
74
79
65
66
67
68
73
77
78
81
83
41
42
43
44
45
46
48
49
64
69
71
72
75
76
80
84
85
86
87
38
39
51
52
54
56
57
59
61
62
63
82
88
9
13
28
30
35
36
40
50
55
58
60
89
8
10
11
12
14
15
17
23
26
27
29
31
32
33
34
37
53
5
7
16
18
19
21
22
24
91
4
6
20
25
90
92
2
3
93
94
1
95
97
98
96
99
0
47
70
74
79
65
66
67
68
73
77
78
81
83
41
42
43
44
45
46
48
49
64
69
71
72
75
76
80
84
85
86
87
38
39
51
52
54
56
57
59
61
62
63
82
88
9
13
28
30
35
36
40
50
55
58
60
89
8
10
11
12
14
15
17
23
26
27
29
31
32
33
34
37
53
5
7
16
18
19
21
22
24
91
4
6
20
25
90
92
2
3
93
94
1
95
97
98
96
99
0
47
70
74
79
65
66
67
68
73
77
78
81
83
41
42
43
44
45
46
48
49
64
69
71
72
75
76
80
84
85
86
87
38
39
51
52
54
56
57
59
61
62
63
82
88
9
13
28
30
35
36
40
50
55
58
60
89
8
10
11
12
14
15
17
23
26
27
29
31
32
33
34
37
53
5
7
16
18
19
21
22
24
91
4
6
20
25
90
92
2
3
93
94
1
95
97
98
96
99
0
47
70
74
79
65
66
67
68
73
77
78
81
83
41
42
43
44
45
46
48
49
64
69
71
72
75
76
80
84
85
86
87
38
39
51
52
54
56
57
59
61
62
63
82
88
9
13
28
30
35
36
40
50
55
58
60
89
8
10
11
12
14
15
17
23
26
27
29
31
32
33
34
37
53
5
7
16
18
19
21
22
24
91
4
6
20
25
90
92
2
3
93
94
1
95
97
98
96
99
0
47
70
74
79
65
66
67
68
73
77
78
81
83
41
42
43
44
45
46
48
49
64
69
71
72
75
76
80
84
85
86
87
38
39
51
52
54
56
57
59
61
62
63
82
88
9
13
28
30
35
36
40
50
55
58
60
89
8
10
11
12
14
15
17
23
26
27
29
31
32
33
34
37
53
5
7
16
18
19
21
22
24
91
4
6
20
25
90
92
2
3
93
94
1
95
97
98
96
99
0
