428.0
428.0
428.0
428.0
428.0
428.1
428.1
428.1
428.1
428.1
428.1
428.1
428.1
428.1
428.1
428.2
428.2
428.2
428.2
428.2
428.2
428.2
428.2
428.2
428.2
428.2
428.2
428.2
428.2
428.2
428.2
428.2
428.2
428.2
428.2
428.3
428.3
428.3
428.3
428.3
428.3
428.3
428.3
428.3
428.4
428.4
428.4
428.4
428.4
428.4
428.4
428.4
428.4
428.4
428.5
428.5
428.5
428.5
428.5
428.5
428.5
428.5
428.5
428.5
428.5
428.6
428.6
428.6
428.6
428.6
428.6
428.6
428.6
428.6
428.6
428.6
428.6
428.6
428.6
428.6
428.6
428.7
428.7
428.7
428.8
428.8
428.8
428.8
428.8
429.0
429.0
429.1
429.2
429.3
429.7
429.9
430.0
430.0
430.2
431.6
587.9
587.9
588.0
588.0
588.0
588.0
588.0
588.0
588.1
588.1
588.1
588.1
588.1
588.1
588.1
588.1
588.1
588.1
588.1
588.1
588.1
588.1
588.1
588.1
588.1
588.1
588.1
588.1
588.1
588.2
588.2
588.2
588.2
588.2
588.2
588.2
588.2
588.2
588.2
588.2
588.3
588.3
588.3
588.3
588.3
588.3
588.3
588.3
588.3
588.3
588.3
588.4
588.4
588.4
588.4
588.4
588.4
588.4
588.4
588.4
588.5
588.5
588.5
588.5
588.5
588.5
588.5
588.5
588.5
588.5
588.5
588.5
588.5
588.6
588.6
588.6
588.6
588.6
588.6
588.6
588.6
588.6
588.6
588.7
588.7
588.7
588.8
588.8
588.8
588.9
589.0
589.1
589.1
589.2
589.6
589.8
590.0
590.0
590.2
591.6
706.7
706.7
706.7
706.7
706.7
706.8
706.8
706.8
706.8
706.8
706.8
706.8
706.8
706.8
706.8
706.8
706.8
706.8
706.8
706.8
706.8
706.8
706.9
706.9
706.9
706.9
706.9
706.9
706.9
706.9
706.9
706.9
706.9
706.9
706.9
706.9
707.0
707.0
707.0
707.0
707.0
707.0
707.0
707.0
707.0
707.0
707.0
707.0
707.0
707.0
707.0
707.1
707.1
707.1
707.1
707.1
707.1
707.1
707.1
707.2
707.2
707.2
707.2
707.2
707.2
707.2
707.2
707.2
707.2
707.2
707.2
707.2
707.2
707.2
707.2
707.2
707.2
707.3
707.3
707.3
707.3
707.3
707.3
707.3
707.4
707.4
707.4
707.4
707.5
707.6
707.6
707.8
707.8
707.9
708.3
708.5
708.6
708.7
708.9
710.2
757.4
757.5
757.5
757.5
757.5
757.6
757.6
757.6
757.6
757.6
757.6
757.6
757.6
757.6
757.6
757.7
757.7
757.7
757.7
757.7
757.7
757.7
757.7
757.7
757.7
757.7
757.7
757.7
757.7
757.8
757.8
757.8
757.8
757.8
757.8
757.8
757.8
757.8
757.8
757.9
757.9
757.9
757.9
757.9
757.9
757.9
757.9
757.9
757.9
757.9
757.9
758.0
758.0
758.0
758.0
758.0
758.0
758.1
758.1
758.1
758.1
758.1
758.1
758.1
758.1
758.1
758.1
758.1
758.1
758.2
758.2
758.2
758.2
758.2
758.2
758.2
758.2
758.2
758.2
758.2
758.2
758.2
758.3
758.3
758.3
758.4
758.4
758.4
758.4
758.6
758.6
758.7
758.8
758.9
759.3
759.5
759.6
759.7
759.9
761.3
871.0
871.1
871.1
871.1
871.1
871.1
871.1
871.1
871.2
871.2
871.2
871.2
871.2
871.2
871.2
871.2
871.2
871.2
871.2
871.2
871.2
871.2
871.2
871.2
871.2
871.2
871.2
871.2
871.3
871.3
871.3
871.3
871.3
871.3
871.3
871.3
871.3
871.3
871.4
871.4
871.4
871.4
871.4
871.4
871.4
871.4
871.4
871.4
871.4
871.4
871.4
871.4
871.4
871.5
871.5
871.5
871.5
871.5
871.5
871.5
871.5
871.5
871.5
871.5
871.5
871.5
871.5
871.6
871.6
871.6
871.6
871.6
871.6
871.6
871.6
871.6
871.6
871.6
871.6
871.6
871.6
871.7
871.7
871.7
871.7
871.8
871.8
871.8
871.8
871.9
871.9
872.1
872.2
872.3
872.7
872.9
873.0
873.0
873.3
874.6
935.6
935.6
935.6
935.7
935.7
935.7
935.7
935.8
935.8
935.8
935.8
935.8
935.8
935.8
935.8
935.8
935.8
935.8
935.8
935.8
935.8
935.8
935.8
935.8
935.8
935.8
935.9
935.9
935.9
935.9
935.9
935.9
935.9
935.9
935.9
935.9
935.9
936.0
936.0
936.0
936.0
936.0
936.0
936.0
936.0
936.0
936.0
936.0
936.0
936.0
936.1
936.1
936.1
936.1
936.1
936.1
936.1
936.1
936.1
936.2
936.2
936.2
936.2
936.2
936.2
936.2
936.2
936.2
936.2
936.2
936.2
936.2
936.2
936.2
936.3
936.3
936.3
936.3
936.3
936.3
936.3
936.3
936.3
936.4
936.4
936.4
936.4
936.5
936.5
936.6
936.6
936.8
936.8
937.0
937.3
937.6
937.7
937.7
937.9
939.3
1048.7
1048.7
1048.7
1048.7
1048.7
1048.8
1048.8
1048.8
1048.8
1048.8
1048.8
1048.8
1048.8
1048.8
1048.8
1048.8
1048.8
1048.8
1048.8
1048.8
1048.9
1048.9
1048.9
1048.9
1048.9
1048.9
1048.9
1048.9
1048.9
1048.9
1048.9
1048.9
1048.9
1049.0
1049.0
1049.0
1049.0
1049.0
1049.0
1049.0
1049.0
1049.0
1049.0
1049.0
1049.0
1049.0
1049.0
1049.0
1049.0
1049.1
1049.1
1049.1
1049.1
1049.1
1049.1
1049.1
1049.1
1049.1
1049.1
1049.2
1049.2
1049.2
1049.2
1049.2
1049.2
1049.2
1049.2
1049.2
1049.2
1049.2
1049.2
1049.2
1049.2
1049.2
1049.2
1049.2
1049.2
1049.3
1049.3
1049.3
1049.3
1049.3
1049.3
1049.3
1049.4
1049.4
1049.4
1049.4
1049.5
1049.6
1049.6
1049.8
1049.8
1049.9
1050.3
1050.5
1050.6
1050.7
1050.9
1052.2
1210.3
1210.3
1210.3
1210.3
1210.4
1210.4
1210.4
1210.4
1210.4
1210.4
1210.4
1210.4
1210.4
1210.4
1210.4
1210.5
1210.5
1210.5
1210.5
1210.5
1210.5
1210.5
1210.5
1210.5
1210.5
1210.5
1210.5
1210.5
1210.5
1210.5
1210.5
1210.5
1210.6
1210.6
1210.6
1210.6
1210.6
1210.6
1210.6
1210.6
1210.6
1210.6
1210.6
1210.6
1210.6
1210.6
1210.7
1210.7
1210.7
1210.7
1210.7
1210.7
1210.7
1210.7
1210.7
1210.7
1210.7
1210.8
1210.8
1210.8
1210.8
1210.8
1210.8
1210.8
1210.8
1210.8
1210.8
1210.8
1210.8
1210.8
1210.8
1210.8
1210.8
1210.8
1210.8
1210.8
1210.9
1210.9
1210.9
1210.9
1210.9
1210.9
1210.9
1210.9
1211.0
1211.0
1211.0
1211.1
1211.1
1211.2
1211.2
1211.4
1211.4
1211.6
1211.9
1212.1
1212.2
1212.3
1212.5
1213.9
1377.6
1377.6
1377.6
1377.6
1377.7
1377.7
1377.7
1377.7
1377.7
1377.7
1377.7
1377.7
1377.7
1377.8
1377.8
1377.8
1377.8
1377.8
1377.8
1377.8
1377.8
1377.8
1377.8
1377.8
1377.8
1377.8
1377.8
1377.8
1377.8
1377.8
1377.8
1377.8
1377.9
1377.9
1377.9
1377.9
1377.9
1377.9
1377.9
1377.9
1377.9
1377.9
1377.9
1377.9
1377.9
1378.0
1378.0
1378.0
1378.0
1378.0
1378.0
1378.0
1378.0
1378.0
1378.0
1378.0
1378.0
1378.1
1378.1
1378.1
1378.1
1378.1
1378.1
1378.1
1378.1
1378.1
1378.1
1378.1
1378.1
1378.1
1378.1
1378.1
1378.1
1378.1
1378.2
1378.2
1378.2
1378.2
1378.2
1378.2
1378.2
1378.2
1378.2
1378.3
1378.3
1378.3
1378.3
1378.4
1378.4
1378.5
1378.5
1378.7
1378.7
1378.9
1379.3
1379.4
1379.5
1379.6
1379.8
1381.2
1546.0
1546.0
1546.0
1546.0
1546.1
1546.1
1546.1
1546.1
1546.1
1546.1
1546.1
1546.1
1546.1
1546.2
1546.2
1546.2
1546.2
1546.2
1546.2
1546.2
1546.2
1546.2
1546.2
1546.2
1546.2
1546.2
1546.2
1546.2
1546.2
1546.2
1546.2
1546.2
1546.3
1546.3
1546.3
1546.3
1546.3
1546.3
1546.3
1546.3
1546.3
1546.3
1546.3
1546.3
1546.3
1546.4
1546.4
1546.4
1546.4
1546.4
1546.4
1546.4
1546.4
1546.4
1546.4
1546.4
1546.4
1546.5
1546.5
1546.5
1546.5
1546.5
1546.5
1546.5
1546.5
1546.5
1546.5
1546.5
1546.5
1546.5
1546.5
1546.5
1546.5
1546.5
1546.6
1546.6
1546.6
1546.6
1546.6
1546.6
1546.6
1546.6
1546.6
1546.7
1546.7
1546.7
1546.7
1546.8
1546.8
1546.9
1546.9
1547.1
1547.1
1547.3
1547.7
1547.8
1547.9
1548.0
1548.2
1549.6
1714.3
1714.3
1714.3
1714.3
1714.4
1714.4
1714.4
1714.4
1714.4
1714.4
1714.4
1714.4
1714.4
1714.5
1714.5
1714.5
1714.5
1714.5
1714.5
1714.5
1714.5
1714.5
1714.5
1714.5
1714.5
1714.5
1714.5
1714.5
1714.5
1714.5
1714.5
1714.5
1714.6
1714.6
1714.6
1714.6
1714.6
1714.6
1714.6
1714.6
1714.6
1714.6
1714.6
1714.6
1714.6
1714.7
1714.7
1714.7
1714.7
1714.7
1714.7
1714.7
1714.7
1714.7
1714.7
1714.7
1714.7
1714.8
1714.8
1714.8
1714.8
1714.8
1714.8
1714.8
1714.8
1714.8
1714.8
1714.8
1714.8
1714.8
1714.8
1714.8
1714.8
1714.8
1714.9
1714.9
1714.9
1714.9
1714.9
1714.9
1714.9
1714.9
1714.9
1715.0
1715.0
1715.0
1715.0
1715.1
1715.1
1715.2
1715.2
1715.4
1715.4
1715.6
1716.0
1716.1
1716.2
1716.3
1716.5
1717.9
1882.3
1882.3
1882.3
1882.3
1882.4
1882.4
1882.4
1882.4
1882.4
1882.4
1882.4
1882.4
1882.4
1882.5
1882.5
1882.5
1882.5
1882.5
1882.5
1882.5
1882.5
1882.5
1882.5
1882.5
1882.5
1882.5
1882.5
1882.5
1882.5
1882.5
1882.5
1882.5
1882.6
1882.6
1882.6
1882.6
1882.6
1882.6
1882.6
1882.6
1882.6
1882.6
1882.6
1882.6
1882.6
1882.7
1882.7
1882.7
1882.7
1882.7
1882.7
1882.7
1882.7
1882.7
1882.7
1882.7
1882.7
1882.8
1882.8
1882.8
1882.8
1882.8
1882.8
1882.8
1882.8
1882.8
1882.8
1882.8
1882.8
1882.8
1882.8
1882.8
1882.8
1882.8
1882.9
1882.9
1882.9
1882.9
1882.9
1882.9
1882.9
1882.9
1882.9
1883.0
1883.0
1883.0
1883.0
1883.1
1883.1
1883.2
1883.2
1883.4
1883.4
1883.6
1884.0
1884.1
1884.2
1884.3
1884.5
1885.9
2050.6
2050.6
2050.6
2050.6
2050.7
2050.7
2050.7
2050.7
2050.7
2050.7
2050.7
2050.7
2050.7
2050.8
2050.8
2050.8
2050.8
2050.8
2050.8
2050.8
2050.8
2050.8
2050.8
2050.8
2050.8
2050.8
2050.8
2050.8
2050.8
2050.8
2050.8
2050.8
2050.9
2050.9
2050.9
2050.9
2050.9
2050.9
2050.9
2050.9
2050.9
2050.9
2050.9
2050.9
2050.9
2051.0
2051.0
2051.0
2051.0
2051.0
2051.0
2051.0
2051.0
2051.0
2051.0
2051.0
2051.0
2051.1
2051.1
2051.1
2051.1
2051.1
2051.1
2051.1
2051.1
2051.1
2051.1
2051.1
2051.1
2051.1
2051.1
2051.1
2051.1
2051.1
2051.2
2051.2
2051.2
2051.2
2051.2
2051.2
2051.2
2051.2
2051.2
2051.3
2051.3
2051.3
2051.3
2051.4
2051.4
2051.5
2051.5
2051.7
2051.7
2051.9
2052.3
2052.4
2052.5
2052.6
2052.8
2054.2
2218.8
2218.8
2218.8
2218.8
2218.9
2218.9
2218.9
2218.9
2218.9
2218.9
2218.9
2218.9
2218.9
2219.0
2219.0
2219.0
2219.0
2219.0
2219.0
2219.0
2219.0
2219.0
2219.0
2219.0
2219.0
2219.0
2219.0
2219.0
2219.0
2219.0
2219.0
2219.0
2219.1
2219.1
2219.1
2219.1
2219.1
2219.1
2219.1
2219.1
2219.1
2219.1
2219.1
2219.1
2219.1
2219.2
2219.2
2219.2
2219.2
2219.2
2219.2
2219.2
2219.2
2219.2
2219.2
2219.2
2219.2
2219.3
2219.3
2219.3
2219.3
2219.3
2219.3
2219.3
2219.3
2219.3
2219.3
2219.3
2219.3
2219.3
2219.3
2219.3
2219.3
2219.3
2219.4
2219.4
2219.4
2219.4
2219.4
2219.4
2219.4
2219.4
2219.4
2219.5
2219.5
2219.5
2219.5
2219.6
2219.6
2219.7
2219.7
2219.9
2219.9
2220.1
2220.5
2220.6
2220.7
2220.8
2221.0
2222.4
2386.9
2386.9
2386.9
2386.9
2387.0
2387.0
2387.0
2387.0
2387.0
2387.0
2387.0
2387.0
2387.0
2387.1
2387.1
2387.1
2387.1
2387.1
2387.1
2387.1
2387.1
2387.1
2387.1
2387.1
2387.1
2387.1
2387.1
2387.1
2387.1
2387.1
2387.1
2387.1
2387.2
2387.2
2387.2
2387.2
2387.2
2387.2
2387.2
2387.2
2387.2
2387.2
2387.2
2387.2
2387.2
2387.3
2387.3
2387.3
2387.3
2387.3
2387.3
2387.3
2387.3
2387.3
2387.3
2387.3
2387.3
2387.4
2387.4
2387.4
2387.4
2387.4
2387.4
2387.4
2387.4
2387.4
2387.4
2387.4
2387.4
2387.4
2387.4
2387.4
2387.4
2387.4
2387.5
2387.5
2387.5
2387.5
2387.5
2387.5
2387.5
2387.5
2387.5
2387.6
2387.6
2387.6
2387.6
2387.7
2387.7
2387.8
2387.8
2388.0
2388.0
2388.2
2388.6
2388.7
2388.8
2388.9
2389.1
2390.5
2555.2
2555.2
2555.2
2555.2
2555.3
2555.3
2555.3
2555.3
2555.3
2555.3
2555.3
2555.3
2555.3
2555.4
2555.4
2555.4
2555.4
2555.4
2555.4
2555.4
2555.4
2555.4
2555.4
2555.4
2555.4
2555.4
2555.4
2555.4
2555.4
2555.4
2555.4
2555.4
2555.5
2555.5
2555.5
2555.5
2555.5
2555.5
2555.5
2555.5
2555.5
2555.5
2555.5
2555.5
2555.5
2555.6
2555.6
2555.6
2555.6
2555.6
2555.6
2555.6
2555.6
2555.6
2555.6
2555.6
2555.6
2555.7
2555.7
2555.7
2555.7
2555.7
2555.7
2555.7
2555.7
2555.7
2555.7
2555.7
2555.7
2555.7
2555.7
2555.7
2555.7
2555.7
2555.8
2555.8
2555.8
2555.8
2555.8
2555.8
2555.8
2555.8
2555.8
2555.9
2555.9
2555.9
2555.9
2556.0
2556.0
2556.1
2556.1
2556.3
2556.3
2556.5
2556.9
2557.0
2557.1
2557.2
2557.4
2558.8
2723.3
2723.3
2723.3
2723.3
2723.4
2723.4
2723.4
2723.4
2723.4
2723.4
2723.4
2723.4
2723.4
2723.5
2723.5
2723.5
2723.5
2723.5
2723.5
2723.5
2723.5
2723.5
2723.5
2723.5
2723.5
2723.5
2723.5
2723.5
2723.5
2723.5
2723.5
2723.5
2723.6
2723.6
2723.6
2723.6
2723.6
2723.6
2723.6
2723.6
2723.6
2723.6
2723.6
2723.6
2723.6
2723.7
2723.7
2723.7
2723.7
2723.7
2723.7
2723.7
2723.7
2723.7
2723.7
2723.7
2723.7
2723.8
2723.8
2723.8
2723.8
2723.8
2723.8
2723.8
2723.8
2723.8
2723.8
2723.8
2723.8
2723.8
2723.8
2723.8
2723.8
2723.8
2723.9
2723.9
2723.9
2723.9
2723.9
2723.9
2723.9
2723.9
2723.9
2724.0
2724.0
2724.0
2724.0
2724.1
2724.1
2724.2
2724.2
2724.4
2724.4
2724.6
2725.0
2725.1
2725.2
2725.3
2725.5
2726.9
2891.4
2891.4
2891.4
2891.4
2891.5
2891.5
2891.5
2891.5
2891.5
2891.5
2891.5
2891.5
2891.5
2891.6
2891.6
2891.6
2891.6
2891.6
2891.6
2891.6
2891.6
2891.6
2891.6
2891.6
2891.6
2891.6
2891.6
2891.6
2891.6
2891.6
2891.6
2891.6
2891.7
2891.7
2891.7
2891.7
2891.7
2891.7
2891.7
2891.7
2891.7
2891.7
2891.7
2891.7
2891.7
2891.8
2891.8
2891.8
2891.8
2891.8
2891.8
2891.8
2891.8
2891.8
2891.8
2891.8
2891.8
2891.9
2891.9
2891.9
2891.9
2891.9
2891.9
2891.9
2891.9
2891.9
2891.9
2891.9
2891.9
2891.9
2891.9
2891.9
2891.9
2891.9
2892.0
2892.0
2892.0
2892.0
2892.0
2892.0
2892.0
2892.0
2892.0
2892.1
2892.1
2892.1
2892.1
2892.2
2892.2
2892.3
2892.3
2892.5
2892.5
2892.7
2893.1
2893.2
2893.3
2893.4
2893.6
2895.0
