246.9
246.9
247.0
247.0
247.0
247.0
247.0
247.0
247.0
247.0
247.0
247.0
247.0
247.0
247.0
247.0
247.0
247.0
247.0
247.0
247.0
247.0
247.0
247.0
247.0
247.1
247.1
247.1
247.1
247.1
247.1
247.1
247.1
247.1
247.1
247.1
247.1
247.1
247.1
247.1
247.2
247.2
247.2
247.2
247.2
247.2
247.2
247.2
247.2
247.2
247.2
247.2
247.2
247.2
247.2
247.2
247.2
247.2
247.3
247.3
247.3
247.3
247.3
247.3
247.3
247.3
247.3
247.3
247.3
247.3
247.3
247.3
247.3
247.3
247.3
247.3
247.3
247.4
247.4
247.6
247.7
247.7
247.7
247.8
247.8
247.8
247.9
247.9
248.0
248.0
248.0
248.2
248.2
248.3
248.5
248.5
248.6
248.6
248.7
249.0
253.6
253.6
253.6
253.6
253.6
253.7
253.7
253.7
253.7
253.8
253.8
253.9
253.9
253.9
253.9
253.9
253.9
253.9
253.9
253.9
253.9
253.9
254.0
254.0
254.0
254.0
254.0
254.0
254.0
254.0
254.0
254.0
254.0
254.1
254.1
254.1
254.2
254.2
254.2
254.2
254.2
254.2
254.2
254.3
254.3
254.3
254.3
254.3
254.3
254.3
254.4
254.4
254.4
254.4
254.5
254.5
254.5
254.5
254.5
254.5
254.5
254.6
254.6
254.6
254.6
254.6
254.6
254.6
254.6
254.6
254.6
254.7
254.7
254.7
254.7
254.7
254.8
254.8
255.1
255.7
255.7
256.1
256.2
256.2
256.3
256.4
256.7
256.9
257.0
257.3
257.5
257.8
258.2
258.3
259.0
259.0
259.2
259.2
259.3
259.3
259.4
259.4
259.4
259.4
259.4
259.4
259.4
259.5
259.5
259.5
259.5
259.5
259.5
259.5
259.5
259.5
259.5
259.5
259.5
259.5
259.5
259.5
259.6
259.6
259.6
259.6
259.6
259.6
259.6
259.6
259.7
259.7
259.7
259.8
259.8
259.8
259.8
259.8
259.9
259.9
259.9
259.9
260.0
260.0
260.0
260.0
260.1
260.1
260.1
260.1
260.2
260.2
260.2
260.2
260.2
260.2
260.3
260.3
260.3
260.4
260.4
260.4
260.4
260.4
260.5
260.5
260.5
260.6
260.6
260.6
260.8
260.8
260.8
260.8
260.9
261.0
261.0
261.0
261.1
261.7
261.9
262.0
262.0
262.1
262.2
262.2
262.6
262.9
263.1
263.6
263.7
264.1
264.2
264.3
264.3
264.3
264.3
264.3
264.3
264.4
264.5
264.5
264.5
264.5
264.5
264.6
264.6
264.6
264.6
264.7
264.7
264.7
264.7
264.7
264.7
264.7
264.8
264.8
264.8
264.8
264.9
264.9
264.9
264.9
264.9
265.0
265.0
265.0
265.1
265.1
265.1
265.1
265.2
265.2
265.2
265.2
265.3
265.3
265.3
265.3
265.4
265.4
265.4
265.4
265.5
265.5
265.6
265.6
265.6
265.6
265.6
265.8
265.9
266.0
266.0
266.0
266.1
266.1
266.3
266.3
266.4
266.6
266.6
266.6
266.6
266.7
266.8
266.8
266.8
266.9
267.0
267.1
267.3
267.5
267.6
267.7
268.2
268.6
268.7
268.8
269.0
269.1
269.3
269.4
269.9
269.9
270.9
271.4
271.4
271.6
271.8
271.8
271.9
272.0
272.0
272.1
272.1
272.3
272.4
272.4
272.5
272.6
272.8
272.8
273.0
273.0
273.0
273.0
273.2
273.3
273.3
273.4
273.4
273.5
273.5
273.6
273.6
273.6
273.6
273.6
273.7
273.8
273.9
273.9
273.9
273.9
274.0
274.1
274.1
274.2
274.2
274.3
274.4
274.4
274.4
274.4
274.5
274.5
274.6
274.9
275.1
275.1
275.2
275.4
275.4
275.6
275.6
275.7
275.7
275.8
276.0
276.0
276.6
276.6
276.7
276.7
276.8
276.9
278.0
278.3
278.5
278.5
278.6
278.7
279.7
280.3
281.0
281.0
281.5
281.6
281.7
281.8
282.1
283.4
284.1
284.4
284.8
285.0
287.1
287.5
288.2
301.4
416.7
416.7
416.7
416.7
416.7
416.7
416.8
416.8
416.8
416.8
416.8
416.8
416.8
416.8
416.8
416.8
416.8
416.8
416.8
416.8
416.8
416.8
416.8
416.8
416.8
416.8
416.8
416.8
416.8
416.8
416.8
416.8
416.8
416.8
416.8
416.8
416.8
416.8
416.8
416.8
416.8
416.8
416.8
416.8
416.8
416.8
416.8
416.8
416.8
416.8
416.8
416.8
416.8
416.9
416.9
416.9
416.9
416.9
416.9
416.9
416.9
416.9
416.9
416.9
416.9
416.9
416.9
417.0
417.0
417.0
417.0
417.0
417.0
417.0
417.1
417.1
417.1
417.1
417.2
417.2
417.3
417.4
417.4
417.4
417.4
417.5
417.5
417.5
417.7
417.7
417.8
417.8
417.9
418.0
418.1
418.2
418.2
418.3
418.3
418.4
421.9
422.0
422.0
422.0
422.0
422.0
422.0
422.0
422.1
422.1
422.1
422.1
422.1
422.1
422.1
422.1
422.1
422.1
422.1
422.1
422.1
422.1
422.1
422.1
422.1
422.1
422.1
422.1
422.1
422.1
422.1
422.1
422.1
422.1
422.1
422.1
422.2
422.2
422.2
422.2
422.2
422.2
422.2
422.2
422.2
422.2
422.2
422.2
422.2
422.2
422.2
422.2
422.2
422.2
422.3
422.3
422.3
422.3
422.3
422.3
422.3
422.3
422.4
422.4
422.4
422.4
422.5
422.5
422.5
422.5
422.5
422.6
422.6
422.6
422.7
422.7
422.8
422.9
423.1
423.3
423.4
423.7
423.8
423.9
424.0
424.0
424.2
424.3
424.8
424.9
425.0
425.3
425.8
425.9
426.6
426.9
427.1
427.2
427.2
427.5
427.5
427.6
427.6
427.6
427.6
427.6
427.6
427.6
427.6
427.6
427.7
427.7
427.7
427.7
427.7
427.7
427.7
427.7
427.7
427.7
427.8
427.8
427.8
427.8
427.8
427.8
427.8
427.8
427.8
427.9
427.9
427.9
427.9
427.9
427.9
427.9
428.0
428.0
428.0
428.0
428.0
428.0
428.1
428.1
428.1
428.1
428.1
428.1
428.2
428.2
428.2
428.2
428.2
428.3
428.3
428.4
428.4
428.4
428.4
428.5
428.5
428.5
428.5
428.5
428.6
428.6
428.7
428.8
428.9
429.0
429.0
429.0
429.0
429.0
429.1
429.2
429.4
429.4
429.5
429.9
430.3
430.4
430.5
430.5
430.6
430.6
431.1
431.3
431.4
431.5
431.7
432.5
432.6
432.7
432.7
432.7
432.8
432.8
432.9
432.9
432.9
432.9
433.0
433.0
433.0
433.0
433.0
433.1
433.1
433.2
433.2
433.2
433.3
433.3
433.3
433.3
433.4
433.5
433.5
433.5
433.5
433.6
433.6
433.7
433.7
433.7
433.7
433.8
433.8
433.8
433.9
433.9
434.0
434.0
434.0
434.0
434.1
434.1
434.1
434.1
434.1
434.2
434.3
434.3
434.3
434.3
434.4
434.7
434.7
434.7
434.7
434.9
435.0
435.1
435.1
435.4
435.4
435.7
435.7
435.8
435.8
435.8
436.1
436.3
436.5
436.6
436.8
436.9
437.0
437.2
437.3
437.5
437.6
437.6
438.1
438.1
438.7
439.5
439.9
441.3
441.3
441.5
442.0
442.1
442.2
442.2
442.4
442.5
443.3
443.3
443.9
443.9
444.0
444.2
444.2
444.2
444.3
444.9
444.9
445.0
445.1
445.1
445.5
445.7
445.8
445.9
446.3
446.3
446.6
446.7
447.1
447.4
447.4
447.6
447.8
447.8
447.9
448.4
449.0
449.0
449.3
449.7
450.0
450.4
450.4
450.9
450.9
451.8
451.9
452.1
452.7
453.3
453.6
454.7
456.1
457.9
458.9
460.3
462.6
465.0
466.1
546.2
546.2
546.2
546.2
546.2
546.2
546.2
546.2
546.2
546.2
546.2
546.2
546.2
546.2
546.2
546.2
546.2
546.2
546.2
546.2
546.2
546.2
546.2
546.2
546.2
546.2
546.2
546.2
546.2
546.2
546.2
546.2
546.2
546.2
546.2
546.2
546.3
546.3
546.3
546.3
546.3
546.3
546.3
546.3
546.3
546.3
546.3
546.3
546.3
546.3
546.3
546.3
546.3
546.4
546.4
546.4
546.4
546.4
546.4
546.4
546.4
546.4
546.4
546.4
546.4
546.4
546.4
546.4
546.4
546.4
546.4
546.4
546.4
546.4
546.4
546.4
546.5
546.5
546.5
546.7
546.7
546.7
546.7
546.8
546.8
546.8
546.9
546.9
546.9
546.9
547.0
547.1
547.2
547.2
547.3
547.4
547.4
547.5
547.5
547.8
553.6
553.6
553.7
553.7
553.7
553.7
553.8
553.8
553.8
553.8
553.9
554.0
554.0
554.0
554.0
554.0
554.0
554.1
554.1
554.1
554.1
554.1
554.1
554.1
554.1
554.1
554.1
554.2
554.2
554.2
554.2
554.2
554.2
554.2
554.3
554.3
554.3
554.4
554.4
554.4
554.5
554.5
554.5
554.5
554.5
554.5
554.5
554.6
554.6
554.6
554.7
554.7
554.8
554.8
554.8
554.9
554.9
554.9
554.9
555.0
555.0
555.0
555.0
555.0
555.1
555.1
555.1
555.1
555.1
555.1
555.1
555.1
555.1
555.3
555.3
555.4
555.5
555.6
555.9
557.2
557.4
558.0
558.3
558.3
558.6
559.2
560.1
560.3
560.8
561.1
561.5
563.7
563.7
563.9
564.8
565.0
565.2
565.3
565.3
565.3
565.3
565.3
565.3
565.3
565.3
565.3
565.3
565.3
565.3
565.4
565.4
565.4
565.4
565.4
565.4
565.4
565.4
565.4
565.4
565.4
565.4
565.4
565.4
565.4
565.4
565.4
565.4
565.4
565.4
565.4
565.4
565.4
565.4
565.4
565.4
565.4
565.4
565.4
565.4
565.4
565.4
565.4
565.4
565.4
565.4
565.4
565.4
565.4
565.4
565.4
565.4
565.4
565.4
565.4
565.4
565.4
565.4
565.5
565.5
565.5
565.5
565.5
565.5
565.5
565.5
565.5
565.5
565.5
565.5
565.5
565.5
565.5
565.7
565.9
566.0
566.0
566.1
566.2
566.2
566.2
566.6
566.6
566.8
567.0
567.7
567.8
567.9
568.6
569.1
570.8
571.4
571.7
571.7
571.7
571.8
571.8
571.8
571.8
571.8
571.8
571.9
571.9
571.9
571.9
571.9
571.9
571.9
571.9
572.0
572.0
572.0
572.0
572.0
572.0
572.1
572.1
572.1
572.1
572.1
572.1
572.1
572.2
572.2
572.2
572.2
572.2
572.3
572.3
572.3
572.3
572.3
572.3
572.4
572.4
572.4
572.5
572.5
572.6
572.6
572.6
572.6
572.6
572.6
572.6
572.6
572.7
572.7
572.7
572.7
572.7
572.8
572.8
572.9
572.9
572.9
573.0
573.0
573.0
573.2
573.2
573.2
573.2
573.3
573.3
573.3
573.4
573.4
573.4
573.6
573.7
573.7
574.1
574.2
574.2
574.3
574.3
574.5
574.5
574.5
574.5
574.5
575.0
575.0
575.1
575.4
575.4
575.4
575.9
576.6
577.1
577.2
577.2
577.2
577.2
577.2
577.3
577.3
577.3
577.4
577.4
577.4
577.5
577.5
577.5
577.5
577.6
577.6
577.6
577.6
577.6
577.7
577.7
577.8
577.8
577.8
577.8
577.8
577.8
577.9
577.9
577.9
577.9
577.9
577.9
577.9
578.0
578.0
578.0
578.0
578.1
578.1
578.1
578.2
578.2
578.2
578.2
578.3
578.3
578.3
578.3
578.3
578.3
578.4
578.4
578.5
578.5
578.6
578.6
578.6
578.7
578.7
578.8
578.8
578.9
578.9
579.0
579.0
579.1
579.2
579.2
579.3
579.3
579.4
579.5
579.5
579.6
579.6
579.7
579.9
580.3
580.4
580.5
580.7
580.9
581.1
581.1
581.2
581.6
581.7
581.9
582.4
582.5
582.6
582.7
583.3
583.3
583.4
583.5
583.7
583.7
583.9
583.9
583.9
583.9
584.1
584.1
584.1
584.1
584.2
584.2
584.3
584.3
584.4
584.5
584.6
584.6
584.7
584.7
584.7
584.7
584.8
584.8
584.9
584.9
584.9
585.0
585.0
585.1
585.1
585.1
585.2
585.2
585.3
585.4
585.4
585.4
585.4
585.5
585.5
585.7
585.7
585.9
586.0
586.0
586.0
586.0
586.0
586.1
586.2
586.2
586.3
586.3
586.4
586.4
586.8
586.8
586.8
587.0
587.1
587.1
587.2
587.4
587.6
587.6
587.8
587.9
588.1
588.6
588.8
588.8
589.2
589.3
589.6
590.2
590.3
590.3
590.4
590.5
590.8
591.5
591.6
592.0
592.2
592.7
592.8
595.7
596.3
598.3
604.5
604.9
605.7
609.6
610.0
614.6
618.0
693.2
693.2
693.2
693.2
693.3
693.3
693.3
693.3
693.3
693.3
693.3
693.3
693.3
693.3
693.3
693.3
693.3
693.3
693.3
693.3
693.3
693.3
693.3
693.3
693.3
693.3
693.3
693.3
693.3
693.3
693.3
693.3
693.3
693.3
693.3
693.3
693.3
693.3
693.4
693.4
693.4
693.4
693.4
693.4
693.4
693.4
693.4
693.4
693.4
693.4
693.4
693.4
693.4
693.4
693.4
693.4
693.4
693.4
693.4
693.4
693.4
693.4
693.4
693.4
693.4
693.4
693.4
693.4
693.4
693.5
693.5
693.5
693.5
693.5
693.5
693.5
693.5
693.5
693.5
693.7
693.7
693.8
693.8
693.8
693.8
693.9
693.9
693.9
694.0
694.0
694.0
694.2
694.2
694.2
694.4
694.4
694.5
694.5
694.5
694.8
700.7
700.8
700.8
700.8
700.8
700.9
700.9
700.9
700.9
701.0
701.0
701.1
701.1
701.1
701.1
701.1
701.1
701.1
701.1
701.1
701.1
701.1
701.1
701.1
701.1
701.2
701.2
701.2
701.2
701.2
701.2
701.2
701.2
701.2
701.2
701.3
701.3
701.3
701.3
701.3
701.3
701.4
701.4
701.4
701.4
701.4
701.4
701.4
701.4
701.4
701.5
701.5
701.5
701.6
701.6
701.6
701.6
701.6
701.6
701.6
701.6
701.6
701.6
701.7
701.7
701.7
701.7
701.7
701.7
701.7
701.7
701.8
701.8
701.8
701.8
701.8
701.9
701.9
702.1
702.5
702.5
702.8
702.8
702.8
702.9
703.0
703.2
703.2
703.4
703.6
703.6
703.9
704.1
704.2
704.8
704.9
705.1
705.3
705.3
705.7
708.5
708.6
708.6
708.6
708.6
708.6
708.7
708.7
708.7
708.7
708.7
708.7
708.7
708.7
708.7
708.7
708.7
708.7
708.7
708.7
708.7
708.7
708.7
708.8
708.8
708.8
708.8
708.8
708.8
708.8
708.8
708.8
708.8
708.8
708.8
708.8
708.8
708.8
708.9
708.9
708.9
708.9
708.9
708.9
708.9
708.9
708.9
709.0
709.0
709.0
709.0
709.0
709.0
709.1
709.1
709.1
709.1
709.1
709.1
709.1
709.1
709.1
709.2
709.2
709.2
709.2
709.2
709.2
709.2
709.3
709.3
709.3
709.3
709.3
709.4
709.4
709.5
709.5
709.6
710.0
710.0
710.1
710.1
710.3
710.3
710.3
710.5
710.5
710.5
710.6
710.6
710.9
711.1
711.2
711.5
711.5
711.6
711.8
711.9
712.5
712.6
712.6
712.7
712.8
712.8
712.8
712.8
712.8
712.9
712.9
712.9
712.9
712.9
712.9
712.9
712.9
713.0
713.0
713.0
713.0
713.0
713.0
713.0
713.0
713.0
713.0
713.0
713.0
713.1
713.1
713.1
713.1
713.2
713.2
713.2
713.2
713.2
713.2
713.2
713.2
713.2
713.2
713.3
713.3
713.3
713.3
713.3
713.3
713.3
713.3
713.4
713.4
713.4
713.4
713.4
713.4
713.5
713.5
713.6
713.6
713.6
713.6
713.7
713.8
713.8
714.0
714.0
714.0
714.1
714.1
714.2
714.3
714.3
714.3
714.4
714.8
714.9
715.5
715.6
715.7
715.8
715.8
715.9
716.0
716.4
716.6
717.0
717.2
717.2
717.8
718.0
718.3
718.3
718.4
718.4
718.5
718.6
718.7
718.7
718.7
718.8
718.8
718.9
718.9
719.0
719.0
719.0
719.0
719.0
719.1
719.1
719.1
719.1
719.1
719.2
719.2
719.3
719.3
719.3
719.3
719.3
719.3
719.4
719.4
719.4
719.5
719.5
719.6
719.6
719.6
719.6
719.6
719.6
719.7
719.7
719.8
719.8
719.8
719.8
719.9
719.9
719.9
719.9
720.0
720.0
720.1
720.1
720.2
720.2
720.2
720.3
720.4
720.4
720.4
720.5
720.5
720.6
720.6
720.6
720.6
720.7
720.8
720.9
721.4
721.5
721.5
721.6
721.9
721.9
722.0
722.2
722.5
722.5
722.9
722.9
723.6
723.6
723.9
724.6
724.7
724.8
724.8
725.2
725.2
728.7
728.7
729.8
730.1
733.2
733.7
734.3
734.4
734.4
734.4
734.5
734.5
734.5
734.5
734.5
734.6
734.6
734.6
734.6
734.6
734.6
734.6
734.6
734.6
734.6
734.6
734.7
734.7
734.7
734.7
734.7
734.7
734.7
734.7
734.7
734.7
734.7
734.8
734.8
734.8
734.8
734.8
734.8
734.8
734.8
734.8
734.8
734.8
734.8
734.8
734.8
734.8
734.8
734.8
734.9
734.9
734.9
734.9
734.9
734.9
734.9
734.9
734.9
734.9
734.9
734.9
734.9
734.9
734.9
735.0
735.0
735.0
735.0
735.0
735.0
735.0
735.0
735.0
735.0
735.0
735.1
735.1
735.1
735.2
735.2
735.2
735.2
735.3
735.3
735.4
735.5
735.5
735.5
735.6
735.6
735.6
735.7
735.7
735.8
735.9
735.9
736.2
736.3
736.3
738.6
740.6
740.8
740.8
741.0
741.1
741.1
741.1
741.2
741.2
741.3
741.3
741.4
741.4
741.5
741.5
741.5
741.5
741.6
741.6
741.6
741.6
741.6
741.6
741.6
741.6
741.6
741.7
741.7
741.7
741.8
741.8
741.8
741.9
741.9
741.9
741.9
742.0
742.0
742.0
742.0
742.0
742.0
742.0
742.0
742.1
742.1
742.1
742.1
742.1
742.1
742.1
742.1
742.1
742.1
742.1
742.2
742.2
742.2
742.2
742.3
742.3
742.3
742.3
742.3
742.3
742.5
742.6
742.6
742.6
742.6
742.7
742.7
742.7
742.8
743.0
743.0
743.0
743.1
743.4
743.5
743.8
744.1
744.4
744.4
744.5
744.6
744.8
744.9
745.5
746.0
746.0
746.0
747.0
747.2
747.4
747.9
747.9
748.4
748.9
750.2
750.8
751.2
751.3
751.3
751.3
751.4
751.5
751.7
751.8
751.8
751.8
752.0
752.0
752.0
752.1
752.1
752.1
752.1
752.1
752.2
752.2
752.2
752.2
752.2
752.3
752.3
752.3
752.5
752.5
752.5
752.6
752.7
752.7
752.7
752.7
752.7
752.8
752.8
752.8
752.9
753.0
753.0
753.0
753.1
753.1
753.2
753.2
753.2
753.3
753.3
753.4
753.4
753.4
753.4
753.4
753.6
753.6
753.6
753.6
753.7
753.7
753.7
753.7
753.7
753.8
753.8
753.8
753.8
753.9
753.9
753.9
754.0
754.0
754.1
754.2
754.2
754.3
754.4
754.4
754.6
754.6
754.7
754.8
755.1
755.2
755.6
755.6
755.7
755.7
756.2
756.3
756.3
756.4
757.1
757.2
757.2
757.2
757.3
757.3
757.6
757.6
757.7
757.8
757.9
757.9
757.9
757.9
758.0
758.0
758.1
758.2
758.2
758.2
758.2
758.3
758.4
758.4
758.4
758.5
758.5
758.5
758.6
758.6
758.6
758.6
758.6
758.7
758.8
758.9
759.0
759.0
759.0
759.1
759.3
759.3
759.4
759.4
759.9
759.9
760.0
760.0
760.3
760.3
760.6
760.6
760.9
761.0
761.0
761.2
761.4
761.5
761.5
761.8
761.9
761.9
762.0
762.2
762.6
762.6
762.7
762.9
763.1
763.2
763.3
763.3
763.3
763.4
763.4
763.8
764.0
764.0
764.1
764.1
764.2
764.5
764.5
764.5
764.8
764.9
764.9
764.9
764.9
765.3
765.4
765.6
765.6
765.6
766.2
766.3
766.4
766.4
766.4
766.5
766.5
766.6
766.6
766.6
766.8
766.9
766.9
767.0
767.1
767.1
767.4
767.4
767.7
768.0
768.0
768.1
768.2
768.5
768.7
768.9
769.2
769.3
769.4
769.7
769.7
769.7
770.8
771.1
771.2
771.7
772.0
772.1
772.6
773.6
774.0
774.5
775.2
775.8
776.5
776.7
778.4
781.9
784.6
785.3
785.9
786.4
786.6
787.0
863.8
863.8
863.8
863.9
863.9
863.9
863.9
863.9
863.9
863.9
863.9
863.9
863.9
863.9
863.9
863.9
863.9
863.9
864.0
864.0
864.0
864.0
864.0
864.0
864.0
864.0
864.0
864.1
864.1
864.1
864.1
864.1
864.1
864.1
864.1
864.1
864.1
864.1
864.1
864.1
864.1
864.1
864.1
864.1
864.1
864.1
864.1
864.1
864.1
864.1
864.1
864.1
864.1
864.1
864.1
864.1
864.1
864.1
864.1
864.1
864.1
864.1
864.1
864.1
864.1
864.2
864.2
864.2
864.2
864.2
864.2
864.2
864.3
864.3
864.3
864.5
864.5
864.6
864.6
864.6
864.7
864.7
864.7
864.7
864.8
865.0
865.1
865.4
865.5
865.7
865.8
866.0
866.3
866.3
866.4
866.8
866.8
866.9
866.9
867.1
868.4
868.4
868.4
868.4
868.4
868.4
868.4
868.4
868.4
868.4
868.4
868.4
868.4
868.4
868.4
868.4
868.4
868.4
868.4
868.4
868.4
868.4
868.4
868.4
868.4
868.4
868.4
868.4
868.4
868.4
868.4
868.4
868.4
868.4
868.4
868.4
868.4
868.4
868.4
868.4
868.4
868.4
868.4
868.4
868.4
868.4
868.4
868.4
868.4
868.4
868.4
868.4
868.4
868.4
868.4
868.4
868.4
868.4
868.4
868.4
868.5
868.5
868.5
868.5
868.5
868.5
868.5
868.5
868.5
868.5
868.5
868.5
868.5
868.8
868.8
868.8
868.8
868.8
868.9
869.0
869.0
869.1
869.1
869.2
869.3
869.3
869.9
869.9
870.0
870.4
870.7
871.0
871.5
871.8
872.1
872.6
872.8
873.0
873.1
873.2
873.2
873.2
873.2
873.2
873.2
873.2
873.2
873.2
873.2
873.2
873.2
873.2
873.2
873.2
873.2
873.2
873.2
873.2
873.2
873.2
873.2
873.2
873.2
873.2
873.2
873.2
873.2
873.2
873.2
873.2
873.3
873.3
873.3
873.3
873.3
873.3
873.3
873.3
873.3
873.3
873.3
873.3
873.3
873.3
873.3
873.3
873.3
873.3
873.3
873.4
873.4
873.4
873.4
873.4
873.4
873.4
873.4
873.4
873.4
873.4
873.4
873.4
873.4
873.4
873.4
873.4
873.4
873.5
873.5
873.5
873.5
873.5
873.5
873.8
873.9
873.9
873.9
874.0
874.0
874.0
874.0
874.1
874.2
874.2
874.3
874.5
874.9
875.1
875.4
875.5
875.8
876.1
877.3
877.3
877.3
877.4
877.4
877.4
877.5
877.5
877.5
877.5
877.5
877.5
877.5
877.5
877.6
877.6
877.6
877.6
877.6
877.6
877.6
877.6
877.6
877.6
877.6
877.6
877.7
877.7
877.7
877.7
877.7
877.7
877.7
877.7
877.7
877.7
877.7
877.7
877.8
877.8
877.8
877.9
877.9
877.9
877.9
877.9
878.0
878.0
878.0
878.0
878.0
878.0
878.0
878.0
878.0
878.1
878.1
878.1
878.1
878.1
878.2
878.2
878.2
878.2
878.2
878.2
878.4
878.4
878.4
878.4
878.4
878.5
878.7
878.7
878.8
878.9
878.9
878.9
878.9
879.0
879.2
879.4
879.4
879.6
879.7
879.8
879.8
879.9
879.9
880.0
880.2
880.4
880.9
881.3
881.4
882.2
882.8
883.6
883.6
883.7
883.8
883.8
883.9
884.2
884.3
884.3
884.3
884.3
884.3
884.4
884.4
884.5
884.5
884.5
884.5
884.6
884.7
884.7
884.7
884.7
884.8
884.9
884.9
884.9
884.9
884.9
885.0
885.1
885.1
885.1
885.2
885.2
885.3
885.3
885.4
885.4
885.4
885.4
885.4
885.5
885.6
885.6
885.7
885.7
885.7
885.7
885.9
886.0
886.0
886.0
886.0
886.2
886.2
886.3
886.3
886.5
886.6
886.6
886.7
886.7
886.8
886.8
886.8
887.2
887.4
887.7
887.9
887.9
888.1
888.2
888.4
888.4
888.5
889.5
889.8
890.0
890.4
890.7
890.8
891.0
891.4
891.7
891.9
891.9
893.0
893.7
894.7
894.8
895.0
896.3
905.8
906.8
908.1
908.7
908.7
908.8
908.8
908.8
908.8
908.8
908.8
908.8
908.9
908.9
908.9
908.9
908.9
908.9
908.9
908.9
908.9
909.0
909.0
909.0
909.0
909.0
909.0
909.0
909.0
909.0
909.0
909.0
909.0
909.0
909.0
909.0
909.0
909.0
909.1
909.1
909.1
909.1
909.1
909.1
909.1
909.1
909.1
909.1
909.1
909.1
909.1
909.1
909.1
909.1
909.1
909.1
909.1
909.1
909.1
909.2
909.2
909.2
909.2
909.2
909.2
909.2
909.2
909.2
909.3
909.3
909.3
909.3
909.3
909.4
909.4
909.5
909.6
909.7
909.7
909.7
909.7
909.8
909.8
909.8
909.8
909.9
909.9
910.0
910.1
910.1
910.2
910.2
910.5
910.7
911.5
911.6
911.8
912.7
913.2
913.3
915.8
917.6
917.7
917.7
917.7
917.7
917.7
917.7
917.7
917.7
917.7
917.7
917.7
917.7
917.7
917.7
917.7
917.7
917.7
917.7
917.7
917.7
917.7
917.7
917.7
917.7
917.7
917.7
917.7
917.7
917.7
917.7
917.8
917.8
917.8
917.8
917.8
917.8
917.8
917.8
917.8
917.8
917.8
917.8
917.8
917.8
917.8
917.8
917.8
917.8
917.8
917.8
917.8
917.8
917.8
917.8
917.8
917.8
917.8
917.8
917.8
917.8
917.8
917.8
917.8
917.8
917.8
917.8
917.8
917.8
917.8
917.8
917.8
917.8
917.9
918.0
918.0
918.1
918.1
918.2
918.2
918.2
918.3
918.3
918.3
918.4
918.4
918.5
918.5
918.6
918.6
918.7
918.8
919.0
919.0
919.1
919.5
919.6
919.6
919.8
920.8
923.7
923.7
923.7
923.7
923.7
923.7
923.7
923.7
923.7
923.7
923.7
923.8
923.8
923.8
923.8
923.8
923.8
923.8
923.8
923.8
923.8
923.8
923.8
923.8
923.8
923.8
923.8
923.8
923.8
923.8
923.8
923.8
923.8
923.8
923.8
923.8
923.9
923.9
923.9
923.9
923.9
923.9
923.9
923.9
923.9
923.9
923.9
923.9
923.9
924.0
924.0
924.0
924.0
924.0
924.0
924.0
924.0
924.0
924.0
924.0
924.0
924.1
924.1
924.1
924.1
924.2
924.2
924.2
924.2
924.2
924.2
924.2
924.3
924.3
924.4
924.4
924.4
924.4
924.6
924.9
924.9
924.9
925.0
925.1
925.2
925.2
925.3
925.3
925.4
925.5
925.9
926.2
926.3
926.3
926.5
926.6
926.6
926.7
926.9
927.3
928.1
928.1
928.1
928.2
928.2
928.2
928.3
928.3
928.3
928.4
928.4
928.4
928.4
928.4
928.4
928.5
928.5
928.5
928.5
928.5
928.5
928.5
928.6
928.6
928.6
928.6
928.6
928.6
928.6
928.7
928.7
928.7
928.7
928.7
928.7
928.7
928.8
928.8
928.8
928.8
928.8
928.8
928.8
928.8
928.8
928.8
928.9
928.9
928.9
928.9
929.0
929.0
929.1
929.1
929.1
929.1
929.1
929.2
929.2
929.3
929.3
929.3
929.4
929.4
929.5
929.5
929.6
929.6
929.7
929.7
929.8
929.8
929.8
929.9
930.1
930.2
930.2
930.4
930.4
930.8
931.0
931.0
931.1
931.2
931.7
931.8
932.0
932.1
932.1
932.6
933.1
933.5
933.6
934.2
934.3
934.5
934.5
934.6
934.6
934.7
934.9
935.0
935.1
935.1
935.1
935.1
935.1
935.2
935.2
935.2
935.3
935.3
935.4
935.4
935.4
935.5
935.6
935.6
935.7
935.7
935.7
935.7
935.7
935.8
935.8
935.8
935.9
935.9
935.9
935.9
935.9
935.9
936.0
936.0
936.1
936.1
936.1
936.2
936.2
936.2
936.2
936.2
936.2
936.2
936.3
936.5
936.5
936.5
936.6
936.6
936.6
936.8
936.8
936.9
937.0
937.1
937.2
937.2
937.2
937.3
937.4
937.4
937.5
937.6
937.7
937.8
938.0
938.1
938.2
938.3
938.3
938.7
938.8
938.9
939.0
939.6
939.8
940.8
940.8
941.7
942.2
942.2
942.3
942.6
944.2
945.2
946.5
948.9
950.6
951.0
951.4
953.6
953.6
954.1
955.6
955.7
956.1
958.3
959.5
962.3
964.8
965.9
966.1
966.2
966.3
969.2
970.8
982.0
1005.5
1039.3
1039.3
1039.4
1039.4
1039.4
1039.4
1039.4
1039.4
1039.4
1039.4
1039.4
1039.4
1039.4
1039.4
1039.4
1039.4
1039.5
1039.5
1039.5
1039.5
1039.5
1039.5
1039.5
1039.5
1039.5
1039.5
1039.5
1039.5
1039.5
1039.5
1039.5
1039.5
1039.5
1039.5
1039.6
1039.6
1039.6
1039.6
1039.6
1039.6
1039.6
1039.6
1039.6
1039.6
1039.6
1039.6
1039.6
1039.6
1039.6
1039.7
1039.7
1039.7
1039.7
1039.7
1039.7
1039.7
1039.7
1039.7
1039.8
1039.8
1039.8
1039.8
1039.8
1039.9
1039.9
1040.0
1040.0
1040.0
1040.1
1040.1
1040.1
1040.1
1040.2
1040.3
1040.3
1040.4
1040.5
1040.5
1040.5
1040.5
1040.5
1040.6
1040.6
1040.7
1040.7
1040.7
1040.9
1040.9
1040.9
1041.1
1041.1
1041.2
1041.3
1041.3
1041.4
1041.4
1041.5
1041.5
1041.5
1041.6
1043.5
1043.6
1043.6
1043.6
1043.6
1043.7
1043.7
1043.7
1043.7
1043.7
1043.7
1043.7
1043.7
1043.7
1043.7
1043.7
1043.8
1043.8
1043.8
1043.8
1043.8
1043.8
1043.8
1043.8
1043.8
1043.9
1043.9
1043.9
1043.9
1043.9
1043.9
1043.9
1043.9
1043.9
1043.9
1043.9
1043.9
1043.9
1044.0
1044.0
1044.0
1044.0
1044.0
1044.0
1044.0
1044.0
1044.0
1044.1
1044.1
1044.1
1044.1
1044.1
1044.1
1044.2
1044.2
1044.2
1044.2
1044.2
1044.3
1044.3
1044.3
1044.3
1044.4
1044.4
1044.5
1044.5
1044.5
1044.5
1044.5
1044.6
1044.6
1044.6
1044.7
1045.2
1045.2
1045.2
1045.2
1045.3
1045.4
1045.4
1045.5
1045.6
1045.6
1045.7
1045.9
1046.0
1046.2
1046.3
1046.5
1046.7
1046.8
1047.0
1047.3
1047.4
1047.8
1047.9
1047.9
1048.0
1048.0
1048.0
1048.0
1048.0
1048.0
1048.0
1048.1
1048.1
1048.1
1048.1
1048.1
1048.1
1048.1
1048.1
1048.1
1048.1
1048.1
1048.1
1048.1
1048.2
1048.2
1048.2
1048.2
1048.2
1048.2
1048.2
1048.2
1048.2
1048.2
1048.2
1048.3
1048.3
1048.3
1048.3
1048.3
1048.3
1048.3
1048.3
1048.3
1048.4
1048.4
1048.4
1048.4
1048.4
1048.4
1048.4
1048.4
1048.4
1048.4
1048.5
1048.5
1048.5
1048.5
1048.5
1048.5
1048.6
1048.6
1048.6
1048.6
1048.6
1048.8
1048.8
1048.9
1048.9
1048.9
1048.9
1049.0
1049.0
1049.0
1049.0
1049.0
1049.1
1049.2
1049.2
1049.2
1049.5
1049.6
1049.9
1049.9
1050.1
1050.2
1050.2
1050.3
1050.4
1050.4
1050.4
1050.8
1051.1
1051.3
1051.6
1052.1
1052.3
1052.3
1052.4
1052.4
1052.5
1052.5
1052.5
1052.5
1052.5
1052.5
1052.6
1052.6
1052.6
1052.6
1052.6
1052.6
1052.7
1052.7
1052.7
1052.7
1052.7
1052.7
1052.8
1052.8
1052.8
1052.8
1052.8
1052.8
1052.8
1052.8
1052.9
1053.0
1053.0
1053.0
1053.0
1053.0
1053.0
1053.1
1053.1
1053.1
1053.1
1053.2
1053.2
1053.2
1053.2
1053.2
1053.2
1053.2
1053.2
1053.3
1053.3
1053.3
1053.4
1053.5
1053.5
1053.6
1053.6
1053.6
1053.6
1053.6
1053.6
1053.6
1053.6
1053.8
1053.9
1054.0
1054.0
1054.1
1054.1
1054.2
1054.2
1054.2
1054.3
1054.3
1054.4
1054.4
1054.4
1054.6
1054.7
1054.8
1054.9
1055.1
1055.1
1055.2
1055.4
1055.8
1055.8
1055.9
1056.3
1056.4
1056.4
1056.4
1056.5
1056.7
1057.2
1057.5
1058.7
1059.3
1059.3
1059.3
1059.4
1059.5
1060.0
1060.0
1060.0
1060.0
1060.0
1060.0
1060.1
1060.2
1060.3
1060.3
1060.4
1060.5
1060.5
1060.6
1060.7
1060.8
1060.8
1060.8
1060.8
1060.8
1060.9
1060.9
1060.9
1061.0
1061.1
1061.1
1061.2
1061.3
1061.3
1061.4
1061.4
1061.5
1061.5
1061.6
1061.6
1061.6
1061.7
1061.8
1061.8
1061.9
1061.9
1062.1
1062.2
1062.4
1062.6
1062.6
1062.7
1062.8
1062.9
1062.9
1062.9
1063.0
1063.1
1063.2
1063.3
1063.3
1063.4
1063.4
1063.4
1063.6
1063.6
1063.9
1064.1
1064.4
1064.4
1065.4
1065.5
1066.2
1066.5
1066.6
1067.2
1068.0
1068.2
1068.3
1069.0
1069.2
1069.9
1071.1
1071.2
1072.4
1073.4
1076.5
1077.7
1079.1
1084.7
1085.5
1086.5
1094.3
1205.6
1205.6
1205.6
1205.6
1205.6
1205.6
1205.6
1205.6
1205.6
1205.6
1205.6
1205.6
1205.6
1205.6
1205.6
1205.6
1205.6
1205.6
1205.6
1205.6
1205.6
1205.6
1205.6
1205.6
1205.6
1205.6
1205.6
1205.6
1205.6
1205.6
1205.6
1205.6
1205.7
1205.7
1205.7
1205.7
1205.7
1205.7
1205.7
1205.7
1205.7
1205.7
1205.7
1205.7
1205.7
1205.7
1205.7
1205.7
1205.7
1205.7
1205.7
1205.7
1205.7
1205.7
1205.7
1205.7
1205.7
1205.7
1205.7
1205.7
1205.7
1205.7
1205.7
1205.7
1205.7
1205.7
1205.7
1205.8
1205.8
1205.8
1205.8
1205.8
1205.8
1205.8
1205.8
1205.8
1205.8
1205.8
1205.9
1205.9
1205.9
1206.0
1206.0
1206.0
1206.0
1206.0
1206.1
1206.1
1206.1
1206.2
1206.2
1206.2
1206.3
1206.3
1206.4
1206.4
1206.4
1206.5
1206.5
1206.5
1210.1
1210.1
1210.1
1210.1
1210.1
1210.1
1210.1
1210.1
1210.1
1210.1
1210.1
1210.1
1210.1
1210.1
1210.1
1210.1
1210.1
1210.1
1210.1
1210.1
1210.1
1210.1
1210.1
1210.1
1210.1
1210.1
1210.1
1210.1
1210.1
1210.1
1210.1
1210.2
1210.2
1210.2
1210.2
1210.2
1210.2
1210.2
1210.2
1210.2
1210.2
1210.2
1210.2
1210.2
1210.2
1210.2
1210.2
1210.2
1210.2
1210.2
1210.2
1210.2
1210.2
1210.2
1210.2
1210.2
1210.2
1210.2
1210.2
1210.2
1210.2
1210.2
1210.3
1210.3
1210.3
1210.3
1210.3
1210.3
1210.3
1210.3
1210.3
1210.4
1210.4
1210.5
1210.6
1210.6
1210.7
1210.7
1210.9
1210.9
1210.9
1211.1
1211.2
1211.3
1211.4
1211.4
1211.5
1211.5
1211.8
1211.9
1211.9
1212.0
1212.2
1212.3
1212.6
1212.6
1212.7
1212.8
1212.9
1212.9
1213.7
1213.7
1213.8
1213.8
1213.8
1213.8
1213.8
1213.8
1213.8
1213.8
1213.9
1213.9
1213.9
1213.9
1213.9
1213.9
1213.9
1213.9
1213.9
1213.9
1213.9
1213.9
1213.9
1213.9
1213.9
1214.0
1214.0
1214.0
1214.0
1214.0
1214.0
1214.0
1214.0
1214.0
1214.1
1214.1
1214.1
1214.1
1214.1
1214.1
1214.1
1214.1
1214.1
1214.1
1214.1
1214.1
1214.1
1214.2
1214.2
1214.2
1214.2
1214.2
1214.3
1214.3
1214.3
1214.3
1214.3
1214.3
1214.3
1214.3
1214.3
1214.4
1214.4
1214.5
1214.6
1214.6
1214.6
1214.6
1214.7
1214.7
1214.7
1214.8
1214.9
1214.9
1215.0
1215.2
1215.3
1215.8
1215.8
1215.8
1215.9
1216.0
1216.0
1216.2
1216.5
1216.9
1217.0
1217.0
1217.4
1217.9
1218.1
1218.3
1218.6
1218.6
1218.6
1218.7
1218.8
1218.8
1218.8
1218.9
1218.9
1218.9
1218.9
1218.9
1219.0
1219.0
1219.0
1219.0
1219.1
1219.1
1219.1
1219.1
1219.1
1219.1
1219.1
1219.1
1219.1
1219.2
1219.2
1219.2
1219.2
1219.2
1219.2
1219.3
1219.3
1219.3
1219.3
1219.4
1219.4
1219.4
1219.4
1219.5
1219.5
1219.5
1219.5
1219.5
1219.6
1219.6
1219.6
1219.6
1219.6
1219.7
1219.7
1219.7
1219.7
1219.7
1219.8
1219.9
1219.9
1219.9
1219.9
1219.9
1219.9
1220.0
1220.0
1220.1
1220.1
1220.1
1220.1
1220.2
1220.3
1220.3
1220.5
1220.7
1220.7
1220.7
1220.8
1220.9
1221.0
1221.1
1221.2
1221.3
1221.3
1221.5
1221.6
1222.1
1222.1
1222.7
1222.8
1222.8
1222.9
1223.1
1223.1
1223.8
1224.4
1225.7
1226.1
1226.8
1227.5
1227.7
1228.3
1228.8
1228.9
1228.9
1229.2
1229.7
1229.7
1229.8
1230.0
1230.0
1230.1
1230.1
1230.2
1230.2
1230.3
1230.3
1230.4
1230.5
1230.5
1230.6
1230.6
1230.8
1231.0
1231.2
1231.5
1231.6
1231.8
1231.8
1231.9
1232.1
1232.1
1232.1
1232.3
1232.4
1232.5
1232.6
1232.6
1232.7
1232.7
1232.8
1233.0
1233.0
1233.1
1233.2
1233.4
1233.6
1234.0
1234.1
1234.2
1234.2
1234.2
1234.3
1234.5
1234.7
1234.8
1234.8
1234.9
1235.3
1235.5
1235.7
1235.8
1236.3
1237.5
1237.5
1237.7
1238.0
1239.4
1241.0
1241.1
1241.5
1243.5
1244.1
1244.6
1245.3
1245.6
1246.3
1248.7
1252.5
1254.0
1258.6
1258.7
1258.9
1259.0
1259.0
1259.0
1259.0
1259.0
1259.0
1259.0
1259.1
1259.1
1259.1
1259.1
1259.1
1259.1
1259.1
1259.1
1259.1
1259.1
1259.1
1259.1
1259.1
1259.1
1259.1
1259.1
1259.1
1259.1
1259.1
1259.1
1259.1
1259.1
1259.1
1259.1
1259.1
1259.1
1259.1
1259.1
1259.1
1259.1
1259.1
1259.1
1259.1
1259.1
1259.1
1259.1
1259.1
1259.1
1259.2
1259.2
1259.2
1259.2
1259.2
1259.2
1259.2
1259.2
1259.2
1259.2
1259.2
1259.2
1259.2
1259.2
1259.2
1259.2
1259.2
1259.2
1259.2
1259.2
1259.2
1259.2
1259.2
1259.3
1259.3
1259.3
1259.3
1259.3
1259.3
1259.3
1259.3
1259.3
1259.3
1259.4
1259.4
1259.4
1259.4
1259.5
1259.5
1259.6
1259.6
1259.7
1259.7
1259.7
1259.8
1259.8
1259.9
1260.0
1260.0
1260.2
1260.4
1260.7
1265.5
1266.2
1266.6
1266.7
1266.7
1266.8
1266.8
1266.9
1266.9
1266.9
1267.0
1267.0
1267.0
1267.1
1267.1
1267.1
1267.1
1267.1
1267.1
1267.1
1267.1
1267.2
1267.2
1267.2
1267.2
1267.2
1267.2
1267.2
1267.2
1267.2
1267.2
1267.2
1267.3
1267.3
1267.3
1267.3
1267.3
1267.3
1267.4
1267.4
1267.4
1267.4
1267.4
1267.5
1267.5
1267.5
1267.5
1267.6
1267.6
1267.6
1267.6
1267.7
1267.7
1267.7
1267.8
1267.8
1267.8
1267.8
1267.8
1267.9
1267.9
1267.9
1268.0
1268.0
1268.0
1268.0
1268.1
1268.1
1268.2
1268.2
1268.2
1268.3
1268.4
1268.4
1268.4
1268.5
1268.5
1268.7
1269.1
1269.3
1269.3
1269.3
1270.3
1270.7
1270.7
1270.9
1271.9
1272.2
1272.9
1273.1
1273.2
1274.4
1276.1
1276.9
1277.5
1278.3
1278.4
1279.7
1281.9
1289.2
1294.9
1295.4
1297.1
1297.7
1299.1
1300.8
1301.6
1305.5
1305.9
1306.4
1312.0
1312.7
1315.1
1324.1
1375.1
1375.1
1375.1
1375.1
1375.1
1375.1
1375.1
1375.1
1375.1
1375.1
1375.1
1375.1
1375.1
1375.1
1375.1
1375.1
1375.1
1375.2
1375.2
1375.2
1375.2
1375.2
1375.2
1375.2
1375.2
1375.2
1375.2
1375.2
1375.2
1375.2
1375.2
1375.2
1375.2
1375.2
1375.2
1375.2
1375.2
1375.2
1375.2
1375.2
1375.2
1375.2
1375.2
1375.2
1375.2
1375.2
1375.2
1375.2
1375.2
1375.2
1375.2
1375.2
1375.2
1375.2
1375.2
1375.2
1375.2
1375.2
1375.2
1375.2
1375.2
1375.2
1375.2
1375.3
1375.3
1375.3
1375.3
1375.3
1375.3
1375.3
1375.4
1375.4
1375.4
1375.4
1375.4
1375.5
1375.5
1375.6
1375.6
1375.6
1375.6
1375.7
1375.7
1375.7
1375.7
1375.8
1375.9
1376.0
1376.1
1376.3
1376.3
1376.4
1376.6
1376.6
1376.7
1376.9
1377.0
1377.1
1377.1
1377.2
1379.3
1379.4
1379.4
1379.4
1379.4
1379.4
1379.4
1379.4
1379.4
1379.4
1379.4
1379.4
1379.4
1379.4
1379.4
1379.4
1379.4
1379.4
1379.4
1379.4
1379.4
1379.4
1379.4
1379.4
1379.4
1379.4
1379.4
1379.4
1379.4
1379.4
1379.4
1379.4
1379.4
1379.4
1379.4
1379.4
1379.4
1379.4
1379.4
1379.4
1379.4
1379.4
1379.4
1379.4
1379.4
1379.4
1379.4
1379.4
1379.4
1379.4
1379.4
1379.4
1379.4
1379.4
1379.5
1379.5
1379.5
1379.5
1379.5
1379.5
1379.5
1379.5
1379.5
1379.5
1379.5
1379.5
1379.5
1379.5
1379.5
1379.5
1379.5
1379.5
1379.5
1379.8
1379.9
1379.9
1379.9
1379.9
1380.0
1380.0
1380.1
1380.2
1380.2
1380.3
1380.4
1380.5
1380.8
1380.9
1381.1
1381.4
1381.5
1381.7
1382.2
1382.3
1382.7
1382.8
1383.0
1383.1
1383.1
1383.3
1383.3
1383.3
1383.4
1383.4
1383.4
1383.4
1383.4
1383.4
1383.4
1383.4
1383.4
1383.4
1383.4
1383.4
1383.4
1383.4
1383.4
1383.4
1383.4
1383.4
1383.4
1383.4
1383.5
1383.5
1383.5
1383.5
1383.5
1383.5
1383.5
1383.5
1383.5
1383.5
1383.5
1383.5
1383.5
1383.5
1383.5
1383.5
1383.5
1383.5
1383.6
1383.6
1383.6
1383.6
1383.6
1383.6
1383.6
1383.6
1383.6
1383.6
1383.6
1383.6
1383.6
1383.6
1383.6
1383.7
1383.7
1383.7
1383.7
1383.7
1383.7
1383.8
1383.8
1383.8
1383.8
1383.8
1383.8
1383.9
1383.9
1383.9
1383.9
1384.0
1384.0
1384.1
1384.1
1384.4
1384.4
1384.6
1384.6
1384.6
1384.6
1384.7
1384.8
1384.8
1385.1
1385.3
1385.5
1385.7
1386.4
1386.5
1386.7
1386.8
1387.6
1387.6
1387.6
1387.7
1387.7
1387.7
1387.8
1387.8
1387.8
1387.8
1387.8
1387.9
1387.9
1387.9
1387.9
1387.9
1387.9
1387.9
1387.9
1387.9
1388.0
1388.0
1388.0
1388.0
1388.0
1388.0
1388.0
1388.0
1388.0
1388.0
1388.0
1388.0
1388.1
1388.1
1388.1
1388.1
1388.1
1388.2
1388.2
1388.2
1388.2
1388.2
1388.2
1388.2
1388.3
1388.3
1388.3
1388.4
1388.4
1388.4
1388.4
1388.4
1388.5
1388.5
1388.5
1388.5
1388.5
1388.5
1388.5
1388.6
1388.6
1388.6
1388.6
1388.6
1388.7
1388.8
1388.8
1388.9
1388.9
1389.0
1389.1
1389.1
1389.1
1389.2
1389.2
1389.2
1389.3
1389.4
1389.4
1389.4
1389.6
1389.9
1389.9
1390.1
1390.2
1390.4
1390.5
1390.5
1390.5
1390.6
1390.7
1391.0
1391.1
1391.9
1392.5
1393.0
1394.1
1394.2
1394.5
1394.5
1394.5
1394.9
1394.9
1394.9
1394.9
1395.0
1395.0
1395.0
1395.0
1395.0
1395.1
1395.2
1395.2
1395.3
1395.4
1395.4
1395.4
1395.4
1395.6
1395.6
1395.6
1395.6
1395.7
1395.7
1395.7
1395.7
1395.8
1395.8
1395.8
1396.0
1396.1
1396.1
1396.1
1396.2
1396.2
1396.2
1396.2
1396.3
1396.3
1396.4
1396.4
1396.4
1396.4
1396.5
1396.6
1396.7
1396.7
1396.8
1396.8
1396.9
1396.9
1397.0
1397.0
1397.2
1397.2
1397.3
1397.5
1397.9
1397.9
1397.9
1398.0
1398.0
1398.0
1398.5
1398.5
1398.6
1398.7
1399.6
1399.6
1399.6
1399.7
1399.7
1400.1
1400.3
1400.3
1401.2
1401.3
1401.6
1401.9
1402.3
1403.1
1403.2
1403.3
1403.3
1403.4
1403.6
1404.0
1404.7
1405.0
1406.2
1420.5
1435.7
1542.1
1542.1
1542.1
1542.1
1542.1
1542.1
1542.1
1542.1
1542.1
1542.1
1542.1
1542.1
1542.1
1542.1
1542.1
1542.1
1542.1
1542.1
1542.1
1542.1
1542.2
1542.2
1542.2
1542.2
1542.2
1542.2
1542.2
1542.2
1542.2
1542.2
1542.2
1542.2
1542.2
1542.2
1542.2
1542.2
1542.2
1542.2
1542.2
1542.2
1542.2
1542.2
1542.2
1542.2
1542.2
1542.2
1542.2
1542.2
1542.2
1542.2
1542.2
1542.2
1542.2
1542.2
1542.2
1542.2
1542.2
1542.2
1542.2
1542.2
1542.2
1542.2
1542.2
1542.2
1542.2
1542.2
1542.2
1542.2
1542.2
1542.2
1542.2
1542.2
1542.3
1542.3
1542.3
1542.3
1542.3
1542.3
1542.4
1542.4
1542.4
1542.4
1542.4
1542.5
1542.5
1542.5
1542.5
1542.5
1542.6
1542.6
1542.6
1542.6
1542.7
1542.7
1542.8
1542.9
1542.9
1542.9
1542.9
1543.0
1546.6
1546.6
1546.6
1546.6
1546.6
1546.6
1546.6
1546.6
1546.6
1546.6
1546.6
1546.6
1546.6
1546.7
1546.7
1546.7
1546.7
1546.7
1546.7
1546.7
1546.7
1546.7
1546.7
1546.7
1546.7
1546.7
1546.7
1546.7
1546.7
1546.7
1546.7
1546.7
1546.7
1546.7
1546.7
1546.7
1546.7
1546.7
1546.7
1546.7
1546.7
1546.7
1546.7
1546.7
1546.7
1546.7
1546.7
1546.7
1546.7
1546.7
1546.7
1546.7
1546.7
1546.7
1546.7
1546.7
1546.7
1546.7
1546.7
1546.7
1546.7
1546.8
1546.8
1546.8
1546.8
1546.8
1546.8
1546.8
1546.8
1546.8
1546.8
1546.9
1546.9
1547.1
1547.1
1547.1
1547.2
1547.2
1547.4
1547.4
1547.4
1547.6
1547.7
1547.7
1547.9
1547.9
1547.9
1547.9
1548.2
1548.3
1548.4
1548.4
1548.7
1548.7
1549.1
1549.1
1549.1
1549.2
1549.3
1549.3
1550.3
1550.3
1550.3
1550.4
1550.4
1550.4
1550.4
1550.4
1550.4
1550.4
1550.4
1550.4
1550.5
1550.5
1550.5
1550.5
1550.5
1550.5
1550.5
1550.5
1550.5
1550.5
1550.5
1550.5
1550.5
1550.5
1550.6
1550.6
1550.6
1550.6
1550.6
1550.6
1550.6
1550.6
1550.6
1550.6
1550.6
1550.6
1550.6
1550.7
1550.7
1550.7
1550.7
1550.7
1550.7
1550.7
1550.7
1550.7
1550.7
1550.7
1550.8
1550.8
1550.8
1550.8
1550.8
1550.8
1550.8
1550.8
1550.8
1550.9
1550.9
1551.0
1551.0
1551.1
1551.1
1551.1
1551.1
1551.2
1551.2
1551.2
1551.2
1551.3
1551.4
1551.5
1551.5
1551.8
1551.9
1552.3
1552.3
1552.4
1552.4
1552.5
1552.5
1552.7
1553.0
1553.3
1553.5
1553.5
1553.9
1554.4
1554.5
1554.7
1555.2
1555.2
1555.2
1555.3
1555.4
1555.4
1555.5
1555.5
1555.5
1555.5
1555.5
1555.5
1555.5
1555.6
1555.6
1555.7
1555.7
1555.7
1555.7
1555.7
1555.7
1555.7
1555.8
1555.8
1555.8
1555.8
1555.8
1555.9
1555.9
1555.9
1555.9
1555.9
1555.9
1556.0
1556.0
1556.0
1556.0
1556.0
1556.0
1556.1
1556.1
1556.1
1556.1
1556.1
1556.2
1556.2
1556.2
1556.2
1556.3
1556.3
1556.3
1556.3
1556.3
1556.3
1556.5
1556.5
1556.5
1556.5
1556.6
1556.6
1556.6
1556.6
1556.6
1556.7
1556.8
1556.8
1556.8
1556.8
1556.9
1557.0
1557.2
1557.3
1557.4
1557.4
1557.4
1557.6
1557.6
1557.8
1558.0
1558.0
1558.0
1558.2
1558.2
1558.8
1558.9
1559.7
1559.7
1559.8
1560.0
1560.0
1560.0
1560.6
1561.0
1562.3
1563.2
1563.5
1564.0
1565.1
1565.4
1565.7
1566.1
1566.1
1566.4
1566.4
1566.8
1567.1
1567.2
1567.2
1567.4
1567.5
1567.5
1567.5
1567.5
1567.6
1567.6
1567.8
1567.8
1567.9
1568.0
1568.0
1568.1
1568.2
1568.6
1568.8
1569.1
1569.3
1569.4
1569.4
1569.5
1569.5
1569.7
1569.9
1569.9
1570.1
1570.2
1570.2
1570.4
1570.5
1570.6
1570.7
1570.7
1571.0
1571.1
1571.2
1571.5
1571.7
1571.8
1571.9
1572.2
1572.4
1572.5
1572.5
1572.8
1573.1
1573.1
1573.7
1573.9
1574.0
1574.1
1574.3
1574.3
1574.8
1577.0
1577.9
1579.9
1581.6
1581.9
1581.9
1582.0
1584.0
1586.4
1589.4
1589.8
1590.2
1591.9
1594.7
1595.4
1595.4
1595.5
1595.5
1595.7
1595.7
1595.7
1595.7
1595.7
1595.8
1595.8
1595.8
1595.8
1595.8
1595.8
1595.8
1595.8
1595.8
1595.8
1595.8
1595.8
1595.8
1595.8
1595.8
1595.8
1595.8
1595.8
1595.8
1595.8
1595.8
1595.9
1595.9
1595.9
1595.9
1595.9
1595.9
1595.9
1595.9
1595.9
1595.9
1595.9
1595.9
1595.9
1595.9
1595.9
1595.9
1595.9
1595.9
1595.9
1595.9
1595.9
1595.9
1595.9
1595.9
1595.9
1595.9
1595.9
1595.9
1595.9
1596.0
1596.0
1596.0
1596.0
1596.0
1596.0
1596.0
1596.0
1596.0
1596.0
1596.0
1596.0
1596.0
1596.0
1596.1
1596.1
1596.1
1596.1
1596.1
1596.1
1596.2
1596.2
1596.2
1596.2
1596.2
1596.3
1596.3
1596.4
1596.4
1596.4
1596.5
1596.5
1596.7
1596.7
1596.7
1596.8
1596.9
1597.1
1597.1
1597.4
1601.1
1602.5
1602.6
1602.7
1603.1
1603.4
1603.5
1603.5
1603.5
1603.6
1603.6
1603.7
1603.7
1603.7
1603.8
1603.8
1603.8
1603.8
1603.8
1603.8
1603.8
1603.9
1603.9
1603.9
1603.9
1603.9
1603.9
1603.9
1603.9
1603.9
1603.9
1604.0
1604.0
1604.0
1604.0
1604.0
1604.0
1604.1
1604.1
1604.1
1604.1
1604.1
1604.2
1604.2
1604.2
1604.2
1604.2
1604.3
1604.3
1604.3
1604.3
1604.3
1604.4
1604.4
1604.5
1604.5
1604.6
1604.6
1604.6
1604.7
1604.7
1604.7
1604.7
1604.8
1604.8
1604.8
1604.8
1604.8
1604.9
1604.9
1604.9
1605.1
1605.2
1605.2
1605.5
1605.5
1605.5
1605.6
1605.7
1605.9
1606.0
1606.2
1607.1
1607.5
1607.5
1607.6
1608.3
1609.1
1609.7
1609.8
1610.9
1614.2
1614.6
1615.3
1616.8
1617.8
1621.5
1637.1
1711.4
1711.4
1711.4
1711.4
1711.4
1711.4
1711.4
1711.4
1711.4
1711.4
1711.4
1711.4
1711.5
1711.5
1711.5
1711.5
1711.5
1711.5
1711.5
1711.5
1711.5
1711.5
1711.5
1711.5
1711.5
1711.5
1711.5
1711.5
1711.5
1711.5
1711.5
1711.5
1711.5
1711.5
1711.5
1711.5
1711.5
1711.5
1711.5
1711.5
1711.5
1711.5
1711.5
1711.5
1711.5
1711.5
1711.5
1711.5
1711.5
1711.5
1711.5
1711.5
1711.5
1711.5
1711.5
1711.5
1711.5
1711.5
1711.5
1711.5
1711.5
1711.5
1711.5
1711.5
1711.5
1711.6
1711.6
1711.6
1711.6
1711.6
1711.6
1711.6
1711.6
1711.7
1711.7
1711.8
1711.8
1711.8
1711.8
1711.9
1711.9
1711.9
1711.9
1712.0
1712.0
1712.0
1712.2
1712.2
1712.3
1712.5
1712.5
1712.6
1712.7
1712.8
1712.8
1713.0
1713.1
1713.1
1713.1
1713.2
1715.7
1715.7
1715.7
1715.7
1715.7
1715.7
1715.7
1715.7
1715.7
1715.7
1715.8
1715.8
1715.8
1715.8
1715.8
1715.8
1715.8
1715.8
1715.8
1715.8
1715.8
1715.8
1715.8
1715.8
1715.8
1715.8
1715.8
1715.8
1715.8
1715.8
1715.8
1715.8
1715.8
1715.8
1715.8
1715.8
1715.8
1715.8
1715.8
1715.8
1715.8
1715.8
1715.8
1715.8
1715.8
1715.8
1715.8
1715.8
1715.8
1715.8
1715.8
1715.8
1715.8
1715.8
1715.8
1715.8
1715.8
1715.8
1715.8
1715.8
1715.8
1715.8
1715.8
1715.8
1715.8
1715.8
1715.8
1715.8
1715.8
1715.8
1715.8
1715.9
1715.9
1716.1
1716.1
1716.2
1716.2
1716.2
1716.2
1716.2
1716.4
1716.4
1716.5
1716.5
1716.7
1716.7
1716.9
1716.9
1717.2
1717.4
1717.5
1717.6
1718.1
1718.1
1718.7
1718.7
1718.8
1719.0
1719.0
1719.2
1719.5
1719.6
1719.6
1719.6
1719.6
1719.6
1719.6
1719.6
1719.6
1719.6
1719.6
1719.6
1719.7
1719.7
1719.7
1719.7
1719.7
1719.7
1719.7
1719.7
1719.7
1719.7
1719.7
1719.7
1719.7
1719.7
1719.7
1719.7
1719.7
1719.7
1719.8
1719.8
1719.8
1719.8
1719.8
1719.8
1719.8
1719.8
1719.8
1719.8
1719.8
1719.8
1719.8
1719.8
1719.8
1719.8
1719.8
1719.9
1719.9
1719.9
1719.9
1719.9
1719.9
1719.9
1719.9
1719.9
1720.0
1720.0
1720.0
1720.0
1720.0
1720.1
1720.1
1720.1
1720.1
1720.1
1720.1
1720.2
1720.2
1720.2
1720.3
1720.3
1720.3
1720.4
1720.4
1720.6
1720.6
1720.8
1720.9
1720.9
1720.9
1721.0
1721.0
1721.0
1721.3
1721.6
1721.6
1721.8
1722.3
1722.6
1722.6
1722.8
1723.8
1723.8
1723.9
1723.9
1723.9
1724.0
1724.0
1724.0
1724.1
1724.1
1724.1
1724.1
1724.1
1724.1
1724.2
1724.2
1724.2
1724.2
1724.2
1724.2
1724.2
1724.2
1724.3
1724.3
1724.3
1724.3
1724.3
1724.3
1724.3
1724.3
1724.3
1724.4
1724.4
1724.4
1724.4
1724.4
1724.4
1724.5
1724.5
1724.5
1724.5
1724.5
1724.6
1724.6
1724.6
1724.6
1724.6
1724.6
1724.7
1724.7
1724.7
1724.7
1724.7
1724.8
1724.8
1724.8
1724.8
1724.8
1724.8
1724.9
1724.9
1724.9
1724.9
1724.9
1725.0
1725.0
1725.0
1725.0
1725.1
1725.2
1725.3
1725.4
1725.4
1725.5
1725.5
1725.5
1725.7
1725.7
1725.8
1725.8
1725.8
1726.0
1726.2
1726.2
1726.3
1726.5
1726.7
1726.8
1726.9
1726.9
1727.0
1727.3
1727.4
1728.0
1728.8
1729.1
1730.0
1730.7
1730.7
1731.0
1731.0
1731.0
1731.3
1731.4
1731.4
1731.5
1731.5
1731.5
1731.5
1731.5
1731.5
1731.6
1731.6
1731.8
1731.8
1731.9
1732.0
1732.0
1732.0
1732.2
1732.2
1732.2
1732.3
1732.3
1732.3
1732.4
1732.4
1732.5
1732.5
1732.7
1732.7
1732.8
1732.8
1732.8
1732.8
1732.9
1733.0
1733.0
1733.0
1733.0
1733.0
1733.0
1733.1
1733.1
1733.3
1733.4
1733.4
1733.5
1733.5
1733.5
1733.7
1733.7
1733.8
1733.9
1734.0
1734.1
1734.4
1734.6
1734.8
1734.8
1734.8
1734.9
1735.0
1735.0
1735.2
1735.2
1735.3
1735.4
1735.6
1736.0
1736.5
1736.5
1736.5
1736.6
1736.8
1737.8
1738.1
1738.9
1739.3
1739.4
1739.5
1739.6
1739.7
1740.0
1740.6
1740.7
1740.9
1740.9
1743.0
1744.8
1749.5
1878.4
1878.4
1878.4
1878.4
1878.5
1878.5
1878.5
1878.5
1878.5
1878.5
1878.5
1878.5
1878.5
1878.5
1878.5
1878.5
1878.5
1878.5
1878.5
1878.5
1878.5
1878.5
1878.5
1878.5
1878.5
1878.5
1878.5
1878.5
1878.5
1878.5
1878.5
1878.5
1878.5
1878.5
1878.5
1878.5
1878.5
1878.5
1878.5
1878.5
1878.5
1878.5
1878.5
1878.5
1878.5
1878.5
1878.5
1878.5
1878.5
1878.5
1878.5
1878.5
1878.5
1878.5
1878.5
1878.5
1878.5
1878.5
1878.5
1878.5
1878.5
1878.5
1878.5
1878.5
1878.5
1878.5
1878.5
1878.6
1878.6
1878.6
1878.6
1878.6
1878.6
1878.6
1878.6
1878.6
1878.6
1878.6
1878.7
1878.7
1878.7
1878.8
1878.8
1878.8
1878.8
1878.8
1878.9
1878.9
1878.9
1879.0
1879.0
1879.0
1879.1
1879.1
1879.2
1879.2
1879.3
1879.3
1879.3
1879.4
1883.0
1883.0
1883.0
1883.0
1883.0
1883.0
1883.0
1883.0
1883.0
1883.0
1883.0
1883.0
1883.0
1883.0
1883.0
1883.0
1883.0
1883.0
1883.0
1883.0
1883.0
1883.0
1883.0
1883.0
1883.0
1883.0
1883.1
1883.1
1883.1
1883.1
1883.1
1883.1
1883.1
1883.1
1883.1
1883.1
1883.1
1883.1
1883.1
1883.1
1883.1
1883.1
1883.1
1883.1
1883.1
1883.1
1883.1
1883.1
1883.1
1883.1
1883.1
1883.1
1883.1
1883.1
1883.1
1883.1
1883.1
1883.1
1883.1
1883.1
1883.1
1883.1
1883.1
1883.1
1883.1
1883.2
1883.2
1883.2
1883.2
1883.2
1883.2
1883.3
1883.3
1883.5
1883.5
1883.5
1883.6
1883.6
1883.8
1883.8
1883.9
1884.0
1884.1
1884.2
1884.3
1884.4
1884.4
1884.4
1884.7
1884.8
1884.9
1884.9
1885.2
1885.3
1885.6
1885.6
1885.6
1885.8
1885.9
1885.9
1886.6
1886.7
1886.7
1886.7
1886.7
1886.7
1886.7
1886.8
1886.8
1886.8
1886.8
1886.8
1886.8
1886.8
1886.8
1886.8
1886.8
1886.8
1886.8
1886.8
1886.8
1886.8
1886.8
1886.9
1886.9
1886.9
1886.9
1886.9
1886.9
1886.9
1886.9
1886.9
1887.0
1887.0
1887.0
1887.0
1887.0
1887.0
1887.0
1887.0
1887.0
1887.0
1887.0
1887.0
1887.0
1887.0
1887.0
1887.1
1887.1
1887.1
1887.1
1887.1
1887.2
1887.2
1887.2
1887.2
1887.2
1887.2
1887.2
1887.2
1887.2
1887.3
1887.3
1887.4
1887.4
1887.5
1887.5
1887.5
1887.6
1887.6
1887.6
1887.7
1887.7
1887.8
1887.9
1888.1
1888.2
1888.6
1888.7
1888.7
1888.8
1888.9
1888.9
1889.1
1889.4
1889.8
1889.9
1889.9
1890.3
1890.8
1890.9
1891.1
1891.4
1891.4
1891.5
1891.5
1891.6
1891.7
1891.7
1891.7
1891.7
1891.8
1891.8
1891.8
1891.9
1891.9
1891.9
1891.9
1891.9
1891.9
1891.9
1891.9
1892.0
1892.0
1892.0
1892.0
1892.0
1892.0
1892.1
1892.1
1892.1
1892.1
1892.1
1892.1
1892.1
1892.2
1892.2
1892.2
1892.2
1892.2
1892.3
1892.3
1892.3
1892.3
1892.3
1892.4
1892.4
1892.4
1892.4
1892.5
1892.5
1892.5
1892.5
1892.5
1892.6
1892.6
1892.7
1892.7
1892.7
1892.7
1892.7
1892.8
1892.8
1892.8
1892.9
1892.9
1893.0
1893.0
1893.0
1893.1
1893.1
1893.2
1893.3
1893.5
1893.6
1893.6
1893.7
1893.8
1894.0
1894.0
1894.1
1894.2
1894.2
1894.3
1894.4
1895.0
1895.0
1895.7
1896.0
1896.0
1896.1
1896.1
1896.2
1896.9
1897.0
1898.5
1899.0
1899.9
1900.0
1900.5
1901.1
1901.3
1901.3
1901.8
1901.8
1902.0
1902.2
1902.3
1902.3
1902.3
1902.3
1902.4
1902.5
1902.6
1902.6
1902.6
1902.7
1902.7
1902.8
1902.9
1902.9
1903.0
1903.1
1903.3
1903.6
1903.7
1903.8
1903.9
1904.0
1904.1
1904.1
1904.1
1904.3
1904.3
1904.4
1904.4
1904.6
1904.7
1904.8
1904.8
1904.8
1904.9
1905.0
1905.1
1905.2
1905.7
1905.8
1906.0
1906.2
1906.2
1906.2
1906.2
1906.3
1906.3
1906.4
1906.6
1906.6
1906.7
1906.8
1907.0
1907.1
1907.4
1908.3
1908.4
1908.8
1909.4
1910.0
1910.6
1910.8
1911.3
1911.4
1911.4
1912.7
1913.3
1913.4
1914.6
1914.7
1915.1
1915.6
1917.1
1920.3
1922.2
1924.7
1930.5
1930.8
1930.9
1930.9
1930.9
1931.0
1931.0
1931.0
1931.1
1931.1
1931.1
1931.1
1931.1
1931.1
1931.1
1931.1
1931.1
1931.1
1931.1
1931.1
1931.1
1931.1
1931.1
1931.1
1931.1
1931.1
1931.1
1931.1
1931.1
1931.1
1931.1
1931.1
1931.1
1931.1
1931.1
1931.1
1931.1
1931.1
1931.1
1931.1
1931.2
1931.2
1931.2
1931.2
1931.2
1931.2
1931.2
1931.2
1931.2
1931.2
1931.2
1931.2
1931.2
1931.2
1931.2
1931.2
1931.2
1931.2
1931.2
1931.2
1931.2
1931.2
1931.2
1931.2
1931.2
1931.2
1931.2
1931.2
1931.2
1931.2
1931.2
1931.3
1931.3
1931.3
1931.3
1931.3
1931.3
1931.3
1931.3
1931.3
1931.3
1931.3
1931.4
1931.4
1931.5
1931.5
1931.5
1931.6
1931.6
1931.6
1931.7
1931.8
1931.9
1931.9
1932.0
1932.0
1932.2
1932.3
1932.4
1932.6
1937.8
1938.6
1938.6
1938.7
1938.7
1938.7
1938.8
1938.9
1938.9
1938.9
1938.9
1939.0
1939.0
1939.0
1939.0
1939.0
1939.1
1939.1
1939.1
1939.1
1939.1
1939.1
1939.1
1939.1
1939.2
1939.2
1939.2
1939.2
1939.2
1939.2
1939.2
1939.3
1939.3
1939.3
1939.3
1939.3
1939.3
1939.3
1939.3
1939.3
1939.4
1939.4
1939.4
1939.4
1939.5
1939.5
1939.5
1939.5
1939.6
1939.6
1939.6
1939.7
1939.7
1939.8
1939.8
1939.8
1939.8
1939.8
1939.9
1939.9
1939.9
1939.9
1939.9
1940.0
1940.0
1940.0
1940.0
1940.0
1940.1
1940.1
1940.1
1940.2
1940.2
1940.3
1940.3
1940.4
1940.5
1940.5
1940.6
1940.9
1941.0
1941.8
1942.5
1942.7
1942.7
1943.2
1944.1
1944.3
1944.5
1945.0
1946.4
1948.6
1949.0
1950.2
1950.3
1950.9
1959.7
1966.5
1973.1
2047.8
2047.8
2047.8
2047.8
2047.8
2047.8
2047.8
2047.8
2047.8
2047.8
2047.8
2047.8
2047.8
2047.8
2047.8
2047.8
2047.8
2047.8
2047.9
2047.9
2047.9
2047.9
2047.9
2047.9
2047.9
2047.9
2047.9
2047.9
2047.9
2047.9
2047.9
2047.9
2047.9
2047.9
2047.9
2047.9
2047.9
2047.9
2047.9
2047.9
2047.9
2047.9
2047.9
2047.9
2047.9
2047.9
2047.9
2047.9
2047.9
2047.9
2047.9
2047.9
2047.9
2047.9
2047.9
2047.9
2047.9
2047.9
2047.9
2047.9
2047.9
2047.9
2047.9
2047.9
2047.9
2048.0
2048.0
2048.0
2048.0
2048.0
2048.0
2048.0
2048.0
2048.1
2048.1
2048.2
2048.2
2048.2
2048.2
2048.3
2048.3
2048.3
2048.3
2048.3
2048.4
2048.4
2048.6
2048.6
2048.7
2048.9
2048.9
2049.0
2049.1
2049.2
2049.2
2049.4
2049.5
2049.5
2049.5
2049.6
2052.0
2052.0
2052.0
2052.0
2052.0
2052.0
2052.0
2052.0
2052.0
2052.1
2052.1
2052.1
2052.1
2052.1
2052.1
2052.1
2052.1
2052.1
2052.1
2052.1
2052.1
2052.1
2052.1
2052.1
2052.1
2052.1
2052.1
2052.1
2052.1
2052.1
2052.1
2052.1
2052.1
2052.1
2052.1
2052.1
2052.1
2052.1
2052.1
2052.1
2052.1
2052.1
2052.1
2052.1
2052.1
2052.1
2052.1
2052.1
2052.1
2052.1
2052.1
2052.1
2052.1
2052.1
2052.1
2052.1
2052.1
2052.1
2052.1
2052.1
2052.1
2052.1
2052.1
2052.1
2052.1
2052.1
2052.1
2052.1
2052.1
2052.1
2052.2
2052.2
2052.2
2052.4
2052.5
2052.5
2052.5
2052.6
2052.6
2052.6
2052.7
2052.8
2052.8
2052.9
2053.0
2053.1
2053.3
2053.4
2053.6
2053.8
2053.9
2054.1
2054.5
2054.6
2055.2
2055.2
2055.3
2055.4
2055.5
2055.6
2055.8
2055.8
2055.9
2055.9
2055.9
2055.9
2055.9
2055.9
2055.9
2055.9
2055.9
2055.9
2055.9
2055.9
2056.0
2056.0
2056.0
2056.0
2056.0
2056.0
2056.0
2056.0
2056.0
2056.0
2056.0
2056.0
2056.0
2056.0
2056.0
2056.0
2056.0
2056.1
2056.1
2056.1
2056.1
2056.1
2056.1
2056.1
2056.1
2056.1
2056.1
2056.1
2056.1
2056.1
2056.1
2056.1
2056.1
2056.2
2056.2
2056.2
2056.2
2056.2
2056.2
2056.2
2056.2
2056.2
2056.3
2056.3
2056.3
2056.3
2056.3
2056.3
2056.4
2056.4
2056.4
2056.4
2056.4
2056.4
2056.5
2056.5
2056.5
2056.6
2056.6
2056.7
2056.7
2056.9
2056.9
2057.2
2057.2
2057.2
2057.2
2057.3
2057.3
2057.4
2057.7
2057.9
2058.0
2058.2
2058.8
2059.1
2059.1
2059.3
2060.2
2060.2
2060.2
2060.3
2060.3
2060.3
2060.4
2060.4
2060.4
2060.4
2060.4
2060.4
2060.4
2060.4
2060.5
2060.5
2060.5
2060.5
2060.5
2060.5
2060.5
2060.5
2060.6
2060.6
2060.6
2060.6
2060.6
2060.6
2060.6
2060.6
2060.6
2060.6
2060.7
2060.7
2060.7
2060.7
2060.7
2060.8
2060.8
2060.8
2060.8
2060.8
2060.8
2060.9
2060.9
2060.9
2060.9
2061.0
2061.0
2061.0
2061.0
2061.1
2061.1
2061.1
2061.1
2061.1
2061.1
2061.1
2061.2
2061.2
2061.2
2061.2
2061.2
2061.2
2061.3
2061.3
2061.4
2061.5
2061.5
2061.6
2061.6
2061.7
2061.7
2061.8
2061.8
2061.8
2062.0
2062.0
2062.1
2062.1
2062.3
2062.4
2062.5
2062.5
2062.8
2062.9
2063.0
2063.2
2063.2
2063.2
2063.3
2063.7
2063.8
2064.5
2065.3
2065.7
2066.6
2067.0
2067.3
2067.3
2067.3
2067.7
2067.7
2067.8
2067.8
2067.8
2067.8
2067.8
2067.8
2067.9
2067.9
2067.9
2068.1
2068.2
2068.2
2068.2
2068.3
2068.3
2068.3
2068.5
2068.5
2068.5
2068.5
2068.6
2068.6
2068.6
2068.7
2068.8
2068.8
2068.9
2069.1
2069.1
2069.1
2069.1
2069.1
2069.2
2069.3
2069.3
2069.3
2069.3
2069.4
2069.4
2069.4
2069.4
2069.6
2069.7
2069.8
2069.8
2069.8
2069.9
2070.0
2070.0
2070.1
2070.2
2070.3
2070.4
2070.7
2071.1
2071.1
2071.1
2071.2
2071.2
2071.3
2071.6
2071.8
2071.9
2072.0
2072.3
2072.7
2072.8
2072.8
2073.0
2073.1
2073.2
2073.7
2074.0
2074.8
2075.8
2075.9
2076.1
2076.7
2076.8
2077.0
2077.0
2077.0
2077.1
2077.5
2077.5
2079.7
2081.0
2095.5
2214.8
2214.9
2214.9
2214.9
2214.9
2214.9
2214.9
2214.9
2214.9
2214.9
2214.9
2214.9
2214.9
2214.9
2214.9
2214.9
2214.9
2214.9
2214.9
2214.9
2214.9
2214.9
2214.9
2214.9
2214.9
2214.9
2214.9
2214.9
2214.9
2214.9
2214.9
2214.9
2214.9
2214.9
2214.9
2214.9
2214.9
2214.9
2214.9
2214.9
2214.9
2214.9
2214.9
2214.9
2214.9
2214.9
2214.9
2214.9
2214.9
2214.9
2214.9
2214.9
2214.9
2214.9
2214.9
2214.9
2214.9
2214.9
2214.9
2214.9
2214.9
2214.9
2214.9
2214.9
2214.9
2215.0
2215.0
2215.0
2215.0
2215.0
2215.0
2215.0
2215.0
2215.0
2215.0
2215.0
2215.0
2215.0
2215.1
2215.1
2215.1
2215.2
2215.2
2215.2
2215.2
2215.2
2215.3
2215.3
2215.3
2215.4
2215.4
2215.4
2215.5
2215.5
2215.6
2215.6
2215.6
2215.7
2215.7
2215.7
2219.3
2219.3
2219.3
2219.4
2219.4
2219.4
2219.4
2219.4
2219.4
2219.4
2219.4
2219.4
2219.4
2219.4
2219.4
2219.4
2219.4
2219.4
2219.4
2219.4
2219.4
2219.4
2219.4
2219.4
2219.4
2219.4
2219.4
2219.4
2219.4
2219.4
2219.4
2219.4
2219.4
2219.4
2219.4
2219.4
2219.4
2219.4
2219.4
2219.4
2219.4
2219.4
2219.4
2219.4
2219.4
2219.4
2219.4
2219.4
2219.4
2219.4
2219.4
2219.4
2219.4
2219.5
2219.5
2219.5
2219.5
2219.5
2219.5
2219.5
2219.5
2219.5
2219.5
2219.5
2219.5
2219.5
2219.5
2219.5
2219.6
2219.6
2219.6
2219.6
2219.7
2219.8
2219.8
2219.8
2219.9
2220.0
2220.1
2220.1
2220.2
2220.3
2220.4
2220.5
2220.6
2220.6
2220.7
2220.7
2221.0
2221.1
2221.1
2221.1
2221.4
2221.5
2221.8
2221.8
2221.8
2222.0
2222.0
2222.1
2223.0
2223.0
2223.1
2223.1
2223.1
2223.1
2223.1
2223.1
2223.1
2223.1
2223.2
2223.2
2223.2
2223.2
2223.2
2223.2
2223.2
2223.2
2223.2
2223.2
2223.2
2223.2
2223.2
2223.2
2223.2
2223.3
2223.3
2223.3
2223.3
2223.3
2223.3
2223.3
2223.3
2223.3
2223.4
2223.4
2223.4
2223.4
2223.4
2223.4
2223.4
2223.4
2223.4
2223.4
2223.4
2223.4
2223.4
2223.4
2223.5
2223.5
2223.5
2223.5
2223.5
2223.6
2223.6
2223.6
2223.6
2223.6
2223.6
2223.6
2223.6
2223.7
2223.7
2223.8
2223.8
2223.8
2223.9
2223.9
2223.9
2224.0
2224.0
2224.0
2224.1
2224.2
2224.2
2224.5
2224.6
2225.0
2225.0
2225.1
2225.1
2225.2
2225.3
2225.4
2225.7
2226.1
2226.2
2226.3
2226.6
2227.1
2227.3
2227.4
2227.9
2227.9
2228.0
2228.0
2228.1
2228.1
2228.2
2228.2
2228.2
2228.3
2228.3
2228.3
2228.3
2228.3
2228.3
2228.4
2228.4
2228.4
2228.4
2228.4
2228.5
2228.5
2228.5
2228.5
2228.5
2228.5
2228.5
2228.6
2228.6
2228.6
2228.6
2228.6
2228.7
2228.7
2228.7
2228.7
2228.7
2228.8
2228.8
2228.8
2228.8
2228.9
2228.9
2228.9
2228.9
2228.9
2228.9
2229.0
2229.0
2229.0
2229.0
2229.1
2229.1
2229.1
2229.2
2229.2
2229.2
2229.3
2229.3
2229.3
2229.3
2229.3
2229.4
2229.4
2229.5
2229.5
2229.6
2229.6
2229.6
2229.7
2229.9
2230.0
2230.1
2230.1
2230.1
2230.3
2230.3
2230.5
2230.7
2230.7
2230.7
2230.9
2231.0
2231.5
2231.5
2232.4
2232.5
2232.5
2232.5
2232.7
2232.7
2233.4
2233.7
2234.9
2235.6
2236.1
2236.7
2237.5
2237.9
2238.5
2238.8
2238.9
2238.9
2239.0
2239.6
2239.7
2239.9
2239.9
2240.1
2240.2
2240.2
2240.3
2240.3
2240.3
2240.3
2240.5
2240.5
2240.6
2240.6
2240.8
2240.9
2241.0
2241.2
2241.5
2241.7
2242.0
2242.1
2242.2
2242.4
2242.4
2242.6
2242.6
2242.7
2242.9
2243.0
2243.0
2243.1
2243.2
2243.3
2243.3
2243.3
2243.7
2244.0
2244.0
2244.3
2244.5
2244.5
2244.5
2244.6
2245.0
2245.1
2245.3
2245.4
2245.6
2246.0
2246.5
2246.6
2246.8
2247.0
2247.1
2247.1
2247.5
2249.8
2251.0
2251.8
2253.5
2254.6
2255.1
2256.2
2256.7
2257.5
2262.0
2263.1
2263.2
2265.4
2266.6
2266.8
2266.8
2266.9
2266.9
2267.0
2267.1
2267.1
2267.1
2267.1
2267.1
2267.2
2267.2
2267.2
2267.2
2267.2
2267.2
2267.2
2267.2
2267.2
2267.2
2267.2
2267.2
2267.2
2267.2
2267.2
2267.2
2267.2
2267.2
2267.2
2267.2
2267.2
2267.2
2267.2
2267.3
2267.3
2267.3
2267.3
2267.3
2267.3
2267.3
2267.3
2267.3
2267.3
2267.3
2267.3
2267.3
2267.3
2267.3
2267.3
2267.3
2267.3
2267.3
2267.3
2267.3
2267.3
2267.3
2267.3
2267.3
2267.3
2267.3
2267.3
2267.3
2267.3
2267.3
2267.4
2267.4
2267.4
2267.4
2267.4
2267.4
2267.4
2267.4
2267.4
2267.4
2267.5
2267.5
2267.5
2267.5
2267.5
2267.5
2267.6
2267.6
2267.7
2267.8
2267.8
2267.8
2267.8
2267.9
2267.9
2267.9
2268.0
2268.1
2268.1
2268.2
2268.3
2268.5
2268.5
2268.8
2271.0
2273.8
2273.9
2274.0
2274.0
2274.5
2274.7
2274.9
2274.9
2274.9
2275.0
2275.0
2275.0
2275.1
2275.1
2275.2
2275.2
2275.2
2275.2
2275.2
2275.2
2275.2
2275.3
2275.3
2275.3
2275.3
2275.3
2275.3
2275.3
2275.3
2275.3
2275.4
2275.4
2275.4
2275.4
2275.4
2275.4
2275.4
2275.5
2275.5
2275.5
2275.5
2275.5
2275.5
2275.6
2275.6
2275.6
2275.6
2275.7
2275.7
2275.7
2275.7
2275.8
2275.8
2275.9
2275.9
2275.9
2276.0
2276.0
2276.0
2276.1
2276.1
2276.1
2276.1
2276.2
2276.2
2276.2
2276.2
2276.3
2276.3
2276.3
2276.4
2276.5
2276.5
2276.6
2276.7
2276.7
2276.8
2276.9
2277.3
2277.3
2277.4
2278.4
2278.9
2278.9
2278.9
2279.5
2280.5
2281.1
2281.4
2282.3
2285.7
2286.0
2286.6
2288.5
2288.9
2291.1
2291.8
2304.7
2384.3
2384.3
2384.3
2384.3
2384.3
2384.3
2384.3
2384.3
2384.3
2384.3
2384.3
2384.3
2384.3
2384.3
2384.3
2384.3
2384.3
2384.3
2384.3
2384.3
2384.3
2384.3
2384.3
2384.3
2384.3
2384.3
2384.3
2384.3
2384.3
2384.3
2384.3
2384.3
2384.3
2384.3
2384.3
2384.3
2384.3
2384.3
2384.4
2384.4
2384.4
2384.4
2384.4
2384.4
2384.4
2384.4
2384.4
2384.4
2384.4
2384.4
2384.4
2384.4
2384.4
2384.4
2384.4
2384.4
2384.4
2384.4
2384.4
2384.4
2384.4
2384.4
2384.4
2384.4
2384.4
2384.4
2384.4
2384.5
2384.5
2384.5
2384.5
2384.5
2384.5
2384.5
2384.6
2384.6
2384.7
2384.7
2384.7
2384.7
2384.7
2384.8
2384.8
2384.8
2384.8
2384.9
2385.0
2385.1
2385.1
2385.3
2385.4
2385.4
2385.6
2385.6
2385.7
2385.9
2386.0
2386.0
2386.0
2386.1
2388.4
2388.4
2388.4
2388.4
2388.4
2388.4
2388.4
2388.4
2388.4
2388.4
2388.4
2388.4
2388.4
2388.4
2388.4
2388.4
2388.4
2388.4
2388.5
2388.5
2388.5
2388.5
2388.5
2388.5
2388.5
2388.5
2388.5
2388.5
2388.5
2388.5
2388.5
2388.5
2388.5
2388.5
2388.5
2388.5
2388.5
2388.5
2388.5
2388.5
2388.5
2388.5
2388.5
2388.5
2388.5
2388.5
2388.5
2388.5
2388.5
2388.5
2388.5
2388.5
2388.5
2388.5
2388.5
2388.5
2388.5
2388.5
2388.5
2388.5
2388.5
2388.5
2388.5
2388.5
2388.5
2388.5
2388.5
2388.5
2388.5
2388.5
2388.6
2388.6
2388.6
2388.9
2388.9
2388.9
2389.0
2389.0
2389.1
2389.1
2389.2
2389.3
2389.3
2389.3
2389.5
2389.6
2389.8
2389.9
2390.1
2390.4
2390.6
2390.7
2391.2
2391.3
2391.7
2391.8
2391.9
2392.1
2392.1
2392.2
2392.2
2392.2
2392.2
2392.3
2392.3
2392.3
2392.3
2392.3
2392.3
2392.3
2392.3
2392.3
2392.3
2392.3
2392.3
2392.3
2392.3
2392.3
2392.3
2392.3
2392.3
2392.3
2392.3
2392.4
2392.4
2392.4
2392.4
2392.4
2392.4
2392.4
2392.4
2392.4
2392.4
2392.4
2392.4
2392.4
2392.4
2392.4
2392.4
2392.5
2392.5
2392.5
2392.5
2392.5
2392.5
2392.5
2392.5
2392.5
2392.5
2392.5
2392.5
2392.5
2392.5
2392.6
2392.6
2392.6
2392.6
2392.6
2392.6
2392.7
2392.7
2392.7
2392.7
2392.7
2392.8
2392.8
2392.8
2392.8
2392.8
2392.9
2392.9
2392.9
2392.9
2393.1
2393.1
2393.4
2393.4
2393.5
2393.6
2393.6
2393.7
2393.7
2393.7
2393.8
2394.1
2394.4
2394.6
2394.8
2395.4
2395.6
2395.8
2396.0
2396.5
2396.5
2396.5
2396.6
2396.7
2396.7
2396.7
2396.7
2396.7
2396.7
2396.8
2396.8
2396.8
2396.8
2396.8
2396.8
2396.8
2396.9
2396.9
2396.9
2396.9
2396.9
2396.9
2396.9
2396.9
2396.9
2397.0
2397.0
2397.0
2397.0
2397.0
2397.0
2397.1
2397.1
2397.1
2397.1
2397.1
2397.1
2397.1
2397.2
2397.2
2397.2
2397.2
2397.2
2397.2
2397.3
2397.3
2397.3
2397.3
2397.3
2397.4
2397.4
2397.4
2397.4
2397.5
2397.5
2397.5
2397.5
2397.5
2397.5
2397.6
2397.6
2397.6
2397.7
2397.7
2397.8
2397.8
2397.9
2397.9
2398.0
2398.0
2398.1
2398.1
2398.2
2398.3
2398.3
2398.3
2398.4
2398.4
2398.5
2398.7
2398.9
2399.0
2399.3
2399.3
2399.4
2399.6
2399.6
2399.6
2399.7
2399.7
2400.2
2400.2
2401.3
2401.8
2402.4
2403.3
2403.5
2403.5
2403.6
2403.6
2404.0
2404.0
2404.0
2404.1
2404.1
2404.1
2404.1
2404.1
2404.2
2404.3
2404.5
2404.5
2404.6
2404.6
2404.6
2404.6
2404.7
2404.7
2404.8
2404.8
2404.8
2404.8
2404.9
2404.9
2404.9
2405.0
2405.0
2405.2
2405.3
2405.3
2405.3
2405.3
2405.3
2405.4
2405.4
2405.5
2405.5
2405.5
2405.6
2405.6
2405.7
2405.7
2405.7
2405.8
2405.9
2406.0
2406.1
2406.1
2406.1
2406.2
2406.2
2406.3
2406.4
2406.5
2406.6
2406.9
2407.3
2407.3
2407.3
2407.4
2407.4
2407.4
2407.9
2408.0
2408.1
2408.2
2409.0
2409.1
2409.2
2409.2
2409.9
2410.2
2410.4
2410.4
2411.2
2411.3
2412.0
2412.1
2412.7
2412.8
2413.1
2413.2
2413.6
2413.7
2414.1
2415.5
2416.3
2416.7
2418.2
2551.2
2551.2
2551.2
2551.2
2551.2
2551.2
2551.2
2551.2
2551.2
2551.2
2551.2
2551.2
2551.2
2551.2
2551.2
2551.2
2551.2
2551.2
2551.2
2551.2
2551.2
2551.2
2551.2
2551.2
2551.2
2551.2
2551.2
2551.2
2551.2
2551.2
2551.2
2551.2
2551.2
2551.2
2551.2
2551.2
2551.2
2551.2
2551.2
2551.2
2551.2
2551.2
2551.2
2551.2
2551.2
2551.2
2551.2
2551.2
2551.2
2551.2
2551.2
2551.2
2551.2
2551.2
2551.2
2551.3
2551.3
2551.3
2551.3
2551.3
2551.3
2551.3
2551.3
2551.3
2551.3
2551.3
2551.3
2551.3
2551.3
2551.3
2551.3
2551.3
2551.3
2551.3
2551.3
2551.4
2551.4
2551.4
2551.4
2551.5
2551.5
2551.5
2551.5
2551.6
2551.6
2551.6
2551.6
2551.6
2551.7
2551.7
2551.7
2551.7
2551.8
2551.8
2551.9
2552.0
2552.0
2552.0
2552.0
2552.1
2555.7
2555.7
2555.7
2555.7
2555.7
2555.7
2555.7
2555.7
2555.7
2555.7
2555.7
2555.7
2555.7
2555.7
2555.7
2555.7
2555.7
2555.7
2555.7
2555.7
2555.7
2555.7
2555.7
2555.7
2555.7
2555.7
2555.7
2555.7
2555.7
2555.7
2555.7
2555.7
2555.7
2555.7
2555.7
2555.7
2555.8
2555.8
2555.8
2555.8
2555.8
2555.8
2555.8
2555.8
2555.8
2555.8
2555.8
2555.8
2555.8
2555.8
2555.8
2555.8
2555.8
2555.8
2555.8
2555.8
2555.8
2555.8
2555.8
2555.8
2555.8
2555.8
2555.8
2555.8
2555.8
2555.9
2555.9
2555.9
2555.9
2555.9
2555.9
2556.0
2556.0
2556.1
2556.1
2556.2
2556.3
2556.3
2556.4
2556.5
2556.5
2556.7
2556.7
2556.8
2557.0
2557.0
2557.0
2557.0
2557.3
2557.4
2557.4
2557.5
2557.8
2557.8
2558.1
2558.1
2558.2
2558.3
2558.4
2558.4
2559.3
2559.4
2559.4
2559.4
2559.4
2559.4
2559.4
2559.5
2559.5
2559.5
2559.5
2559.5
2559.5
2559.5
2559.5
2559.5
2559.5
2559.5
2559.5
2559.5
2559.5
2559.6
2559.6
2559.6
2559.6
2559.6
2559.6
2559.6
2559.6
2559.6
2559.7
2559.7
2559.7
2559.7
2559.7
2559.7
2559.7
2559.7
2559.7
2559.7
2559.7
2559.7
2559.7
2559.7
2559.7
2559.7
2559.8
2559.8
2559.8
2559.8
2559.8
2559.8
2559.9
2559.9
2559.9
2559.9
2559.9
2559.9
2559.9
2559.9
2559.9
2560.0
2560.0
2560.1
2560.1
2560.2
2560.2
2560.2
2560.3
2560.3
2560.3
2560.4
2560.5
2560.5
2560.6
2560.8
2560.9
2561.3
2561.4
2561.4
2561.4
2561.6
2561.6
2561.7
2562.1
2562.4
2562.5
2562.6
2562.9
2563.5
2563.6
2563.8
2564.3
2564.3
2564.3
2564.4
2564.5
2564.5
2564.5
2564.5
2564.6
2564.6
2564.6
2564.6
2564.6
2564.6
2564.6
2564.7
2564.7
2564.7
2564.8
2564.8
2564.8
2564.8
2564.8
2564.8
2564.8
2564.8
2564.9
2564.9
2564.9
2564.9
2565.0
2565.0
2565.0
2565.0
2565.0
2565.0
2565.1
2565.1
2565.1
2565.1
2565.2
2565.2
2565.2
2565.2
2565.2
2565.3
2565.3
2565.3
2565.3
2565.3
2565.3
2565.4
2565.4
2565.4
2565.5
2565.5
2565.6
2565.6
2565.6
2565.6
2565.6
2565.7
2565.7
2565.8
2565.8
2565.8
2565.9
2565.9
2566.0
2566.0
2566.2
2566.4
2566.4
2566.4
2566.5
2566.6
2566.6
2566.8
2567.0
2567.0
2567.0
2567.2
2567.3
2567.8
2567.9
2568.6
2568.8
2568.8
2569.0
2569.0
2569.0
2569.7
2570.0
2571.4
2571.9
2572.7
2573.1
2574.0
2574.6
2574.8
2575.1
2575.1
2575.4
2575.5
2575.9
2576.0
2576.2
2576.2
2576.2
2576.5
2576.5
2576.5
2576.6
2576.6
2576.6
2576.6
2576.8
2576.8
2577.0
2577.0
2577.1
2577.3
2577.6
2577.6
2578.0
2578.2
2578.3
2578.3
2578.4
2578.7
2578.7
2578.9
2579.0
2579.1
2579.3
2579.4
2579.5
2579.5
2579.6
2579.6
2579.7
2579.8
2579.9
2580.2
2580.5
2580.6
2580.6
2580.8
2580.9
2581.2
2581.3
2581.6
2581.8
2581.8
2582.1
2582.3
2582.6
2582.8
2583.1
2583.2
2583.3
2583.3
2585.8
2586.2
2587.3
2587.6
2590.1
2590.4
2590.8
2591.1
2594.2
2596.1
2597.7
2599.6
2600.3
2600.6
2603.5
2603.8
2603.9
2603.9
2604.0
2604.1
2604.1
2604.1
2604.1
2604.2
2604.2
2604.2
2604.2
2604.2
2604.2
2604.2
2604.2
2604.2
2604.2
2604.2
2604.2
2604.2
2604.2
2604.2
2604.2
2604.2
2604.2
2604.2
2604.2
2604.2
2604.2
2604.2
2604.3
2604.3
2604.3
2604.3
2604.3
2604.3
2604.3
2604.3
2604.3
2604.3
2604.3
2604.3
2604.3
2604.3
2604.3
2604.3
2604.3
2604.3
2604.3
2604.3
2604.3
2604.3
2604.3
2604.3
2604.3
2604.3
2604.3
2604.4
2604.4
2604.4
2604.4
2604.4
2604.4
2604.4
2604.4
2604.4
2604.4
2604.4
2604.4
2604.4
2604.4
2604.4
2604.4
2604.5
2604.5
2604.5
2604.5
2604.5
2604.5
2604.6
2604.6
2604.6
2604.7
2604.8
2604.8
2604.8
2604.9
2604.9
2604.9
2605.1
2605.1
2605.1
2605.2
2605.3
2605.3
2605.5
2605.5
2605.8
2610.4
2610.8
2611.0
2611.5
2611.7
2611.9
2611.9
2611.9
2612.0
2612.0
2612.0
2612.0
2612.2
2612.2
2612.2
2612.2
2612.2
2612.2
2612.2
2612.2
2612.3
2612.3
2612.3
2612.3
2612.3
2612.3
2612.3
2612.3
2612.3
2612.4
2612.4
2612.4
2612.4
2612.4
2612.4
2612.4
2612.5
2612.5
2612.5
2612.5
2612.5
2612.5
2612.6
2612.6
2612.6
2612.6
2612.7
2612.7
2612.7
2612.7
2612.7
2612.7
2612.8
2612.9
2612.9
2613.0
2613.0
2613.0
2613.1
2613.1
2613.1
2613.1
2613.2
2613.2
2613.2
2613.2
2613.2
2613.2
2613.3
2613.3
2613.5
2613.5
2613.6
2613.8
2613.8
2613.9
2614.1
2614.1
2614.1
2614.4
2614.5
2614.5
2615.4
2615.8
2615.9
2616.0
2616.5
2617.3
2618.4
2618.4
2619.7
2623.0
2623.7
2624.6
2625.2
2625.8
2633.3
2647.9
2720.4
2720.5
2720.5
2720.5
2720.5
2720.5
2720.5
2720.5
2720.5
2720.5
2720.5
2720.5
2720.5
2720.5
2720.5
2720.5
2720.5
2720.5
2720.5
2720.5
2720.5
2720.5
2720.5
2720.5
2720.5
2720.5
2720.5
2720.5
2720.5
2720.5
2720.5
2720.5
2720.5
2720.5
2720.5
2720.5
2720.5
2720.5
2720.5
2720.5
2720.5
2720.5
2720.5
2720.5
2720.5
2720.5
2720.5
2720.5
2720.5
2720.5
2720.5
2720.5
2720.5
2720.6
2720.6
2720.6
2720.6
2720.6
2720.6
2720.6
2720.6
2720.6
2720.6
2720.6
2720.6
2720.6
2720.6
2720.6
2720.7
2720.7
2720.7
2720.7
2720.7
2720.7
2720.8
2720.8
2720.9
2720.9
2720.9
2720.9
2720.9
2720.9
2720.9
2721.0
2721.0
2721.0
2721.2
2721.2
2721.3
2721.5
2721.5
2721.6
2721.8
2721.8
2721.8
2722.0
2722.1
2722.1
2722.1
2722.2
2724.7
2724.7
2724.7
2724.7
2724.7
2724.7
2724.7
2724.7
2724.7
2724.7
2724.7
2724.7
2724.7
2724.7
2724.7
2724.7
2724.7
2724.7
2724.7
2724.7
2724.7
2724.7
2724.7
2724.7
2724.7
2724.7
2724.7
2724.7
2724.7
2724.7
2724.7
2724.7
2724.7
2724.7
2724.7
2724.7
2724.7
2724.7
2724.7
2724.7
2724.7
2724.7
2724.7
2724.7
2724.7
2724.7
2724.7
2724.7
2724.7
2724.8
2724.8
2724.8
2724.8
2724.8
2724.8
2724.8
2724.8
2724.8
2724.8
2724.8
2724.8
2724.8
2724.8
2724.8
2724.8
2724.8
2724.8
2724.8
2724.8
2724.8
2724.8
2724.8
2724.9
2725.1
2725.1
2725.1
2725.2
2725.2
2725.2
2725.2
2725.4
2725.4
2725.5
2725.5
2725.7
2725.7
2725.9
2726.0
2726.2
2726.4
2726.6
2726.7
2727.2
2727.2
2727.8
2727.8
2727.9
2728.0
2728.1
2728.2
2728.5
2728.5
2728.5
2728.5
2728.6
2728.6
2728.6
2728.6
2728.6
2728.6
2728.6
2728.6
2728.6
2728.6
2728.6
2728.6
2728.6
2728.6
2728.6
2728.6
2728.6
2728.6
2728.6
2728.6
2728.6
2728.7
2728.7
2728.7
2728.7
2728.7
2728.7
2728.7
2728.7
2728.7
2728.7
2728.7
2728.7
2728.7
2728.7
2728.8
2728.8
2728.8
2728.8
2728.8
2728.8
2728.8
2728.8
2728.8
2728.8
2728.8
2728.8
2728.8
2728.9
2728.9
2728.9
2728.9
2728.9
2728.9
2728.9
2728.9
2729.0
2729.0
2729.0
2729.0
2729.0
2729.1
2729.1
2729.1
2729.1
2729.2
2729.2
2729.2
2729.2
2729.3
2729.3
2729.6
2729.6
2729.8
2729.8
2729.9
2729.9
2729.9
2730.0
2730.0
2730.3
2730.6
2730.6
2730.8
2731.4
2731.7
2731.7
2731.9
2732.8
2732.8
2732.9
2732.9
2733.0
2733.0
2733.0
2733.0
2733.0
2733.0
2733.0
2733.0
2733.1
2733.1
2733.1
2733.1
2733.1
2733.1
2733.2
2733.2
2733.2
2733.2
2733.2
2733.2
2733.3
2733.3
2733.3
2733.3
2733.3
2733.3
2733.3
2733.3
2733.3
2733.3
2733.4
2733.4
2733.4
2733.4
2733.5
2733.5
2733.5
2733.5
2733.5
2733.5
2733.5
2733.6
2733.6
2733.6
2733.6
2733.7
2733.7
2733.7
2733.7
2733.7
2733.8
2733.8
2733.8
2733.8
2733.8
2733.8
2733.8
2733.9
2733.9
2733.9
2734.0
2734.0
2734.1
2734.1
2734.1
2734.1
2734.2
2734.3
2734.4
2734.4
2734.4
2734.5
2734.7
2734.7
2734.8
2734.8
2735.0
2735.0
2735.2
2735.2
2735.5
2735.5
2735.7
2735.8
2735.8
2735.9
2736.0
2736.4
2736.4
2737.1
2737.9
2738.2
2739.2
2739.6
2739.9
2739.9
2740.0
2740.0
2740.4
2740.4
2740.4
2740.5
2740.5
2740.5
2740.5
2740.5
2740.5
2740.5
2740.7
2740.7
2740.8
2740.8
2740.9
2741.0
2741.0
2741.1
2741.2
2741.2
2741.2
2741.2
2741.3
2741.3
2741.3
2741.4
2741.4
2741.6
2741.7
2741.7
2741.7
2741.7
2741.8
2741.9
2741.9
2741.9
2741.9
2741.9
2741.9
2742.0
2742.1
2742.1
2742.2
2742.3
2742.4
2742.4
2742.4
2742.4
2742.6
2742.7
2742.7
2742.9
2743.0
2743.1
2743.3
2743.5
2743.7
2743.8
2743.8
2743.9
2743.9
2744.2
2744.2
2744.3
2744.6
2744.7
2745.0
2745.3
2745.4
2745.4
2745.5
2745.7
2746.0
2746.7
2747.3
2748.5
2748.5
2748.6
2748.9
2748.9
2749.2
2749.4
2749.4
2749.5
2749.5
2749.6
2752.9
2753.8
2762.5
2887.5
2887.5
2887.5
2887.5
2887.5
2887.5
2887.5
2887.5
2887.5
2887.5
2887.5
2887.5
2887.5
2887.5
2887.5
2887.5
2887.5
2887.5
2887.5
2887.5
2887.5
2887.5
2887.5
2887.5
2887.5
2887.5
2887.5
2887.5
2887.5
2887.5
2887.5
2887.5
2887.5
2887.5
2887.5
2887.5
2887.5
2887.5
2887.5
2887.5
2887.5
2887.5
2887.5
2887.5
2887.5
2887.5
2887.5
2887.5
2887.5
2887.5
2887.5
2887.5
2887.5
2887.5
2887.5
2887.5
2887.5
2887.6
2887.6
2887.6
2887.6
2887.6
2887.6
2887.6
2887.6
2887.6
2887.6
2887.6
2887.6
2887.6
2887.6
2887.6
2887.6
2887.6
2887.6
2887.7
2887.7
2887.7
2887.7
2887.8
2887.8
2887.8
2887.9
2887.9
2887.9
2887.9
2887.9
2888.0
2888.0
2888.0
2888.1
2888.1
2888.2
2888.2
2888.3
2888.3
2888.3
2888.4
2888.4
2888.4
2892.0
2892.0
2892.0
2892.0
2892.0
2892.0
2892.0
2892.0
2892.0
2892.0
2892.0
2892.0
2892.0
2892.0
2892.0
2892.0
2892.0
2892.0
2892.0
2892.0
2892.0
2892.0
2892.0
2892.0
2892.0
2892.1
2892.1
2892.1
2892.1
2892.1
2892.1
2892.1
2892.1
2892.1
2892.1
2892.1
2892.1
2892.1
2892.1
2892.1
2892.1
2892.1
2892.1
2892.1
2892.1
2892.1
2892.1
2892.1
2892.1
2892.1
2892.1
2892.1
2892.1
2892.1
2892.1
2892.1
2892.1
2892.1
2892.1
2892.1
2892.1
2892.2
2892.2
2892.2
2892.2
2892.2
2892.2
2892.2
2892.2
2892.2
2892.2
2892.3
2892.3
2892.5
2892.5
2892.5
2892.6
2892.6
2892.8
2892.8
2892.9
2893.0
2893.1
2893.2
2893.3
2893.4
2893.4
2893.4
2893.7
2893.8
2893.9
2893.9
2894.2
2894.3
2894.6
2894.6
2894.6
2894.8
2894.8
2894.9
2895.6
2895.7
2895.7
2895.7
2895.7
2895.7
2895.7
2895.8
2895.8
2895.8
2895.8
2895.8
2895.8
2895.8
2895.8
2895.8
2895.8
2895.8
2895.8
2895.8
2895.8
2895.8
2895.9
2895.9
2895.9
2895.9
2895.9
2895.9
2895.9
2895.9
2896.0
2896.0
2896.0
2896.0
2896.0
2896.0
2896.0
2896.0
2896.0
2896.0
2896.0
2896.0
2896.0
2896.0
2896.0
2896.0
2896.1
2896.1
2896.1
2896.1
2896.1
2896.1
2896.2
2896.2
2896.2
2896.2
2896.2
2896.2
2896.2
2896.2
2896.2
2896.3
2896.3
2896.4
2896.5
2896.5
2896.5
2896.5
2896.6
2896.6
2896.6
2896.7
2896.8
2896.8
2896.9
2897.1
2897.2
2897.7
2897.7
2897.7
2897.8
2897.9
2897.9
2898.1
2898.4
2898.8
2898.9
2898.9
2899.3
2899.8
2899.9
2900.1
2900.5
2900.5
2900.5
2900.6
2900.6
2900.7
2900.7
2900.8
2900.8
2900.8
2900.8
2900.8
2900.9
2900.9
2900.9
2900.9
2900.9
2900.9
2901.0
2901.0
2901.0
2901.0
2901.0
2901.0
2901.0
2901.0
2901.1
2901.1
2901.1
2901.1
2901.1
2901.1
2901.1
2901.2
2901.2
2901.2
2901.3
2901.3
2901.3
2901.3
2901.4
2901.4
2901.4
2901.4
2901.4
2901.4
2901.5
2901.5
2901.5
2901.5
2901.6
2901.6
2901.6
2901.7
2901.7
2901.7
2901.7
2901.7
2901.8
2901.8
2901.8
2901.8
2901.9
2902.0
2902.0
2902.0
2902.0
2902.1
2902.1
2902.2
2902.3
2902.5
2902.6
2902.6
2902.7
2902.8
2903.0
2903.0
2903.2
2903.2
2903.2
2903.3
2903.4
2904.0
2904.0
2904.7
2905.0
2905.1
2905.1
2905.1
2905.2
2905.9
2906.0
2907.5
2908.3
2908.8
2909.0
2909.7
2910.3
2910.6
2910.6
2910.9
2910.9
2911.2
2911.5
2911.5
2911.5
2911.6
2911.6
2911.7
2911.7
2911.8
2911.8
2911.9
2911.9
2911.9
2912.0
2912.2
2912.2
2912.3
2912.5
2912.8
2912.9
2912.9
2913.1
2913.1
2913.1
2913.2
2913.3
2913.6
2913.6
2913.7
2913.7
2913.9
2913.9
2914.0
2914.0
2914.1
2914.3
2914.4
2914.5
2914.7
2914.9
2915.2
2915.2
2915.3
2915.4
2915.5
2915.5
2915.6
2915.7
2915.8
2915.9
2915.9
2916.3
2916.3
2916.4
2916.5
2916.7
2917.0
2918.2
2918.3
2918.7
2919.5
2919.5
2920.6
2920.7
2920.7
2921.5
2922.3
2922.8
2923.3
2923.7
2924.2
2924.8
2924.8
2926.0
2927.2
2933.6
2936.7
2939.2
2939.3
2939.5
2939.5
2939.6
2939.6
2939.7
2939.8
2939.8
2939.8
2939.8
2939.8
2939.8
2939.8
2939.8
2939.8
2939.8
2939.8
2939.8
2939.8
2939.8
2939.8
2939.8
2939.8
2939.8
2939.8
2939.8
2939.8
2939.8
2939.8
2939.8
2939.8
2939.8
2939.8
2939.8
2939.8
2939.8
2939.8
2939.9
2939.9
2939.9
2939.9
2939.9
2939.9
2939.9
2939.9
2939.9
2939.9
2939.9
2939.9
2939.9
2939.9
2939.9
2939.9
2939.9
2939.9
2939.9
2939.9
2939.9
2939.9
2939.9
2939.9
2939.9
2939.9
2939.9
2939.9
2939.9
2940.0
2940.0
2940.0
2940.0
2940.0
2940.0
2940.0
2940.0
2940.0
2940.0
2940.0
2940.0
2940.0
2940.0
2940.0
2940.1
2940.1
2940.2
2940.2
2940.2
2940.3
2940.3
2940.3
2940.4
2940.5
2940.6
2940.7
2940.7
2940.9
2941.0
2941.1
2941.4
2941.5
2946.4
2947.3
2947.4
2947.4
2947.4
2947.4
2947.5
2947.5
2947.5
2947.6
2947.7
2947.7
2947.7
2947.7
2947.7
2947.8
2947.8
2947.8
2947.8
2947.8
2947.8
2947.8
2947.8
2947.9
2947.9
2947.9
2947.9
2947.9
2947.9
2947.9
2947.9
2947.9
2947.9
2948.0
2948.0
2948.0
2948.0
2948.0
2948.0
2948.1
2948.1
2948.1
2948.1
2948.1
2948.1
2948.2
2948.2
2948.2
2948.3
2948.3
2948.3
2948.3
2948.4
2948.4
2948.5
2948.5
2948.5
2948.5
2948.5
2948.6
2948.6
2948.6
2948.7
2948.7
2948.7
2948.7
2948.7
2948.8
2948.8
2948.8
2948.9
2948.9
2949.0
2949.0
2949.1
2949.1
2949.1
2949.2
2949.3
2949.6
2949.7
2950.5
2950.9
2951.1
2951.4
2951.4
2951.8
2952.8
2953.2
2953.6
2954.9
2957.4
2958.0
2958.0
2958.9
2959.5
2965.1
2976.3
