690
726
557
575
735
546
636
707
555
610
623
641
702
511
513
534
614
621
625
706
781
472
512
533
567
605
715
743
496
521
565
568
573
607
674
682
683
703
725
761
400
444
455
463
483
494
510
515
541
550
562
593
603
630
651
684
714
720
721
335
447
451
470
480
493
517
531
540
543
549
563
587
604
611
620
640
646
647
699
700
712
738
741
746
770
773
379
433
448
452
465
489
491
501
506
520
524
548
556
574
594
596
598
606
612
617
642
693
705
717
723
751
755
759
332
369
426
429
445
457
466
469
473
492
503
522
523
535
539
559
570
576
582
586
632
652
660
685
687
692
704
716
728
737
777
331
435
453
460
479
495
514
519
532
537
542
551
553
566
600
601
639
650
662
664
679
696
719
724
729
731
742
745
748
764
784
325
347
405
425
430
434
438
474
475
481
509
552
583
584
591
595
615
618
619
627
628
631
649
659
673
676
680
711
736
749
754
769
785
297
316
318
350
360
384
391
401
406
442
450
458
464
485
499
518
526
528
538
571
578
579
589
590
626
629
645
655
665
669
681
686
718
732
739
780
794
805
812
266
289
334
337
343
345
354
361
380
399
412
413
414
428
432
478
498
507
525
544
577
597
637
643
654
657
663
668
670
678
701
762
779
249
295
304
344
349
352
381
388
393
402
408
415
443
446
467
471
490
497
500
504
554
608
671
675
691
713
730
757
798
261
310
315
320
358
367
372
373
374
376
389
424
436
456
477
486
561
581
616
644
661
667
722
740
750
758
765
766
771
789
814
277
308
338
365
370
371
378
385
390
418
437
461
462
487
502
508
529
558
569
580
585
588
609
613
622
624
672
768
776
786
790
793
801
264
298
299
311
319
323
333
368
394
398
417
449
530
592
658
708
744
778
788
792
796
803
811
248
281
364
377
410
411
431
454
459
484
505
634
688
697
747
752
775
221
245
255
256
258
259
269
284
287
294
313
317
346
351
355
362
382
395
396
421
476
572
599
656
689
709
710
782
787
791
799
243
246
254
263
265
268
285
300
303
306
327
366
383
387
392
407
409
419
440
516
527
635
638
677
698
800
807
222
238
275
276
280
288
307
312
326
328
329
341
375
386
439
564
602
633
666
694
767
783
795
802
806
191
227
234
270
273
290
292
309
322
342
397
403
420
422
560
756
772
810
817
197
205
219
223
241
267
282
291
321
404
427
441
547
653
760
774
216
218
224
231
237
271
278
283
305
353
359
416
545
818
822
825
194
240
252
286
293
324
348
356
363
468
482
536
815
816
846
187
200
215
247
296
301
330
733
813
834
214
217
229
232
244
251
339
340
357
804
828
209
236
253
336
423
488
819
844
174
202
220
250
272
274
695
753
809
820
843
183
193
198
204
230
827
832
168
186
199
207
210
212
239
734
824
837
849
856
162
189
196
203
208
257
279
727
808
829
853
170
178
179
184
211
225
228
302
763
831
838
850
860
188
190
192
226
648
833
842
852
164
176
181
235
163
185
195
826
836
863
206
213
242
260
153
158
160
165
177
233
262
797
823
830
839
858
173
175
182
841
851
855
201
821
861
167
169
171
840
877
180
845
152
314
854
161
166
130
135
137
147
159
835
867
868
870
134
140
154
150
848
857
124
155
156
847
865
871
132
136
864
873
139
148
149
157
862
876
146
151
172
142
144
126
859
866
141
869
872
879
117
120
878
881
884
138
875
890
109
129
883
122
127
118
131
145
116
119
128
897
107
889
125
880
114
882
105
121
133
891
106
123
874
886
108
96
893
901
115
143
887
888
101
112
892
899
110
885
113
97
894
898
87
102
103
896
100
903
99
91
111
914
86
93
98
77
904
104
95
89
910
76
81
83
84
88
906
912
895
82
90
900
902
92
80
915
917
94
927
913
79
85
907
923
922
919
70
916
925
921
75
930
65
920
67
72
911
926
62
936
78
63
928
908
945
69
918
71
934
68
905
952
61
66
943
73
949
937
924
74
59
55
941
939
64
940
938
909
58
932
60
931
933
53
944
57
929
50
54
946
51
45
958
935
49
52
46
56
957
48
955
40
43
950
965
38
36
942
956
44
690
546
555
557
575
511
512
513
400
455
472
534
636
707
726
335
444
483
494
496
510
515
533
610
621
623
625
641
735
379
433
447
448
451
463
465
470
480
493
521
562
565
567
573
605
614
702
706
426
429
452
457
466
469
489
541
543
549
550
568
607
715
331
332
369
405
425
434
435
438
445
475
491
501
506
517
520
522
523
524
531
540
548
563
593
603
630
674
682
703
720
725
743
325
401
430
432
450
453
460
473
474
479
481
492
514
537
556
574
576
586
587
594
596
598
604
606
611
617
620
640
651
683
684
781
289
318
347
350
360
406
412
413
428
442
458
495
503
519
532
535
539
551
559
570
582
612
642
646
647
700
714
761
297
316
334
337
343
345
354
361
380
384
391
393
399
408
414
446
464
478
485
499
500
509
518
526
538
542
552
553
583
660
693
699
712
716
717
721
723
738
741
266
295
304
315
344
349
352
358
372
374
376
381
388
389
402
424
436
443
456
467
471
498
507
528
566
579
591
595
600
601
632
639
652
662
673
685
692
705
746
751
755
759
770
773
249
261
308
310
320
323
338
367
370
371
373
390
415
461
462
477
487
490
497
504
525
544
571
584
589
615
618
626
627
645
649
650
664
669
679
680
686
687
704
719
728
298
299
311
365
368
378
385
398
418
437
486
502
508
577
578
581
590
597
619
628
629
631
659
670
676
696
711
724
729
731
737
742
745
764
777
784
277
281
319
333
355
377
394
396
410
417
459
554
561
608
637
654
655
663
665
668
675
678
681
718
748
749
754
264
268
313
317
327
346
362
364
383
411
431
449
454
484
529
558
569
643
657
661
667
671
732
736
739
255
258
259
284
285
287
294
300
303
306
341
351
366
375
382
387
392
395
407
421
440
476
505
530
580
585
588
609
616
622
624
644
691
701
713
722
730
757
769
780
245
254
256
263
265
269
280
288
326
328
386
403
409
419
572
613
740
750
762
779
785
238
243
246
248
275
276
290
292
307
309
312
322
329
342
397
420
516
592
634
672
688
794
798
805
812
221
270
273
291
321
353
404
416
422
427
439
441
527
564
635
638
658
689
697
708
752
758
765
766
768
771
776
222
227
234
267
278
282
305
359
363
482
560
599
656
677
744
778
786
790
793
252
271
293
301
324
348
356
468
602
666
698
709
710
747
788
789
792
801
803
814
191
219
224
237
241
247
283
330
340
357
536
545
547
633
775
796
197
205
223
231
286
296
339
653
694
767
787
811
194
216
218
240
244
251
336
423
756
800
232
236
272
488
782
783
795
799
807
200
215
217
229
250
253
760
791
802
214
220
274
772
774
806
187
209
279
302
733
202
204
239
257
695
810
817
822
198
207
230
753
183
186
211
212
225
228
734
815
816
818
168
174
193
196
199
203
208
210
226
260
727
804
813
825
189
235
262
648
846
184
192
242
809
819
828
178
179
190
820
834
162
170
185
195
213
176
181
188
763
808
829
844
206
314
824
827
832
163
164
233
837
838
843
165
177
849
201
831
833
175
856
860
173
182
823
850
853
153
158
160
797
836
842
852
171
826
830
180
167
169
821
839
863
166
855
840
152
841
851
858
147
845
861
161
835
877
154
854
135
140
159
130
134
137
150
155
172
870
857
156
848
868
862
867
124
136
139
847
865
146
148
151
149
157
132
142
871
144
859
864
873
866
126
876
141
869
120
875
138
879
881
872
884
122
129
131
878
883
890
118
117
128
127
145
874
880
891
133
889
897
107
109
119
125
143
886
116
882
901
121
888
123
114
899
893
112
885
892
105
894
898
887
106
101
113
115
108
110
96
87
97
903
111
904
103
896
102
912
895
902
100
900
914
99
93
910
104
906
91
915
77
95
98
89
88
86
90
76
913
923
81
917
84
927
907
79
85
916
922
82
80
690
557
575
593
636
641
647
707
726
735
546
555
565
567
586
596
605
607
610
614
617
621
623
625
630
640
642
646
651
652
674
682
702
703
706
714
715
720
721
737
741
743
781
513
515
533
534
541
548
549
550
562
563
568
573
574
582
584
587
591
594
598
600
601
603
604
606
611
612
618
620
629
632
637
650
659
662
665
676
679
680
683
684
699
700
705
712
716
717
719
725
738
746
759
761
472
496
511
512
520
521
531
535
537
539
540
543
551
552
553
556
559
561
566
571
576
579
581
583
589
590
595
597
609
613
615
619
626
628
631
639
643
644
645
649
654
655
660
661
663
664
669
670
671
673
685
686
687
692
693
696
711
723
724
731
732
736
742
745
748
749
751
754
755
770
777
784
483
489
491
494
503
506
510
514
517
518
519
523
524
528
532
538
542
544
554
558
569
570
578
585
588
599
602
608
616
624
627
634
657
658
667
668
675
678
681
691
701
704
708
713
718
722
728
729
730
739
740
747
750
757
758
762
769
773
400
444
455
463
466
470
480
492
493
495
499
500
501
504
509
522
526
529
572
577
580
592
622
633
635
638
653
656
666
672
677
688
689
697
709
710
744
764
768
778
779
780
788
793
798
426
433
434
447
448
451
452
457
458
464
465
469
473
474
475
479
481
486
497
498
502
507
508
525
527
530
547
560
564
694
698
752
760
765
766
771
775
776
785
786
787
789
794
805
406
413
414
425
428
429
430
435
442
445
446
450
453
460
461
471
477
478
485
487
490
505
516
536
545
727
733
734
753
756
767
772
774
790
792
795
799
803
812
331
332
335
347
360
369
379
399
401
402
405
408
411
412
415
418
424
432
437
438
439
449
456
459
462
467
476
484
648
695
782
783
791
800
801
318
325
334
337
344
345
350
352
354
358
361
365
367
368
370
371
374
376
380
381
383
384
385
387
388
389
391
394
398
410
417
421
422
431
436
440
443
454
796
802
811
814
289
295
297
304
315
316
320
338
343
349
351
355
362
364
366
372
373
375
377
378
382
390
392
393
395
396
397
403
407
409
416
419
420
427
441
468
482
488
763
806
261
266
277
281
285
298
299
306
308
310
311
317
319
323
327
333
341
346
386
404
807
815
249
255
258
259
264
275
280
284
287
288
294
300
303
305
307
309
312
313
322
326
328
329
340
342
348
353
356
359
363
423
804
808
817
818
824
825
221
245
248
254
256
263
265
268
269
270
276
278
282
283
290
291
292
321
330
336
339
357
809
810
819
820
828
219
222
234
237
238
243
246
267
271
273
286
293
296
301
324
816
829
833
837
227
241
247
250
252
253
272
279
302
797
813
822
823
827
832
197
205
231
236
240
244
251
260
274
830
834
191
194
200
215
216
218
220
223
224
228
229
230
232
239
257
314
838
196
198
209
212
214
217
225
226
262
831
839
846
186
187
199
202
233
242
826
836
844
192
193
195
203
204
207
210
211
213
235
821
840
168
174
179
183
184
189
190
208
835
841
842
843
849
850
170
176
178
181
188
201
206
845
853
162
185
851
860
175
177
180
852
854
855
861
163
164
165
169
171
173
182
858
863
153
158
160
166
167
172
856
859
862
847
857
870
152
848
868
147
155
161
864
150
151
154
866
877
134
146
156
159
869
871
137
139
140
149
874
124
130
135
136
148
157
865
132
142
867
141
144
872
873
875
126
138
143
145
876
880
122
127
131
884
117
128
133
879
881
890
120
129
878
883
125
882
885
886
114
116
123
115
118
119
121
109
113
891
107
108
110
889
111
888
105
106
892
112
897
96
102
901
87
97
894
101
887
100
103
895
99
893
899
98
898
903
896
93
104
90
95
904
89
91
86
77
84
902
912
906
76
88
914
81
915
900
85
79
82
917
913
907
910
80
927
923
94
83
92
916
922
75
70
72
65
67
69
73
61
62
66
63
68
71
78
74
55
59
53
690
64
911
60
58
51
54
919
56
45
921
57
50
48
49
52
930
46
934
43
920
943
926
936
557
908
909
949
40
918
925
931
952
38
941
945
928
940
905
929
937
933
944
939
44
924
938
513
958
36
935
575
932
335
946
555
332
249
707
735
955
957
846
950
534
942
191
781
331
843
965
623
706
814
853
956
496
856
610
812
116
546
162
849
130
636
297
863
109
455
316
447
860
852
164
877
129
861
266
844
858
850
91
96
124
47
168
135
34
818
379
889
867
33
77
35
28
107
86
510
41
480
550
565
567
586
593
596
603
605
606
607
614
617
630
641
646
647
651
472
512
515
518
521
528
533
535
537
538
539
540
541
542
548
549
552
553
556
557
559
562
563
566
568
571
573
574
575
576
581
582
583
584
587
589
591
594
595
598
600
604
608
609
611
612
615
618
620
621
625
626
629
631
632
637
640
642
650
652
659
662
674
682
690
702
714
715
720
721
726
737
738
743
483
489
491
492
493
494
495
499
500
506
507
508
509
511
517
519
520
522
523
524
525
531
534
543
544
546
551
554
555
558
560
561
569
570
578
579
580
585
588
590
597
599
601
602
610
613
616
619
623
627
628
635
636
639
643
644
645
649
654
655
657
658
660
663
665
668
669
670
671
673
675
676
679
680
683
684
685
687
692
693
696
699
700
703
705
711
712
716
717
719
725
728
731
732
735
736
741
742
745
746
748
751
442
444
446
448
450
451
458
463
464
466
470
474
479
481
487
498
501
502
503
504
513
514
526
527
529
530
532
536
545
547
564
572
577
592
622
624
633
634
638
653
656
661
664
666
667
672
677
678
681
686
688
689
691
698
701
704
707
708
710
713
718
722
723
724
729
730
739
744
749
750
754
755
757
758
759
761
769
773
777
784
400
414
425
426
428
429
430
433
434
435
445
452
457
460
461
465
467
469
471
473
475
476
477
478
484
485
486
490
496
497
505
516
694
697
706
709
727
740
747
762
768
770
775
776
778
779
780
781
787
788
793
411
412
413
415
417
418
421
422
424
432
436
437
438
439
440
443
449
453
454
455
456
459
462
468
482
488
510
648
695
733
734
752
753
756
760
764
765
766
767
771
772
774
785
786
789
790
792
794
795
798
805
347
369
374
384
390
391
394
398
399
401
402
405
406
407
408
410
416
423
431
441
447
783
791
800
803
344
349
350
351
352
354
358
360
361
365
367
368
370
371
372
373
376
377
378
380
381
382
383
385
386
387
388
389
392
393
395
396
397
403
404
409
419
420
427
480
763
782
796
799
801
802
318
334
337
338
343
345
346
348
355
359
362
364
366
375
379
315
320
323
325
327
335
340
341
342
353
356
357
363
804
806
807
809
811
812
815
824
289
303
304
308
310
311
312
317
319
326
328
329
332
333
336
339
808
817
820
825
833
261
284
285
288
295
298
299
300
305
306
307
309
313
321
322
324
330
331
797
810
814
823
256
258
275
277
278
280
281
282
283
287
290
294
296
297
301
302
316
813
816
819
827
828
829
830
837
255
259
263
264
265
267
268
269
270
276
286
291
292
293
314
822
831
832
834
838
839
245
248
252
254
266
271
273
274
279
821
836
221
234
237
238
243
244
246
249
250
251
253
260
272
818
826
840
219
222
227
232
239
240
241
247
257
262
835
841
842
205
224
225
228
229
230
231
236
845
854
200
212
215
216
217
218
220
223
226
235
242
851
194
196
197
198
199
209
214
233
844
846
855
186
187
192
195
202
204
207
210
211
213
843
849
857
859
862
179
181
190
191
193
203
206
208
848
850
853
864
176
183
184
188
189
201
847
174
178
180
852
860
861
870
874
165
170
171
177
182
185
856
865
866
868
869
163
167
169
172
175
858
863
158
160
166
168
173
871
872
873
152
153
155
162
875
877
880
885
147
150
154
156
161
164
876
878
884
146
151
159
881
886
134
139
157
867
879
882
883
137
140
141
148
149
890
136
142
888
132
138
143
144
891
892
126
130
131
133
145
895
897
135
894
120
122
123
124
125
127
128
887
901
117
893
899
119
898
903
113
114
118
121
896
906
115
889
105
108
110
111
129
904
907
914
102
900
902
112
116
912
97
101
106
915
917
99
100
109
98
107
87
913
96
103
89
93
104
927
90
95
910
922
81
923
84
88
916
76
82
85
79
91
80
86
77
911
94
920
83
908
919
92
921
75
926
928
905
78
930
936
65
69
909
924
943
67
72
918
925
929
940
73
74
934
937
952
70
931
945
62
68
63
949
61
66
933
941
71
935
939
944
64
938
958
932
946
58
59
950
942
53
55
56
45
54
60
957
48
51
57
955
43
49
50
52
40
956
38
46
965
44
36
690
47
34
814
853
35
557
33
28
846
843
811
726
781
856
960
877
794
41
335
513
863
822
812
810
961
954
967
332
770
575
735
805
153
973
975
463
807
947
953
37
568
773
884
901
761
948
444
825
871
963
964
702
249
785
844
325
191
369
707
445
465
861
429
27
39
796
890
892
879
470
555
451
114
625
533
872
621
837
897
849
343
851
791
828
511
870
187
29
189
819
534
834
850
983
962
19
32
24
76
134
162
817
927
116
852
974
337
881
17
18
31
473
876
891
910
977
868
452
904
951
959
15
855
989
531
706
917
972
816
84
978
966
789
827
860
79
520
883
405
777
896
16
799
221
448
227
838
9
873
915
90
469
26
144
970
923
899
457
889
87
310
10
875
755
683
42
216
354
494
703
479
700
501
543
573
223
607
712
460
567
610
614
620
623
641
503
705
746
517
524
611
630
636
684
725
792
893
493
496
522
562
632
642
660
674
682
693
715
743
749
764
506
523
540
541
546
570
578
587
601
604
612
626
627
639
647
649
651
664
685
687
704
741
751
790
549
551
556
565
584
590
593
595
603
605
619
646
650
662
663
680
692
699
711
716
721
724
779
780
809
472
521
542
548
550
563
583
586
591
594
596
597
598
606
615
631
640
654
665
668
670
675
678
679
686
696
701
719
723
731
742
745
748
766
771
782
798
481
491
512
526
537
554
559
574
576
589
600
618
628
652
655
657
659
661
669
691
714
717
718
720
728
729
737
738
758
759
769
803
886
968
438
466
492
498
509
519
525
532
535
539
544
552
553
566
571
580
582
585
608
622
624
629
633
634
643
645
667
676
681
713
736
739
754
757
485
489
507
514
515
528
558
579
581
588
592
613
616
617
635
637
644
656
671
673
697
722
732
750
752
784
788
426
430
474
475
495
497
502
510
529
538
547
561
564
569
577
638
672
677
688
689
694
709
710
730
762
776
786
802
808
818
865
393
447
453
464
471
477
483
499
504
518
530
572
602
609
658
666
698
708
733
740
760
772
793
800
801
858
859
399
455
478
486
490
500
505
516
527
560
599
744
747
778
783
806
826
380
400
401
450
462
467
480
653
756
765
768
774
775
866
433
443
456
459
461
476
484
508
536
545
695
753
767
795
218
331
388
402
415
417
432
435
454
458
487
648
787
813
384
406
425
428
436
449
488
763
831
350
367
373
381
389
391
408
410
413
424
431
434
442
823
829
845
869
358
372
394
395
407
412
418
419
421
437
446
468
482
727
734
797
804
815
840
906
20
360
379
396
409
427
441
690
824
832
847
848
862
345
361
371
374
385
387
392
398
414
422
820
833
836
316
333
362
366
376
382
390
403
440
841
323
347
352
355
364
368
370
377
386
404
411
420
557
839
842
289
319
338
365
375
378
383
397
416
439
334
346
575
726
854
304
318
341
344
349
353
356
359
821
315
320
342
351
363
423
880
299
326
328
329
513
707
735
295
297
308
317
336
348
357
830
895
311
312
555
568
625
702
867
298
300
313
321
330
339
533
621
835
322
340
761
781
894
284
292
327
463
534
268
294
303
305
306
307
309
324
511
266
281
291
444
470
982
261
276
286
288
293
465
194
259
265
270
290
296
302
451
770
857
885
243
255
264
269
282
287
429
531
706
874
887
914
238
252
275
277
283
301
445
773
241
256
263
271
274
280
285
898
912
267
273
278
473
882
215
254
452
520
245
248
258
272
369
878
913
234
244
251
314
335
812
864
246
279
448
794
217
253
785
805
220
250
260
205
257
332
137
232
239
811
814
200
202
219
222
229
231
236
405
922
197
237
247
325
343
224
230
240
262
104
228
337
469
902
106
210
777
791
198
225
235
184
188
208
209
214
242
23
174
211
233
916
212
226
789
796
206
207
807
900
175
178
179
182
186
213
183
204
173
176
196
199
177
185
193
203
169
201
810
192
195
888
142
170
93
166
80
249
136
190
457
799
163
168
148
825
903
154
180
181
822
6
164
165
310
158
907
147
152
171
817
819
145
159
167
117
160
97
108
161
828
155
156
949
846
157
172
837
130
139
131
151
221
132
149
121
140
227
109
354
843
905
146
150
191
119
816
124
135
85
126
122
138
187
129
143
941
856
921
127
125
920
113
909
82
827
189
120
925
128
223
479
844
118
115
944
103
89
112
216
91
105
110
924
853
141
834
926
494
81
96
930
111
102
919
936
981
123
70
162
98
133
918
849
30
88
99
218
62
101
153
979
931
3
501
107
940
92
861
83
95
100
943
67
939
51
72
987
933
65
911
63
71
77
94
400
414
433
472
483
512
521
565
614
261
289
304
318
334
344
347
349
352
361
379
384
412
425
426
434
435
442
446
455
458
466
489
492
493
496
506
510
515
540
541
546
550
562
563
567
573
586
593
594
596
603
605
610
617
623
641
674
690
714
715
720
245
246
248
256
258
264
266
269
277
281
284
285
294
295
297
298
308
311
315
316
320
327
331
335
338
345
350
351
358
360
365
368
370
372
373
374
376
378
381
388
390
391
393
398
399
401
406
408
411
413
418
424
428
430
432
438
443
444
447
450
453
460
463
464
474
475
478
481
485
491
495
498
499
500
511
514
517
518
519
522
523
524
528
532
535
537
538
539
542
548
549
552
553
556
557
559
566
570
574
576
582
583
587
598
604
606
607
611
612
618
630
636
640
646
647
651
652
682
683
684
717
721
725
726
738
741
743
197
205
219
222
224
234
237
243
254
255
259
263
265
268
275
276
280
282
283
287
288
299
300
303
306
307
312
313
317
319
322
323
325
326
328
332
333
341
346
355
364
367
369
371
377
380
382
383
385
386
387
389
394
395
396
402
407
410
415
416
417
420
421
422
436
437
439
440
445
448
449
451
456
461
465
467
470
471
477
480
484
486
487
490
494
497
503
504
505
507
508
509
513
525
526
533
534
543
544
551
555
561
568
571
575
578
579
581
584
585
588
589
590
591
595
600
601
608
609
615
619
620
621
625
626
627
628
629
631
632
637
639
642
643
645
650
654
657
658
659
660
662
664
665
669
670
673
676
678
679
681
685
687
692
693
696
699
700
702
703
704
705
707
712
716
719
723
724
728
729
731
735
736
737
742
745
746
751
759
784
194
199
200
215
229
231
232
238
240
241
244
247
249
250
251
252
267
270
271
273
278
286
290
291
292
301
305
309
310
321
324
329
337
340
342
343
348
353
354
359
362
363
366
375
392
397
403
404
405
409
419
423
429
431
441
452
454
457
459
462
469
473
476
479
482
502
520
527
529
530
531
554
558
560
569
577
580
592
597
599
613
616
622
624
635
644
649
655
661
663
667
668
671
675
680
686
688
689
691
701
711
713
718
730
732
739
744
748
749
750
754
755
758
769
781
174
181
183
193
196
198
202
204
207
209
212
214
217
220
221
225
226
230
236
239
253
272
274
279
293
296
330
336
339
356
357
427
468
501
516
536
545
564
572
602
633
634
638
653
656
666
672
697
698
706
708
710
722
740
747
757
761
762
764
765
768
770
771
773
775
776
778
779
780
786
787
793
798
168
170
178
179
184
186
190
191
192
195
203
208
210
211
223
227
228
235
242
257
260
262
302
488
547
677
694
695
709
752
756
766
767
783
788
790
792
795
801
803
158
160
163
164
165
167
176
185
187
188
206
213
216
218
314
727
733
734
753
760
772
774
777
782
785
794
800
805
806
171
173
175
177
180
182
189
201
233
648
789
802
804
815
147
150
152
159
161
169
763
796
811
812
813
814
820
130
134
135
136
137
139
140
153
154
156
162
166
172
791
807
809
824
832
833
141
146
149
151
155
157
797
799
808
810
817
818
825
829
830
831
836
120
124
126
132
142
144
148
821
822
823
826
838
839
842
117
131
133
138
816
819
828
834
841
845
846
854
118
119
122
123
125
127
128
145
827
835
840
844
850
851
852
860
863
114
129
143
837
843
853
855
857
858
105
109
121
848
849
856
862
864
868
877
106
107
108
113
115
116
847
859
865
867
870
876
101
102
110
112
866
871
873
96
97
111
861
869
872
878
881
87
99
100
874
875
879
880
884
890
75
78
86
98
103
882
883
897
83
92
93
885
886
888
891
73
74
89
94
104
901
64
68
69
76
81
82
84
88
90
91
95
887
889
892
893
894
899
908
898
903
61
66
79
80
85
895
928
77
896
937
47
58
65
67
70
72
900
902
904
906
914
952
62
912
917
919
920
929
934
53
56
59
911
921
945
34
35
45
54
63
905
907
910
915
926
48
55
60
913
925
930
935
950
33
918
922
924
927
932
936
938
958
40
41
43
49
50
57
71
923
940
942
28
52
909
916
946
957
46
931
943
949
38
955
941
44
939
944
933
956
51
36
965
947
960
964
953
954
948
963
961
959
37
951
967
39
975
29
973
27
962
31
32
24
42
966
983
977
18
972
15
974
19
989
17
10
968
970
978
20
9
26
16
23
982
6
981
30
3
979
987
690
472
546
557
610
623
636
641
400
455
483
496
506
510
512
513
515
521
541
565
567
573
575
603
605
607
614
621
674
735
331
335
347
379
426
433
435
444
447
463
466
474
480
489
491
492
493
495
503
511
517
519
522
523
524
533
534
535
539
540
543
548
549
550
555
556
562
563
568
574
586
587
593
594
596
598
604
606
611
612
620
625
630
632
640
642
646
647
651
682
683
684
700
702
703
707
712
715
725
726
743
266
289
297
304
316
318
332
334
345
350
360
361
369
380
381
384
388
391
399
401
406
415
425
429
430
434
438
445
448
450
451
452
453
457
458
460
464
465
470
475
478
481
485
494
498
499
507
509
514
520
525
526
528
531
532
537
538
542
551
552
553
559
566
570
576
578
582
583
584
590
591
595
600
601
615
617
618
619
626
627
628
639
649
650
652
660
662
679
680
685
687
692
693
699
704
705
706
714
720
721
737
738
741
746
261
295
308
315
320
325
337
338
343
344
349
352
354
358
367
370
371
372
373
374
376
385
389
393
394
402
405
408
412
413
414
417
418
424
428
432
436
442
443
446
456
461
467
469
471
473
477
479
486
490
497
500
501
502
504
518
544
554
571
579
589
597
608
629
631
637
643
645
654
655
657
659
663
664
665
668
669
670
676
678
686
696
701
711
716
717
719
723
724
728
731
742
745
748
749
751
761
781
245
249
255
264
277
281
287
294
298
299
310
311
319
323
333
362
364
365
366
368
377
378
390
392
395
396
398
407
410
421
431
437
449
454
459
462
484
487
505
508
529
530
558
561
569
577
580
581
585
588
609
613
616
622
624
644
661
667
671
673
675
681
691
713
718
729
732
736
739
754
755
759
770
238
243
246
248
256
258
259
263
265
268
269
276
280
284
285
300
303
306
307
309
312
313
317
322
326
327
328
329
341
342
346
351
355
375
382
383
386
387
409
411
419
440
476
516
527
564
572
592
599
633
634
635
656
658
672
688
697
722
730
750
757
758
764
769
773
780
784
222
234
252
254
267
270
273
275
278
282
283
288
290
291
292
305
321
353
359
397
403
404
420
422
427
439
441
547
560
602
638
666
677
689
694
698
708
709
710
740
744
762
766
771
776
779
194
197
205
219
221
224
231
237
241
244
247
271
286
293
296
301
324
330
339
348
356
357
363
416
468
482
536
545
653
747
752
765
768
777
785
786
788
790
792
793
798
200
215
217
227
229
232
236
240
250
251
253
274
336
340
423
488
733
756
760
767
775
778
787
789
803
805
202
214
216
218
220
223
230
272
302
695
772
774
782
783
794
795
801
812
186
187
191
198
204
207
209
210
225
228
239
257
279
648
753
796
800
174
183
193
196
199
203
208
211
212
226
235
242
260
727
734
791
799
802
806
811
814
168
176
178
179
184
185
188
192
213
262
763
170
181
189
190
195
206
233
314
807
163
165
177
201
804
809
810
815
817
818
162
164
175
182
808
813
820
824
825
158
160
166
167
169
171
173
180
797
816
822
829
833
153
819
823
828
831
832
838
152
827
837
846
154
161
826
830
836
839
844
134
147
155
159
172
821
834
842
843
135
140
150
156
840
850
855
856
130
136
137
139
148
151
835
841
845
849
852
124
132
142
144
146
149
157
851
853
854
860
863
126
877
847
858
868
141
861
862
870
122
138
848
857
865
871
117
120
131
145
859
866
128
864
867
884
127
869
873
116
118
119
133
143
872
875
109
114
125
129
874
876
881
107
879
87
121
123
878
880
891
883
885
890
105
108
113
886
110
112
892
901
101
882
889
894
97
106
115
897
102
111
888
895
75
96
103
104
76
90
93
99
100
887
893
86
89
98
896
898
84
91
899
906
83
85
95
904
88
92
903
62
70
77
81
94
69
79
912
919
73
902
908
915
82
900
914
78
917
920
66
67
907
940
905
913
927
72
74
909
910
928
949
56
65
922
930
936
59
61
911
924
931
944
80
923
941
64
945
958
45
48
63
68
921
926
937
929
934
938
942
952
54
58
918
933
53
935
925
34
38
916
939
950
43
55
60
946
40
47
51
71
943
957
932
955
33
960
35
57
28
41
49
953
36
46
954
956
50
52
961
947
37
965
975
959
964
962
967
948
963
31
973
966
983
951
19
32
970
17
24
27
39
9
978
972
16
44
974
989
15
42
982
29
18
977
10
26
968
23
20
981
30
6
3
979
987
512
400
472
483
511
515
521
546
557
565
575
614
414
426
433
435
444
447
451
455
463
466
489
491
492
493
494
496
506
510
513
533
534
540
541
549
550
555
562
563
567
573
586
593
603
605
610
617
623
636
641
690
335
379
425
428
429
430
432
434
442
445
446
448
450
452
453
457
458
460
464
465
470
474
475
478
480
481
485
495
499
501
503
509
514
517
518
519
520
522
523
524
528
531
532
535
537
538
539
542
543
548
552
553
556
559
566
568
570
574
576
582
583
587
594
596
598
604
606
607
612
621
625
630
640
646
647
651
674
318
332
334
344
347
349
350
352
360
361
369
384
390
391
399
401
405
406
408
411
412
413
415
418
424
437
438
443
456
461
467
469
471
473
479
486
487
490
497
498
500
504
507
508
525
526
544
551
561
571
578
579
581
584
589
590
591
595
600
601
609
611
615
618
619
620
626
628
629
632
637
642
652
682
683
702
707
714
715
720
726
735
289
297
304
316
325
331
343
345
351
354
358
365
367
368
370
371
372
373
374
376
377
378
380
381
385
388
389
393
394
398
402
410
417
421
422
436
439
440
449
454
459
462
476
477
484
502
505
529
530
554
558
569
577
580
585
588
597
608
613
616
627
631
639
643
645
649
650
654
659
660
662
665
669
673
676
679
684
685
692
693
699
700
703
706
712
721
725
743
261
266
277
295
298
308
310
311
315
320
323
327
333
337
338
346
355
362
364
366
375
382
383
386
387
392
395
396
397
403
407
409
416
419
420
423
431
441
482
516
527
545
560
564
572
592
599
602
622
624
635
644
655
657
658
661
663
664
667
668
670
671
678
680
681
686
687
696
704
705
716
717
723
737
738
741
249
256
258
264
269
281
284
285
287
294
299
300
303
306
307
312
313
317
319
322
326
328
341
342
348
353
359
363
404
427
468
536
547
634
638
656
672
675
688
689
691
701
711
713
718
719
724
728
729
730
731
732
736
742
745
746
748
751
759
781
245
246
248
254
255
259
263
265
268
270
275
276
278
280
282
283
288
290
292
301
305
309
321
324
329
340
356
357
488
633
653
666
677
697
698
708
710
722
739
740
749
750
754
755
761
769
770
773
784
219
221
222
224
234
237
238
243
267
271
273
286
291
296
330
336
339
694
709
744
747
757
758
762
764
768
777
780
197
205
227
231
240
241
244
247
250
251
252
253
274
279
293
302
648
695
752
765
766
771
775
776
779
785
786
787
793
794
798
191
194
200
215
216
217
218
223
229
232
236
257
272
727
733
734
756
767
778
788
790
792
805
196
199
202
204
207
209
212
214
220
225
226
228
230
239
260
262
314
753
760
772
774
783
789
795
801
803
174
181
183
186
187
190
192
193
198
203
210
211
235
242
782
796
800
812
168
178
179
184
189
195
208
213
763
791
799
802
806
811
814
165
170
176
185
188
206
233
804
807
815
160
162
163
164
177
180
201
809
810
817
820
153
158
167
171
173
175
182
813
818
822
824
825
833
169
797
808
816
819
827
828
829
832
152
161
166
172
823
830
831
834
837
846
147
150
154
159
836
838
839
844
130
134
135
137
139
140
151
155
156
821
826
842
843
136
146
149
157
835
840
841
845
849
850
853
860
124
132
141
142
144
148
851
852
854
855
856
863
126
120
131
138
857
858
861
117
122
127
128
133
143
848
862
864
868
118
119
125
129
145
847
859
865
870
877
123
867
107
109
114
116
121
866
869
871
873
105
108
872
876
106
113
115
874
875
878
881
884
96
101
102
110
111
112
879
880
97
882
883
890
87
100
885
886
888
99
891
897
98
103
889
86
91
93
104
887
892
894
901
83
94
95
899
81
82
89
90
893
895
898
903
76
77
84
88
92
896
75
904
906
79
80
85
914
78
900
902
912
69
907
911
917
65
915
70
72
73
74
908
910
913
919
67
68
920
927
61
62
63
921
922
64
66
923
926
928
934
71
905
916
925
930
937
947
952
58
918
929
936
945
59
943
960
964
53
909
924
940
953
959
963
55
949
951
37
45
54
56
60
931
935
938
948
954
958
932
941
48
57
939
944
950
961
39
42
49
50
51
933
946
43
47
52
955
957
966
40
942
962
975
31
46
967
27
29
32
38
35
973
24
34
970
972
983
18
41
974
977
981
15
19
20
33
44
956
968
989
10
17
28
30
965
978
23
3
9
36
982
16
6
26
979
987
400
444
455
463
472
483
494
496
510
511
512
513
515
521
534
546
555
557
565
575
610
614
641
690
332
335
347
369
379
414
425
426
429
433
434
435
442
445
446
447
448
451
452
457
458
460
465
466
470
474
475
480
489
491
492
493
506
518
520
523
524
531
533
535
540
541
548
549
550
562
563
567
568
573
574
576
586
587
593
594
596
598
603
605
607
617
621
623
625
630
636
647
651
674
702
707
715
720
726
735
261
266
289
297
304
316
318
325
331
334
337
343
344
345
349
350
352
354
358
360
361
370
374
378
384
388
390
391
393
399
401
405
406
408
411
412
413
418
424
428
430
432
438
443
450
453
464
469
473
478
479
481
485
495
498
499
500
501
503
504
507
508
509
514
517
519
522
525
526
528
532
537
538
539
542
543
551
552
553
556
559
566
570
571
578
582
583
584
589
590
591
595
600
604
606
611
612
615
618
620
629
632
637
640
642
646
652
660
682
683
684
693
700
703
706
714
721
725
743
781
249
256
258
264
269
277
281
284
285
294
295
298
308
310
311
315
320
323
327
333
338
351
364
365
367
368
371
372
373
376
377
380
381
383
385
386
387
389
394
395
398
402
407
410
415
417
421
422
436
437
439
440
449
454
456
461
462
467
471
476
477
484
486
487
490
497
502
505
529
530
544
554
558
561
569
577
579
580
581
585
588
597
601
608
609
613
616
619
626
627
628
631
639
643
644
645
649
650
654
655
657
658
659
662
664
665
668
669
670
671
673
676
678
679
680
681
685
687
692
696
699
704
705
712
716
717
719
723
724
728
729
731
737
738
741
742
745
746
751
759
761
773
221
222
243
245
246
248
254
255
259
263
265
268
270
275
276
278
280
282
283
287
288
299
300
303
305
306
307
309
312
313
317
319
321
322
324
326
328
329
340
341
342
346
348
353
355
359
362
366
375
382
392
396
397
403
404
409
416
419
420
423
431
441
459
482
516
527
545
560
564
572
592
599
602
622
624
634
635
661
663
667
672
675
686
688
689
691
701
711
713
718
722
730
732
736
739
748
749
754
755
758
769
770
777
784
197
205
219
223
224
227
231
234
237
238
244
247
250
252
267
271
273
286
290
291
292
296
301
330
336
339
356
357
363
427
468
488
536
547
633
638
653
656
666
677
694
697
698
708
709
710
740
744
747
750
757
762
764
765
768
771
776
778
779
780
785
786
787
793
794
798
191
194
200
214
215
216
217
218
229
232
236
240
241
251
253
272
274
279
293
302
695
752
756
766
767
775
783
788
789
790
792
795
801
803
805
174
186
187
193
196
198
199
202
204
207
209
212
220
225
226
228
230
239
257
260
262
314
648
727
733
734
753
760
772
774
782
791
796
800
812
814
168
170
178
179
181
183
184
189
190
192
195
203
208
210
211
213
235
242
799
802
806
807
811
162
164
165
176
185
188
206
233
763
804
810
815
817
820
825
153
158
160
163
167
171
175
177
180
182
201
809
813
816
818
822
824
833
169
173
797
808
819
827
828
829
831
832
834
837
846
147
150
152
161
166
172
823
830
836
838
844
130
134
135
137
140
154
155
156
159
821
826
839
842
843
849
850
853
860
124
136
139
146
149
151
157
835
840
841
845
851
852
854
855
856
126
132
141
142
144
148
858
861
863
131
138
848
857
868
117
120
122
127
128
133
145
847
859
862
864
867
870
877
118
119
123
125
129
143
865
107
109
114
866
869
871
872
873
876
105
108
116
121
874
875
878
884
96
106
113
115
879
881
101
102
110
111
112
880
882
883
890
97
100
885
886
888
891
897
87
99
103
889
98
892
894
899
901
91
93
104
887
893
895
86
89
94
95
898
903
77
81
82
83
84
88
90
896
76
92
904
906
914
79
85
900
902
912
80
907
917
75
911
915
78
910
913
919
65
69
908
920
67
70
72
73
74
921
922
923
927
62
68
905
926
928
63
916
925
930
61
64
66
918
924
934
936
937
940
952
71
909
929
943
945
58
931
949
59
941
53
933
935
938
939
45
55
56
932
944
958
54
60
946
947
950
48
51
942
964
49
50
57
957
960
43
52
951
953
954
955
959
963
40
47
948
46
37
38
961
34
35
42
956
966
39
41
44
962
967
33
965
975
28
29
31
32
36
970
973
27
972
983
24
18
968
974
977
978
981
19
20
989
15
17
10
23
30
982
9
3
16
26
6
979
987
690
814
853
557
856
846
877
335
513
781
332
843
735
575
116
8
812
249
21
12
11
91
707
76
14
534
555
62
971
863
706
2
22
77
884
109
5
266
318
325
347
379
400
414
433
444
455
472
483
512
221
245
256
258
261
264
269
277
281
289
295
297
304
308
310
315
316
320
331
332
334
335
337
343
344
345
349
350
352
354
360
361
369
384
401
405
406
412
413
425
426
428
429
430
432
434
435
438
442
445
446
447
448
451
452
453
457
458
460
463
465
466
470
474
475
489
492
493
494
496
501
506
510
511
515
521
533
546
565
610
614
641
197
219
222
224
234
237
243
246
248
249
254
255
259
263
265
268
276
280
282
284
285
287
294
298
299
300
303
306
307
311
312
313
317
319
323
327
333
338
351
358
364
365
367
368
370
371
372
373
374
376
377
378
380
381
383
385
388
389
390
391
393
394
398
399
402
408
411
415
418
424
436
437
439
443
450
456
461
464
467
469
473
478
479
480
481
485
491
495
498
499
503
508
509
513
514
517
518
519
520
522
523
524
531
532
535
538
539
540
541
543
548
549
550
553
556
557
559
562
563
567
568
573
574
575
576
586
587
593
594
596
598
603
605
607
617
621
623
625
636
640
674
690
702
715
720
726
191
194
205
215
216
218
223
227
229
231
232
238
240
241
244
247
250
252
267
270
271
273
275
278
283
288
290
291
292
301
305
309
321
322
324
326
328
329
340
341
342
346
348
353
355
359
362
366
375
382
386
387
392
395
396
397
403
407
409
410
416
417
419
420
421
422
423
431
440
449
454
459
462
471
476
477
484
486
487
490
497
500
504
505
507
525
526
528
534
537
542
544
551
552
555
561
566
570
571
582
583
590
591
595
600
604
606
611
612
620
629
630
632
637
643
645
646
647
650
651
652
659
660
662
669
676
679
682
683
684
687
693
699
700
703
712
714
717
725
738
743
187
193
196
198
199
200
202
204
207
209
212
214
217
220
225
230
236
239
251
253
272
274
279
286
293
296
330
336
339
356
357
363
404
427
441
468
482
502
529
530
554
558
569
577
578
579
580
581
584
585
588
589
597
599
601
608
609
613
615
616
618
619
626
627
628
631
639
642
644
649
654
657
658
661
664
665
667
668
670
671
673
678
680
681
685
686
688
692
696
701
704
705
707
716
718
719
721
723
728
729
735
737
741
742
746
751
168
170
174
178
179
181
183
184
186
189
190
192
195
203
210
211
226
228
235
242
257
260
262
302
488
516
527
536
545
560
564
572
592
602
622
624
635
655
656
663
666
672
675
689
691
698
706
708
710
711
713
722
724
730
731
732
736
739
740
745
747
748
749
750
754
758
759
761
770
773
777
784
160
162
164
165
176
185
188
206
208
213
233
314
547
633
634
638
653
677
694
697
709
744
755
757
762
764
765
768
769
776
780
781
785
794
153
158
163
167
171
175
177
180
182
201
695
727
752
756
766
767
771
775
778
779
786
787
790
793
798
152
166
169
172
173
648
733
734
753
760
772
774
783
788
789
792
795
796
801
803
805
147
150
159
161
782
791
800
802
807
130
134
135
136
137
139
140
146
151
154
155
156
763
799
804
806
810
811
812
817
820
124
132
141
142
148
149
157
809
813
814
815
816
818
822
825
126
144
797
819
824
827
828
832
833
834
837
120
122
131
133
138
808
829
830
831
836
844
849
117
119
123
125
127
128
129
143
145
821
823
826
838
839
842
846
850
860
107
118
835
840
841
843
845
851
852
854
105
114
121
853
855
856
857
858
106
108
113
115
848
861
864
868
96
101
102
109
110
111
112
116
847
859
862
863
865
867
870
97
100
873
876
877
87
99
103
866
869
871
872
98
874
875
878
881
93
879
880
882
883
890
86
89
94
95
104
885
886
888
891
897
81
82
83
84
88
90
884
91
92
887
889
892
893
894
899
901
79
80
85
903
76
77
895
898
75
896
914
78
902
904
906
65
67
69
72
900
912
917
73
74
907
915
63
68
70
910
911
913
919
908
920
61
64
66
71
921
922
923
927
62
905
926
928
930
916
925
58
59
918
924
934
936
937
952
909
940
943
945
53
55
929
45
54
56
60
931
949
51
933
939
48
57
938
941
43
49
50
932
935
944
950
958
40
52
946
46
47
942
38
947
957
955
964
34
35
954
960
37
44
951
953
959
963
41
948
42
956
28
33
39
961
36
29
31
965
32
966
967
27
962
975
971
24
973
18
970
972
20
983
15
19
10
17
968
974
977
981
23
30
978
3
9
989
16
982
12
26
6
11
14
21
22
979
987
8
2
5
690
557
335
814
332
266
316
191
297
496
513
447
331
856
455
846
610
379
465
400
483
512
414
433
435
444
448
451
463
472
489
493
494
506
510
511
515
521
533
534
546
550
555
565
567
573
575
603
605
614
617
641
261
289
304
318
325
334
343
344
347
349
350
352
354
360
361
369
374
384
390
401
405
406
412
413
424
425
426
428
429
430
432
434
438
442
445
446
450
452
453
457
458
460
464
466
469
470
473
474
475
478
479
480
481
485
491
492
495
499
501
503
517
518
519
520
522
523
524
528
531
535
537
538
539
540
541
542
543
548
549
552
553
556
557
559
562
563
566
568
570
574
576
582
586
587
593
594
596
598
604
606
607
611
612
621
623
625
630
636
640
646
647
651
652
674
682
683
690
702
707
714
715
720
725
726
735
743
245
248
249
256
258
264
269
277
281
284
285
287
294
295
298
303
306
308
310
311
315
320
323
327
332
335
337
338
345
351
358
364
365
367
368
370
371
372
373
376
377
378
379
380
381
383
385
388
389
391
393
394
398
399
402
408
410
411
415
417
418
421
422
436
437
439
440
443
447
455
456
461
467
471
477
484
486
487
490
496
497
498
500
504
507
508
509
513
514
525
526
532
544
551
561
571
578
579
581
583
584
588
589
590
591
595
600
601
608
609
610
615
618
619
620
626
627
628
629
631
632
637
639
642
643
645
650
659
660
662
664
669
670
673
676
679
684
685
687
692
693
696
699
700
703
704
705
706
712
716
717
721
723
728
737
738
741
746
751
781
219
221
222
234
237
243
246
254
255
259
263
265
266
268
270
273
275
276
278
280
282
283
288
290
297
299
300
305
307
309
312
313
316
317
319
321
322
324
326
328
329
331
333
340
341
342
346
348
353
355
359
362
366
375
382
386
387
392
395
396
397
403
404
407
409
416
419
420
423
431
441
449
454
459
462
465
476
482
502
505
527
529
530
545
554
558
560
569
572
577
580
585
592
597
599
602
613
616
622
624
635
644
649
654
655
657
658
661
663
665
667
668
671
675
678
680
681
686
688
691
701
711
713
718
719
724
729
730
731
732
736
739
742
745
748
749
754
755
758
759
761
769
770
773
777
784
194
197
205
216
223
224
227
229
231
232
238
240
241
244
247
250
251
252
267
271
286
291
292
293
296
301
330
336
339
356
357
363
427
468
488
516
536
547
564
633
634
638
653
656
666
672
677
689
697
698
708
710
722
740
744
747
750
757
762
764
765
768
776
778
779
780
785
786
787
793
794
798
187
193
199
200
204
207
209
212
214
215
217
218
220
225
230
236
239
253
257
272
274
279
302
694
695
709
752
756
766
767
771
775
783
788
789
790
792
795
801
803
805
168
174
181
183
186
189
190
191
192
196
198
202
203
210
211
226
228
235
242
260
262
314
648
727
733
734
753
760
772
774
782
791
796
800
812
170
176
178
179
184
188
195
208
213
233
799
802
806
807
811
153
158
160
162
163
164
165
167
171
177
180
185
201
206
763
804
810
814
815
817
820
825
169
173
175
182
809
813
816
818
822
824
827
828
832
833
834
152
161
166
172
797
808
819
823
829
830
831
837
844
135
137
147
150
154
155
156
159
821
836
838
839
849
124
130
134
136
139
140
146
151
157
826
840
841
842
843
845
850
860
132
141
142
144
148
149
835
846
851
852
853
854
855
126
131
138
857
858
861
863
117
120
122
127
128
133
145
848
856
862
864
868
118
119
123
125
129
143
847
859
865
867
870
877
107
114
866
871
873
876
105
108
109
115
116
121
869
872
874
878
106
110
112
113
875
881
884
96
101
102
111
879
880
883
890
97
100
882
885
886
888
891
897
87
99
103
889
98
892
894
899
86
93
104
887
893
895
901
81
89
91
94
95
898
903
77
82
83
84
88
90
896
76
92
902
904
906
914
79
80
85
900
912
907
917
75
78
911
915
910
913
919
920
65
67
69
72
908
922
70
73
74
921
923
926
927
62
63
68
905
916
928
930
925
936
971
61
64
66
71
918
924
937
940
952
909
929
934
943
945
931
58
59
949
933
939
941
53
935
938
944
45
54
55
56
60
932
950
958
946
48
51
57
942
43
49
50
947
957
52
955
964
40
46
47
960
953
954
959
14
21
22
38
948
951
963
12
956
11
34
35
2
5
37
44
961
41
33
42
965
28
36
39
966
967
8
962
975
29
31
32
973
970
972
27
983
24
968
974
977
18
978
981
19
20
15
17
989
10
23
30
982
3
9
16
26
6
979
987
690
853
781
814
877
735
575
843
557
249
707
534
812
555
706
116
856
335
863
850
846
726
623
91
76
761
77
332
130
546
400
318
347
379
414
426
433
435
444
448
451
455
463
472
483
493
494
496
511
512
515
521
565
614
256
258
261
264
266
277
289
295
297
298
304
308
310
311
315
316
320
325
331
334
335
337
343
344
345
349
350
352
354
358
360
361
369
370
374
378
384
388
390
391
399
401
405
406
408
412
413
418
424
425
428
429
430
432
434
438
442
445
446
447
450
452
453
457
458
460
464
465
466
470
473
474
475
478
479
480
489
491
492
495
499
501
506
510
513
518
520
523
524
531
533
535
540
541
549
550
557
562
563
567
568
573
576
586
593
594
596
603
605
607
610
617
621
641
674
690
715
720
219
221
222
234
243
245
246
248
249
254
255
259
263
265
268
269
276
280
281
282
284
285
287
288
294
299
300
303
306
307
312
313
317
319
323
326
327
332
333
338
346
351
355
364
365
367
368
371
372
373
376
377
380
381
383
385
386
389
393
394
398
402
410
411
415
417
421
422
436
437
439
440
443
456
461
467
469
471
481
485
486
487
490
497
498
500
503
504
507
508
509
514
517
519
522
525
526
528
532
534
537
538
539
542
543
544
546
548
551
552
553
555
556
559
566
570
571
574
575
582
583
587
590
591
595
598
600
604
606
611
612
620
623
625
629
630
632
636
637
640
646
647
651
652
660
662
682
683
684
692
693
700
702
703
714
721
725
743
191
194
197
205
216
223
224
227
231
237
238
240
244
247
250
252
267
270
271
273
275
278
283
290
291
292
301
305
309
321
322
324
328
329
340
341
342
348
353
359
362
363
366
375
382
387
392
395
396
397
403
404
407
409
416
419
420
423
431
441
449
454
459
462
476
477
484
502
505
527
529
530
554
558
561
569
577
578
579
580
581
584
585
588
589
597
601
608
609
613
615
616
618
619
626
627
628
631
639
642
643
644
645
649
650
654
657
658
659
664
665
669
670
671
673
676
678
679
680
681
685
687
696
699
704
705
707
712
716
717
718
719
723
726
728
729
731
735
737
738
741
742
745
746
187
193
199
200
204
207
209
212
214
215
217
218
220
225
229
230
232
236
239
241
251
253
272
274
279
286
293
296
330
336
339
356
357
427
468
482
516
536
545
560
564
572
592
599
602
622
624
634
635
655
661
663
667
668
672
675
686
688
689
691
698
701
706
710
711
713
724
730
732
736
739
748
749
751
754
755
758
759
769
770
773
777
781
784
168
174
179
181
183
186
189
190
192
195
196
198
202
203
210
211
226
228
235
242
257
260
262
302
488
547
633
638
653
656
666
677
694
697
708
722
740
744
747
750
757
761
762
764
765
766
768
771
776
780
785
793
794
165
170
176
178
184
185
188
208
213
314
695
709
752
756
767
775
778
779
783
786
787
788
790
798
801
805
153
158
160
162
163
164
167
171
175
177
180
182
201
206
233
648
727
733
734
753
760
772
774
782
789
792
795
796
800
803
169
173
791
799
802
807
811
147
150
152
161
166
172
763
804
806
810
812
814
815
817
820
825
134
135
137
139
140
146
151
154
155
156
159
809
813
816
818
822
824
833
834
124
132
136
141
148
149
157
797
808
819
827
828
829
832
837
126
130
142
144
821
823
830
831
836
838
839
844
849
120
131
133
138
826
841
842
845
117
119
122
125
127
128
129
143
145
835
840
843
846
851
852
854
855
860
118
123
850
853
857
858
861
105
107
109
114
121
848
856
864
868
108
113
115
847
859
862
863
865
867
870
96
101
102
106
110
111
112
116
869
873
876
877
97
100
866
871
872
874
878
87
99
875
879
881
98
103
880
882
883
884
890
93
885
886
888
891
897
86
89
94
95
104
889
81
82
83
88
90
887
892
893
894
899
84
91
92
895
901
903
79
85
898
77
80
896
914
75
76
902
904
906
78
900
912
917
65
67
69
907
915
70
72
73
74
911
63
68
908
910
913
919
920
62
921
922
927
61
64
66
71
905
923
926
928
916
925
930
918
924
936
937
952
58
59
909
929
934
940
943
945
53
55
931
949
45
54
56
60
939
933
938
941
48
51
57
932
935
944
958
43
49
50
946
950
40
52
942
46
47
957
38
947
955
960
964
34
954
35
37
44
951
953
959
963
971
948
956
41
33
42
961
28
36
39
965
29
31
966
967
32
962
975
27
973
24
972
18
970
12
20
983
15
19
22
968
974
977
981
10
11
14
17
21
23
30
978
989
3
9
982
2
16
5
8
26
6
987
979
690
513
557
814
331
191
316
496
266
335
610
297
575
447
735
455
249
853
846
379
400
444
472
483
512
565
614
347
414
425
426
433
434
435
442
448
451
458
463
489
492
493
494
506
510
511
515
521
533
534
541
546
550
555
562
563
567
573
586
593
596
603
605
607
617
621
623
636
641
674
690
715
720
726
261
289
304
318
320
325
332
334
335
337
343
344
345
349
350
352
354
358
360
361
369
370
374
378
384
388
390
391
399
401
405
406
408
411
412
413
418
424
428
429
430
432
438
445
446
450
452
453
457
460
464
465
466
469
470
473
474
475
478
479
480
481
485
491
495
496
498
499
500
501
503
504
508
509
513
514
517
518
519
520
522
523
524
528
531
532
535
537
538
539
540
542
543
548
549
551
552
553
556
557
559
566
568
570
571
574
575
576
582
583
587
594
595
598
604
606
610
611
612
618
620
625
629
630
637
640
642
646
647
651
652
682
683
684
700
702
703
706
707
714
721
725
738
743
245
248
255
256
258
259
264
266
269
277
280
281
284
285
287
294
295
297
298
299
300
303
306
308
310
311
315
316
317
319
323
327
331
333
338
346
351
355
364
365
367
368
371
372
373
376
377
379
380
381
383
385
386
387
389
393
394
395
398
402
407
410
415
417
420
421
422
436
437
439
440
443
447
449
454
455
456
461
462
467
471
476
477
484
486
487
490
497
502
505
507
525
526
529
530
544
558
561
569
577
578
579
581
584
585
588
589
590
591
600
601
608
609
613
615
616
619
626
627
628
631
632
639
643
644
645
649
650
654
655
657
658
659
660
662
664
665
669
670
671
673
676
678
679
680
681
685
687
692
693
696
699
704
705
712
716
717
719
723
724
728
729
731
732
735
737
741
742
745
746
751
759
773
781
219
221
222
224
234
237
238
243
246
254
263
265
267
268
270
273
275
276
278
282
283
288
290
292
305
307
309
312
313
321
322
324
326
328
329
340
341
342
348
353
359
362
363
366
375
382
392
396
397
403
404
409
416
419
423
431
441
459
482
527
545
554
560
564
572
580
592
597
599
602
622
624
634
635
661
663
667
668
672
675
686
688
689
691
701
710
711
713
718
722
730
736
739
744
748
749
750
754
755
757
758
761
769
770
777
784
194
197
205
215
216
223
227
229
231
232
236
240
241
244
247
249
250
251
252
253
271
274
286
291
293
296
301
330
336
339
356
357
427
468
488
516
536
547
633
638
653
656
666
677
694
697
698
708
709
740
747
762
764
765
768
775
776
778
779
780
785
786
787
793
794
798
187
193
196
199
200
204
207
209
212
214
217
218
220
225
226
228
230
239
257
272
279
302
695
752
756
766
767
771
783
788
789
790
792
795
801
803
805
174
181
183
186
189
190
191
192
195
198
202
203
210
211
235
242
260
262
314
648
727
733
734
753
760
772
774
782
791
796
800
812
168
170
176
178
179
184
188
208
213
233
799
802
806
807
811
158
160
162
163
164
165
177
180
185
201
206
763
804
810
814
815
817
820
825
153
167
171
173
175
182
809
813
816
818
822
824
827
833
834
152
161
166
169
172
797
808
819
823
828
829
830
831
832
837
137
147
150
154
156
159
836
838
839
844
130
134
135
136
139
140
146
151
155
157
821
826
842
843
849
850
124
132
141
142
144
148
149
835
840
841
845
846
851
852
854
860
126
138
855
856
858
861
863
120
122
131
133
848
853
857
868
117
119
125
127
128
143
145
847
859
862
864
867
870
877
118
123
129
865
105
107
109
114
121
866
869
871
873
876
108
113
115
116
872
874
875
878
96
101
102
106
110
112
879
881
884
111
880
882
883
890
87
97
99
100
885
886
888
891
897
98
103
889
93
887
892
894
899
86
91
104
893
895
901
81
88
89
90
94
95
898
903
77
82
83
84
896
76
85
92
906
914
79
80
900
902
904
912
907
917
75
78
915
911
913
65
67
69
72
908
910
919
920
70
73
74
922
927
68
905
921
923
926
62
63
916
928
930
61
64
66
918
924
925
936
71
909
934
937
940
945
952
929
943
58
931
59
949
53
933
939
941
55
56
935
938
944
45
54
60
932
950
958
48
51
946
57
942
43
49
50
957
40
52
947
955
46
47
960
964
38
954
959
953
963
948
951
34
35
956
37
44
961
971
41
33
42
965
28
36
39
966
962
967
29
31
975
32
973
27
970
972
24
983
18
974
19
20
968
977
978
981
15
989
10
17
23
30
982
3
9
12
11
14
16
21
22
26
6
2
979
987
5
8
690
814
332
781
877
856
557
843
812
534
555
706
707
116
513
863
726
623
850
130
853
335
860
91
846
884
546
761
77
76
889
109
62
400
444
483
266
289
304
318
325
334
347
369
379
414
425
426
433
434
435
442
448
451
455
463
472
493
494
496
506
510
511
512
515
521
565
245
248
249
256
258
261
264
269
277
281
285
295
297
298
308
310
311
315
316
320
331
332
335
337
338
343
344
345
349
350
352
354
358
360
361
370
372
373
374
376
378
381
384
388
390
391
393
399
401
405
406
408
411
412
413
415
418
424
428
429
430
432
438
445
446
447
450
452
453
457
458
460
464
465
466
469
470
473
474
475
478
479
480
481
489
491
492
495
499
501
518
520
522
523
524
533
535
539
540
541
550
562
563
567
573
575
586
593
594
603
605
610
614
641
674
197
219
221
222
224
234
237
238
243
246
254
255
259
263
265
268
270
273
275
276
278
280
282
283
284
287
288
294
299
300
303
305
306
307
312
313
317
319
322
323
326
327
328
333
341
346
351
355
362
364
365
366
367
368
371
375
377
380
382
383
385
386
387
389
392
394
395
396
398
402
407
409
410
417
420
421
422
436
437
439
440
443
449
454
456
461
462
467
471
477
484
485
486
487
490
497
498
500
503
504
507
508
509
513
514
517
519
525
526
528
531
532
534
537
538
542
543
546
548
549
551
552
553
555
556
557
559
566
568
570
574
576
582
583
587
595
596
598
600
604
606
607
612
617
621
625
629
630
636
640
646
647
651
682
683
690
693
702
703
714
715
720
725
735
191
194
205
215
216
223
227
229
231
232
236
240
241
244
247
250
252
267
271
286
290
291
292
301
309
321
324
329
340
342
348
353
359
363
397
403
404
416
419
423
431
441
459
476
482
502
505
529
530
544
554
558
561
569
571
577
578
579
581
584
585
588
589
590
591
601
608
609
611
615
618
619
620
623
626
627
628
631
632
637
639
642
643
645
649
650
652
659
660
662
665
669
670
671
673
676
678
679
681
684
685
687
692
696
699
700
704
707
712
716
717
721
723
726
738
741
743
187
193
196
198
199
200
202
204
207
209
212
214
217
218
220
225
226
228
230
239
251
253
257
272
274
279
293
296
302
330
336
339
356
357
427
468
516
527
545
560
564
572
580
592
597
599
602
613
616
622
624
635
644
654
655
657
658
661
663
664
667
668
672
675
680
686
688
701
705
706
711
713
718
719
724
728
729
730
731
732
736
737
742
745
746
751
773
168
174
179
181
183
184
186
189
190
192
195
203
208
210
211
235
242
260
262
314
488
536
547
634
638
653
656
666
677
689
691
694
697
698
708
710
722
739
740
747
748
749
750
754
755
757
758
759
764
765
769
770
777
780
781
784
165
170
176
178
185
188
206
213
233
633
695
709
744
752
761
762
766
767
768
771
775
776
778
785
786
787
793
794
798
153
158
160
162
163
164
167
171
175
177
180
182
201
648
727
734
753
756
760
772
779
783
788
789
790
792
795
796
801
803
805
166
169
172
173
733
774
782
791
800
147
150
152
159
161
763
799
802
806
807
811
134
135
136
137
139
140
146
151
154
155
156
804
810
812
814
815
817
820
825
124
130
132
141
142
148
149
157
797
809
813
816
818
822
824
828
832
833
834
126
144
808
819
827
829
830
831
837
120
122
131
133
138
821
823
826
836
838
839
842
844
849
117
119
123
125
127
128
129
143
145
835
840
841
843
845
852
118
846
850
851
854
855
858
860
105
107
114
121
848
853
856
857
861
864
106
108
113
115
859
863
867
868
96
101
102
109
110
111
112
116
847
862
865
870
97
100
866
869
871
872
873
876
877
87
99
874
878
881
98
103
875
879
880
883
93
882
885
890
897
86
89
94
95
104
884
886
888
891
81
82
83
84
88
90
892
899
91
92
887
893
894
901
85
889
895
898
903
77
79
80
896
75
76
902
904
906
914
78
900
912
65
67
69
907
917
72
73
74
911
915
63
68
70
908
910
913
919
920
922
927
61
64
66
71
921
923
926
928
905
916
925
930
62
918
936
58
59
924
934
937
940
943
945
952
909
929
53
931
45
54
55
56
60
949
933
939
941
48
51
57
932
935
938
944
43
49
50
946
950
958
40
52
46
47
942
957
947
955
38
964
960
34
35
44
951
953
954
959
963
37
948
956
41
33
42
961
28
36
39
971
965
29
31
32
962
966
967
27
975
24
973
18
970
972
983
19
20
10
15
17
968
974
977
981
23
30
978
3
9
989
12
11
14
22
982
16
21
6
26
2
5
8
979
987
690
249
557
575
331
735
814
316
332
191
496
266
335
610
297
447
455
379
513
856
400
414
433
444
463
472
483
493
494
506
511
512
515
521
533
534
546
550
555
565
567
603
605
614
617
641
304
318
325
334
344
347
349
352
354
361
369
384
401
406
412
424
425
426
428
429
430
432
434
435
438
442
445
446
448
450
451
452
453
457
458
460
464
465
466
470
474
475
478
480
489
491
492
495
499
501
510
517
518
519
520
522
523
524
528
531
535
537
538
539
540
541
542
548
549
552
553
556
557
559
562
563
566
568
573
574
575
576
582
586
587
593
594
596
598
604
606
607
610
612
621
623
625
630
636
640
646
647
651
652
674
682
690
702
707
714
715
720
725
726
743
256
258
261
264
277
281
285
289
295
298
308
310
311
315
320
332
335
337
338
343
345
350
351
358
360
364
365
367
368
370
371
372
373
374
376
377
378
379
380
381
385
388
389
390
391
393
398
399
402
405
408
411
413
415
418
436
437
439
440
443
447
455
456
461
467
469
471
473
479
481
485
487
490
496
497
498
500
503
504
507
508
509
513
514
525
526
532
543
544
551
561
570
571
578
579
581
583
584
589
590
591
595
600
601
608
609
611
615
618
619
620
626
627
628
629
631
632
637
642
643
645
650
659
660
662
669
673
676
679
683
684
685
687
692
693
696
699
700
703
705
706
712
716
717
721
723
735
737
738
741
746
781
221
243
245
246
248
254
255
259
263
265
266
268
269
270
276
278
280
282
283
284
287
288
294
297
299
300
303
305
306
307
312
313
316
317
319
321
322
323
326
327
328
331
333
341
342
346
348
355
359
362
366
375
382
383
386
387
392
394
395
396
397
403
407
409
410
416
417
419
420
421
422
423
431
449
454
459
462
476
477
484
486
502
505
527
529
530
554
558
560
569
577
580
585
588
592
597
599
613
616
624
635
639
644
649
654
655
657
658
661
663
664
665
667
668
670
671
675
678
680
681
686
688
701
704
711
713
718
719
724
728
729
730
731
732
736
739
742
745
748
749
751
754
755
759
761
769
770
773
777
784
197
205
219
222
223
224
227
231
234
237
238
244
247
249
250
252
267
271
273
275
286
290
291
292
301
309
324
329
330
336
339
340
353
356
357
363
404
427
441
468
482
516
536
545
547
564
572
602
622
633
634
638
653
656
666
672
677
689
691
697
698
708
710
722
740
744
747
750
757
758
762
764
765
768
776
780
785
793
794
798
194
199
200
214
215
216
217
218
229
232
236
240
241
251
253
272
274
279
293
296
302
488
694
695
709
752
756
766
767
771
775
778
779
783
786
787
788
789
790
792
805
174
181
183
186
187
191
192
193
196
198
202
204
207
209
212
220
225
226
228
230
235
239
242
257
260
262
314
648
727
733
734
753
760
772
774
782
791
795
796
800
801
803
812
168
170
176
178
179
184
188
189
190
195
203
208
210
211
213
799
802
806
807
811
160
162
163
164
165
177
185
201
206
233
763
804
810
814
815
817
820
825
153
158
167
171
173
175
180
182
809
813
816
818
822
824
833
834
152
166
169
172
797
808
819
827
828
829
830
831
832
837
147
150
154
159
161
821
823
836
838
839
844
846
849
130
134
135
136
137
139
140
146
151
155
156
826
841
842
843
850
860
124
132
141
142
148
149
157
835
840
845
851
852
853
854
855
126
138
144
857
858
861
863
120
122
127
131
133
848
864
868
117
119
123
125
128
129
143
145
847
856
859
862
865
867
870
877
118
873
105
107
109
114
116
121
866
869
871
872
874
876
106
108
113
115
875
878
881
884
96
101
102
110
111
112
879
880
883
890
97
100
882
885
886
888
897
87
99
891
98
103
889
892
93
887
893
894
895
899
901
86
89
91
94
95
104
898
903
77
81
82
84
88
90
896
76
83
92
906
914
85
900
902
904
912
79
80
907
917
75
911
915
78
910
913
919
65
67
69
908
920
922
70
72
74
921
923
927
68
73
905
916
926
928
62
63
925
930
936
61
64
66
918
924
937
940
952
71
909
929
934
943
945
58
931
949
59
933
939
941
53
935
938
45
55
56
932
944
950
958
54
60
946
48
51
57
942
49
50
957
43
52
947
955
40
960
964
46
47
954
38
951
953
959
963
948
956
34
35
37
44
961
41
971
33
42
965
966
967
28
36
39
962
975
29
31
973
32
972
27
970
983
24
968
974
18
977
981
19
20
978
15
989
10
17
23
982
30
3
9
12
11
14
16
22
21
6
26
979
987
2
5
8
690
853
814
846
877
781
557
843
707
812
555
534
706
726
116
130
856
623
863
335
332
850
546
735
575
91
249
761
76
77
109
62
884
513
1
861
400
433
444
472
483
512
261
266
277
289
297
304
316
318
325
331
334
344
347
349
350
352
354
361
369
379
384
401
414
425
426
434
435
442
445
446
447
448
451
455
458
463
466
470
489
493
494
496
506
510
511
515
521
533
614
221
222
245
246
248
255
256
258
259
263
264
265
269
280
281
284
285
287
294
295
298
299
300
303
306
308
310
311
315
317
320
323
327
332
335
337
338
343
345
351
358
360
364
365
367
368
370
371
372
373
374
376
377
378
380
381
388
389
390
391
393
398
399
405
406
408
411
412
413
415
418
424
428
429
430
432
437
438
439
443
450
452
453
456
457
460
464
465
469
473
474
475
478
479
480
481
485
491
492
495
499
501
514
518
519
520
522
523
524
531
535
539
540
541
550
562
563
565
567
573
586
593
594
603
605
610
641
674
690
197
205
219
223
224
227
231
234
237
238
243
247
249
254
267
268
270
271
273
275
276
278
282
283
288
290
292
305
307
309
312
313
319
321
322
324
326
328
329
333
341
342
346
348
355
359
362
366
375
382
383
385
386
387
392
394
395
396
397
402
403
407
409
410
416
417
420
421
422
431
436
440
449
454
459
461
462
467
471
476
477
484
486
487
490
497
498
500
503
504
507
508
509
513
517
525
526
528
532
534
537
538
542
543
546
548
549
551
552
553
555
556
557
559
566
568
570
574
575
576
582
583
587
595
596
598
604
606
607
611
612
617
621
625
629
630
636
640
646
647
651
652
662
682
683
687
693
702
703
714
715
720
725
738
191
194
199
200
204
214
215
216
217
218
229
232
236
240
241
244
250
251
252
253
274
279
286
291
293
296
301
330
336
339
340
353
356
357
363
404
419
423
441
468
482
502
505
529
530
544
554
558
561
569
571
577
578
579
580
581
584
588
589
590
591
600
601
608
609
613
615
618
619
620
623
626
627
628
631
632
637
639
642
643
644
645
649
650
659
660
665
668
669
670
671
673
676
678
679
680
681
684
685
686
692
696
699
700
704
707
712
716
717
721
723
726
728
735
741
743
174
181
183
186
187
190
192
193
196
198
202
203
207
209
210
212
220
225
226
228
230
239
257
260
272
302
427
488
516
527
545
560
564
572
585
592
597
599
602
616
622
624
635
654
655
657
658
661
663
664
667
672
675
688
701
705
706
710
711
713
718
719
724
729
730
731
732
736
737
739
742
745
746
748
749
751
759
773
168
170
176
178
179
184
188
189
195
208
211
213
235
242
262
314
536
547
634
653
656
666
677
689
691
694
697
698
708
722
740
747
750
754
755
757
758
764
765
769
770
777
780
781
784
153
158
160
162
163
164
165
167
171
177
180
185
201
206
233
633
638
695
709
744
752
761
762
766
768
771
775
776
778
785
786
787
793
794
798
169
173
175
182
648
727
734
753
756
760
767
772
779
783
788
789
790
792
795
796
801
803
805
147
152
161
166
172
733
774
782
791
800
135
137
140
150
154
155
156
159
763
799
802
806
807
810
811
812
124
134
136
139
141
146
149
151
157
804
813
814
815
817
820
825
126
130
132
142
144
148
797
809
816
818
822
824
827
828
832
833
834
120
131
133
138
808
819
823
829
830
831
836
837
844
117
122
127
128
145
821
826
838
839
842
846
849
118
119
123
125
129
143
835
840
841
843
845
852
860
105
107
114
121
850
851
853
854
855
858
108
113
115
848
856
857
864
868
96
101
106
109
110
112
116
847
859
863
867
870
102
111
862
865
97
99
100
861
866
869
871
872
873
876
877
87
98
103
874
875
878
881
93
879
880
882
883
89
95
104
885
886
888
890
897
81
82
86
88
90
94
884
891
83
84
91
889
892
899
85
92
887
893
894
901
77
79
80
895
898
903
76
896
75
78
902
904
906
914
65
900
912
917
67
69
72
907
915
68
70
73
74
911
63
908
910
913
919
920
61
64
66
922
927
71
921
923
926
62
905
916
925
928
930
58
918
936
952
59
924
934
937
940
943
945
53
909
929
55
931
45
54
56
60
949
48
51
57
933
939
941
49
50
932
935
938
944
958
43
52
946
950
40
46
47
942
957
38
947
955
964
34
35
960
37
44
951
953
954
959
963
41
948
956
33
42
28
39
961
36
971
29
965
31
966
967
32
962
27
975
24
973
18
970
972
19
20
983
15
17
968
974
977
10
23
981
3
30
978
9
989
12
982
11
14
16
22
21
26
6
2
5
8
979
987
1
690
557
191
331
316
814
266
496
335
455
297
610
379
447
332
853
846
400
444
472
483
511
512
521
546
565
614
318
347
369
414
425
426
433
434
435
442
445
446
448
451
457
458
463
466
470
489
491
492
493
494
506
510
513
515
518
520
524
533
534
540
541
550
555
562
563
567
568
573
575
586
593
594
596
603
605
607
617
621
623
636
641
674
690
715
720
726
735
261
289
295
304
320
325
334
335
337
343
344
345
349
350
352
354
358
360
361
370
374
376
378
379
381
384
388
390
391
393
399
401
405
406
408
411
412
413
415
418
424
428
429
430
432
437
438
443
450
452
453
455
456
460
461
464
465
467
469
473
474
475
478
479
480
481
485
490
495
496
498
499
500
501
503
504
507
508
509
514
517
519
522
523
528
531
532
535
537
538
539
542
543
548
549
551
552
553
556
557
559
566
570
571
574
576
582
583
587
590
591
595
598
600
604
606
610
611
612
618
620
625
629
630
632
637
640
642
646
647
651
652
660
662
682
683
684
693
700
702
703
706
707
712
714
717
721
725
738
743
221
245
248
249
255
256
258
259
264
265
266
269
277
280
281
284
285
287
294
297
298
299
300
303
306
308
310
311
313
315
316
317
319
323
327
331
332
333
338
346
351
355
364
365
366
367
368
371
372
373
375
377
380
382
383
385
386
387
389
392
394
395
396
398
402
407
409
410
416
417
420
421
422
431
436
439
440
447
449
454
459
462
471
476
477
484
486
487
497
502
505
525
526
529
530
544
554
558
561
569
577
578
579
580
581
584
585
588
589
597
601
608
609
613
615
619
626
627
628
631
639
643
644
645
649
650
654
657
658
659
664
665
668
669
670
671
673
676
678
679
680
681
685
686
687
692
696
699
704
705
716
719
723
724
728
729
731
732
736
737
741
742
745
746
748
751
759
761
770
773
781
784
197
219
222
224
234
237
238
243
246
254
263
267
268
270
273
275
276
278
282
283
288
290
291
292
301
305
307
309
312
321
322
324
326
328
329
340
341
342
348
353
359
362
363
397
403
404
419
423
441
468
482
516
527
545
560
564
572
592
599
602
616
622
624
634
635
655
661
663
666
667
672
675
688
689
691
698
701
710
711
713
718
722
730
739
740
744
749
750
754
755
757
758
764
769
777
780
194
205
215
216
218
223
227
229
231
232
236
240
241
244
247
250
251
252
253
271
274
279
286
293
296
330
336
339
356
357
427
488
536
547
633
638
653
656
677
694
697
708
709
747
752
762
765
766
768
771
775
776
778
779
785
786
787
788
790
793
794
798
187
193
196
198
199
200
202
204
207
209
212
214
217
220
225
226
228
230
239
257
272
302
695
756
767
772
783
789
792
795
796
801
803
805
168
174
179
181
183
186
189
190
191
192
195
203
210
211
235
242
260
262
314
648
727
733
734
753
760
774
782
791
800
812
165
170
176
178
184
185
188
206
208
213
233
763
799
802
804
806
807
811
815
153
158
160
162
163
164
167
171
175
177
180
182
201
809
810
813
814
817
820
824
825
169
173
797
808
816
818
819
822
827
828
829
832
833
834
147
150
152
161
166
172
823
830
831
836
837
844
130
135
137
140
154
155
156
159
821
826
838
839
842
843
849
850
124
134
136
139
141
146
149
151
157
835
840
841
845
846
852
854
860
126
132
142
144
148
851
855
856
863
120
131
133
138
848
853
857
858
861
868
117
122
127
128
145
859
862
864
867
870
877
118
119
123
125
129
143
847
865
107
109
114
121
866
869
871
872
873
876
105
108
113
115
116
874
875
878
96
106
110
112
879
881
883
884
101
102
111
880
882
890
97
100
885
886
888
891
897
87
99
103
889
93
98
887
892
893
894
899
901
86
89
91
95
104
895
903
81
90
94
898
77
82
83
84
88
896
76
85
92
900
902
904
906
914
79
80
912
917
75
907
915
78
911
908
910
913
919
920
65
67
69
72
922
927
68
70
73
74
905
921
923
926
928
62
63
916
925
930
61
66
918
924
936
64
71
909
934
937
940
945
952
929
943
58
931
949
59
933
939
941
53
55
932
935
938
944
45
54
56
60
950
958
48
51
942
946
57
43
49
50
947
957
40
52
955
964
46
47
960
38
953
954
959
948
951
963
956
34
35
961
37
44
971
41
965
33
42
28
36
39
962
966
967
975
1
29
31
32
973
970
972
27
983
24
18
968
974
977
981
978
19
20
989
15
17
10
23
30
982
3
9
12
11
14
16
22
21
26
6
979
987
2
5
8
690
513
781
814
877
856
575
557
735
249
843
534
707
812
555
706
726
116
623
335
850
863
130
546
853
91
846
332
884
860
77
109
761
76
889
969
985
993
995
25
400
414
433
444
455
472
483
512
261
266
289
297
304
316
318
325
331
334
344
347
349
350
352
354
361
369
379
384
401
406
412
425
426
428
429
432
434
435
442
445
446
447
448
450
451
452
457
458
463
465
466
470
474
475
489
492
493
494
496
506
510
511
515
521
533
550
565
603
610
614
641
221
245
246
248
255
256
258
259
263
264
265
269
277
280
281
284
285
287
294
295
298
300
303
306
308
310
311
315
317
319
320
323
327
332
335
337
338
343
345
351
358
360
364
365
367
368
370
371
372
373
374
376
377
378
380
381
385
388
389
390
391
393
398
399
402
405
408
411
413
415
418
424
430
436
437
438
439
443
453
456
460
461
464
467
469
473
478
479
480
481
485
491
495
498
499
500
501
503
504
508
509
513
514
517
518
519
520
522
523
524
528
531
532
534
535
537
538
539
540
541
542
543
546
548
549
552
553
555
556
557
559
562
563
566
567
568
570
573
574
575
576
586
587
593
594
596
598
604
605
606
607
617
621
625
630
636
640
647
674
690
702
714
715
720
197
205
219
222
224
227
231
234
237
238
243
247
249
254
267
268
270
273
275
276
278
282
283
288
290
292
299
305
307
309
312
313
321
322
324
326
328
329
333
340
341
342
346
348
355
359
362
366
375
382
383
386
387
392
394
395
396
397
403
407
409
410
416
417
419
420
421
422
423
431
440
449
454
459
462
471
476
477
484
486
487
490
497
505
507
525
526
529
544
551
561
571
578
579
581
582
583
584
590
591
595
600
601
608
609
611
612
618
620
623
626
627
628
629
631
632
637
642
643
645
646
650
651
652
660
662
669
682
683
684
687
692
693
699
700
703
717
725
726
735
738
743
191
194
199
200
214
215
216
217
218
223
229
232
236
240
241
244
250
251
252
253
271
274
279
286
291
293
296
301
330
336
339
353
356
357
363
404
427
441
468
482
502
527
530
554
558
560
569
577
580
585
588
589
592
597
599
613
615
616
619
635
639
644
649
654
655
657
658
659
661
664
665
667
668
670
671
673
676
678
679
680
681
685
686
688
696
701
704
705
706
707
712
713
716
718
719
721
723
728
729
731
737
741
742
746
751
174
181
183
186
187
192
193
196
198
202
204
207
209
212
220
225
226
228
230
239
257
260
272
302
488
516
536
545
547
564
572
602
622
624
634
656
663
666
672
675
689
691
697
698
708
710
711
722
724
730
732
736
739
740
745
747
748
749
750
754
755
758
759
770
773
781
784
168
170
176
178
179
184
188
189
190
195
203
208
210
211
213
235
242
262
314
633
638
653
677
694
709
744
757
761
762
764
765
768
769
776
777
780
785
794
160
162
163
164
165
177
185
201
206
233
648
695
727
752
756
766
767
771
775
778
779
783
786
787
788
790
793
798
801
805
153
158
167
171
173
175
180
182
733
734
753
760
772
774
782
789
792
795
796
800
803
152
161
166
169
172
791
802
807
135
137
147
150
154
155
156
159
763
799
804
806
810
811
812
814
815
817
820
124
134
136
139
140
146
151
157
809
813
816
818
822
824
825
833
834
130
132
141
142
144
148
149
797
819
827
828
829
832
837
126
131
138
808
821
823
830
831
836
838
844
849
117
120
122
127
128
133
145
826
839
842
845
118
119
123
125
129
143
835
840
841
843
846
851
852
854
855
107
114
850
853
856
857
858
860
861
105
108
115
121
848
863
864
867
868
96
106
109
110
112
113
847
859
862
865
870
101
102
111
116
866
869
872
873
876
877
97
99
100
871
874
878
87
103
875
879
880
881
98
882
883
890
89
93
95
104
884
885
886
888
891
897
81
82
86
88
90
94
83
84
91
887
892
893
894
899
901
85
92
889
895
898
903
77
79
80
76
896
914
75
78
900
902
904
906
65
907
912
917
67
69
72
915
68
70
73
74
910
911
913
919
62
63
908
920
922
61
64
66
921
923
927
71
905
916
926
928
930
925
936
58
918
924
934
937
940
945
952
59
909
929
943
53
45
55
931
949
54
56
60
933
939
941
48
51
57
932
935
938
49
50
944
950
958
43
52
946
40
942
46
47
947
955
957
38
964
960
34
35
953
954
959
37
44
948
951
963
41
956
33
42
961
28
39
36
965
971
29
969
31
962
966
967
32
975
27
24
973
18
970
972
983
19
20
10
15
17
968
974
977
981
23
30
978
985
3
9
989
12
16
982
995
11
14
22
21
26
6
1
2
8
25
987
5
979
993
690
557
814
331
191
496
316
335
266
513
610
297
455
447
379
575
249
332
856
735
400
444
472
483
511
512
521
546
565
614
347
414
425
426
433
434
435
442
445
446
448
451
458
463
466
470
489
491
492
493
494
506
510
515
518
520
524
533
534
540
541
549
550
555
562
563
567
573
586
593
594
596
603
605
607
617
621
623
636
641
674
690
715
720
726
261
289
304
318
325
334
335
343
344
345
349
350
352
354
358
360
361
369
370
374
378
379
384
388
390
391
393
399
401
405
406
408
411
412
413
418
424
428
429
430
432
438
443
450
452
453
455
457
460
464
465
469
473
474
475
478
479
480
481
485
495
496
498
499
500
501
503
504
507
508
509
513
514
517
519
522
523
528
531
532
535
537
538
539
542
543
548
551
552
553
556
557
559
566
568
570
571
574
575
576
582
583
587
590
591
595
598
600
604
606
610
611
612
615
618
620
625
629
630
632
637
640
642
646
647
651
652
682
683
684
700
702
703
706
707
714
721
725
743
248
256
258
264
269
277
281
284
285
287
294
295
298
303
306
308
310
311
315
316
317
319
320
323
327
332
333
337
338
346
351
355
364
365
367
368
371
372
373
376
377
380
381
383
385
386
387
389
394
395
396
398
402
407
410
415
416
417
420
421
422
436
437
439
440
447
449
454
456
461
462
467
471
476
477
484
486
487
490
497
502
505
525
526
529
530
544
554
558
561
569
577
578
579
580
581
584
585
588
589
597
601
608
609
613
616
619
626
627
628
631
639
643
644
645
649
650
654
655
657
658
659
660
662
664
665
668
669
670
671
673
676
678
679
680
681
685
687
692
693
696
699
704
705
712
716
717
719
723
724
728
729
731
735
737
738
741
742
746
751
781
221
222
234
243
245
246
254
255
259
263
265
266
268
270
273
275
276
278
280
282
283
288
290
297
299
300
305
307
309
312
313
321
322
324
326
328
329
331
340
341
342
348
353
359
362
363
366
375
382
392
397
403
404
409
419
423
431
441
459
468
482
516
527
545
560
564
572
592
599
602
622
624
634
635
661
663
667
672
675
686
688
689
691
698
701
711
713
718
722
730
732
736
739
745
748
749
754
755
759
761
769
770
773
777
784
197
205
219
223
224
227
231
237
238
240
241
244
247
249
250
252
267
271
286
291
292
293
296
301
330
336
339
356
357
427
488
536
547
633
638
653
656
666
677
694
697
708
709
710
740
744
747
750
757
758
762
764
765
768
776
779
780
785
787
793
794
798
194
199
200
214
215
216
217
218
220
225
229
230
232
236
239
251
253
257
272
274
279
302
695
752
756
766
767
771
775
778
783
786
788
789
790
792
805
174
181
186
187
191
192
193
196
198
202
204
207
209
210
212
226
228
235
242
260
262
314
648
727
733
734
753
760
772
774
782
795
796
800
801
803
168
170
176
178
179
183
184
189
190
195
203
208
211
213
791
799
802
806
807
811
812
162
163
164
165
185
188
201
206
233
763
804
810
815
817
820
825
153
158
160
167
171
175
177
180
182
809
813
814
816
818
822
824
833
166
169
172
173
797
808
819
827
828
829
832
834
147
150
152
159
161
823
830
831
836
837
838
844
846
130
134
135
137
139
140
146
151
154
155
156
821
826
839
842
843
849
850
124
132
136
141
149
157
835
840
841
845
852
853
854
860
126
142
144
148
851
855
861
863
120
131
133
138
848
857
858
868
117
122
127
128
143
145
856
859
862
864
870
877
118
119
123
125
129
847
865
867
107
114
866
869
871
873
876
105
108
109
113
115
116
121
872
874
878
106
110
112
875
881
884
96
101
102
111
879
880
882
883
890
97
100
885
886
888
891
897
87
99
103
98
889
892
894
93
104
887
893
895
899
901
81
86
89
91
94
95
898
903
77
82
84
88
90
896
76
83
92
906
914
85
900
902
904
912
79
80
907
917
75
915
78
911
65
67
69
908
910
913
919
920
72
73
74
922
927
68
70
905
921
923
926
62
63
916
925
928
930
61
64
66
918
936
71
909
924
934
937
940
945
952
929
943
58
931
59
949
969
53
933
939
941
55
56
935
938
944
45
54
60
932
950
958
48
51
946
57
942
43
49
50
957
985
40
52
947
955
25
46
47
960
964
38
954
959
951
953
963
948
956
995
34
35
37
44
961
41
971
33
42
965
28
36
966
39
962
967
993
29
31
975
32
973
27
970
972
24
983
18
968
974
977
981
19
20
978
15
989
10
17
23
30
982
3
9
12
14
16
11
21
22
26
6
979
987
2
5
8
1
690
814
853
846
557
781
877
843
707
534
812
555
726
706
856
623
335
116
130
850
863
546
513
761
91
332
860
77
76
62
109
861
884
