246.8
246.8
246.8
246.8
246.8
246.8
246.8
246.8
246.8
246.8
246.8
246.8
246.8
246.8
246.8
246.8
246.8
246.8
246.8
246.8
246.8
246.8
246.8
246.8
246.8
246.8
246.8
246.8
246.8
246.8
246.8
246.9
246.9
246.9
246.9
246.9
246.9
246.9
246.9
246.9
247.0
247.0
247.0
247.0
247.0
247.0
247.0
247.0
247.0
247.0
247.0
247.0
247.0
247.0
247.0
247.0
247.0
247.0
247.0
247.0
247.0
247.0
247.0
247.0
247.0
247.1
247.1
247.1
247.1
247.1
247.1
247.1
247.1
247.1
247.1
247.1
247.2
247.2
247.3
247.5
247.5
247.5
247.5
247.7
247.7
247.7
247.7
247.7
247.8
247.8
247.8
248.0
248.0
248.1
248.3
248.3
248.3
248.4
248.4
248.8
253.0
253.0
253.0
253.0
253.1
253.1
253.1
253.1
253.1
253.1
253.2
253.2
253.2
253.2
253.2
253.2
253.2
253.2
253.2
253.2
253.2
253.2
253.2
253.2
253.3
253.3
253.3
253.3
253.3
253.3
253.3
253.3
253.3
253.3
253.4
253.5
253.5
253.5
253.5
253.5
253.5
253.5
253.6
253.6
253.6
253.6
253.6
253.6
253.6
253.6
253.7
253.7
253.7
253.7
253.7
253.7
253.7
253.8
253.8
253.8
253.8
253.8
253.8
253.8
253.9
253.9
253.9
253.9
254.0
254.0
254.0
254.0
254.0
254.1
254.2
254.2
254.3
254.5
254.6
255.3
255.3
255.5
255.7
255.7
255.8
255.9
256.2
256.2
256.3
256.5
256.7
257.2
257.2
257.3
257.8
257.9
258.0
258.0
258.0
258.0
258.0
258.0
258.0
258.0
258.0
258.0
258.1
258.1
258.1
258.1
258.1
258.1
258.1
258.1
258.1
258.1
258.2
258.2
258.2
258.2
258.2
258.2
258.2
258.2
258.2
258.2
258.3
258.3
258.3
258.3
258.3
258.3
258.4
258.4
258.4
258.4
258.4
258.4
258.5
258.5
258.5
258.5
258.6
258.6
258.6
258.6
258.7
258.7
258.7
258.7
258.8
258.8
258.8
258.8
258.9
258.9
258.9
258.9
258.9
258.9
259.0
259.0
259.0
259.0
259.1
259.1
259.1
259.3
259.3
259.4
259.4
259.4
259.5
259.5
259.6
259.6
259.7
259.9
259.9
260.9
260.9
261.0
261.1
261.1
261.2
261.4
261.7
261.9
262.2
262.6
262.6
262.7
262.7
262.7
262.7
262.8
262.8
262.8
262.9
262.9
262.9
263.0
263.0
263.0
263.0
263.0
263.0
263.1
263.1
263.1
263.2
263.2
263.2
263.2
263.2
263.2
263.3
263.3
263.3
263.3
263.3
263.3
263.4
263.4
263.4
263.4
263.4
263.4
263.4
263.4
263.5
263.5
263.6
263.6
263.7
263.7
263.7
263.7
263.8
263.8
263.8
263.8
263.9
263.9
263.9
263.9
263.9
264.0
264.1
264.2
264.2
264.2
264.3
264.3
264.4
264.5
264.5
264.6
264.8
264.9
264.9
265.0
265.0
265.0
265.1
265.1
265.1
265.3
265.3
265.4
265.4
265.5
265.7
265.9
266.1
266.2
266.3
266.9
267.2
267.4
267.6
267.7
267.7
268.0
268.4
268.6
269.4
269.6
269.7
269.8
269.8
269.9
269.9
269.9
269.9
270.0
270.1
270.2
270.2
270.3
270.4
270.5
270.5
270.5
270.6
270.8
270.8
270.9
270.9
270.9
270.9
271.0
271.0
271.0
271.1
271.1
271.1
271.1
271.2
271.2
271.2
271.3
271.3
271.4
271.4
271.5
271.5
271.5
271.5
271.5
271.6
271.7
271.7
271.7
271.8
271.8
271.8
271.8
272.0
272.0
272.1
272.2
272.3
272.4
272.4
272.5
272.6
272.9
273.0
273.2
273.2
273.4
273.6
273.6
273.7
273.8
273.9
274.0
274.5
274.6
274.7
274.8
275.0
276.2
276.4
276.5
276.8
276.9
276.9
277.4
277.5
277.9
278.4
278.8
279.3
279.3
279.4
280.0
281.6
281.6
281.7
282.3
285.9
303.9
304.7
323.7
416.5
416.5
416.5
416.6
416.6
416.6
416.6
416.6
416.6
416.6
416.6
416.6
416.6
416.6
416.6
416.6
416.6
416.6
416.6
416.6
416.6
416.6
416.6
416.6
416.6
416.6
416.6
416.6
416.6
416.6
416.6
416.6
416.6
416.6
416.6
416.7
416.7
416.7
416.7
416.7
416.7
416.7
416.7
416.7
416.7
416.7
416.7
416.7
416.7
416.7
416.7
416.7
416.7
416.7
416.7
416.7
416.7
416.7
416.7
416.7
416.7
416.7
416.7
416.7
416.7
416.8
416.8
416.8
416.8
416.8
416.8
416.9
416.9
417.0
417.0
417.0
417.0
417.0
417.1
417.1
417.2
417.3
417.3
417.3
417.3
417.3
417.4
417.4
417.5
417.5
417.6
417.6
417.7
417.8
418.0
418.0
418.1
418.1
418.1
418.2
421.5
421.5
421.6
421.6
421.6
421.6
421.6
421.6
421.6
421.6
421.7
421.7
421.7
421.7
421.7
421.7
421.7
421.7
421.7
421.7
421.7
421.7
421.7
421.7
421.7
421.7
421.7
421.7
421.7
421.7
421.7
421.7
421.7
421.7
421.7
421.7
421.7
421.7
421.7
421.7
421.7
421.8
421.8
421.8
421.8
421.8
421.8
421.8
421.8
421.8
421.8
421.8
421.8
421.8
421.8
421.8
421.8
421.8
421.8
421.8
421.8
421.8
421.9
421.9
421.9
422.0
422.0
422.0
422.1
422.1
422.2
422.3
422.3
422.4
422.4
422.5
422.5
422.6
422.8
423.0
423.1
423.4
423.4
423.4
423.5
423.6
423.8
423.8
424.1
424.2
424.4
424.6
425.0
425.0
425.6
425.8
426.0
426.0
426.1
426.2
426.2
426.2
426.2
426.2
426.3
426.3
426.3
426.3
426.3
426.3
426.3
426.3
426.3
426.3
426.3
426.4
426.4
426.4
426.4
426.4
426.4
426.4
426.4
426.4
426.5
426.5
426.5
426.5
426.5
426.5
426.5
426.5
426.5
426.6
426.6
426.6
426.6
426.6
426.6
426.6
426.7
426.7
426.7
426.7
426.7
426.7
426.7
426.8
426.8
426.8
426.8
426.8
426.8
426.8
426.8
426.9
426.9
426.9
427.0
427.0
427.1
427.1
427.2
427.2
427.4
427.4
427.4
427.5
427.5
427.5
427.5
427.6
427.7
427.8
427.8
427.8
428.0
428.1
428.5
429.0
429.1
429.1
429.2
429.2
429.4
429.6
429.8
430.2
430.5
430.6
430.9
431.0
431.1
431.2
431.2
431.2
431.2
431.3
431.4
431.4
431.4
431.4
431.4
431.4
431.4
431.5
431.5
431.5
431.6
431.6
431.6
431.7
431.7
431.7
431.7
431.7
431.8
431.8
431.8
431.9
431.9
432.0
432.1
432.1
432.1
432.1
432.1
432.1
432.1
432.2
432.2
432.3
432.3
432.3
432.3
432.3
432.4
432.4
432.4
432.5
432.5
432.5
432.6
432.7
432.7
432.8
432.9
432.9
432.9
433.0
433.0
433.0
433.1
433.2
433.3
433.6
433.6
433.8
434.0
434.1
434.1
434.1
434.2
434.3
434.3
434.7
434.7
434.9
435.1
435.1
435.2
435.4
435.6
435.7
435.8
436.3
436.6
437.0
437.7
438.5
438.9
439.0
439.4
439.9
439.9
439.9
440.2
440.3
440.4
440.9
441.1
441.2
441.3
441.4
441.4
441.5
441.9
442.0
442.1
442.2
442.2
442.3
442.5
442.6
442.6
442.7
442.7
442.8
443.1
443.1
443.2
443.5
443.7
443.7
443.8
444.1
444.2
444.3
444.4
444.7
444.8
444.9
445.0
445.3
445.5
445.5
445.6
445.7
445.9
446.3
447.1
447.2
447.4
447.9
448.0
448.0
448.6
448.8
449.0
449.3
449.6
450.2
450.5
450.9
451.5
451.8
452.0
453.1
453.3
454.0
455.5
456.8
458.8
459.7
468.2
546.0
546.0
546.0
546.0
546.0
546.0
546.0
546.0
546.0
546.0
546.0
546.0
546.0
546.0
546.0
546.1
546.1
546.1
546.1
546.1
546.1
546.1
546.1
546.1
546.1
546.1
546.1
546.1
546.1
546.1
546.1
546.1
546.1
546.1
546.1
546.1
546.1
546.1
546.1
546.1
546.1
546.1
546.2
546.2
546.2
546.2
546.2
546.2
546.2
546.2
546.2
546.2
546.2
546.2
546.2
546.2
546.2
546.2
546.2
546.2
546.2
546.2
546.2
546.2
546.2
546.2
546.2
546.2
546.2
546.2
546.2
546.3
546.3
546.3
546.3
546.3
546.3
546.4
546.4
546.6
546.6
546.6
546.6
546.7
546.7
546.7
546.8
546.8
546.8
546.8
546.8
547.0
547.0
547.0
547.2
547.2
547.2
547.3
547.3
547.6
552.9
552.9
552.9
552.9
553.0
553.0
553.0
553.0
553.0
553.1
553.1
553.1
553.1
553.1
553.1
553.1
553.1
553.1
553.2
553.2
553.2
553.2
553.2
553.2
553.2
553.2
553.2
553.2
553.2
553.2
553.3
553.3
553.3
553.3
553.4
553.4
553.4
553.5
553.5
553.5
553.5
553.5
553.5
553.5
553.5
553.6
553.6
553.7
553.7
553.7
553.7
553.7
553.7
553.7
553.7
553.8
553.8
553.8
553.9
553.9
553.9
553.9
553.9
554.0
554.0
554.0
554.1
554.1
554.1
554.2
554.2
554.2
554.2
554.4
554.5
554.5
554.6
555.0
555.0
556.4
556.5
556.5
556.9
557.3
557.6
557.7
558.3
558.4
558.6
558.6
559.3
561.5
561.6
562.1
563.8
564.1
564.3
564.6
564.7
564.8
564.8
564.8
564.8
564.8
564.8
564.8
564.8
564.8
564.8
564.9
564.9
564.9
564.9
564.9
564.9
564.9
564.9
564.9
564.9
564.9
564.9
564.9
564.9
564.9
564.9
564.9
564.9
564.9
564.9
564.9
564.9
564.9
564.9
564.9
564.9
564.9
564.9
564.9
564.9
564.9
564.9
564.9
564.9
564.9
564.9
564.9
564.9
564.9
564.9
564.9
564.9
564.9
564.9
564.9
564.9
564.9
565.0
565.0
565.0
565.0
565.0
565.0
565.0
565.0
565.0
565.0
565.0
565.0
565.0
565.0
565.1
565.1
565.2
565.6
565.6
565.7
565.8
565.8
565.8
565.8
566.1
566.2
566.3
566.4
566.7
566.7
567.0
567.1
567.6
567.9
568.1
569.4
569.5
569.5
569.5
569.5
569.5
569.5
569.5
569.6
569.6
569.6
569.6
569.6
569.6
569.6
569.6
569.6
569.7
569.7
569.7
569.7
569.7
569.7
569.8
569.8
569.8
569.8
569.8
569.8
569.8
569.8
569.9
569.9
569.9
569.9
569.9
569.9
569.9
570.0
570.0
570.0
570.0
570.1
570.1
570.1
570.1
570.1
570.1
570.1
570.1
570.1
570.2
570.2
570.2
570.3
570.3
570.3
570.3
570.3
570.4
570.4
570.5
570.5
570.5
570.7
570.7
570.8
570.9
570.9
570.9
571.0
571.0
571.0
571.1
571.1
571.2
571.4
571.4
571.5
571.7
571.9
572.2
572.3
572.4
572.4
572.4
572.5
572.6
572.6
572.6
573.1
573.1
573.3
573.4
573.6
574.1
574.3
574.5
574.5
574.5
574.6
574.6
574.6
574.7
574.7
574.8
574.8
574.8
574.8
574.9
574.9
574.9
574.9
575.0
575.0
575.0
575.1
575.1
575.1
575.2
575.2
575.2
575.2
575.3
575.3
575.3
575.3
575.4
575.4
575.6
575.6
575.6
575.6
575.6
575.7
575.7
575.7
575.7
575.7
575.7
575.8
575.8
575.9
575.9
575.9
575.9
576.0
576.0
576.2
576.3
576.3
576.3
576.4
576.5
576.5
576.5
576.5
576.5
576.7
576.8
577.0
577.1
577.1
577.2
577.4
577.5
577.5
577.7
577.7
577.8
577.9
577.9
578.0
578.1
578.4
578.5
578.6
578.7
578.7
578.8
578.9
579.0
579.1
579.1
579.1
579.2
579.4
580.1
580.1
580.2
580.2
580.3
580.4
580.4
580.5
580.5
580.5
580.6
580.6
580.6
580.6
580.6
580.7
580.7
580.7
580.7
580.8
580.8
580.9
581.0
581.0
581.1
581.1
581.1
581.1
581.1
581.2
581.2
581.2
581.3
581.3
581.4
581.4
581.5
581.5
581.6
581.6
581.6
581.8
581.8
581.8
581.9
581.9
581.9
581.9
581.9
582.0
582.0
582.0
582.1
582.3
582.4
582.5
582.5
582.6
582.7
582.7
582.9
583.0
583.0
583.0
583.2
583.2
583.4
583.5
583.7
583.9
583.9
584.1
584.3
584.3
584.6
584.7
585.2
585.3
585.4
585.5
585.6
586.1
586.4
586.5
586.5
586.5
587.7
587.7
587.8
587.9
588.2
588.4
588.8
588.8
588.9
588.9
589.7
590.6
591.8
591.8
592.9
593.0
593.4
593.8
593.9
594.0
594.1
594.2
594.6
595.0
595.0
595.0
595.1
595.3
595.4
595.6
595.7
596.2
596.2
596.4
596.4
597.4
597.5
597.5
597.6
598.1
598.1
599.1
599.6
599.7
599.8
600.5
600.7
600.9
601.6
601.7
602.0
602.4
602.9
603.0
603.0
603.4
603.7
604.1
604.1
604.8
605.0
606.5
606.6
607.7
608.1
611.9
612.6
612.7
614.9
616.0
616.5
627.7
693.1
693.1
693.1
693.1
693.1
693.1
693.1
693.1
693.1
693.1
693.2
693.2
693.2
693.2
693.2
693.2
693.2
693.2
693.2
693.2
693.2
693.2
693.2
693.2
693.2
693.2
693.2
693.2
693.2
693.2
693.2
693.2
693.2
693.2
693.2
693.2
693.2
693.2
693.2
693.2
693.2
693.2
693.2
693.2
693.2
693.2
693.2
693.2
693.2
693.2
693.2
693.3
693.3
693.3
693.3
693.3
693.3
693.3
693.3
693.3
693.3
693.3
693.3
693.3
693.3
693.3
693.3
693.3
693.3
693.3
693.3
693.3
693.3
693.3
693.4
693.4
693.4
693.4
693.4
693.6
693.6
693.6
693.7
693.7
693.7
693.7
693.8
693.8
693.8
693.8
693.9
694.0
694.0
694.1
694.2
694.2
694.3
694.3
694.3
694.6
700.0
700.0
700.2
700.2
700.2
700.2
700.2
700.2
700.2
700.3
700.3
700.3
700.3
700.3
700.3
700.3
700.3
700.4
700.4
700.4
700.4
700.4
700.4
700.4
700.4
700.4
700.4
700.4
700.4
700.4
700.5
700.5
700.5
700.5
700.6
700.6
700.6
700.6
700.6
700.7
700.7
700.7
700.7
700.7
700.7
700.7
700.7
700.8
700.8
700.8
700.8
700.8
700.8
700.8
700.8
700.8
700.9
700.9
700.9
700.9
700.9
701.0
701.0
701.1
701.1
701.1
701.1
701.1
701.1
701.2
701.2
701.2
701.2
701.3
701.4
701.4
701.5
701.7
701.7
702.2
702.2
702.4
702.5
702.5
702.6
702.6
702.8
702.8
702.9
703.0
703.2
703.5
703.6
703.6
704.1
704.3
704.5
704.6
704.7
705.0
706.7
706.8
706.8
706.8
706.8
706.8
706.9
706.9
706.9
706.9
706.9
706.9
706.9
706.9
706.9
707.0
707.0
707.0
707.0
707.0
707.0
707.0
707.0
707.0
707.0
707.0
707.0
707.0
707.0
707.0
707.1
707.1
707.1
707.2
707.2
707.2
707.2
707.2
707.2
707.3
707.3
707.3
707.3
707.3
707.3
707.4
707.4
707.5
707.5
707.5
707.5
707.5
707.5
707.6
707.6
707.7
707.7
707.7
707.7
707.7
707.8
707.8
707.8
707.8
707.9
707.9
707.9
708.1
708.1
708.1
708.1
708.2
708.2
708.2
708.3
708.3
708.3
708.4
708.6
708.8
709.0
709.1
709.1
709.2
709.2
709.2
709.3
709.3
709.3
709.4
709.5
709.7
710.1
710.1
710.4
710.4
710.5
710.6
710.7
710.7
710.8
710.8
710.8
710.8
710.8
710.9
710.9
710.9
710.9
710.9
710.9
711.0
711.0
711.0
711.0
711.1
711.1
711.1
711.1
711.1
711.2
711.2
711.2
711.2
711.2
711.2
711.2
711.2
711.2
711.2
711.2
711.2
711.3
711.3
711.3
711.3
711.3
711.3
711.3
711.3
711.4
711.4
711.4
711.5
711.6
711.6
711.6
711.6
711.7
711.7
711.7
711.7
711.9
711.9
711.9
711.9
711.9
711.9
712.0
712.0
712.0
712.1
712.3
712.3
712.3
712.8
712.8
712.8
712.8
712.9
712.9
713.0
713.1
713.2
713.3
713.4
713.6
713.8
714.3
714.6
714.7
714.8
714.8
714.9
715.0
715.2
715.6
715.6
715.7
715.9
716.0
716.0
716.1
716.1
716.2
716.2
716.3
716.3
716.4
716.5
716.5
716.5
716.6
716.6
716.6
716.6
716.7
716.7
716.8
716.8
716.8
716.9
716.9
716.9
716.9
717.0
717.0
717.0
717.0
717.1
717.1
717.1
717.1
717.1
717.1
717.1
717.2
717.2
717.2
717.3
717.3
717.4
717.4
717.4
717.4
717.4
717.5
717.5
717.5
717.5
717.5
717.6
717.6
717.6
717.7
717.7
717.8
717.9
717.9
718.0
718.1
718.2
718.2
718.3
718.4
718.4
718.4
718.5
718.5
718.7
719.0
719.4
719.4
719.5
719.5
719.7
719.7
720.0
720.1
720.2
720.3
720.5
720.6
720.7
721.2
721.4
721.8
721.9
722.8
723.1
723.2
723.5
723.5
723.6
723.9
724.9
726.5
727.7
728.1
728.3
728.5
728.9
729.2
729.2
729.5
729.9
730.0
730.1
730.1
730.2
730.3
730.3
730.4
730.6
730.7
730.9
731.4
731.9
732.0
732.1
732.4
732.5
732.5
732.6
732.7
733.1
733.1
733.7
733.7
733.8
733.9
734.0
734.0
734.0
734.1
734.1
734.2
734.2
734.2
734.3
734.3
734.3
734.3
734.4
734.4
734.4
734.4
734.4
734.4
734.4
734.5
734.5
734.5
734.5
734.5
734.5
734.5
734.5
734.5
734.6
734.6
734.6
734.6
734.6
734.6
734.7
734.7
734.7
734.7
734.7
734.7
734.7
734.8
734.8
734.8
734.8
734.9
734.9
735.0
735.0
735.0
735.0
735.1
735.1
735.1
735.2
735.3
735.3
735.3
735.3
735.3
735.4
735.4
735.4
735.4
735.4
735.4
735.4
735.4
735.4
735.4
735.4
735.5
735.5
735.5
735.5
735.5
735.6
735.7
735.7
735.7
735.8
735.8
735.8
735.9
735.9
736.5
736.5
736.6
737.0
737.2
737.2
737.3
737.3
737.4
738.0
738.2
739.1
739.1
739.5
739.6
739.7
739.8
739.9
740.1
740.1
740.2
740.2
740.2
740.4
740.5
740.5
740.6
740.6
740.6
740.6
740.6
740.6
740.6
740.7
740.7
740.8
740.8
740.9
740.9
740.9
741.0
741.0
741.1
741.2
741.2
741.2
741.2
741.3
741.3
741.5
741.5
741.6
741.7
741.7
741.7
741.8
741.8
741.9
741.9
742.0
742.0
742.1
742.1
742.2
742.2
742.2
742.2
742.2
742.2
742.2
742.2
742.2
742.3
742.3
742.3
742.4
742.5
742.6
742.7
742.7
742.8
742.8
743.0
743.0
743.1
743.2
743.3
743.3
743.3
743.5
743.6
743.7
743.7
743.7
743.8
743.8
743.8
743.9
743.9
743.9
743.9
744.0
744.2
744.3
744.3
744.4
744.4
744.4
744.4
744.5
744.6
744.6
744.7
744.8
744.8
744.8
744.9
745.0
745.1
745.1
745.1
745.1
745.2
745.2
745.3
745.3
745.4
745.4
745.5
745.6
745.6
745.6
745.7
745.7
745.8
745.9
745.9
745.9
745.9
746.0
746.0
746.0
746.2
746.5
746.6
746.7
746.7
746.9
746.9
746.9
746.9
747.0
747.0
747.0
747.2
747.2
747.2
747.2
747.2
747.4
747.5
747.5
747.6
747.6
747.8
747.8
747.9
747.9
747.9
747.9
748.0
748.1
748.1
748.2
748.2
748.3
748.3
748.4
748.7
748.8
749.0
749.1
749.2
749.2
749.2
749.2
749.4
749.6
749.7
749.9
749.9
750.1
750.4
750.4
750.4
750.6
750.7
750.8
750.9
751.0
751.1
751.2
751.2
751.3
751.4
751.5
751.6
751.6
751.7
751.7
751.8
751.8
751.9
751.9
752.0
752.1
752.1
752.1
752.2
752.2
752.2
752.3
752.3
752.6
752.6
752.6
752.7
752.8
753.1
753.2
753.2
753.2
753.3
753.3
753.3
753.3
753.3
753.3
753.4
753.4
753.4
753.4
753.5
753.5
753.6
753.6
753.7
753.7
753.7
753.8
753.8
753.8
754.0
754.1
754.1
754.1
754.1
754.1
754.4
754.5
754.7
754.7
754.8
754.8
754.8
754.9
754.9
754.9
754.9
755.0
755.0
755.0
755.0
755.1
755.1
755.1
755.2
755.4
755.6
755.6
755.7
755.8
756.0
756.0
756.1
756.2
756.5
756.6
756.7
756.8
756.8
757.0
757.2
757.2
757.2
757.2
757.6
757.7
758.0
758.1
758.4
758.5
758.6
758.9
759.1
759.4
759.5
759.7
759.9
760.2
760.3
760.4
760.7
761.0
761.5
761.7
761.7
761.8
762.0
762.3
762.5
762.5
762.9
763.0
763.0
763.1
763.2
763.9
763.9
764.1
764.6
764.6
764.9
765.0
765.4
765.4
765.6
765.9
766.0
766.1
766.2
766.3
766.7
766.7
767.6
767.9
767.9
767.9
768.0
768.2
768.8
770.1
770.3
771.3
771.3
771.4
773.5
773.8
776.0
776.6
777.9
777.9
778.6
780.0
782.5
784.9
787.1
798.5
799.3
863.6
863.6
863.6
863.6
863.6
863.6
863.6
863.6
863.6
863.7
863.7
863.7
863.7
863.7
863.7
863.7
863.7
863.7
863.7
863.7
863.7
863.7
863.7
863.7
863.7
863.7
863.7
863.8
863.8
863.8
863.8
863.8
863.8
863.8
863.8
863.8
863.8
863.8
863.8
863.8
863.8
863.8
863.8
863.8
863.8
863.8
863.8
863.8
863.8
863.8
863.8
863.8
863.8
863.8
863.8
863.8
863.8
863.8
863.8
863.8
863.8
863.9
863.9
863.9
863.9
863.9
863.9
863.9
864.0
864.0
864.0
864.0
864.1
864.1
864.1
864.3
864.4
864.4
864.4
864.4
864.5
864.5
864.5
864.5
864.5
864.7
864.9
865.2
865.2
865.3
865.5
865.7
865.8
865.9
866.0
866.4
866.5
866.5
866.5
866.7
868.2
868.2
868.2
868.2
868.2
868.2
868.2
868.2
868.2
868.2
868.2
868.2
868.2
868.2
868.2
868.2
868.2
868.2
868.2
868.2
868.2
868.2
868.2
868.2
868.2
868.2
868.2
868.2
868.2
868.2
868.2
868.2
868.2
868.2
868.2
868.2
868.2
868.2
868.2
868.2
868.2
868.2
868.2
868.2
868.2
868.2
868.2
868.2
868.2
868.2
868.2
868.2
868.2
868.2
868.2
868.2
868.2
868.2
868.2
868.2
868.2
868.2
868.2
868.3
868.3
868.3
868.3
868.3
868.3
868.3
868.3
868.3
868.4
868.6
868.6
868.6
868.6
868.7
868.7
868.7
868.8
868.9
868.9
868.9
869.0
869.0
869.5
869.5
869.5
869.7
870.0
870.3
870.9
871.0
871.1
871.7
872.0
872.1
872.1
872.4
872.5
872.5
872.6
872.6
872.6
872.6
872.6
872.6
872.6
872.6
872.6
872.6
872.6
872.6
872.6
872.6
872.6
872.6
872.6
872.6
872.6
872.6
872.6
872.6
872.6
872.6
872.6
872.6
872.6
872.6
872.6
872.6
872.7
872.7
872.7
872.7
872.7
872.7
872.7
872.7
872.7
872.7
872.7
872.7
872.7
872.7
872.7
872.7
872.7
872.7
872.7
872.7
872.7
872.7
872.7
872.7
872.7
872.8
872.8
872.8
872.8
872.8
872.8
872.8
872.9
872.9
872.9
872.9
872.9
872.9
872.9
873.0
873.1
873.2
873.3
873.4
873.4
873.5
873.6
873.6
873.6
873.6
873.7
873.7
873.9
874.0
874.2
874.4
874.7
874.8
874.9
875.2
876.2
876.2
876.5
876.6
876.6
876.6
876.7
876.7
876.7
876.7
876.8
876.8
876.8
876.8
876.8
876.8
876.8
876.8
876.8
876.9
876.9
876.9
876.9
876.9
876.9
876.9
876.9
876.9
876.9
876.9
876.9
876.9
877.0
877.0
877.0
877.0
877.0
877.0
877.0
877.0
877.0
877.1
877.1
877.1
877.1
877.1
877.1
877.2
877.2
877.2
877.2
877.2
877.2
877.2
877.2
877.2
877.3
877.3
877.3
877.3
877.3
877.3
877.4
877.4
877.4
877.4
877.5
877.5
877.5
877.6
877.6
877.7
877.7
877.7
877.8
877.9
878.1
878.1
878.1
878.1
878.2
878.3
878.6
878.6
878.8
878.9
879.0
879.1
879.1
879.1
879.2
879.4
879.4
880.1
880.5
880.9
881.2
881.9
882.2
882.5
882.6
882.8
882.8
882.9
883.0
883.1
883.1
883.1
883.1
883.2
883.2
883.2
883.2
883.3
883.4
883.4
883.5
883.5
883.6
883.6
883.6
883.6
883.6
883.6
883.6
883.6
883.6
883.8
883.8
883.8
883.9
884.0
884.0
884.0
884.0
884.0
884.0
884.0
884.1
884.1
884.1
884.1
884.1
884.2
884.3
884.3
884.4
884.4
884.4
884.5
884.5
884.6
884.6
884.7
884.9
884.9
885.0
885.0
885.0
885.1
885.1
885.1
885.2
885.4
885.5
885.5
885.6
885.8
886.0
886.2
886.2
886.3
886.5
887.1
887.4
887.6
887.7
887.9
888.3
888.6
888.8
889.2
889.3
889.3
889.5
890.0
890.1
890.1
890.7
891.5
894.8
896.0
896.1
896.4
903.3
906.7
908.1
908.3
908.4
908.4
908.4
908.4
908.4
908.5
908.5
908.5
908.5
908.5
908.5
908.5
908.6
908.6
908.6
908.6
908.6
908.6
908.6
908.6
908.6
908.6
908.6
908.6
908.6
908.6
908.6
908.6
908.7
908.7
908.7
908.7
908.7
908.7
908.7
908.7
908.7
908.7
908.7
908.7
908.7
908.7
908.7
908.7
908.8
908.8
908.8
908.8
908.8
908.8
908.8
908.8
908.8
908.8
908.8
908.8
908.8
908.8
908.8
908.9
908.9
908.9
908.9
908.9
908.9
908.9
909.0
909.0
909.0
909.0
909.0
909.2
909.3
909.3
909.3
909.3
909.5
909.5
909.6
909.6
909.7
909.7
909.7
909.8
909.9
910.0
910.2
910.5
910.6
910.8
911.0
911.6
911.7
911.8
912.0
912.8
912.8
917.1
917.4
917.5
917.5
917.5
917.5
917.5
917.5
917.5
917.5
917.5
917.5
917.5
917.5
917.5
917.5
917.5
917.5
917.5
917.5
917.5
917.5
917.5
917.5
917.5
917.5
917.5
917.5
917.5
917.5
917.5
917.5
917.5
917.5
917.5
917.5
917.5
917.5
917.5
917.5
917.5
917.5
917.6
917.6
917.6
917.6
917.6
917.6
917.6
917.6
917.6
917.6
917.6
917.6
917.6
917.6
917.6
917.6
917.6
917.6
917.6
917.6
917.6
917.6
917.6
917.6
917.6
917.6
917.6
917.6
917.6
917.6
917.7
917.8
917.8
917.9
917.9
918.0
918.0
918.0
918.0
918.1
918.1
918.1
918.1
918.2
918.2
918.3
918.4
918.4
918.5
918.7
918.7
918.8
919.1
919.1
919.2
919.2
919.4
919.5
922.5
922.5
922.5
922.6
922.6
922.6
922.6
922.6
922.6
922.6
922.6
922.6
922.6
922.6
922.6
922.6
922.6
922.7
922.7
922.7
922.7
922.7
922.7
922.7
922.7
922.7
922.7
922.7
922.7
922.7
922.7
922.7
922.7
922.7
922.7
922.7
922.7
922.7
922.7
922.7
922.7
922.7
922.7
922.7
922.7
922.7
922.8
922.8
922.8
922.8
922.8
922.8
922.8
922.8
922.8
922.8
922.8
922.8
922.9
922.9
922.9
922.9
922.9
923.0
923.0
923.0
923.1
923.1
923.1
923.1
923.1
923.2
923.2
923.2
923.2
923.4
923.4
923.4
923.6
923.7
923.9
923.9
923.9
924.0
924.0
924.0
924.1
924.2
924.2
924.5
924.6
925.0
925.1
925.2
925.5
925.5
925.9
926.1
926.2
926.3
926.9
926.9
926.9
927.0
927.0
927.0
927.1
927.1
927.1
927.1
927.1
927.1
927.2
927.2
927.2
927.2
927.2
927.2
927.2
927.3
927.3
927.3
927.3
927.3
927.3
927.3
927.3
927.3
927.4
927.4
927.4
927.4
927.4
927.5
927.5
927.5
927.5
927.5
927.6
927.6
927.6
927.6
927.6
927.6
927.6
927.6
927.7
927.7
927.7
927.7
927.7
927.8
927.8
927.8
927.8
927.8
927.9
928.0
928.0
928.1
928.1
928.1
928.2
928.3
928.3
928.5
928.6
928.6
928.7
928.7
928.7
928.8
928.8
929.1
929.1
929.1
929.2
929.5
929.7
929.9
930.0
930.1
930.3
930.3
930.4
930.6
930.8
930.9
931.0
931.2
931.4
932.7
932.7
932.9
933.0
933.2
933.3
933.3
933.3
933.4
933.5
933.6
933.6
933.6
933.6
933.6
933.6
933.6
933.7
933.7
933.8
933.8
933.9
933.9
933.9
934.1
934.1
934.1
934.1
934.2
934.2
934.2
934.2
934.2
934.3
934.3
934.3
934.4
934.4
934.4
934.5
934.5
934.5
934.5
934.5
934.5
934.5
934.6
934.6
934.6
934.7
934.7
934.8
934.8
934.9
935.0
935.0
935.0
935.1
935.2
935.2
935.2
935.3
935.3
935.4
935.4
935.5
935.6
935.6
935.6
935.7
935.8
935.9
936.1
936.3
936.3
936.4
936.4
936.6
936.7
936.7
936.9
937.4
937.6
937.7
937.7
937.9
939.2
939.7
940.0
940.4
940.4
940.5
940.9
941.4
941.8
943.1
944.5
944.8
946.2
946.4
948.0
948.1
948.2
948.3
949.6
949.9
950.3
950.5
950.7
951.0
951.2
951.7
952.3
952.6
953.2
953.4
953.5
953.6
953.7
954.1
954.3
954.5
954.7
954.8
955.5
955.5
955.6
955.7
955.7
956.4
957.3
957.6
957.8
959.2
960.4
960.5
960.7
961.4
961.5
961.7
961.9
964.1
964.2
964.8
967.0
967.3
983.0
1039.2
1039.2
1039.2
1039.2
1039.2
1039.2
1039.2
1039.2
1039.2
1039.2
1039.2
1039.2
1039.2
1039.2
1039.2
1039.3
1039.3
1039.3
1039.3
1039.3
1039.3
1039.3
1039.3
1039.3
1039.3
1039.3
1039.3
1039.3
1039.3
1039.3
1039.3
1039.3
1039.3
1039.4
1039.4
1039.4
1039.4
1039.4
1039.4
1039.4
1039.4
1039.4
1039.4
1039.4
1039.4
1039.4
1039.4
1039.4
1039.4
1039.4
1039.4
1039.5
1039.5
1039.5
1039.5
1039.5
1039.5
1039.6
1039.6
1039.6
1039.6
1039.6
1039.7
1039.7
1039.7
1039.8
1039.8
1039.8
1039.9
1039.9
1039.9
1039.9
1040.0
1040.1
1040.1
1040.3
1040.3
1040.3
1040.4
1040.4
1040.4
1040.4
1040.4
1040.5
1040.5
1040.5
1040.8
1040.8
1040.8
1040.9
1041.0
1041.0
1041.1
1041.2
1041.2
1041.3
1041.4
1041.4
1041.4
1041.4
1043.2
1043.2
1043.2
1043.2
1043.2
1043.2
1043.2
1043.2
1043.2
1043.2
1043.3
1043.3
1043.3
1043.3
1043.3
1043.3
1043.3
1043.3
1043.3
1043.4
1043.4
1043.4
1043.4
1043.4
1043.4
1043.4
1043.4
1043.4
1043.4
1043.4
1043.5
1043.5
1043.5
1043.5
1043.5
1043.5
1043.5
1043.5
1043.5
1043.5
1043.5
1043.5
1043.5
1043.5
1043.5
1043.6
1043.6
1043.6
1043.6
1043.6
1043.6
1043.6
1043.6
1043.7
1043.7
1043.7
1043.8
1043.8
1043.8
1043.8
1043.9
1043.9
1044.0
1044.0
1044.0
1044.1
1044.1
1044.2
1044.2
1044.2
1044.2
1044.3
1044.3
1044.9
1044.9
1044.9
1044.9
1045.0
1045.0
1045.1
1045.2
1045.3
1045.3
1045.4
1045.6
1045.6
1045.9
1045.9
1046.2
1046.2
1046.3
1046.5
1046.8
1046.9
1047.1
1047.2
1047.2
1047.2
1047.2
1047.2
1047.2
1047.2
1047.2
1047.2
1047.2
1047.2
1047.3
1047.3
1047.3
1047.3
1047.3
1047.3
1047.3
1047.3
1047.3
1047.3
1047.3
1047.3
1047.4
1047.4
1047.4
1047.4
1047.4
1047.4
1047.4
1047.4
1047.4
1047.4
1047.5
1047.5
1047.5
1047.5
1047.5
1047.5
1047.5
1047.5
1047.5
1047.5
1047.5
1047.5
1047.5
1047.5
1047.6
1047.6
1047.6
1047.6
1047.6
1047.6
1047.6
1047.6
1047.7
1047.7
1047.7
1047.7
1047.8
1047.8
1047.8
1047.8
1048.0
1048.1
1048.1
1048.1
1048.1
1048.2
1048.2
1048.2
1048.3
1048.3
1048.3
1048.3
1048.5
1048.5
1048.6
1049.1
1049.1
1049.4
1049.5
1049.5
1049.6
1049.8
1049.8
1049.8
1049.9
1050.0
1050.4
1050.6
1050.8
1051.1
1051.3
1051.3
1051.4
1051.5
1051.5
1051.5
1051.5
1051.5
1051.5
1051.5
1051.6
1051.6
1051.6
1051.6
1051.6
1051.6
1051.7
1051.7
1051.7
1051.7
1051.7
1051.7
1051.8
1051.8
1051.8
1051.8
1051.8
1051.8
1051.8
1051.8
1051.9
1051.9
1051.9
1051.9
1052.0
1052.0
1052.0
1052.0
1052.0
1052.0
1052.0
1052.1
1052.1
1052.1
1052.1
1052.1
1052.1
1052.1
1052.1
1052.2
1052.2
1052.2
1052.2
1052.3
1052.3
1052.3
1052.4
1052.4
1052.5
1052.5
1052.5
1052.6
1052.7
1052.8
1052.9
1052.9
1053.0
1053.0
1053.0
1053.1
1053.1
1053.2
1053.3
1053.3
1053.3
1053.4
1053.4
1053.5
1053.5
1053.6
1053.9
1054.0
1054.1
1054.3
1054.4
1054.4
1054.6
1055.1
1055.2
1055.4
1055.5
1055.6
1055.7
1055.8
1055.8
1056.5
1056.5
1057.7
1057.8
1057.8
1057.9
1058.0
1058.2
1058.2
1058.2
1058.2
1058.3
1058.3
1058.3
1058.3
1058.4
1058.4
1058.5
1058.7
1058.7
1058.7
1058.8
1058.8
1058.8
1058.8
1058.9
1058.9
1059.0
1059.0
1059.0
1059.1
1059.2
1059.3
1059.3
1059.3
1059.3
1059.3
1059.4
1059.4
1059.4
1059.4
1059.4
1059.5
1059.5
1059.5
1059.5
1059.6
1059.6
1059.7
1059.9
1060.0
1060.0
1060.0
1060.1
1060.2
1060.3
1060.3
1060.5
1060.6
1060.7
1060.7
1060.7
1060.8
1060.8
1060.9
1061.1
1061.1
1061.2
1061.2
1061.2
1061.7
1061.8
1062.0
1062.3
1062.4
1062.5
1062.9
1063.3
1064.3
1065.0
1065.0
1065.0
1065.1
1065.6
1066.0
1067.3
1067.4
1068.8
1069.3
1069.6
1070.4
1070.8
1071.5
1072.6
1074.3
1074.7
1075.5
1076.0
1081.5
1100.1
1205.5
1205.5
1205.5
1205.5
1205.5
1205.5
1205.5
1205.5
1205.5
1205.5
1205.5
1205.5
1205.5
1205.5
1205.5
1205.5
1205.6
1205.6
1205.6
1205.6
1205.6
1205.6
1205.6
1205.6
1205.6
1205.6
1205.6
1205.6
1205.6
1205.6
1205.6
1205.6
1205.6
1205.6
1205.6
1205.6
1205.6
1205.6
1205.6
1205.6
1205.6
1205.6
1205.6
1205.6
1205.6
1205.6
1205.6
1205.6
1205.6
1205.6
1205.6
1205.6
1205.6
1205.6
1205.6
1205.6
1205.6
1205.6
1205.6
1205.6
1205.6
1205.6
1205.6
1205.6
1205.6
1205.7
1205.7
1205.7
1205.7
1205.7
1205.7
1205.7
1205.7
1205.7
1205.7
1205.7
1205.8
1205.8
1205.8
1205.9
1205.9
1205.9
1205.9
1205.9
1205.9
1206.0
1206.0
1206.0
1206.0
1206.1
1206.1
1206.1
1206.2
1206.2
1206.3
1206.3
1206.3
1206.4
1206.4
1206.4
1209.7
1209.7
1209.8
1209.8
1209.8
1209.8
1209.8
1209.8
1209.8
1209.8
1209.8
1209.8
1209.8
1209.8
1209.8
1209.8
1209.8
1209.8
1209.8
1209.8
1209.8
1209.8
1209.8
1209.8
1209.8
1209.8
1209.8
1209.8
1209.8
1209.8
1209.8
1209.8
1209.8
1209.8
1209.8
1209.8
1209.8
1209.8
1209.8
1209.8
1209.8
1209.8
1209.8
1209.8
1209.8
1209.8
1209.8
1209.8
1209.9
1209.9
1209.9
1209.9
1209.9
1209.9
1209.9
1209.9
1209.9
1209.9
1209.9
1209.9
1209.9
1209.9
1209.9
1209.9
1210.0
1210.0
1210.0
1210.0
1210.0
1210.0
1210.1
1210.1
1210.3
1210.3
1210.4
1210.4
1210.5
1210.5
1210.6
1210.6
1210.6
1210.8
1210.9
1210.9
1211.0
1211.0
1211.0
1211.1
1211.3
1211.3
1211.4
1211.5
1211.7
1211.8
1212.1
1212.1
1212.1
1212.2
1212.3
1212.3
1213.4
1213.4
1213.4
1213.4
1213.5
1213.5
1213.5
1213.5
1213.5
1213.5
1213.5
1213.5
1213.5
1213.5
1213.5
1213.6
1213.6
1213.6
1213.6
1213.6
1213.6
1213.6
1213.6
1213.6
1213.6
1213.6
1213.6
1213.6
1213.6
1213.7
1213.7
1213.7
1213.7
1213.7
1213.7
1213.7
1213.7
1213.7
1213.7
1213.7
1213.7
1213.7
1213.7
1213.7
1213.7
1213.8
1213.8
1213.8
1213.8
1213.8
1213.8
1213.8
1213.8
1213.8
1213.9
1213.9
1213.9
1213.9
1213.9
1213.9
1214.0
1214.1
1214.1
1214.1
1214.2
1214.2
1214.2
1214.3
1214.3
1214.3
1214.3
1214.4
1214.6
1214.7
1214.7
1214.9
1215.0
1215.3
1215.4
1215.4
1215.5
1215.6
1215.6
1215.7
1215.9
1216.2
1216.4
1216.4
1216.6
1217.0
1217.2
1217.4
1218.0
1218.0
1218.1
1218.2
1218.2
1218.3
1218.4
1218.4
1218.4
1218.4
1218.5
1218.5
1218.5
1218.5
1218.5
1218.6
1218.6
1218.6
1218.6
1218.6
1218.7
1218.7
1218.7
1218.7
1218.7
1218.7
1218.7
1218.7
1218.7
1218.8
1218.8
1218.8
1218.8
1218.9
1218.9
1218.9
1218.9
1218.9
1218.9
1218.9
1218.9
1218.9
1219.0
1219.0
1219.0
1219.0
1219.0
1219.0
1219.1
1219.1
1219.1
1219.1
1219.1
1219.2
1219.2
1219.2
1219.3
1219.3
1219.3
1219.4
1219.4
1219.4
1219.4
1219.4
1219.5
1219.5
1219.6
1219.6
1219.7
1219.7
1219.8
1219.8
1220.0
1220.0
1220.0
1220.0
1220.3
1220.5
1220.7
1220.7
1220.8
1220.8
1220.9
1221.6
1221.7
1222.1
1222.2
1222.2
1222.3
1222.4
1222.6
1222.8
1223.1
1224.2
1224.8
1224.8
1225.5
1225.8
1227.3
1227.5
1227.8
1228.2
1228.3
1228.3
1228.5
1228.7
1228.7
1229.0
1229.1
1229.2
1229.3
1229.4
1229.4
1229.5
1229.6
1229.6
1229.6
1229.7
1229.8
1229.9
1230.0
1230.0
1230.1
1230.2
1230.2
1230.3
1230.5
1230.6
1230.6
1230.7
1230.7
1230.8
1230.8
1230.8
1231.0
1231.0
1231.0
1231.3
1231.3
1231.4
1231.5
1231.7
1231.7
1231.7
1231.8
1232.0
1232.1
1232.5
1232.5
1232.7
1232.8
1232.9
1232.9
1233.0
1233.7
1233.7
1233.7
1233.9
1234.0
1234.1
1234.2
1234.3
1235.1
1235.3
1236.7
1237.9
1238.0
1238.4
1238.9
1239.2
1239.2
1239.2
1239.4
1240.0
1241.2
1253.5
1257.9
1258.5
1258.7
1258.7
1258.8
1258.8
1258.9
1258.9
1258.9
1258.9
1258.9
1258.9
1258.9
1258.9
1258.9
1258.9
1258.9
1258.9
1258.9
1258.9
1258.9
1259.0
1259.0
1259.0
1259.0
1259.0
1259.0
1259.0
1259.0
1259.0
1259.0
1259.0
1259.0
1259.0
1259.0
1259.0
1259.0
1259.0
1259.0
1259.0
1259.0
1259.0
1259.0
1259.0
1259.0
1259.0
1259.0
1259.0
1259.0
1259.0
1259.0
1259.0
1259.0
1259.0
1259.0
1259.0
1259.0
1259.0
1259.0
1259.0
1259.0
1259.0
1259.1
1259.1
1259.1
1259.1
1259.1
1259.1
1259.1
1259.1
1259.1
1259.1
1259.1
1259.1
1259.1
1259.1
1259.2
1259.2
1259.2
1259.2
1259.2
1259.3
1259.3
1259.3
1259.3
1259.4
1259.4
1259.5
1259.5
1259.5
1259.5
1259.6
1259.6
1259.8
1259.8
1259.8
1260.0
1260.1
1260.2
1260.4
1263.5
1264.8
1265.9
1265.9
1265.9
1266.0
1266.0
1266.0
1266.0
1266.1
1266.1
1266.1
1266.1
1266.1
1266.1
1266.2
1266.2
1266.2
1266.2
1266.2
1266.2
1266.2
1266.2
1266.2
1266.2
1266.2
1266.3
1266.3
1266.3
1266.3
1266.3
1266.3
1266.3
1266.3
1266.3
1266.3
1266.4
1266.4
1266.4
1266.4
1266.5
1266.5
1266.5
1266.5
1266.5
1266.5
1266.5
1266.6
1266.6
1266.6
1266.6
1266.7
1266.7
1266.7
1266.7
1266.7
1266.7
1266.8
1266.8
1266.8
1266.8
1266.8
1266.9
1266.9
1266.9
1266.9
1266.9
1267.0
1267.0
1267.1
1267.2
1267.2
1267.2
1267.3
1267.3
1267.4
1267.4
1267.4
1267.5
1268.4
1268.9
1269.2
1269.4
1269.6
1269.6
1269.7
1270.5
1270.8
1271.2
1271.2
1272.2
1274.5
1274.5
1274.6
1274.7
1275.6
1277.4
1277.6
1277.8
1278.9
1280.3
1280.3
1280.4
1280.5
1280.6
1280.7
1280.7
1280.8
1280.8
1281.0
1281.0
1281.0
1281.0
1281.1
1281.1
1281.1
1281.2
1281.2
1281.2
1281.2
1281.2
1281.3
1281.3
1281.3
1281.3
1281.4
1281.5
1281.5
1281.6
1281.7
1282.0
1282.0
1282.0
1282.2
1282.3
1282.4
1283.1
1283.2
1283.2
1283.3
1283.5
1283.8
1284.1
1284.2
1284.3
1284.3
1285.0
1285.1
1285.2
1285.2
1285.2
1285.2
1285.5
1286.3
1286.9
1287.1
1287.1
1287.1
1287.2
1287.8
1287.9
1288.1
1288.3
1288.4
1288.7
1289.1
1289.3
1289.5
1290.0
1290.3
1290.5
1292.8
1294.5
1295.2
1299.1
1299.3
1299.9
1300.1
1306.8
1306.8
1317.8
1375.0
1375.0
1375.0
1375.0
1375.0
1375.0
1375.0
1375.0
1375.0
1375.0
1375.0
1375.0
1375.0
1375.0
1375.0
1375.0
1375.0
1375.0
1375.0
1375.0
1375.0
1375.0
1375.0
1375.0
1375.0
1375.0
1375.0
1375.0
1375.0
1375.0
1375.0
1375.0
1375.0
1375.0
1375.0
1375.0
1375.0
1375.0
1375.0
1375.0
1375.0
1375.0
1375.0
1375.0
1375.0
1375.0
1375.0
1375.0
1375.0
1375.1
1375.1
1375.1
1375.1
1375.1
1375.1
1375.1
1375.1
1375.1
1375.1
1375.1
1375.1
1375.1
1375.1
1375.1
1375.1
1375.1
1375.2
1375.2
1375.2
1375.2
1375.2
1375.2
1375.3
1375.3
1375.3
1375.4
1375.5
1375.5
1375.5
1375.5
1375.5
1375.5
1375.5
1375.6
1375.6
1375.6
1375.8
1375.9
1375.9
1376.0
1376.1
1376.2
1376.3
1376.4
1376.4
1376.6
1376.7
1376.8
1376.8
1376.9
1379.1
1379.1
1379.1
1379.1
1379.1
1379.1
1379.1
1379.1
1379.1
1379.1
1379.1
1379.1
1379.1
1379.1
1379.1
1379.1
1379.1
1379.1
1379.2
1379.2
1379.2
1379.2
1379.2
1379.2
1379.2
1379.2
1379.2
1379.2
1379.2
1379.2
1379.2
1379.2
1379.2
1379.2
1379.2
1379.2
1379.2
1379.2
1379.2
1379.2
1379.2
1379.2
1379.2
1379.2
1379.2
1379.2
1379.2
1379.2
1379.2
1379.2
1379.2
1379.2
1379.2
1379.2
1379.2
1379.2
1379.2
1379.2
1379.2
1379.2
1379.2
1379.2
1379.2
1379.2
1379.2
1379.2
1379.3
1379.3
1379.3
1379.3
1379.3
1379.3
1379.4
1379.7
1379.7
1379.7
1379.7
1379.7
1379.8
1379.8
1379.9
1380.0
1380.0
1380.1
1380.2
1380.2
1380.5
1380.5
1380.7
1380.9
1381.0
1381.2
1381.6
1381.7
1382.0
1382.1
1382.3
1382.5
1382.5
1382.7
1382.8
1382.8
1382.8
1382.9
1382.9
1382.9
1382.9
1382.9
1382.9
1382.9
1382.9
1382.9
1382.9
1382.9
1382.9
1382.9
1382.9
1382.9
1382.9
1382.9
1382.9
1382.9
1383.0
1383.0
1383.0
1383.0
1383.0
1383.0
1383.0
1383.0
1383.0
1383.0
1383.0
1383.0
1383.0
1383.0
1383.0
1383.0
1383.0
1383.1
1383.1
1383.1
1383.1
1383.1
1383.1
1383.1
1383.1
1383.1
1383.1
1383.2
1383.2
1383.2
1383.2
1383.2
1383.2
1383.2
1383.2
1383.3
1383.3
1383.3
1383.3
1383.3
1383.3
1383.3
1383.4
1383.4
1383.4
1383.4
1383.4
1383.4
1383.6
1383.6
1383.6
1383.8
1383.8
1384.0
1384.1
1384.1
1384.2
1384.2
1384.3
1384.3
1384.3
1384.4
1384.6
1384.9
1385.0
1385.2
1385.6
1385.9
1385.9
1386.1
1386.9
1387.0
1387.0
1387.0
1387.0
1387.1
1387.1
1387.1
1387.1
1387.1
1387.1
1387.1
1387.2
1387.2
1387.2
1387.2
1387.2
1387.2
1387.3
1387.3
1387.3
1387.3
1387.3
1387.3
1387.3
1387.3
1387.3
1387.3
1387.3
1387.3
1387.3
1387.4
1387.4
1387.4
1387.4
1387.4
1387.4
1387.4
1387.5
1387.5
1387.5
1387.6
1387.6
1387.6
1387.6
1387.6
1387.6
1387.6
1387.6
1387.7
1387.7
1387.7
1387.7
1387.7
1387.7
1387.7
1387.8
1387.8
1387.8
1387.8
1387.8
1387.9
1387.9
1387.9
1387.9
1388.0
1388.0
1388.0
1388.1
1388.2
1388.2
1388.2
1388.3
1388.3
1388.3
1388.5
1388.7
1388.7
1388.8
1388.8
1388.8
1388.9
1389.1
1389.3
1389.3
1389.6
1389.7
1389.8
1389.8
1389.8
1389.9
1390.3
1390.4
1391.1
1391.5
1392.0
1392.4
1393.0
1393.1
1393.4
1393.4
1393.6
1393.7
1393.7
1393.7
1393.7
1393.7
1393.8
1393.8
1393.8
1393.8
1393.9
1393.9
1394.0
1394.0
1394.0
1394.1
1394.1
1394.2
1394.2
1394.3
1394.3
1394.3
1394.4
1394.4
1394.4
1394.5
1394.5
1394.5
1394.5
1394.6
1394.7
1394.7
1394.8
1394.8
1394.8
1394.8
1394.8
1394.9
1394.9
1394.9
1394.9
1395.0
1395.2
1395.2
1395.3
1395.3
1395.3
1395.3
1395.4
1395.4
1395.4
1395.4
1395.5
1395.5
1395.8
1396.0
1396.0
1396.0
1396.1
1396.1
1396.1
1396.3
1396.4
1396.5
1396.5
1396.6
1397.0
1397.1
1397.1
1397.2
1397.3
1397.4
1397.6
1398.5
1398.6
1398.7
1399.2
1399.3
1399.4
1399.7
1399.9
1400.5
1400.7
1400.8
1401.0
1401.0
1401.5
1402.5
1404.2
1405.9
1407.4
1407.9
1409.9
1426.7
1542.0
1542.0
1542.0
1542.0
1542.1
1542.1
1542.1
1542.1
1542.1
1542.1
1542.1
1542.1
1542.1
1542.1
1542.1
1542.1
1542.1
1542.1
1542.1
1542.1
1542.1
1542.1
1542.1
1542.1
1542.1
1542.1
1542.1
1542.1
1542.1
1542.1
1542.1
1542.1
1542.1
1542.1
1542.1
1542.1
1542.1
1542.1
1542.1
1542.1
1542.1
1542.1
1542.1
1542.1
1542.1
1542.1
1542.1
1542.1
1542.1
1542.1
1542.1
1542.1
1542.1
1542.1
1542.1
1542.1
1542.1
1542.1
1542.1
1542.1
1542.1
1542.1
1542.1
1542.1
1542.1
1542.1
1542.1
1542.1
1542.1
1542.2
1542.2
1542.2
1542.2
1542.2
1542.2
1542.2
1542.2
1542.3
1542.3
1542.3
1542.3
1542.4
1542.4
1542.4
1542.4
1542.4
1542.4
1542.4
1542.5
1542.5
1542.5
1542.6
1542.6
1542.6
1542.7
1542.8
1542.8
1542.8
1542.8
1542.9
1546.3
1546.3
1546.3
1546.3
1546.3
1546.3
1546.3
1546.3
1546.3
1546.3
1546.3
1546.3
1546.3
1546.3
1546.3
1546.3
1546.3
1546.3
1546.3
1546.3
1546.4
1546.4
1546.4
1546.4
1546.4
1546.4
1546.4
1546.4
1546.4
1546.4
1546.4
1546.4
1546.4
1546.4
1546.4
1546.4
1546.4
1546.4
1546.4
1546.4
1546.4
1546.4
1546.4
1546.4
1546.4
1546.4
1546.4
1546.4
1546.4
1546.4
1546.4
1546.4
1546.4
1546.4
1546.4
1546.4
1546.4
1546.4
1546.4
1546.4
1546.4
1546.4
1546.4
1546.4
1546.5
1546.5
1546.5
1546.5
1546.5
1546.5
1546.6
1546.6
1546.7
1546.8
1546.9
1546.9
1547.0
1547.0
1547.1
1547.1
1547.1
1547.3
1547.3
1547.4
1547.5
1547.5
1547.5
1547.5
1547.8
1547.8
1547.9
1548.0
1548.1
1548.3
1548.5
1548.5
1548.6
1548.7
1548.8
1548.8
1550.0
1550.0
1550.0
1550.0
1550.0
1550.0
1550.1
1550.1
1550.1
1550.1
1550.1
1550.1
1550.1
1550.1
1550.1
1550.1
1550.1
1550.1
1550.1
1550.1
1550.1
1550.2
1550.2
1550.2
1550.2
1550.2
1550.2
1550.2
1550.2
1550.2
1550.2
1550.2
1550.2
1550.2
1550.2
1550.2
1550.2
1550.2
1550.3
1550.3
1550.3
1550.3
1550.3
1550.3
1550.3
1550.3
1550.3
1550.3
1550.3
1550.4
1550.4
1550.4
1550.4
1550.4
1550.4
1550.4
1550.4
1550.4
1550.4
1550.5
1550.5
1550.6
1550.6
1550.7
1550.7
1550.7
1550.8
1550.8
1550.8
1550.9
1550.9
1550.9
1551.1
1551.2
1551.2
1551.4
1551.5
1551.8
1551.9
1551.9
1551.9
1552.1
1552.1
1552.2
1552.4
1552.6
1552.9
1552.9
1553.1
1553.5
1553.7
1553.9
1554.4
1554.5
1554.6
1554.9
1554.9
1554.9
1554.9
1555.0
1555.0
1555.0
1555.1
1555.1
1555.1
1555.1
1555.1
1555.2
1555.2
1555.2
1555.2
1555.2
1555.3
1555.3
1555.3
1555.3
1555.3
1555.3
1555.3
1555.3
1555.4
1555.4
1555.4
1555.4
1555.4
1555.4
1555.5
1555.5
1555.5
1555.5
1555.5
1555.6
1555.6
1555.6
1555.6
1555.6
1555.6
1555.6
1555.7
1555.7
1555.7
1555.7
1555.7
1555.7
1555.8
1555.8
1555.8
1555.8
1555.9
1555.9
1555.9
1556.0
1556.0
1556.0
1556.0
1556.1
1556.1
1556.1
1556.1
1556.2
1556.2
1556.3
1556.4
1556.5
1556.6
1556.7
1556.7
1556.7
1556.9
1557.2
1557.3
1557.5
1557.5
1557.6
1557.7
1558.2
1558.4
1558.9
1558.9
1559.0
1559.2
1559.2
1559.3
1559.7
1560.1
1561.2
1561.8
1562.0
1562.7
1563.2
1564.5
1565.1
1565.1
1565.3
1565.5
1565.6
1565.6
1565.7
1565.9
1566.1
1566.3
1566.4
1566.4
1566.5
1566.7
1566.7
1566.9
1566.9
1566.9
1566.9
1567.0
1567.1
1567.4
1567.5
1567.6
1567.8
1567.8
1567.8
1567.9
1568.0
1568.0
1568.0
1568.2
1568.3
1568.4
1568.4
1568.4
1568.5
1568.9
1569.0
1569.0
1569.0
1569.1
1569.3
1569.3
1569.4
1569.5
1569.6
1569.9
1569.9
1570.0
1570.2
1570.2
1570.3
1570.4
1570.6
1570.8
1571.1
1571.4
1571.8
1572.0
1572.3
1572.4
1572.7
1573.2
1573.6
1576.7
1577.1
1577.2
1577.6
1577.7
1578.6
1579.1
1579.6
1580.1
1580.3
1582.1
1594.5
1595.2
1595.4
1595.5
1595.6
1595.6
1595.6
1595.6
1595.6
1595.6
1595.6
1595.6
1595.7
1595.7
1595.7
1595.7
1595.7
1595.7
1595.7
1595.7
1595.7
1595.7
1595.7
1595.7
1595.7
1595.7
1595.7
1595.7
1595.7
1595.7
1595.7
1595.7
1595.7
1595.7
1595.7
1595.7
1595.7
1595.7
1595.7
1595.7
1595.7
1595.7
1595.7
1595.7
1595.7
1595.7
1595.7
1595.7
1595.7
1595.7
1595.7
1595.8
1595.8
1595.8
1595.8
1595.8
1595.8
1595.8
1595.8
1595.8
1595.8
1595.8
1595.8
1595.8
1595.8
1595.8
1595.8
1595.8
1595.8
1595.8
1595.8
1595.8
1595.8
1595.9
1595.9
1595.9
1595.9
1595.9
1595.9
1595.9
1596.0
1596.0
1596.0
1596.0
1596.1
1596.1
1596.1
1596.2
1596.2
1596.2
1596.2
1596.3
1596.4
1596.5
1596.5
1596.5
1596.7
1596.8
1596.9
1597.2
1600.1
1601.6
1602.3
1602.6
1602.6
1602.7
1602.7
1602.8
1602.8
1602.8
1602.8
1602.8
1602.8
1602.8
1602.9
1602.9
1602.9
1602.9
1602.9
1602.9
1602.9
1602.9
1603.0
1603.0
1603.0
1603.0
1603.0
1603.0
1603.0
1603.0
1603.1
1603.1
1603.1
1603.1
1603.1
1603.1
1603.2
1603.2
1603.2
1603.2
1603.3
1603.3
1603.3
1603.3
1603.3
1603.3
1603.3
1603.3
1603.3
1603.4
1603.4
1603.4
1603.4
1603.4
1603.4
1603.5
1603.5
1603.5
1603.5
1603.5
1603.5
1603.6
1603.6
1603.6
1603.6
1603.6
1603.7
1603.7
1603.7
1603.8
1603.8
1604.0
1604.0
1604.0
1604.0
1604.1
1604.1
1604.2
1604.2
1605.2
1605.6
1606.1
1606.2
1606.2
1606.3
1606.3
1607.1
1607.6
1607.8
1607.9
1609.0
1611.2
1611.3
1611.4
1611.5
1612.8
1615.7
1615.9
1616.3
1617.9
1620.8
1621.0
1621.1
1621.9
1622.2
1622.3
1622.6
1622.6
1622.9
1623.1
1623.2
1623.3
1623.3
1623.8
1624.0
1624.1
1624.1
1624.6
1624.7
1624.7
1624.8
1624.8
1625.0
1625.4
1625.8
1626.4
1626.8
1626.9
1627.2
1628.1
1628.2
1629.2
1630.9
1636.3
1636.6
1639.8
1642.0
1644.1
1711.3
1711.3
1711.3
1711.3
1711.3
1711.3
1711.3
1711.3
1711.3
1711.3
1711.3
1711.3
1711.3
1711.3
1711.3
1711.3
1711.3
1711.3
1711.3
1711.3
1711.3
1711.3
1711.3
1711.3
1711.3
1711.3
1711.3
1711.3
1711.3
1711.3
1711.3
1711.3
1711.3
1711.3
1711.3
1711.3
1711.3
1711.3
1711.3
1711.4
1711.4
1711.4
1711.4
1711.4
1711.4
1711.4
1711.4
1711.4
1711.4
1711.4
1711.4
1711.4
1711.4
1711.4
1711.4
1711.4
1711.4
1711.4
1711.4
1711.4
1711.4
1711.4
1711.4
1711.4
1711.4
1711.5
1711.5
1711.5
1711.5
1711.5
1711.5
1711.5
1711.5
1711.6
1711.6
1711.7
1711.7
1711.7
1711.7
1711.8
1711.8
1711.8
1711.8
1711.9
1711.9
1711.9
1712.1
1712.1
1712.1
1712.2
1712.3
1712.4
1712.5
1712.5
1712.6
1712.7
1712.8
1712.9
1712.9
1712.9
1715.5
1715.5
1715.5
1715.5
1715.5
1715.5
1715.5
1715.5
1715.5
1715.5
1715.5
1715.5
1715.5
1715.5
1715.5
1715.5
1715.5
1715.5
1715.5
1715.5
1715.5
1715.5
1715.5
1715.5
1715.5
1715.5
1715.5
1715.5
1715.5
1715.5
1715.5
1715.5
1715.5
1715.5
1715.5
1715.5
1715.5
1715.5
1715.5
1715.5
1715.5
1715.5
1715.5
1715.5
1715.5
1715.5
1715.5
1715.5
1715.5
1715.5
1715.5
1715.5
1715.5
1715.5
1715.5
1715.6
1715.6
1715.6
1715.6
1715.6
1715.6
1715.6
1715.6
1715.6
1715.6
1715.6
1715.6
1715.6
1715.6
1715.6
1715.7
1715.7
1715.8
1715.9
1716.0
1716.0
1716.0
1716.1
1716.1
1716.1
1716.2
1716.2
1716.3
1716.4
1716.5
1716.5
1716.6
1716.6
1716.9
1716.9
1717.0
1717.2
1717.6
1717.6
1718.0
1718.1
1718.2
1718.4
1718.4
1718.5
1719.1
1719.1
1719.1
1719.1
1719.1
1719.1
1719.1
1719.1
1719.2
1719.2
1719.2
1719.2
1719.2
1719.2
1719.2
1719.2
1719.2
1719.2
1719.2
1719.2
1719.2
1719.2
1719.2
1719.2
1719.2
1719.2
1719.2
1719.2
1719.3
1719.3
1719.3
1719.3
1719.3
1719.3
1719.3
1719.3
1719.3
1719.3
1719.3
1719.3
1719.3
1719.4
1719.4
1719.4
1719.4
1719.4
1719.4
1719.4
1719.4
1719.4
1719.4
1719.4
1719.4
1719.4
1719.5
1719.5
1719.5
1719.5
1719.6
1719.6
1719.6
1719.6
1719.6
1719.6
1719.6
1719.7
1719.7
1719.7
1719.7
1719.8
1719.8
1719.9
1719.9
1720.1
1720.1
1720.2
1720.3
1720.5
1720.5
1720.5
1720.6
1720.6
1720.7
1720.7
1720.9
1721.1
1721.2
1721.3
1721.7
1721.9
1722.1
1722.1
1722.9
1722.9
1723.3
1723.3
1723.3
1723.4
1723.4
1723.4
1723.4
1723.4
1723.5
1723.5
1723.5
1723.5
1723.5
1723.6
1723.6
1723.6
1723.6
1723.6
1723.6
1723.6
1723.6
1723.6
1723.6
1723.6
1723.6
1723.6
1723.6
1723.7
1723.7
1723.7
1723.7
1723.7
1723.7
1723.7
1723.8
1723.8
1723.8
1723.8
1723.8
1723.8
1723.8
1723.8
1723.9
1723.9
1723.9
1723.9
1723.9
1724.0
1724.0
1724.0
1724.0
1724.0
1724.1
1724.1
1724.1
1724.1
1724.1
1724.1
1724.2
1724.2
1724.2
1724.2
1724.3
1724.3
1724.3
1724.4
1724.4
1724.5
1724.6
1724.6
1724.6
1724.6
1724.7
1724.7
1724.9
1725.0
1725.0
1725.1
1725.2
1725.2
1725.3
1725.6
1725.7
1725.9
1726.1
1726.2
1726.3
1726.3
1726.3
1726.7
1726.8
1727.3
1728.0
1728.3
1728.4
1729.0
1729.6
1729.7
1729.9
1729.9
1730.0
1730.1
1730.2
1730.3
1730.3
1730.3
1730.3
1730.4
1730.4
1730.4
1730.5
1730.5
1730.6
1730.6
1730.6
1730.6
1730.8
1730.9
1730.9
1731.0
1731.0
1731.0
1731.0
1731.0
1731.0
1731.1
1731.1
1731.2
1731.3
1731.4
1731.4
1731.4
1731.5
1731.5
1731.5
1731.5
1731.6
1731.6
1731.6
1731.6
1731.7
1731.7
1731.8
1731.9
1731.9
1732.0
1732.0
1732.0
1732.0
1732.0
1732.1
1732.1
1732.1
1732.2
1732.2
1732.6
1732.8
1732.8
1732.9
1732.9
1732.9
1732.9
1733.2
1733.3
1733.4
1733.4
1733.5
1733.9
1734.1
1734.1
1734.2
1734.2
1734.9
1734.9
1735.6
1735.7
1735.7
1736.3
1736.7
1737.1
1737.4
1738.1
1738.3
1738.5
1738.6
1738.6
1740.0
1740.4
1741.9
1742.9
1753.7
1755.4
1878.4
1878.4
1878.4
1878.4
1878.4
1878.4
1878.4
1878.4
1878.4
1878.4
1878.4
1878.4
1878.4
1878.4
1878.4
1878.4
1878.4
1878.4
1878.4
1878.4
1878.4
1878.4
1878.4
1878.4
1878.4
1878.4
1878.4
1878.4
1878.4
1878.4
1878.4
1878.4
1878.4
1878.4
1878.4
1878.4
1878.4
1878.4
1878.4
1878.4
1878.4
1878.4
1878.4
1878.4
1878.4
1878.4
1878.4
1878.4
1878.4
1878.4
1878.4
1878.4
1878.4
1878.4
1878.4
1878.4
1878.4
1878.4
1878.4
1878.4
1878.4
1878.4
1878.4
1878.4
1878.4
1878.5
1878.5
1878.5
1878.5
1878.5
1878.5
1878.5
1878.5
1878.5
1878.5
1878.6
1878.6
1878.6
1878.6
1878.7
1878.7
1878.7
1878.7
1878.7
1878.8
1878.8
1878.8
1878.8
1878.8
1878.9
1878.9
1878.9
1879.0
1879.0
1879.1
1879.1
1879.1
1879.2
1879.2
1879.2
1882.6
1882.6
1882.7
1882.7
1882.7
1882.7
1882.7
1882.7
1882.7
1882.7
1882.7
1882.7
1882.7
1882.7
1882.7
1882.7
1882.7
1882.7
1882.7
1882.7
1882.7
1882.7
1882.7
1882.7
1882.7
1882.7
1882.7
1882.7
1882.7
1882.7
1882.7
1882.7
1882.7
1882.7
1882.7
1882.7
1882.7
1882.7
1882.7
1882.7
1882.7
1882.7
1882.7
1882.7
1882.7
1882.7
1882.7
1882.7
1882.7
1882.7
1882.8
1882.8
1882.8
1882.8
1882.8
1882.8
1882.8
1882.8
1882.8
1882.8
1882.8
1882.8
1882.8
1882.8
1882.8
1882.9
1882.9
1882.9
1882.9
1882.9
1882.9
1883.0
1883.1
1883.2
1883.3
1883.3
1883.4
1883.4
1883.5
1883.5
1883.5
1883.7
1883.8
1883.8
1883.9
1883.9
1884.0
1884.0
1884.2
1884.3
1884.4
1884.4
1884.6
1884.8
1885.0
1885.0
1885.1
1885.2
1885.3
1885.3
1886.3
1886.3
1886.3
1886.4
1886.4
1886.4
1886.4
1886.4
1886.4
1886.5
1886.5
1886.5
1886.5
1886.5
1886.5
1886.5
1886.5
1886.5
1886.5
1886.5
1886.5
1886.5
1886.5
1886.5
1886.5
1886.5
1886.5
1886.5
1886.5
1886.6
1886.6
1886.6
1886.6
1886.6
1886.6
1886.6
1886.6
1886.6
1886.6
1886.6
1886.6
1886.6
1886.6
1886.6
1886.6
1886.7
1886.7
1886.7
1886.7
1886.7
1886.7
1886.7
1886.7
1886.8
1886.8
1886.8
1886.8
1886.8
1886.8
1886.8
1886.9
1887.0
1887.0
1887.0
1887.0
1887.1
1887.1
1887.2
1887.2
1887.2
1887.2
1887.3
1887.5
1887.6
1887.6
1887.8
1887.9
1888.2
1888.3
1888.3
1888.3
1888.5
1888.5
1888.6
1888.8
1889.1
1889.3
1889.3
1889.5
1889.9
1890.1
1890.3
1890.8
1890.9
1891.0
1891.1
1891.1
1891.2
1891.2
1891.2
1891.3
1891.3
1891.3
1891.3
1891.4
1891.4
1891.4
1891.4
1891.4
1891.4
1891.5
1891.5
1891.5
1891.5
1891.5
1891.5
1891.5
1891.6
1891.6
1891.6
1891.6
1891.6
1891.6
1891.7
1891.7
1891.7
1891.7
1891.7
1891.7
1891.7
1891.8
1891.8
1891.8
1891.8
1891.8
1891.8
1891.8
1891.8
1891.8
1891.9
1891.9
1891.9
1891.9
1891.9
1891.9
1892.0
1892.0
1892.0
1892.1
1892.1
1892.1
1892.2
1892.2
1892.2
1892.3
1892.3
1892.3
1892.3
1892.4
1892.5
1892.5
1892.6
1892.7
1892.7
1892.8
1892.9
1892.9
1893.0
1893.1
1893.4
1893.6
1893.6
1893.7
1893.8
1893.8
1894.4
1894.5
1894.9
1895.2
1895.3
1895.4
1895.5
1895.5
1895.9
1896.0
1897.1
1898.0
1898.1
1898.4
1899.1
1900.0
1900.6
1900.7
1900.7
1900.7
1900.8
1900.9
1901.1
1901.1
1901.4
1901.4
1901.5
1901.6
1901.7
1901.7
1901.8
1901.9
1902.0
1902.0
1902.1
1902.2
1902.3
1902.5
1902.6
1902.6
1902.6
1902.7
1902.8
1902.8
1902.8
1902.9
1902.9
1902.9
1902.9
1903.1
1903.3
1903.3
1903.3
1903.4
1903.4
1903.4
1903.5
1903.6
1903.7
1903.8
1903.8
1903.9
1903.9
1904.1
1904.3
1904.5
1904.7
1904.7
1904.8
1904.9
1905.0
1905.1
1905.2
1905.5
1905.6
1905.6
1905.6
1905.9
1906.1
1906.1
1906.6
1907.6
1908.2
1908.7
1909.1
1909.3
1909.4
1909.6
1909.8
1910.1
1910.1
1911.5
1916.0
1916.1
1916.6
1919.1
1920.8
1926.1
1929.8
1930.3
1930.8
1930.9
1930.9
1930.9
1930.9
1930.9
1930.9
1930.9
1930.9
1930.9
1930.9
1931.0
1931.0
1931.0
1931.0
1931.0
1931.0
1931.0
1931.0
1931.0
1931.0
1931.0
1931.0
1931.0
1931.0
1931.0
1931.0
1931.0
1931.0
1931.0
1931.0
1931.0
1931.0
1931.0
1931.0
1931.0
1931.0
1931.0
1931.0
1931.0
1931.0
1931.0
1931.0
1931.0
1931.0
1931.0
1931.0
1931.0
1931.0
1931.0
1931.0
1931.0
1931.0
1931.0
1931.0
1931.0
1931.0
1931.1
1931.1
1931.1
1931.1
1931.1
1931.1
1931.1
1931.1
1931.1
1931.1
1931.1
1931.1
1931.1
1931.1
1931.1
1931.1
1931.1
1931.1
1931.1
1931.2
1931.2
1931.2
1931.2
1931.2
1931.3
1931.3
1931.3
1931.4
1931.4
1931.4
1931.5
1931.5
1931.6
1931.6
1931.8
1931.8
1931.8
1932.0
1932.1
1932.2
1932.4
1936.8
1937.9
1937.9
1937.9
1937.9
1938.0
1938.0
1938.0
1938.1
1938.1
1938.1
1938.1
1938.1
1938.1
1938.1
1938.2
1938.2
1938.2
1938.2
1938.2
1938.2
1938.2
1938.2
1938.2
1938.2
1938.2
1938.2
1938.3
1938.3
1938.3
1938.3
1938.3
1938.3
1938.3
1938.3
1938.3
1938.4
1938.4
1938.4
1938.4
1938.5
1938.5
1938.5
1938.5
1938.5
1938.5
1938.6
1938.6
1938.6
1938.6
1938.7
1938.7
1938.7
1938.7
1938.7
1938.8
1938.8
1938.8
1938.8
1938.8
1938.8
1938.9
1938.9
1938.9
1938.9
1938.9
1939.0
1939.0
1939.1
1939.1
1939.2
1939.2
1939.2
1939.3
1939.3
1939.4
1939.4
1939.5
1940.2
1940.2
1940.4
1940.6
1940.7
1941.3
1941.3
1941.4
1941.5
1942.2
1942.4
1942.9
1942.9
1943.1
1943.8
1946.0
1946.1
1946.6
1948.7
1950.2
1951.2
1952.5
1952.6
1952.9
1953.2
1953.3
1953.5
1953.7
1953.8
1954.0
1954.1
1954.1
1954.1
1954.2
1954.4
1954.4
1954.5
1954.6
1954.7
1954.7
1954.8
1955.0
1955.0
1955.1
1955.4
1955.4
1955.5
1955.8
1955.8
1956.1
1957.0
1957.4
1957.4
1957.7
1958.4
1958.7
1959.0
1959.1
1959.8
1961.0
1961.5
1962.5
1963.1
1964.3
1964.7
1965.8
1966.3
1973.1
2047.7
2047.7
2047.7
2047.7
2047.7
2047.7
2047.7
2047.7
2047.7
2047.7
2047.7
2047.7
2047.7
2047.7
2047.7
2047.7
2047.7
2047.7
2047.7
2047.7
2047.7
2047.7
2047.7
2047.7
2047.7
2047.7
2047.7
2047.7
2047.7
2047.7
2047.7
2047.7
2047.7
2047.7
2047.7
2047.7
2047.7
2047.7
2047.7
2047.7
2047.7
2047.8
2047.8
2047.8
2047.8
2047.8
2047.8
2047.8
2047.8
2047.8
2047.8
2047.8
2047.8
2047.8
2047.8
2047.8
2047.8
2047.8
2047.8
2047.8
2047.8
2047.8
2047.8
2047.8
2047.8
2047.8
2047.9
2047.9
2047.9
2047.9
2047.9
2047.9
2047.9
2048.0
2048.0
2048.1
2048.1
2048.1
2048.1
2048.1
2048.2
2048.2
2048.2
2048.2
2048.3
2048.3
2048.4
2048.5
2048.5
2048.6
2048.7
2048.8
2048.9
2048.9
2048.9
2049.1
2049.2
2049.3
2049.3
2049.3
2051.8
2051.8
2051.8
2051.8
2051.8
2051.8
2051.8
2051.8
2051.8
2051.8
2051.8
2051.8
2051.8
2051.8
2051.8
2051.8
2051.8
2051.8
2051.8
2051.8
2051.8
2051.8
2051.8
2051.8
2051.8
2051.8
2051.8
2051.8
2051.8
2051.8
2051.8
2051.8
2051.8
2051.8
2051.8
2051.8
2051.8
2051.8
2051.8
2051.8
2051.8
2051.8
2051.8
2051.8
2051.8
2051.8
2051.8
2051.8
2051.8
2051.8
2051.8
2051.8
2051.8
2051.8
2051.8
2051.8
2051.8
2051.9
2051.9
2051.9
2051.9
2051.9
2051.9
2051.9
2051.9
2051.9
2051.9
2051.9
2051.9
2051.9
2052.0
2052.0
2052.1
2052.3
2052.3
2052.3
2052.4
2052.4
2052.4
2052.4
2052.5
2052.5
2052.6
2052.7
2052.8
2052.8
2053.0
2053.0
2053.3
2053.3
2053.4
2053.6
2054.0
2054.0
2054.5
2054.5
2054.7
2054.8
2054.9
2055.0
2055.4
2055.4
2055.4
2055.4
2055.4
2055.4
2055.4
2055.4
2055.4
2055.5
2055.5
2055.5
2055.5
2055.5
2055.5
2055.5
2055.5
2055.5
2055.5
2055.5
2055.5
2055.5
2055.5
2055.5
2055.5
2055.5
2055.5
2055.5
2055.5
2055.5
2055.6
2055.6
2055.6
2055.6
2055.6
2055.6
2055.6
2055.6
2055.6
2055.6
2055.6
2055.6
2055.7
2055.7
2055.7
2055.7
2055.7
2055.7
2055.7
2055.7
2055.7
2055.7
2055.8
2055.8
2055.8
2055.8
2055.8
2055.9
2055.9
2055.9
2055.9
2055.9
2055.9
2055.9
2055.9
2056.0
2056.0
2056.0
2056.0
2056.0
2056.2
2056.2
2056.2
2056.4
2056.4
2056.6
2056.6
2056.8
2056.8
2056.8
2056.9
2056.9
2057.0
2057.0
2057.3
2057.5
2057.5
2057.7
2058.1
2058.4
2058.5
2058.5
2059.4
2059.4
2059.5
2059.6
2059.6
2059.7
2059.7
2059.7
2059.7
2059.7
2059.7
2059.8
2059.8
2059.8
2059.9
2059.9
2059.9
2059.9
2059.9
2059.9
2059.9
2059.9
2059.9
2059.9
2059.9
2059.9
2059.9
2060.0
2060.0
2060.0
2060.0
2060.0
2060.0
2060.0
2060.1
2060.1
2060.1
2060.1
2060.1
2060.1
2060.1
2060.1
2060.1
2060.2
2060.2
2060.2
2060.2
2060.2
2060.3
2060.3
2060.3
2060.3
2060.3
2060.3
2060.4
2060.4
2060.4
2060.5
2060.5
2060.5
2060.5
2060.5
2060.5
2060.5
2060.6
2060.6
2060.7
2060.7
2060.7
2060.8
2060.9
2060.9
2061.0
2061.0
2061.0
2061.1
2061.3
2061.4
2061.4
2061.5
2061.5
2061.5
2061.6
2062.0
2062.0
2062.2
2062.4
2062.6
2062.6
2062.6
2062.6
2063.0
2063.1
2063.7
2064.4
2064.7
2064.9
2065.6
2065.9
2066.2
2066.3
2066.4
2066.4
2066.5
2066.6
2066.6
2066.6
2066.6
2066.6
2066.6
2066.7
2066.7
2066.8
2066.9
2066.9
2066.9
2067.0
2067.0
2067.1
2067.2
2067.2
2067.3
2067.3
2067.3
2067.3
2067.3
2067.4
2067.4
2067.5
2067.5
2067.6
2067.7
2067.7
2067.7
2067.7
2067.8
2067.8
2067.8
2067.8
2067.9
2067.9
2067.9
2068.0
2068.2
2068.3
2068.3
2068.3
2068.3
2068.4
2068.4
2068.4
2068.4
2068.4
2068.5
2068.5
2068.5
2068.9
2069.1
2069.2
2069.2
2069.2
2069.2
2069.3
2069.5
2069.6
2069.7
2069.8
2069.9
2070.2
2070.3
2070.5
2070.5
2070.7
2070.7
2072.0
2072.1
2072.1
2072.1
2072.6
2073.1
2073.4
2073.5
2074.1
2074.5
2074.6
2074.6
2075.3
2075.3
2076.5
2078.8
2079.8
2079.9
2083.9
2086.2
2214.8
2214.8
2214.8
2214.8
2214.8
2214.8
2214.8
2214.8
2214.8
2214.8
2214.8
2214.8
2214.8
2214.8
2214.8
2214.8
2214.8
2214.8
2214.8
2214.8
2214.8
2214.8
2214.8
2214.8
2214.8
2214.8
2214.8
2214.8
2214.8
2214.8
2214.8
2214.8
2214.8
2214.8
2214.8
2214.8
2214.8
2214.8
2214.8
2214.8
2214.8
2214.8
2214.8
2214.8
2214.8
2214.8
2214.8
2214.8
2214.8
2214.8
2214.8
2214.8
2214.8
2214.8
2214.8
2214.8
2214.8
2214.8
2214.8
2214.8
2214.8
2214.8
2214.8
2214.9
2214.9
2214.9
2214.9
2214.9
2214.9
2214.9
2214.9
2214.9
2214.9
2214.9
2215.0
2215.0
2215.0
2215.0
2215.0
2215.1
2215.1
2215.1
2215.1
2215.1
2215.1
2215.2
2215.2
2215.2
2215.2
2215.3
2215.3
2215.3
2215.4
2215.4
2215.5
2215.5
2215.5
2215.5
2215.6
2215.6
2219.0
2219.0
2219.0
2219.0
2219.0
2219.0
2219.0
2219.0
2219.1
2219.1
2219.1
2219.1
2219.1
2219.1
2219.1
2219.1
2219.1
2219.1
2219.1
2219.1
2219.1
2219.1
2219.1
2219.1
2219.1
2219.1
2219.1
2219.1
2219.1
2219.1
2219.1
2219.1
2219.1
2219.1
2219.1
2219.1
2219.1
2219.1
2219.1
2219.1
2219.1
2219.1
2219.1
2219.1
2219.1
2219.1
2219.1
2219.1
2219.1
2219.1
2219.1
2219.1
2219.1
2219.1
2219.1
2219.1
2219.1
2219.1
2219.1
2219.2
2219.2
2219.2
2219.2
2219.2
2219.2
2219.2
2219.2
2219.2
2219.2
2219.3
2219.3
2219.4
2219.5
2219.6
2219.6
2219.6
2219.7
2219.7
2219.8
2219.8
2219.9
2220.0
2220.1
2220.1
2220.2
2220.2
2220.2
2220.3
2220.5
2220.5
2220.6
2220.7
2220.9
2221.0
2221.2
2221.3
2221.3
2221.4
2221.5
2221.5
2222.7
2222.7
2222.7
2222.7
2222.7
2222.8
2222.8
2222.8
2222.8
2222.8
2222.8
2222.8
2222.8
2222.8
2222.8
2222.9
2222.9
2222.9
2222.9
2222.9
2222.9
2222.9
2222.9
2222.9
2222.9
2222.9
2222.9
2222.9
2222.9
2222.9
2222.9
2223.0
2223.0
2223.0
2223.0
2223.0
2223.0
2223.0
2223.0
2223.0
2223.0
2223.0
2223.0
2223.0
2223.0
2223.0
2223.0
2223.1
2223.1
2223.1
2223.1
2223.1
2223.1
2223.1
2223.1
2223.1
2223.1
2223.2
2223.2
2223.2
2223.3
2223.3
2223.4
2223.4
2223.4
2223.4
2223.5
2223.5
2223.6
2223.6
2223.6
2223.6
2223.9
2223.9
2223.9
2224.2
2224.3
2224.5
2224.7
2224.7
2224.7
2224.8
2224.9
2224.9
2225.1
2225.4
2225.6
2225.6
2225.9
2226.2
2226.4
2226.6
2227.2
2227.2
2227.3
2227.6
2227.6
2227.6
2227.7
2227.7
2227.7
2227.8
2227.8
2227.8
2227.9
2227.9
2227.9
2227.9
2227.9
2227.9
2227.9
2228.0
2228.0
2228.1
2228.1
2228.1
2228.1
2228.1
2228.1
2228.1
2228.1
2228.1
2228.1
2228.1
2228.2
2228.2
2228.2
2228.2
2228.3
2228.3
2228.3
2228.3
2228.3
2228.3
2228.3
2228.3
2228.3
2228.3
2228.4
2228.4
2228.4
2228.4
2228.5
2228.5
2228.5
2228.5
2228.6
2228.6
2228.6
2228.7
2228.7
2228.8
2228.8
2228.8
2228.8
2228.8
2228.8
2228.8
2228.9
2228.9
2228.9
2229.1
2229.1
2229.2
2229.3
2229.4
2229.4
2229.5
2229.6
2229.9
2230.0
2230.2
2230.2
2230.4
2230.4
2230.9
2231.1
2231.5
2231.6
2231.7
2231.8
2232.0
2232.0
2232.4
2232.9
2233.9
2234.3
2234.5
2235.4
2236.0
2237.3
2237.6
2237.7
2237.9
2238.2
2238.3
2238.3
2238.4
2238.6
2238.8
2239.0
2239.1
2239.2
2239.2
2239.4
2239.4
2239.4
2239.6
2239.6
2239.7
2239.8
2240.1
2240.1
2240.3
2240.3
2240.3
2240.6
2240.7
2240.7
2240.7
2240.7
2241.0
2241.0
2241.1
2241.2
2241.2
2241.2
2241.5
2241.5
2241.7
2241.8
2241.8
2241.8
2241.9
2242.0
2242.1
2242.4
2242.5
2242.7
2242.8
2242.9
2243.0
2243.0
2243.2
2243.2
2243.3
2243.5
2243.6
2244.2
2244.6
2244.8
2245.0
2245.1
2245.5
2246.0
2246.4
2249.7
2249.7
2250.1
2250.4
2250.6
2250.9
2251.5
2252.4
2253.4
2253.9
2254.7
2263.7
2266.7
2266.8
2266.9
2267.0
2267.0
2267.0
2267.0
2267.0
2267.0
2267.0
2267.0
2267.1
2267.1
2267.1
2267.1
2267.1
2267.1
2267.1
2267.1
2267.1
2267.1
2267.1
2267.1
2267.1
2267.1
2267.1
2267.1
2267.1
2267.1
2267.1
2267.1
2267.1
2267.1
2267.1
2267.1
2267.1
2267.1
2267.1
2267.1
2267.1
2267.1
2267.1
2267.1
2267.1
2267.1
2267.1
2267.1
2267.1
2267.1
2267.1
2267.1
2267.1
2267.1
2267.2
2267.2
2267.2
2267.2
2267.2
2267.2
2267.2
2267.2
2267.2
2267.2
2267.2
2267.2
2267.2
2267.2
2267.2
2267.2
2267.2
2267.2
2267.2
2267.2
2267.2
2267.3
2267.3
2267.3
2267.3
2267.3
2267.3
2267.4
2267.4
2267.4
2267.4
2267.5
2267.5
2267.6
2267.6
2267.6
2267.6
2267.6
2267.8
2267.9
2267.9
2267.9
2268.1
2268.1
2268.2
2268.3
2268.6
2273.2
2273.7
2274.0
2274.0
2274.0
2274.1
2274.2
2274.2
2274.2
2274.2
2274.2
2274.2
2274.2
2274.2
2274.3
2274.3
2274.3
2274.3
2274.3
2274.3
2274.3
2274.4
2274.4
2274.4
2274.4
2274.4
2274.4
2274.4
2274.4
2274.5
2274.5
2274.5
2274.5
2274.5
2274.5
2274.5
2274.5
2274.5
2274.6
2274.6
2274.7
2274.7
2274.7
2274.7
2274.7
2274.7
2274.7
2274.7
2274.7
2274.8
2274.8
2274.8
2274.8
2274.8
2274.9
2274.9
2274.9
2274.9
2274.9
2274.9
2275.0
2275.0
2275.0
2275.0
2275.0
2275.1
2275.1
2275.1
2275.2
2275.2
2275.4
2275.4
2275.4
2275.4
2275.5
2275.5
2275.5
2275.6
2275.6
2276.5
2276.9
2277.4
2277.5
2277.5
2277.6
2277.6
2278.4
2278.9
2279.1
2279.3
2280.3
2282.5
2282.6
2282.7
2282.7
2283.2
2286.0
2286.1
2286.7
2287.3
2287.4
2287.6
2287.7
2287.8
2288.2
2288.3
2288.3
2288.3
2288.4
2288.4
2288.4
2288.5
2288.6
2288.6
2288.6
2288.9
2288.9
2288.9
2289.0
2289.0
2289.1
2289.2
2289.2
2289.3
2289.3
2289.4
2289.7
2289.8
2289.9
2290.5
2290.7
2291.0
2291.0
2291.2
2291.3
2291.4
2292.8
2292.9
2293.3
2293.4
2294.0
2294.6
2295.1
2295.2
2297.4
2297.9
2298.4
2299.0
2299.4
2301.1
2303.4
2303.7
2304.7
2305.9
2308.4
2308.6
2311.2
2338.1
2384.1
2384.1
2384.1
2384.1
2384.1
2384.1
2384.1
2384.1
2384.1
2384.1
2384.1
2384.1
2384.1
2384.2
2384.2
2384.2
2384.2
2384.2
2384.2
2384.2
2384.2
2384.2
2384.2
2384.2
2384.2
2384.2
2384.2
2384.2
2384.2
2384.2
2384.2
2384.2
2384.2
2384.2
2384.2
2384.2
2384.2
2384.2
2384.2
2384.2
2384.2
2384.2
2384.2
2384.2
2384.2
2384.2
2384.2
2384.2
2384.2
2384.2
2384.2
2384.2
2384.2
2384.2
2384.2
2384.2
2384.2
2384.2
2384.2
2384.2
2384.2
2384.2
2384.2
2384.3
2384.3
2384.3
2384.3
2384.3
2384.3
2384.4
2384.4
2384.4
2384.4
2384.4
2384.4
2384.5
2384.6
2384.6
2384.6
2384.6
2384.6
2384.6
2384.7
2384.7
2384.7
2384.7
2384.9
2385.0
2385.0
2385.1
2385.2
2385.2
2385.4
2385.4
2385.4
2385.6
2385.7
2385.8
2385.8
2385.8
2388.1
2388.1
2388.1
2388.1
2388.2
2388.2
2388.2
2388.2
2388.2
2388.2
2388.2
2388.2
2388.2
2388.2
2388.2
2388.2
2388.2
2388.2
2388.2
2388.2
2388.2
2388.2
2388.2
2388.2
2388.2
2388.2
2388.2
2388.2
2388.2
2388.2
2388.2
2388.2
2388.2
2388.2
2388.2
2388.2
2388.2
2388.2
2388.2
2388.2
2388.2
2388.2
2388.2
2388.2
2388.2
2388.2
2388.2
2388.2
2388.2
2388.2
2388.2
2388.2
2388.2
2388.2
2388.2
2388.2
2388.2
2388.2
2388.2
2388.2
2388.2
2388.2
2388.2
2388.2
2388.3
2388.3
2388.3
2388.3
2388.3
2388.3
2388.3
2388.4
2388.4
2388.7
2388.7
2388.8
2388.8
2388.8
2388.8
2388.9
2389.0
2389.0
2389.0
2389.1
2389.2
2389.3
2389.5
2389.6
2389.8
2389.9
2390.0
2390.2
2390.7
2390.7
2391.0
2391.1
2391.3
2391.5
2391.5
2391.6
2391.7
2391.7
2391.7
2391.8
2391.8
2391.8
2391.8
2391.8
2391.8
2391.8
2391.8
2391.8
2391.8
2391.8
2391.8
2391.8
2391.8
2391.8
2391.9
2391.9
2391.9
2391.9
2391.9
2391.9
2391.9
2391.9
2391.9
2391.9
2391.9
2391.9
2391.9
2391.9
2391.9
2391.9
2391.9
2391.9
2392.0
2392.0
2392.0
2392.0
2392.0
2392.0
2392.0
2392.0
2392.0
2392.0
2392.0
2392.1
2392.1
2392.1
2392.1
2392.1
2392.1
2392.1
2392.1
2392.2
2392.2
2392.2
2392.2
2392.2
2392.2
2392.2
2392.3
2392.3
2392.3
2392.3
2392.3
2392.4
2392.4
2392.4
2392.5
2392.5
2392.6
2392.8
2392.8
2393.0
2393.1
2393.2
2393.2
2393.3
2393.3
2393.4
2393.4
2393.5
2393.7
2394.0
2394.1
2394.3
2394.7
2395.0
2395.0
2395.2
2395.9
2395.9
2395.9
2396.0
2396.1
2396.1
2396.1
2396.1
2396.1
2396.1
2396.1
2396.1
2396.1
2396.1
2396.2
2396.2
2396.2
2396.2
2396.2
2396.2
2396.2
2396.2
2396.2
2396.3
2396.3
2396.3
2396.3
2396.3
2396.3
2396.3
2396.3
2396.3
2396.3
2396.4
2396.4
2396.4
2396.4
2396.4
2396.4
2396.4
2396.5
2396.5
2396.5
2396.6
2396.6
2396.6
2396.6
2396.6
2396.6
2396.6
2396.7
2396.7
2396.7
2396.7
2396.7
2396.8
2396.8
2396.8
2396.8
2396.8
2396.8
2396.9
2396.9
2396.9
2397.0
2397.0
2397.0
2397.1
2397.2
2397.2
2397.2
2397.2
2397.3
2397.3
2397.3
2397.6
2397.8
2397.8
2397.8
2397.9
2397.9
2397.9
2398.2
2398.4
2398.4
2398.7
2398.8
2398.9
2398.9
2399.0
2399.0
2399.5
2399.5
2400.3
2400.8
2401.4
2401.7
2402.1
2402.4
2402.5
2402.5
2402.7
2402.8
2402.8
2402.9
2402.9
2402.9
2402.9
2402.9
2403.0
2403.0
2403.1
2403.2
2403.2
2403.2
2403.2
2403.3
2403.3
2403.3
2403.4
2403.4
2403.5
2403.5
2403.5
2403.6
2403.6
2403.6
2403.6
2403.7
2403.7
2403.8
2403.9
2403.9
2403.9
2404.0
2404.0
2404.0
2404.0
2404.1
2404.1
2404.1
2404.1
2404.2
2404.4
2404.5
2404.5
2404.5
2404.6
2404.6
2404.6
2404.6
2404.7
2404.7
2404.7
2404.7
2405.1
2405.3
2405.3
2405.3
2405.4
2405.5
2405.5
2405.7
2405.8
2405.9
2406.0
2406.3
2406.4
2406.6
2406.6
2406.8
2406.9
2407.0
2407.6
2408.2
2408.3
2408.4
2409.3
2409.5
2409.5
2409.6
2410.3
2410.5
2410.9
2411.2
2411.5
2411.7
2411.9
2413.7
2416.1
2418.5
2421.6
2427.3
2551.1
2551.1
2551.1
2551.1
2551.1
2551.1
2551.1
2551.1
2551.1
2551.1
2551.1
2551.1
2551.1
2551.1
2551.1
2551.1
2551.1
2551.1
2551.1
2551.1
2551.1
2551.1
2551.1
2551.1
2551.1
2551.1
2551.1
2551.1
2551.1
2551.1
2551.1
2551.1
2551.1
2551.1
2551.1
2551.1
2551.1
2551.1
2551.1
2551.1
2551.1
2551.1
2551.1
2551.1
2551.2
2551.2
2551.2
2551.2
2551.2
2551.2
2551.2
2551.2
2551.2
2551.2
2551.2
2551.2
2551.2
2551.2
2551.2
2551.2
2551.2
2551.2
2551.2
2551.2
2551.2
2551.2
2551.2
2551.2
2551.2
2551.2
2551.2
2551.3
2551.3
2551.3
2551.3
2551.3
2551.3
2551.3
2551.4
2551.4
2551.4
2551.5
2551.5
2551.5
2551.5
2551.5
2551.5
2551.5
2551.6
2551.6
2551.6
2551.7
2551.7
2551.7
2551.8
2551.9
2551.9
2551.9
2551.9
2551.9
2555.3
2555.3
2555.4
2555.4
2555.4
2555.4
2555.4
2555.4
2555.4
2555.4
2555.4
2555.4
2555.4
2555.4
2555.4
2555.4
2555.4
2555.4
2555.4
2555.4
2555.4
2555.4
2555.4
2555.4
2555.4
2555.4
2555.4
2555.4
2555.4
2555.4
2555.4
2555.4
2555.4
2555.4
2555.4
2555.4
2555.4
2555.4
2555.4
2555.4
2555.4
2555.4
2555.4
2555.4
2555.4
2555.4
2555.4
2555.4
2555.4
2555.4
2555.5
2555.5
2555.5
2555.5
2555.5
2555.5
2555.5
2555.5
2555.5
2555.5
2555.5
2555.5
2555.5
2555.5
2555.5
2555.6
2555.6
2555.6
2555.6
2555.6
2555.6
2555.7
2555.8
2555.9
2555.9
2555.9
2556.0
2556.0
2556.2
2556.2
2556.2
2556.4
2556.4
2556.5
2556.6
2556.6
2556.6
2556.6
2556.8
2556.9
2557.0
2557.0
2557.2
2557.3
2557.6
2557.6
2557.6
2557.8
2557.8
2557.8
2559.0
2559.0
2559.0
2559.1
2559.1
2559.1
2559.1
2559.1
2559.1
2559.1
2559.2
2559.2
2559.2
2559.2
2559.2
2559.2
2559.2
2559.2
2559.2
2559.2
2559.2
2559.2
2559.2
2559.2
2559.2
2559.2
2559.2
2559.2
2559.3
2559.3
2559.3
2559.3
2559.3
2559.3
2559.3
2559.3
2559.3
2559.3
2559.3
2559.3
2559.3
2559.3
2559.3
2559.3
2559.4
2559.4
2559.4
2559.4
2559.4
2559.4
2559.4
2559.4
2559.5
2559.5
2559.5
2559.5
2559.5
2559.5
2559.5
2559.5
2559.6
2559.7
2559.7
2559.8
2559.8
2559.8
2559.8
2559.9
2559.9
2559.9
2559.9
2560.0
2560.2
2560.2
2560.3
2560.5
2560.6
2560.9
2561.0
2561.0
2561.0
2561.2
2561.2
2561.3
2561.5
2561.7
2561.9
2562.0
2562.2
2562.5
2562.8
2563.0
2563.5
2563.5
2563.7
2563.9
2563.9
2564.0
2564.0
2564.0
2564.0
2564.1
2564.1
2564.1
2564.2
2564.2
2564.2
2564.2
2564.2
2564.2
2564.3
2564.3
2564.3
2564.4
2564.4
2564.4
2564.4
2564.4
2564.4
2564.4
2564.4
2564.4
2564.4
2564.4
2564.5
2564.5
2564.6
2564.6
2564.6
2564.6
2564.6
2564.6
2564.6
2564.6
2564.6
2564.7
2564.7
2564.7
2564.7
2564.7
2564.8
2564.8
2564.8
2564.8
2564.8
2564.9
2564.9
2564.9
2564.9
2565.0
2565.0
2565.1
2565.1
2565.1
2565.1
2565.1
2565.1
2565.2
2565.2
2565.2
2565.2
2565.4
2565.5
2565.5
2565.6
2565.7
2565.7
2565.8
2566.0
2566.3
2566.4
2566.5
2566.5
2566.7
2566.7
2567.3
2567.4
2567.7
2567.9
2568.1
2568.2
2568.3
2568.3
2568.7
2568.9
2569.9
2570.9
2570.9
2571.3
2572.2
2573.6
2573.8
2573.9
2574.2
2574.4
2574.5
2574.6
2574.8
2574.9
2575.1
2575.4
2575.4
2575.4
2575.5
2575.7
2575.8
2575.8
2575.9
2575.9
2575.9
2576.0
2576.0
2576.0
2576.3
2576.4
2576.4
2576.5
2576.6
2576.7
2576.7
2576.9
2576.9
2577.2
2577.2
2577.2
2577.4
2577.4
2577.6
2577.6
2577.7
2577.9
2578.0
2578.0
2578.1
2578.3
2578.4
2578.6
2578.6
2578.7
2578.7
2578.8
2579.1
2579.2
2579.4
2579.6
2579.7
2579.9
2580.2
2580.4
2580.5
2580.8
2581.0
2581.3
2581.3
2582.1
2582.5
2584.9
2585.6
2586.0
2586.7
2586.7
2587.4
2587.9
2587.9
2588.3
2588.4
2588.8
2603.1
2603.5
2603.8
2603.9
2603.9
2604.0
2604.0
2604.0
2604.0
2604.0
2604.0
2604.0
2604.1
2604.1
2604.1
2604.1
2604.1
2604.1
2604.1
2604.1
2604.1
2604.1
2604.1
2604.1
2604.1
2604.1
2604.1
2604.1
2604.1
2604.1
2604.1
2604.1
2604.1
2604.1
2604.1
2604.1
2604.1
2604.1
2604.1
2604.1
2604.1
2604.1
2604.1
2604.1
2604.1
2604.1
2604.1
2604.1
2604.1
2604.1
2604.2
2604.2
2604.2
2604.2
2604.2
2604.2
2604.2
2604.2
2604.2
2604.2
2604.2
2604.2
2604.2
2604.2
2604.2
2604.2
2604.2
2604.2
2604.2
2604.2
2604.2
2604.2
2604.2
2604.3
2604.3
2604.3
2604.3
2604.3
2604.3
2604.3
2604.4
2604.4
2604.4
2604.4
2604.5
2604.5
2604.5
2604.6
2604.6
2604.6
2604.7
2604.7
2604.8
2604.9
2604.9
2604.9
2605.1
2605.2
2605.3
2605.6
2608.9
2609.9
2610.7
2611.0
2611.0
2611.1
2611.1
2611.1
2611.2
2611.2
2611.2
2611.2
2611.2
2611.2
2611.2
2611.3
2611.3
2611.3
2611.3
2611.3
2611.3
2611.3
2611.4
2611.4
2611.4
2611.4
2611.4
2611.4
2611.4
2611.4
2611.5
2611.5
2611.5
2611.5
2611.5
2611.5
2611.5
2611.5
2611.6
2611.6
2611.7
2611.7
2611.7
2611.7
2611.7
2611.7
2611.7
2611.7
2611.7
2611.8
2611.8
2611.8
2611.8
2611.8
2611.8
2611.8
2611.9
2611.9
2611.9
2611.9
2611.9
2611.9
2612.0
2612.0
2612.0
2612.0
2612.1
2612.1
2612.1
2612.2
2612.3
2612.4
2612.4
2612.4
2612.5
2612.5
2612.5
2612.6
2612.7
2613.5
2614.0
2614.5
2614.5
2614.6
2614.7
2614.7
2615.5
2615.9
2616.3
2616.3
2617.4
2619.8
2619.8
2619.8
2620.2
2621.0
2623.5
2623.8
2624.7
2625.0
2625.9
2626.1
2626.2
2626.5
2626.6
2627.0
2627.1
2627.2
2627.2
2627.3
2627.4
2627.5
2627.5
2627.7
2627.8
2627.8
2627.9
2628.0
2628.1
2628.1
2628.2
2628.3
2628.4
2628.4
2628.5
2628.9
2629.0
2629.2
2629.4
2629.5
2630.2
2630.9
2630.9
2632.6
2632.8
2633.2
2634.1
2635.1
2636.4
2636.5
2636.7
2640.4
2642.6
2642.7
2643.8
2651.9
2720.3
2720.3
2720.3
2720.3
2720.3
2720.3
2720.3
2720.3
2720.3
2720.3
2720.3
2720.3
2720.3
2720.3
2720.3
2720.3
2720.3
2720.3
2720.4
2720.4
2720.4
2720.4
2720.4
2720.4
2720.4
2720.4
2720.4
2720.4
2720.4
2720.4
2720.4
2720.4
2720.4
2720.4
2720.4
2720.4
2720.4
2720.4
2720.4
2720.4
2720.4
2720.4
2720.4
2720.4
2720.4
2720.4
2720.4
2720.4
2720.4
2720.4
2720.4
2720.4
2720.4
2720.4
2720.4
2720.4
2720.4
2720.4
2720.4
2720.4
2720.4
2720.4
2720.4
2720.4
2720.4
2720.5
2720.5
2720.5
2720.5
2720.5
2720.5
2720.5
2720.6
2720.6
2720.7
2720.7
2720.7
2720.8
2720.8
2720.8
2720.8
2720.8
2720.8
2720.9
2720.9
2720.9
2721.1
2721.1
2721.1
2721.3
2721.3
2721.4
2721.6
2721.6
2721.6
2721.8
2721.8
2721.9
2721.9
2722.0
2724.4
2724.4
2724.5
2724.5
2724.5
2724.5
2724.5
2724.5
2724.5
2724.5
2724.5
2724.5
2724.5
2724.5
2724.5
2724.5
2724.5
2724.5
2724.5
2724.5
2724.5
2724.5
2724.5
2724.5
2724.5
2724.5
2724.5
2724.5
2724.5
2724.5
2724.5
2724.5
2724.5
2724.5
2724.5
2724.5
2724.5
2724.5
2724.5
2724.5
2724.5
2724.5
2724.5
2724.5
2724.5
2724.5
2724.5
2724.5
2724.5
2724.5
2724.5
2724.5
2724.5
2724.5
2724.5
2724.5
2724.5
2724.5
2724.5
2724.5
2724.5
2724.5
2724.5
2724.5
2724.6
2724.6
2724.6
2724.6
2724.6
2724.6
2724.6
2724.6
2724.7
2724.9
2724.9
2725.0
2725.0
2725.0
2725.0
2725.1
2725.2
2725.2
2725.3
2725.3
2725.4
2725.5
2725.6
2725.7
2725.9
2726.0
2726.1
2726.2
2726.6
2726.6
2727.1
2727.1
2727.3
2727.5
2727.5
2727.6
2728.0
2728.0
2728.1
2728.1
2728.1
2728.1
2728.1
2728.1
2728.1
2728.1
2728.1
2728.1
2728.1
2728.1
2728.1
2728.1
2728.2
2728.2
2728.2
2728.2
2728.2
2728.2
2728.2
2728.2
2728.2
2728.2
2728.2
2728.2
2728.2
2728.2
2728.2
2728.2
2728.2
2728.2
2728.2
2728.2
2728.3
2728.3
2728.3
2728.3
2728.3
2728.3
2728.3
2728.3
2728.3
2728.3
2728.3
2728.4
2728.4
2728.4
2728.4
2728.4
2728.4
2728.4
2728.4
2728.5
2728.5
2728.5
2728.5
2728.5
2728.5
2728.6
2728.6
2728.6
2728.6
2728.6
2728.7
2728.7
2728.7
2728.7
2728.8
2728.9
2728.9
2729.0
2729.0
2729.2
2729.3
2729.5
2729.5
2729.5
2729.5
2729.6
2729.6
2729.7
2729.9
2730.2
2730.2
2730.3
2730.7
2731.0
2731.1
2731.1
2732.0
2732.0
2732.2
2732.2
2732.2
2732.4
2732.4
2732.4
2732.4
2732.4
2732.4
2732.4
2732.5
2732.5
2732.5
2732.5
2732.5
2732.5
2732.5
2732.6
2732.6
2732.6
2732.6
2732.6
2732.6
2732.6
2732.6
2732.6
2732.6
2732.6
2732.7
2732.7
2732.7
2732.7
2732.7
2732.7
2732.7
2732.7
2732.7
2732.7
2732.8
2732.8
2732.8
2732.8
2732.9
2732.9
2732.9
2732.9
2732.9
2732.9
2733.0
2733.0
2733.0
2733.0
2733.0
2733.0
2733.1
2733.1
2733.1
2733.1
2733.1
2733.1
2733.2
2733.2
2733.2
2733.3
2733.3
2733.4
2733.4
2733.5
2733.5
2733.6
2733.6
2733.7
2733.7
2733.7
2733.9
2734.0
2734.0
2734.1
2734.1
2734.2
2734.3
2734.6
2734.7
2734.9
2735.1
2735.2
2735.2
2735.3
2735.3
2735.7
2735.8
2736.3
2737.0
2737.3
2737.5
2738.2
2738.5
2738.9
2738.9
2738.9
2739.0
2739.0
2739.2
2739.2
2739.2
2739.3
2739.3
2739.3
2739.3
2739.4
2739.4
2739.5
2739.6
2739.6
2739.6
2739.7
2739.8
2739.8
2739.8
2739.9
2740.0
2740.0
2740.0
2740.0
2740.0
2740.1
2740.1
2740.2
2740.3
2740.3
2740.4
2740.4
2740.4
2740.4
2740.4
2740.5
2740.5
2740.5
2740.5
2740.5
2740.6
2740.8
2740.8
2740.9
2741.0
2741.0
2741.0
2741.0
2741.0
2741.0
2741.0
2741.1
2741.1
2741.2
2741.6
2741.6
2741.8
2741.8
2741.8
2741.8
2741.9
2742.2
2742.2
2742.3
2742.4
2742.4
2742.7
2742.9
2743.1
2743.1
2743.1
2743.1
2744.5
2744.6
2744.7
2744.7
2744.7
2745.5
2745.7
2746.1
2746.4
2746.9
2747.3
2747.5
2747.6
2747.9
2749.4
2750.3
2751.7
2751.8
2755.9
2758.0
2887.4
2887.4
2887.4
2887.4
2887.4
2887.4
2887.4
2887.4
2887.4
2887.4
2887.4
2887.4
2887.4
2887.4
2887.4
2887.4
2887.4
2887.4
2887.4
2887.4
2887.4
2887.4
2887.4
2887.4
2887.4
2887.4
2887.4
2887.4
2887.4
2887.4
2887.4
2887.4
2887.4
2887.4
2887.4
2887.4
2887.4
2887.4
2887.4
2887.4
2887.4
2887.4
2887.4
2887.4
2887.4
2887.4
2887.4
2887.4
2887.4
2887.4
2887.4
2887.4
2887.4
2887.5
2887.5
2887.5
2887.5
2887.5
2887.5
2887.5
2887.5
2887.5
2887.5
2887.5
2887.5
2887.5
2887.5
2887.5
2887.5
2887.5
2887.5
2887.6
2887.6
2887.6
2887.6
2887.6
2887.6
2887.6
2887.7
2887.7
2887.7
2887.8
2887.8
2887.8
2887.8
2887.8
2887.9
2887.9
2887.9
2887.9
2888.0
2888.0
2888.1
2888.1
2888.2
2888.2
2888.2
2888.2
2888.3
2888.3
2891.6
2891.6
2891.7
2891.7
2891.7
2891.7
2891.7
2891.7
2891.7
2891.7
2891.7
2891.7
2891.7
2891.7
2891.7
2891.7
2891.7
2891.7
2891.7
2891.7
2891.7
2891.7
2891.7
2891.7
2891.7
2891.7
2891.7
2891.7
2891.7
2891.7
2891.7
2891.7
2891.7
2891.7
2891.7
2891.7
2891.7
2891.7
2891.7
2891.8
2891.8
2891.8
2891.8
2891.8
2891.8
2891.8
2891.8
2891.8
2891.8
2891.8
2891.8
2891.8
2891.8
2891.8
2891.8
2891.8
2891.8
2891.8
2891.8
2891.8
2891.8
2891.8
2891.8
2891.8
2891.9
2891.9
2891.9
2891.9
2891.9
2891.9
2892.0
2892.0
2892.2
2892.2
2892.3
2892.3
2892.4
2892.4
2892.5
2892.5
2892.5
2892.7
2892.8
2892.8
2892.9
2893.0
2893.0
2893.0
2893.2
2893.3
2893.4
2893.4
2893.6
2893.8
2894.0
2894.0
2894.1
2894.2
2894.3
2894.3
2895.3
2895.3
2895.3
2895.4
2895.4
2895.4
2895.4
2895.4
2895.4
2895.4
2895.4
2895.4
2895.4
2895.4
2895.5
2895.5
2895.5
2895.5
2895.5
2895.5
2895.5
2895.5
2895.5
2895.5
2895.5
2895.5
2895.5
2895.5
2895.6
2895.6
2895.6
2895.6
2895.6
2895.6
2895.6
2895.6
2895.6
2895.6
2895.6
2895.6
2895.6
2895.6
2895.6
2895.6
2895.6
2895.6
2895.7
2895.7
2895.7
2895.7
2895.7
2895.7
2895.7
2895.7
2895.8
2895.8
2895.8
2895.8
2895.8
2895.8
2895.9
2896.0
2896.0
2896.0
2896.1
2896.1
2896.1
2896.2
2896.2
2896.2
2896.2
2896.3
2896.5
2896.6
2896.6
2896.8
2896.9
2897.2
2897.3
2897.3
2897.4
2897.5
2897.5
2897.6
2897.8
2898.1
2898.3
2898.3
2898.5
2898.9
2899.1
2899.3
2899.9
2899.9
2900.0
2900.1
2900.1
2900.2
2900.2
2900.2
2900.3
2900.3
2900.3
2900.4
2900.4
2900.4
2900.4
2900.4
2900.4
2900.5
2900.5
2900.5
2900.5
2900.6
2900.6
2900.6
2900.6
2900.6
2900.6
2900.6
2900.6
2900.6
2900.6
2900.7
2900.7
2900.7
2900.7
2900.7
2900.7
2900.8
2900.8
2900.8
2900.8
2900.8
2900.8
2900.8
2900.8
2900.9
2900.9
2900.9
2900.9
2900.9
2900.9
2900.9
2901.0
2901.0
2901.0
2901.1
2901.1
2901.1
2901.2
2901.2
2901.2
2901.2
2901.3
2901.3
2901.4
2901.4
2901.4
2901.5
2901.5
2901.6
2901.7
2901.7
2901.8
2901.9
2901.9
2902.0
2902.1
2902.4
2902.6
2902.6
2902.7
2902.8
2902.8
2903.4
2903.6
2904.1
2904.2
2904.3
2904.4
2904.5
2904.5
2904.9
2905.3
2906.4
2907.0
2907.2
2907.9
2908.3
2909.2
2909.8
2909.9
2910.0
2910.1
2910.1
2910.3
2910.3
2910.3
2910.5
2910.7
2910.7
2910.8
2910.9
2911.0
2911.1
2911.1
2911.2
2911.2
2911.2
2911.3
2911.6
2911.7
2911.8
2911.8
2912.0
2912.1
2912.1
2912.2
2912.2
2912.3
2912.4
2912.4
2912.4
2912.4
2912.6
2912.6
2912.7
2912.7
2912.7
2912.8
2913.0
2913.2
2913.2
2913.2
2913.2
2913.2
2913.5
2913.5
2913.7
2913.7
2913.8
2914.0
2914.0
2914.3
2914.5
2914.6
2914.8
2914.9
2914.9
2915.2
2915.2
2915.3
2915.6
2915.6
2916.0
2917.8
2917.9
2918.5
2918.5
2918.9
2919.2
2919.6
2919.9
2920.0
2920.4
2921.0
2927.8
2928.3
2931.2
2935.7
2938.5
2938.6
2939.2
2939.5
2939.6
2939.6
2939.6
2939.6
2939.6
2939.6
2939.6
2939.6
2939.6
2939.7
2939.7
2939.7
2939.7
2939.7
2939.7
2939.7
2939.7
2939.7
2939.7
2939.7
2939.7
2939.7
2939.7
2939.7
2939.7
2939.7
2939.7
2939.7
2939.7
2939.7
2939.7
2939.7
2939.7
2939.7
2939.7
2939.7
2939.7
2939.7
2939.7
2939.7
2939.7
2939.7
2939.7
2939.7
2939.7
2939.7
2939.7
2939.7
2939.7
2939.7
2939.7
2939.7
2939.8
2939.8
2939.8
2939.8
2939.8
2939.8
2939.8
2939.8
2939.8
2939.8
2939.8
2939.8
2939.8
2939.8
2939.8
2939.8
2939.8
2939.8
2939.8
2939.8
2939.8
2939.8
2939.9
2939.9
2939.9
2939.9
2939.9
2939.9
2939.9
2940.0
2940.0
2940.0
2940.2
2940.2
2940.2
2940.3
2940.5
2940.5
2940.5
2940.6
2940.7
2940.8
2940.9
2941.1
2944.5
2944.7
2946.0
2946.5
2946.6
2946.6
2946.7
2946.7
2946.8
2946.8
2946.8
2946.8
2946.8
2946.8
2946.8
2946.8
2946.9
2946.9
2946.9
2946.9
2946.9
2946.9
2946.9
2946.9
2946.9
2947.0
2947.0
2947.0
2947.0
2947.0
2947.0
2947.0
2947.0
2947.1
2947.1
2947.1
2947.1
2947.1
2947.1
2947.1
2947.1
2947.2
2947.2
2947.2
2947.2
2947.2
2947.3
2947.3
2947.3
2947.3
2947.3
2947.4
2947.4
2947.4
2947.4
2947.5
2947.5
2947.5
2947.5
2947.5
2947.5
2947.5
2947.6
2947.6
2947.6
2947.6
2947.6
2947.7
2947.7
2947.7
2947.9
2947.9
2947.9
2947.9
2948.0
2948.0
2948.1
2948.2
2948.8
2949.4
2949.4
2949.5
2949.9
2950.0
2950.0
2950.0
2950.8
2951.1
2951.6
2951.7
2951.9
2952.7
2952.8
2954.7
2954.8
2954.9
2957.7
2958.3
2959.1
2959.9
2960.0
2960.3
2960.3
2960.3
2960.5
2960.8
2960.8
2961.0
2961.0
2961.1
2961.1
2961.2
2961.3
2961.4
2961.4
2961.5
2961.8
2961.8
2961.9
2961.9
2961.9
2961.9
2962.0
2962.1
2962.3
2962.4
2962.5
2962.6
2963.0
2963.1
2963.9
2963.9
2964.3
2965.0
2965.4
2965.4
2966.3
2966.4
2967.7
2968.6
2968.7
2969.4
2970.2
2970.6
2972.8
2976.4
2979.1
2981.9
2982.6
2983.0
