426.6
426.6
426.6
426.6
426.6
426.6
426.6
426.6
426.6
426.6
426.6
426.6
426.6
426.6
426.6
426.6
426.6
426.6
426.6
426.6
426.6
426.6
426.6
426.6
426.7
426.7
426.7
426.7
426.7
426.7
426.7
426.7
426.7
426.7
426.7
426.7
426.7
426.7
426.7
426.7
426.7
426.7
426.7
426.7
426.7
426.8
426.8
426.8
426.8
426.8
426.8
426.8
426.8
426.8
426.8
426.8
426.8
426.8
426.8
426.8
426.8
426.8
426.9
426.9
426.9
426.9
426.9
426.9
426.9
426.9
426.9
426.9
426.9
426.9
426.9
426.9
426.9
426.9
426.9
427.1
427.1
427.1
427.2
427.2
427.2
427.3
427.4
427.4
427.4
427.4
427.4
427.6
427.6
427.7
427.9
427.9
428.0
428.0
428.0
428.4
434.7
434.7
434.7
434.8
434.8
434.8
434.9
434.9
435.0
435.1
435.1
435.1
435.2
435.2
435.2
435.2
435.2
435.3
435.3
435.3
435.3
435.3
435.3
435.4
435.4
435.4
435.4
435.4
435.4
435.4
435.4
435.5
435.5
435.5
435.5
435.6
435.6
435.6
435.6
435.6
435.6
435.7
435.8
435.8
435.8
435.8
435.8
435.9
435.9
435.9
435.9
435.9
436.1
436.1
436.2
436.2
436.3
436.3
436.4
436.5
436.5
436.5
436.5
436.5
436.5
436.5
436.6
436.7
436.7
436.7
436.7
436.8
436.8
436.9
436.9
436.9
436.9
436.9
437.0
438.2
438.4
439.3
439.9
440.0
440.2
441.5
442.7
442.9
443.2
443.9
444.9
448.9
450.2
452.1
453.5
454.2
454.5
454.6
454.6
455.0
455.0
455.2
455.3
455.3
455.4
455.6
455.8
455.9
456.0
456.2
456.3
457.0
457.2
457.4
457.7
457.8
457.8
457.8
458.2
458.5
458.5
458.5
458.6
459.0
459.3
459.6
459.9
460.4
460.7
460.9
461.3
461.7
461.8
462.4
462.8
463.0
463.1
463.5
463.8
464.9
465.0
465.5
469.8
471.2
474.9
480.2
491.3
496.9
499.6
586.4
586.4
586.4
586.4
586.4
586.5
586.5
586.5
586.5
586.5
586.5
586.5
586.5
586.5
586.5
586.5
586.5
586.5
586.5
586.5
586.5
586.5
586.5
586.5
586.5
586.5
586.5
586.5
586.5
586.5
586.5
586.5
586.5
586.5
586.6
586.6
586.6
586.6
586.6
586.6
586.6
586.6
586.6
586.6
586.6
586.6
586.6
586.6
586.6
586.6
586.6
586.6
586.7
586.7
586.7
586.7
586.7
586.7
586.7
586.7
586.7
586.7
586.7
586.7
586.7
586.7
586.7
586.7
586.8
586.8
586.8
586.8
586.8
586.8
586.8
586.8
586.8
586.8
586.8
587.0
587.0
587.0
587.1
587.1
587.1
587.2
587.3
587.3
587.3
587.3
587.4
587.5
587.6
587.6
587.8
587.9
587.9
587.9
588.0
588.3
594.3
594.4
594.4
594.5
594.5
594.5
594.6
594.6
594.7
594.8
594.8
594.8
594.8
594.9
594.9
594.9
594.9
595.0
595.0
595.0
595.0
595.0
595.0
595.0
595.0
595.0
595.0
595.1
595.1
595.1
595.1
595.1
595.2
595.2
595.2
595.2
595.2
595.2
595.3
595.3
595.3
595.4
595.5
595.5
595.5
595.5
595.5
595.6
595.6
595.6
595.6
595.6
595.7
595.8
595.9
595.9
595.9
595.9
596.1
596.1
596.1
596.2
596.2
596.2
596.2
596.2
596.2
596.3
596.3
596.3
596.4
596.4
596.5
596.5
596.5
596.5
596.6
596.6
596.6
597.9
598.0
598.9
599.5
599.5
599.8
601.0
602.1
602.4
602.7
603.4
604.3
608.8
610.1
610.9
705.3
705.3
705.3
705.3
705.4
705.4
705.4
705.4
705.4
705.4
705.4
705.4
705.4
705.4
705.4
705.4
705.4
705.4
705.4
705.4
705.4
705.4
705.4
705.4
705.4
705.4
705.4
705.4
705.4
705.4
705.4
705.4
705.4
705.4
705.4
705.4
705.4
705.4
705.4
705.5
705.5
705.5
705.5
705.5
705.5
705.5
705.5
705.5
705.5
705.5
705.5
705.5
705.5
705.5
705.5
705.5
705.5
705.5
705.6
705.6
705.6
705.6
705.6
705.6
705.6
705.6
705.6
705.6
705.6
705.6
705.6
705.6
705.6
705.6
705.6
705.6
705.6
705.6
705.6
705.7
705.8
705.8
705.9
705.9
705.9
706.0
706.0
706.1
706.1
706.1
706.1
706.3
706.3
706.3
706.5
706.6
706.6
706.7
706.7
707.0
713.7
713.7
713.7
713.8
713.8
713.9
713.9
714.0
714.1
714.1
714.1
714.1
714.2
714.2
714.2
714.2
714.3
714.3
714.3
714.3
714.4
714.4
714.4
714.4
714.4
714.4
714.4
714.4
714.4
714.4
714.5
714.5
714.5
714.5
714.5
714.6
714.6
714.6
714.6
714.6
714.6
714.7
714.8
714.8
714.8
714.8
714.9
714.9
714.9
714.9
714.9
714.9
715.1
715.1
715.2
715.2
715.3
715.3
715.4
715.5
715.5
715.5
715.5
715.5
715.5
715.5
715.6
715.7
715.7
715.7
715.7
715.8
715.8
715.9
715.9
715.9
715.9
715.9
716.0
717.3
717.5
718.4
719.0
719.1
719.3
720.7
721.9
722.1
722.4
723.3
724.3
729.5
731.3
732.2
756.0
756.0
756.0
756.1
756.1
756.1
756.1
756.1
756.1
756.2
756.2
756.2
756.2
756.2
756.2
756.2
756.2
756.2
756.2
756.2
756.2
756.2
756.2
756.3
756.3
756.3
756.3
756.3
756.3
756.3
756.3
756.3
756.3
756.3
756.3
756.3
756.4
756.4
756.4
756.4
756.4
756.4
756.4
756.4
756.4
756.4
756.5
756.5
756.5
756.5
756.5
756.5
756.5
756.5
756.5
756.5
756.5
756.5
756.5
756.6
756.6
756.6
756.6
756.6
756.6
756.6
756.6
756.6
756.6
756.6
756.6
756.6
756.6
756.6
756.6
756.6
756.6
756.6
756.6
756.6
756.7
756.7
756.7
756.7
756.8
756.8
757.0
757.0
757.0
757.1
757.1
757.1
757.1
757.1
757.1
757.2
757.2
757.4
757.5
757.9
762.5
762.5
762.6
762.6
762.6
762.6
762.7
762.7
762.7
762.7
762.7
762.7
762.8
762.8
762.8
762.8
762.8
762.8
762.8
762.8
762.8
762.8
762.8
762.8
762.8
762.8
762.9
762.9
762.9
762.9
762.9
762.9
762.9
763.0
763.0
763.0
763.0
763.1
763.1
763.1
763.1
763.2
763.2
763.2
763.3
763.3
763.3
763.4
763.4
763.5
763.5
763.5
763.5
763.6
763.6
763.6
763.6
763.6
763.7
763.7
763.7
763.7
763.9
763.9
763.9
764.0
764.0
764.0
764.0
764.1
764.1
764.1
764.2
764.3
764.3
764.3
764.3
764.3
764.4
764.4
764.5
764.5
764.6
764.6
764.8
764.8
764.9
765.0
765.1
765.2
765.2
765.3
765.3
765.3
765.4
765.6
765.7
765.7
766.9
767.5
767.7
767.7
767.7
767.7
767.7
767.8
767.8
767.8
767.8
767.9
767.9
767.9
768.0
768.0
768.1
768.1
768.1
768.1
768.1
768.2
768.2
768.2
768.2
768.2
768.2
768.3
768.3
768.3
768.3
768.3
768.4
768.4
768.4
768.5
768.5
768.5
768.6
768.6
768.6
768.6
768.6
768.7
768.7
768.7
768.7
768.9
768.9
769.0
769.0
769.0
769.0
769.0
769.1
769.1
769.1
769.2
769.2
769.4
769.4
769.6
769.7
769.8
769.8
769.8
769.9
770.0
770.1
770.3
770.5
770.5
770.7
770.7
770.9
771.0
771.2
771.6
771.7
771.9
772.0
772.9
772.9
773.4
773.7
773.9
774.0
774.1
774.3
775.2
775.6
775.9
776.1
776.2
776.3
776.5
776.5
776.9
777.0
777.1
777.1
777.2
777.5
777.6
777.6
777.6
777.7
778.0
778.0
778.1
778.1
778.3
778.4
778.5
778.6
778.8
778.8
779.0
779.1
779.1
779.1
779.3
779.3
779.4
779.6
779.7
779.9
779.9
780.1
780.2
780.4
780.4
780.5
780.6
780.8
781.0
781.5
781.5
781.7
782.0
782.0
782.1
782.7
782.8
782.8
783.3
783.6
784.0
784.9
785.6
785.8
785.9
786.2
786.7
787.0
787.0
787.1
787.2
787.8
787.9
789.9
790.5
790.6
791.6
792.5
795.1
799.6
828.0
869.7
869.7
869.7
869.7
869.7
869.7
869.7
869.7
869.8
869.8
869.8
869.8
869.8
869.8
869.8
869.8
869.8
869.8
869.8
869.8
869.8
869.8
869.8
869.8
869.8
869.8
869.8
869.8
869.8
869.8
869.8
869.8
869.8
869.8
869.8
869.8
869.8
869.8
869.8
869.8
869.8
869.8
869.9
869.9
869.9
869.9
869.9
869.9
869.9
869.9
869.9
869.9
869.9
869.9
869.9
869.9
869.9
869.9
869.9
869.9
869.9
869.9
869.9
869.9
869.9
869.9
869.9
870.0
870.0
870.0
870.0
870.0
870.0
870.0
870.0
870.0
870.0
870.0
870.0
870.1
870.1
870.2
870.2
870.3
870.3
870.4
870.4
870.4
870.4
870.5
870.5
870.7
870.7
870.7
870.9
871.0
871.0
871.0
871.1
871.4
878.1
878.1
878.1
878.2
878.2
878.3
878.3
878.3
878.5
878.6
878.6
878.6
878.6
878.6
878.6
878.7
878.7
878.7
878.7
878.7
878.8
878.8
878.8
878.8
878.8
878.8
878.8
878.8
878.9
878.9
878.9
878.9
878.9
879.0
879.0
879.0
879.0
879.0
879.0
879.0
879.1
879.1
879.2
879.2
879.2
879.2
879.3
879.3
879.3
879.3
879.3
879.3
879.4
879.5
879.6
879.6
879.7
879.7
879.8
879.8
879.9
879.9
879.9
879.9
879.9
879.9
880.0
880.1
880.1
880.1
880.1
880.2
880.2
880.3
880.3
880.3
880.3
880.3
880.4
881.7
881.9
882.7
883.4
883.4
883.7
885.1
886.3
886.5
886.8
887.6
888.7
894.1
895.7
896.7
934.3
934.3
934.3
934.4
934.4
934.4
934.4
934.4
934.4
934.4
934.4
934.4
934.4
934.4
934.4
934.4
934.4
934.4
934.4
934.4
934.4
934.4
934.4
934.4
934.4
934.4
934.4
934.4
934.4
934.4
934.4
934.4
934.5
934.5
934.5
934.5
934.5
934.5
934.5
934.5
934.5
934.5
934.5
934.5
934.5
934.5
934.5
934.5
934.5
934.5
934.5
934.5
934.5
934.5
934.5
934.6
934.6
934.6
934.6
934.6
934.6
934.6
934.6
934.6
934.6
934.6
934.6
934.6
934.6
934.6
934.6
934.6
934.6
934.6
934.6
934.6
934.6
934.6
934.7
934.8
934.8
934.9
934.9
934.9
935.0
935.0
935.1
935.1
935.1
935.2
935.2
935.4
935.4
935.4
935.4
935.5
935.6
935.6
935.7
936.1
942.5
942.6
942.6
942.7
942.7
942.7
942.8
942.8
942.9
943.0
943.0
943.0
943.0
943.1
943.1
943.1
943.1
943.2
943.2
943.2
943.2
943.2
943.2
943.2
943.2
943.2
943.2
943.3
943.3
943.3
943.3
943.3
943.3
943.4
943.4
943.4
943.4
943.4
943.5
943.5
943.5
943.6
943.6
943.6
943.7
943.7
943.7
943.7
943.8
943.8
943.8
943.8
943.9
944.0
944.0
944.1
944.1
944.1
944.2
944.3
944.3
944.3
944.4
944.4
944.4
944.4
944.5
944.5
944.5
944.5
944.6
944.6
944.7
944.7
944.8
944.8
944.8
944.8
944.8
946.1
946.3
947.2
947.8
947.9
948.2
949.5
950.5
950.7
951.2
951.3
951.4
952.7
952.8
953.8
954.1
954.3
954.3
954.3
954.4
954.5
954.5
954.5
954.6
954.6
954.6
954.6
954.7
954.8
954.8
954.8
954.9
955.0
955.0
955.0
955.0
955.1
955.1
955.2
955.2
955.5
955.5
955.6
955.7
955.8
955.9
956.1
956.1
956.3
956.3
956.4
956.5
956.5
956.6
956.6
956.8
957.3
957.5
957.6
957.8
958.4
959.1
959.2
959.9
960.3
960.6
960.9
961.1
961.3
962.2
963.3
963.5
963.5
963.8
963.9
964.0
964.1
964.1
964.6
964.6
964.7
964.8
964.8
964.9
964.9
965.0
965.5
965.6
965.6
965.7
965.7
965.8
965.8
966.1
966.4
966.4
966.6
966.6
966.9
967.0
967.0
967.2
967.3
967.5
967.8
968.3
968.9
969.1
969.2
969.4
970.9
972.6
972.6
972.7
975.1
977.6
978.9
980.4
981.0
995.0
1003.0
1047.3
1047.3
1047.3
1047.4
1047.4
1047.4
1047.4
1047.4
1047.4
1047.4
1047.4
1047.4
1047.4
1047.4
1047.4
1047.4
1047.4
1047.4
1047.4
1047.4
1047.4
1047.4
1047.4
1047.4
1047.4
1047.4
1047.4
1047.4
1047.4
1047.4
1047.4
1047.4
1047.4
1047.5
1047.5
1047.5
1047.5
1047.5
1047.5
1047.5
1047.5
1047.5
1047.5
1047.5
1047.5
1047.5
1047.5
1047.5
1047.5
1047.5
1047.5
1047.5
1047.5
1047.5
1047.5
1047.5
1047.5
1047.5
1047.6
1047.6
1047.6
1047.6
1047.6
1047.6
1047.6
1047.6
1047.6
1047.6
1047.6
1047.6
1047.6
1047.6
1047.6
1047.6
1047.6
1047.6
1047.6
1047.6
1047.6
1047.7
1047.8
1047.8
1047.9
1047.9
1047.9
1048.0
1048.1
1048.1
1048.1
1048.1
1048.2
1048.3
1048.3
1048.3
1048.5
1048.6
1048.6
1048.7
1048.7
1049.1
1055.8
1055.8
1055.8
1055.9
1055.9
1055.9
1056.0
1056.0
1056.1
1056.2
1056.2
1056.2
1056.2
1056.3
1056.3
1056.3
1056.3
1056.3
1056.3
1056.4
1056.4
1056.4
1056.4
1056.4
1056.4
1056.4
1056.4
1056.4
1056.4
1056.5
1056.5
1056.5
1056.5
1056.6
1056.6
1056.6
1056.6
1056.6
1056.7
1056.7
1056.7
1056.8
1056.8
1056.8
1056.8
1056.9
1056.9
1056.9
1056.9
1057.0
1057.0
1057.0
1057.1
1057.1
1057.2
1057.2
1057.3
1057.3
1057.4
1057.5
1057.5
1057.5
1057.5
1057.5
1057.6
1057.6
1057.6
1057.7
1057.7
1057.7
1057.7
1057.8
1057.9
1057.9
1057.9
1057.9
1058.0
1058.0
1058.0
1059.3
1059.5
1060.4
1061.0
1061.1
1061.4
1062.7
1063.9
1064.1
1064.5
1065.3
1066.4
1071.5
1074.1
1074.3
1209.0
1209.0
1209.0
1209.0
1209.0
1209.0
1209.0
1209.0
1209.0
1209.0
1209.0
1209.0
1209.0
1209.0
1209.0
1209.0
1209.0
1209.0
1209.0
1209.0
1209.0
1209.0
1209.1
1209.1
1209.1
1209.1
1209.1
1209.1
1209.1
1209.1
1209.1
1209.1
1209.1
1209.1
1209.1
1209.1
1209.1
1209.1
1209.1
1209.1
1209.1
1209.1
1209.1
1209.1
1209.1
1209.1
1209.1
1209.1
1209.1
1209.1
1209.1
1209.1
1209.1
1209.1
1209.1
1209.2
1209.2
1209.2
1209.2
1209.2
1209.2
1209.2
1209.2
1209.2
1209.2
1209.2
1209.2
1209.2
1209.2
1209.2
1209.2
1209.2
1209.2
1209.2
1209.2
1209.2
1209.2
1209.2
1209.2
1209.4
1209.4
1209.4
1209.5
1209.5
1209.5
1209.6
1209.7
1209.7
1209.7
1209.7
1209.8
1209.9
1209.9
1209.9
1210.2
1210.2
1210.3
1210.3
1210.3
1210.7
1217.4
1217.4
1217.4
1217.5
1217.5
1217.5
1217.6
1217.6
1217.7
1217.8
1217.8
1217.8
1217.9
1217.9
1217.9
1217.9
1217.9
1218.0
1218.0
1218.0
1218.0
1218.0
1218.0
1218.0
1218.0
1218.0
1218.1
1218.1
1218.1
1218.1
1218.1
1218.1
1218.1
1218.2
1218.2
1218.2
1218.2
1218.2
1218.3
1218.3
1218.3
1218.4
1218.4
1218.4
1218.4
1218.5
1218.5
1218.5
1218.6
1218.6
1218.6
1218.6
1218.7
1218.8
1218.8
1218.9
1218.9
1218.9
1219.0
1219.1
1219.1
1219.1
1219.2
1219.2
1219.2
1219.2
1219.3
1219.3
1219.3
1219.3
1219.4
1219.4
1219.5
1219.5
1219.6
1219.6
1219.6
1219.6
1219.6
1220.9
1221.1
1222.0
1222.7
1222.7
1223.0
1224.3
1225.5
1225.7
1226.1
1226.9
1228.0
1233.3
1235.0
1235.9
1376.3
1376.3
1376.3
1376.3
1376.3
1376.3
1376.3
1376.3
1376.3
1376.3
1376.3
1376.3
1376.3
1376.3
1376.3
1376.3
1376.3
1376.4
1376.4
1376.4
1376.4
1376.4
1376.4
1376.4
1376.4
1376.4
1376.4
1376.4
1376.4
1376.4
1376.4
1376.4
1376.4
1376.4
1376.4
1376.4
1376.4
1376.4
1376.4
1376.4
1376.4
1376.4
1376.4
1376.4
1376.4
1376.4
1376.4
1376.4
1376.4
1376.4
1376.4
1376.4
1376.4
1376.5
1376.5
1376.5
1376.5
1376.5
1376.5
1376.5
1376.5
1376.5
1376.5
1376.5
1376.5
1376.5
1376.5
1376.5
1376.5
1376.5
1376.5
1376.5
1376.5
1376.5
1376.5
1376.5
1376.5
1376.5
1376.5
1376.7
1376.7
1376.8
1376.8
1376.8
1376.8
1376.9
1377.0
1377.0
1377.0
1377.0
1377.1
1377.2
1377.2
1377.3
1377.5
1377.5
1377.6
1377.6
1377.6
1378.0
1384.7
1384.7
1384.7
1384.8
1384.8
1384.8
1384.9
1384.9
1385.1
1385.1
1385.1
1385.1
1385.2
1385.2
1385.2
1385.2
1385.2
1385.3
1385.3
1385.3
1385.3
1385.3
1385.3
1385.3
1385.3
1385.4
1385.4
1385.4
1385.4
1385.4
1385.4
1385.4
1385.4
1385.5
1385.5
1385.5
1385.5
1385.5
1385.6
1385.6
1385.6
1385.7
1385.7
1385.7
1385.8
1385.8
1385.8
1385.8
1385.9
1385.9
1385.9
1385.9
1386.1
1386.1
1386.1
1386.2
1386.2
1386.3
1386.3
1386.4
1386.4
1386.5
1386.5
1386.5
1386.5
1386.5
1386.6
1386.6
1386.6
1386.6
1386.7
1386.8
1386.8
1386.9
1386.9
1386.9
1386.9
1386.9
1386.9
1388.2
1388.4
1389.3
1390.0
1390.0
1390.3
1391.6
1392.8
1393.0
1393.4
1394.2
1395.3
1400.6
1402.3
1403.2
1544.7
1544.7
1544.7
1544.7
1544.7
1544.7
1544.7
1544.7
1544.7
1544.7
1544.7
1544.7
1544.7
1544.7
1544.7
1544.7
1544.7
1544.8
1544.8
1544.8
1544.8
1544.8
1544.8
1544.8
1544.8
1544.8
1544.8
1544.8
1544.8
1544.8
1544.8
1544.8
1544.8
1544.8
1544.8
1544.8
1544.8
1544.8
1544.8
1544.8
1544.8
1544.8
1544.8
1544.8
1544.8
1544.8
1544.8
1544.8
1544.8
1544.8
1544.8
1544.8
1544.8
1544.9
1544.9
1544.9
1544.9
1544.9
1544.9
1544.9
1544.9
1544.9
1544.9
1544.9
1544.9
1544.9
1544.9
1544.9
1544.9
1544.9
1544.9
1544.9
1544.9
1544.9
1544.9
1544.9
1544.9
1544.9
1544.9
1545.1
1545.1
1545.2
1545.2
1545.2
1545.2
1545.3
1545.4
1545.4
1545.4
1545.4
1545.5
1545.6
1545.6
1545.7
1545.9
1545.9
1546.0
1546.0
1546.0
1546.4
1553.1
1553.1
1553.1
1553.2
1553.2
1553.2
1553.3
1553.3
1553.5
1553.5
1553.5
1553.5
1553.6
1553.6
1553.6
1553.6
1553.6
1553.7
1553.7
1553.7
1553.7
1553.7
1553.7
1553.7
1553.7
1553.8
1553.8
1553.8
1553.8
1553.8
1553.8
1553.8
1553.8
1553.9
1553.9
1553.9
1553.9
1553.9
1554.0
1554.0
1554.0
1554.1
1554.1
1554.1
1554.2
1554.2
1554.2
1554.2
1554.3
1554.3
1554.3
1554.3
1554.5
1554.5
1554.5
1554.6
1554.6
1554.7
1554.7
1554.8
1554.8
1554.9
1554.9
1554.9
1554.9
1554.9
1555.0
1555.0
1555.0
1555.0
1555.1
1555.2
1555.2
1555.3
1555.3
1555.3
1555.3
1555.3
1555.3
1556.6
1556.8
1557.7
1558.4
1558.4
1558.7
1560.0
1561.2
1561.4
1561.8
1562.6
1563.7
1569.0
1570.7
1571.6
1713.0
1713.0
1713.0
1713.0
1713.0
1713.0
1713.0
1713.0
1713.0
1713.0
1713.0
1713.0
1713.0
1713.0
1713.0
1713.0
1713.0
1713.1
1713.1
1713.1
1713.1
1713.1
1713.1
1713.1
1713.1
1713.1
1713.1
1713.1
1713.1
1713.1
1713.1
1713.1
1713.1
1713.1
1713.1
1713.1
1713.1
1713.1
1713.1
1713.1
1713.1
1713.1
1713.1
1713.1
1713.1
1713.1
1713.1
1713.1
1713.1
1713.1
1713.1
1713.1
1713.1
1713.2
1713.2
1713.2
1713.2
1713.2
1713.2
1713.2
1713.2
1713.2
1713.2
1713.2
1713.2
1713.2
1713.2
1713.2
1713.2
1713.2
1713.2
1713.2
1713.2
1713.2
1713.2
1713.2
1713.2
1713.2
1713.2
1713.4
1713.4
1713.5
1713.5
1713.5
1713.5
1713.6
1713.7
1713.7
1713.7
1713.7
1713.8
1713.9
1713.9
1714.0
1714.2
1714.2
1714.3
1714.3
1714.3
1714.7
1721.4
1721.4
1721.4
1721.5
1721.5
1721.5
1721.6
1721.6
1721.8
1721.8
1721.8
1721.8
1721.9
1721.9
1721.9
1721.9
1721.9
1722.0
1722.0
1722.0
1722.0
1722.0
1722.0
1722.0
1722.0
1722.1
1722.1
1722.1
1722.1
1722.1
1722.1
1722.1
1722.1
1722.2
1722.2
1722.2
1722.2
1722.2
1722.3
1722.3
1722.3
1722.4
1722.4
1722.4
1722.5
1722.5
1722.5
1722.5
1722.6
1722.6
1722.6
1722.6
1722.8
1722.8
1722.8
1722.9
1722.9
1723.0
1723.0
1723.1
1723.1
1723.2
1723.2
1723.2
1723.2
1723.2
1723.3
1723.3
1723.3
1723.3
1723.4
1723.5
1723.5
1723.6
1723.6
1723.6
1723.6
1723.6
1723.6
1724.9
1725.1
1726.0
1726.7
1726.7
1727.0
1728.3
1729.5
1729.7
1730.1
1730.9
1732.0
1737.3
1739.0
1739.9
1881.0
1881.0
1881.0
1881.0
1881.0
1881.0
1881.0
1881.0
1881.0
1881.0
1881.0
1881.0
1881.0
1881.0
1881.0
1881.0
1881.0
1881.1
1881.1
1881.1
1881.1
1881.1
1881.1
1881.1
1881.1
1881.1
1881.1
1881.1
1881.1
1881.1
1881.1
1881.1
1881.1
1881.1
1881.1
1881.1
1881.1
1881.1
1881.1
1881.1
1881.1
1881.1
1881.1
1881.1
1881.1
1881.1
1881.1
1881.1
1881.1
1881.1
1881.1
1881.1
1881.1
1881.2
1881.2
1881.2
1881.2
1881.2
1881.2
1881.2
1881.2
1881.2
1881.2
1881.2
1881.2
1881.2
1881.2
1881.2
1881.2
1881.2
1881.2
1881.2
1881.2
1881.2
1881.2
1881.2
1881.2
1881.2
1881.2
1881.4
1881.4
1881.5
1881.5
1881.5
1881.5
1881.6
1881.7
1881.7
1881.7
1881.7
1881.8
1881.9
1881.9
1882.0
1882.2
1882.2
1882.3
1882.3
1882.3
1882.7
1889.4
1889.4
1889.4
1889.5
1889.5
1889.5
1889.6
1889.6
1889.8
1889.8
1889.8
1889.8
1889.9
1889.9
1889.9
1889.9
1889.9
1890.0
1890.0
1890.0
1890.0
1890.0
1890.0
1890.0
1890.0
1890.1
1890.1
1890.1
1890.1
1890.1
1890.1
1890.1
1890.1
1890.2
1890.2
1890.2
1890.2
1890.2
1890.3
1890.3
1890.3
1890.4
1890.4
1890.4
1890.5
1890.5
1890.5
1890.5
1890.6
1890.6
1890.6
1890.6
1890.8
1890.8
1890.8
1890.9
1890.9
1891.0
1891.0
1891.1
1891.1
1891.2
1891.2
1891.2
1891.2
1891.2
1891.3
1891.3
1891.3
1891.3
1891.4
1891.5
1891.5
1891.6
1891.6
1891.6
1891.6
1891.6
1891.6
1892.9
1893.1
1894.0
1894.7
1894.7
1895.0
1896.3
1897.5
1897.7
1898.1
1898.9
1900.0
1905.3
1907.0
1907.9
2049.3
2049.3
2049.3
2049.3
2049.3
2049.3
2049.3
2049.3
2049.3
2049.3
2049.3
2049.3
2049.3
2049.3
2049.3
2049.3
2049.3
2049.4
2049.4
2049.4
2049.4
2049.4
2049.4
2049.4
2049.4
2049.4
2049.4
2049.4
2049.4
2049.4
2049.4
2049.4
2049.4
2049.4
2049.4
2049.4
2049.4
2049.4
2049.4
2049.4
2049.4
2049.4
2049.4
2049.4
2049.4
2049.4
2049.4
2049.4
2049.4
2049.4
2049.4
2049.4
2049.4
2049.5
2049.5
2049.5
2049.5
2049.5
2049.5
2049.5
2049.5
2049.5
2049.5
2049.5
2049.5
2049.5
2049.5
2049.5
2049.5
2049.5
2049.5
2049.5
2049.5
2049.5
2049.5
2049.5
2049.5
2049.5
2049.5
2049.7
2049.7
2049.8
2049.8
2049.8
2049.8
2049.9
2050.0
2050.0
2050.0
2050.0
2050.1
2050.2
2050.2
2050.3
2050.5
2050.5
2050.6
2050.6
2050.6
2051.0
2057.7
2057.7
2057.7
2057.8
2057.8
2057.8
2057.9
2057.9
2058.1
2058.1
2058.1
2058.1
2058.2
2058.2
2058.2
2058.2
2058.2
2058.3
2058.3
2058.3
2058.3
2058.3
2058.3
2058.3
2058.3
2058.4
2058.4
2058.4
2058.4
2058.4
2058.4
2058.4
2058.4
2058.5
2058.5
2058.5
2058.5
2058.5
2058.6
2058.6
2058.6
2058.7
2058.7
2058.7
2058.8
2058.8
2058.8
2058.8
2058.9
2058.9
2058.9
2058.9
2059.1
2059.1
2059.1
2059.2
2059.2
2059.3
2059.3
2059.4
2059.4
2059.5
2059.5
2059.5
2059.5
2059.5
2059.6
2059.6
2059.6
2059.6
2059.7
2059.8
2059.8
2059.9
2059.9
2059.9
2059.9
2059.9
2059.9
2061.2
2061.4
2062.3
2063.0
2063.0
2063.3
2064.6
2065.8
2066.0
2066.4
2067.2
2068.3
2073.6
2075.3
2076.2
2217.5
2217.5
2217.5
2217.5
2217.5
2217.5
2217.5
2217.5
2217.5
2217.5
2217.5
2217.5
2217.5
2217.5
2217.5
2217.5
2217.5
2217.6
2217.6
2217.6
2217.6
2217.6
2217.6
2217.6
2217.6
2217.6
2217.6
2217.6
2217.6
2217.6
2217.6
2217.6
2217.6
2217.6
2217.6
2217.6
2217.6
2217.6
2217.6
2217.6
2217.6
2217.6
2217.6
2217.6
2217.6
2217.6
2217.6
2217.6
2217.6
2217.6
2217.6
2217.6
2217.6
2217.7
2217.7
2217.7
2217.7
2217.7
2217.7
2217.7
2217.7
2217.7
2217.7
2217.7
2217.7
2217.7
2217.7
2217.7
2217.7
2217.7
2217.7
2217.7
2217.7
2217.7
2217.7
2217.7
2217.7
2217.7
2217.7
2217.9
2217.9
2218.0
2218.0
2218.0
2218.0
2218.1
2218.2
2218.2
2218.2
2218.2
2218.3
2218.4
2218.4
2218.5
2218.7
2218.7
2218.8
2218.8
2218.8
2219.2
2225.9
2225.9
2225.9
2226.0
2226.0
2226.0
2226.1
2226.1
2226.3
2226.3
2226.3
2226.3
2226.4
2226.4
2226.4
2226.4
2226.4
2226.5
2226.5
2226.5
2226.5
2226.5
2226.5
2226.5
2226.5
2226.6
2226.6
2226.6
2226.6
2226.6
2226.6
2226.6
2226.6
2226.7
2226.7
2226.7
2226.7
2226.7
2226.8
2226.8
2226.8
2226.9
2226.9
2226.9
2227.0
2227.0
2227.0
2227.0
2227.1
2227.1
2227.1
2227.1
2227.3
2227.3
2227.3
2227.4
2227.4
2227.5
2227.5
2227.6
2227.6
2227.7
2227.7
2227.7
2227.7
2227.7
2227.8
2227.8
2227.8
2227.8
2227.9
2228.0
2228.0
2228.1
2228.1
2228.1
2228.1
2228.1
2228.1
2229.4
2229.6
2230.5
2231.2
2231.2
2231.5
2232.8
2234.0
2234.2
2234.6
2235.4
2236.5
2241.8
2243.5
2244.4
2385.6
2385.6
2385.6
2385.6
2385.6
2385.6
2385.6
2385.6
2385.6
2385.6
2385.6
2385.6
2385.6
2385.6
2385.6
2385.6
2385.6
2385.7
2385.7
2385.7
2385.7
2385.7
2385.7
2385.7
2385.7
2385.7
2385.7
2385.7
2385.7
2385.7
2385.7
2385.7
2385.7
2385.7
2385.7
2385.7
2385.7
2385.7
2385.7
2385.7
2385.7
2385.7
2385.7
2385.7
2385.7
2385.7
2385.7
2385.7
2385.7
2385.7
2385.7
2385.7
2385.7
2385.8
2385.8
2385.8
2385.8
2385.8
2385.8
2385.8
2385.8
2385.8
2385.8
2385.8
2385.8
2385.8
2385.8
2385.8
2385.8
2385.8
2385.8
2385.8
2385.8
2385.8
2385.8
2385.8
2385.8
2385.8
2385.8
2386.0
2386.0
2386.1
2386.1
2386.1
2386.1
2386.2
2386.3
2386.3
2386.3
2386.3
2386.4
2386.5
2386.5
2386.6
2386.8
2386.8
2386.9
2386.9
2386.9
2387.3
2394.0
2394.0
2394.0
2394.1
2394.1
2394.1
2394.2
2394.2
2394.4
2394.4
2394.4
2394.4
2394.5
2394.5
2394.5
2394.5
2394.5
2394.6
2394.6
2394.6
2394.6
2394.6
2394.6
2394.6
2394.6
2394.7
2394.7
2394.7
2394.7
2394.7
2394.7
2394.7
2394.7
2394.8
2394.8
2394.8
2394.8
2394.8
2394.9
2394.9
2394.9
2395.0
2395.0
2395.0
2395.1
2395.1
2395.1
2395.1
2395.2
2395.2
2395.2
2395.2
2395.4
2395.4
2395.4
2395.5
2395.5
2395.6
2395.6
2395.7
2395.7
2395.8
2395.8
2395.8
2395.8
2395.8
2395.9
2395.9
2395.9
2395.9
2396.0
2396.1
2396.1
2396.2
2396.2
2396.2
2396.2
2396.2
2396.2
2397.5
2397.7
2398.6
2399.3
2399.3
2399.6
2400.9
2402.1
2402.3
2402.7
2403.5
2404.6
2409.9
2411.6
2412.5
2553.9
2553.9
2553.9
2553.9
2553.9
2553.9
2553.9
2553.9
2553.9
2553.9
2553.9
2553.9
2553.9
2553.9
2553.9
2553.9
2553.9
2554.0
2554.0
2554.0
2554.0
2554.0
2554.0
2554.0
2554.0
2554.0
2554.0
2554.0
2554.0
2554.0
2554.0
2554.0
2554.0
2554.0
2554.0
2554.0
2554.0
2554.0
2554.0
2554.0
2554.0
2554.0
2554.0
2554.0
2554.0
2554.0
2554.0
2554.0
2554.0
2554.0
2554.0
2554.0
2554.0
2554.1
2554.1
2554.1
2554.1
2554.1
2554.1
2554.1
2554.1
2554.1
2554.1
2554.1
2554.1
2554.1
2554.1
2554.1
2554.1
2554.1
2554.1
2554.1
2554.1
2554.1
2554.1
2554.1
2554.1
2554.1
2554.1
2554.3
2554.3
2554.4
2554.4
2554.4
2554.4
2554.5
2554.6
2554.6
2554.6
2554.6
2554.7
2554.8
2554.8
2554.9
2555.1
2555.1
2555.2
2555.2
2555.2
2555.6
2562.3
2562.3
2562.3
2562.4
2562.4
2562.4
2562.5
2562.5
2562.7
2562.7
2562.7
2562.7
2562.8
2562.8
2562.8
2562.8
2562.8
2562.9
2562.9
2562.9
2562.9
2562.9
2562.9
2562.9
2562.9
2563.0
2563.0
2563.0
2563.0
2563.0
2563.0
2563.0
2563.0
2563.1
2563.1
2563.1
2563.1
2563.1
2563.2
2563.2
2563.2
2563.3
2563.3
2563.3
2563.4
2563.4
2563.4
2563.4
2563.5
2563.5
2563.5
2563.5
2563.7
2563.7
2563.7
2563.8
2563.8
2563.9
2563.9
2564.0
2564.0
2564.1
2564.1
2564.1
2564.1
2564.1
2564.2
2564.2
2564.2
2564.2
2564.3
2564.4
2564.4
2564.5
2564.5
2564.5
2564.5
2564.5
2564.5
2565.8
2566.0
2566.9
2567.6
2567.6
2567.9
2569.2
2570.4
2570.6
2571.0
2571.8
2572.9
2578.2
2579.9
2580.8
2722.0
2722.0
2722.0
2722.0
2722.0
2722.0
2722.0
2722.0
2722.0
2722.0
2722.0
2722.0
2722.0
2722.0
2722.0
2722.0
2722.0
2722.1
2722.1
2722.1
2722.1
2722.1
2722.1
2722.1
2722.1
2722.1
2722.1
2722.1
2722.1
2722.1
2722.1
2722.1
2722.1
2722.1
2722.1
2722.1
2722.1
2722.1
2722.1
2722.1
2722.1
2722.1
2722.1
2722.1
2722.1
2722.1
2722.1
2722.1
2722.1
2722.1
2722.1
2722.1
2722.1
2722.2
2722.2
2722.2
2722.2
2722.2
2722.2
2722.2
2722.2
2722.2
2722.2
2722.2
2722.2
2722.2
2722.2
2722.2
2722.2
2722.2
2722.2
2722.2
2722.2
2722.2
2722.2
2722.2
2722.2
2722.2
2722.2
2722.4
2722.4
2722.5
2722.5
2722.5
2722.5
2722.6
2722.7
2722.7
2722.7
2722.7
2722.8
2722.9
2722.9
2723.0
2723.2
2723.2
2723.3
2723.3
2723.3
2723.7
2730.4
2730.4
2730.4
2730.5
2730.5
2730.5
2730.6
2730.6
2730.8
2730.8
2730.8
2730.8
2730.9
2730.9
2730.9
2730.9
2730.9
2731.0
2731.0
2731.0
2731.0
2731.0
2731.0
2731.0
2731.0
2731.1
2731.1
2731.1
2731.1
2731.1
2731.1
2731.1
2731.1
2731.2
2731.2
2731.2
2731.2
2731.2
2731.3
2731.3
2731.3
2731.4
2731.4
2731.4
2731.5
2731.5
2731.5
2731.5
2731.6
2731.6
2731.6
2731.6
2731.8
2731.8
2731.8
2731.9
2731.9
2732.0
2732.0
2732.1
2732.1
2732.2
2732.2
2732.2
2732.2
2732.2
2732.3
2732.3
2732.3
2732.3
2732.4
2732.5
2732.5
2732.6
2732.6
2732.6
2732.6
2732.6
2732.6
2733.9
2734.1
2735.0
2735.7
2735.7
2736.0
2737.3
2738.5
2738.7
2739.1
2739.9
2741.0
2746.3
2748.0
2748.9
2890.1
2890.1
2890.1
2890.1
2890.1
2890.1
2890.1
2890.1
2890.1
2890.1
2890.1
2890.1
2890.1
2890.1
2890.1
2890.1
2890.1
2890.2
2890.2
2890.2
2890.2
2890.2
2890.2
2890.2
2890.2
2890.2
2890.2
2890.2
2890.2
2890.2
2890.2
2890.2
2890.2
2890.2
2890.2
2890.2
2890.2
2890.2
2890.2
2890.2
2890.2
2890.2
2890.2
2890.2
2890.2
2890.2
2890.2
2890.2
2890.2
2890.2
2890.2
2890.2
2890.2
2890.3
2890.3
2890.3
2890.3
2890.3
2890.3
2890.3
2890.3
2890.3
2890.3
2890.3
2890.3
2890.3
2890.3
2890.3
2890.3
2890.3
2890.3
2890.3
2890.3
2890.3
2890.3
2890.3
2890.3
2890.3
2890.3
2890.5
2890.5
2890.6
2890.6
2890.6
2890.6
2890.7
2890.8
2890.8
2890.8
2890.8
2890.9
2891.0
2891.0
2891.1
2891.3
2891.3
2891.4
2891.4
2891.4
2891.8
2898.5
2898.5
2898.5
2898.6
2898.6
2898.6
2898.7
2898.7
2898.9
2898.9
2898.9
2898.9
2899.0
2899.0
2899.0
2899.0
2899.0
2899.1
2899.1
2899.1
2899.1
2899.1
2899.1
2899.1
2899.1
2899.2
2899.2
2899.2
2899.2
2899.2
2899.2
2899.2
2899.2
2899.3
2899.3
2899.3
2899.3
2899.3
2899.4
2899.4
2899.4
2899.5
2899.5
2899.5
2899.6
2899.6
2899.6
2899.6
2899.7
2899.7
2899.7
2899.7
2899.9
2899.9
2899.9
2900.0
2900.0
2900.1
2900.1
2900.2
2900.2
2900.3
2900.3
2900.3
2900.3
2900.3
2900.4
2900.4
2900.4
2900.4
2900.5
2900.6
2900.6
2900.7
2900.7
2900.7
2900.7
2900.7
2900.7
2902.0
2902.2
2903.1
2903.8
2903.8
2904.1
2905.4
2906.6
2906.8
2907.2
2908.0
2909.1
2914.4
2916.1
2917.0
