50
52
54
55
56
57
58
59
62
63
64
67
70
71
72
73
74
75
76
77
78
79
80
81
41
42
43
44
45
46
47
48
49
51
53
60
61
65
66
68
69
82
83
84
85
14
15
17
18
27
28
31
32
33
34
35
36
37
38
39
40
86
9
10
11
12
13
16
19
20
21
22
23
24
25
26
29
30
87
7
8
88
5
6
89
4
2
3
90
91
92
93
94
1
95
96
97
98
99
0
76
78
81
74
75
80
77
79
57
55
56
73
52
59
67
71
72
50
61
62
64
66
70
47
49
51
53
54
58
63
69
46
60
65
82
42
44
45
48
68
83
84
33
36
37
41
43
32
38
39
40
85
35
86
28
34
27
31
29
15
17
18
23
24
26
30
14
19
20
21
22
12
16
10
11
13
25
87
9
8
7
88
89
6
5
4
3
90
2
91
92
93
94
1
96
80
97
76
98
95
99
73
79
83
82
74
86
78
63
75
66
72
65
81
67
58
69
70
68
59
71
87
62
60
64
84
89
77
85
57
51
52
61
91
88
90
54
50
92
55
56
53
48
49
46
63
59
75
66
57
74
76
78
81
46
47
49
50
51
52
53
54
55
56
58
59
60
61
62
63
64
65
66
67
69
70
71
72
73
75
77
79
80
32
33
37
38
39
40
41
42
43
44
45
48
68
82
83
84
85
86
14
15
17
18
21
23
24
26
27
28
29
30
31
34
35
36
9
10
11
12
13
16
19
20
22
25
87
7
8
88
5
6
89
4
2
3
90
91
92
93
1
94
95
96
97
99
98
0
81
76
78
74
75
80
77
79
57
55
56
59
73
52
67
71
72
49
50
51
54
58
61
62
64
66
70
47
53
63
65
69
46
48
60
68
82
83
42
44
45
84
33
36
37
41
43
32
38
39
40
85
86
35
27
28
31
34
15
17
29
14
18
23
24
26
30
20
21
22
16
19
11
12
13
87
9
10
25
8
7
88
6
89
5
4
3
90
2
91
92
93
94
1
74
76
78
81
44
46
47
48
49
50
51
52
53
54
55
56
57
58
59
60
61
62
63
64
65
66
67
68
69
70
71
72
73
75
77
79
80
82
83
27
28
31
32
33
34
35
36
37
38
39
40
41
42
43
45
84
85
86
9
10
11
12
13
14
15
16
17
18
19
20
21
22
23
24
25
26
29
30
87
8
7
88
5
6
89
3
4
2
90
91
92
1
93
94
95
96
97
98
99
0
76
78
81
74
80
75
79
77
55
56
57
73
52
59
67
71
50
62
66
72
47
49
51
53
54
58
61
64
69
70
46
60
63
65
82
42
44
45
48
68
83
84
33
36
37
43
32
38
39
40
41
85
35
86
28
34
27
31
29
15
17
18
23
24
26
30
14
19
20
21
22
12
16
10
11
13
25
87
9
8
7
88
89
6
5
4
3
90
2
91
92
93
94
1
76
78
80
58
73
74
77
79
81
55
59
62
65
66
67
68
69
70
71
75
82
83
86
50
51
52
53
54
56
57
60
61
63
64
72
84
42
43
44
45
46
47
48
49
85
87
17
27
28
31
32
33
35
36
37
38
39
40
41
9
10
11
12
13
14
15
16
18
19
20
21
22
23
24
25
26
29
30
34
97
88
89
95
96
7
8
5
6
90
3
4
91
92
98
99
2
93
94
1
0
76
80
73
74
78
79
58
59
63
65
66
75
52
55
56
57
60
62
64
67
70
71
72
81
82
83
50
51
53
54
61
68
69
48
49
77
86
45
46
47
84
43
44
87
39
41
42
40
85
33
35
37
38
30
31
32
34
36
27
28
29
89
23
24
26
19
21
22
25
17
18
88
20
10
12
15
16
90
13
92
14
91
9
11
94
98
96
95
7
5
8
4
93
97
6
99
2
3
1
59
52
55
58
63
65
0
45
48
51
50
62
73
39
56
42
43
44
49
53
40
47
54
60
71
74
46
64
66
70
76
41
57
67
33
35
80
31
37
38
75
79
30
61
68
69
32
72
24
27
78
82
83
19
28
29
26
34
22
23
36
86
18
21
81
17
25
84
20
10
77
12
87
16
15
11
9
13
14
85
5
89
90
4
6
7
8
88
3
91
92
39
45
59
48
96
40
2
42
55
52
51
43
63
98
58
30
44
50
94
33
65
49
73
24
35
41
19
31
53
47
62
37
46
38
56
93
54
27
32
95
70
71
60
29
22
74
28
57
76
26
66
64
67
23
75
79
34
0
68
80
21
83
1
69
18
17
61
72
10
97
20
25
36
78
12
82
74
75
76
77
78
79
80
81
42
44
45
46
47
48
49
50
51
52
53
54
55
56
57
58
59
60
61
62
63
64
65
66
67
68
69
70
71
72
73
82
83
84
14
15
17
18
23
24
26
27
28
29
30
31
32
33
34
35
36
37
38
39
40
41
43
85
86
9
10
11
12
13
16
19
20
21
22
25
87
7
8
88
89
5
6
2
3
4
90
91
92
1
93
94
95
96
97
99
98
0
76
78
81
74
80
75
77
79
57
52
55
56
59
67
73
50
62
66
71
72
49
51
53
54
58
61
64
70
46
47
63
65
69
44
45
48
60
68
82
83
42
84
33
36
37
43
32
38
39
40
41
85
86
35
28
34
27
31
15
29
17
18
23
24
26
30
14
19
20
21
22
12
16
10
11
13
25
87
9
8
7
88
6
89
5
4
3
90
2
91
92
93
94
1
76
78
81
46
47
49
50
51
52
53
54
55
56
57
58
59
61
62
63
64
66
67
69
70
71
72
73
74
75
77
79
80
31
32
33
35
36
37
38
39
40
41
42
43
44
45
48
60
65
68
82
83
84
85
86
10
11
12
13
14
15
16
17
18
19
20
21
22
23
24
25
26
27
28
29
30
34
87
9
7
8
6
88
89
4
5
2
3
90
91
92
1
93
94
95
96
97
99
98
0
81
76
78
74
75
80
77
79
57
55
56
59
73
52
67
71
72
49
50
51
54
58
61
62
64
66
70
46
47
53
63
65
69
48
60
68
82
83
42
44
45
33
37
84
36
38
41
43
32
39
40
85
86
34
35
27
28
31
29
15
17
23
18
24
26
30
14
20
21
22
16
19
11
12
9
10
13
25
87
8
7
88
89
6
5
4
90
3
91
2
92
93
94
96
98
76
80
95
63
73
97
99
75
78
79
83
66
59
74
82
70
65
67
69
71
58
68
62
72
64
86
60
81
57
51
50
52
55
84
61
54
77
53
56
87
85
89
49
48
47
88
46
42
45
43
41
44
1
35
59
40
65
63
58
90
70
73
38
71
62
67
91
39
66
76
75
64
69
68
92
60
79
52
55
78
74
80
56
34
51
37
57
53
50
33
83
61
54
82
36
49
72
31
32
29
30
86
81
48
94
76
78
81
46
47
49
50
51
52
53
54
55
56
57
58
59
61
62
63
64
65
66
67
69
70
71
72
73
74
75
77
79
80
27
28
31
32
33
34
35
36
37
38
39
40
41
42
43
44
45
48
60
68
82
83
84
85
86
9
10
11
12
13
14
15
16
17
18
19
20
21
22
23
24
25
26
29
30
87
8
7
88
5
6
89
4
2
3
90
91
92
1
93
94
95
96
97
98
99
0
76
78
81
74
75
80
77
79
57
55
56
59
73
50
52
62
67
71
72
47
49
51
53
54
58
61
64
66
70
46
63
65
69
48
60
68
82
83
42
44
45
33
36
37
84
38
39
41
43
32
40
85
35
86
28
34
27
31
29
15
17
23
24
26
14
18
30
19
20
21
22
16
11
12
25
87
9
10
13
8
7
88
89
6
5
4
3
90
2
91
92
93
94
1
49
50
51
52
55
56
57
59
62
66
67
71
72
73
74
75
76
77
78
79
80
81
32
33
34
35
36
37
38
39
40
41
42
43
44
45
46
47
48
53
54
58
60
61
63
64
65
68
69
70
82
83
84
85
86
9
10
11
12
13
14
15
16
17
18
19
20
21
22
23
24
25
26
27
28
29
30
31
87
7
8
88
5
6
89
4
2
3
90
91
92
1
93
94
95
96
97
98
99
0
76
78
81
74
75
80
77
79
57
55
56
73
52
59
67
71
72
49
50
51
54
61
62
64
66
70
46
47
53
58
63
65
69
48
60
68
82
83
42
44
45
33
36
37
84
38
41
43
32
39
40
85
86
34
35
27
28
31
29
15
17
23
18
24
26
30
14
20
21
22
16
19
11
12
9
10
13
25
87
8
7
88
6
89
5
4
3
90
2
91
92
93
94
1
52
55
56
57
59
67
71
72
73
74
75
76
77
78
79
80
81
32
33
36
37
38
39
40
41
42
43
44
45
46
47
48
49
50
51
53
54
58
60
61
62
63
64
65
66
68
69
70
82
83
84
85
86
9
10
11
12
13
14
15
16
17
18
19
20
21
22
23
24
25
26
27
28
29
30
31
34
35
87
7
8
5
6
88
89
4
2
3
90
91
92
93
94
1
95
96
97
98
99
0
76
78
81
74
75
80
77
79
55
56
57
73
52
59
67
71
72
49
50
51
61
62
64
66
70
46
47
53
54
58
63
65
69
48
60
68
82
83
42
44
45
33
37
84
36
38
41
43
32
39
40
85
34
35
86
28
31
27
29
15
17
18
23
24
26
30
14
20
21
22
19
12
16
9
10
11
13
25
87
8
7
88
6
89
5
4
3
90
2
91
92
93
94
1
52
55
56
57
59
67
71
72
73
74
75
76
77
78
79
80
81
32
33
36
37
38
39
40
41
42
43
44
45
46
47
48
49
50
51
53
54
58
60
61
62
63
64
65
66
68
69
70
82
83
84
85
86
9
10
11
12
13
14
15
16
17
18
19
20
21
22
23
24
25
26
27
28
29
30
31
34
35
87
7
8
5
6
88
89
4
2
3
90
91
92
93
94
1
95
96
97
98
99
0
76
78
81
74
75
80
77
79
55
56
57
73
52
59
67
71
72
49
50
51
61
62
64
66
70
46
47
53
54
58
63
65
69
48
60
68
82
83
42
44
45
33
37
84
36
38
41
43
32
39
40
85
34
35
86
28
31
27
29
15
17
18
23
24
26
30
14
20
21
22
19
12
16
9
10
11
13
25
87
8
7
88
6
89
5
4
3
90
2
91
92
93
94
1
52
55
56
57
59
67
71
72
73
74
75
76
77
78
79
80
81
32
33
36
37
38
39
40
41
42
43
44
45
46
47
48
49
50
51
53
54
58
60
61
62
63
64
65
66
68
69
70
82
83
84
85
86
9
10
11
12
13
14
15
16
17
18
19
20
21
22
23
24
25
26
27
28
29
30
31
34
35
87
7
8
5
6
88
89
4
2
3
90
91
92
93
94
1
95
96
97
98
99
0
76
78
81
74
75
80
77
79
55
56
57
73
52
59
67
71
72
49
50
51
61
62
64
66
70
46
47
53
54
58
63
65
69
48
60
68
82
83
42
44
45
33
37
84
36
38
41
43
32
39
40
85
34
35
86
28
31
27
29
15
17
18
23
24
26
30
14
20
21
22
19
12
16
9
10
11
13
25
87
8
7
88
6
89
5
4
3
90
2
91
92
93
94
1
52
55
56
57
59
67
71
72
73
74
75
76
77
78
79
80
81
32
33
36
37
38
39
40
41
42
43
44
45
46
47
48
49
50
51
53
54
58
60
61
62
63
64
65
66
68
69
70
82
83
84
85
86
9
10
11
12
13
14
15
16
17
18
19
20
21
22
23
24
25
26
27
28
29
30
31
34
35
87
7
8
5
6
88
89
4
2
3
90
91
92
93
94
1
95
96
97
98
99
0
76
78
81
74
75
80
77
79
55
56
57
73
52
59
67
71
72
49
50
51
61
62
64
66
70
46
47
53
54
58
63
65
69
48
60
68
82
83
42
44
45
33
37
84
36
38
41
43
32
39
40
85
34
35
86
28
31
27
29
15
17
18
23
24
26
30
14
20
21
22
19
12
16
9
10
11
13
25
87
8
7
88
6
89
5
4
3
90
2
91
92
93
94
1
52
55
56
57
59
67
71
72
73
74
75
76
77
78
79
80
81
32
33
36
37
38
39
40
41
42
43
44
45
46
47
48
49
50
51
53
54
58
60
61
62
63
64
65
66
68
69
70
82
83
84
85
86
9
10
11
12
13
14
15
16
17
18
19
20
21
22
23
24
25
26
27
28
29
30
31
34
35
87
7
8
5
6
88
89
4
2
3
90
91
92
93
94
1
95
96
97
98
99
0
76
78
81
74
75
80
77
79
55
56
57
73
52
59
67
71
72
49
50
51
61
62
64
66
70
46
47
53
54
58
63
65
69
48
60
68
82
83
42
44
45
33
37
84
36
38
41
43
32
39
40
85
34
35
86
28
31
27
29
15
17
18
23
24
26
30
14
20
21
22
19
12
16
9
10
11
13
25
87
8
7
88
6
89
5
4
3
90
2
91
92
93
94
1
52
55
56
57
59
67
71
72
73
74
75
76
77
78
79
80
81
32
33
36
37
38
39
40
41
42
43
44
45
46
47
48
49
50
51
53
54
58
60
61
62
63
64
65
66
68
69
70
82
83
84
85
86
9
10
11
12
13
14
15
16
17
18
19
20
21
22
23
24
25
26
27
28
29
30
31
34
35
87
7
8
5
6
88
89
4
2
3
90
91
92
93
94
1
95
96
97
98
99
0
76
78
81
74
75
80
77
79
55
56
57
73
52
59
67
71
72
49
50
51
61
62
64
66
70
46
47
53
54
58
63
65
69
48
60
68
82
83
42
44
45
33
37
84
36
38
41
43
32
39
40
85
34
35
86
28
31
27
29
15
17
18
23
24
26
30
14
20
21
22
19
12
16
9
10
11
13
25
87
8
7
88
6
89
5
4
3
90
2
91
92
93
94
1
52
55
56
57
59
67
71
72
73
74
75
76
77
78
79
80
81
32
33
36
37
38
39
40
41
42
43
44
45
46
47
48
49
50
51
53
54
58
60
61
62
63
64
65
66
68
69
70
82
83
84
85
86
9
10
11
12
13
14
15
16
17
18
19
20
21
22
23
24
25
26
27
28
29
30
31
34
35
87
7
8
5
6
88
89
4
2
3
90
91
92
93
94
1
95
96
97
98
99
0
76
78
81
74
75
80
77
79
55
56
57
73
52
59
67
71
72
49
50
51
61
62
64
66
70
46
47
53
54
58
63
65
69
48
60
68
82
83
42
44
45
33
37
84
36
38
41
43
32
39
40
85
34
35
86
28
31
27
29
15
17
18
23
24
26
30
14
20
21
22
19
12
16
9
10
11
13
25
87
8
7
88
6
89
5
4
3
90
2
91
92
93
94
1
52
55
56
57
59
67
71
72
73
74
75
76
77
78
79
80
81
32
33
36
37
38
39
40
41
42
43
44
45
46
47
48
49
50
51
53
54
58
60
61
62
63
64
65
66
68
69
70
82
83
84
85
86
9
10
11
12
13
14
15
16
17
18
19
20
21
22
23
24
25
26
27
28
29
30
31
34
35
87
7
8
5
6
88
89
4
2
3
90
91
92
93
94
1
95
96
97
98
99
0
76
78
81
74
75
80
77
79
55
56
57
73
52
59
67
71
72
49
50
51
61
62
64
66
70
46
47
53
54
58
63
65
69
48
60
68
82
83
42
44
45
33
37
84
36
38
41
43
32
39
40
85
34
35
86
28
31
27
29
15
17
18
23
24
26
30
14
20
21
22
19
12
16
9
10
11
13
25
87
8
7
88
6
89
5
4
3
90
2
91
92
93
94
1
52
55
56
57
59
67
71
72
73
74
75
76
77
78
79
80
81
32
33
36
37
38
39
40
41
42
43
44
45
46
47
48
49
50
51
53
54
58
60
61
62
63
64
65
66
68
69
70
82
83
84
85
86
9
10
11
12
13
14
15
16
17
18
19
20
21
22
23
24
25
26
27
28
29
30
31
34
35
87
7
8
5
6
88
89
4
2
3
90
91
92
93
94
1
95
96
97
98
99
0
76
78
81
74
75
80
77
79
55
56
57
73
52
59
67
71
72
49
50
51
61
62
64
66
70
46
47
53
54
58
63
65
69
48
60
68
82
83
42
44
45
33
37
84
36
38
41
43
32
39
40
85
34
35
86
28
31
27
29
15
17
18
23
24
26
30
14
20
21
22
19
12
16
9
10
11
13
25
87
8
7
88
6
89
5
4
3
90
2
91
92
93
94
1
52
55
56
57
59
67
71
72
73
74
75
76
77
78
79
80
81
32
33
36
37
38
39
40
41
42
43
44
45
46
47
48
49
50
51
53
54
58
60
61
62
63
64
65
66
68
69
70
82
83
84
85
86
9
10
11
12
13
14
15
16
17
18
19
20
21
22
23
24
25
26
27
28
29
30
31
34
35
87
7
8
5
6
88
89
4
2
3
90
91
92
93
94
1
95
96
97
98
99
0
76
78
81
74
75
80
77
79
55
56
57
73
52
59
67
71
72
49
50
51
61
62
64
66
70
46
47
53
54
58
63
65
69
48
60
68
82
83
42
44
45
33
37
84
36
38
41
43
32
39
40
85
34
35
86
28
31
27
29
15
17
18
23
24
26
30
14
20
21
22
19
12
16
9
10
11
13
25
87
8
7
88
6
89
5
4
3
90
2
91
92
93
94
1
