247.0
247.1
247.1
247.1
247.1
247.1
247.1
247.1
247.1
247.1
247.1
247.1
247.1
247.1
247.1
247.1
247.1
247.1
247.2
247.2
247.2
247.2
247.2
247.2
247.2
247.2
247.2
247.2
247.2
247.2
247.2
247.2
247.2
247.2
247.2
247.2
247.2
247.2
247.2
247.2
247.3
247.3
247.3
247.3
247.3
247.3
247.3
247.3
247.3
247.3
247.3
247.3
247.3
247.3
247.4
247.4
247.4
247.4
247.4
247.4
247.4
247.4
247.4
247.4
247.4
247.4
247.4
247.4
247.4
247.4
247.4
247.4
247.5
247.5
247.5
247.5
247.5
247.5
247.5
247.7
247.7
247.8
247.8
247.9
247.9
248.0
248.0
248.0
248.1
248.1
248.1
248.3
248.4
248.4
248.6
248.6
248.7
248.7
248.8
249.2
253.9
254.0
254.0
254.0
254.1
254.1
254.1
254.1
254.1
254.3
254.3
254.3
254.3
254.3
254.3
254.3
254.3
254.4
254.4
254.4
254.4
254.4
254.4
254.4
254.4
254.4
254.4
254.4
254.4
254.5
254.5
254.5
254.5
254.5
254.5
254.5
254.6
254.6
254.6
254.6
254.6
254.7
254.7
254.7
254.7
254.7
254.7
254.7
254.7
254.8
254.8
254.8
254.8
254.9
254.9
254.9
254.9
254.9
254.9
255.0
255.0
255.0
255.0
255.0
255.0
255.0
255.0
255.0
255.0
255.1
255.1
255.1
255.1
255.1
255.2
255.2
255.2
255.2
255.4
255.9
255.9
256.5
256.5
256.6
256.6
256.8
257.0
257.2
257.5
257.7
258.0
258.3
258.7
258.9
259.7
259.9
260.0
260.1
260.1
260.3
260.3
260.4
260.4
260.4
260.4
260.4
260.4
260.4
260.4
260.4
260.4
260.4
260.4
260.4
260.4
260.4
260.5
260.5
260.5
260.5
260.5
260.5
260.5
260.5
260.5
260.5
260.5
260.6
260.6
260.6
260.6
260.6
260.7
260.7
260.8
260.8
260.8
260.8
260.8
260.9
260.9
260.9
260.9
260.9
261.0
261.0
261.0
261.0
261.1
261.1
261.1
261.1
261.2
261.2
261.2
261.2
261.2
261.2
261.2
261.4
261.4
261.4
261.4
261.4
261.4
261.5
261.5
261.5
261.5
261.7
261.7
261.7
261.7
261.8
261.8
261.9
262.0
262.0
262.0
262.2
262.7
262.8
262.8
262.9
262.9
263.1
263.4
263.6
263.7
264.0
264.3
265.1
265.3
265.3
265.3
265.3
265.3
265.3
265.4
265.4
265.4
265.5
265.6
265.6
265.6
265.6
265.6
265.6
265.6
265.7
265.7
265.7
265.7
265.8
265.8
265.8
265.8
265.9
265.9
265.9
265.9
266.0
266.0
266.0
266.0
266.0
266.0
266.1
266.1
266.1
266.1
266.1
266.2
266.2
266.3
266.3
266.3
266.3
266.4
266.4
266.4
266.5
266.5
266.5
266.5
266.6
266.6
266.6
266.7
266.7
266.7
266.9
267.0
267.0
267.0
267.1
267.1
267.3
267.4
267.5
267.5
267.7
267.7
267.7
267.7
267.8
267.8
267.9
268.0
268.0
268.1
268.3
268.5
268.6
268.7
268.7
269.3
269.7
269.8
269.9
270.1
270.2
270.4
270.6
270.7
271.0
272.1
272.4
272.7
272.8
272.9
273.1
273.2
273.6
273.6
273.6
273.6
273.7
273.8
273.8
273.9
274.0
274.2
274.3
274.4
274.4
274.5
274.6
274.6
274.7
274.9
274.9
275.0
275.1
275.2
275.2
275.2
275.2
275.3
275.3
275.4
275.4
275.5
275.6
275.6
275.6
275.8
275.9
276.0
276.0
276.0
276.0
276.1
276.2
276.2
276.2
276.4
276.4
276.6
276.6
276.9
277.0
277.0
277.1
277.4
277.5
277.6
277.8
277.8
277.9
277.9
278.1
278.7
278.9
279.0
279.3
279.3
279.4
280.2
280.8
281.0
281.9
281.9
282.1
282.1
283.6
284.2
284.6
285.3
285.4
285.6
286.7
287.7
288.1
289.8
293.0
293.8
294.2
294.6
294.6
303.3
416.8
416.8
416.8
416.8
416.8
416.8
416.8
416.8
416.8
416.8
416.9
416.9
416.9
416.9
416.9
416.9
416.9
416.9
416.9
416.9
416.9
416.9
416.9
416.9
416.9
416.9
416.9
416.9
416.9
416.9
416.9
416.9
416.9
416.9
416.9
416.9
416.9
416.9
416.9
416.9
416.9
416.9
416.9
416.9
416.9
416.9
416.9
416.9
416.9
416.9
416.9
416.9
416.9
417.0
417.0
417.0
417.0
417.0
417.0
417.0
417.0
417.0
417.0
417.0
417.0
417.0
417.0
417.1
417.1
417.1
417.1
417.1
417.1
417.1
417.1
417.1
417.2
417.2
417.3
417.3
417.3
417.4
417.4
417.5
417.5
417.6
417.6
417.6
417.8
417.8
417.9
417.9
418.1
418.1
418.2
418.3
418.4
418.4
418.4
418.5
422.2
422.2
422.2
422.3
422.3
422.3
422.3
422.3
422.3
422.3
422.3
422.3
422.3
422.3
422.4
422.4
422.4
422.4
422.4
422.4
422.4
422.4
422.4
422.4
422.4
422.4
422.4
422.4
422.4
422.4
422.4
422.4
422.4
422.4
422.4
422.4
422.4
422.4
422.4
422.4
422.4
422.4
422.4
422.4
422.4
422.4
422.5
422.5
422.5
422.5
422.5
422.5
422.5
422.5
422.5
422.5
422.6
422.6
422.6
422.6
422.6
422.6
422.6
422.7
422.7
422.7
422.8
422.8
422.8
422.8
422.8
422.8
422.8
422.9
422.9
423.0
423.0
423.1
423.3
423.5
423.6
423.9
424.0
424.2
424.3
424.3
424.6
424.6
425.2
425.3
425.6
425.6
426.3
426.4
427.2
427.7
427.9
428.0
428.0
428.6
428.6
428.6
428.6
428.7
428.7
428.7
428.7
428.7
428.7
428.7
428.8
428.8
428.8
428.8
428.8
428.8
428.8
428.8
428.8
428.8
428.8
428.8
428.9
428.9
428.9
428.9
428.9
428.9
429.0
429.0
429.0
429.0
429.0
429.0
429.0
429.1
429.1
429.1
429.1
429.1
429.1
429.2
429.2
429.2
429.2
429.3
429.3
429.3
429.3
429.3
429.4
429.4
429.4
429.4
429.4
429.4
429.6
429.6
429.6
429.6
429.7
429.7
429.8
429.8
429.8
429.9
429.9
429.9
430.0
430.0
430.3
430.3
430.3
430.4
430.4
430.5
430.6
430.7
430.8
430.8
431.4
431.7
431.7
431.8
431.9
432.0
432.1
432.1
432.3
432.4
432.6
433.7
433.8
433.8
433.9
433.9
433.9
433.9
434.0
434.1
434.1
434.1
434.1
434.1
434.1
434.2
434.2
434.3
434.3
434.3
434.3
434.4
434.4
434.4
434.5
434.5
434.5
434.6
434.6
434.6
434.7
434.7
434.8
434.8
434.9
434.9
434.9
435.0
435.0
435.1
435.1
435.2
435.2
435.2
435.3
435.3
435.3
435.4
435.4
435.4
435.4
435.5
435.6
435.7
435.7
435.7
435.7
436.0
436.1
436.2
436.2
436.3
436.4
436.5
436.5
436.5
436.5
436.9
436.9
437.0
437.2
437.3
437.7
438.0
438.1
438.1
438.4
438.5
438.8
438.8
438.9
439.1
439.3
439.5
439.7
440.2
440.3
441.1
441.9
443.1
443.2
443.6
443.8
444.0
444.1
444.2
444.5
444.6
445.2
445.2
445.5
446.0
446.0
446.2
446.2
446.3
446.4
446.5
446.9
447.1
447.2
447.2
447.6
447.7
448.1
448.3
448.5
448.7
449.0
449.2
449.3
450.1
450.5
450.5
451.4
451.5
451.5
451.7
451.8
452.0
452.5
452.9
453.0
453.0
455.0
455.6
455.8
457.0
457.7
457.8
458.2
458.9
467.0
470.9
476.4
546.2
546.2
546.2
546.3
546.3
546.3
546.3
546.3
546.3
546.3
546.3
546.3
546.3
546.3
546.3
546.3
546.3
546.3
546.3
546.3
546.3
546.3
546.3
546.3
546.3
546.3
546.3
546.3
546.3
546.3
546.3
546.3
546.3
546.3
546.3
546.3
546.4
546.4
546.4
546.4
546.4
546.4
546.4
546.4
546.4
546.4
546.4
546.4
546.4
546.4
546.4
546.4
546.4
546.4
546.4
546.5
546.5
546.5
546.5
546.5
546.5
546.5
546.5
546.5
546.5
546.5
546.5
546.5
546.5
546.5
546.5
546.5
546.5
546.5
546.5
546.5
546.5
546.5
546.6
546.7
546.7
546.8
546.8
546.8
546.9
546.9
547.0
547.0
547.0
547.0
547.1
547.2
547.3
547.3
547.4
547.5
547.6
547.6
547.6
548.0
554.1
554.1
554.2
554.2
554.3
554.3
554.3
554.3
554.3
554.5
554.5
554.6
554.6
554.6
554.6
554.6
554.7
554.7
554.7
554.7
554.7
554.7
554.8
554.8
554.8
554.8
554.8
554.8
554.8
554.8
554.8
554.9
554.9
554.9
554.9
554.9
554.9
555.0
555.1
555.1
555.1
555.1
555.1
555.1
555.1
555.2
555.2
555.2
555.3
555.3
555.3
555.3
555.3
555.5
555.5
555.6
555.6
555.6
555.6
555.6
555.7
555.7
555.7
555.8
555.8
555.8
555.8
555.8
555.9
556.0
556.0
556.0
556.0
556.1
556.1
556.2
556.2
556.3
556.4
557.7
557.8
558.6
559.0
559.2
559.6
560.4
561.4
561.6
562.2
562.6
563.3
564.2
564.4
564.5
565.3
565.5
565.6
565.6
565.6
565.6
565.6
565.6
565.6
565.6
565.6
565.6
565.6
565.7
565.7
565.7
565.7
565.7
565.7
565.7
565.7
565.7
565.7
565.7
565.7
565.7
565.7
565.7
565.7
565.7
565.7
565.7
565.7
565.7
565.7
565.7
565.7
565.7
565.7
565.7
565.7
565.7
565.7
565.7
565.7
565.7
565.7
565.7
565.7
565.7
565.7
565.7
565.7
565.7
565.7
565.8
565.8
565.8
565.8
565.8
565.8
565.8
565.8
565.8
565.8
565.8
565.8
565.8
565.8
565.8
565.8
565.9
565.9
565.9
565.9
565.9
565.9
566.0
566.1
566.2
566.2
566.3
566.4
566.4
566.4
566.4
566.9
567.0
567.3
567.9
568.2
568.3
570.3
572.6
572.8
573.9
573.9
574.0
574.0
574.0
574.0
574.0
574.1
574.1
574.1
574.1
574.1
574.1
574.1
574.1
574.1
574.2
574.2
574.2
574.2
574.2
574.2
574.2
574.2
574.3
574.3
574.3
574.3
574.3
574.3
574.3
574.3
574.4
574.4
574.4
574.5
574.5
574.5
574.6
574.6
574.6
574.6
574.6
574.7
574.7
574.8
574.8
574.8
574.8
574.9
574.9
574.9
575.0
575.0
575.0
575.0
575.1
575.1
575.1
575.1
575.2
575.2
575.2
575.2
575.3
575.3
575.3
575.4
575.4
575.5
575.5
575.5
575.5
575.6
575.7
575.7
575.8
575.8
575.8
575.9
575.9
575.9
576.0
576.1
576.4
576.5
576.5
576.6
576.6
576.6
576.6
576.8
576.9
577.1
577.2
577.2
577.5
577.6
578.5
578.8
578.9
578.9
578.9
579.0
579.0
579.0
579.0
579.1
579.1
579.1
579.1
579.2
579.2
579.2
579.2
579.2
579.2
579.3
579.3
579.3
579.3
579.4
579.4
579.4
579.4
579.4
579.5
579.5
579.5
579.5
579.6
579.6
579.6
579.6
579.6
579.7
579.7
579.7
579.7
579.8
579.8
579.8
579.8
579.9
579.9
579.9
579.9
579.9
580.0
580.0
580.0
580.0
580.1
580.1
580.2
580.2
580.2
580.3
580.4
580.5
580.5
580.6
580.6
580.6
580.8
580.9
581.1
581.2
581.3
581.4
581.4
581.4
581.4
581.5
581.6
581.7
581.8
581.9
582.1
582.2
583.1
583.1
583.1
583.1
583.4
583.5
583.7
584.4
584.6
584.8
584.9
585.1
585.4
585.5
585.5
585.5
585.6
585.7
585.8
585.9
585.9
585.9
585.9
586.0
586.0
586.0
586.1
586.2
586.2
586.3
586.3
586.4
586.6
586.6
586.6
586.7
586.7
586.7
586.8
586.8
586.8
586.8
586.8
586.8
586.9
586.9
586.9
586.9
587.1
587.2
587.2
587.2
587.3
587.3
587.5
587.5
587.5
587.6
587.6
587.6
587.7
587.7
587.7
587.7
587.8
588.0
588.1
588.3
588.3
588.3
588.6
588.7
588.8
588.9
589.0
589.0
589.0
589.0
589.0
589.3
589.5
589.7
589.8
590.1
590.5
590.5
590.7
590.9
591.1
591.3
591.8
592.7
592.7
593.0
593.2
593.3
594.3
596.0
596.1
596.3
596.8
597.9
599.2
601.2
602.6
604.4
606.2
612.9
693.3
693.3
693.3
693.3
693.3
693.3
693.3
693.3
693.3
693.4
693.4
693.4
693.4
693.4
693.4
693.4
693.4
693.4
693.4
693.4
693.4
693.4
693.4
693.4
693.4
693.4
693.4
693.4
693.4
693.4
693.4
693.4
693.4
693.4
693.4
693.4
693.4
693.4
693.4
693.4
693.4
693.4
693.4
693.4
693.5
693.5
693.5
693.5
693.5
693.5
693.5
693.5
693.5
693.5
693.5
693.5
693.5
693.5
693.5
693.5
693.5
693.5
693.5
693.5
693.5
693.5
693.5
693.5
693.5
693.5
693.6
693.6
693.6
693.6
693.6
693.6
693.6
693.6
693.6
693.7
693.7
693.8
693.8
693.9
693.9
694.0
694.0
694.0
694.1
694.1
694.1
694.3
694.3
694.3
694.5
694.6
694.6
694.6
694.7
695.0
701.2
701.2
701.2
701.2
701.3
701.3
701.3
701.3
701.3
701.4
701.4
701.5
701.5
701.5
701.5
701.5
701.5
701.5
701.5
701.5
701.5
701.5
701.6
701.6
701.6
701.6
701.6
701.6
701.6
701.6
701.6
701.6
701.6
701.6
701.7
701.7
701.7
701.7
701.7
701.7
701.7
701.7
701.7
701.7
701.7
701.7
701.7
701.8
701.8
701.8
701.8
701.8
701.9
701.9
701.9
701.9
701.9
701.9
701.9
702.0
702.0
702.0
702.0
702.0
702.0
702.0
702.0
702.0
702.0
702.0
702.1
702.1
702.1
702.1
702.1
702.1
702.2
702.2
702.3
702.6
702.6
703.0
703.0
703.0
703.1
703.2
703.4
703.5
703.7
703.8
704.0
704.1
704.5
704.6
705.1
705.5
705.6
705.7
705.7
706.3
709.2
709.2
709.2
709.2
709.2
709.2
709.2
709.3
709.3
709.3
709.3
709.3
709.3
709.3
709.3
709.3
709.3
709.3
709.3
709.3
709.4
709.4
709.4
709.4
709.4
709.4
709.4
709.4
709.4
709.4
709.4
709.4
709.4
709.4
709.4
709.4
709.4
709.4
709.4
709.4
709.4
709.4
709.4
709.5
709.5
709.5
709.5
709.5
709.5
709.5
709.5
709.5
709.5
709.5
709.6
709.6
709.6
709.6
709.6
709.6
709.6
709.6
709.6
709.6
709.7
709.7
709.7
709.7
709.7
709.7
709.7
709.7
709.8
709.8
709.8
709.9
710.1
710.1
710.3
710.3
710.4
710.7
710.8
710.8
710.9
710.9
711.1
711.1
711.3
711.4
711.4
711.7
711.9
712.0
712.4
712.4
712.5
712.8
712.8
713.1
713.2
713.3
713.3
713.3
713.3
713.3
713.3
713.3
713.3
713.3
713.4
713.4
713.4
713.4
713.4
713.4
713.5
713.5
713.5
713.5
713.5
713.5
713.5
713.5
713.6
713.6
713.6
713.6
713.6
713.6
713.7
713.7
713.7
713.7
713.7
713.7
713.7
713.7
713.7
713.7
713.7
713.7
713.7
713.8
713.8
713.8
713.8
713.8
713.8
713.8
713.8
713.9
713.9
713.9
714.0
714.0
714.0
714.0
714.0
714.0
714.0
714.1
714.2
714.2
714.3
714.3
714.3
714.4
714.5
714.5
714.6
714.7
714.7
714.8
714.9
715.4
715.5
715.9
716.0
716.1
716.1
716.3
716.3
716.4
717.0
717.5
717.6
718.2
718.3
718.5
718.6
718.7
718.8
718.9
719.0
719.0
719.0
719.0
719.0
719.0
719.1
719.2
719.2
719.2
719.3
719.3
719.3
719.3
719.3
719.3
719.3
719.4
719.4
719.4
719.5
719.5
719.6
719.6
719.6
719.6
719.6
719.7
719.7
719.7
719.8
719.8
719.8
719.8
719.8
719.9
719.9
720.1
720.2
720.2
720.2
720.2
720.3
720.3
720.3
720.3
720.3
720.4
720.4
720.4
720.4
720.5
720.5
720.7
720.7
720.8
720.8
720.8
720.8
720.9
720.9
720.9
721.0
721.1
721.2
721.2
721.4
721.5
721.6
721.6
721.7
721.9
722.0
722.2
722.3
722.5
722.7
722.8
723.2
723.5
724.0
724.2
724.5
724.8
724.8
725.1
725.4
726.0
726.2
726.3
730.6
730.9
730.9
731.7
733.6
734.0
734.1
734.1
734.2
734.4
734.4
734.4
734.4
734.5
734.5
734.5
734.5
734.5
734.6
734.6
734.6
734.6
734.6
734.6
734.6
734.6
734.6
734.6
734.7
734.7
734.7
734.7
734.7
734.7
734.7
734.7
734.7
734.7
734.8
734.8
734.8
734.8
734.8
734.8
734.8
734.8
734.8
734.8
734.8
734.8
734.8
734.8
734.8
734.8
734.9
734.9
734.9
734.9
734.9
734.9
734.9
734.9
734.9
734.9
734.9
735.0
735.0
735.0
735.0
735.0
735.0
735.0
735.0
735.0
735.1
735.1
735.1
735.1
735.2
735.2
735.2
735.2
735.3
735.3
735.3
735.3
735.5
735.5
735.6
735.6
735.6
735.6
735.7
735.7
735.7
735.8
735.9
735.9
735.9
736.0
736.2
736.3
736.7
737.0
740.2
740.4
740.4
740.6
740.6
741.1
741.3
741.3
741.3
741.4
741.4
741.4
741.4
741.4
741.4
741.4
741.5
741.5
741.5
741.6
741.7
741.7
741.8
741.8
741.8
741.9
741.9
742.0
742.0
742.0
742.0
742.0
742.1
742.1
742.1
742.1
742.1
742.1
742.2
742.2
742.2
742.2
742.3
742.3
742.3
742.3
742.3
742.3
742.4
742.4
742.4
742.4
742.4
742.4
742.4
742.4
742.5
742.5
742.6
742.6
742.6
742.7
742.8
742.8
742.8
742.9
742.9
743.0
743.0
743.1
743.1
743.2
743.2
743.3
743.4
743.5
743.5
743.6
743.7
743.8
744.2
744.2
744.8
744.9
745.0
745.2
745.2
745.3
745.4
745.8
746.0
746.7
746.7
746.9
748.2
748.2
749.1
749.4
749.5
749.6
753.4
753.4
753.5
753.5
753.6
753.6
753.6
753.7
753.8
753.8
753.8
753.9
754.0
754.1
754.1
754.1
754.1
754.1
754.1
754.1
754.1
754.1
754.1
754.1
754.2
754.2
754.2
754.2
754.3
754.3
754.4
754.4
754.4
754.4
754.4
754.4
754.4
754.4
754.4
754.4
754.4
754.4
754.5
754.5
754.5
754.5
754.5
754.5
754.5
754.6
754.6
754.6
754.6
754.6
754.7
754.7
754.7
754.7
754.7
754.8
754.8
754.8
754.8
754.8
754.8
754.8
754.8
754.9
754.9
754.9
754.9
754.9
754.9
754.9
755.0
755.0
755.3
755.3
755.4
755.6
755.6
755.6
755.9
756.1
756.1
756.4
756.7
756.9
757.7
758.5
758.7
759.1
759.3
761.2
763.0
767.9
768.2
774.2
774.4
778.0
864.0
864.0
864.0
864.0
864.0
864.0
864.0
864.0
864.0
864.1
864.1
864.1
864.1
864.1
864.1
864.1
864.1
864.1
864.1
864.1
864.2
864.2
864.2
864.2
864.2
864.2
864.2
864.2
864.2
864.2
864.2
864.3
864.3
864.3
864.3
864.3
864.3
864.3
864.3
864.3
864.3
864.3
864.3
864.3
864.3
864.3
864.3
864.3
864.3
864.3
864.3
864.3
864.3
864.3
864.3
864.3
864.3
864.3
864.3
864.3
864.3
864.3
864.3
864.3
864.4
864.4
864.4
864.4
864.4
864.4
864.4
864.4
864.4
864.4
864.4
864.6
864.7
864.7
864.7
864.8
864.8
864.8
864.9
864.9
864.9
865.1
865.3
865.6
865.6
865.9
866.0
866.2
866.6
866.6
866.8
867.1
867.1
867.2
867.2
867.3
868.5
868.5
868.5
868.5
868.5
868.5
868.5
868.5
868.5
868.5
868.5
868.5
868.5
868.5
868.5
868.5
868.5
868.5
868.5
868.5
868.5
868.6
868.6
868.6
868.6
868.6
868.6
868.6
868.6
868.6
868.6
868.6
868.6
868.6
868.6
868.6
868.6
868.6
868.6
868.6
868.6
868.6
868.6
868.6
868.6
868.6
868.6
868.6
868.6
868.6
868.6
868.6
868.6
868.6
868.6
868.6
868.6
868.6
868.6
868.6
868.6
868.6
868.6
868.6
868.6
868.6
868.6
868.6
868.6
868.6
868.6
868.6
868.6
868.9
868.9
868.9
869.0
869.0
869.1
869.1
869.1
869.2
869.2
869.4
869.4
869.4
870.1
870.2
870.2
870.8
871.1
871.4
872.2
872.5
872.8
873.3
873.3
873.3
873.4
873.4
873.4
873.4
873.4
873.4
873.4
873.4
873.4
873.4
873.4
873.4
873.4
873.4
873.4
873.4
873.4
873.4
873.4
873.4
873.4
873.4
873.4
873.4
873.4
873.4
873.4
873.4
873.4
873.4
873.5
873.5
873.5
873.5
873.5
873.5
873.5
873.5
873.5
873.5
873.5
873.5
873.5
873.5
873.5
873.5
873.5
873.5
873.5
873.5
873.5
873.5
873.5
873.5
873.5
873.6
873.6
873.6
873.6
873.6
873.6
873.6
873.6
873.6
873.6
873.6
873.6
873.7
873.7
873.7
873.7
873.7
873.7
873.8
873.9
873.9
873.9
874.1
874.1
874.2
874.2
874.3
874.3
874.3
874.4
874.4
874.7
874.8
875.1
875.4
875.8
876.0
876.3
876.7
877.6
877.6
877.6
877.7
877.7
877.8
877.8
877.8
877.8
877.8
877.8
877.8
877.8
877.9
877.9
877.9
877.9
877.9
877.9
877.9
877.9
877.9
877.9
878.0
878.0
878.0
878.0
878.0
878.0
878.0
878.0
878.0
878.1
878.1
878.1
878.1
878.1
878.1
878.2
878.2
878.2
878.2
878.2
878.2
878.2
878.3
878.3
878.3
878.3
878.3
878.3
878.4
878.4
878.4
878.4
878.4
878.5
878.5
878.5
878.5
878.6
878.6
878.6
878.6
878.7
878.7
878.8
878.8
878.9
879.0
879.0
879.0
879.0
879.1
879.1
879.2
879.2
879.3
879.7
879.7
880.1
880.2
880.2
880.2
880.3
880.3
880.3
880.4
880.5
880.8
880.9
881.6
881.9
882.0
882.4
882.8
883.6
884.2
884.4
884.4
884.4
884.8
884.8
884.9
884.9
884.9
884.9
885.0
885.0
885.1
885.1
885.1
885.3
885.3
885.4
885.4
885.4
885.5
885.5
885.5
885.6
885.7
885.7
885.7
885.7
885.8
885.8
886.0
886.0
886.0
886.0
886.0
886.1
886.2
886.2
886.2
886.3
886.3
886.4
886.4
886.4
886.5
886.5
886.5
886.5
886.7
886.8
886.9
887.0
887.1
887.2
887.2
887.3
887.3
887.4
887.4
887.5
887.7
887.8
887.9
888.2
888.2
888.3
888.4
888.9
889.0
889.2
889.6
889.7
889.8
889.9
890.6
891.5
891.7
892.3
892.4
892.7
893.3
893.3
894.3
894.8
895.0
895.7
896.0
897.1
897.2
897.7
898.1
900.9
908.1
908.5
908.9
909.0
909.0
909.0
909.0
909.0
909.1
909.1
909.1
909.1
909.1
909.2
909.2
909.2
909.2
909.2
909.2
909.2
909.2
909.2
909.2
909.2
909.2
909.2
909.2
909.2
909.2
909.2
909.3
909.3
909.3
909.3
909.3
909.3
909.3
909.3
909.3
909.3
909.3
909.3
909.3
909.4
909.4
909.4
909.4
909.4
909.4
909.4
909.4
909.4
909.4
909.4
909.4
909.4
909.4
909.4
909.4
909.4
909.4
909.4
909.4
909.4
909.5
909.5
909.5
909.5
909.6
909.6
909.6
909.6
909.7
909.7
909.8
909.8
909.9
909.9
910.0
910.0
910.1
910.2
910.2
910.2
910.3
910.3
910.3
910.4
910.4
910.5
910.6
910.8
911.0
911.1
911.4
912.3
912.7
913.0
914.2
914.9
917.8
917.8
917.8
917.8
917.8
917.8
917.8
917.9
917.9
917.9
917.9
917.9
917.9
917.9
917.9
917.9
917.9
917.9
917.9
917.9
917.9
917.9
917.9
917.9
917.9
917.9
917.9
917.9
917.9
917.9
917.9
917.9
917.9
917.9
917.9
917.9
917.9
917.9
917.9
917.9
917.9
917.9
917.9
917.9
917.9
917.9
917.9
917.9
917.9
917.9
917.9
917.9
917.9
917.9
917.9
917.9
917.9
917.9
917.9
917.9
917.9
917.9
917.9
917.9
917.9
917.9
918.0
918.0
918.0
918.0
918.0
918.0
918.0
918.0
918.0
918.1
918.2
918.2
918.2
918.3
918.3
918.3
918.4
918.4
918.4
918.4
918.5
918.6
918.7
918.8
918.8
918.9
919.0
919.3
919.3
919.4
919.5
920.1
920.3
921.1
924.3
924.3
924.4
924.4
924.4
924.4
924.4
924.4
924.4
924.4
924.4
924.4
924.5
924.5
924.5
924.5
924.5
924.5
924.5
924.5
924.5
924.5
924.5
924.5
924.5
924.5
924.5
924.5
924.5
924.6
924.6
924.6
924.6
924.6
924.6
924.6
924.6
924.6
924.6
924.6
924.6
924.6
924.6
924.6
924.6
924.7
924.7
924.7
924.7
924.7
924.7
924.7
924.7
924.8
924.8
924.8
924.8
924.8
924.8
924.8
924.8
924.8
924.8
924.8
924.9
924.9
924.9
924.9
924.9
925.0
925.0
925.0
925.0
925.0
925.0
925.0
925.0
925.1
925.3
925.5
925.7
925.7
925.7
925.9
925.9
925.9
926.1
926.1
926.1
926.2
926.3
926.8
927.0
927.1
927.1
927.4
927.6
927.7
927.9
928.1
928.8
928.8
928.9
928.9
928.9
928.9
929.0
929.0
929.0
929.1
929.1
929.1
929.1
929.1
929.2
929.2
929.2
929.2
929.2
929.2
929.2
929.2
929.2
929.3
929.3
929.3
929.3
929.3
929.3
929.3
929.3
929.4
929.4
929.4
929.4
929.4
929.4
929.5
929.5
929.5
929.5
929.5
929.5
929.6
929.6
929.6
929.6
929.6
929.6
929.6
929.6
929.7
929.7
929.8
929.8
929.8
929.8
929.8
929.9
930.0
930.0
930.0
930.1
930.1
930.1
930.2
930.2
930.3
930.3
930.3
930.4
930.4
930.5
930.6
930.7
930.7
930.8
930.8
931.1
931.5
931.6
931.7
931.7
931.9
931.9
932.5
932.8
932.8
932.9
933.0
933.5
934.5
934.9
935.1
935.1
935.3
935.3
935.4
935.6
935.7
935.8
935.8
935.8
935.9
935.9
935.9
935.9
935.9
936.0
936.0
936.0
936.0
936.0
936.1
936.2
936.2
936.2
936.3
936.3
936.3
936.4
936.4
936.4
936.5
936.5
936.6
936.6
936.6
936.6
936.6
936.7
936.7
936.7
936.8
936.8
936.8
936.8
936.9
936.9
936.9
937.0
937.1
937.1
937.2
937.4
937.4
937.4
937.4
937.5
937.5
937.5
937.5
937.5
937.6
937.6
937.8
937.9
937.9
937.9
938.0
938.0
938.2
938.5
938.5
938.5
938.8
938.8
938.9
939.0
939.0
939.0
939.1
939.5
939.7
939.7
940.1
940.2
941.7
941.8
941.9
942.1
942.8
942.9
943.3
946.2
946.9
947.6
949.9
952.0
954.3
955.1
956.4
956.4
956.6
958.6
959.9
964.4
965.3
996.9
1039.4
1039.5
1039.5
1039.5
1039.5
1039.5
1039.5
1039.5
1039.5
1039.5
1039.5
1039.5
1039.5
1039.5
1039.6
1039.6
1039.6
1039.6
1039.6
1039.6
1039.6
1039.6
1039.6
1039.6
1039.6
1039.6
1039.6
1039.6
1039.6
1039.7
1039.7
1039.7
1039.7
1039.7
1039.7
1039.7
1039.7
1039.7
1039.7
1039.7
1039.7
1039.7
1039.7
1039.7
1039.7
1039.7
1039.7
1039.8
1039.8
1039.8
1039.8
1039.8
1039.8
1039.8
1039.9
1039.9
1039.9
1039.9
1039.9
1039.9
1039.9
1040.0
1040.0
1040.0
1040.0
1040.1
1040.2
1040.2
1040.2
1040.2
1040.3
1040.3
1040.3
1040.4
1040.4
1040.5
1040.6
1040.6
1040.6
1040.6
1040.6
1040.6
1040.6
1040.8
1040.8
1040.8
1041.0
1041.0
1041.0
1041.1
1041.2
1041.2
1041.4
1041.4
1041.5
1041.6
1041.6
1041.6
1041.6
1041.7
1043.8
1043.9
1043.9
1043.9
1043.9
1043.9
1043.9
1043.9
1043.9
1044.0
1044.0
1044.0
1044.0
1044.0
1044.0
1044.0
1044.0
1044.0
1044.1
1044.1
1044.1
1044.1
1044.1
1044.1
1044.1
1044.1
1044.1
1044.1
1044.2
1044.2
1044.2
1044.2
1044.2
1044.2
1044.2
1044.2
1044.2
1044.2
1044.2
1044.2
1044.2
1044.3
1044.3
1044.3
1044.3
1044.3
1044.3
1044.4
1044.4
1044.4
1044.4
1044.4
1044.4
1044.5
1044.5
1044.5
1044.5
1044.5
1044.5
1044.6
1044.6
1044.6
1044.6
1044.6
1044.7
1044.7
1044.8
1044.8
1044.8
1044.8
1044.9
1044.9
1044.9
1045.3
1045.4
1045.4
1045.4
1045.4
1045.5
1045.5
1045.7
1045.8
1045.8
1045.9
1046.1
1046.1
1046.4
1046.4
1046.7
1046.9
1047.0
1047.2
1047.6
1047.8
1048.2
1048.4
1048.5
1048.5
1048.5
1048.5
1048.6
1048.6
1048.6
1048.6
1048.6
1048.6
1048.6
1048.6
1048.6
1048.7
1048.7
1048.7
1048.7
1048.7
1048.7
1048.7
1048.7
1048.7
1048.7
1048.7
1048.7
1048.8
1048.8
1048.8
1048.8
1048.8
1048.8
1048.8
1048.9
1048.9
1048.9
1048.9
1048.9
1048.9
1048.9
1048.9
1048.9
1048.9
1049.0
1049.0
1049.0
1049.0
1049.0
1049.0
1049.0
1049.0
1049.0
1049.0
1049.1
1049.1
1049.1
1049.1
1049.1
1049.2
1049.2
1049.2
1049.2
1049.3
1049.3
1049.4
1049.4
1049.5
1049.5
1049.5
1049.5
1049.5
1049.5
1049.6
1049.6
1049.7
1049.7
1049.7
1049.8
1049.9
1049.9
1050.2
1050.3
1050.5
1050.6
1050.6
1050.7
1050.8
1050.8
1050.8
1051.2
1051.4
1051.5
1051.9
1052.4
1052.7
1052.8
1053.0
1053.0
1053.0
1053.1
1053.2
1053.2
1053.2
1053.2
1053.2
1053.2
1053.3
1053.3
1053.3
1053.3
1053.3
1053.3
1053.4
1053.4
1053.4
1053.4
1053.5
1053.5
1053.5
1053.5
1053.5
1053.5
1053.6
1053.6
1053.6
1053.6
1053.7
1053.7
1053.8
1053.8
1053.8
1053.8
1053.8
1053.8
1053.9
1053.9
1053.9
1053.9
1053.9
1053.9
1053.9
1053.9
1054.0
1054.0
1054.0
1054.1
1054.1
1054.1
1054.1
1054.3
1054.3
1054.3
1054.3
1054.4
1054.4
1054.4
1054.5
1054.5
1054.6
1054.7
1054.7
1054.8
1054.9
1054.9
1055.0
1055.0
1055.0
1055.1
1055.1
1055.2
1055.2
1055.2
1055.5
1055.5
1055.6
1055.7
1055.9
1056.0
1056.2
1056.3
1056.4
1056.8
1056.9
1057.1
1057.2
1057.2
1057.3
1057.4
1058.0
1058.2
1059.0
1059.9
1060.3
1060.4
1060.4
1060.6
1060.9
1061.1
1061.1
1061.1
1061.2
1061.3
1061.3
1061.3
1061.4
1061.5
1061.6
1061.7
1061.8
1061.8
1062.0
1062.0
1062.0
1062.0
1062.1
1062.1
1062.2
1062.2
1062.3
1062.4
1062.4
1062.5
1062.6
1062.7
1062.7
1062.8
1062.8
1062.8
1063.1
1063.1
1063.1
1063.2
1063.3
1063.3
1063.3
1063.4
1063.7
1063.8
1063.8
1063.9
1064.0
1064.0
1064.0
1064.2
1064.6
1064.6
1064.7
1064.9
1065.1
1065.1
1065.2
1065.2
1065.2
1065.4
1065.7
1065.8
1066.1
1066.2
1066.4
1066.5
1067.0
1068.2
1068.7
1069.2
1069.2
1069.7
1069.9
1070.3
1070.5
1071.9
1074.2
1075.9
1076.4
1076.8
1077.1
1083.4
1086.2
1104.7
1106.4
1114.1
1205.7
1205.7
1205.7
1205.7
1205.7
1205.7
1205.7
1205.7
1205.7
1205.7
1205.7
1205.7
1205.7
1205.7
1205.7
1205.7
1205.7
1205.7
1205.7
1205.7
1205.7
1205.7
1205.7
1205.7
1205.7
1205.7
1205.7
1205.7
1205.7
1205.7
1205.7
1205.7
1205.7
1205.7
1205.7
1205.7
1205.7
1205.7
1205.7
1205.7
1205.7
1205.7
1205.7
1205.7
1205.7
1205.7
1205.7
1205.7
1205.7
1205.7
1205.7
1205.7
1205.7
1205.7
1205.7
1205.7
1205.7
1205.8
1205.8
1205.8
1205.8
1205.8
1205.8
1205.8
1205.8
1205.8
1205.8
1205.8
1205.8
1205.8
1205.8
1205.8
1205.8
1205.8
1205.8
1205.8
1205.9
1205.9
1205.9
1205.9
1206.0
1206.0
1206.0
1206.1
1206.1
1206.1
1206.1
1206.1
1206.2
1206.2
1206.3
1206.3
1206.3
1206.4
1206.5
1206.5
1206.5
1206.5
1206.5
1206.6
1210.3
1210.3
1210.3
1210.3
1210.3
1210.3
1210.3
1210.3
1210.3
1210.3
1210.3
1210.3
1210.3
1210.3
1210.3
1210.3
1210.3
1210.3
1210.3
1210.3
1210.3
1210.3
1210.3
1210.3
1210.3
1210.3
1210.3
1210.3
1210.3
1210.4
1210.4
1210.4
1210.4
1210.4
1210.4
1210.4
1210.4
1210.4
1210.4
1210.4
1210.4
1210.4
1210.4
1210.4
1210.4
1210.4
1210.4
1210.4
1210.4
1210.4
1210.4
1210.4
1210.4
1210.4
1210.4
1210.4
1210.4
1210.4
1210.4
1210.5
1210.5
1210.5
1210.5
1210.5
1210.5
1210.5
1210.5
1210.5
1210.5
1210.5
1210.5
1210.6
1210.6
1210.7
1210.7
1210.8
1210.9
1210.9
1211.0
1211.0
1211.1
1211.3
1211.4
1211.5
1211.7
1211.7
1211.7
1211.7
1212.1
1212.2
1212.2
1212.3
1212.6
1212.7
1213.0
1213.1
1213.1
1213.2
1213.3
1213.4
1213.9
1213.9
1214.0
1214.0
1214.0
1214.0
1214.0
1214.0
1214.0
1214.0
1214.1
1214.1
1214.1
1214.1
1214.1
1214.1
1214.1
1214.1
1214.1
1214.1
1214.1
1214.2
1214.2
1214.2
1214.2
1214.2
1214.2
1214.2
1214.2
1214.2
1214.2
1214.3
1214.3
1214.3
1214.3
1214.3
1214.3
1214.3
1214.3
1214.3
1214.3
1214.3
1214.3
1214.4
1214.4
1214.4
1214.4
1214.4
1214.4
1214.4
1214.5
1214.5
1214.5
1214.5
1214.5
1214.5
1214.5
1214.6
1214.6
1214.6
1214.6
1214.7
1214.7
1214.8
1214.8
1214.8
1214.9
1214.9
1214.9
1215.0
1215.0
1215.1
1215.1
1215.1
1215.1
1215.4
1215.5
1216.0
1216.0
1216.1
1216.1
1216.2
1216.3
1216.4
1216.9
1217.2
1217.3
1217.4
1217.9
1218.4
1218.6
1218.7
1218.7
1218.8
1218.8
1218.9
1219.0
1219.0
1219.0
1219.1
1219.1
1219.1
1219.1
1219.2
1219.2
1219.2
1219.2
1219.3
1219.3
1219.3
1219.3
1219.3
1219.4
1219.4
1219.4
1219.4
1219.5
1219.5
1219.5
1219.5
1219.5
1219.5
1219.6
1219.6
1219.6
1219.6
1219.6
1219.6
1219.7
1219.7
1219.7
1219.7
1219.7
1219.8
1219.8
1219.8
1219.9
1219.9
1219.9
1219.9
1220.0
1220.0
1220.0
1220.0
1220.0
1220.1
1220.1
1220.1
1220.2
1220.2
1220.3
1220.3
1220.4
1220.4
1220.4
1220.4
1220.5
1220.5
1220.5
1220.5
1220.7
1220.7
1220.8
1220.9
1220.9
1221.1
1221.2
1221.2
1221.4
1221.5
1221.7
1221.8
1221.9
1221.9
1222.1
1222.3
1222.5
1223.0
1223.1
1223.2
1223.3
1223.4
1223.5
1224.1
1224.8
1226.1
1227.0
1227.8
1228.2
1228.8
1228.9
1228.9
1229.2
1229.7
1229.7
1229.9
1229.9
1230.0
1230.1
1230.3
1230.3
1230.3
1230.5
1230.5
1230.8
1230.9
1230.9
1231.0
1231.3
1231.6
1231.8
1231.8
1231.9
1232.3
1232.3
1232.4
1232.5
1232.6
1232.6
1232.7
1232.8
1232.9
1233.0
1233.1
1233.1
1233.3
1233.3
1233.4
1233.6
1233.6
1233.7
1233.8
1233.9
1233.9
1234.0
1234.3
1234.5
1234.7
1234.9
1235.1
1235.1
1235.4
1235.5
1235.7
1235.9
1236.0
1237.0
1237.0
1237.1
1237.2
1238.0
1239.0
1239.4
1239.4
1240.1
1240.3
1240.4
1243.9
1244.7
1246.2
1249.4
1250.1
1255.0
1258.2
1258.6
1258.8
1258.8
1258.8
1258.8
1258.8
1258.9
1259.0
1259.0
1259.0
1259.1
1259.1
1259.1
1259.1
1259.1
1259.2
1259.2
1259.2
1259.2
1259.2
1259.2
1259.2
1259.2
1259.2
1259.2
1259.2
1259.2
1259.2
1259.2
1259.2
1259.2
1259.2
1259.2
1259.2
1259.2
1259.2
1259.2
1259.2
1259.2
1259.2
1259.2
1259.2
1259.2
1259.2
1259.2
1259.2
1259.2
1259.2
1259.2
1259.2
1259.2
1259.2
1259.3
1259.3
1259.3
1259.3
1259.3
1259.3
1259.3
1259.3
1259.3
1259.3
1259.3
1259.3
1259.3
1259.3
1259.3
1259.3
1259.3
1259.3
1259.3
1259.3
1259.3
1259.4
1259.4
1259.4
1259.4
1259.4
1259.4
1259.4
1259.4
1259.5
1259.5
1259.5
1259.6
1259.7
1259.8
1259.8
1259.8
1259.9
1260.0
1260.0
1260.1
1260.1
1260.2
1260.2
1260.5
1260.6
1260.9
1264.7
1266.4
1266.5
1266.6
1266.6
1266.8
1267.1
1267.1
1267.2
1267.3
1267.3
1267.3
1267.5
1267.5
1267.5
1267.5
1267.6
1267.6
1267.6
1267.6
1267.7
1267.7
1267.7
1267.7
1267.7
1267.8
1267.8
1267.8
1267.8
1267.8
1267.8
1267.8
1267.8
1267.9
1267.9
1267.9
1267.9
1267.9
1267.9
1268.0
1268.0
1268.0
1268.0
1268.1
1268.1
1268.1
1268.1
1268.1
1268.1
1268.2
1268.2
1268.3
1268.3
1268.3
1268.3
1268.3
1268.4
1268.5
1268.5
1268.5
1268.6
1268.6
1268.6
1268.6
1268.7
1268.7
1268.7
1268.8
1268.8
1268.9
1268.9
1268.9
1268.9
1269.2
1269.2
1269.2
1269.2
1269.3
1269.3
1269.7
1270.0
1270.8
1271.0
1271.3
1271.4
1271.5
1272.6
1274.0
1274.5
1275.1
1276.5
1278.4
1278.7
1279.0
1279.1
1281.8
1282.2
1283.6
1287.5
1291.3
1298.2
1337.2
1375.2
1375.2
1375.2
1375.2
1375.2
1375.2
1375.2
1375.2
1375.2
1375.2
1375.2
1375.2
1375.2
1375.2
1375.2
1375.2
1375.2
1375.2
1375.2
1375.2
1375.2
1375.3
1375.3
1375.3
1375.3
1375.3
1375.3
1375.3
1375.3
1375.3
1375.3
1375.3
1375.3
1375.3
1375.3
1375.3
1375.3
1375.3
1375.3
1375.3
1375.3
1375.3
1375.3
1375.3
1375.3
1375.3
1375.3
1375.3
1375.3
1375.3
1375.3
1375.3
1375.3
1375.3
1375.3
1375.3
1375.3
1375.3
1375.3
1375.3
1375.3
1375.4
1375.4
1375.4
1375.4
1375.4
1375.4
1375.4
1375.4
1375.4
1375.5
1375.5
1375.5
1375.5
1375.5
1375.6
1375.6
1375.6
1375.6
1375.7
1375.7
1375.7
1375.7
1375.8
1375.8
1375.8
1376.0
1376.1
1376.1
1376.4
1376.5
1376.5
1376.8
1376.8
1376.9
1377.1
1377.2
1377.3
1377.3
1377.4
1379.5
1379.5
1379.6
1379.6
1379.6
1379.6
1379.6
1379.6
1379.6
1379.6
1379.6
1379.6
1379.6
1379.6
1379.6
1379.6
1379.6
1379.6
1379.6
1379.6
1379.6
1379.6
1379.6
1379.6
1379.6
1379.6
1379.6
1379.6
1379.6
1379.6
1379.6
1379.6
1379.6
1379.6
1379.6
1379.6
1379.6
1379.6
1379.6
1379.6
1379.6
1379.6
1379.6
1379.6
1379.6
1379.6
1379.6
1379.6
1379.6
1379.6
1379.6
1379.6
1379.6
1379.6
1379.6
1379.6
1379.6
1379.6
1379.6
1379.6
1379.6
1379.6
1379.6
1379.6
1379.6
1379.7
1379.7
1379.7
1379.7
1379.7
1379.7
1379.7
1379.7
1380.0
1380.0
1380.0
1380.1
1380.1
1380.1
1380.2
1380.3
1380.4
1380.4
1380.4
1380.6
1380.7
1381.1
1381.1
1381.3
1381.7
1381.8
1382.0
1382.6
1382.8
1383.2
1383.3
1383.6
1383.6
1383.7
1383.7
1383.7
1383.8
1383.8
1383.8
1383.8
1383.8
1383.8
1383.8
1383.8
1383.8
1383.8
1383.8
1383.8
1383.8
1383.8
1383.8
1383.8
1383.8
1383.8
1383.9
1383.9
1383.9
1383.9
1383.9
1383.9
1383.9
1383.9
1383.9
1383.9
1383.9
1383.9
1383.9
1383.9
1383.9
1383.9
1383.9
1383.9
1383.9
1383.9
1384.0
1384.0
1384.0
1384.0
1384.0
1384.0
1384.0
1384.0
1384.0
1384.0
1384.0
1384.0
1384.0
1384.0
1384.0
1384.1
1384.1
1384.1
1384.1
1384.1
1384.1
1384.2
1384.2
1384.2
1384.2
1384.2
1384.2
1384.2
1384.2
1384.3
1384.3
1384.3
1384.3
1384.3
1384.4
1384.5
1384.7
1384.7
1384.9
1384.9
1385.0
1385.0
1385.0
1385.1
1385.1
1385.4
1385.6
1385.8
1386.1
1386.8
1386.8
1387.1
1387.4
1388.1
1388.1
1388.1
1388.2
1388.3
1388.3
1388.3
1388.3
1388.3
1388.3
1388.3
1388.4
1388.4
1388.4
1388.4
1388.4
1388.4
1388.4
1388.4
1388.5
1388.5
1388.5
1388.5
1388.5
1388.5
1388.5
1388.5
1388.6
1388.6
1388.6
1388.6
1388.6
1388.6
1388.6
1388.7
1388.7
1388.7
1388.7
1388.7
1388.7
1388.8
1388.8
1388.8
1388.8
1388.8
1388.8
1388.8
1388.9
1388.9
1388.9
1388.9
1389.0
1389.0
1389.0
1389.0
1389.0
1389.0
1389.1
1389.1
1389.2
1389.2
1389.2
1389.2
1389.2
1389.3
1389.4
1389.4
1389.5
1389.5
1389.6
1389.7
1389.7
1389.7
1389.8
1389.8
1389.8
1390.0
1390.0
1390.0
1390.0
1390.2
1390.3
1390.4
1390.8
1390.9
1391.0
1391.0
1391.1
1391.2
1391.2
1391.6
1391.7
1391.8
1392.5
1393.1
1393.7
1395.0
1395.0
1395.2
1395.2
1395.3
1395.7
1395.8
1395.8
1395.9
1395.9
1395.9
1395.9
1395.9
1395.9
1396.0
1396.0
1396.2
1396.2
1396.2
1396.4
1396.4
1396.5
1396.5
1396.5
1396.6
1396.6
1396.7
1396.7
1396.7
1396.7
1396.8
1396.8
1397.0
1397.1
1397.1
1397.1
1397.2
1397.2
1397.2
1397.3
1397.4
1397.4
1397.4
1397.4
1397.4
1397.5
1397.6
1397.6
1397.6
1397.9
1398.0
1398.0
1398.0
1398.1
1398.1
1398.2
1398.4
1398.4
1398.6
1398.6
1398.6
1399.1
1399.2
1399.3
1399.4
1399.4
1399.5
1399.5
1400.1
1400.2
1400.3
1400.4
1400.7
1401.6
1402.0
1402.3
1402.3
1402.6
1403.0
1403.9
1404.1
1404.1
1404.4
1405.0
1405.1
1405.2
1405.2
1405.3
1405.6
1407.5
1408.6
1409.2
1411.7
1412.1
1431.0
1542.2
1542.2
1542.2
1542.2
1542.2
1542.2
1542.2
1542.2
1542.2
1542.2
1542.2
1542.2
1542.2
1542.2
1542.2
1542.2
1542.2
1542.2
1542.2
1542.2
1542.2
1542.2
1542.2
1542.2
1542.2
1542.2
1542.2
1542.2
1542.2
1542.2
1542.2
1542.2
1542.2
1542.2
1542.2
1542.2
1542.2
1542.2
1542.2
1542.2
1542.2
1542.2
1542.2
1542.2
1542.2
1542.2
1542.2
1542.2
1542.2
1542.2
1542.2
1542.2
1542.2
1542.2
1542.2
1542.2
1542.2
1542.2
1542.2
1542.2
1542.2
1542.2
1542.2
1542.3
1542.3
1542.3
1542.3
1542.3
1542.3
1542.3
1542.3
1542.3
1542.3
1542.3
1542.3
1542.3
1542.3
1542.3
1542.4
1542.4
1542.4
1542.5
1542.5
1542.5
1542.5
1542.5
1542.6
1542.6
1542.6
1542.7
1542.7
1542.7
1542.8
1542.8
1542.9
1543.0
1543.0
1543.0
1543.0
1543.0
1546.8
1546.8
1546.8
1546.8
1546.8
1546.8
1546.8
1546.8
1546.8
1546.8
1546.8
1546.9
1546.9
1546.9
1546.9
1546.9
1546.9
1546.9
1546.9
1546.9
1546.9
1546.9
1546.9
1546.9
1546.9
1546.9
1546.9
1546.9
1546.9
1546.9
1546.9
1546.9
1546.9
1546.9
1546.9
1546.9
1546.9
1546.9
1546.9
1546.9
1546.9
1546.9
1546.9
1546.9
1546.9
1546.9
1546.9
1546.9
1546.9
1546.9
1546.9
1546.9
1546.9
1546.9
1546.9
1546.9
1547.0
1547.0
1547.0
1547.0
1547.0
1547.0
1547.0
1547.0
1547.0
1547.0
1547.0
1547.0
1547.0
1547.0
1547.0
1547.0
1547.1
1547.2
1547.2
1547.3
1547.4
1547.4
1547.5
1547.5
1547.6
1547.8
1547.9
1547.9
1548.1
1548.1
1548.2
1548.2
1548.6
1548.6
1548.7
1548.7
1549.1
1549.1
1549.4
1549.5
1549.5
1549.7
1549.7
1549.8
1550.5
1550.5
1550.5
1550.6
1550.6
1550.6
1550.6
1550.6
1550.6
1550.6
1550.6
1550.6
1550.7
1550.7
1550.7
1550.7
1550.7
1550.7
1550.7
1550.7
1550.7
1550.7
1550.7
1550.7
1550.7
1550.8
1550.8
1550.8
1550.8
1550.8
1550.8
1550.8
1550.8
1550.8
1550.8
1550.8
1550.8
1550.9
1550.9
1550.9
1550.9
1550.9
1550.9
1550.9
1550.9
1550.9
1550.9
1550.9
1551.0
1551.0
1551.0
1551.0
1551.0
1551.0
1551.0
1551.0
1551.1
1551.1
1551.1
1551.1
1551.2
1551.2
1551.2
1551.3
1551.3
1551.3
1551.4
1551.4
1551.4
1551.5
1551.5
1551.6
1551.6
1551.6
1551.6
1552.0
1552.0
1552.5
1552.5
1552.6
1552.6
1552.7
1552.8
1552.9
1553.3
1553.7
1553.8
1553.9
1554.4
1554.9
1555.1
1555.2
1555.4
1555.4
1555.4
1555.5
1555.7
1555.7
1555.7
1555.7
1555.7
1555.8
1555.8
1555.8
1555.9
1555.9
1555.9
1555.9
1555.9
1555.9
1556.0
1556.0
1556.0
1556.0
1556.0
1556.0
1556.1
1556.1
1556.1
1556.1
1556.1
1556.2
1556.2
1556.2
1556.2
1556.2
1556.2
1556.3
1556.3
1556.3
1556.3
1556.3
1556.3
1556.4
1556.4
1556.4
1556.4
1556.5
1556.5
1556.5
1556.6
1556.6
1556.7
1556.7
1556.7
1556.7
1556.7
1556.7
1556.8
1556.8
1556.9
1557.0
1557.0
1557.0
1557.1
1557.1
1557.1
1557.2
1557.2
1557.2
1557.3
1557.3
1557.5
1557.6
1557.8
1557.8
1557.9
1558.0
1558.2
1558.3
1558.5
1558.5
1558.5
1558.7
1558.9
1559.1
1559.2
1559.7
1560.1
1560.1
1560.3
1560.3
1560.4
1561.1
1561.6
1563.1
1563.8
1564.8
1565.6
1565.8
1566.0
1566.1
1566.1
1566.9
1567.1
1567.2
1567.3
1567.4
1567.5
1567.6
1567.6
1567.6
1568.0
1568.0
1568.1
1568.2
1568.2
1568.4
1568.5
1568.7
1568.9
1569.2
1569.5
1569.6
1569.6
1569.9
1570.2
1570.2
1570.3
1570.3
1570.5
1570.5
1570.6
1570.6
1570.8
1570.9
1570.9
1571.0
1571.2
1571.2
1571.2
1571.3
1571.4
1571.8
1571.9
1572.2
1572.2
1572.8
1573.1
1573.2
1573.4
1573.5
1573.9
1574.1
1574.2
1574.3
1574.7
1574.8
1574.9
1575.2
1576.0
1576.3
1576.4
1577.2
1578.0
1578.1
1580.1
1581.0
1589.6
1593.6
1594.0
1595.4
1595.5
1595.6
1595.6
1595.6
1595.6
1595.6
1595.7
1595.7
1595.8
1595.8
1595.8
1595.8
1595.9
1595.9
1595.9
1595.9
1595.9
1595.9
1595.9
1595.9
1595.9
1595.9
1595.9
1595.9
1595.9
1595.9
1595.9
1595.9
1595.9
1595.9
1595.9
1595.9
1595.9
1595.9
1595.9
1595.9
1595.9
1595.9
1595.9
1595.9
1596.0
1596.0
1596.0
1596.0
1596.0
1596.0
1596.0
1596.0
1596.0
1596.0
1596.0
1596.0
1596.0
1596.0
1596.0
1596.0
1596.0
1596.0
1596.0
1596.0
1596.0
1596.0
1596.0
1596.0
1596.1
1596.1
1596.1
1596.1
1596.1
1596.1
1596.1
1596.1
1596.1
1596.1
1596.1
1596.1
1596.1
1596.1
1596.1
1596.2
1596.2
1596.3
1596.3
1596.3
1596.5
1596.5
1596.5
1596.6
1596.7
1596.8
1596.8
1596.9
1596.9
1596.9
1597.2
1597.3
1597.7
1598.9
1599.4
1602.8
1603.2
1603.3
1603.3
1603.8
1603.9
1604.0
1604.0
1604.0
1604.1
1604.1
1604.1
1604.2
1604.2
1604.3
1604.3
1604.4
1604.4
1604.5
1604.5
1604.5
1604.5
1604.5
1604.5
1604.5
1604.5
1604.5
1604.6
1604.6
1604.6
1604.6
1604.6
1604.6
1604.6
1604.6
1604.6
1604.6
1604.7
1604.7
1604.7
1604.8
1604.8
1604.8
1604.8
1604.8
1604.8
1604.8
1604.8
1604.8
1604.9
1604.9
1604.9
1605.0
1605.0
1605.0
1605.1
1605.1
1605.3
1605.3
1605.3
1605.3
1605.4
1605.4
1605.4
1605.4
1605.5
1605.6
1605.6
1605.6
1605.7
1605.7
1605.7
1605.8
1605.9
1606.0
1606.0
1606.2
1606.6
1606.8
1607.5
1607.8
1608.1
1608.1
1608.5
1609.6
1610.7
1611.6
1612.4
1614.0
1614.1
1614.7
1616.9
1619.4
1619.9
1620.3
1622.0
1711.5
1711.5
1711.5
1711.5
1711.5
1711.5
1711.5
1711.5
1711.5
1711.5
1711.5
1711.5
1711.5
1711.5
1711.5
1711.5
1711.5
1711.5
1711.5
1711.5
1711.6
1711.6
1711.6
1711.6
1711.6
1711.6
1711.6
1711.6
1711.6
1711.6
1711.6
1711.6
1711.6
1711.6
1711.6
1711.6
1711.6
1711.6
1711.6
1711.6
1711.6
1711.6
1711.6
1711.6
1711.6
1711.6
1711.6
1711.6
1711.6
1711.6
1711.6
1711.6
1711.6
1711.6
1711.6
1711.6
1711.6
1711.6
1711.6
1711.6
1711.6
1711.6
1711.6
1711.6
1711.6
1711.6
1711.7
1711.7
1711.7
1711.7
1711.7
1711.7
1711.7
1711.8
1711.8
1711.9
1711.9
1711.9
1711.9
1711.9
1711.9
1712.0
1712.0
1712.0
1712.0
1712.1
1712.3
1712.3
1712.3
1712.6
1712.6
1712.7
1712.9
1713.0
1713.0
1713.1
1713.3
1713.3
1713.3
1713.4
1715.9
1715.9
1715.9
1715.9
1715.9
1715.9
1715.9
1715.9
1715.9
1715.9
1715.9
1715.9
1715.9
1715.9
1715.9
1715.9
1715.9
1715.9
1715.9
1715.9
1715.9
1715.9
1715.9
1715.9
1715.9
1715.9
1715.9
1715.9
1715.9
1715.9
1715.9
1715.9
1715.9
1715.9
1715.9
1715.9
1715.9
1715.9
1715.9
1715.9
1715.9
1715.9
1715.9
1715.9
1715.9
1715.9
1715.9
1715.9
1715.9
1715.9
1715.9
1715.9
1715.9
1715.9
1715.9
1715.9
1715.9
1715.9
1715.9
1716.0
1716.0
1716.0
1716.0
1716.0
1716.0
1716.0
1716.0
1716.0
1716.0
1716.0
1716.0
1716.0
1716.0
1716.2
1716.2
1716.3
1716.3
1716.3
1716.3
1716.4
1716.5
1716.5
1716.6
1716.7
1716.9
1716.9
1717.1
1717.1
1717.4
1717.6
1717.7
1717.9
1718.4
1718.6
1719.1
1719.2
1719.4
1719.4
1719.5
1719.7
1719.9
1719.9
1720.0
1720.0
1720.0
1720.0
1720.0
1720.0
1720.0
1720.0
1720.0
1720.0
1720.0
1720.0
1720.0
1720.0
1720.1
1720.1
1720.1
1720.1
1720.1
1720.1
1720.1
1720.1
1720.1
1720.1
1720.1
1720.1
1720.1
1720.1
1720.1
1720.1
1720.1
1720.1
1720.1
1720.1
1720.2
1720.2
1720.2
1720.2
1720.2
1720.2
1720.2
1720.2
1720.2
1720.2
1720.2
1720.2
1720.2
1720.3
1720.3
1720.3
1720.3
1720.3
1720.3
1720.3
1720.3
1720.3
1720.4
1720.4
1720.4
1720.4
1720.4
1720.4
1720.4
1720.5
1720.5
1720.5
1720.5
1720.6
1720.6
1720.6
1720.6
1720.6
1720.7
1720.9
1720.9
1721.1
1721.1
1721.2
1721.2
1721.3
1721.3
1721.3
1721.6
1721.8
1721.9
1722.1
1722.7
1722.9
1723.0
1723.2
1724.3
1724.3
1724.4
1724.4
1724.4
1724.5
1724.5
1724.5
1724.5
1724.5
1724.5
1724.6
1724.6
1724.6
1724.6
1724.6
1724.7
1724.7
1724.7
1724.7
1724.7
1724.7
1724.7
1724.8
1724.8
1724.8
1724.8
1724.8
1724.8
1724.8
1724.8
1724.8
1724.8
1724.9
1724.9
1724.9
1724.9
1725.0
1725.0
1725.0
1725.0
1725.0
1725.0
1725.1
1725.1
1725.1
1725.1
1725.2
1725.2
1725.2
1725.2
1725.3
1725.3
1725.3
1725.3
1725.3
1725.3
1725.3
1725.4
1725.4
1725.5
1725.5
1725.5
1725.5
1725.5
1725.6
1725.6
1725.6
1725.7
1725.7
1725.8
1725.9
1725.9
1726.0
1726.0
1726.0
1726.1
1726.2
1726.4
1726.4
1726.6
1726.6
1726.7
1726.7
1727.0
1727.2
1727.3
1727.3
1727.3
1727.4
1727.5
1727.8
1728.0
1728.4
1729.4
1729.7
1730.6
1731.3
1731.5
1731.7
1731.7
1731.8
1731.8
1732.2
1732.3
1732.4
1732.4
1732.4
1732.4
1732.4
1732.5
1732.5
1732.7
1732.7
1732.8
1732.8
1732.9
1733.0
1733.1
1733.1
1733.1
1733.2
1733.2
1733.2
1733.3
1733.3
1733.4
1733.4
1733.5
1733.6
1733.7
1733.7
1733.8
1733.9
1733.9
1733.9
1733.9
1733.9
1733.9
1734.1
1734.2
1734.2
1734.2
1734.2
1734.4
1734.5
1734.5
1734.7
1734.8
1734.8
1734.9
1735.0
1735.1
1735.2
1735.2
1735.3
1735.5
1736.1
1736.2
1736.2
1736.2
1736.4
1736.4
1736.5
1736.7
1737.1
1737.3
1737.3
1737.6
1737.8
1738.0
1738.2
1739.3
1739.3
1739.6
1739.7
1740.4
1741.5
1741.8
1741.9
1741.9
1742.2
1742.3
1742.7
1742.8
1742.8
1746.2
1746.3
1747.7
1750.7
1878.5
1878.5
1878.5
1878.5
1878.5
1878.5
1878.5
1878.5
1878.5
1878.5
1878.5
1878.5
1878.5
1878.5
1878.5
1878.5
1878.5
1878.5
1878.5
1878.5
1878.5
1878.5
1878.5
1878.5
1878.5
1878.5
1878.5
1878.5
1878.5
1878.5
1878.5
1878.5
1878.5
1878.5
1878.5
1878.5
1878.5
1878.5
1878.5
1878.5
1878.5
1878.5
1878.5
1878.5
1878.5
1878.5
1878.5
1878.5
1878.5
1878.5
1878.5
1878.6
1878.6
1878.6
1878.6
1878.6
1878.6
1878.6
1878.6
1878.6
1878.6
1878.6
1878.6
1878.6
1878.6
1878.6
1878.6
1878.6
1878.6
1878.6
1878.6
1878.6
1878.6
1878.6
1878.6
1878.6
1878.7
1878.7
1878.7
1878.8
1878.8
1878.8
1878.8
1878.9
1878.9
1878.9
1878.9
1878.9
1879.0
1879.0
1879.1
1879.1
1879.2
1879.2
1879.3
1879.3
1879.3
1879.4
1879.4
1879.4
1883.2
1883.2
1883.2
1883.2
1883.2
1883.2
1883.2
1883.2
1883.2
1883.2
1883.2
1883.2
1883.2
1883.2
1883.2
1883.2
1883.2
1883.2
1883.2
1883.2
1883.2
1883.3
1883.3
1883.3
1883.3
1883.3
1883.3
1883.3
1883.3
1883.3
1883.3
1883.3
1883.3
1883.3
1883.3
1883.3
1883.3
1883.3
1883.3
1883.3
1883.3
1883.3
1883.3
1883.3
1883.3
1883.3
1883.3
1883.3
1883.3
1883.3
1883.3
1883.3
1883.3
1883.3
1883.3
1883.3
1883.3
1883.3
1883.3
1883.3
1883.3
1883.3
1883.4
1883.4
1883.4
1883.4
1883.4
1883.4
1883.4
1883.4
1883.4
1883.5
1883.5
1883.6
1883.6
1883.7
1883.8
1883.8
1883.9
1883.9
1884.0
1884.2
1884.3
1884.4
1884.6
1884.6
1884.6
1884.7
1885.1
1885.2
1885.2
1885.3
1885.6
1885.6
1886.0
1886.1
1886.1
1886.2
1886.3
1886.3
1886.8
1886.9
1886.9
1886.9
1886.9
1886.9
1887.0
1887.0
1887.0
1887.0
1887.0
1887.0
1887.0
1887.0
1887.0
1887.0
1887.0
1887.0
1887.0
1887.0
1887.0
1887.1
1887.1
1887.1
1887.1
1887.1
1887.1
1887.1
1887.1
1887.1
1887.2
1887.2
1887.2
1887.2
1887.2
1887.2
1887.2
1887.2
1887.2
1887.2
1887.2
1887.2
1887.2
1887.2
1887.2
1887.3
1887.3
1887.3
1887.3
1887.3
1887.4
1887.4
1887.4
1887.4
1887.4
1887.4
1887.4
1887.5
1887.5
1887.5
1887.5
1887.5
1887.5
1887.6
1887.7
1887.7
1887.7
1887.7
1887.8
1887.9
1887.9
1887.9
1887.9
1888.0
1888.0
1888.3
1888.4
1888.9
1888.9
1888.9
1888.9
1889.1
1889.2
1889.4
1889.8
1890.1
1890.2
1890.3
1890.8
1891.4
1891.5
1891.6
1891.6
1891.6
1891.6
1891.7
1891.9
1891.9
1891.9
1891.9
1892.0
1892.0
1892.0
1892.0
1892.1
1892.1
1892.1
1892.1
1892.1
1892.1
1892.2
1892.2
1892.2
1892.2
1892.2
1892.3
1892.3
1892.3
1892.3
1892.4
1892.4
1892.4
1892.4
1892.4
1892.4
1892.5
1892.5
1892.5
1892.6
1892.6
1892.6
1892.6
1892.6
1892.6
1892.6
1892.6
1892.7
1892.7
1892.8
1892.8
1892.8
1892.8
1892.9
1892.9
1892.9
1892.9
1893.0
1893.0
1893.0
1893.1
1893.2
1893.2
1893.2
1893.2
1893.3
1893.3
1893.3
1893.4
1893.4
1893.4
1893.5
1893.6
1893.7
1893.8
1894.0
1894.0
1894.0
1894.1
1894.4
1894.4
1894.6
1894.6
1894.9
1895.0
1895.0
1895.2
1895.2
1895.9
1896.1
1896.3
1896.4
1896.5
1896.6
1897.2
1897.4
1899.1
1900.0
1900.3
1901.2
1901.3
1901.3
1901.4
1901.5
1902.2
1902.3
1902.3
1902.4
1902.4
1902.5
1902.5
1902.5
1902.9
1902.9
1902.9
1903.0
1903.3
1903.3
1903.4
1903.5
1903.7
1903.7
1903.7
1904.0
1904.2
1904.4
1904.6
1904.6
1904.9
1904.9
1905.0
1905.0
1905.2
1905.2
1905.2
1905.3
1905.3
1905.3
1905.4
1905.4
1905.5
1905.5
1905.6
1905.7
1905.9
1905.9
1906.0
1906.3
1906.3
1906.5
1906.6
1906.6
1906.7
1906.9
1907.2
1907.2
1907.5
1907.8
1908.0
1908.2
1908.6
1908.9
1909.5
1909.8
1910.2
1910.4
1910.7
1911.1
1912.9
1913.0
1913.4
1915.0
1915.4
1915.7
1917.6
1920.9
1921.1
1923.6
1925.8
1926.9
1930.8
1930.8
1930.8
1930.9
1931.0
1931.1
1931.1
1931.1
1931.1
1931.1
1931.1
1931.2
1931.2
1931.2
1931.2
1931.2
1931.2
1931.2
1931.2
1931.2
1931.2
1931.2
1931.2
1931.2
1931.2
1931.2
1931.2
1931.2
1931.2
1931.2
1931.2
1931.2
1931.2
1931.2
1931.2
1931.2
1931.2
1931.2
1931.2
1931.2
1931.2
1931.2
1931.2
1931.2
1931.2
1931.2
1931.2
1931.2
1931.3
1931.3
1931.3
1931.3
1931.3
1931.3
1931.3
1931.3
1931.3
1931.3
1931.3
1931.3
1931.3
1931.3
1931.3
1931.3
1931.3
1931.3
1931.3
1931.3
1931.3
1931.3
1931.3
1931.3
1931.4
1931.4
1931.4
1931.4
1931.4
1931.4
1931.4
1931.5
1931.5
1931.5
1931.6
1931.6
1931.6
1931.6
1931.6
1931.7
1931.7
1931.8
1931.9
1932.0
1932.0
1932.1
1932.1
1932.2
1932.2
1932.5
1932.6
1932.9
1938.2
1938.3
1938.9
1939.2
1939.2
1939.3
1939.3
1939.3
1939.3
1939.4
1939.4
1939.4
1939.5
1939.6
1939.6
1939.7
1939.7
1939.7
1939.7
1939.7
1939.7
1939.8
1939.8
1939.8
1939.8
1939.8
1939.8
1939.8
1939.8
1939.9
1939.9
1939.9
1939.9
1939.9
1939.9
1940.0
1940.0
1940.0
1940.0
1940.0
1940.1
1940.1
1940.1
1940.1
1940.1
1940.1
1940.2
1940.2
1940.2
1940.3
1940.3
1940.3
1940.3
1940.4
1940.5
1940.6
1940.6
1940.6
1940.6
1940.6
1940.6
1940.7
1940.7
1940.8
1940.8
1940.8
1940.8
1940.9
1940.9
1940.9
1940.9
1941.0
1941.1
1941.1
1941.2
1941.2
1941.5
1941.6
1941.8
1941.9
1941.9
1942.0
1942.7
1943.0
1943.1
1943.4
1944.2
1945.3
1946.3
1946.5
1948.8
1949.0
1952.4
1953.9
1955.0
1962.4
1963.2
2047.9
2047.9
2047.9
2047.9
2047.9
2047.9
2047.9
2047.9
2047.9
2047.9
2047.9
2047.9
2047.9
2047.9
2047.9
2047.9
2047.9
2047.9
2047.9
2047.9
2047.9
2047.9
2047.9
2047.9
2048.0
2048.0
2048.0
2048.0
2048.0
2048.0
2048.0
2048.0
2048.0
2048.0
2048.0
2048.0
2048.0
2048.0
2048.0
2048.0
2048.0
2048.0
2048.0
2048.0
2048.0
2048.0
2048.0
2048.0
2048.0
2048.0
2048.0
2048.0
2048.0
2048.0
2048.0
2048.0
2048.0
2048.0
2048.0
2048.0
2048.0
2048.0
2048.0
2048.0
2048.0
2048.0
2048.1
2048.1
2048.1
2048.1
2048.1
2048.1
2048.1
2048.2
2048.2
2048.3
2048.3
2048.3
2048.3
2048.3
2048.3
2048.4
2048.4
2048.4
2048.4
2048.5
2048.6
2048.7
2048.7
2049.0
2049.0
2049.1
2049.3
2049.3
2049.4
2049.5
2049.7
2049.7
2049.7
2049.8
2052.2
2052.2
2052.2
2052.2
2052.2
2052.2
2052.2
2052.2
2052.2
2052.2
2052.2
2052.2
2052.2
2052.2
2052.2
2052.2
2052.2
2052.2
2052.2
2052.2
2052.2
2052.2
2052.2
2052.2
2052.2
2052.2
2052.2
2052.2
2052.2
2052.2
2052.2
2052.2
2052.2
2052.2
2052.2
2052.2
2052.2
2052.2
2052.2
2052.2
2052.2
2052.2
2052.2
2052.2
2052.2
2052.3
2052.3
2052.3
2052.3
2052.3
2052.3
2052.3
2052.3
2052.3
2052.3
2052.3
2052.3
2052.3
2052.3
2052.3
2052.3
2052.3
2052.3
2052.3
2052.3
2052.3
2052.3
2052.3
2052.3
2052.3
2052.3
2052.3
2052.3
2052.5
2052.6
2052.6
2052.7
2052.7
2052.7
2052.7
2052.9
2052.9
2053.0
2053.0
2053.2
2053.2
2053.5
2053.5
2053.8
2054.1
2054.2
2054.4
2054.9
2055.1
2055.6
2055.6
2055.8
2055.9
2056.0
2056.1
2056.2
2056.2
2056.3
2056.3
2056.3
2056.3
2056.3
2056.3
2056.3
2056.3
2056.3
2056.3
2056.3
2056.3
2056.3
2056.3
2056.3
2056.3
2056.3
2056.3
2056.3
2056.4
2056.4
2056.4
2056.4
2056.4
2056.4
2056.4
2056.4
2056.4
2056.4
2056.4
2056.4
2056.4
2056.4
2056.4
2056.4
2056.5
2056.5
2056.5
2056.5
2056.5
2056.5
2056.5
2056.5
2056.5
2056.5
2056.5
2056.5
2056.5
2056.5
2056.6
2056.6
2056.6
2056.6
2056.6
2056.6
2056.6
2056.7
2056.7
2056.7
2056.7
2056.7
2056.7
2056.7
2056.7
2056.8
2056.8
2056.8
2056.8
2056.9
2056.9
2056.9
2057.0
2057.0
2057.2
2057.2
2057.5
2057.5
2057.5
2057.5
2057.6
2057.6
2057.7
2058.0
2058.2
2058.2
2058.6
2059.2
2059.4
2059.5
2059.7
2060.6
2060.6
2060.7
2060.7
2060.8
2060.8
2060.8
2060.8
2060.8
2060.9
2060.9
2060.9
2060.9
2060.9
2061.0
2061.0
2061.0
2061.0
2061.0
2061.0
2061.0
2061.0
2061.1
2061.1
2061.1
2061.1
2061.1
2061.1
2061.1
2061.1
2061.1
2061.1
2061.1
2061.1
2061.2
2061.2
2061.2
2061.2
2061.3
2061.3
2061.3
2061.3
2061.3
2061.4
2061.4
2061.4
2061.4
2061.5
2061.5
2061.5
2061.5
2061.6
2061.6
2061.6
2061.6
2061.6
2061.7
2061.7
2061.7
2061.8
2061.8
2061.8
2061.8
2061.9
2061.9
2061.9
2062.0
2062.1
2062.1
2062.2
2062.2
2062.2
2062.3
2062.3
2062.3
2062.3
2062.4
2062.5
2062.7
2062.7
2063.0
2063.0
2063.0
2063.3
2063.5
2063.5
2063.7
2063.7
2063.8
2063.9
2064.0
2064.3
2064.4
2065.0
2065.9
2066.3
2067.5
2067.8
2068.0
2068.0
2068.1
2068.3
2068.6
2068.6
2068.7
2068.7
2068.7
2068.7
2068.7
2068.7
2068.8
2068.8
2069.0
2069.1
2069.1
2069.3
2069.4
2069.4
2069.4
2069.4
2069.5
2069.5
2069.5
2069.6
2069.6
2069.7
2069.7
2069.8
2069.8
2069.9
2070.0
2070.0
2070.1
2070.2
2070.3
2070.3
2070.3
2070.4
2070.4
2070.4
2070.5
2070.5
2070.6
2070.6
2070.8
2070.8
2070.9
2071.0
2071.2
2071.2
2071.2
2071.3
2071.6
2071.6
2071.7
2071.7
2071.9
2072.4
2072.5
2072.6
2072.6
2072.7
2072.7
2072.9
2073.6
2073.8
2073.8
2074.1
2074.3
2074.3
2074.9
2075.4
2075.8
2075.8
2076.9
2077.3
2077.9
2078.4
2078.6
2078.6
2078.8
2078.8
2078.9
2079.5
2079.6
2079.9
2083.1
2084.7
2089.9
2097.0
2107.4
2214.9
2214.9
2214.9
2214.9
2214.9
2214.9
2214.9
2214.9
2214.9
2214.9
2214.9
2214.9
2214.9
2214.9
2214.9
2214.9
2214.9
2214.9
2214.9
2214.9
2214.9
2214.9
2214.9
2214.9
2214.9
2214.9
2214.9
2214.9
2214.9
2214.9
2214.9
2214.9
2214.9
2214.9
2214.9
2214.9
2214.9
2214.9
2214.9
2214.9
2214.9
2214.9
2214.9
2214.9
2214.9
2214.9
2214.9
2214.9
2214.9
2215.0
2215.0
2215.0
2215.0
2215.0
2215.0
2215.0
2215.0
2215.0
2215.0
2215.0
2215.0
2215.0
2215.0
2215.0
2215.0
2215.0
2215.0
2215.0
2215.0
2215.0
2215.0
2215.0
2215.0
2215.0
2215.0
2215.0
2215.1
2215.1
2215.1
2215.1
2215.2
2215.2
2215.2
2215.3
2215.3
2215.3
2215.3
2215.3
2215.4
2215.4
2215.4
2215.4
2215.5
2215.5
2215.6
2215.7
2215.7
2215.7
2215.7
2215.8
2219.5
2219.5
2219.5
2219.5
2219.6
2219.6
2219.6
2219.6
2219.6
2219.6
2219.6
2219.6
2219.6
2219.6
2219.6
2219.6
2219.6
2219.6
2219.6
2219.6
2219.6
2219.6
2219.6
2219.6
2219.6
2219.6
2219.6
2219.6
2219.6
2219.6
2219.6
2219.6
2219.6
2219.6
2219.6
2219.6
2219.6
2219.6
2219.6
2219.6
2219.6
2219.6
2219.6
2219.6
2219.6
2219.6
2219.6
2219.6
2219.6
2219.6
2219.6
2219.6
2219.7
2219.7
2219.7
2219.7
2219.7
2219.7
2219.7
2219.7
2219.7
2219.7
2219.7
2219.7
2219.7
2219.7
2219.7
2219.7
2219.8
2219.8
2219.8
2219.8
2219.9
2219.9
2219.9
2220.0
2220.1
2220.1
2220.2
2220.3
2220.3
2220.5
2220.6
2220.7
2220.9
2220.9
2220.9
2220.9
2221.3
2221.4
2221.4
2221.5
2221.8
2221.8
2222.2
2222.2
2222.2
2222.4
2222.4
2222.5
2223.2
2223.2
2223.3
2223.3
2223.3
2223.3
2223.3
2223.3
2223.3
2223.3
2223.4
2223.4
2223.4
2223.4
2223.4
2223.4
2223.4
2223.4
2223.4
2223.4
2223.4
2223.4
2223.5
2223.5
2223.5
2223.5
2223.5
2223.5
2223.5
2223.5
2223.5
2223.5
2223.5
2223.6
2223.6
2223.6
2223.6
2223.6
2223.6
2223.6
2223.6
2223.6
2223.6
2223.6
2223.6
2223.6
2223.6
2223.7
2223.7
2223.7
2223.7
2223.7
2223.8
2223.8
2223.8
2223.8
2223.8
2223.8
2223.9
2223.9
2223.9
2223.9
2223.9
2224.0
2224.0
2224.0
2224.1
2224.1
2224.1
2224.2
2224.2
2224.3
2224.3
2224.3
2224.4
2224.7
2224.7
2225.2
2225.2
2225.3
2225.3
2225.4
2225.5
2225.7
2226.1
2226.4
2226.5
2226.6
2227.1
2227.6
2227.9
2227.9
2228.1
2228.1
2228.1
2228.2
2228.4
2228.4
2228.4
2228.4
2228.5
2228.5
2228.5
2228.5
2228.6
2228.6
2228.6
2228.6
2228.7
2228.7
2228.7
2228.7
2228.7
2228.8
2228.8
2228.8
2228.8
2228.9
2228.9
2228.9
2228.9
2228.9
2228.9
2228.9
2228.9
2228.9
2229.0
2229.0
2229.0
2229.0
2229.0
2229.1
2229.1
2229.1
2229.1
2229.1
2229.2
2229.3
2229.3
2229.3
2229.4
2229.4
2229.4
2229.4
2229.4
2229.4
2229.5
2229.5
2229.5
2229.6
2229.6
2229.7
2229.7
2229.7
2229.8
2229.8
2229.9
2229.9
2229.9
2229.9
2230.0
2230.0
2230.2
2230.3
2230.5
2230.5
2230.6
2230.7
2231.0
2231.0
2231.1
2231.2
2231.2
2231.4
2231.5
2231.8
2231.9
2232.4
2232.5
2232.8
2232.8
2232.8
2233.1
2233.8
2234.3
2235.6
2236.3
2237.5
2238.0
2238.5
2238.8
2238.8
2238.9
2239.6
2239.7
2239.8
2239.9
2240.1
2240.3
2240.3
2240.3
2240.4
2240.7
2240.7
2240.8
2240.9
2241.0
2241.2
2241.2
2241.3
2241.7
2241.8
2242.0
2242.1
2242.4
2242.7
2242.8
2242.9
2243.0
2243.1
2243.2
2243.2
2243.2
2243.3
2243.4
2243.6
2243.6
2243.7
2243.7
2244.0
2244.0
2244.1
2244.1
2244.2
2244.5
2244.8
2245.1
2245.8
2246.0
2246.2
2246.2
2246.3
2246.5
2246.6
2246.9
2247.3
2248.0
2248.2
2248.8
2248.9
2249.0
2249.1
2249.2
2249.7
2250.6
2250.6
2251.9
2253.9
2266.3
2266.3
2266.4
2266.8
2266.9
2266.9
2267.0
2267.0
2267.0
2267.0
2267.0
2267.1
2267.2
2267.2
2267.2
2267.2
2267.2
2267.3
2267.3
2267.3
2267.3
2267.3
2267.3
2267.3
2267.3
2267.3
2267.3
2267.3
2267.3
2267.3
2267.3
2267.3
2267.3
2267.3
2267.3
2267.3
2267.3
2267.3
2267.3
2267.3
2267.3
2267.3
2267.3
2267.3
2267.3
2267.4
2267.4
2267.4
2267.4
2267.4
2267.4
2267.4
2267.4
2267.4
2267.4
2267.4
2267.4
2267.4
2267.4
2267.4
2267.4
2267.4
2267.4
2267.4
2267.4
2267.4
2267.4
2267.4
2267.5
2267.5
2267.5
2267.5
2267.5
2267.5
2267.5
2267.5
2267.5
2267.5
2267.5
2267.5
2267.5
2267.5
2267.5
2267.5
2267.6
2267.6
2267.7
2267.9
2267.9
2267.9
2268.0
2268.1
2268.1
2268.2
2268.2
2268.3
2268.3
2268.6
2268.7
2269.1
2272.8
2272.9
2273.2
2274.3
2274.5
2274.7
2274.8
2275.0
2275.2
2275.2
2275.3
2275.3
2275.4
2275.4
2275.5
2275.6
2275.6
2275.7
2275.7
2275.7
2275.8
2275.8
2275.9
2275.9
2275.9
2275.9
2275.9
2275.9
2275.9
2275.9
2276.0
2276.0
2276.0
2276.0
2276.0
2276.0
2276.0
2276.0
2276.0
2276.0
2276.1
2276.1
2276.1
2276.1
2276.2
2276.2
2276.2
2276.2
2276.2
2276.2
2276.2
2276.2
2276.3
2276.3
2276.4
2276.4
2276.4
2276.4
2276.4
2276.5
2276.7
2276.7
2276.7
2276.8
2276.8
2276.8
2276.8
2276.9
2276.9
2277.0
2277.0
2277.1
2277.1
2277.1
2277.1
2277.3
2277.3
2277.4
2277.4
2277.8
2278.1
2278.7
2279.1
2279.5
2279.6
2279.7
2280.8
2282.1
2282.9
2283.7
2285.6
2288.1
2289.7
2290.5
2291.8
2292.5
2306.6
2384.4
2384.4
2384.4
2384.4
2384.4
2384.4
2384.4
2384.4
2384.4
2384.4
2384.4
2384.4
2384.4
2384.4
2384.4
2384.4
2384.4
2384.4
2384.4
2384.4
2384.4
2384.4
2384.4
2384.4
2384.4
2384.4
2384.4
2384.4
2384.4
2384.4
2384.4
2384.4
2384.4
2384.4
2384.4
2384.4
2384.4
2384.4
2384.5
2384.5
2384.5
2384.5
2384.5
2384.5
2384.5
2384.5
2384.5
2384.5
2384.5
2384.5
2384.5
2384.5
2384.5
2384.5
2384.5
2384.5
2384.5
2384.5
2384.5
2384.5
2384.5
2384.5
2384.5
2384.5
2384.5
2384.5
2384.5
2384.6
2384.6
2384.6
2384.6
2384.6
2384.6
2384.6
2384.6
2384.7
2384.7
2384.8
2384.8
2384.8
2384.8
2384.8
2384.8
2384.9
2384.9
2384.9
2385.1
2385.2
2385.2
2385.5
2385.5
2385.6
2385.8
2385.8
2385.9
2386.1
2386.2
2386.2
2386.2
2386.3
2388.6
2388.6
2388.6
2388.6
2388.6
2388.6
2388.6
2388.6
2388.6
2388.6
2388.6
2388.6
2388.6
2388.6
2388.6
2388.6
2388.6
2388.6
2388.6
2388.6
2388.6
2388.6
2388.6
2388.6
2388.6
2388.6
2388.6
2388.6
2388.6
2388.6
2388.6
2388.6
2388.6
2388.6
2388.6
2388.6
2388.6
2388.6
2388.6
2388.6
2388.7
2388.7
2388.7
2388.7
2388.7
2388.7
2388.7
2388.7
2388.7
2388.7
2388.7
2388.7
2388.7
2388.7
2388.7
2388.7
2388.7
2388.7
2388.7
2388.7
2388.7
2388.7
2388.7
2388.7
2388.7
2388.7
2388.7
2388.7
2388.7
2388.7
2388.7
2388.7
2388.7
2389.0
2389.1
2389.1
2389.1
2389.1
2389.2
2389.2
2389.3
2389.4
2389.5
2389.5
2389.7
2389.7
2390.1
2390.1
2390.3
2390.7
2390.9
2391.1
2391.6
2391.8
2392.2
2392.3
2392.5
2392.5
2392.6
2392.6
2392.6
2392.6
2392.7
2392.7
2392.7
2392.7
2392.7
2392.7
2392.7
2392.7
2392.7
2392.7
2392.7
2392.7
2392.7
2392.7
2392.7
2392.7
2392.7
2392.7
2392.7
2392.7
2392.7
2392.7
2392.8
2392.8
2392.8
2392.8
2392.8
2392.8
2392.8
2392.8
2392.8
2392.8
2392.8
2392.8
2392.8
2392.8
2392.8
2392.8
2392.8
2392.9
2392.9
2392.9
2392.9
2392.9
2392.9
2392.9
2392.9
2392.9
2392.9
2392.9
2392.9
2392.9
2393.0
2393.0
2393.0
2393.0
2393.0
2393.0
2393.1
2393.1
2393.1
2393.1
2393.1
2393.1
2393.2
2393.2
2393.2
2393.2
2393.3
2393.3
2393.3
2393.4
2393.4
2393.7
2393.7
2393.8
2393.9
2393.9
2393.9
2394.0
2394.1
2394.1
2394.4
2394.7
2394.8
2395.2
2395.9
2395.9
2396.2
2396.5
2397.0
2397.0
2397.0
2397.1
2397.2
2397.2
2397.2
2397.2
2397.2
2397.2
2397.2
2397.3
2397.3
2397.3
2397.3
2397.3
2397.3
2397.3
2397.4
2397.4
2397.4
2397.4
2397.4
2397.4
2397.4
2397.4
2397.4
2397.5
2397.5
2397.5
2397.5
2397.5
2397.6
2397.6
2397.6
2397.6
2397.7
2397.7
2397.7
2397.7
2397.7
2397.7
2397.7
2397.8
2397.8
2397.8
2397.8
2397.9
2397.9
2397.9
2397.9
2397.9
2397.9
2397.9
2398.0
2398.0
2398.0
2398.1
2398.1
2398.1
2398.1
2398.2
2398.2
2398.2
2398.3
2398.3
2398.5
2398.5
2398.5
2398.6
2398.7
2398.7
2398.7
2398.8
2398.8
2398.8
2399.0
2399.1
2399.1
2399.1
2399.3
2399.4
2399.4
2399.8
2400.0
2400.1
2400.1
2400.1
2400.3
2400.4
2400.7
2400.8
2400.8
2401.7
2402.4
2403.1
2404.1
2404.3
2404.3
2404.3
2404.5
2404.9
2404.9
2405.0
2405.0
2405.0
2405.0
2405.0
2405.1
2405.1
2405.3
2405.4
2405.4
2405.5
2405.6
2405.7
2405.7
2405.7
2405.7
2405.7
2405.7
2405.8
2405.8
2405.9
2405.9
2406.0
2406.0
2406.1
2406.1
2406.3
2406.3
2406.4
2406.4
2406.5
2406.6
2406.6
2406.6
2406.6
2406.6
2406.7
2406.8
2406.8
2406.9
2407.0
2407.0
2407.1
2407.3
2407.3
2407.4
2407.5
2407.5
2407.6
2407.7
2407.8
2407.8
2407.9
2408.1
2408.5
2408.6
2408.7
2408.8
2408.8
2408.9
2409.4
2409.8
2410.0
2410.2
2410.3
2410.5
2410.9
2411.8
2412.4
2412.8
2413.3
2413.4
2414.7
2414.7
2414.7
2414.8
2414.9
2415.4
2415.4
2415.5
2415.8
2416.0
2420.4
2420.9
2422.1
2425.4
2436.4
2551.2
2551.2
2551.2
2551.2
2551.2
2551.2
2551.2
2551.3
2551.3
2551.3
2551.3
2551.3
2551.3
2551.3
2551.3
2551.3
2551.3
2551.3
2551.3
2551.3
2551.3
2551.3
2551.3
2551.3
2551.3
2551.3
2551.3
2551.3
2551.3
2551.3
2551.3
2551.3
2551.3
2551.3
2551.3
2551.3
2551.3
2551.3
2551.3
2551.3
2551.3
2551.3
2551.3
2551.3
2551.3
2551.3
2551.3
2551.3
2551.3
2551.3
2551.3
2551.3
2551.3
2551.3
2551.3
2551.3
2551.3
2551.3
2551.3
2551.3
2551.3
2551.3
2551.3
2551.3
2551.3
2551.3
2551.4
2551.4
2551.4
2551.4
2551.4
2551.4
2551.4
2551.4
2551.4
2551.4
2551.4
2551.4
2551.5
2551.5
2551.5
2551.6
2551.6
2551.6
2551.6
2551.6
2551.6
2551.7
2551.7
2551.8
2551.8
2551.8
2551.9
2551.9
2552.0
2552.0
2552.1
2552.1
2552.1
2552.1
2555.9
2555.9
2555.9
2555.9
2555.9
2555.9
2555.9
2555.9
2555.9
2555.9
2555.9
2555.9
2555.9
2555.9
2555.9
2555.9
2555.9
2555.9
2555.9
2555.9
2555.9
2555.9
2555.9
2555.9
2555.9
2555.9
2555.9
2555.9
2555.9
2555.9
2555.9
2555.9
2556.0
2556.0
2556.0
2556.0
2556.0
2556.0
2556.0
2556.0
2556.0
2556.0
2556.0
2556.0
2556.0
2556.0
2556.0
2556.0
2556.0
2556.0
2556.0
2556.0
2556.0
2556.0
2556.0
2556.0
2556.0
2556.0
2556.0
2556.0
2556.0
2556.0
2556.0
2556.0
2556.1
2556.1
2556.1
2556.1
2556.1
2556.1
2556.1
2556.1
2556.2
2556.2
2556.3
2556.3
2556.4
2556.4
2556.6
2556.6
2556.7
2556.8
2556.9
2557.0
2557.2
2557.2
2557.2
2557.2
2557.6
2557.7
2557.8
2557.8
2558.2
2558.2
2558.5
2558.6
2558.6
2558.7
2558.8
2558.9
2559.5
2559.6
2559.6
2559.6
2559.6
2559.6
2559.7
2559.7
2559.7
2559.7
2559.7
2559.7
2559.7
2559.7
2559.7
2559.7
2559.7
2559.7
2559.8
2559.8
2559.8
2559.8
2559.8
2559.8
2559.8
2559.8
2559.8
2559.8
2559.9
2559.9
2559.9
2559.9
2559.9
2559.9
2559.9
2559.9
2559.9
2559.9
2559.9
2559.9
2559.9
2559.9
2559.9
2560.0
2560.0
2560.0
2560.0
2560.0
2560.0
2560.0
2560.1
2560.1
2560.1
2560.1
2560.1
2560.1
2560.1
2560.2
2560.2
2560.2
2560.2
2560.2
2560.3
2560.3
2560.4
2560.4
2560.5
2560.5
2560.5
2560.6
2560.6
2560.6
2560.7
2560.7
2560.7
2561.0
2561.1
2561.5
2561.6
2561.6
2561.6
2561.8
2561.8
2562.0
2562.4
2562.7
2562.9
2563.0
2563.4
2564.0
2564.2
2564.3
2564.4
2564.4
2564.5
2564.6
2564.7
2564.7
2564.7
2564.8
2564.8
2564.8
2564.8
2564.9
2564.9
2564.9
2565.0
2565.0
2565.0
2565.0
2565.0
2565.0
2565.1
2565.1
2565.1
2565.1
2565.1
2565.2
2565.2
2565.2
2565.2
2565.2
2565.2
2565.3
2565.3
2565.3
2565.3
2565.3
2565.3
2565.3
2565.4
2565.4
2565.4
2565.5
2565.5
2565.5
2565.5
2565.6
2565.6
2565.6
2565.7
2565.7
2565.7
2565.7
2565.7
2565.8
2565.8
2565.8
2565.9
2565.9
2566.0
2566.0
2566.0
2566.1
2566.1
2566.1
2566.2
2566.2
2566.3
2566.3
2566.3
2566.3
2566.5
2566.7
2566.8
2566.8
2566.9
2566.9
2567.3
2567.3
2567.5
2567.5
2567.5
2567.6
2567.9
2568.0
2568.1
2568.8
2569.0
2569.2
2569.3
2569.3
2569.4
2570.1
2570.5
2572.2
2572.9
2573.8
2574.3
2574.5
2575.1
2575.1
2575.1
2576.0
2576.0
2576.0
2576.2
2576.4
2576.4
2576.6
2576.7
2576.7
2576.9
2577.1
2577.1
2577.1
2577.2
2577.3
2577.5
2577.8
2578.0
2578.1
2578.3
2578.3
2578.7
2579.0
2579.2
2579.2
2579.2
2579.3
2579.3
2579.5
2579.5
2579.6
2579.6
2579.6
2579.7
2579.9
2580.1
2580.2
2580.3
2580.3
2580.3
2580.4
2580.9
2581.2
2581.2
2581.4
2581.8
2582.0
2582.3
2582.5
2582.7
2582.9
2583.1
2583.2
2583.3
2583.4
2583.9
2584.1
2585.2
2585.2
2585.3
2585.7
2586.0
2586.4
2588.5
2589.9
2598.7
2601.6
2601.8
2603.6
2603.9
2603.9
2603.9
2604.0
2604.0
2604.0
2604.1
2604.1
2604.1
2604.2
2604.2
2604.2
2604.2
2604.2
2604.3
2604.3
2604.3
2604.3
2604.3
2604.3
2604.3
2604.3
2604.3
2604.3
2604.3
2604.3
2604.3
2604.3
2604.3
2604.3
2604.3
2604.3
2604.3
2604.3
2604.3
2604.3
2604.3
2604.3
2604.3
2604.4
2604.4
2604.4
2604.4
2604.4
2604.4
2604.4
2604.4
2604.4
2604.4
2604.4
2604.4
2604.4
2604.4
2604.4
2604.4
2604.4
2604.4
2604.4
2604.4
2604.4
2604.4
2604.4
2604.4
2604.4
2604.5
2604.5
2604.5
2604.5
2604.5
2604.5
2604.5
2604.5
2604.5
2604.5
2604.5
2604.5
2604.5
2604.5
2604.5
2604.6
2604.6
2604.7
2604.7
2604.8
2604.9
2604.9
2604.9
2605.0
2605.1
2605.1
2605.2
2605.3
2605.3
2605.3
2605.6
2605.7
2606.1
2606.6
2606.9
2610.8
2611.6
2611.6
2611.7
2611.9
2612.2
2612.3
2612.4
2612.4
2612.4
2612.4
2612.4
2612.6
2612.6
2612.7
2612.7
2612.7
2612.8
2612.8
2612.8
2612.9
2612.9
2612.9
2612.9
2612.9
2612.9
2612.9
2612.9
2613.0
2613.0
2613.0
2613.0
2613.0
2613.0
2613.0
2613.0
2613.1
2613.1
2613.1
2613.1
2613.2
2613.2
2613.2
2613.2
2613.2
2613.2
2613.2
2613.2
2613.2
2613.3
2613.3
2613.4
2613.4
2613.4
2613.5
2613.5
2613.5
2613.7
2613.7
2613.7
2613.8
2613.8
2613.8
2613.8
2613.9
2613.9
2614.0
2614.0
2614.1
2614.1
2614.1
2614.1
2614.3
2614.4
2614.4
2614.4
2614.6
2614.9
2615.1
2615.8
2616.3
2616.5
2616.7
2617.0
2618.1
2618.4
2618.7
2619.3
2619.9
2620.6
2622.6
2625.4
2627.6
2628.5
2628.7
2640.2
2720.6
2720.6
2720.6
2720.6
2720.6
2720.6
2720.6
2720.6
2720.6
2720.6
2720.6
2720.6
2720.6
2720.6
2720.6
2720.6
2720.6
2720.6
2720.6
2720.6
2720.6
2720.6
2720.6
2720.6
2720.6
2720.6
2720.6
2720.6
2720.6
2720.6
2720.6
2720.6
2720.6
2720.6
2720.6
2720.6
2720.6
2720.6
2720.6
2720.6
2720.6
2720.6
2720.6
2720.6
2720.6
2720.6
2720.6
2720.6
2720.6
2720.6
2720.6
2720.6
2720.6
2720.6
2720.6
2720.6
2720.7
2720.7
2720.7
2720.7
2720.7
2720.7
2720.7
2720.7
2720.7
2720.7
2720.7
2720.7
2720.7
2720.7
2720.8
2720.8
2720.8
2720.8
2720.8
2720.9
2720.9
2720.9
2721.0
2721.0
2721.0
2721.0
2721.0
2721.1
2721.1
2721.1
2721.3
2721.4
2721.4
2721.6
2721.6
2721.7
2721.9
2722.0
2722.0
2722.2
2722.3
2722.3
2722.3
2722.5
2724.8
2724.8
2724.8
2724.8
2724.9
2724.9
2724.9
2724.9
2724.9
2724.9
2724.9
2724.9
2724.9
2724.9
2724.9
2724.9
2724.9
2724.9
2724.9
2724.9
2724.9
2724.9
2724.9
2724.9
2724.9
2724.9
2724.9
2724.9
2724.9
2724.9
2724.9
2724.9
2724.9
2724.9
2724.9
2724.9
2724.9
2724.9
2724.9
2724.9
2724.9
2724.9
2724.9
2724.9
2724.9
2724.9
2724.9
2724.9
2724.9
2724.9
2724.9
2724.9
2724.9
2724.9
2724.9
2724.9
2724.9
2724.9
2724.9
2724.9
2724.9
2724.9
2724.9
2724.9
2724.9
2724.9
2724.9
2724.9
2724.9
2724.9
2725.0
2725.0
2725.0
2725.2
2725.2
2725.3
2725.3
2725.3
2725.4
2725.4
2725.5
2725.6
2725.6
2725.7
2725.9
2725.9
2726.1
2726.1
2726.4
2726.7
2726.8
2727.0
2727.5
2727.7
2728.2
2728.3
2728.4
2728.5
2728.5
2728.8
2728.9
2728.9
2728.9
2728.9
2728.9
2728.9
2728.9
2728.9
2728.9
2728.9
2728.9
2728.9
2729.0
2729.0
2729.0
2729.0
2729.0
2729.0
2729.0
2729.0
2729.0
2729.0
2729.0
2729.0
2729.0
2729.0
2729.0
2729.1
2729.1
2729.1
2729.1
2729.1
2729.1
2729.1
2729.1
2729.1
2729.1
2729.1
2729.1
2729.1
2729.1
2729.1
2729.1
2729.1
2729.1
2729.2
2729.2
2729.2
2729.2
2729.2
2729.2
2729.2
2729.2
2729.2
2729.3
2729.3
2729.3
2729.3
2729.3
2729.3
2729.3
2729.4
2729.4
2729.4
2729.4
2729.4
2729.5
2729.5
2729.5
2729.5
2729.6
2729.6
2729.6
2729.6
2729.6
2729.9
2729.9
2730.1
2730.1
2730.2
2730.2
2730.2
2730.3
2730.3
2730.6
2730.8
2730.9
2731.2
2731.8
2732.0
2732.1
2732.3
2733.3
2733.3
2733.3
2733.4
2733.5
2733.5
2733.5
2733.5
2733.5
2733.5
2733.5
2733.5
2733.6
2733.6
2733.6
2733.6
2733.6
2733.6
2733.6
2733.6
2733.7
2733.7
2733.7
2733.7
2733.7
2733.7
2733.7
2733.7
2733.7
2733.8
2733.8
2733.8
2733.8
2733.8
2733.9
2733.9
2733.9
2733.9
2734.0
2734.0
2734.0
2734.0
2734.0
2734.0
2734.0
2734.1
2734.1
2734.1
2734.2
2734.2
2734.2
2734.2
2734.3
2734.3
2734.3
2734.3
2734.3
2734.4
2734.4
2734.4
2734.4
2734.5
2734.5
2734.5
2734.5
2734.6
2734.6
2734.7
2734.8
2734.8
2734.8
2734.9
2734.9
2735.0
2735.0
2735.0
2735.1
2735.1
2735.3
2735.4
2735.6
2735.6
2735.6
2735.9
2736.0
2736.2
2736.3
2736.3
2736.4
2736.5
2736.5
2736.9
2737.0
2737.5
2738.4
2738.9
2739.9
2740.4
2740.6
2740.6
2740.7
2740.7
2741.0
2741.2
2741.3
2741.3
2741.3
2741.4
2741.4
2741.4
2741.4
2741.5
2741.7
2741.8
2741.8
2741.9
2741.9
2742.0
2742.1
2742.1
2742.1
2742.1
2742.2
2742.2
2742.2
2742.2
2742.4
2742.4
2742.5
2742.5
2742.6
2742.7
2742.8
2742.8
2742.9
2742.9
2742.9
2742.9
2743.0
2743.1
2743.1
2743.2
2743.2
2743.2
2743.4
2743.5
2743.5
2743.7
2743.8
2743.8
2743.9
2743.9
2744.1
2744.2
2744.3
2744.3
2744.5
2745.1
2745.1
2745.2
2745.2
2745.3
2745.4
2745.4
2746.0
2746.3
2746.3
2746.5
2746.6
2746.9
2747.0
2747.5
2748.1
2748.5
2748.7
2749.0
2749.2
2750.2
2750.6
2750.9
2751.0
2751.1
2751.2
2751.2
2751.8
2752.1
2754.0
2756.0
2756.7
2762.0
2777.6
2786.0
2887.5
2887.5
2887.5
2887.5
2887.5
2887.5
2887.5
2887.5
2887.5
2887.5
2887.5
2887.5
2887.5
2887.6
2887.6
2887.6
2887.6
2887.6
2887.6
2887.6
2887.6
2887.6
2887.6
2887.6
2887.6
2887.6
2887.6
2887.6
2887.6
2887.6
2887.6
2887.6
2887.6
2887.6
2887.6
2887.6
2887.6
2887.6
2887.6
2887.6
2887.6
2887.6
2887.6
2887.6
2887.6
2887.6
2887.6
2887.6
2887.6
2887.6
2887.6
2887.6
2887.6
2887.6
2887.6
2887.6
2887.6
2887.6
2887.6
2887.6
2887.6
2887.6
2887.6
2887.6
2887.6
2887.6
2887.7
2887.7
2887.7
2887.7
2887.7
2887.7
2887.7
2887.7
2887.7
2887.7
2887.7
2887.7
2887.8
2887.8
2887.8
2887.9
2887.9
2887.9
2887.9
2887.9
2888.0
2888.0
2888.1
2888.1
2888.1
2888.2
2888.2
2888.2
2888.3
2888.4
2888.4
2888.4
2888.5
2888.5
2892.2
2892.2
2892.2
2892.2
2892.2
2892.2
2892.2
2892.2
2892.2
2892.2
2892.2
2892.2
2892.2
2892.2
2892.2
2892.2
2892.2
2892.2
2892.3
2892.3
2892.3
2892.3
2892.3
2892.3
2892.3
2892.3
2892.3
2892.3
2892.3
2892.3
2892.3
2892.3
2892.3
2892.3
2892.3
2892.3
2892.3
2892.3
2892.3
2892.3
2892.3
2892.3
2892.3
2892.3
2892.3
2892.3
2892.3
2892.3
2892.3
2892.3
2892.3
2892.3
2892.3
2892.3
2892.3
2892.4
2892.4
2892.4
2892.4
2892.4
2892.4
2892.4
2892.4
2892.4
2892.4
2892.4
2892.4
2892.4
2892.4
2892.4
2892.5
2892.5
2892.5
2892.6
2892.6
2892.7
2892.8
2892.8
2892.9
2893.0
2893.0
2893.2
2893.3
2893.4
2893.6
2893.6
2893.6
2893.6
2894.1
2894.2
2894.2
2894.3
2894.6
2894.6
2895.0
2895.0
2895.1
2895.2
2895.3
2895.3
2895.8
2895.9
2895.9
2895.9
2895.9
2895.9
2895.9
2896.0
2896.0
2896.0
2896.0
2896.0
2896.0
2896.0
2896.0
2896.0
2896.0
2896.0
2896.0
2896.0
2896.1
2896.1
2896.1
2896.1
2896.1
2896.1
2896.1
2896.1
2896.2
2896.2
2896.2
2896.2
2896.2
2896.2
2896.2
2896.2
2896.2
2896.2
2896.2
2896.2
2896.2
2896.2
2896.2
2896.3
2896.3
2896.3
2896.3
2896.3
2896.3
2896.3
2896.4
2896.4
2896.4
2896.4
2896.4
2896.4
2896.4
2896.5
2896.5
2896.5
2896.5
2896.6
2896.6
2896.7
2896.7
2896.7
2896.8
2896.8
2896.8
2896.9
2896.9
2896.9
2897.0
2897.0
2897.0
2897.3
2897.4
2897.9
2897.9
2897.9
2897.9
2898.1
2898.2
2898.4
2898.8
2899.1
2899.2
2899.3
2899.8
2900.4
2900.5
2900.6
2900.6
2900.6
2900.7
2900.8
2900.9
2900.9
2900.9
2901.0
2901.0
2901.0
2901.0
2901.1
2901.1
2901.1
2901.2
2901.2
2901.2
2901.2
2901.2
2901.2
2901.3
2901.3
2901.3
2901.3
2901.3
2901.4
2901.4
2901.4
2901.4
2901.4
2901.4
2901.4
2901.5
2901.5
2901.5
2901.5
2901.6
2901.6
2901.6
2901.6
2901.6
2901.6
2901.6
2901.7
2901.8
2901.8
2901.8
2901.9
2901.9
2901.9
2901.9
2901.9
2901.9
2902.0
2902.0
2902.0
2902.0
2902.1
2902.2
2902.2
2902.2
2902.3
2902.3
2902.3
2902.4
2902.4
2902.4
2902.5
2902.5
2902.7
2902.7
2902.8
2903.0
2903.0
2903.1
2903.2
2903.4
2903.4
2903.6
2903.7
2903.9
2904.0
2904.1
2904.3
2904.3
2904.9
2905.3
2905.3
2905.4
2905.6
2905.7
2906.3
2906.5
2908.2
2909.0
2909.5
2910.5
2910.5
2910.6
2910.8
2910.8
2911.5
2911.5
2911.5
2911.6
2911.7
2911.8
2911.8
2911.9
2912.2
2912.2
2912.3
2912.5
2912.6
2912.6
2912.7
2912.7
2913.1
2913.1
2913.1
2913.3
2913.5
2913.9
2913.9
2914.2
2914.2
2914.3
2914.4
2914.5
2914.6
2914.7
2914.7
2914.7
2914.7
2914.7
2914.7
2914.8
2914.9
2914.9
2915.0
2915.0
2915.1
2915.1
2915.4
2915.7
2916.1
2916.2
2916.3
2916.4
2916.4
2916.6
2916.8
2916.8
2917.4
2917.7
2917.8
2918.0
2918.1
2918.3
2919.5
2919.7
2919.9
2920.4
2920.4
2920.4
2922.6
2923.7
2924.8
2925.9
2926.4
2926.6
2929.5
2932.1
2933.5
2937.6
2939.1
2939.5
2939.5
2939.6
2939.6
2939.7
2939.7
2939.8
2939.8
2939.8
2939.8
2939.8
2939.8
2939.9
2939.9
2939.9
2939.9
2939.9
2939.9
2939.9
2939.9
2939.9
2939.9
2939.9
2939.9
2939.9
2939.9
2939.9
2939.9
2939.9
2939.9
2939.9
2939.9
2939.9
2939.9
2939.9
2939.9
2939.9
2939.9
2939.9
2939.9
2939.9
2939.9
2939.9
2939.9
2940.0
2940.0
2940.0
2940.0
2940.0
2940.0
2940.0
2940.0
2940.0
2940.0
2940.0
2940.0
2940.0
2940.0
2940.0
2940.0
2940.0
2940.0
2940.0
2940.0
2940.0
2940.0
2940.0
2940.0
2940.0
2940.0
2940.0
2940.1
2940.1
2940.1
2940.1
2940.1
2940.1
2940.1
2940.2
2940.2
2940.2
2940.2
2940.3
2940.3
2940.3
2940.3
2940.4
2940.5
2940.5
2940.6
2940.7
2940.8
2940.8
2940.8
2940.9
2941.1
2941.3
2941.7
2943.0
2946.3
2946.8
2947.2
2947.8
2947.9
2948.0
2948.0
2948.0
2948.1
2948.1
2948.2
2948.2
2948.2
2948.2
2948.2
2948.3
2948.3
2948.4
2948.4
2948.4
2948.5
2948.5
2948.5
2948.5
2948.5
2948.5
2948.5
2948.5
2948.5
2948.5
2948.5
2948.6
2948.6
2948.6
2948.6
2948.7
2948.7
2948.7
2948.7
2948.7
2948.8
2948.8
2948.8
2948.8
2948.8
2948.8
2948.8
2948.9
2948.9
2948.9
2949.0
2949.0
2949.0
2949.0
2949.0
2949.1
2949.2
2949.2
2949.3
2949.3
2949.3
2949.3
2949.3
2949.4
2949.5
2949.5
2949.6
2949.6
2949.6
2949.6
2949.7
2949.7
2949.8
2949.8
2949.8
2949.9
2950.2
2950.4
2950.5
2950.6
2950.7
2951.2
2951.6
2951.8
2952.1
2952.9
2954.1
2954.7
2955.3
2957.9
2957.9
2957.9
2960.3
2962.0
2962.8
2963.9
2971.7
