7995
7769
7981
8008
8110
8223
7634
7979
8273
8387
7889
7960
8040
8054
8258
8486
7444
8140
8344
8364
8472
8535
7774
7913
7942
8120
8157
8209
8232
8415
8449
8484
8493
8511
8578
7845
7971
7975
8017
8074
8135
8165
8205
8250
8269
8360
8367
8372
8380
8399
8437
8522
8547
8550
7668
7903
8044
8050
8085
8111
8115
8147
8191
8234
8255
8259
8266
8267
8318
8350
8368
8397
8463
7452
7598
7671
7794
7878
8003
8099
8100
8102
8125
8144
8155
8161
8178
8187
8275
8276
8295
8414
8423
8433
8473
6866
7061
7117
7329
7402
7515
7541
7638
7731
7812
7827
7832
7841
7861
7968
7973
7980
7991
8046
8089
8098
8131
8174
8408
8482
8500
8501
8627
8639
8648
7170
7335
7732
7767
7811
7823
7856
7865
7877
7934
7937
7941
7967
8027
8179
8193
8201
8206
8248
8253
8263
8279
8297
8304
8323
8331
8334
8365
8366
8377
8400
8402
8427
8476
8490
8524
8630
5127
7020
7289
7431
7447
7508
7519
7523
7546
7653
7673
7684
7765
7908
7952
8024
8025
8034
8047
8076
8083
8091
8143
8145
8153
8156
8196
8215
8230
8249
8270
8285
8291
8369
8373
8382
8391
8403
8404
8421
8424
8480
8499
8505
8537
8604
8610
4688
5249
7036
7107
7238
7266
7577
7719
7724
7734
7838
7901
7921
7953
8020
8028
8053
8067
8093
8107
8113
8134
8164
8168
8169
8181
8216
8224
8233
8243
8245
8254
8265
8271
8272
8287
8289
8300
8314
8347
8355
8394
8412
8442
8447
8450
8481
8507
8531
8536
8582
5399
6894
6960
7324
7465
7559
7647
7660
7692
7702
7729
7768
7772
7863
7876
7886
7895
7906
7946
7959
7961
7963
7982
7997
8001
8016
8037
8073
8105
8122
8162
8173
8184
8189
8257
8261
8286
8288
8310
8317
8326
8327
8333
8338
8339
8371
8384
8393
8398
8406
8417
8420
8464
8475
8489
8561
8564
8591
5210
6676
6703
6984
7095
7242
7246
7273
7304
7529
7550
7646
7649
7718
7744
7754
7760
7789
7800
7834
7870
7880
7897
7898
7926
7964
7966
7976
8019
8049
8060
8061
8071
8078
8082
8133
8154
8163
8172
8183
8186
8188
8203
8204
8217
8235
8290
8296
8303
8306
8329
8357
8358
8363
8425
8430
8455
8516
8521
8546
8583
8585
8606
8617
8656
8835
4831
5014
5128
5662
6802
7195
7225
7306
7412
7488
7518
7592
7625
7641
7683
7706
7712
7795
7825
7846
7854
7917
7923
7927
7943
7994
7998
7999
8030
8109
8130
8138
8152
8170
8194
8226
8262
8277
8294
8298
8301
8302
8308
8309
8313
8316
8321
8390
8395
8396
8439
8446
8456
8487
8509
8517
8519
8523
8534
8584
8588
8621
4787
4965
5392
5554
6798
6804
7010
7015
7048
7172
7175
7256
7287
7288
7343
7427
7432
7439
7495
7525
7584
7623
7682
7695
7709
7725
7752
7785
7786
7826
7850
7891
7893
7896
7912
7930
7932
7940
8039
8057
8072
8127
8180
8190
8195
8198
8212
8218
8221
8241
8264
8299
8335
8348
8349
8353
8376
8381
8385
8407
8411
8441
8452
8457
8479
8496
8497
8532
8533
8549
8555
8565
8575
8595
8669
8685
8771
4631
4905
4966
5111
5143
5335
5393
5416
7054
7059
7085
7091
7113
7132
7135
7251
7275
7298
7358
7372
7434
7448
7487
7491
7511
7514
7552
7557
7563
7564
7569
7570
7578
7588
7599
7605
7608
7613
7631
7656
7680
7686
7759
7771
7781
7784
7791
7815
7818
7821
7837
7839
7867
7873
7875
7881
7882
7950
7951
7956
7969
8018
8112
8128
8129
8150
8185
8238
8247
8278
8328
8336
8343
8388
8392
8435
8478
8506
8525
8542
8551
8554
8580
8634
8652
8729
4521
4545
4853
4881
4886
5033
5046
5103
5245
5488
6609
6849
6887
6889
7011
7018
7047
7070
7187
7263
7347
7353
7381
7383
7387
7406
7408
7428
7441
7443
7458
7475
7490
7494
7496
7498
7500
7521
7547
7549
7551
7562
7583
7610
7622
7650
7663
7687
7700
7714
7726
7730
7746
7779
7797
7801
7813
7835
7852
7853
7884
7933
7945
7972
7996
8006
8026
8068
8077
8086
8096
8116
8118
8159
8166
8176
8192
8200
8213
8240
8320
8325
8351
8352
8361
8362
8370
8383
8431
8438
8443
8471
8477
8488
8491
8495
8503
8513
8538
8553
8567
8577
8579
8581
8607
8619
8620
8625
8641
8654
8677
8680
4355
4428
4862
4908
4921
4978
5011
5048
5165
5184
5207
5291
5360
5408
6818
6851
6881
6925
6943
7115
7123
7140
7199
7472
7528
7531
7548
7593
7601
7606
7611
7614
7633
7661
7672
7678
7691
7693
7705
7711
7716
7728
7748
7770
7777
7780
7783
7787
7805
7808
7819
7830
7900
7904
7948
7987
8009
8041
8043
8058
8065
8081
8139
8142
8158
8222
8260
8319
8322
8359
8389
8401
8422
8428
8429
8448
8460
8465
8466
8483
8492
8518
8543
8622
8638
8700
8733
8738
4485
4513
4550
4764
4849
5053
5156
5158
5223
5262
5308
5340
5382
5636
6535
6953
6964
6977
7118
7134
7245
7285
7368
7374
7416
7424
7450
7457
7463
7473
7502
7520
7524
7527
7530
7544
7624
7644
7664
7667
7676
7723
7737
7743
7749
7753
7761
7843
7869
7909
7938
8002
8005
8011
8029
8063
8069
8084
8087
8094
8101
8119
8136
8137
8149
8236
8242
8246
8274
8283
8292
8311
8315
8374
8440
8459
8469
8508
8515
8520
8566
8603
8611
8645
8660
8661
8666
8740
8750
4386
4581
4765
4795
4852
4983
4995
5038
5284
5390
5432
5461
5768
6539
6705
6753
6878
6918
6956
7017
7191
7216
7241
7265
7284
7327
7331
7338
7341
7369
7371
7376
7398
7430
7482
7484
7501
7505
7506
7581
7586
7594
7603
7627
7677
7710
7713
7720
7735
7755
7766
7778
7793
7822
7842
7888
7918
7920
7928
7986
8023
8033
8059
8062
8064
8070
8103
8197
8228
8239
8281
8307
8341
8346
8405
8445
8467
8502
8514
8544
8657
8658
8675
8683
8716
8744
4493
4598
4636
4815
4895
4898
4932
4961
5020
5022
5063
5104
5120
5239
5288
5320
5355
5365
5383
5701
5769
6351
6683
6880
6909
6933
6957
6985
6987
7090
7098
7155
7215
7231
7255
7268
7296
7316
7319
7340
7361
7380
7390
7393
7394
7396
7446
7464
7489
7553
7568
7572
7575
7589
7612
7635
7636
7652
7659
7670
7701
7717
7727
7751
7758
7762
7773
7790
7803
7816
7847
7862
7902
7922
7936
7949
8014
8031
8045
8052
8090
8097
8123
8151
8177
8207
8211
8220
8252
8413
8453
8512
8540
8558
8563
8593
8596
8601
8629
8644
8668
8703
8741
8760
4570
4656
4678
4734
4738
4754
4808
4877
4894
5098
5099
5193
5208
5225
5271
5337
5353
5364
5396
5419
5826
5859
6549
6692
6846
6917
6922
7013
7050
7051
7060
7069
7074
7124
7161
7168
7244
7248
7261
7269
7279
7309
7405
7407
7435
7442
7453
7455
7460
7478
7513
7539
7582
7596
7597
7616
7618
7632
7639
7640
7651
7665
7688
7824
7840
7905
7954
7958
7962
7977
7983
8012
8032
8035
8036
8121
8210
8229
8231
8251
8378
8379
8410
8526
8541
8571
8586
8594
8598
8624
8626
8631
8643
8711
8712
4393
4423
4465
4468
4539
4601
4605
4624
4665
4733
4846
4998
5041
5052
5055
5138
5167
5183
5224
5234
5256
5278
5325
5334
5339
5377
5420
5520
5553
5581
5612
5705
5836
6037
6553
6554
6571
6629
6702
6755
6767
6774
6822
6891
6920
6930
6961
6972
7033
7034
7058
7071
7097
7125
7143
7144
7174
7180
7194
7203
7239
7262
7305
7349
7375
7392
7414
7471
7477
7479
7535
7565
7566
7587
7630
7648
7658
7662
7697
7721
7817
7828
7829
7831
7848
7929
7935
7947
7974
7984
8007
8010
8038
8104
8108
8160
8324
8474
8494
8528
8589
8605
8608
8649
8663
8673
8682
8686
8702
8704
8730
8765
8806
4353
4384
4399
4505
4553
4588
4680
4702
4781
4821
4848
4926
4945
4949
4984
4993
5028
5045
5062
5089
5132
5150
5151
5187
5233
5258
5264
5266
5287
5298
5321
5351
5511
5529
5598
6298
6561
6664
6690
6736
6750
6751
6763
6787
6801
6837
6912
6935
6967
6992
6995
7120
7142
7177
7186
7220
7252
7300
7307
7320
7321
7342
7363
7389
7395
7397
7415
7449
7485
7486
7499
7503
7507
7537
7595
7617
7629
7708
7738
7756
7804
7810
7868
7871
7892
7924
7925
7970
7978
8048
8055
8092
8244
8284
8337
8345
8375
8416
8432
8470
8530
8576
8587
8616
8623
8640
8708
4176
4352
4402
4417
4483
4537
4568
4710
4727
4801
4817
4845
4900
4930
4934
4944
4980
5090
5141
5275
5306
5316
5372
5391
5394
5459
5493
5534
5551
5569
5584
5794
5946
6103
6725
6876
6893
6899
6916
6927
6942
6965
6974
6975
7022
7055
7121
7133
7153
7165
7218
7237
7240
7277
7291
7348
7370
7386
7403
7421
7522
7533
7540
7600
7628
7666
7669
7703
7796
7809
7859
7864
7879
7931
7957
7992
7993
8141
8219
8356
8451
8504
8529
8539
8545
8570
8646
8667
8672
8687
8694
8707
8719
8856
4235
4272
4341
4388
4412
4440
4453
4455
4494
4597
4607
4609
4629
4641
4651
4672
4749
4778
4779
4857
4859
4882
4906
4947
4958
4970
5009
5010
5025
5056
5082
5114
5130
5216
5246
5267
5295
5296
5302
5307
5345
5384
5407
5413
5415
5441
5483
5489
5504
5522
5538
5552
5698
5908
6143
6651
6656
6686
6714
6764
6782
6814
6890
6896
6904
6913
6970
7043
7068
7075
7299
7303
7314
7328
7332
7356
7423
7451
7462
7536
7558
7574
7602
7621
7655
7694
7741
7747
7757
7792
7798
7802
7860
7887
7914
7916
7944
8022
8202
8342
8354
8418
8454
8485
8560
8568
8572
8632
8653
8674
8678
8709
8762
4156
4219
4226
4261
4450
4518
4595
4713
4736
4800
4816
4825
4837
4864
4876
5015
5060
5068
5081
5085
5086
5093
5112
5182
5230
5356
5418
5421
5444
5506
5508
5559
5593
5711
5787
5792
6000
6086
6113
6488
6548
6720
6726
6867
6900
6939
6948
6971
6979
7032
7038
7076
7083
7145
7179
7183
7198
7209
7212
7249
7294
7295
7322
7440
7474
7517
7585
7607
7681
7696
7722
7764
7855
7857
7872
7907
7989
8013
8237
8332
8600
8615
8676
8688
8692
8696
8773
8784
8792
4372
4419
4420
4425
4549
4618
4628
4644
4659
4728
4743
4762
4928
5065
5109
5118
5166
5280
5283
5289
5318
5323
5465
5496
5547
5573
5606
5620
5626
5763
5773
5835
5847
5924
6189
6362
6568
6608
6618
6634
6642
6644
6701
6757
6783
6794
6796
6845
6883
6951
7049
7057
7093
7099
7100
7111
7122
7139
7141
7162
7169
7205
7213
7224
7267
7282
7292
7312
7317
7334
7354
7355
7391
7404
7413
7422
7497
7532
7579
7657
7704
7715
7820
7866
7874
7915
7985
7990
8015
8056
8088
8124
8214
8436
8559
8562
8599
8659
8693
8714
8739
8800
4290
4371
4376
4447
4461
4527
4534
4554
4566
4654
4693
4716
4737
4755
4768
4833
4841
4885
4903
4913
4914
4922
4957
4962
5018
5019
5110
5113
5140
5154
5175
5198
5209
5228
5242
5255
5290
5315
5370
5375
5424
5442
5455
5486
5542
5558
5560
5570
5718
5748
5830
5990
6011
6125
6182
6649
6673
6788
6810
6862
6879
6968
6969
6980
6981
6998
7002
7021
7037
7042
7046
7056
7106
7119
7154
7178
7188
7200
7230
7243
7270
7274
7302
7311
7318
7336
7351
7360
7399
7400
7401
7418
7426
7467
7493
7543
7554
7689
7883
7955
8148
8199
8569
8633
8720
8777
8786
8798
4262
4284
4334
4368
4397
4418
4430
4484
4536
4552
4567
4584
4587
4592
4613
4653
4662
4670
4671
4681
4706
4718
4742
4763
4776
4783
4810
4811
4818
4826
4834
4891
4923
4941
4950
4956
4971
4981
5005
5024
5043
5153
5160
5176
5177
5179
5195
5231
5254
5347
5348
5350
5363
5476
5482
5597
5600
5616
5645
5650
5663
5710
6081
6207
6297
6319
6392
6417
6505
6520
6587
6663
6669
6679
6695
6722
6744
6754
6797
6803
6806
6844
6897
6902
6945
6947
7012
7016
7025
7072
7108
7150
7181
7222
7235
7264
7283
7365
7516
7534
7590
7604
7698
7775
7788
7814
7890
7910
8167
8510
8548
8614
8642
8662
8695
8732
8742
8782
8797
8802
4131
4141
4178
4203
4207
4208
4306
4311
4319
4364
4407
4433
4442
4457
4492
4495
4526
4538
4555
4557
4564
4583
4585
4586
4657
4692
4804
4828
4830
4835
4842
4844
4851
4873
4916
4920
4937
4979
4988
4994
5012
5054
5059
5069
5080
5136
5155
5173
5178
5215
5250
5265
5276
5303
5304
5312
5332
5349
5366
5368
5374
5387
5423
5429
5474
5557
5574
5671
5684
5732
5737
5802
5838
5875
6028
6043
6069
6400
6514
6638
6654
6659
6677
6784
6808
6809
6843
6854
6869
6877
6885
6895
6898
6901
6976
6986
6989
7004
7026
7027
7030
7063
7130
7137
7151
7184
7192
7227
7229
7254
7272
7281
7286
7326
7362
7367
7378
7409
7411
7461
7492
7556
7609
7645
7739
7836
7911
8386
8458
8462
8592
8635
8650
8651
8681
8722
8763
8766
8772
8801
8807
4246
4260
4269
4281
4330
4337
4365
4394
4395
4502
4510
4543
4546
4548
4634
4650
4677
4699
4703
4724
4729
4730
4744
4752
4759
4761
4770
4774
4803
4827
4856
4870
4871
4899
4912
4924
4974
5016
5032
5035
5039
5064
5066
5072
5073
5121
5133
5168
5185
5214
5292
5313
5319
5329
5381
5385
5436
5500
5507
5528
5555
5562
5572
5605
5745
5917
6023
6051
6089
6135
6173
6388
6418
6471
6585
6633
6637
6650
6682
6697
6734
6768
6769
6841
6864
6908
7005
7007
7081
7114
7171
7176
7190
7196
7208
7226
7313
7315
7330
7345
7417
7437
7445
7459
7571
7576
7763
7807
7885
8080
8573
8574
8613
8701
8723
8735
8749
8770
4104
4111
4149
4266
4303
4357
4385
4449
4478
4498
4514
4524
4535
4551
4556
4603
4604
4611
4622
4626
4630
4639
4685
4750
4771
4794
4819
4822
4855
4866
4897
4904
4910
4968
4972
4982
5003
5057
5058
5071
5077
5079
5097
5159
5161
5191
5211
5218
5251
5310
5342
5446
5484
5536
5545
5568
5575
5623
5627
5632
5665
5688
5699
5719
5758
5781
5927
6116
6370
6403
6484
6511
6545
6711
6718
6747
6819
6826
6852
6868
6911
6929
6950
6962
6982
6990
7006
7066
7073
7080
7109
7156
7182
7234
7339
7366
7385
7504
7526
7580
7685
7833
7844
7939
8021
8075
8628
8670
8679
8710
8717
8736
8794
8809
8842
8858
4095
4206
4227
4255
4304
4416
4421
4454
4506
4569
4572
4600
4602
4619
4643
4660
4714
4757
4782
4793
4807
4824
4836
4927
4935
4942
5002
5006
5034
5050
5129
5134
5139
5147
5170
5171
5197
5217
5227
5268
5314
5317
5328
5357
5371
5403
5435
5468
5485
5532
5580
5583
5629
5638
5646
5652
5660
5677
5815
5839
6026
6447
6507
6529
6544
6559
6591
6594
6614
6641
6661
6708
6730
6761
6790
6791
6840
6857
6863
6944
6966
6994
7062
7129
7147
7167
7197
7223
7260
7290
7310
7350
7480
7509
7858
8051
8590
8636
8689
8715
8726
8747
8748
8752
8780
8796
8860
4063
4098
4171
4224
4228
4252
4275
4294
4314
4315
4335
4374
4411
4487
4509
4517
4530
4533
4542
4544
4616
4633
4635
4637
4645
4663
4669
4676
4721
4725
4726
4751
4790
4823
4872
4884
4888
4911
4917
4933
4955
4989
4992
4996
5027
5049
5083
5095
5105
5106
5126
5157
5201
5272
5277
5286
5299
5439
5479
5490
5498
5510
5592
5667
5685
5696
5730
5749
5796
5798
5930
6213
6231
6472
6496
6499
6533
6605
6628
6636
6648
6713
6727
6760
6777
6799
6813
6827
6858
6871
6872
6914
6923
6928
6993
6996
7001
7008
7045
7053
7089
7094
7105
7159
7185
7512
7542
8751
8787
8823
8839
3951
4072
4109
4135
4168
4240
4279
4321
4339
4377
4403
4406
4409
4445
4469
4490
4540
4558
4565
4620
4675
4739
4863
4893
4896
4907
5017
5036
5047
5092
5102
5107
5115
5164
5196
5202
5203
5204
5212
5279
5294
5341
5405
5417
5448
5450
5458
5473
5526
5582
5609
5621
5640
5670
5704
5729
5753
5829
5871
5963
6428
6429
6537
6560
6604
6627
6689
6715
6724
6728
6748
6815
6825
6836
6892
6905
6949
7000
7067
7149
7173
7214
7219
7379
7410
7470
7699
8000
8095
8444
8698
8705
8713
8775
8776
8838
3978
4042
4053
4158
4201
4220
4230
4231
4247
4270
4313
4369
4373
4379
4383
4392
4396
4448
4486
4508
4589
4674
4686
4687
4695
4723
4847
4865
4880
4887
4919
4939
4973
4987
5013
5037
5084
5094
5096
5174
5189
5190
5200
5220
5237
5269
5274
5285
5309
5411
5454
5466
5475
5491
5509
5577
5591
5617
5658
5681
5751
5806
5866
5885
5905
5996
6010
6062
6197
6209
6261
6313
6340
6444
6476
6536
6575
6582
6592
6646
6658
6765
6834
6847
6946
6955
7039
7078
7103
7126
7193
7364
7420
7481
7619
7675
7806
8671
8718
8759
8859
8866
3943
3998
4039
4180
4185
4187
4229
4282
4297
4300
4324
4325
4333
4405
4414
4415
4435
4456
4467
4504
4519
4520
4559
4640
4683
4798
4820
4854
4879
4892
4940
4943
4960
4969
4986
4991
4997
4999
5026
5075
5087
5101
5293
5338
5361
5373
5378
5426
5433
5443
5457
5464
5519
5563
5603
5622
5655
5724
5734
5876
5890
5907
5945
6142
6212
6306
6393
6422
6427
6515
6518
6543
6583
6626
6709
6749
6779
6793
6807
6831
6963
6988
6999
7023
7065
7082
7088
7101
7138
7166
7204
7217
7233
7259
7271
7301
7323
7468
7483
7988
8746
8778
8783
8804
8814
8850
8851
8857
8863
8871
8872
3956
3997
4003
4085
4086
4088
4128
4173
4179
4181
4184
4204
4217
4242
4277
4295
4307
4310
4332
4342
4359
4360
4363
4410
4439
4471
4531
4571
4614
4667
4719
4731
4746
4791
4840
4883
4889
4890
4925
4938
5008
5021
5031
5100
5142
5148
5222
5352
5386
5414
5422
5467
5530
5561
5567
5585
5613
5625
5649
5666
5744
5780
5814
5962
6003
6027
6052
6156
6160
6188
6334
6352
6383
6405
6446
6461
6517
6530
6580
6589
6610
6625
6645
6668
6672
6704
6773
6780
6823
6830
6919
7031
7087
7102
7346
7373
7573
8066
8728
8743
8745
8753
8788
8834
8845
4052
4159
4256
4285
4296
4391
4470
4516
4562
4593
4621
4625
4707
4741
4805
4869
4936
4948
4951
4977
5074
5108
5124
5199
5219
5240
5244
5259
5261
5343
5395
5402
5453
5463
5540
5556
5578
5630
5634
5644
5692
5693
5714
5804
5848
5849
5868
5891
5979
6093
6106
6171
6406
6433
6452
6460
6470
6492
6556
6632
6717
6731
6740
6752
6756
6771
6786
6906
6959
7079
7128
7131
7433
7637
7736
8618
8690
8790
8819
8830
8870
3886
4062
4107
4140
4198
4238
4346
4424
4431
4432
4437
4446
4501
4522
4596
4704
4705
4735
4775
4777
4780
4784
4809
4843
4867
4909
4964
5001
5051
5061
5070
5117
5213
5232
5238
5359
5379
5406
5440
5447
5608
5610
5614
5631
5639
5689
5731
5774
5776
5785
5811
5892
5902
5919
6121
6364
6431
6456
6503
6599
6623
6653
6685
6693
6739
6848
6907
6938
7344
7419
8042
8637
8721
8731
8754
8761
8781
8812
8844
8853
8878
4216
4258
4318
4327
4351
4354
4356
4387
4458
4463
4476
4477
4482
4547
4573
4576
4579
4594
4599
4623
4648
4711
4814
4874
4915
4990
5007
5091
5131
5172
5297
5301
5330
5367
5369
5400
5449
5602
5642
5687
5756
5757
5797
5842
5852
5857
5861
5906
5934
5969
5982
6080
6084
6123
6159
6222
6246
6332
6342
6374
6409
6457
6482
6510
6616
6621
6643
6696
6699
6812
6856
6870
6875
6932
6941
6978
7127
7163
7337
7436
7851
8684
8699
8793
8803
8837
4112
4138
4161
4163
4165
4225
4239
4245
4283
4317
4336
4347
4444
4472
4541
4575
4578
4606
4661
4666
4679
4712
4758
4802
4901
4918
4959
5078
5180
5243
5331
5404
5451
5472
5487
5495
5521
5546
5565
5566
5590
5599
5690
5697
5743
5770
5834
5879
6016
6025
6095
6260
6328
6330
6333
6459
6487
6498
6525
6563
6597
6635
6640
6758
6817
6861
6910
6983
7146
7207
7210
7333
7425
7466
7567
8655
8664
8805
8810
8824
8831
8841
8847
8895
8900
4048
4084
4114
4148
4160
4183
4234
4267
4288
4345
4413
4441
4464
4481
4496
4577
4591
4632
4756
4760
4772
4832
4839
4858
4952
4975
5004
5116
5135
5145
5186
5188
5252
5354
5505
5541
5596
5637
5791
5801
5821
5970
5983
6005
6075
6146
6200
6225
6293
6320
6449
6516
6557
6598
6612
6624
6674
6678
6688
6700
6792
6853
6886
6940
6954
6958
7024
7211
8779
8828
8854
8910
3955
4019
4134
4145
4151
4211
4301
4350
4366
4528
4627
4638
4652
4664
4709
4786
4796
5152
5257
5273
5282
5336
5362
5389
5398
5430
5456
5477
5492
5516
5683
5715
5717
5808
5833
5845
5911
5958
6120
6186
6249
6341
6477
6547
6573
6588
6600
6601
6602
6652
6657
6660
6666
6667
6680
6759
6770
6800
6829
6835
7009
7029
7438
7674
7899
8774
8791
8829
8864
8874
3925
3996
4070
4099
4101
4108
4110
4241
4289
4422
4427
4436
4438
4443
4499
4511
4525
4647
4673
4797
4813
4860
4929
5076
5123
5235
5358
5480
5535
5550
5618
5641
5669
5673
5782
5822
5872
6115
6127
6168
6175
6177
6241
6242
6282
6296
6324
6335
6412
6437
6504
6523
6562
6593
6596
6639
6691
6712
6716
6785
6874
6952
7003
7035
8755
8767
8769
8795
8820
8826
8832
3941
3960
3970
3986
4030
4038
4121
4186
4188
4191
4202
4210
4257
4308
4320
4322
4328
4378
4426
4561
4574
4608
4649
4694
4696
4708
4732
4788
4799
4850
5042
5181
5229
5236
5241
5380
5388
5514
5594
5659
5672
5764
5784
5809
5823
5850
5912
5985
6007
6034
6118
6181
6185
6294
6375
6402
6419
6473
6524
6617
6662
6743
6850
7357
7382
8822
8825
8929
3883
4071
4144
4166
4200
4273
4280
4389
4398
4497
4507
4529
4563
4684
4715
4769
4773
4789
4861
5040
5067
5144
5205
5376
5428
5434
5478
5624
5651
5686
5735
5790
5793
5807
5818
5820
5846
5853
5886
5888
5893
5932
5949
6107
6109
6110
6145
6233
6288
6347
6377
6379
6411
6425
6453
6467
6531
6540
6541
6578
6671
6694
6721
6735
6775
6824
6873
6882
7092
7096
7136
7189
8789
8816
8909
3947
4017
4043
4147
4931
4954
5029
5194
5481
5513
5515
5586
5643
5713
5722
5739
5817
5844
5860
5926
5955
5959
5984
5999
6001
6046
6059
6119
6147
6266
6307
6397
6421
6438
6463
6506
6512
6519
6558
6595
6613
6732
6855
6859
7084
8817
3946
4026
4036
4073
4077
4100
4105
4119
4137
4162
4197
4213
4274
4349
4367
4748
4792
5226
5248
5253
5281
5401
5499
5512
5523
5720
5723
5816
5841
5900
5910
5995
6039
6060
6126
6144
6198
6214
6230
6280
6305
6325
6326
6357
6365
6407
6441
6474
6485
6497
6513
6546
6552
6681
6707
6719
6741
6921
6936
6997
7352
8706
8868
3965
4015
4023
4034
4050
4054
4056
4081
4091
4132
4192
4196
4205
4214
4276
4287
4291
4475
4812
4946
4963
5000
5192
5270
5305
5494
5657
5676
5678
5742
5760
5771
5916
5922
5929
6022
6029
6035
6049
6067
6102
6117
6136
6199
6234
6308
6336
6395
6399
6413
6494
6805
6820
8911
8912
3887
3916
3934
3961
3979
4011
4126
4175
4189
4209
4248
4251
4299
4358
4429
4590
4976
5119
5462
5524
5579
5589
5604
5736
5765
5779
5855
5981
6091
6153
6158
6187
6193
6203
6217
6228
6251
6312
6468
6564
6706
6742
6937
7028
8846
8941
3977
4079
4172
4237
4312
4343
4400
4401
4434
4503
4515
4658
4717
4868
4967
5137
5311
5425
5431
5653
5674
5703
5709
5725
5877
5899
5923
5952
5974
5978
6002
6040
6068
6092
6099
6151
6180
6218
6274
6276
6315
6349
6480
6481
6493
6567
6611
6684
6915
7052
7110
8737
8862
8869
8885
4064
4065
4116
4123
4133
4264
4316
4532
4582
4610
4740
4875
5122
5206
5324
5327
5412
5438
5502
5527
5549
5576
5661
5707
5716
5755
5789
5825
5854
5921
5940
5976
6012
6038
6139
6152
6154
6238
6295
6356
6436
6439
6440
6501
6532
6687
6833
8811
8833
8852
8873
8876
3999
4020
4031
4129
4305
4344
4380
4381
5344
5452
5571
5633
5702
5741
5747
5766
5775
5799
5832
5874
5880
5920
5931
5966
5991
5998
6032
6050
6076
6090
6129
6137
6162
6194
6210
6254
6309
6337
6338
6423
6509
6526
6574
6622
6647
6723
6821
8821
8879
8884
3828
3982
4089
4115
4142
4682
4690
4722
5427
5469
5471
5518
5647
5664
5700
5777
5925
5944
6045
6048
6088
6097
6133
6161
6202
6240
6262
6299
6454
6565
6581
6615
6631
6776
6865
8915
8958
3836
3849
3967
4007
4021
4049
4083
4092
4167
4193
4236
4254
4323
4338
4370
4474
4491
4698
4747
4767
5346
5588
5750
5761
5786
5788
5887
5947
5988
6009
6072
6140
6169
6215
6219
6270
6285
6376
6455
6579
6670
6811
7476
8827
8865
8875
8890
8901
8926
8927
3792
3980
3988
4061
4074
4087
4146
4155
4157
4215
4263
4375
4612
4745
5326
5628
5675
5679
5767
5828
5851
5937
5943
5967
6024
6042
6065
6078
6141
6149
6227
6229
6271
6291
6339
6358
6373
6378
6424
6458
6550
6577
6586
7308
8799
8877
8886
3880
3900
3984
4169
4233
4462
5525
5695
5738
5894
5898
5928
5941
5989
6057
6128
6248
6267
6327
6345
6369
6394
6426
6435
6442
6469
6527
6551
6572
6584
6838
8785
8813
8883
3877
3939
3945
3993
4006
4067
4090
4103
4117
4125
4278
4340
4512
4615
4668
5163
5712
5840
5918
5956
5961
5975
6066
6237
6268
6479
6655
6675
7206
7280
8848
8855
8867
8894
8914
3906
3966
4004
4025
4096
4150
4218
4249
4268
4286
4580
4697
5260
5497
5863
5865
5914
5957
6085
6176
6183
6211
6281
6303
6304
6310
6462
6491
6570
6884
8945
8948
3903
4069
4250
4298
4362
5615
5772
5837
5883
5895
5935
5942
6077
6096
6232
6289
6355
6359
6502
6778
3915
4024
4029
4035
4040
4058
4076
4152
4177
4199
4221
4331
5727
5740
5746
6017
6104
6130
6196
6224
6389
8840
8891
8904
8923
8930
8933
8938
3709
3852
3890
3911
3931
3962
3963
3964
3994
4009
4045
4113
4174
4232
4309
4348
4466
5322
5654
5810
5856
6031
6056
6157
6164
6174
6353
8905
8952
4022
5694
5819
5824
5869
5873
5909
5933
6020
6033
6070
6094
6122
6192
6195
6216
6247
6253
6277
6292
6321
6398
6410
6465
6733
8889
8897
8899
3823
3856
3905
3981
3983
3985
4005
4027
4066
4068
4139
4655
4689
5915
6311
6483
8907
8918
8934
3913
3940
3944
4028
4033
4130
4154
4195
4329
4489
4617
5088
5648
5805
5867
5882
5904
6058
6074
6082
6098
6108
6221
6235
6245
6279
6286
6331
6348
6382
6408
6434
3918
3936
4785
5611
5858
5897
5948
5973
6064
6204
6223
6316
6360
6371
6528
8896
8898
8922
3820
3834
3844
3878
3912
3921
3990
3991
4223
4259
6021
6114
6486
8892
8917
3734
5595
5635
5680
5878
5903
5964
5997
6061
6071
6155
6206
6284
6385
6569
8882
3710
3776
3813
3885
3909
3953
4046
4170
4451
4829
5971
6301
6415
8836
8849
8888
8908
8920
9026
3824
3841
3928
3987
4302
5470
5668
5754
5800
6138
6179
6208
6275
6343
6350
6387
6404
6542
6576
3788
3879
4044
4093
4094
4143
4212
4265
5044
6053
6172
8968
8976
3861
4244
5501
5762
5960
6015
6111
6163
6166
6170
6178
6263
6302
6322
6366
6368
6450
6489
6521
6590
3874
3958
4014
4057
4194
8928
3933
4041
5972
6044
6201
6414
6495
3837
3867
3870
3895
8940
8974
8994
9032
3871
4106
5965
6041
6101
6132
6190
6258
6346
6380
6606
6729
9015
1706
1729
3888
3942
4018
6287
6354
3703
3919
5619
5938
6004
6100
6112
6264
6265
6269
6464
6603
3793
3805
3807
3827
3831
3866
3891
3969
3976
4037
4097
4102
8964
8982
8988
3796
5870
5939
6205
6259
6361
6396
6445
6555
8946
8953
3769
3790
3884
3972
3992
4010
5987
6030
6054
8906
8966
1951
3959
5708
6167
6300
6329
6508
8931
8960
3736
3791
3833
3840
3901
3952
4122
4124
5543
5726
5889
5954
5986
6083
6283
6420
6448
8903
3752
3808
5936
6191
6252
6278
6318
6323
6416
6772
3798
3803
3822
3899
3973
4001
6272
8949
9011
2809
3779
6008
9023
3950
6256
6290
9004
2183
3830
3858
3907
3929
3975
4078
4118
4190
8939
8943
8970
1595
5862
5884
5980
6381
6401
6478
3673
3795
3938
4000
4002
4055
4059
8967
3714
3860
8936
8937
1686
1766
3893
3904
3927
3989
6165
8990
3372
3611
3706
3775
3802
3817
3920
3930
8956
1741
6430
3616
3774
3896
3898
3954
4182
6273
6367
3532
3826
3926
8902
8935
8947
1869
1988
4060
6344
3660
3741
3742
3818
3897
3932
3974
3995
4012
4013
8913
8955
8993
1709
3778
3847
9005
2010
5977
3722
3832
3835
3868
3892
3957
5706
5881
1800
3755
3770
3782
3850
3949
8973
1669
1933
1953
1994
1910
6239
3821
3968
4047
6184
3649
3695
3733
3789
8959
8975
8984
9006
8971
1583
6013
6131
3603
3605
3658
3707
3756
3758
3783
3843
3863
6124
8944
2122
1893
2130
6317
6250
6255
3708
3819
3859
3914
8954
3500
3647
3690
3854
8916
8992
1600
2156
3145
3622
3668
3761
3772
8961
8985
1701
2249
6014
3842
5843
3527
3688
3718
3759
3777
3797
3806
8942
8957
9009
3554
3659
3872
3889
8951
1665
1884
2202
2349
3780
3809
6047
3667
3744
3801
3810
3829
3853
3908
3922
8921
8983
9012
9018
3284
3712
1563
1981
1992
6226
3702
9019
3715
3716
3881
8950
8972
9036
1855
2223
3572
3588
3771
1590
1775
1832
1927
3337
1757
3683
3729
3754
3811
3910
3642
3701
3846
3876
8980
9002
9003
2233
3376
3524
1827
2039
1626
1786
2069
3675
4080
3560
3696
3743
3845
3864
8986
1851
3514
3657
3747
3785
3189
3501
1654
1763
1768
2841
1732
1738
1891
1943
3713
3784
3814
9062
3553
3580
3804
3812
5950
9016
9020
9045
3149
3341
3594
3597
3567
9022
1672
1868
1896
2128
2453
1899
2178
2225
3857
2003
2123
1531
3848
3737
8893
8987
9060
3749
3241
3540
3652
3687
9000
1785
1878
2142
3094
1622
1739
3245
1787
1841
1984
6443
5951
5968
3750
3923
3626
3679
3894
3585
3816
3486
3739
2961
3630
8962
9059
3573
2798
3482
2795
3107
1779
1838
2255
3180
1650
2240
2009
2105
1798
2088
3689
3873
3471
8969
3632
3303
3475
8977
8924
