509
840
542
768
822
750
899
832
761
764
890
419
452
797
477
494
559
708
537
755
763
483
492
536
593
729
829
871
914
463
689
728
507
568
615
794
796
807
825
869
482
500
558
717
736
788
420
487
493
695
737
801
811
158
416
470
481
519
733
747
805
819
826
841
843
849
468
474
740
837
882
441
459
667
696
777
793
800
808
835
909
918
184
436
469
514
529
710
782
795
804
813
440
548
605
749
762
791
831
180
398
454
455
513
570
682
724
746
756
828
387
400
497
498
561
567
622
644
670
718
780
792
193
527
541
547
552
657
704
760
802
872
904
102
496
510
515
521
551
625
722
723
776
785
867
879
924
177
384
476
516
539
556
574
582
642
652
672
684
739
818
845
893
210
326
345
408
414
518
589
646
668
692
701
713
743
781
839
876
135
240
277
467
502
517
524
562
564
565
654
665
679
846
850
898
372
389
397
428
705
707
709
753
765
774
798
816
838
848
851
863
913
152
207
223
407
427
449
461
462
525
528
540
554
645
660
676
742
752
758
766
778
786
789
817
856
862
110
127
139
351
409
460
475
486
533
566
583
673
693
751
783
812
814
820
821
827
881
903
905
942
181
205
392
415
426
451
484
488
530
534
555
687
748
769
833
842
853
854
859
860
861
103
131
150
255
339
394
444
456
466
478
480
491
511
512
520
595
725
741
754
772
790
880
106
186
204
279
330
346
359
422
423
448
453
550
557
572
577
604
651
690
787
844
855
912
916
921
126
189
335
376
446
447
465
726
757
771
779
883
183
198
304
361
373
385
421
431
442
443
495
499
584
587
590
606
616
711
720
731
847
884
896
197
254
300
603
624
640
656
697
730
734
744
897
93
100
140
156
160
161
192
217
244
425
506
714
806
857
873
85
111
119
142
146
190
418
503
549
576
633
663
735
799
888
908
940
165
363
417
432
434
535
538
599
600
629
638
661
703
877
927
935
118
149
155
175
235
321
368
393
399
569
626
686
727
738
773
173
200
208
272
490
523
575
612
643
659
685
866
919
922
939
950
134
138
148
157
357
485
522
675
688
700
721
767
809
852
907
917
920
107
108
117
141
153
220
226
250
261
269
283
303
365
380
489
620
669
775
906
926
95
113
137
147
179
185
233
383
404
430
472
501
543
608
611
715
759
133
136
364
375
395
619
649
655
834
889
901
910
101
285
403
405
464
614
678
716
770
836
892
83
88
90
145
151
172
195
262
293
362
374
553
588
706
865
213
242
246
350
354
377
439
445
450
479
526
630
671
732
878
931
154
178
219
234
236
252
282
322
369
382
406
411
433
457
694
719
933
941
112
144
424
473
585
637
639
677
745
887
911
915
188
275
337
340
381
505
580
601
810
858
121
166
241
311
355
647
702
923
169
176
187
287
532
594
623
662
712
143
214
229
253
336
338
586
803
170
182
201
231
621
664
666
824
96
123
227
230
274
327
367
386
429
546
578
874
80
104
120
206
243
247
305
334
370
607
627
870
94
163
174
410
618
691
868
215
237
343
390
401
98
99
228
333
356
571
598
699
830
60
129
256
291
309
312
329
353
396
581
681
929
59
87
130
194
258
306
325
435
437
508
68
79
168
211
267
328
402
545
592
885
944
232
249
265
313
471
658
680
683
900
224
278
281
591
65
162
199
352
634
636
196
260
316
371
925
936
91
202
221
239
270
280
284
307
348
360
902
124
225
251
259
268
273
349
602
128
314
573
613
648
674
73
82
958
105
115
257
319
956
74
288
318
438
531
596
698
895
54
212
366
391
609
650
875
92
114
266
378
631
203
271
560
89
563
891
63
953
97
109
222
302
310
317
320
218
238
289
323
122
248
308
315
628
72
159
209
276
294
949
86
164
324
342
344
617
641
886
943
959
264
297
934
64
76
132
296
66
70
125
263
301
458
635
61
632
951
332
932
81
952
62
298
412
544
928
948
51
67
331
191
45
610
579
815
71
290
945
823
504
971
77
84
388
295
53
52
982
48
116
292
58
938
960
954
75
963
967
46
937
56
961
40
966
975
413
968
50
894
965
964
37
969
167
31
978
69
33
42
27
38
44
962
972
21
20
832
542
615
477
507
509
330
351
416
492
500
537
593
840
890
326
385
414
420
689
729
452
476
519
568
570
625
793
825
419
498
551
558
559
567
590
761
763
321
345
368
384
398
400
463
494
644
750
822
829
871
158
387
468
539
547
642
695
710
747
749
755
805
432
454
466
499
525
556
589
605
622
737
768
788
794
795
826
373
397
418
423
426
444
449
474
491
493
497
510
552
583
608
667
684
725
733
736
811
812
867
872
175
408
417
441
443
562
645
692
708
717
728
762
772
813
837
848
849
882
899
255
319
350
362
366
372
436
440
480
482
524
538
633
740
783
797
800
802
841
869
881
909
339
346
404
407
427
434
442
455
469
478
484
487
513
529
550
555
603
612
654
668
709
743
746
752
758
764
801
808
851
883
180
181
207
277
285
375
435
459
461
462
467
470
530
533
554
651
756
790
792
816
828
846
918
210
272
281
304
365
403
410
415
421
431
445
483
501
517
521
561
565
574
577
587
646
657
711
722
765
782
786
791
804
807
818
821
836
844
850
856
857
861
884
914
146
184
247
279
364
371
391
393
451
481
490
502
514
515
545
572
604
670
687
693
696
713
730
739
748
819
831
838
842
843
898
903
933
102
110
139
150
177
226
252
327
374
381
388
422
447
464
465
495
496
503
506
516
527
534
549
606
704
707
766
774
777
916
924
173
185
193
244
300
303
349
360
405
409
428
485
486
518
535
576
601
627
663
665
676
724
726
775
780
796
820
833
839
875
880
133
142
156
197
205
242
269
329
333
338
395
446
448
453
456
472
488
512
536
569
582
591
595
614
641
655
672
679
686
718
734
741
742
753
760
773
799
814
870
877
112
126
135
161
186
187
240
335
336
359
363
390
392
401
406
413
457
520
548
581
607
621
624
649
660
673
675
678
697
702
715
723
744
785
806
847
860
905
907
920
927
103
172
214
223
316
370
386
425
430
460
471
526
580
584
619
634
640
643
659
703
706
721
727
776
798
817
834
835
845
863
876
879
889
83
189
224
250
293
328
343
356
361
376
382
383
411
439
475
479
489
511
528
541
546
566
592
594
623
626
629
630
652
688
754
769
810
862
893
935
106
140
179
204
208
243
274
305
377
450
586
599
600
620
638
650
664
682
701
712
720
735
751
757
827
854
859
865
896
931
93
95
100
107
134
151
157
200
217
254
259
306
309
353
355
389
394
523
564
598
613
618
647
656
671
680
803
852
873
901
921
929
96
119
145
183
195
235
246
262
283
313
344
357
399
433
473
543
571
585
616
685
699
705
719
771
778
781
858
891
895
912
111
131
149
153
154
169
182
220
320
334
354
380
424
429
540
557
575
628
637
639
677
714
787
853
919
87
138
160
166
194
215
225
228
251
261
275
308
332
340
378
508
602
611
732
809
874
892
117
219
282
291
297
318
402
437
532
560
631
661
669
694
864
878
913
108
125
127
137
178
229
232
233
236
253
268
307
311
352
438
563
588
716
731
745
868
885
906
99
147
152
188
192
198
213
218
231
256
270
348
396
412
505
609
635
636
666
683
855
904
926
939
98
101
118
124
148
159
201
206
234
258
301
314
337
738
779
941
85
113
266
504
648
681
691
784
910
940
79
104
155
163
176
239
369
544
658
662
897
72
136
143
165
302
331
367
458
522
553
824
888
894
68
88
122
144
241
271
298
312
315
674
770
866
908
942
209
211
245
267
322
690
698
700
767
923
123
284
294
325
617
632
830
887
932
956
90
260
573
759
915
917
943
109
174
212
287
323
578
597
900
59
89
128
190
199
202
237
290
324
653
815
823
902
922
944
66
74
249
263
280
911
950
73
77
115
141
168
222
230
292
341
579
936
221
278
317
347
379
78
92
120
121
162
227
257
264
286
94
238
288
789
54
80
114
129
170
273
596
886
265
948
60
310
610
64
132
531
75
116
342
925
82
164
289
928
86
130
196
71
76
105
171
70
248
63
81
358
945
951
167
958
65
295
51
91
938
952
97
203
276
52
934
296
953
62
946
949
959
55
69
191
930
56
61
45
299
965
48
967
67
966
964
982
954
960
971
53
937
57
58
961
968
46
84
31
50
963
981
969
42
40
47
37
26
985
975
44
216
973
49
957
972
22
989
23
25
20
24
990
43
38
962
974
509
840
542
768
899
822
761
890
750
832
452
763
797
419
477
914
689
764
494
729
871
537
559
717
755
801
483
492
593
708
536
558
568
728
829
463
507
695
788
869
747
794
500
615
825
493
696
733
470
807
481
482
514
777
805
813
841
849
918
474
519
736
737
762
796
808
843
158
416
420
436
710
882
740
800
826
872
795
831
441
782
811
909
398
819
487
682
746
837
459
722
828
924
570
642
400
440
468
667
793
454
498
561
760
513
724
605
791
876
180
455
670
749
846
497
622
786
792
804
835
850
879
414
625
644
725
867
469
548
665
723
756
177
184
704
718
776
802
193
210
326
372
387
476
541
780
384
527
529
657
739
758
845
848
856
898
277
456
510
547
589
645
752
942
539
565
753
562
582
652
668
701
751
904
916
516
552
556
564
567
771
778
814
818
833
207
345
389
484
812
838
905
444
502
684
742
790
839
135
397
428
448
709
731
853
881
893
903
603
913
351
515
651
672
676
707
765
769
798
863
152
394
408
421
525
743
851
912
427
460
466
478
774
785
102
139
373
392
517
646
748
921
462
574
687
741
817
240
385
415
423
496
521
524
584
679
880
896
156
422
533
772
940
110
205
255
467
511
554
654
693
820
126
223
279
339
449
528
549
673
426
451
486
534
583
590
692
781
150
181
393
407
540
550
551
624
754
884
376
488
663
816
860
861
883
888
418
443
538
606
854
244
330
403
461
518
577
842
300
304
409
446
495
660
186
208
335
417
555
705
127
140
359
383
520
566
711
720
726
927
146
175
217
368
587
789
200
321
595
626
697
787
926
931
935
950
173
475
604
616
730
821
106
303
361
512
572
714
859
877
100
165
204
862
920
939
103
131
431
557
633
643
656
703
744
844
189
197
254
465
480
713
941
119
161
198
272
453
523
721
735
908
160
363
600
640
686
727
852
919
85
93
688
857
910
157
192
346
405
530
659
690
847
917
235
522
907
922
95
380
399
629
638
655
734
269
447
575
685
83
118
185
220
293
599
649
915
137
147
149
365
375
479
535
677
183
569
933
111
113
134
179
190
219
252
350
362
773
799
873
88
138
732
901
357
434
499
630
148
213
242
334
338
608
836
897
153
172
275
283
374
694
108
117
133
142
155
340
377
432
503
526
576
661
757
101
136
226
234
236
282
285
410
442
445
580
594
669
716
809
107
250
262
424
505
827
369
382
767
261
395
588
706
141
151
233
489
614
619
671
90
96
145
187
195
311
364
425
439
806
911
112
305
322
543
585
143
243
327
675
779
123
623
855
178
253
337
620
929
144
783
936
956
274
336
355
367
406
433
611
621
870
182
229
490
586
237
313
532
678
699
700
231
639
247
506
194
291
647
241
958
80
169
230
306
309
430
766
944
59
104
214
386
887
87
121
174
188
246
270
834
287
312
325
333
353
618
658
878
98
206
227
256
258
68
228
281
329
354
360
370
546
94
343
390
634
166
249
265
129
637
662
91
212
224
906
79
267
381
402
578
803
943
54
130
196
215
268
501
592
598
959
170
352
553
601
738
865
99
201
202
278
485
60
65
120
251
260
73
211
232
280
366
82
163
571
612
221
259
284
314
349
636
154
923
63
74
257
591
239
323
609
949
203
222
378
581
674
316
617
66
115
318
680
951
76
89
953
273
371
92
342
64
218
934
72
288
308
315
328
344
563
691
770
302
199
885
62
266
307
310
317
702
164
319
437
105
715
86
128
296
70
132
560
81
411
858
982
61
298
491
45
324
289
602
830
294
952
967
75
297
301
71
264
866
971
960
51
948
67
954
52
225
631
209
928
48
902
271
53
58
966
945
450
472
889
263
937
975
961
963
968
109
348
56
964
40
46
473
683
248
50
895
969
84
320
292
938
681
37
579
47
648
31
596
42
332
116
635
125
978
438
531
331
38
44
26
191
607
20
972
573
21
25
49
962
29
24
458
27
900
33
22
628
159
868
989
990
168
55
509
840
542
768
899
822
890
452
832
761
477
750
763
419
797
494
689
914
507
537
568
593
729
755
463
492
558
559
764
788
483
500
615
695
708
717
801
829
871
158
416
420
519
728
747
794
805
825
869
482
493
536
733
813
918
441
470
474
481
514
696
710
736
737
762
777
795
808
826
841
849
872
398
414
642
793
800
807
811
831
837
882
909
400
436
468
487
570
740
782
796
843
867
387
459
476
498
625
644
667
746
749
819
440
454
722
725
760
828
924
180
326
351
372
384
455
469
497
513
547
567
589
605
622
756
758
786
791
792
804
846
850
898
177
210
345
397
510
529
556
561
670
682
724
802
848
879
184
193
277
385
525
539
551
552
562
645
665
723
752
780
812
856
207
330
373
408
418
427
444
466
484
548
565
657
668
684
704
709
718
743
776
818
833
845
851
876
903
916
415
421
423
428
449
456
467
502
515
527
541
739
751
765
772
774
790
816
835
838
881
905
102
321
339
368
426
462
478
516
517
521
524
533
582
590
603
646
651
692
742
753
821
883
893
135
255
279
389
392
393
407
417
422
443
448
451
460
491
499
538
564
652
654
701
707
713
748
783
798
814
839
842
884
912
110
126
139
150
156
175
432
442
496
549
550
554
555
574
577
583
672
673
676
679
687
726
771
785
844
863
880
181
223
244
394
403
431
434
453
461
486
495
518
530
663
693
711
741
778
817
820
853
861
896
904
913
921
146
152
205
240
376
383
446
465
480
485
488
503
528
584
606
633
731
769
827
836
857
860
933
942
300
303
304
409
447
475
511
520
534
566
587
624
720
730
734
766
854
862
877
927
140
173
186
208
272
335
350
359
506
512
535
572
608
754
781
787
847
873
931
185
197
346
361
362
365
405
410
540
660
697
721
859
907
935
940
100
106
161
200
217
252
363
374
375
479
490
604
612
626
640
686
705
727
744
799
834
920
83
103
119
189
204
242
269
285
364
404
445
557
595
643
703
757
773
852
919
926
93
95
127
131
160
179
293
380
395
425
523
526
576
616
629
649
655
656
659
688
714
735
806
809
888
85
133
172
198
235
254
338
399
430
435
501
569
575
600
638
675
865
906
939
142
157
183
192
220
226
406
472
489
594
599
614
627
706
870
901
941
137
138
165
187
327
366
377
401
411
457
545
620
678
685
702
719
732
775
889
908
111
134
145
149
153
169
349
371
382
464
543
546
580
630
661
677
694
712
810
855
895
897
910
915
950
107
112
117
118
147
214
219
250
275
281
283
334
336
340
357
386
433
669
690
715
716
745
789
892
182
213
233
243
274
282
305
381
424
522
585
601
613
619
647
875
929
88
96
108
113
151
195
236
247
262
333
356
369
370
388
390
396
439
505
532
581
586
611
618
621
623
641
680
858
917
922
148
178
234
261
309
313
319
343
354
360
450
588
639
650
662
664
671
699
738
767
779
803
866
956
101
155
306
311
355
402
473
598
637
878
887
891
136
144
190
194
229
329
337
391
591
592
691
143
154
166
231
322
413
437
471
607
634
759
868
936
87
206
224
253
291
353
571
681
885
188
225
246
270
316
328
367
429
560
658
700
824
874
923
90
104
123
201
228
251
352
438
553
864
911
163
215
239
256
631
648
770
98
232
237
241
268
308
312
332
378
602
666
902
943
68
122
125
159
176
258
259
302
318
563
683
830
944
59
99
141
287
344
348
508
79
211
307
325
412
578
635
636
174
199
202
249
267
294
314
609
628
900
72
80
121
124
212
317
320
323
324
932
94
209
218
227
265
271
301
573
674
698
74
230
266
297
331
617
66
73
128
221
260
284
925
958
54
222
257
278
948
60
89
120
168
196
280
288
298
315
458
886
894
115
129
162
170
245
379
544
82
273
823
92
109
130
264
632
945
951
292
959
64
65
91
263
290
310
342
531
579
928
63
76
77
86
114
934
949
953
203
105
132
164
238
596
938
952
71
289
784
70
504
75
78
116
610
81
248
296
815
286
51
52
347
597
61
62
97
965
276
967
295
982
45
341
653
67
171
960
966
946
48
56
971
55
358
954
53
69
191
964
968
937
84
167
961
58
57
46
963
50
930
31
969
40
47
42
37
975
49
957
23
981
26
216
22
33
985
44
962
32
978
43
27
972
34
41
20
25
973
36
38
989
39
24
990
14
29
21
970
955
974
7
12
986
35
15
994
991
992
977
17
6
10
984
4
9
11
5
995
979
441
455
792
326
765
747
825
842
502
589
740
988
794
840
363
728
772
782
883
568
768
848
920
795
397
764
903
876
210
796
800
817
822
837
516
552
377
117
704
723
755
872
536
729
737
741
777
603
808
282
708
746
780
731
786
845
482
512
398
431
244
487
123
459
463
724
838
907
538
584
725
749
854
916
30
477
126
197
414
846
570
675
709
899
184
901
537
762
882
542
564
832
896
100
716
879
515
697
303
373
527
644
707
687
416
532
722
912
918
254
519
835
615
710
754
137
551
689
788
574
771
1
111
549
733
533
466
492
520
732
859
498
507
677
505
998
513
850
522
701
727
742
393
924
311
390
656
884
394
572
645
696
785
834
658
852
483
598
862
339
813
839
187
454
489
517
622
625
686
941
475
718
247
470
529
654
993
195
478
528
300
408
509
812
426
819
871
193
555
652
684
913
400
663
758
480
717
217
594
797
179
218
511
524
657
816
841
856
623
849
908
621
161
428
452
558
194
313
409
481
521
547
605
750
820
781
559
600
609
730
138
165
372
735
898
929
588
911
150
534
665
914
156
473
540
699
757
826
163
291
382
582
643
827
905
604
909
158
298
554
557
738
329
694
869
921
220
406
674
340
445
608
640
449
503
535
636
646
667
833
931
468
374
479
423
447
453
474
523
546
325
469
560
567
593
465
571
743
321
385
418
541
630
68
495
606
711
956
829
202
370
384
550
569
691
626
828
234
647
870
309
417
437
439
506
619
649
655
793
235
462
659
669
693
444
525
583
639
107
243
274
359
485
585
706
779
926
175
460
651
252
433
493
761
801
937
586
648
824
285
484
739
241
352
403
562
616
705
189
599
366
578
411
910
355
392
798
942
336
461
575
939
387
399
490
902
365
814
229
376
322
345
624
668
803
131
383
685
809
922
634
787
147
222
638
223
371
633
888
917
703
805
806
308
420
443
561
287
305
103
127
683
865
112
206
866
983
885
415
676
844
877
936
145
451
501
110
935
66
132
419
85
172
267
315
897
224
312
346
401
279
353
563
880
893
304
510
843
344
573
688
19
98
205
595
602
362
368
587
212
351
429
774
54
119
476
671
745
250
349
488
360
660
76
106
133
173
255
591
157
670
831
140
576
196
207
288
302
334
277
579
799
213
261
268
283
289
617
142
182
262
281
464
102
232
258
331
395
421
436
494
830
148
259
424
614
720
293
410
458
543
152
225
280
231
134
260
944
164
611
767
350
548
618
337
343
472
906
958
890
160
230
320
810
878
348
919
629
661
680
928
318
323
734
971
71
378
386
407
91
266
87
430
855
891
219
631
945
73
95
209
556
264
67
438
860
968
330
357
389
146
319
327
497
296
314
405
635
96
226
151
233
199
236
83
214
596
113
307
174
269
292
278
88
770
198
952
295
927
242
99
149
744
963
969
53
104
2
125
130
81
82
144
75
249
456
526
115
74
381
203
997
681
211
628
37
208
284
895
832
468
593
102
345
387
463
507
559
788
142
184
330
351
407
416
449
492
500
519
542
551
615
667
783
150
155
183
193
279
397
420
452
464
477
487
496
509
525
547
556
558
572
646
654
750
793
804
825
840
909
110
112
127
131
135
158
161
226
247
319
346
419
426
427
431
432
440
469
476
491
512
536
537
567
568
570
605
625
737
755
765
818
826
837
890
106
108
146
149
151
169
172
173
180
189
192
197
210
223
240
246
255
329
361
362
384
400
408
409
414
417
441
447
459
461
480
483
498
499
562
590
599
644
692
729
738
743
749
757
764
766
772
779
805
811
812
827
829
842
855
857
861
862
100
101
111
133
139
154
160
166
170
181
214
250
260
261
316
321
326
357
359
368
370
385
398
423
425
428
434
457
467
494
513
517
535
548
554
555
566
569
582
583
604
607
642
708
742
756
761
762
781
782
794
796
802
819
822
844
851
867
883
898
103
109
117
136
141
176
177
179
204
206
215
217
241
244
277
364
365
372
374
391
418
422
439
446
451
455
462
466
471
472
475
482
486
510
515
518
521
524
527
533
538
539
540
552
574
576
577
606
608
612
623
640
645
659
660
675
684
710
713
736
739
740
763
767
775
777
807
821
833
835
839
841
848
849
860
865
871
872
879
882
893
897
899
904
93
107
119
126
128
137
138
145
152
153
156
168
174
182
185
188
195
198
205
207
220
254
262
266
269
275
283
304
328
355
363
371
373
375
376
389
392
395
399
404
406
424
442
450
453
465
470
489
490
493
501
502
506
516
520
529
550
561
589
595
619
620
622
627
652
663
670
679
689
693
709
718
728
730
758
760
776
780
791
792
797
808
813
816
817
820
828
838
843
854
869
874
875
881
889
892
894
903
85
90
99
114
120
147
167
186
190
194
200
211
228
230
233
252
253
258
280
282
285
293
300
335
338
339
343
350
366
381
390
415
421
430
435
436
445
454
460
473
481
488
497
511
514
528
545
553
557
585
587
594
616
630
638
639
656
668
672
685
686
733
744
747
770
773
785
795
798
800
801
806
831
836
846
850
856
859
863
878
880
884
905
914
918
920
83
121
123
134
144
159
165
175
208
219
231
234
235
236
242
259
268
272
274
281
284
313
318
333
336
353
354
377
386
388
411
413
433
443
474
478
484
485
495
508
526
530
532
534
541
543
564
575
581
600
601
611
614
628
629
632
633
634
665
673
676
678
687
695
701
704
705
707
711
717
724
726
741
746
768
774
786
787
790
799
834
847
866
877
885
907
924
87
95
98
115
118
129
148
157
163
187
201
213
218
221
224
232
251
303
305
309
311
320
325
327
332
356
360
382
393
401
444
458
479
503
523
549
563
565
592
598
602
603
624
636
641
657
669
671
680
702
706
715
721
723
727
745
748
752
753
784
814
845
852
873
891
927
62
92
97
104
113
124
178
199
202
243
245
264
271
276
291
306
369
394
410
504
544
584
586
588
591
621
655
661
664
666
674
677
683
690
694
703
734
754
789
803
858
896
912
919
921
929
933
68
73
105
116
125
143
164
225
238
256
267
278
295
297
302
307
308
348
349
352
378
383
405
429
438
505
522
580
609
613
618
635
647
649
650
651
682
688
696
698
712
720
722
725
751
759
778
830
868
906
935
59
74
77
88
89
94
96
132
140
191
229
249
287
312
315
322
344
403
412
437
573
597
637
643
697
700
719
809
810
870
876
901
908
913
916
65
72
80
81
82
86
91
122
130
209
227
239
248
257
263
270
288
290
301
337
380
448
456
531
571
578
626
662
681
714
716
731
732
823
824
902
911
926
60
64
70
75
79
212
265
273
292
310
314
340
342
396
402
546
631
648
658
699
735
853
864
887
888
900
910
63
162
196
237
298
323
324
334
367
560
596
771
886
895
925
944
54
66
69
286
296
299
331
379
769
917
939
76
171
289
317
347
610
617
923
931
932
940
942
943
57
78
691
815
922
928
61
84
222
294
341
950
71
358
579
653
934
936
51
58
56
67
203
216
915
952
45
48
941
951
50
948
52
53
930
938
956
46
958
55
945
42
937
946
949
953
961
41
47
49
965
37
959
966
31
32
954
960
40
982
34
39
967
23
963
971
22
947
33
43
955
964
27
26
968
38
44
957
975
36
962
969
981
20
25
29
24
972
973
985
21
978
970
976
6
14
30
990
977
989
12
983
7
28
35
15
10
974
986
17
19
979
994
18
991
988
992
4
984
9
1
11
980
5
997
993
987
0
995
2
16
998
765
441
512
184
463
536
397
825
363
431
455
568
782
832
840
117
459
487
502
764
837
842
326
572
737
788
794
111
123
197
210
282
449
542
589
740
755
772
792
796
883
920
150
193
468
519
615
708
729
777
817
822
848
100
244
414
416
477
527
551
570
593
728
747
749
903
137
161
377
398
507
516
537
644
654
675
738
757
879
127
142
254
387
452
482
483
492
509
552
559
646
704
742
795
808
854
102
126
131
241
329
426
538
540
574
709
723
741
750
768
779
780
862
158
189
194
195
247
408
409
466
475
513
564
667
689
781
835
872
899
907
909
155
179
217
220
428
469
470
532
533
547
558
625
640
652
656
826
876
882
918
223
489
511
515
517
520
623
663
701
718
724
762
838
839
849
912
107
138
165
300
345
357
359
447
480
496
498
582
599
605
686
710
797
819
827
172
279
313
372
390
400
439
462
464
500
505
524
528
584
603
604
659
684
687
707
746
767
785
786
793
800
812
841
846
897
898
103
106
108
110
156
163
170
173
187
311
325
370
373
374
453
521
548
554
555
562
569
598
645
731
733
754
805
818
820
844
845
859
896
901
914
85
112
149
206
393
417
419
423
473
522
525
549
567
600
622
677
758
802
813
829
833
866
905
924
151
152
182
202
215
218
234
260
384
389
394
478
481
488
506
529
535
557
585
594
717
722
743
804
811
816
855
132
133
261
291
303
330
339
346
376
406
407
420
436
454
461
491
556
609
636
725
730
732
761
850
860
869
871
884
904
136
160
174
180
205
235
274
321
365
392
411
418
430
440
445
451
465
472
479
534
561
566
576
583
606
621
638
657
665
674
697
716
766
783
830
148
166
190
280
351
427
432
433
434
493
541
630
696
705
727
739
807
834
880
890
893
913
921
90
119
141
145
147
157
230
304
362
371
382
385
460
467
494
523
563
588
608
619
639
658
692
756
763
799
806
852
863
911
916
929
115
139
144
146
175
240
250
275
309
399
476
484
495
510
539
550
575
616
685
694
706
801
856
865
885
68
231
252
262
277
322
368
424
438
497
514
518
611
620
642
643
660
670
693
736
770
771
787
828
906
908
62
91
130
135
258
293
352
354
422
595
676
679
720
744
760
814
831
95
98
109
129
183
192
219
246
283
287
312
336
355
395
446
486
577
587
602
607
614
624
669
711
851
877
926
93
134
226
243
255
268
285
298
361
474
485
490
526
590
668
695
734
798
861
894
113
267
305
340
415
501
634
649
735
745
776
789
791
803
809
888
892
902
73
99
104
128
164
167
177
207
333
353
437
444
578
629
647
673
699
703
843
54
65
76
81
88
101
196
198
229
264
319
425
435
443
546
857
867
873
889
910
917
935
59
66
87
94
140
153
212
213
214
221
249
288
308
335
421
450
503
571
586
672
683
751
853
922
176
208
232
233
281
315
381
383
457
543
655
753
878
891
919
944
63
224
253
266
278
318
364
366
458
499
581
648
651
682
688
721
774
821
824
858
928
931
941
80
82
83
116
257
302
410
553
626
633
790
881
118
143
168
181
269
307
316
343
350
403
429
544
560
632
661
671
691
726
748
870
939
169
236
284
328
369
442
531
628
662
713
773
927
92
114
188
199
204
225
323
338
378
635
678
702
715
942
79
86
96
159
186
289
320
360
386
405
471
504
530
573
680
690
759
874
933
67
154
344
591
714
752
875
105
120
222
292
337
448
627
681
887
900
925
936
60
71
74
211
259
348
375
380
391
401
413
565
666
784
895
185
228
242
596
601
612
618
836
937
200
327
456
778
75
125
191
237
349
592
637
847
886
940
53
89
201
273
310
342
631
823
943
64
121
209
334
613
700
868
251
263
580
404
597
617
664
712
951
245
256
306
317
698
958
97
124
314
332
396
402
719
932
956
239
272
296
331
270
271
324
301
934
122
203
650
579
810
950
37
45
61
248
295
769
938
77
238
412
545
610
915
290
297
388
945
356
56
367
775
178
50
952
971
294
52
84
963
162
641
949
379
57
42
276
960
286
968
48
954
72
930
953
41
227
70
961
46
966
982
815
51
996
265
58
967
959
975
985
965
923
962
969
948
22
508
40
171
653
44
47
957
989
55
216
972
69
20
26
49
347
43
964
25
974
29
981
21
24
34
990
986
12
946
31
7
977
15
38
35
23
10
14
33
17
978
973
992
11
4
5
468
509
559
593
345
463
500
507
519
542
551
558
605
615
667
387
407
420
449
487
492
536
537
547
556
568
570
646
397
416
440
452
483
496
562
569
572
330
351
414
419
431
441
447
464
469
477
498
512
525
567
574
590
595
625
654
737
750
788
184
279
346
384
408
426
432
434
446
459
461
466
467
486
491
494
513
518
533
539
548
554
555
576
582
583
599
604
619
642
684
692
708
755
783
832
359
372
400
409
417
425
427
428
451
455
462
480
482
499
517
529
535
577
622
623
640
644
645
675
689
729
804
840
193
240
319
361
362
363
364
365
368
385
398
422
439
450
457
471
476
497
506
510
516
524
527
534
550
566
587
600
606
607
616
620
652
656
660
670
713
738
740
749
756
757
764
765
779
781
793
811
826
837
102
135
183
223
226
241
250
255
277
326
329
357
370
374
376
406
418
421
423
436
470
475
488
493
502
511
514
515
520
521
528
538
540
545
552
553
557
561
564
575
585
589
608
612
627
629
630
634
638
659
663
676
693
710
736
742
743
761
782
796
818
822
890
909
127
142
150
155
158
192
197
210
244
246
247
261
300
316
318
355
375
389
391
392
399
404
424
430
453
454
460
465
472
481
489
495
501
526
532
543
581
594
602
611
628
632
639
665
668
672
673
718
758
762
767
772
777
791
794
802
805
807
812
825
827
829
842
172
173
180
189
198
205
214
215
254
260
262
269
283
304
321
328
335
338
339
350
371
373
390
395
411
435
442
443
473
474
484
485
490
503
530
541
549
565
592
598
601
603
614
636
679
685
686
687
690
695
701
704
705
707
709
724
730
733
739
763
766
768
776
785
808
819
835
841
855
861
862
899
904
108
131
139
146
160
161
169
204
217
230
266
268
275
285
313
325
327
336
381
382
393
401
415
433
444
445
478
479
505
508
544
563
584
586
588
591
613
621
624
633
651
655
657
671
678
706
717
723
728
744
746
747
760
775
780
797
801
817
833
839
844
849
871
879
897
101
110
133
136
149
151
152
156
166
181
190
206
207
220
252
258
272
274
282
293
303
305
306
333
343
354
356
377
386
388
394
405
410
413
522
523
573
580
618
647
661
664
666
677
680
682
694
702
703
711
741
753
754
770
789
816
821
843
848
854
857
860
867
869
872
882
893
914
100
106
111
112
141
154
165
176
177
179
182
195
228
231
233
234
242
253
259
280
284
309
311
353
360
369
383
438
609
635
641
669
674
683
698
700
715
721
726
773
792
798
799
800
813
820
828
831
838
851
856
863
865
883
898
905
93
103
126
148
153
170
174
188
200
219
235
251
264
291
307
320
332
348
352
366
378
403
456
458
504
531
578
597
626
643
649
650
697
720
722
727
745
748
751
752
759
774
786
787
790
795
806
814
850
859
866
881
889
892
903
918
85
90
107
117
119
120
137
138
145
168
185
186
194
208
211
213
236
245
256
271
278
281
312
322
429
437
448
571
631
637
648
662
681
688
696
712
716
725
731
734
834
846
847
874
880
884
894
920
924
114
118
121
123
128
144
147
175
187
199
201
221
232
238
243
276
287
295
302
315
337
344
349
380
396
412
546
596
658
699
714
719
732
778
784
803
836
845
875
877
109
129
134
159
167
218
224
225
249
265
267
288
297
308
334
340
342
402
617
735
852
873
876
878
885
896
906
907
912
921
927
83
95
99
113
157
163
178
202
227
229
257
270
273
290
314
324
560
771
809
830
858
913
919
87
88
92
94
104
115
140
143
237
239
248
263
292
310
317
367
610
824
853
868
891
901
908
911
916
933
935
62
97
98
191
296
301
323
331
379
691
810
887
888
910
926
929
59
65
80
91
105
116
130
132
164
212
289
347
653
769
823
870
63
68
73
77
82
96
124
125
162
286
298
358
900
902
917
925
942
944
60
72
74
79
81
86
89
122
196
209
299
886
939
64
70
579
864
895
922
931
940
54
294
341
815
923
928
943
950
66
75
76
203
222
932
69
934
936
57
84
171
216
61
78
915
951
952
71
941
58
67
958
45
51
938
948
48
53
56
52
930
956
50
945
949
953
46
946
937
961
965
47
55
959
37
41
42
960
982
40
954
966
49
967
31
963
971
32
23
33
39
947
955
34
964
22
27
43
968
975
26
957
969
38
962
44
981
36
978
20
25
976
985
972
21
970
973
24
29
14
977
6
983
989
990
30
28
12
7
35
15
974
10
986
17
18
19
979
994
991
984
980
988
992
4
9
1
997
11
5
993
0
987
995
16
2
998
996
468
507
509
542
559
593
832
345
387
416
420
452
463
492
500
519
558
615
330
351
419
449
477
537
547
551
556
568
667
750
788
840
184
397
407
414
440
441
469
476
487
491
496
498
525
536
567
570
605
625
646
654
729
737
755
783
793
825
890
102
158
193
279
346
384
398
400
408
426
427
431
432
459
464
483
494
499
512
562
572
590
642
644
689
692
708
749
761
764
804
805
811
822
826
829
837
909
135
142
150
183
210
226
240
255
326
362
368
372
385
409
417
423
428
434
447
455
461
466
467
480
482
513
517
533
539
548
552
554
555
569
574
582
583
645
684
710
736
740
743
756
762
763
765
772
782
794
812
818
899
110
139
146
155
161
173
180
181
192
197
223
247
277
319
321
329
359
361
365
373
374
418
422
425
436
446
451
457
462
470
486
493
497
510
514
515
518
521
524
527
529
535
538
550
561
566
576
577
589
599
604
606
608
612
622
640
670
713
728
742
757
758
766
777
781
796
797
802
807
808
819
827
841
842
844
849
851
857
861
867
871
872
882
106
112
127
131
151
156
160
169
172
177
189
205
207
214
244
246
250
261
304
339
357
363
364
370
375
376
389
391
392
404
406
421
439
442
453
454
460
465
471
472
474
475
481
484
488
502
506
516
520
540
587
595
607
619
623
627
652
659
660
663
668
675
679
693
695
709
717
718
730
733
738
739
747
760
768
775
776
779
780
791
792
795
800
801
813
816
821
833
835
839
843
848
855
862
869
879
883
893
898
914
100
103
108
111
126
133
149
152
154
166
179
185
204
217
220
252
254
262
269
272
275
283
285
300
316
335
338
350
355
371
381
390
395
399
415
424
430
435
443
444
445
450
478
485
489
490
495
501
511
526
528
530
534
541
545
557
564
565
585
594
600
616
620
629
630
633
638
656
657
665
672
673
676
686
687
704
707
724
744
746
767
785
786
798
817
820
828
831
838
846
850
854
856
860
865
881
897
903
904
905
918
93
101
107
117
119
136
137
138
145
153
175
182
186
195
198
200
206
215
241
242
260
282
293
303
313
327
328
336
343
366
377
386
388
393
401
411
473
479
503
532
543
549
553
575
581
601
603
611
614
624
634
639
651
678
685
701
705
711
723
726
741
752
753
773
774
790
799
806
836
859
863
875
880
884
889
892
920
924
85
141
147
165
170
176
188
190
194
208
219
228
233
234
235
236
253
258
266
268
274
281
305
318
333
353
354
356
360
382
394
405
410
413
433
508
523
584
591
592
598
602
621
628
632
641
655
671
680
682
690
696
702
703
706
715
721
722
725
727
748
770
787
814
834
845
847
866
874
877
894
907
927
83
90
109
118
120
123
128
134
144
148
157
159
168
174
187
211
213
224
230
231
243
251
259
280
284
291
306
309
311
320
325
332
369
383
403
505
544
563
580
586
588
613
618
636
643
647
649
661
664
666
669
677
694
720
734
745
751
754
778
784
852
873
878
885
896
912
919
921
933
95
99
113
114
121
163
178
201
218
232
271
307
348
349
352
378
429
438
448
456
458
504
522
609
626
635
650
674
683
688
697
698
712
719
759
789
803
858
876
891
906
913
916
935
87
98
104
129
140
143
167
199
202
221
225
229
245
256
264
297
302
308
322
337
344
380
412
437
546
571
573
637
662
681
700
714
716
731
732
735
809
810
830
868
870
901
929
68
88
92
96
115
124
125
238
239
249
267
270
276
278
287
312
315
334
340
396
402
578
597
631
648
658
699
771
824
853
908
926
59
73
94
97
122
209
227
257
265
288
290
295
301
314
367
531
560
769
887
888
895
910
911
62
72
74
77
79
80
82
89
105
116
130
132
162
164
191
212
237
248
263
273
292
310
323
324
331
342
379
596
823
864
900
902
931
939
942
944
60
64
65
86
91
196
298
317
610
617
691
886
917
925
940
63
66
70
75
81
286
289
296
347
922
923
932
943
54
294
341
653
815
950
76
78
171
222
299
358
579
928
936
69
915
57
61
71
203
934
941
84
951
952
51
216
948
45
56
58
67
938
956
48
52
930
958
53
945
50
949
953
46
946
55
937
961
965
959
42
47
960
966
982
37
41
49
954
967
31
971
32
40
947
963
23
964
33
34
955
22
39
43
968
27
26
957
969
975
44
981
38
962
20
25
36
972
978
985
973
24
976
21
29
970
14
30
977
990
983
989
6
28
12
7
35
15
974
10
986
979
17
19
994
18
988
991
984
992
980
4
9
1
11
997
5
987
993
0
995
16
2
8
996
998
840
768
822
542
747
509
899
441
568
728
794
825
764
729
455
755
477
792
536
708
740
832
797
326
782
795
537
589
689
452
463
482
777
796
737
808
800
872
502
398
615
765
837
876
746
750
483
487
492
723
733
914
210
696
717
788
416
459
507
725
762
918
519
570
704
848
882
722
761
871
552
710
724
516
558
559
749
763
414
786
846
903
397
470
593
603
644
780
813
841
849
731
842
845
869
184
158
801
817
741
890
916
924
527
772
400
498
879
494
513
883
419
454
481
805
829
850
564
584
709
826
920
126
835
838
622
625
701
771
363
474
493
819
193
244
373
538
695
707
909
912
372
645
718
436
605
657
896
394
466
652
687
515
533
468
574
807
549
665
697
898
431
667
529
758
856
303
339
512
684
754
547
742
839
541
100
393
428
478
561
785
197
408
843
156
254
387
793
831
517
582
812
854
905
377
469
551
828
907
913
300
511
654
833
117
426
520
282
420
497
528
921
941
384
521
150
884
500
646
217
524
727
562
572
670
716
540
642
663
668
852
901
423
484
514
548
475
534
555
137
345
522
651
656
161
385
554
677
732
820
444
567
811
814
409
111
180
418
165
321
449
739
880
931
123
389
942
175
859
223
152
205
277
743
462
505
110
480
532
643
675
730
550
686
102
495
392
926
177
207
376
682
888
460
476
187
220
417
604
583
804
935
403
456
510
640
693
735
189
525
131
351
359
600
624
711
893
127
863
138
304
311
606
939
85
179
235
279
479
415
140
195
489
594
659
736
103
922
443
523
173
676
340
862
956
139
461
157
106
382
557
421
798
703
904
917
252
929
616
658
638
374
587
107
539
621
119
234
313
488
705
445
802
390
699
853
569
660
240
694
95
588
908
595
608
649
910
291
911
194
440
465
285
147
368
451
630
816
399
599
243
447
208
422
919
870
335
293
623
247
433
383
346
753
598
556
134
88
309
410
927
255
362
448
679
160
229
647
585
619
738
774
113
685
571
83
146
329
163
305
145
365
219
322
325
936
453
439
350
172
68
330
241
274
213
133
262
673
334
721
609
250
757
944
202
844
54
559
345
387
551
593
832
102
142
184
468
492
507
667
112
161
226
240
247
330
351
416
477
519
542
558
783
788
110
135
155
183
193
246
255
279
319
346
407
420
449
487
498
500
509
547
556
567
605
615
654
750
804
825
150
151
158
181
197
210
384
397
400
419
440
452
463
469
476
491
496
525
537
570
572
583
590
646
737
755
764
781
793
818
842
890
909
100
106
111
127
131
146
149
154
160
169
173
192
214
217
223
250
326
329
398
431
441
461
464
480
499
536
555
562
568
569
582
604
625
729
743
762
766
805
811
812
826
837
840
103
133
139
166
170
172
177
179
180
185
189
207
244
260
261
269
316
362
370
408
409
414
417
423
425
426
427
432
447
455
457
459
482
483
494
512
513
518
533
539
548
552
554
566
574
599
607
612
619
623
642
644
645
660
692
708
739
740
749
765
772
779
794
802
819
822
827
829
839
843
844
851
855
857
861
862
871
899
108
117
119
136
141
147
156
168
174
188
195
204
205
258
259
262
277
280
285
321
328
355
357
359
361
368
372
375
381
385
406
450
467
472
486
515
517
521
524
535
538
576
577
608
622
693
710
736
756
757
761
763
775
792
796
797
807
833
838
841
848
856
867
872
881
882
883
893
93
101
107
109
120
126
137
138
145
153
176
182
186
198
200
206
215
218
220
224
228
230
236
252
254
266
272
275
283
304
343
363
365
374
376
386
390
391
392
395
399
418
428
434
439
466
471
501
503
516
520
527
529
540
550
553
595
606
616
627
630
638
639
659
670
672
675
678
684
713
718
728
730
738
742
767
776
782
791
800
817
820
835
836
849
850
860
865
874
875
904
90
98
114
123
128
152
165
167
190
208
211
213
219
241
253
268
282
318
335
338
339
364
366
373
389
401
404
424
430
435
446
451
454
462
465
470
473
474
475
488
489
497
502
506
508
510
511
530
534
541
543
545
557
561
589
592
594
611
628
632
640
652
656
668
676
679
685
689
709
744
747
758
760
773
777
780
785
790
798
808
813
816
821
828
863
869
878
879
884
894
897
898
920
83
85
99
121
129
134
148
159
194
201
231
232
233
234
242
243
251
274
281
284
293
300
303
306
313
320
327
332
336
350
352
353
360
371
388
421
422
436
442
443
453
460
481
484
490
493
495
514
526
528
532
585
587
600
601
614
620
624
629
633
636
655
663
669
671
686
687
707
733
741
748
768
770
774
786
795
801
834
846
854
859
877
880
68
113
115
118
144
163
175
178
199
221
235
245
276
278
297
305
307
311
325
377
382
415
444
445
458
478
485
523
549
564
565
575
580
591
603
634
657
664
665
673
674
677
680
683
695
701
702
704
705
711
717
723
724
726
727
746
784
787
799
806
831
845
847
852
885
889
892
903
905
914
927
73
87
104
124
143
157
164
187
202
238
271
291
295
309
333
348
354
356
378
394
413
433
563
581
584
586
588
598
602
618
641
647
651
703
706
715
734
745
752
753
814
858
866
873
907
918
924
62
74
95
96
97
105
116
125
140
191
225
229
256
264
267
315
349
369
405
411
412
504
522
544
573
597
635
637
661
666
688
690
694
698
712
721
722
725
754
759
789
891
919
929
935
75
82
89
92
130
209
257
263
270
288
301
308
314
393
403
410
429
437
479
505
609
613
621
626
650
682
696
714
719
720
751
778
803
810
868
896
908
916
921
933
59
70
72
80
86
88
91
227
239
248
249
265
287
290
310
312
337
344
383
531
571
578
643
697
700
716
809
830
870
900
913
60
64
65
77
81
94
132
162
212
296
302
322
324
334
340
438
448
456
546
560
631
648
649
662
681
731
732
769
824
864
876
901
906
911
912
122
171
196
273
292
298
342
380
396
402
617
699
735
823
853
888
910
926
944
63
69
76
78
237
286
367
379
596
658
771
887
895
902
54
222
289
299
317
323
331
347
610
886
925
939
943
79
341
815
917
923
942
51
66
71
84
358
928
940
61
294
579
653
922
931
932
950
56
57
203
691
45
58
216
934
936
952
48
67
50
53
915
948
941
951
52
930
46
55
938
956
958
41
42
49
937
47
945
949
953
31
37
946
32
959
961
954
965
39
960
966
971
982
22
23
40
947
963
967
33
964
34
43
27
26
38
44
955
968
975
20
25
969
962
24
36
981
21
29
972
957
973
978
985
14
6
970
976
990
28
977
989
12
7
30
35
983
15
10
974
17
19
18
986
979
994
991
984
988
4
992
1
9
980
11
5
997
993
987
0
995
8
2
16
998
996
593
832
468
492
507
509
542
559
345
351
387
416
420
452
463
477
500
519
551
558
615
667
750
788
840
184
330
419
449
537
547
556
568
755
783
793
825
890
102
158
193
279
384
397
400
407
414
440
441
469
476
487
491
494
496
498
525
536
567
570
605
625
646
654
729
737
764
804
805
822
826
829
837
909
110
135
142
150
210
226
240
255
326
346
385
398
408
417
423
426
427
431
432
459
464
482
483
499
512
513
562
572
583
590
642
644
692
708
743
749
761
762
763
765
794
811
812
818
899
146
155
161
173
180
181
183
197
223
247
277
319
321
362
368
372
409
418
428
434
447
455
461
466
467
480
517
524
533
539
548
552
554
555
569
574
582
604
622
645
684
689
710
728
736
740
756
757
766
772
782
796
797
802
819
827
841
842
844
849
851
857
861
867
871
872
882
883
106
112
127
131
139
149
151
156
160
169
172
177
189
192
207
214
244
246
250
304
329
359
361
365
370
373
374
375
392
422
425
436
446
451
457
462
470
474
486
493
497
510
514
515
518
521
527
529
535
538
540
550
561
566
576
577
589
599
606
608
612
640
660
670
693
709
713
718
733
739
742
747
758
760
768
775
777
779
780
781
791
792
795
800
801
807
808
813
816
821
828
833
838
839
843
848
855
862
869
879
881
893
898
100
103
108
111
126
133
154
166
179
185
204
205
217
261
269
272
285
316
339
350
357
363
364
376
389
391
395
399
404
406
415
421
435
439
442
443
450
453
454
460
465
471
472
475
481
484
488
489
490
501
502
506
516
520
530
587
595
607
619
623
627
652
659
663
668
672
675
679
695
717
730
738
746
776
785
786
790
798
817
820
831
835
836
846
850
856
860
865
903
904
914
918
93
101
107
117
119
136
137
138
145
152
153
175
182
186
195
198
200
206
215
220
242
252
254
262
275
283
293
300
328
335
338
343
355
366
371
381
386
390
424
430
444
445
473
478
485
495
503
511
526
528
534
541
545
549
557
564
565
585
594
600
603
614
616
620
624
629
630
633
638
639
656
657
665
673
676
678
685
686
687
701
704
707
711
723
724
726
741
744
752
767
773
774
854
859
863
875
877
880
884
889
897
905
920
924
83
141
147
165
170
176
188
190
194
208
219
228
233
234
235
236
241
253
258
260
266
274
281
282
303
313
318
327
336
356
377
388
393
401
411
413
433
508
523
532
543
553
575
581
592
601
611
628
634
651
696
702
705
706
722
725
727
748
753
787
799
806
814
834
845
847
874
878
892
894
907
927
85
90
109
118
120
123
128
134
144
148
157
159
168
174
187
211
213
224
230
231
243
251
259
268
280
305
306
309
332
333
353
354
360
382
394
403
405
410
479
584
586
591
598
602
621
632
641
647
655
664
669
671
677
680
682
690
694
703
715
721
734
745
751
754
770
784
852
866
873
885
896
921
95
98
99
113
114
121
140
163
178
201
218
232
284
291
311
320
325
349
369
383
429
448
456
458
544
563
580
588
613
618
626
636
643
649
650
661
666
683
688
697
712
719
720
759
778
789
803
858
876
891
912
916
919
929
933
935
87
104
129
143
167
199
202
221
225
229
245
256
264
271
297
307
308
348
352
378
412
437
438
504
505
522
609
635
637
674
698
700
714
731
732
809
810
868
870
901
906
913
68
88
96
115
124
125
238
239
249
267
270
276
278
287
302
312
315
322
337
340
344
380
546
571
573
578
597
662
681
699
716
735
771
824
830
853
908
926
73
92
97
122
164
209
227
265
288
290
295
301
314
334
396
402
531
560
631
648
658
769
864
887
888
895
910
911
59
62
72
74
77
80
82
89
94
105
116
130
132
162
191
212
237
257
263
273
292
324
342
367
823
900
902
939
60
64
65
79
86
91
196
248
298
310
323
331
379
596
617
886
917
925
931
940
942
944
66
70
75
81
286
296
317
347
610
691
923
943
54
63
289
294
341
815
922
932
950
69
76
78
171
222
299
579
653
928
936
358
915
71
203
934
941
51
57
61
84
952
216
948
951
45
56
58
67
956
48
52
930
938
53
945
958
50
55
946
949
953
46
937
959
961
965
42
47
966
37
41
49
954
960
982
31
967
971
32
40
947
963
23
964
33
34
955
22
39
43
968
26
27
44
957
969
975
38
981
962
20
25
36
972
978
24
973
985
976
21
29
970
14
30
977
990
989
6
983
28
12
7
35
15
974
10
979
986
19
17
18
994
988
991
984
980
992
4
9
1
11
997
5
987
993
0
995
16
2
8
996
998
13
840
768
822
509
542
747
899
441
568
728
794
825
764
729
755
455
477
792
740
832
536
708
326
795
797
537
782
589
689
796
452
463
482
777
800
808
737
872
398
502
615
746
750
765
837
876
210
483
492
717
723
733
914
487
696
762
788
459
882
918
416
507
519
570
704
725
761
848
559
722
763
871
710
552
724
516
558
749
780
846
470
593
786
849
903
414
644
813
841
397
603
731
842
801
845
184
869
158
741
772
817
890
924
498
916
400
527
829
419
494
513
805
879
454
564
584
850
481
709
826
883
835
838
126
920
474
622
625
695
701
771
819
363
493
538
193
244
373
909
707
912
372
687
718
436
605
645
657
394
466
896
515
652
533
807
468
574
665
667
758
856
549
697
742
898
303
541
754
339
431
512
529
547
684
839
843
100
785
156
561
428
478
831
197
393
408
828
254
387
582
511
854
907
913
469
793
812
833
551
905
300
377
517
520
654
528
941
384
420
497
521
921
117
282
217
426
884
727
150
572
534
562
646
651
668
670
642
137
522
524
540
548
716
852
656
739
901
484
555
423
554
663
161
165
677
814
345
514
942
732
820
409
500
111
385
449
811
444
180
475
123
880
152
277
389
110
205
223
931
321
859
418
567
730
102
175
207
550
693
177
532
743
926
376
643
682
392
505
480
604
888
675
460
462
495
456
583
804
686
127
476
600
893
935
220
417
403
187
624
189
311
138
525
939
103
279
606
85
131
359
179
304
351
735
235
594
863
922
195
956
711
106
173
340
415
676
659
917
640
240
443
140
904
157
703
523
119
147
234
616
489
557
252
382
588
510
660
929
107
139
479
798
862
658
421
638
461
587
699
569
595
208
705
399
95
313
630
390
910
911
243
291
335
285
853
621
445
134
160
623
247
229
870
927
593
832
330
345
346
351
387
468
507
551
559
102
142
319
416
449
492
500
519
615
667
783
788
184
226
247
279
329
397
407
420
432
463
464
491
525
542
547
556
558
572
654
793
825
112
150
155
158
161
183
193
246
255
362
414
426
431
452
469
476
477
487
496
509
512
537
567
570
590
605
625
646
750
804
909
110
131
135
146
151
169
172
173
197
240
316
321
326
368
370
384
385
400
408
417
419
423
427
440
441
447
461
480
498
499
562
568
583
599
644
692
737
749
755
765
772
805
812
818
826
837
840
842
857
861
890
106
108
111
127
133
149
154
160
166
181
189
192
210
214
223
250
260
261
361
365
374
391
398
409
425
434
457
459
466
467
535
536
554
555
569
576
604
607
608
612
619
623
642
729
738
743
757
764
766
779
802
811
827
829
844
855
883
100
103
109
139
170
179
180
185
204
215
217
241
244
266
269
277
328
355
357
359
364
366
371
372
375
404
406
418
428
439
446
455
462
471
472
482
483
486
494
513
517
518
524
533
538
539
548
552
566
574
577
582
606
640
645
675
684
708
736
742
756
762
775
781
782
794
822
848
851
862
867
872
898
908
93
101
107
117
136
145
156
176
177
182
188
194
195
205
206
207
220
252
262
275
283
285
304
318
343
350
363
373
376
381
390
392
395
422
424
435
442
445
450
451
453
465
475
489
490
501
506
510
515
520
521
527
540
545
550
589
595
620
622
627
659
660
663
689
709
710
713
730
739
740
758
761
763
767
792
796
816
819
821
833
836
838
839
841
849
860
865
871
874
875
881
882
894
897
99
114
119
120
126
128
137
138
141
153
167
168
174
198
211
218
219
228
254
258
259
268
272
274
280
281
282
293
300
313
320
338
339
353
386
388
389
399
421
430
433
443
470
473
488
497
502
516
526
529
530
561
581
585
587
594
601
614
616
628
630
632
634
638
639
652
656
668
670
678
679
686
693
718
728
744
760
773
776
777
780
791
795
797
807
808
813
817
820
828
835
843
850
856
869
879
884
889
892
893
899
903
920
83
85
90
98
123
147
152
159
175
186
190
200
224
230
231
233
236
242
253
284
309
327
332
333
335
336
356
360
377
401
413
415
436
454
460
474
478
484
493
495
503
508
511
514
528
532
534
543
553
557
591
592
598
600
611
629
633
636
641
672
676
680
685
687
707
711
733
747
770
785
790
798
800
806
831
834
846
854
859
863
877
878
880
904
905
907
918
87
115
121
134
144
148
163
165
187
201
208
213
232
234
235
243
245
251
271
297
303
305
306
325
354
382
410
411
444
458
481
485
541
549
563
564
565
575
602
603
624
657
664
665
671
673
695
701
702
704
705
706
715
717
724
726
741
746
748
774
786
787
799
801
847
866
885
891
914
927
62
92
95
104
113
118
124
125
129
157
164
178
202
221
238
256
264
276
291
307
308
311
344
348
349
352
378
393
405
479
504
523
544
586
609
621
635
647
655
666
669
674
677
683
694
703
721
723
727
745
752
753
768
784
814
845
852
873
919
924
929
933
68
73
97
116
143
191
199
225
267
278
295
302
315
369
394
412
429
438
580
584
588
597
613
618
649
650
651
661
690
698
712
725
734
754
803
858
868
896
921
74
81
88
89
96
105
132
209
229
249
263
290
301
383
403
437
505
522
571
573
637
643
688
719
720
722
751
759
810
830
870
901
906
912
935
59
72
75
77
82
94
122
140
239
248
270
287
288
292
299
312
314
322
337
546
578
626
631
681
682
696
697
700
732
778
789
809
824
876
913
916
64
65
70
79
80
86
91
130
212
227
257
265
286
298
310
340
342
380
402
448
456
531
648
658
662
699
714
716
735
823
900
902
911
60
69
171
273
323
324
331
334
347
396
560
596
731
853
864
887
895
926
944
63
66
162
196
237
367
379
617
886
888
910
54
78
289
296
317
610
769
771
925
939
943
57
76
341
358
691
815
917
923
928
931
932
71
222
294
579
653
940
942
61
84
922
51
56
950
58
67
203
216
934
936
952
45
48
50
915
941
951
52
948
53
930
938
46
55
42
956
958
937
945
41
47
49
946
961
949
953
965
37
31
32
966
34
954
959
960
39
982
22
23
40
967
43
963
971
33
947
26
964
27
955
38
44
968
36
957
975
981
20
25
29
962
969
24
972
973
21
985
978
970
14
30
6
976
990
977
12
989
7
28
983
35
15
10
974
986
19
17
979
18
994
991
988
4
984
992
9
980
1
11
5
997
993
987
0
995
2
16
998
996
559
593
832
345
452
468
492
507
509
542
558
667
351
387
416
463
477
500
519
551
615
750
788
825
840
184
330
419
420
487
537
547
567
737
755
764
793
890
102
135
158
193
240
279
346
384
397
398
400
407
440
441
449
469
476
483
491
494
498
525
536
556
568
570
605
654
729
783
804
805
811
822
826
829
909
110
142
150
161
181
183
210
226
255
326
372
408
414
427
432
459
482
496
499
513
555
562
572
582
583
590
625
642
646
708
710
736
743
749
761
762
763
794
797
812
818
837
842
871
899
139
155
173
177
197
207
223
247
250
277
319
321
368
385
409
417
423
426
428
431
447
455
461
464
467
480
515
517
529
539
548
552
554
566
574
604
622
644
645
684
689
692
728
739
740
756
765
766
768
772
781
782
792
796
802
807
819
827
839
841
843
844
861
862
867
872
882
112
131
146
149
151
156
160
169
180
185
189
192
214
217
244
246
304
329
359
361
362
370
373
375
418
425
434
436
457
462
466
470
474
481
486
493
497
502
510
512
514
516
518
521
524
527
533
538
550
569
577
608
652
660
670
693
713
718
747
757
758
760
776
777
779
791
800
808
813
816
833
838
848
849
851
856
857
869
881
883
100
103
106
111
127
133
154
166
172
179
186
204
205
220
254
261
262
269
272
283
285
316
335
339
357
363
364
365
374
376
381
389
392
395
399
404
406
415
422
442
446
451
454
460
465
472
475
484
488
503
506
520
530
535
540
541
561
576
589
595
599
606
607
612
616
619
623
627
640
659
668
672
673
676
679
695
704
709
717
730
733
738
742
775
780
786
790
795
801
817
820
821
828
835
836
850
855
860
879
893
898
93
108
117
119
126
138
145
147
152
195
198
200
208
215
219
228
252
275
293
300
303
328
338
343
350
355
386
390
391
421
424
430
439
443
444
450
453
471
473
478
485
489
490
495
501
511
528
534
543
545
553
557
565
587
594
603
624
630
633
638
656
657
663
665
675
678
685
686
687
707
724
726
744
746
753
767
773
785
798
831
846
854
863
865
884
904
914
918
101
136
137
141
153
165
170
176
182
188
190
206
213
234
235
236
242
253
258
259
260
281
282
313
327
336
354
366
371
377
382
388
394
401
435
508
526
549
564
585
600
611
614
620
628
629
639
651
655
669
671
696
701
705
711
722
723
741
748
752
774
806
814
834
845
847
859
875
877
880
897
903
905
920
924
83
107
134
168
174
175
178
187
211
218
224
230
232
233
241
243
266
274
280
305
306
311
318
332
333
353
360
405
433
445
523
532
575
580
584
592
601
632
647
664
677
682
690
702
703
706
715
721
725
727
734
754
770
784
787
799
852
873
874
892
927
85
90
98
109
113
118
120
121
123
128
140
144
148
157
159
194
201
231
251
268
271
284
291
307
309
325
349
356
369
383
393
403
410
411
413
456
479
581
586
591
634
641
661
680
683
688
694
712
719
720
745
751
778
789
866
878
885
889
894
896
919
935
95
99
114
129
143
163
199
221
225
229
256
278
297
320
348
378
448
458
504
505
522
544
563
588
598
602
613
618
621
626
636
637
650
666
674
697
714
716
731
759
769
809
810
858
868
876
907
916
921
68
87
88
96
104
167
202
238
245
249
264
267
270
276
308
315
334
337
340
412
429
437
438
573
635
643
649
662
698
700
732
735
803
891
908
912
913
929
933
73
115
124
125
239
257
265
287
288
295
301
302
312
314
322
344
352
380
531
546
560
571
609
631
648
681
699
771
824
830
853
864
870
888
74
92
97
105
130
164
191
209
212
227
263
290
292
310
324
367
396
402
578
597
900
901
906
910
911
926
59
62
72
80
89
91
116
122
162
237
248
273
658
823
887
895
902
939
942
60
77
79
82
86
94
196
296
298
317
323
342
379
596
610
617
886
54
65
70
132
222
289
331
815
917
925
940
944
63
64
66
75
78
171
286
294
341
347
691
922
923
931
943
950
76
81
579
203
358
653
928
932
936
69
84
299
915
51
61
71
934
952
216
941
45
56
67
948
951
48
57
58
930
956
53
52
938
958
50
46
55
945
949
953
937
959
946
42
965
31
37
41
47
49
954
961
966
982
960
967
971
40
947
32
963
964
23
43
22
33
34
39
955
968
27
975
38
44
969
26
962
25
20
981
36
957
972
21
24
973
976
978
29
985
14
970
28
6
30
977
989
990
12
7
35
15
983
974
10
17
18
19
986
979
988
991
984
994
980
4
9
1
992
11
5
993
987
997
0
8
995
2
16
998
996
840
768
747
822
542
441
509
899
568
794
825
728
764
729
455
792
755
477
740
536
326
708
832
589
782
795
797
537
689
796
482
777
808
463
737
800
452
765
872
502
837
876
398
746
210
615
723
487
733
848
459
492
725
750
914
483
696
717
762
788
882
918
416
507
570
704
519
903
552
722
780
871
516
710
724
761
846
397
414
559
749
763
786
842
603
644
731
558
849
470
813
845
593
841
772
817
184
741
869
916
158
883
924
527
801
879
498
584
400
709
920
126
513
564
850
454
805
829
835
838
890
363
494
481
419
538
625
701
771
826
912
244
622
193
474
493
707
819
373
695
687
909
718
896
372
394
466
605
645
657
533
515
431
436
652
697
512
574
549
303
742
898
339
468
665
754
856
100
667
758
907
547
839
197
393
529
684
785
254
478
541
156
377
428
807
854
561
117
511
843
408
551
812
387
517
831
905
913
941
582
828
282
520
793
300
833
469
521
654
528
921
217
426
884
384
727
901
150
572
522
716
137
497
852
420
524
534
161
646
656
540
651
111
562
670
677
123
165
663
668
732
423
548
484
554
475
555
642
814
409
820
385
739
942
675
449
532
931
205
345
180
223
110
321
859
880
175
152
277
418
505
567
730
444
480
643
888
102
389
550
604
926
686
376
743
187
207
693
220
392
935
495
177
189
462
600
127
311
417
460
138
811
131
179
939
583
85
195
403
103
456
893
359
235
594
606
682
279
476
956
304
735
514
624
140
340
711
917
922
173
351
525
489
659
106
523
640
929
658
157
234
107
240
382
557
479
703
119
252
147
415
443
804
676
588
616
911
390
904
569
313
699
291
399
587
798
910
243
630
660
461
621
638
95
445
862
285
595
421
208
247
510
623
705
134
870
229
160
68
194
593
832
330
345
387
468
507
559
102
142
351
416
449
500
551
667
783
184
319
346
407
420
463
464
492
519
542
547
556
558
615
788
793
112
150
155
183
193
226
247
279
329
397
431
432
452
476
477
491
496
509
525
567
570
572
646
654
825
110
135
151
158
161
197
240
246
255
316
362
384
400
414
417
419
426
427
440
469
487
498
499
512
537
562
568
590
605
625
692
737
750
755
804
812
818
826
837
840
890
909
108
133
146
149
166
172
173
181
189
192
214
223
250
321
326
368
370
385
391
398
408
409
423
434
441
447
457
459
461
480
555
569
583
599
607
608
642
644
729
743
749
757
764
765
766
772
805
811
827
829
842
855
857
861
883
100
106
109
111
127
131
139
154
160
169
179
180
210
215
244
260
261
357
359
361
364
365
372
374
418
425
439
466
467
471
483
494
513
517
524
533
535
536
538
539
552
554
566
574
576
582
604
612
619
623
645
684
708
738
756
762
775
779
781
802
844
851
862
867
101
103
117
136
156
170
176
177
182
185
195
204
206
207
217
241
262
266
269
275
277
285
304
328
343
350
355
363
366
371
373
375
381
390
395
404
406
428
435
446
450
451
455
462
472
482
486
489
490
501
506
510
515
518
521
527
548
550
577
589
606
622
627
640
659
660
675
689
709
710
730
736
739
740
742
758
761
767
782
794
816
819
821
822
833
839
841
848
849
860
865
871
872
874
875
881
882
898
107
119
126
128
137
138
141
145
167
168
174
188
205
220
228
252
254
258
259
268
272
280
281
283
318
338
339
376
388
392
399
422
424
430
442
445
453
465
470
473
475
497
502
516
520
529
540
545
581
585
587
594
595
620
628
630
634
639
652
663
670
679
693
713
718
744
760
763
777
780
791
792
796
797
807
808
817
820
835
836
838
856
879
884
889
893
894
897
899
904
920
83
90
93
99
114
120
147
152
153
159
175
186
194
198
200
211
218
224
230
233
236
242
253
274
282
284
293
300
313
320
327
333
335
336
353
360
377
386
389
401
413
415
421
433
436
443
454
460
474
478
484
488
493
495
508
511
514
526
528
530
534
543
553
561
592
598
600
601
611
614
616
629
632
633
636
638
656
668
672
678
685
686
687
728
747
770
773
776
785
790
795
798
800
813
828
843
850
854
859
863
869
878
892
903
905
85
98
123
134
144
163
165
187
190
208
213
231
232
234
235
245
251
303
305
306
309
325
332
354
356
382
410
411
444
458
481
485
503
532
541
549
557
563
575
591
602
624
641
657
665
671
673
676
680
695
702
704
706
707
711
715
726
733
741
746
774
786
799
801
806
831
834
846
847
877
880
885
907
918
927
87
113
115
118
121
124
129
148
178
201
202
219
221
243
264
271
276
291
297
307
311
348
352
378
393
479
523
544
564
565
586
603
609
621
635
647
655
664
669
674
677
683
694
701
703
705
717
721
723
724
727
745
748
752
753
768
784
787
814
845
852
866
891
914
924
929
92
95
97
104
116
125
157
164
199
225
238
256
278
295
308
315
344
349
369
394
405
412
429
438
504
580
584
588
597
613
618
650
651
661
666
725
734
754
803
858
868
873
896
919
933
62
68
73
74
88
89
96
105
143
191
209
229
249
267
301
302
383
403
505
571
637
649
688
690
698
712
720
722
751
759
870
912
921
935
72
75
77
81
94
122
132
140
263
270
287
288
290
312
314
337
437
522
573
578
626
643
682
696
697
700
719
778
789
809
810
830
901
906
908
916
64
70
82
86
91
130
212
227
239
248
257
265
286
292
298
299
322
340
342
448
531
546
631
648
662
681
699
716
732
823
824
876
902
911
913
59
65
79
80
273
310
323
324
331
334
347
380
396
402
456
560
658
714
731
735
853
864
895
900
926
944
60
63
66
69
162
171
196
237
367
379
596
887
888
910
54
78
289
296
317
610
617
769
771
886
925
932
943
76
341
815
917
923
931
939
71
222
294
358
579
653
691
928
940
942
57
61
84
922
51
950
56
58
67
203
216
934
936
45
952
48
50
915
941
951
52
948
53
930
938
46
55
956
42
937
945
958
41
49
946
47
949
953
961
37
965
32
31
954
959
960
966
34
39
982
23
40
967
22
43
947
963
971
33
26
955
964
27
38
44
968
36
957
975
981
20
25
29
962
969
24
972
973
21
985
978
14
970
6
30
976
977
990
12
989
7
28
983
35
15
10
974
986
19
17
979
18
994
991
988
992
4
984
9
980
1
11
5
997
993
987
0
995
2
16
998
996
593
832
507
509
542
559
345
387
416
452
463
468
477
492
500
519
558
615
788
840
330
351
419
420
449
537
547
551
556
568
667
750
755
793
825
890
102
158
184
397
400
407
414
440
441
469
476
487
491
498
525
567
570
605
625
646
654
729
737
783
804
826
837
909
142
150
193
255
279
326
346
384
398
408
426
427
431
432
459
464
483
494
496
499
536
562
572
590
642
644
692
708
749
761
764
805
811
812
818
822
829
110
135
146
161
180
183
197
210
223
226
240
319
321
362
368
372
385
409
417
423
434
447
461
466
467
480
482
512
513
517
533
539
548
552
554
555
582
583
645
684
689
710
736
740
743
756
762
763
765
766
772
782
794
797
802
819
841
842
857
861
867
871
872
899
112
131
139
151
155
169
172
173
177
181
189
192
207
244
247
277
329
359
361
365
373
374
418
425
428
446
451
455
457
462
470
486
493
497
510
515
518
521
524
527
529
535
538
566
569
574
576
577
589
599
604
606
608
612
622
670
709
713
728
739
742
747
757
758
760
768
777
781
791
792
795
796
807
808
813
827
833
843
844
848
849
851
855
862
869
882
883
898
100
103
106
108
111
127
133
149
156
160
179
185
204
205
214
217
246
250
261
269
285
304
316
339
350
357
363
364
370
375
376
389
391
392
395
404
406
421
422
436
439
442
443
453
454
465
471
472
474
475
481
484
501
502
506
514
516
520
540
550
561
595
607
619
623
627
640
652
659
660
663
668
675
679
693
695
717
718
730
733
738
775
776
779
780
800
801
816
817
820
821
828
831
835
838
839
850
856
860
879
881
893
914
918
101
117
119
126
136
145
152
154
166
182
186
198
215
220
252
254
262
272
275
283
300
335
338
343
355
366
371
381
390
399
415
424
430
435
444
445
450
460
478
485
488
489
490
495
503
511
526
528
530
534
541
545
557
564
565
587
594
616
620
629
630
633
638
656
657
665
672
673
676
686
687
704
707
711
723
724
726
741
744
746
767
773
774
785
786
790
798
836
846
854
863
865
884
897
903
904
905
920
93
107
137
138
153
175
176
188
195
200
206
208
233
241
242
260
274
281
282
293
303
313
327
328
336
377
386
388
393
401
411
473
508
532
543
549
553
575
581
585
600
601
603
611
614
624
634
639
651
678
685
701
702
705
722
725
748
752
753
787
799
806
814
834
845
847
859
874
875
877
880
889
892
924
83
85
109
134
141
147
165
168
170
174
187
190
194
211
219
228
231
234
235
236
253
258
259
266
268
280
305
309
318
333
353
354
356
360
382
394
403
405
410
413
433
479
523
584
591
592
598
628
632
641
655
664
669
671
680
682
696
703
706
715
721
727
734
745
751
770
852
866
873
878
885
894
907
927
90
95
99
118
120
123
128
144
148
157
159
178
201
213
224
230
232
243
251
284
291
306
311
320
325
332
349
369
383
448
458
544
563
580
586
588
602
613
618
621
636
643
647
649
661
666
677
688
690
694
712
720
754
778
784
803
858
876
891
896
912
916
919
921
933
87
98
104
113
114
121
140
143
163
218
221
225
245
256
271
307
348
352
378
429
438
456
504
505
522
609
626
635
637
650
674
683
697
698
719
759
789
809
810
868
906
913
929
935
88
96
115
124
125
129
167
199
202
229
238
264
267
270
276
278
297
302
308
322
337
340
344
380
412
437
546
571
573
662
681
700
714
716
731
732
735
830
853
870
901
908
68
73
92
209
239
249
287
295
301
312
314
315
334
396
402
578
597
631
648
658
699
769
771
824
888
910
911
926
59
62
72
74
80
89
94
97
105
116
122
130
164
191
212
227
257
263
265
288
290
324
367
531
560
823
864
887
895
900
902
77
79
82
91
132
162
237
248
273
292
298
310
323
331
342
379
596
886
917
931
939
940
942
944
60
64
65
70
81
86
196
317
610
617
691
923
925
54
63
66
75
286
289
294
296
347
815
922
932
943
76
78
171
222
299
341
653
928
950
69
358
579
915
936
71
941
57
61
203
934
51
84
216
951
952
67
948
956
45
56
58
930
938
48
52
53
958
945
50
949
953
46
55
937
946
961
965
959
42
47
49
954
960
966
982
37
41
967
31
32
971
40
947
963
964
23
22
33
34
39
955
43
968
26
27
44
957
969
975
981
38
962
20
25
36
972
973
978
985
24
29
976
21
970
14
30
977
989
990
6
983
28
12
7
35
15
974
10
986
979
19
17
994
18
988
991
980
984
992
4
9
1
11
997
5
987
993
0
995
16
2
8
996
998
13
840
768
822
747
542
441
509
899
568
825
728
794
764
455
729
755
792
477
536
740
326
708
832
782
795
589
797
796
537
689
463
482
777
452
737
800
808
872
502
765
398
615
723
876
210
746
837
487
848
459
483
492
733
750
788
882
416
696
704
717
725
762
914
507
570
918
519
722
552
871
710
761
846
516
724
903
559
749
780
786
397
414
558
603
763
842
849
470
644
731
813
841
184
593
845
869
817
741
772
916
158
801
879
527
883
924
498
400
584
850
513
564
709
920
126
454
481
829
838
890
494
805
363
835
419
622
701
771
826
538
625
819
244
373
474
493
193
707
695
912
605
687
718
909
372
394
645
896
466
657
533
652
436
515
431
574
697
754
303
549
339
468
512
665
667
742
758
807
856
898
100
547
839
684
197
478
541
785
907
254
529
843
156
393
428
561
812
377
854
905
117
387
408
511
517
551
582
828
300
831
913
282
469
520
654
793
833
941
528
521
884
217
426
921
384
727
497
572
716
137
150
420
522
852
901
524
534
646
656
161
540
651
562
668
677
732
554
670
423
111
123
165
475
548
555
663
820
484
409
642
739
814
385
180
859
345
532
942
205
223
321
449
505
110
277
418
675
152
444
480
567
643
730
931
175
880
888
389
604
514
550
743
102
376
207
926
686
311
417
462
187
220
600
495
583
893
189
392
460
693
935
131
177
138
127
735
939
403
85
195
456
682
359
103
525
179
594
235
606
304
476
279
711
624
351
523
956
340
659
640
804
862
140
922
658
173
106
443
811
489
917
415
557
676
252
157
929
479
119
240
382
588
107
234
703
147
616
569
699
313
798
421
390
399
638
587
291
621
445
630
243
510
911
285
461
500
863
904
595
95
247
208
853
660
623
194
705
599
910
694
134
229
870
908
433
160
619
335
68
832
345
468
593
330
351
387
416
507
551
559
102
142
346
449
492
667
825
150
184
226
247
279
319
407
420
452
463
464
491
500
519
525
542
547
556
558
567
615
783
788
793
110
112
135
155
158
161
183
193
246
255
329
397
400
431
432
469
476
477
487
496
537
570
572
654
750
804
890
151
169
172
173
181
197
240
250
316
326
362
368
370
384
408
414
419
427
440
441
461
480
498
499
509
512
562
568
583
590
605
625
646
737
749
755
764
772
805
811
812
818
826
840
842
861
909
103
106
108
111
117
127
131
133
139
146
149
154
160
166
189
192
210
214
215
223
261
321
328
359
361
364
385
398
409
417
423
426
434
447
457
459
467
535
536
555
569
574
582
607
608
642
729
743
757
762
765
766
779
781
802
829
837
844
855
857
862
871
883
100
109
170
177
179
185
204
207
217
244
260
262
269
277
357
365
366
372
373
374
375
381
391
425
428
439
455
471
482
483
494
513
517
518
524
527
533
538
539
548
552
554
566
577
599
604
612
619
623
644
645
660
684
692
708
736
738
740
756
775
794
819
827
839
841
848
849
851
867
872
875
882
101
107
136
137
138
145
156
174
176
180
195
206
220
228
258
259
266
275
283
285
304
338
343
350
355
363
371
376
390
392
395
404
406
418
422
424
430
442
446
450
451
462
466
472
475
486
489
497
501
502
506
510
515
521
529
540
545
550
576
595
606
622
627
640
652
659
675
693
709
710
713
730
739
761
763
767
782
792
796
797
816
820
821
822
833
836
843
856
860
865
874
881
893
898
899
83
93
114
119
120
126
128
141
147
153
168
182
186
188
198
200
205
218
230
241
242
252
254
272
281
293
300
309
318
335
339
353
360
388
389
399
435
443
453
465
470
473
488
490
514
516
520
528
530
543
553
561
587
589
594
616
620
628
638
663
668
670
672
679
689
718
728
742
758
760
773
776
777
780
790
791
800
807
808
813
817
835
838
850
869
879
884
889
894
897
903
905
920
85
90
98
99
123
152
159
165
167
190
194
208
211
219
224
233
234
236
253
268
280
282
313
327
332
333
336
354
377
382
386
401
415
421
436
445
454
460
474
478
481
484
493
495
503
508
511
526
532
534
585
592
600
601
611
614
629
630
632
633
639
656
673
676
678
685
686
687
704
707
744
747
770
785
786
795
798
801
828
847
854
859
863
892
904
918
927
87
113
115
118
121
124
129
134
144
148
163
175
178
187
201
213
231
232
235
243
245
251
271
274
284
297
303
305
306
307
320
325
356
411
413
433
444
485
541
557
565
575
581
598
624
634
636
641
655
657
665
669
671
674
680
702
705
711
726
733
741
746
768
774
806
831
834
846
852
877
878
880
885
891
914
88
92
95
157
202
221
225
276
278
291
295
311
349
378
405
410
458
479
523
544
549
563
564
580
586
591
602
603
647
651
664
677
683
695
701
703
706
715
717
721
723
724
727
745
748
752
753
784
787
799
814
845
866
873
907
919
929
68
73
97
104
105
116
125
143
199
238
256
264
267
308
315
348
352
369
383
394
403
438
504
505
584
588
613
618
621
635
637
650
661
666
690
694
712
734
754
858
868
896
921
924
62
74
75
89
96
140
164
191
229
249
263
288
301
302
314
344
393
412
429
437
522
571
573
597
609
649
688
698
719
720
722
725
759
789
803
933
935
64
70
72
77
81
82
86
130
132
209
239
248
257
265
270
290
292
312
337
340
456
531
546
626
631
648
682
696
700
714
751
778
810
824
830
870
876
906
908
911
912
913
916
59
79
80
91
94
122
212
227
286
287
298
310
322
334
380
448
578
643
681
697
716
731
732
809
823
864
900
901
902
926
63
65
66
162
171
237
273
299
323
324
342
347
396
402
560
662
699
735
769
853
888
895
54
60
69
78
196
296
331
367
379
596
886
887
910
944
289
610
617
658
771
939
76
222
317
815
917
925
928
943
51
61
71
84
294
341
358
579
691
923
931
932
942
57
653
922
940
950
56
67
45
58
203
216
934
936
952
48
50
53
915
948
52
951
46
930
941
55
938
945
956
41
42
958
47
49
937
949
37
961
32
946
953
965
31
966
40
954
959
22
34
39
43
982
23
960
963
967
33
947
971
26
27
964
955
968
38
44
36
20
25
962
969
975
957
981
24
29
21
972
973
978
985
976
14
6
30
970
990
977
12
28
989
7
35
15
983
10
974
19
17
18
986
979
994
991
988
4
980
984
9
1
992
11
5
997
993
987
0
995
2
16
998
996
542
559
593
832
387
416
452
468
492
500
507
509
330
345
351
420
463
477
519
551
558
615
667
750
788
840
184
397
407
419
449
487
525
537
547
556
567
568
570
625
729
737
755
783
793
825
890
102
158
193
279
346
384
398
400
414
427
432
440
441
459
469
476
483
491
494
496
498
536
562
572
590
605
642
646
654
749
761
764
804
805
811
822
826
829
837
909
110
135
142
150
183
210
226
240
255
326
368
385
408
417
423
426
431
461
464
467
480
482
499
512
513
539
582
583
644
645
689
692
708
710
736
740
743
756
762
763
765
772
794
802
812
818
871
899
139
146
155
161
173
180
181
197
223
247
277
319
321
359
361
362
372
409
418
425
428
434
447
455
457
462
466
470
493
510
515
517
518
521
524
527
533
535
538
548
552
554
555
569
574
577
589
599
604
608
622
684
728
739
742
757
758
766
777
781
782
796
797
807
808
819
827
833
841
842
844
848
849
851
857
861
867
872
882
883
106
112
127
131
149
151
156
160
169
172
177
189
192
207
214
217
244
246
250
304
329
339
357
364
365
370
373
374
375
376
389
391
392
404
422
436
442
446
451
454
472
474
475
481
486
497
502
506
514
516
529
540
550
561
566
576
606
607
612
623
640
652
659
660
663
668
670
679
693
695
709
713
717
718
730
733
738
747
760
768
775
776
779
780
791
792
795
800
801
813
816
821
828
835
838
839
843
850
855
856
862
869
879
881
893
898
100
103
108
111
126
133
154
166
179
185
204
205
220
252
254
261
262
269
272
285
300
316
335
350
355
363
371
381
395
399
406
415
421
430
435
439
443
445
450
453
460
465
471
478
484
488
489
490
495
501
520
528
530
534
545
565
587
595
616
619
620
627
656
665
672
675
676
686
687
704
707
744
746
767
785
786
790
798
817
820
831
836
846
860
863
865
884
903
904
905
914
918
93
101
107
117
119
136
137
138
145
152
153
175
182
186
195
198
200
206
215
241
242
260
275
283
293
303
328
338
343
366
386
388
390
401
424
444
473
485
503
511
526
541
543
549
553
557
564
585
594
600
601
603
611
614
624
629
630
633
638
639
657
673
678
685
701
711
723
724
726
741
748
752
753
773
774
799
806
834
854
859
875
877
880
889
892
897
920
924
83
85
141
147
165
170
174
176
188
190
194
208
219
228
233
234
235
236
253
258
259
266
268
274
281
282
313
318
327
333
336
353
354
356
377
382
393
394
410
411
413
433
479
508
523
532
575
581
584
592
628
632
634
641
651
655
671
682
696
702
705
706
715
721
722
725
727
770
787
814
845
847
874
894
907
927
90
109
118
120
123
128
134
144
148
157
159
168
187
211
213
224
230
231
243
251
280
305
306
309
311
320
332
360
383
403
405
580
586
591
598
602
621
647
661
664
669
677
680
690
694
703
720
734
745
751
754
778
784
852
866
873
878
885
896
921
95
98
99
113
114
121
140
163
178
201
218
232
271
284
291
307
325
349
352
369
378
429
438
448
456
458
504
505
522
544
563
588
613
618
626
635
636
643
649
650
666
674
683
688
697
712
719
759
789
803
858
876
891
912
916
919
929
933
935
87
104
129
143
167
199
202
221
225
229
245
256
264
297
308
344
348
380
412
437
546
571
573
609
637
662
698
700
714
716
731
732
809
810
830
868
870
901
906
913
68
88
96
115
124
125
238
239
249
267
270
276
278
287
302
312
315
322
334
337
340
396
402
578
597
631
648
681
699
735
769
771
824
853
908
926
73
92
97
122
164
209
227
257
265
288
290
295
301
314
531
560
658
864
887
888
895
900
902
910
911
59
62
72
74
77
80
82
89
94
105
116
130
132
162
191
212
237
248
263
273
292
310
323
324
342
367
823
939
60
64
79
86
91
196
298
317
331
379
596
610
617
886
917
925
931
940
942
944
65
66
70
75
81
286
296
347
691
815
923
943
54
63
171
222
289
294
341
922
932
950
76
78
299
579
653
928
936
69
358
915
71
203
934
941
51
57
61
84
952
216
948
951
45
56
58
67
956
48
52
930
938
958
53
945
50
55
946
949
953
46
937
965
959
961
42
47
966
37
41
49
954
960
982
31
967
32
40
971
947
963
23
964
34
955
22
33
39
43
968
26
27
44
957
969
975
38
981
962
20
25
36
972
978
973
985
24
976
21
29
970
14
30
977
989
990
6
983
28
7
12
35
15
974
10
979
986
19
17
994
18
988
991
980
984
992
4
9
1
11
997
5
987
993
0
995
16
2
8
996
998
13
840
768
822
542
747
509
899
441
568
728
794
825
764
729
455
755
477
792
536
740
832
708
326
795
797
782
537
589
482
689
796
800
452
463
777
808
737
872
502
765
837
398
615
746
876
723
750
210
483
487
492
733
848
882
914
459
696
717
788
918
416
704
725
762
507
519
570
871
722
761
903
552
559
710
724
763
846
516
780
786
558
749
842
397
414
470
603
813
849
593
644
731
841
845
869
184
801
817
158
772
879
916
924
741
920
498
527
400
883
890
513
584
805
829
850
454
494
564
709
126
419
481
835
838
701
826
363
622
625
771
474
244
538
695
819
912
193
373
493
707
909
372
687
718
605
645
657
394
896
436
466
652
515
533
574
468
665
697
898
303
431
549
667
807
856
742
754
758
339
512
839
100
529
541
547
684
785
843
197
428
478
561
156
254
393
907
408
831
913
511
582
812
828
854
377
387
793
551
905
469
517
833
941
117
300
520
654
282
528
921
521
217
384
497
420
426
884
727
150
572
852
137
522
534
651
716
562
646
668
670
901
524
540
656
123
161
642
677
820
942
165
423
484
548
111
554
555
663
732
814
739
345
385
409
475
931
514
811
180
444
880
223
449
110
205
277
926
152
321
532
389
859
418
730
567
888
175
505
550
675
480
207
604
643
935
102
376
743
177
392
495
686
693
460
682
220
500
583
600
939
187
189
456
462
127
311
417
893
138
403
103
476
131
179
804
606
624
279
359
195
735
85
304
235
594
351
956
340
525
711
173
917
659
106
922
140
640
676
119
523
929
415
240
489
443
157
234
703
147
252
382
616
904
557
658
107
798
479
588
911
863
638
569
587
660
699
390
313
910
421
399
510
461
595
630
862
291
243
95
208
705
621
285
445
335
134
247
623
160
908
919
870
229
68
593
832
330
345
351
387
468
507
551
559
102
142
319
416
449
492
500
615
667
783
184
346
407
420
463
464
519
525
542
547
556
558
788
793
112
150
155
158
161
183
193
226
246
247
279
329
362
397
414
431
432
452
469
476
477
487
491
496
509
537
567
570
572
590
625
646
654
750
804
825
110
135
146
151
172
197
240
255
316
384
400
408
417
419
426
427
440
441
480
498
499
512
562
568
605
692
737
749
755
812
818
826
837
840
857
861
890
909
106
108
127
133
149
166
169
173
181
189
192
210
214
223
250
260
321
326
365
368
370
385
391
398
409
423
434
447
457
459
461
466
555
569
583
599
604
607
608
612
623
642
644
729
743
757
764
765
766
772
802
805
811
827
829
842
844
855
883
100
103
109
111
131
139
154
160
170
179
180
215
244
261
269
328
355
357
359
361
364
366
372
374
375
406
418
425
439
462
467
471
472
483
494
513
517
524
533
535
536
538
539
552
554
566
574
576
577
582
619
645
675
684
708
738
756
762
775
779
781
822
848
851
862
867
101
107
117
136
145
156
176
177
182
185
188
195
204
206
207
217
220
241
262
266
275
277
285
304
343
350
363
371
373
381
390
395
404
422
428
435
442
445
446
450
451
455
475
482
486
489
490
501
506
510
515
518
521
527
540
545
548
550
589
606
620
622
627
640
659
660
663
689
709
710
713
730
736
739
740
742
758
761
767
782
794
796
816
819
821
833
838
839
841
849
860
865
871
872
874
875
881
882
898
119
126
128
137
138
141
153
167
168
174
194
198
205
211
228
252
254
258
259
268
272
280
281
283
318
338
339
376
388
392
399
424
430
443
453
465
470
473
488
497
502
516
520
529
561
581
585
587
594
595
601
616
628
630
632
634
638
639
652
670
678
679
686
693
718
728
744
760
763
773
777
780
791
792
797
807
808
817
820
835
836
843
856
869
879
884
889
893
894
897
899
903
904
920
83
90
93
99
114
120
147
152
159
175
186
200
218
219
224
230
233
236
242
253
274
282
284
293
300
309
313
320
327
332
333
335
336
353
360
377
386
389
401
413
415
421
433
436
454
460
474
478
484
493
495
508
511
514
526
528
530
534
543
553
557
592
598
600
611
614
629
633
636
656
668
672
685
687
711
733
747
770
776
785
790
795
798
800
806
813
828
831
846
850
854
859
863
877
878
880
892
905
85
87
98
115
121
123
134
144
163
165
187
190
201
208
213
231
232
234
235
243
245
251
271
297
303
305
306
325
354
356
382
410
411
444
458
481
485
503
532
541
549
563
564
565
575
591
602
603
624
641
657
665
671
673
676
680
695
702
704
706
707
715
717
726
741
746
774
786
799
801
834
847
866
885
891
907
914
918
927
92
95
104
113
118
124
125
129
148
157
178
202
221
264
276
291
307
311
348
349
352
378
393
479
504
523
544
586
609
621
635
647
655
664
669
674
677
683
701
703
705
721
723
724
727
745
748
752
753
768
784
787
814
845
852
924
929
97
116
164
199
225
238
256
267
278
295
308
315
344
369
394
405
412
429
438
580
584
588
597
613
618
649
650
651
661
666
690
694
698
725
734
754
803
858
868
873
896
919
933
62
68
73
74
88
89
96
105
143
191
209
229
249
290
301
302
383
403
437
505
522
571
637
643
688
712
720
722
751
759
830
870
906
912
921
935
72
75
77
81
82
94
122
132
140
263
270
287
288
312
314
337
546
573
578
626
681
682
696
697
700
719
778
789
809
810
901
916
64
70
79
86
91
130
212
227
239
248
257
265
286
292
298
299
310
322
340
342
380
448
456
531
631
648
662
699
714
716
732
823
824
876
902
908
911
913
59
65
80
171
273
323
324
331
334
347
396
402
560
596
658
731
735
853
864
887
895
900
926
944
60
63
66
69
162
196
237
367
379
617
886
888
910
54
78
289
296
317
610
769
771
925
932
943
76
341
691
815
917
923
928
931
939
71
222
294
358
579
653
940
942
57
61
84
922
51
56
950
58
67
203
216
934
936
952
45
48
50
915
941
951
52
948
53
930
938
46
55
956
958
42
937
945
41
47
49
946
961
949
953
32
37
965
31
966
954
959
960
34
39
982
23
40
967
22
43
947
963
971
33
26
955
964
27
38
44
968
36
957
975
981
20
25
29
962
969
24
972
973
21
978
985
970
14
6
30
976
990
977
12
989
7
28
983
35
15
10
974
986
19
17
979
18
994
991
988
992
4
984
9
1
980
11
5
997
987
993
0
995
16
2
998
996
542
559
593
832
345
387
416
452
468
492
507
509
330
420
463
477
500
519
551
558
615
667
750
788
351
400
419
449
487
498
525
537
547
556
567
568
755
793
825
840
890
102
158
184
279
346
384
397
407
414
432
440
441
459
469
476
483
491
494
536
570
605
625
642
654
729
737
764
783
804
811
135
150
193
255
326
368
372
385
398
408
417
426
427
431
461
464
482
496
499
513
555
562
572
582
583
590
644
646
708
736
740
743
749
761
762
763
772
794
797
805
812
818
822
826
829
837
871
110
142
161
181
183
197
210
223
226
240
247
319
321
362
373
409
423
428
434
447
455
467
480
493
510
512
517
518
524
529
535
539
548
552
554
566
569
574
577
608
645
684
689
692
710
728
739
756
765
766
768
781
782
802
808
819
849
861
867
872
882
899
909
139
146
155
169
173
177
180
189
192
207
244
277
304
329
359
361
364
365
370
374
375
376
392
418
422
425
436
442
446
451
457
462
466
470
474
475
481
486
497
502
514
515
516
521
527
533
538
540
550
561
589
595
599
604
606
612
622
652
660
668
670
693
709
713
730
733
742
747
757
758
760
775
777
779
791
792
796
800
807
813
821
827
833
839
841
842
843
844
848
851
856
857
862
869
883
103
106
112
131
151
156
160
172
179
185
204
205
214
217
246
250
254
261
269
272
285
300
316
335
338
339
350
357
363
381
389
391
395
404
406
415
421
430
439
443
444
453
454
460
465
471
472
484
489
490
501
503
506
520
528
530
534
545
576
587
607
616
619
623
627
640
659
663
665
672
673
676
679
686
695
704
707
717
718
746
776
780
786
790
795
801
816
820
828
831
835
836
850
855
879
881
898
100
108
111
127
133
145
149
152
154
166
186
198
220
242
252
262
283
293
328
343
355
366
371
377
390
399
424
435
445
450
473
478
485
488
495
511
526
541
543
553
557
565
594
600
603
614
620
624
630
633
638
656
657
675
678
685
687
701
711
724
726
738
741
744
752
753
767
773
774
785
798
817
838
846
860
893
903
905
914
918
93
117
119
126
136
137
147
153
165
182
195
200
208
215
219
233
234
236
260
275
281
303
313
327
336
353
354
360
382
386
388
394
401
508
523
532
549
564
575
585
601
611
628
629
639
651
655
671
696
702
705
721
722
723
727
748
787
799
806
814
834
845
847
854
859
863
865
875
877
884
889
892
897
904
920
83
101
107
138
141
170
174
175
176
187
188
190
206
213
228
230
235
241
253
258
259
266
274
282
305
306
318
333
356
383
393
403
405
410
411
413
433
456
479
580
581
584
586
592
632
634
641
647
669
677
680
682
690
703
706
715
725
734
745
754
770
852
873
874
880
927
85
95
109
123
134
148
157
159
168
178
194
201
211
218
224
231
232
243
268
291
309
311
332
349
369
378
505
544
588
591
598
602
613
618
626
649
650
661
664
674
683
688
694
712
714
720
751
778
784
866
876
878
885
894
896
924
90
98
99
113
118
121
128
140
143
144
163
225
251
271
280
284
307
320
325
348
429
437
438
448
458
504
522
546
563
621
635
636
637
643
666
719
731
759
789
803
809
868
907
916
919
921
87
114
120
124
129
199
202
221
229
245
249
256
264
267
278
297
308
314
334
337
340
352
380
412
571
573
609
631
648
681
697
698
700
716
732
735
769
810
824
830
858
891
906
912
913
929
933
935
68
88
96
104
125
167
227
239
270
276
287
288
295
301
302
312
315
322
344
396
402
531
560
578
597
662
699
771
853
870
908
73
74
92
105
115
122
212
238
257
263
265
292
310
367
864
888
900
901
926
59
77
80
89
130
164
191
209
237
248
273
290
324
658
823
887
895
902
910
62
72
79
82
94
97
116
132
162
196
296
298
317
323
331
342
379
596
610
617
886
911
939
942
60
64
66
70
86
91
222
286
289
347
691
815
917
931
950
54
65
75
81
171
294
341
579
922
923
925
940
944
63
78
653
943
76
203
299
358
928
932
69
71
936
61
915
51
57
84
934
941
67
216
948
951
952
45
56
956
48
52
53
58
930
958
938
945
949
46
50
55
953
937
946
959
965
961
37
41
42
40
47
49
954
966
982
31
32
960
967
963
971
22
23
964
34
43
947
33
39
955
968
26
27
44
969
975
25
957
981
38
20
36
962
24
978
21
972
973
976
985
29
970
14
30
989
6
28
990
977
7
12
35
983
15
10
974
19
17
979
980
986
994
18
988
991
984
4
9
992
1
11
5
997
993
987
0
995
8
2
16
998
996
13
840
768
822
747
441
542
509
825
899
568
728
794
729
764
455
792
755
477
536
740
326
708
795
832
589
782
797
796
537
689
777
872
463
482
800
808
452
737
765
502
398
837
876
210
723
746
615
848
487
459
483
492
725
733
750
882
570
696
704
717
762
788
416
507
519
914
918
722
903
552
846
871
710
724
516
749
761
780
842
397
414
559
603
786
849
558
731
763
470
644
813
845
817
841
869
184
593
772
879
916
741
883
158
924
527
801
920
126
498
584
400
709
838
850
513
564
363
454
805
829
890
481
494
701
835
538
771
244
419
622
625
826
819
912
474
193
373
707
493
687
695
718
896
909
372
394
466
605
645
657
533
515
436
652
697
431
574
754
303
549
898
512
100
339
468
907
665
742
839
667
856
197
758
785
547
684
254
393
478
541
812
117
156
529
807
377
428
843
408
561
854
905
511
282
517
551
300
387
520
582
828
793
831
913
941
469
833
654
884
217
521
528
921
426
727
384
572
716
852
901
137
150
522
123
161
420
497
534
111
524
540
656
677
646
651
562
165
668
670
732
423
663
484
554
409
548
814
475
385
642
555
739
859
675
942
931
449
532
345
205
321
888
110
223
820
175
180
418
480
505
880
277
730
152
643
604
926
444
550
567
389
102
376
187
686
220
207
743
935
311
495
693
138
189
392
939
127
600
893
462
177
195
131
417
460
583
179
85
403
103
456
235
359
594
606
956
279
304
735
340
682
476
624
140
711
351
514
173
659
489
917
106
922
929
640
862
525
658
523
234
107
240
382
147
252
703
157
415
443
557
804
119
479
911
616
390
588
676
569
313
291
699
399
798
243
587
630
621
95
908
638
660
285
811
445
595
247
904
461
705
623
208
910
134
870
421
