729
756
766
796
454
457
461
482
494
497
498
500
502
506
513
517
520
539
547
693
703
710
711
725
727
728
730
731
735
737
738
740
741
742
743
745
748
750
751
753
754
757
759
760
762
768
769
771
772
774
775
779
783
788
789
795
808
814
816
817
821
833
835
836
839
840
844
847
849
879
880
887
398
411
424
425
435
437
439
441
442
444
445
449
450
451
452
453
455
456
460
463
465
466
468
471
472
474
476
477
478
479
480
481
486
487
488
489
490
491
492
493
495
496
499
501
503
504
507
508
509
510
511
512
514
516
518
519
521
523
524
526
527
529
530
531
532
533
535
536
537
540
541
542
543
545
550
551
552
560
561
562
564
568
571
578
587
593
595
605
625
642
647
654
656
660
664
668
669
670
672
673
674
676
682
687
689
691
694
696
701
702
704
705
706
708
709
712
713
714
715
716
717
718
719
720
721
722
723
724
726
732
733
734
736
739
744
746
747
749
752
755
758
761
763
764
765
767
770
773
776
777
778
780
781
782
784
785
786
790
791
794
797
798
799
800
801
802
803
804
805
806
807
811
812
813
815
819
820
822
823
824
828
829
830
831
832
834
837
841
843
845
846
850
851
852
853
854
855
856
858
859
860
862
863
867
869
870
872
876
884
886
890
895
899
903
904
905
908
909
910
340
352
356
376
385
387
392
394
395
397
400
401
402
403
404
405
407
412
413
414
415
416
419
420
421
423
426
427
428
429
430
431
432
433
436
438
440
443
446
447
448
458
462
464
467
469
470
473
475
483
484
485
505
515
522
525
528
534
538
544
546
548
549
553
554
555
556
557
559
565
566
567
569
570
573
574
575
580
582
583
584
586
590
591
592
596
597
600
603
604
606
608
617
618
620
624
630
632
633
635
636
637
638
640
643
644
646
651
652
653
657
658
659
661
662
663
665
666
667
671
675
678
679
680
681
683
684
685
686
690
692
695
697
698
699
700
707
787
792
793
809
810
818
825
826
827
838
842
848
857
861
864
865
866
868
871
873
874
875
878
881
882
883
885
888
889
891
892
893
896
897
898
900
901
906
912
914
915
917
918
921
108
131
140
144
145
146
149
158
162
164
168
178
199
230
233
336
351
357
359
360
363
365
367
369
370
371
375
377
378
379
381
382
383
384
386
388
389
391
393
396
399
406
408
409
410
417
418
422
434
459
563
572
576
577
579
581
585
588
589
594
598
599
601
607
611
612
613
614
615
616
619
621
622
623
626
627
628
629
631
634
639
645
649
650
655
677
688
877
894
902
907
911
913
916
919
920
922
923
924
926
109
110
113
119
121
123
124
125
128
129
130
132
133
136
137
138
139
142
143
147
148
150
151
153
154
155
156
159
161
165
169
172
173
177
179
180
181
182
183
184
185
186
187
190
194
197
198
200
201
204
207
210
212
217
218
219
220
222
225
236
246
254
264
272
277
278
281
286
295
300
301
303
308
311
315
317
323
324
326
327
329
330
331
332
335
337
339
343
345
346
347
349
350
353
354
355
358
362
364
366
368
372
373
374
380
390
558
602
609
641
648
925
927
929
930
931
932
934
935
936
942
944
87
90
92
93
94
95
96
99
100
101
102
103
105
106
107
111
115
117
118
122
126
127
134
135
141
152
157
160
163
166
167
170
171
175
176
189
192
193
195
203
205
206
208
211
213
214
215
221
223
226
227
229
232
235
238
239
241
242
243
244
247
248
249
250
252
253
257
258
260
262
267
268
269
270
275
279
280
283
284
285
287
291
292
293
294
298
304
305
307
310
312
313
314
316
318
319
320
325
328
333
334
338
341
342
344
361
610
928
933
938
939
940
941
943
79
80
84
85
86
89
91
97
98
104
112
114
116
120
174
188
191
196
202
209
216
224
228
234
237
240
245
251
255
256
259
261
263
265
271
273
274
276
282
288
289
290
296
297
299
302
306
309
322
348
937
945
946
950
73
74
76
78
81
82
83
88
231
266
321
947
948
949
952
953
956
958
960
62
63
66
67
68
69
70
71
72
75
77
951
955
957
959
961
57
58
60
64
65
954
962
964
968
55
59
61
963
965
966
967
51
52
53
54
48
56
969
970
971
974
975
47
972
976
42
43
44
45
46
50
978
979
37
38
39
41
49
973
977
980
981
982
984
31
36
40
983
985
33
986
991
32
34
35
987
988
989
27
28
30
990
23
26
992
29
994
20
25
993
18
22
24
15
19
995
996
999
17
21
13
14
998
11
12
16
997
8
7
9
10
4
3
2
5
6
0
1
502
589
441
747
455
765
725
516
584
792
568
603
658
532
377
731
636
675
538
723
363
512
740
552
674
505
598
728
732
741
522
716
697
704
609
772
431
564
594
527
326
397
560
677
795
621
687
782
520
533
574
709
570
571
794
656
298
466
549
623
536
390
282
487
563
588
482
546
644
398
459
701
707
699
708
572
729
727
686
817
437
303
311
737
218
329
489
578
755
746
291
313
754
340
619
625
768
722
325
394
691
654
771
749
254
519
569
339
764
600
604
615
724
537
647
521
244
511
617
247
842
393
463
382
648
800
639
416
534
373
659
498
689
478
531
683
551
825
528
280
222
848
729
796
461
497
498
500
502
506
513
517
539
547
703
711
725
727
728
730
731
735
737
740
742
743
745
748
751
753
754
756
762
766
768
769
772
774
775
783
789
814
821
833
840
844
880
398
425
439
441
442
444
449
450
451
454
455
456
457
460
463
466
468
476
478
480
481
482
488
489
490
491
493
494
496
499
501
504
510
512
514
518
519
520
523
524
527
530
531
532
537
541
542
543
545
551
560
568
571
578
593
595
625
647
654
656
660
668
670
672
673
676
689
691
693
696
701
705
706
708
709
710
714
715
716
717
718
719
720
721
722
723
724
726
732
733
734
736
738
739
741
744
746
747
750
752
755
757
758
759
760
761
763
764
765
767
771
773
776
778
779
780
782
784
785
788
790
791
794
795
797
800
801
804
805
806
808
811
812
813
815
816
817
823
828
829
830
832
834
835
836
837
839
841
843
847
849
853
854
856
858
860
862
863
867
869
870
876
879
884
886
887
890
909
910
352
356
385
387
395
397
403
407
411
412
414
415
416
419
420
421
423
424
426
427
428
429
430
433
435
436
437
438
440
443
445
446
447
448
452
453
458
462
464
465
467
469
470
471
472
473
474
477
479
484
485
486
487
492
495
503
505
507
508
509
511
515
516
521
522
525
526
528
529
533
534
535
536
540
544
546
548
550
552
553
555
556
557
559
561
562
564
569
570
573
574
575
580
582
583
586
587
590
592
600
605
617
618
620
624
630
632
633
635
638
640
642
643
644
646
651
653
657
659
661
662
663
664
665
666
667
669
671
674
675
678
679
680
681
682
683
684
686
687
690
694
695
697
698
699
700
702
704
707
712
713
749
770
777
781
786
787
792
793
798
799
802
803
807
809
810
818
819
820
822
824
825
826
827
831
838
842
845
846
848
850
851
852
855
857
859
861
864
865
866
868
871
872
874
875
881
882
883
885
888
889
891
895
896
897
898
899
903
904
905
908
914
915
917
921
131
144
146
149
158
340
351
359
360
363
365
367
369
370
371
376
377
378
381
383
384
388
389
392
394
400
401
402
404
405
408
409
413
417
422
431
432
434
459
475
483
538
549
554
563
565
566
567
572
577
579
581
584
585
588
589
591
594
596
597
599
603
604
606
607
608
611
613
614
615
619
621
623
626
628
629
631
634
636
637
639
645
649
650
652
655
658
685
688
692
873
877
878
892
893
894
900
901
902
906
907
911
912
913
916
918
920
922
923
108
113
119
121
129
130
132
136
137
140
142
143
145
147
148
159
161
162
164
168
173
177
178
181
182
186
190
197
198
199
204
217
218
230
233
272
281
308
315
330
332
335
336
339
343
345
347
354
355
357
366
368
372
373
374
375
379
380
382
386
390
391
393
396
399
406
410
418
558
576
598
601
602
609
612
616
622
627
641
648
677
919
924
925
926
927
929
930
932
934
935
92
96
100
101
103
105
106
109
110
115
117
118
122
123
124
125
126
127
128
133
135
138
139
141
150
151
152
153
154
155
156
157
163
165
167
169
171
172
175
179
180
183
184
185
187
192
193
194
195
200
201
205
207
208
210
212
214
219
220
221
222
223
225
226
227
235
236
238
239
244
246
248
249
252
254
257
262
264
268
269
277
278
279
280
283
285
286
287
291
292
295
298
300
301
303
311
312
314
317
318
323
324
326
327
329
331
333
334
337
338
341
342
344
346
349
350
353
358
361
362
364
610
928
931
936
942
943
944
84
87
90
93
94
95
97
98
99
102
104
107
111
112
114
116
120
134
160
166
170
174
176
188
189
191
196
203
206
209
211
213
215
216
224
228
229
232
237
240
241
242
243
245
247
250
253
256
258
259
260
261
263
265
267
270
271
273
275
276
282
284
288
290
293
294
296
297
299
302
304
305
306
307
310
313
316
319
320
322
325
328
348
933
938
939
940
941
946
950
73
74
76
79
80
81
82
83
85
86
88
89
91
202
231
234
251
255
274
289
309
321
937
945
949
952
953
960
62
66
67
68
72
75
77
78
266
947
948
955
956
957
958
959
961
60
63
65
69
70
71
951
962
55
57
58
59
61
64
954
963
964
966
968
51
54
965
967
52
53
56
969
970
47
48
971
974
975
45
46
50
972
976
978
39
41
42
43
44
973
979
982
36
37
38
40
49
977
980
981
983
984
31
33
985
986
35
991
30
32
34
987
988
989
23
27
28
990
26
992
994
20
25
29
22
993
18
24
996
15
17
19
21
995
999
998
11
13
14
12
16
997
8
10
7
9
4
3
2
5
0
6
1
461
729
742
751
766
774
796
840
441
444
454
457
460
463
466
480
482
488
491
494
496
497
498
500
502
506
512
513
517
520
527
539
541
547
560
693
701
703
709
711
725
727
728
730
731
732
734
735
737
738
740
741
743
745
747
748
750
752
753
754
756
757
759
760
761
762
763
768
769
771
772
775
776
778
779
780
783
788
789
791
795
800
808
813
814
816
817
821
830
832
833
835
836
837
839
844
847
849
853
862
869
876
879
880
886
887
890
385
387
397
398
411
419
421
423
424
425
427
428
429
433
435
437
438
439
442
443
445
446
448
449
450
451
452
453
455
456
458
462
464
465
467
468
470
471
472
473
474
476
477
478
479
481
484
485
486
487
489
490
492
493
495
499
501
503
504
505
507
508
509
510
511
514
516
518
519
521
523
524
525
526
528
529
530
531
532
533
535
536
537
540
542
543
545
551
552
555
557
559
561
562
564
568
570
571
578
582
587
593
595
605
618
625
642
647
654
656
657
660
664
665
666
668
669
670
672
673
674
676
682
687
689
691
696
702
704
705
706
708
710
712
713
714
715
716
717
718
719
720
721
722
723
724
726
733
736
739
744
746
749
755
758
764
765
767
770
773
777
781
782
784
785
786
790
792
794
797
798
799
801
802
803
804
805
806
807
809
810
811
812
815
818
819
820
822
823
824
825
826
828
829
831
834
841
842
843
845
846
848
850
851
852
854
855
856
857
858
859
860
863
864
865
866
867
868
870
871
872
881
882
884
885
888
889
891
895
896
897
898
899
903
904
905
908
909
910
915
917
131
144
146
149
158
340
352
356
359
367
370
371
376
383
384
392
394
395
400
401
402
403
404
405
407
408
412
413
414
415
416
417
420
422
426
430
431
432
436
440
447
459
469
475
483
515
522
534
538
544
546
548
549
550
553
554
556
563
565
566
567
569
572
573
574
575
577
580
583
584
586
590
591
592
594
596
597
599
600
603
604
606
608
617
619
620
623
624
626
629
630
632
633
635
636
637
638
640
643
644
646
650
651
652
653
658
659
661
662
663
667
671
675
678
679
680
681
683
684
685
686
688
690
692
694
695
697
698
699
700
707
787
793
827
838
861
873
874
875
877
878
883
892
893
894
900
901
902
906
907
911
912
913
914
918
920
921
922
923
108
113
119
121
129
130
132
137
140
142
143
145
147
148
150
159
161
162
164
168
169
173
177
178
179
180
181
182
183
186
190
198
199
204
207
217
218
220
230
233
277
330
335
336
339
343
347
350
351
354
355
357
360
363
365
366
368
369
372
373
374
375
377
378
379
380
381
382
386
388
389
390
391
393
396
399
406
409
410
418
434
558
576
579
581
585
588
589
598
601
602
607
609
611
612
613
614
615
616
621
622
627
628
631
634
639
645
648
649
655
677
916
919
924
925
926
927
929
930
934
935
101
102
103
106
109
110
111
115
117
118
122
123
124
125
126
127
128
133
135
136
138
139
141
151
152
153
154
155
156
157
160
163
165
166
167
170
171
172
175
176
184
185
187
192
193
194
195
197
200
201
205
208
210
212
213
214
219
221
222
223
225
226
227
229
235
236
238
239
242
243
244
246
248
249
252
253
254
257
262
264
267
268
272
278
279
280
281
285
286
287
291
292
295
300
301
303
308
311
312
315
317
318
323
324
326
327
329
331
332
333
334
337
341
342
344
345
346
349
353
358
361
362
364
610
641
928
931
932
936
938
942
944
84
87
90
92
93
94
95
96
97
98
99
100
104
105
107
112
114
116
120
134
174
188
189
191
196
202
203
206
209
211
215
216
224
228
232
234
237
240
241
245
247
250
255
256
258
259
260
261
263
265
269
270
271
273
275
276
282
283
284
288
290
293
294
296
297
298
299
302
304
305
306
307
309
310
313
314
316
319
320
322
325
328
338
348
933
939
940
941
943
945
73
74
79
80
81
82
83
85
86
88
89
91
231
251
266
274
289
321
937
946
949
950
952
62
66
67
68
69
75
76
77
78
947
948
953
955
956
957
958
960
961
58
60
63
64
65
70
71
72
951
954
959
962
968
55
57
59
61
963
964
965
966
51
52
54
967
53
56
969
970
975
47
48
971
974
976
43
44
45
46
50
972
978
41
42
49
973
979
981
982
984
36
37
38
39
40
977
980
983
31
33
985
986
32
34
35
989
991
28
30
987
988
990
23
27
992
26
29
994
20
25
22
993
15
18
19
24
996
17
21
995
999
13
14
998
11
16
997
12
8
7
9
10
4
3
2
5
6
0
1
502
747
589
441
455
765
725
792
731
516
584
658
568
603
723
740
636
675
532
377
728
741
772
538
732
512
674
363
552
716
697
704
598
795
505
522
609
782
794
564
594
431
527
677
560
326
397
687
709
621
817
520
533
656
574
571
570
729
298
466
623
727
536
549
701
282
390
487
644
707
708
737
546
563
482
588
699
686
746
755
398
754
768
459
218
572
771
437
724
764
303
311
842
489
722
749
329
796
578
291
800
825
848
313
511
340
625
254
691
325
394
654
619
876
519
742
339
569
647
244
414
600
604
689
780
537
615
247
521
617
393
463
659
730
382
222
498
683
777
373
352
648
639
534
478
416
531
551
555
528
280
630
454
439
738
640
210
315
308
786
515
652
513
371
830
202
718
243
309
475
312
837
197
445
523
694
370
426
557
735
187
194
883
195
289
428
473
524
579
608
645
710
374
406
663
920
241
480
585
696
733
785
852
854
903
220
267
292
366
433
605
635
669
706
838
840
217
229
230
234
409
586
834
839
846
274
278
281
287
323
336
353
372
423
458
495
517
540
547
550
649
655
901
123
235
252
257
288
344
359
385
400
403
408
447
460
461
468
477
479
483
492
506
631
657
684
703
711
717
743
745
758
799
812
813
844
850
859
862
872
879
117
163
164
184
212
232
268
300
360
399
411
417
424
449
472
503
529
541
587
592
602
638
667
680
681
693
739
750
757
762
767
774
779
808
814
819
822
823
824
832
856
870
880
884
907
132
137
179
231
258
260
331
378
383
384
392
401
418
429
430
450
453
456
464
469
474
502
507
535
583
616
705
759
761
784
787
788
789
798
801
811
815
816
828
829
833
835
866
869
882
885
886
896
910
912
131
161
165
193
196
199
206
219
223
224
225
249
250
259
264
296
318
320
321
343
349
351
357
362
376
386
387
402
415
421
425
438
441
451
462
470
484
488
490
501
504
558
561
573
591
595
596
597
611
614
624
629
651
661
668
676
714
725
728
741
747
748
756
770
773
775
793
803
804
806
810
820
827
831
843
845
847
853
855
865
871
887
888
895
898
899
905
909
911
917
921
922
929
111
126
130
138
140
142
144
145
147
148
149
150
156
158
173
189
190
205
213
233
239
248
261
277
279
285
286
295
302
334
337
342
346
347
369
379
381
413
419
420
436
444
455
457
466
476
481
482
526
532
544
548
566
568
571
606
633
634
660
670
678
682
700
709
716
723
727
731
740
754
760
765
771
772
781
783
792
794
796
805
817
821
836
841
857
858
863
867
868
873
874
875
877
878
889
890
891
897
900
902
904
906
913
914
915
916
918
100
113
115
119
129
143
146
151
157
162
167
168
170
172
174
191
198
203
207
208
209
214
226
236
237
245
263
273
283
284
297
305
307
314
327
328
350
354
355
367
375
395
396
397
398
405
412
427
434
435
442
443
448
452
485
487
489
498
505
512
533
538
556
562
564
567
570
578
584
589
643
647
656
658
664
665
671
672
674
687
691
697
701
720
721
724
729
730
734
737
742
744
753
766
791
795
800
807
809
826
842
849
851
860
861
864
876
881
892
893
894
908
924
926
937
103
107
108
109
110
124
125
127
128
133
136
141
152
153
155
159
160
166
171
177
178
180
181
182
186
201
228
238
242
246
251
262
269
276
293
294
301
306
324
330
332
338
340
341
363
368
377
389
391
407
410
463
465
471
478
486
493
500
511
516
519
520
527
536
537
543
552
560
565
575
594
613
618
628
636
637
673
685
688
689
690
698
704
715
722
732
746
752
755
768
769
780
782
802
825
848
919
923
925
928
930
931
934
935
941
944
96
98
99
106
112
116
122
134
139
154
169
175
176
183
185
188
192
200
211
218
221
227
255
256
271
275
304
319
356
358
361
380
390
422
439
454
459
467
491
494
497
522
525
528
530
534
539
542
551
572
580
582
588
598
599
607
609
617
619
625
626
627
644
666
677
683
702
708
713
726
738
778
927
932
936
938
942
943
76
86
87
90
91
92
94
95
102
104
105
118
121
135
253
254
265
290
298
303
311
317
326
329
348
364
365
388
414
416
431
499
509
513
518
521
549
554
577
581
590
600
603
615
622
639
659
675
699
707
751
764
790
797
939
945
66
67
68
73
74
79
80
81
82
84
85
88
89
93
97
101
114
120
204
240
244
266
272
282
291
299
310
333
352
373
382
394
404
432
437
440
510
515
546
563
569
574
576
593
623
630
632
646
648
653
662
686
692
719
749
776
777
786
818
933
940
949
952
956
62
71
75
83
215
222
247
316
322
335
553
555
601
610
641
654
679
695
712
763
946
947
950
953
957
958
960
968
63
65
78
210
270
280
308
339
393
446
496
531
559
604
612
620
621
640
642
650
652
951
954
955
961
962
963
54
59
60
64
77
216
508
514
545
736
948
959
53
55
57
61
69
70
72
313
325
345
371
966
52
56
58
964
965
967
969
971
974
51
315
830
972
975
44
45
48
50
970
41
42
43
47
37
976
978
979
981
982
985
46
49
973
977
980
983
984
986
989
38
39
991
33
35
40
987
31
32
34
36
988
990
30
992
20
26
29
23
28
202
994
15
22
27
993
25
998
11
18
24
995
996
999
17
19
21
14
12
16
997
13
718
7
10
4
8
9
5
2
3
0
6
1
243
309
475
312
837
197
920
883
194
123
187
117
903
461
500
517
711
725
727
729
731
742
751
756
762
766
774
796
821
840
880
435
439
441
442
444
449
451
453
454
456
457
460
463
466
468
478
480
482
488
489
490
491
494
496
497
498
499
502
504
506
507
511
512
513
516
519
520
526
527
539
541
542
547
560
689
693
701
703
709
724
728
730
732
734
735
736
737
738
740
741
743
744
745
746
747
748
749
750
752
753
754
755
757
758
759
760
761
763
767
768
769
771
772
773
775
776
778
779
780
783
785
788
789
790
791
795
798
800
801
804
805
806
808
811
813
814
816
817
823
824
828
829
830
831
832
833
834
835
836
837
839
844
845
847
849
852
853
854
855
857
860
862
863
867
869
876
879
886
887
890
899
905
340
385
387
394
397
398
401
405
407
411
412
414
415
419
420
421
423
424
425
426
427
428
429
430
432
433
436
437
438
440
443
445
446
447
448
450
452
455
458
462
464
465
467
469
470
471
472
473
474
476
477
479
481
483
484
485
486
487
492
493
495
501
503
505
508
509
510
514
518
521
522
523
524
525
528
529
530
531
532
533
535
536
537
540
543
545
548
551
552
553
555
556
557
559
561
562
564
568
570
571
574
578
582
587
593
595
605
618
625
642
647
653
654
656
657
660
663
664
665
666
668
669
670
672
673
674
676
681
683
684
687
690
691
694
696
702
704
705
706
707
708
710
712
713
714
715
716
717
718
719
720
721
722
723
726
733
739
764
765
770
777
781
782
784
786
787
792
793
794
797
799
802
803
807
809
810
812
815
818
819
820
822
825
826
827
838
841
842
843
846
848
850
851
856
858
859
861
864
865
866
868
870
871
872
873
874
875
878
881
882
883
884
885
888
889
891
893
895
896
897
898
901
903
904
908
909
910
912
914
915
917
921
131
144
145
146
149
158
164
168
178
199
230
233
351
352
356
359
367
369
370
371
376
377
378
379
383
384
389
392
395
400
402
403
404
406
408
410
413
416
417
418
422
431
434
459
475
515
534
538
544
546
549
550
554
563
565
566
567
569
572
573
575
577
579
580
581
583
584
586
589
590
591
592
594
596
597
599
600
603
604
606
607
608
613
617
619
620
621
623
624
626
629
630
632
633
635
636
637
638
640
643
644
646
650
651
652
658
659
661
662
667
671
675
678
679
680
682
685
686
688
692
695
697
698
699
700
877
892
894
900
902
906
907
911
913
916
918
919
920
922
923
924
926
108
109
110
113
115
119
121
125
126
127
128
129
130
132
133
136
137
138
139
140
142
143
147
148
150
152
153
154
155
156
159
161
162
163
165
169
172
173
175
177
179
180
181
182
183
184
185
186
187
190
194
195
197
198
200
201
204
207
208
210
212
214
217
218
220
222
223
225
227
236
244
254
262
264
272
277
281
286
301
315
317
326
329
330
332
335
336
339
343
345
347
350
354
355
357
360
362
363
364
365
366
368
372
373
374
375
380
381
382
386
388
390
391
393
396
399
409
558
576
585
588
598
601
602
609
611
612
614
615
616
622
627
628
631
634
639
645
648
649
655
677
925
927
929
930
931
932
934
935
936
87
90
92
94
95
96
99
100
101
102
103
105
106
111
112
116
117
118
122
123
124
135
141
151
157
160
166
167
170
171
176
188
189
191
192
193
203
205
206
211
213
219
221
226
229
232
234
235
238
239
241
242
243
246
248
249
250
252
253
257
260
267
268
269
276
278
279
280
283
284
285
287
291
292
295
298
300
303
304
308
311
312
314
316
318
320
323
324
325
327
331
333
334
337
338
341
342
344
346
349
353
358
361
610
641
928
933
938
941
942
943
944
80
84
86
89
91
93
97
98
104
107
114
120
134
174
196
202
209
215
216
224
228
231
237
240
245
247
251
255
256
258
259
261
263
265
270
271
273
274
275
282
288
289
290
293
294
296
297
299
302
305
306
307
309
310
313
319
322
328
348
937
939
940
945
946
950
62
73
74
76
78
79
81
82
83
85
88
266
321
947
948
949
952
953
956
957
958
63
66
67
68
69
70
71
72
75
77
951
955
959
960
961
57
58
59
60
61
64
65
954
962
968
55
963
964
965
966
51
52
53
54
56
967
969
48
970
971
975
45
47
50
972
974
976
978
41
42
43
44
46
979
37
38
39
49
973
977
980
981
982
983
984
31
36
40
985
33
986
991
32
34
35
987
989
27
28
30
988
990
23
26
992
20
29
994
25
993
18
22
24
15
17
19
995
996
999
13
21
14
16
998
11
12
997
8
10
4
7
9
3
2
5
0
6
1
502
441
747
455
461
517
711
725
727
728
729
730
731
737
740
741
742
751
762
765
766
768
772
792
795
796
817
840
844
876
397
398
437
439
444
445
449
451
454
457
460
463
466
478
480
482
487
488
489
491
494
497
498
500
505
506
511
512
513
516
520
527
532
539
541
542
547
560
568
571
654
689
691
693
701
703
704
706
708
709
710
716
718
722
723
724
732
734
735
738
743
745
746
748
749
750
753
754
755
756
757
761
764
767
769
771
774
777
779
780
782
783
785
786
788
789
794
800
808
813
814
816
821
824
825
830
832
833
835
837
839
842
845
847
849
853
854
862
863
879
880
884
887
903
910
340
352
363
377
385
387
394
411
414
416
421
423
424
425
426
427
428
429
430
431
433
435
438
442
443
447
450
452
453
456
458
462
464
465
468
470
472
473
474
476
477
479
481
484
486
490
492
493
495
496
499
501
503
504
507
509
510
514
515
518
519
521
522
523
524
526
528
529
530
531
533
534
535
536
537
538
540
543
545
546
551
552
555
557
559
561
562
564
570
578
582
584
587
589
593
595
605
625
647
656
657
658
660
663
665
668
669
670
672
673
674
675
676
683
684
686
687
694
696
697
699
705
707
712
714
715
717
719
720
721
726
733
736
739
744
752
758
759
760
763
770
773
775
776
778
781
784
790
791
797
798
799
801
802
803
804
805
806
807
809
811
812
815
818
819
820
822
823
828
829
831
834
836
838
841
843
846
848
850
851
852
855
856
858
859
860
866
867
868
869
870
871
872
882
883
885
886
888
890
891
895
896
898
899
901
905
908
909
912
917
920
921
131
132
144
149
158
218
326
336
356
357
359
370
371
376
378
382
383
384
390
392
393
395
400
401
402
403
404
405
407
408
409
412
413
415
417
419
420
432
436
440
446
448
459
467
469
471
475
483
485
508
525
544
548
549
550
553
554
556
563
565
566
567
569
572
573
574
575
583
586
588
590
591
592
594
596
597
600
603
604
606
608
617
618
619
620
621
623
624
630
632
633
635
636
637
638
640
642
643
644
646
651
652
653
659
661
662
664
666
667
671
677
678
679
680
681
682
685
688
690
695
698
702
713
787
793
810
826
827
857
861
864
865
873
874
875
877
878
881
889
892
893
897
900
902
904
906
907
911
913
914
915
916
918
922
926
108
113
115
117
119
123
126
129
130
137
140
142
145
146
147
148
161
162
163
164
168
173
179
182
187
190
194
197
199
210
217
220
222
230
233
244
254
291
298
303
308
311
315
329
330
335
339
343
351
354
355
360
365
366
367
368
369
372
373
374
375
379
380
381
386
388
389
396
399
406
410
418
422
434
576
577
579
580
581
585
598
599
607
609
611
613
614
615
616
622
626
628
629
631
634
639
645
648
649
650
655
692
700
894
919
923
924
925
929
930
934
935
100
103
106
109
110
111
121
124
125
127
128
133
136
138
139
143
150
151
152
153
155
156
157
159
165
167
169
170
172
175
177
178
180
181
184
185
186
193
195
198
201
204
205
207
208
212
214
219
221
223
225
226
229
232
235
236
243
246
247
252
257
262
264
267
268
272
277
278
279
280
281
282
285
286
287
292
295
300
301
305
312
313
317
318
323
324
325
327
331
332
333
334
337
342
344
345
346
347
349
350
353
358
362
364
391
558
601
602
612
627
927
928
931
932
936
938
941
942
943
944
84
87
90
91
92
93
94
95
96
98
99
101
102
104
105
107
112
116
118
122
134
135
141
154
160
166
171
174
176
183
189
191
192
196
200
202
203
206
209
211
213
215
216
224
227
228
234
237
238
239
241
242
245
248
249
250
253
258
259
260
261
263
269
270
273
274
275
276
283
284
288
289
293
294
296
302
304
306
307
309
310
314
316
319
320
322
328
338
341
348
361
610
641
933
937
939
940
68
73
74
76
79
80
81
82
85
86
89
97
114
120
188
231
240
251
255
256
265
271
290
297
299
321
945
946
949
950
952
62
66
67
71
75
78
83
88
266
947
948
953
955
956
957
958
960
60
63
65
69
72
77
951
954
959
961
962
968
57
58
59
61
64
70
963
53
54
55
964
965
966
967
51
52
56
969
971
975
48
970
972
974
42
44
45
47
50
978
41
43
46
976
979
982
37
38
49
973
977
980
981
983
984
985
39
40
986
31
33
35
36
989
991
30
32
34
987
988
990
23
26
27
28
29
992
20
994
22
25
993
15
18
24
996
17
19
21
995
998
999
11
13
14
12
16
997
8
7
10
4
9
5
2
3
0
6
1
502
747
441
455
589
765
792
725
731
740
516
377
772
584
568
658
723
741
363
532
603
675
728
732
795
636
512
538
716
782
794
552
674
704
505
697
522
598
817
326
609
397
431
527
560
564
709
298
594
677
729
687
520
218
282
533
656
466
574
621
727
571
842
570
390
536
737
768
701
755
796
482
487
746
754
549
708
771
848
623
825
876
546
707
398
563
699
764
644
800
303
311
724
437
686
749
459
588
329
291
489
572
722
780
254
511
313
340
244
325
394
414
777
578
742
222
247
883
920
691
830
625
786
339
654
210
903
519
808
837
202
689
619
194
187
537
730
647
197
521
569
901
393
195
352
463
604
382
845
498
123
600
454
738
373
659
854
555
617
852
615
478
838
117
315
280
630
683
531
551
416
439
534
523
517
243
528
513
639
163
308
312
762
648
696
718
846
640
515
669
524
371
540
557
217
652
267
220
710
475
241
309
132
735
428
445
480
257
137
608
234
840
907
706
274
229
426
694
289
645
224
370
785
585
288
408
663
473
184
179
872
164
433
212
757
579
586
406
374
657
230
733
300
937
292
839
366
165
834
779
409
161
774
840
454
457
460
461
466
480
482
491
494
497
498
500
502
506
513
517
547
693
703
711
725
727
728
729
730
731
737
738
740
741
742
743
745
748
751
753
754
756
757
759
760
761
762
766
768
769
771
772
775
779
780
783
788
789
791
795
796
800
808
814
816
821
832
833
835
836
837
839
844
847
849
853
862
876
879
880
886
887
385
387
397
398
411
421
423
424
425
427
428
433
435
437
438
439
441
442
444
445
449
450
451
452
453
455
456
458
462
463
464
465
468
469
470
471
472
473
474
476
477
478
479
481
484
485
486
487
488
489
490
492
493
495
496
499
501
503
504
505
507
508
509
510
511
512
514
516
518
519
520
521
523
524
526
527
529
530
531
532
533
535
536
537
539
540
541
542
543
545
551
560
561
562
564
568
571
578
587
593
595
625
642
647
654
656
666
668
670
672
673
676
689
691
696
701
702
705
706
708
709
710
712
713
714
715
716
717
718
719
720
721
722
723
724
726
732
733
734
735
736
739
744
746
747
749
750
752
755
758
763
764
765
767
770
773
776
777
778
781
782
784
785
786
790
792
794
797
798
799
801
802
803
804
805
806
807
809
810
811
812
813
815
817
818
819
820
822
823
824
825
826
828
829
830
831
834
841
842
843
845
846
848
850
851
852
854
855
856
857
858
859
860
863
865
866
867
868
869
870
871
872
875
881
882
884
885
888
889
890
891
895
896
897
898
899
901
903
904
905
908
909
910
914
915
917
921
131
144
146
158
340
352
356
359
367
370
371
376
378
383
392
394
395
400
401
402
403
404
405
407
408
412
413
414
415
416
417
419
420
426
429
430
431
432
436
440
443
446
447
448
459
467
475
483
515
522
525
528
534
538
544
546
548
549
550
552
553
554
555
556
557
559
565
566
567
569
570
573
574
575
577
582
583
584
586
590
591
594
603
604
605
606
608
617
618
620
624
632
633
635
636
638
640
643
646
651
653
657
658
659
660
661
662
663
664
665
667
669
671
674
675
678
679
680
681
682
683
684
686
687
688
690
694
695
697
698
699
700
704
707
787
793
827
838
861
864
873
874
877
878
883
892
893
894
900
902
906
907
911
912
913
916
918
920
922
923
926
108
113
119
121
129
130
132
137
138
140
142
143
145
147
148
149
150
159
162
164
168
169
173
177
178
179
181
182
183
186
190
194
198
199
201
204
207
217
218
220
230
233
254
277
335
336
339
343
347
350
351
354
355
357
360
362
363
365
368
369
372
373
374
375
377
379
380
381
382
384
386
388
389
390
391
393
396
399
406
409
410
418
422
434
558
563
572
576
579
580
581
585
588
589
592
596
597
599
600
601
607
611
612
613
614
615
616
619
621
622
623
626
627
628
629
630
631
634
637
639
644
645
648
649
650
652
655
677
685
692
919
924
925
929
930
934
101
102
103
106
109
110
111
115
117
118
122
123
124
125
126
127
128
133
135
136
139
141
151
152
153
154
155
156
157
160
161
163
165
166
170
171
172
175
176
180
184
185
187
192
193
195
197
200
203
205
206
208
210
212
213
214
219
221
222
223
225
226
227
229
232
235
236
238
239
242
243
244
246
248
249
252
253
257
262
264
267
268
272
278
279
280
281
285
286
287
291
292
295
300
301
303
308
311
312
315
317
318
323
324
326
327
329
330
331
332
333
334
337
341
342
344
345
346
349
353
358
361
364
366
598
602
609
641
927
928
931
932
935
936
938
942
944
84
87
90
92
93
94
95
96
97
98
99
100
104
105
107
112
114
116
120
134
167
174
188
189
191
196
202
209
211
215
216
224
228
234
237
240
241
245
247
250
255
256
258
259
260
261
263
265
269
270
271
273
275
276
282
283
284
288
289
290
293
294
296
298
302
304
305
306
307
309
310
313
314
316
319
320
322
325
328
338
348
610
933
939
940
941
943
945
73
74
79
80
82
83
85
86
88
89
91
231
251
266
274
297
299
321
937
946
949
950
952
62
66
67
68
69
75
76
77
78
81
947
948
951
953
955
956
957
958
960
58
60
63
64
65
70
71
72
954
959
961
962
968
55
57
59
61
963
964
965
966
52
54
967
51
53
56
969
970
975
47
48
971
974
976
43
44
45
50
972
978
41
42
46
49
973
979
981
982
984
36
37
38
39
40
977
980
983
31
33
985
986
32
35
987
989
991
28
30
34
988
990
23
27
992
26
29
994
20
25
22
993
15
18
19
24
996
17
21
995
999
13
14
998
11
16
997
12
8
10
7
9
4
3
2
0
5
6
1
840
454
457
460
461
466
482
491
494
497
498
500
502
506
513
517
693
703
711
725
727
728
729
730
731
738
740
741
742
745
748
751
753
754
756
759
760
762
766
768
769
771
772
774
775
779
780
783
788
789
795
796
800
808
814
816
821
833
835
836
839
844
847
849
853
862
879
880
887
387
397
398
411
421
423
424
425
427
428
433
435
437
439
441
442
443
444
445
446
449
450
451
452
453
455
456
462
463
465
468
470
472
474
476
477
478
479
480
481
484
486
487
488
489
490
492
493
495
496
499
501
503
504
505
507
508
510
511
512
514
516
518
519
520
521
523
524
526
527
529
530
531
532
533
535
536
537
539
540
541
542
543
545
547
560
561
562
568
571
578
593
642
647
654
656
668
670
676
689
691
696
701
702
705
706
708
709
710
714
715
716
717
718
719
720
721
722
723
724
726
732
733
734
735
736
737
739
743
744
746
747
749
750
752
755
757
758
761
763
764
765
767
770
773
776
777
778
781
782
785
786
790
791
792
794
797
798
799
801
802
804
805
806
807
811
812
813
815
817
818
819
820
823
824
825
828
829
830
831
832
834
837
841
842
843
845
846
850
851
852
854
855
856
857
858
859
860
863
865
867
868
869
870
876
881
882
884
886
888
889
890
891
895
896
897
898
899
903
905
908
909
910
917
131
144
158
340
356
359
367
370
371
376
383
385
392
394
395
401
402
403
404
405
407
408
412
413
414
415
416
419
420
422
426
429
430
431
432
436
438
440
447
448
458
464
467
469
471
473
475
483
485
509
515
522
525
528
534
538
544
546
548
549
550
551
552
553
554
555
556
557
559
564
565
566
569
570
573
574
575
577
582
583
584
586
587
590
591
594
595
605
606
608
617
618
620
625
632
633
635
640
643
646
651
653
657
658
659
660
661
662
663
664
665
666
667
669
671
672
673
674
675
678
679
680
681
682
683
684
686
687
690
694
695
697
698
699
704
707
712
713
784
787
793
803
809
810
822
826
827
838
848
861
864
866
871
872
873
874
875
877
878
883
885
892
893
900
901
902
904
906
907
911
912
913
914
915
918
920
921
922
923
108
113
119
121
129
130
132
137
140
142
145
146
147
148
149
150
159
162
164
168
169
173
177
178
179
181
182
183
186
190
198
199
204
207
217
218
220
230
233
277
335
336
339
343
351
352
357
360
363
365
368
369
372
373
374
375
377
378
379
380
381
382
384
386
388
389
390
391
393
396
399
400
406
409
410
417
418
434
459
558
563
567
572
576
579
580
581
585
588
589
592
596
597
599
600
601
603
604
607
611
612
613
614
615
616
619
621
622
623
624
626
627
628
629
630
631
634
636
637
638
639
644
645
649
650
652
655
677
685
688
692
700
894
916
919
924
925
926
929
934
101
102
106
109
110
111
115
117
118
122
123
124
125
126
127
128
133
135
136
138
139
141
143
151
152
153
154
155
156
157
160
161
163
165
166
167
170
171
172
175
176
180
184
185
187
192
193
194
195
197
200
201
205
208
210
212
213
214
219
221
222
223
225
226
227
235
236
238
239
242
243
244
246
248
253
254
257
262
264
268
272
278
279
280
281
285
286
287
291
292
295
300
301
303
308
311
312
315
317
323
324
326
327
329
330
331
332
333
334
337
341
342
344
345
346
347
349
350
353
354
355
358
361
362
364
366
598
602
609
641
648
927
928
930
931
932
935
936
938
942
944
84
87
90
92
93
94
95
96
97
98
99
100
103
104
105
107
112
114
116
120
134
174
188
189
191
196
202
203
206
209
211
215
216
224
228
229
232
234
237
241
245
247
249
250
252
255
256
258
259
260
261
263
265
267
269
270
273
275
276
282
283
284
288
290
293
294
296
298
302
304
305
306
307
309
310
313
314
316
318
319
320
322
325
328
338
610
933
939
940
941
943
73
74
79
80
82
83
85
86
88
89
91
231
240
251
271
274
289
297
299
321
348
937
945
946
949
950
952
62
66
67
68
69
75
76
77
78
81
266
947
948
953
955
956
957
958
960
58
60
63
64
65
70
71
72
951
959
961
962
55
57
59
61
954
963
964
965
968
54
966
967
51
52
53
56
969
975
48
970
971
974
45
47
50
972
976
978
41
42
43
44
46
49
973
979
982
984
36
37
38
39
40
977
980
981
983
31
33
985
986
32
35
991
30
34
987
988
989
990
23
27
28
26
992
994
20
25
29
22
993
15
18
19
24
996
17
21
995
999
13
14
998
11
16
12
997
8
7
9
10
4
3
2
5
6
0
1
747
765
792
725
589
731
772
740
502
741
723
658
795
675
728
794
782
636
732
603
697
716
674
704
817
584
568
609
598
687
677
709
621
594
656
729
842
848
746
755
768
737
538
699
707
623
876
754
764
532
552
771
727
825
564
800
644
570
701
796
574
686
516
749
455
571
588
708
441
619
654
691
560
522
722
625
600
572
549
604
578
512
648
615
883
454
457
461
466
494
497
498
500
502
506
513
517
703
711
725
727
729
730
731
738
740
741
742
745
748
751
753
756
760
762
766
768
771
772
774
775
779
783
789
796
808
816
821
833
836
839
840
844
847
849
862
879
880
887
398
411
421
423
425
427
428
435
437
439
441
442
443
444
445
449
450
451
452
453
455
456
460
462
463
465
468
470
472
474
476
477
478
479
480
481
482
484
486
487
488
489
490
491
492
493
495
496
499
501
503
504
505
507
508
510
511
512
514
516
518
519
520
521
523
524
526
527
529
530
532
533
535
536
537
539
540
541
542
543
545
547
560
561
562
571
578
593
642
647
654
656
668
670
676
689
691
693
696
701
702
706
708
709
710
714
715
717
718
720
721
722
723
724
728
732
733
734
735
736
737
739
743
744
746
747
749
750
752
754
755
757
758
759
761
763
764
765
767
769
770
773
776
777
778
780
781
782
785
786
788
790
791
792
794
795
797
798
799
800
801
802
804
805
806
807
811
812
813
814
815
817
820
823
824
825
828
829
830
831
832
834
835
837
841
842
843
845
846
850
851
852
853
854
855
856
857
858
859
860
863
865
867
868
869
870
876
881
884
886
888
889
890
895
898
899
903
905
908
909
910
917
144
158
340
356
359
371
376
383
385
387
392
394
395
397
401
402
403
404
405
407
412
413
414
415
416
419
420
424
426
429
430
431
432
433
436
438
440
446
447
448
458
464
467
469
471
473
475
483
485
509
515
522
525
528
531
534
538
544
546
548
549
550
551
552
553
554
555
556
557
559
564
565
568
569
570
573
574
575
582
583
584
586
587
590
594
595
605
606
608
617
618
620
625
633
635
640
643
646
651
653
657
658
659
660
661
662
663
664
665
666
667
669
672
673
674
678
679
680
681
682
683
684
686
687
690
694
695
698
699
704
705
707
712
713
716
719
726
784
787
793
803
809
810
818
819
822
826
827
838
848
861
864
866
871
872
873
874
875
878
882
883
885
891
892
893
896
897
900
901
902
904
906
907
911
912
913
914
915
918
920
921
922
923
108
119
121
129
131
132
137
140
142
145
146
147
148
149
150
159
162
164
168
169
173
177
178
179
181
182
183
186
190
198
199
204
207
230
233
277
335
336
339
351
352
357
360
363
365
367
368
369
370
372
374
375
377
378
379
380
381
382
384
386
388
389
390
391
393
396
399
400
406
408
409
410
417
418
422
434
459
563
566
567
572
577
579
580
581
585
588
589
591
592
596
597
599
600
601
603
604
607
611
612
613
614
615
616
619
621
622
623
624
626
627
628
629
630
631
632
634
636
637
638
639
644
645
649
650
652
655
671
675
677
685
688
692
697
700
877
894
916
919
924
925
926
929
934
101
106
109
110
111
113
115
117
118
122
123
124
125
126
127
128
130
133
136
138
139
141
143
151
152
153
154
155
156
160
161
163
165
167
171
172
175
176
180
184
185
187
192
193
194
195
197
200
201
205
208
210
212
214
217
218
219
220
221
222
223
225
226
227
235
236
238
239
242
243
244
246
254
257
262
264
268
272
278
279
281
286
287
291
292
295
300
301
303
308
311
315
317
323
324
326
327
329
330
331
332
333
337
342
343
344
345
346
347
349
350
354
355
358
362
364
366
373
558
576
598
602
609
641
648
927
930
931
932
935
936
942
944
84
87
90
92
93
94
95
96
97
98
99
100
102
103
104
105
107
112
114
116
120
134
135
157
166
170
174
188
189
191
196
202
203
206
209
211
213
215
216
224
228
229
232
234
237
241
245
247
248
249
250
252
253
255
256
259
260
261
263
265
267
269
270
273
275
276
280
282
283
284
285
288
290
293
294
296
298
302
304
305
306
307
309
310
312
313
314
316
318
319
320
322
325
328
334
338
341
353
361
610
928
933
938
939
940
941
943
74
79
80
82
85
86
88
89
91
231
240
251
258
271
274
289
297
299
321
348
937
945
946
949
950
62
66
68
69
73
75
76
77
78
81
83
266
947
948
952
953
955
956
957
958
960
60
63
65
67
70
71
72
951
959
961
55
57
58
59
61
64
954
962
963
964
965
968
54
966
967
51
52
53
56
969
975
48
970
971
974
45
47
50
972
976
978
41
42
43
44
46
49
973
979
982
984
37
38
39
40
977
980
981
983
31
33
36
985
35
986
991
30
32
34
987
988
989
23
27
28
990
26
992
994
20
25
29
22
993
15
18
19
24
996
17
21
995
999
13
14
998
11
16
12
997
8
7
9
10
4
3
2
5
6
0
1
441
455
502
377
363
326
397
431
390
298
398
282
329
311
303
437
340
313
516
291
512
325
394
466
218
339
459
505
454
457
461
466
494
497
498
500
502
506
513
517
703
711
725
727
729
730
731
738
740
741
742
745
748
751
753
756
760
762
766
768
771
772
774
775
779
783
789
796
808
816
821
833
836
839
840
844
847
849
862
879
880
887
398
411
421
423
425
427
428
435
437
439
441
442
443
444
445
449
450
451
452
453
455
456
460
462
463
465
468
470
472
474
476
477
478
479
480
481
482
484
486
487
488
489
490
491
492
493
495
496
499
501
503
504
505
507
508
510
511
512
514
516
518
519
520
521
523
524
526
527
529
530
532
533
535
536
537
539
540
541
542
543
545
547
560
561
562
571
578
593
642
647
654
656
668
670
676
689
691
693
696
701
702
706
708
709
710
714
715
717
718
720
721
722
723
724
728
732
733
734
735
736
737
739
743
744
746
747
749
750
752
754
755
757
758
759
761
763
764
765
767
769
770
773
776
777
778
780
781
782
785
786
788
790
791
792
794
795
797
798
799
800
801
802
804
805
806
807
811
812
813
814
815
817
820
823
824
825
828
829
830
831
832
834
835
837
841
842
843
845
846
850
851
852
853
854
855
856
857
858
859
860
863
865
867
868
869
870
876
881
884
886
888
889
890
895
898
899
903
905
908
909
910
917
144
158
340
356
359
371
376
383
385
387
392
394
395
397
401
402
403
404
405
407
412
413
414
415
416
419
420
424
426
429
430
431
432
433
436
438
440
446
447
448
458
464
467
469
471
473
475
483
485
509
515
522
525
528
531
534
538
544
546
548
549
550
551
552
553
554
555
556
557
559
564
565
568
569
570
573
574
575
582
583
584
586
587
590
594
595
605
606
608
617
618
620
625
632
633
635
640
643
646
651
653
657
658
659
660
661
662
663
664
665
666
667
669
672
673
674
678
679
680
681
682
683
684
686
687
690
694
695
698
699
704
705
707
712
713
716
719
726
784
787
793
803
809
810
818
819
822
826
827
838
848
861
864
866
871
872
873
874
875
878
882
883
885
891
892
893
896
897
900
901
902
904
906
907
911
912
913
914
915
918
920
921
922
923
108
119
121
129
131
132
137
140
142
145
146
147
148
149
150
159
162
164
168
169
173
177
178
179
181
182
183
186
190
198
199
204
207
230
233
277
335
336
339
351
352
357
360
363
365
367
368
369
370
372
374
375
377
378
379
380
381
382
384
386
388
389
390
391
393
396
399
400
406
408
409
410
417
418
422
434
459
563
566
567
572
576
577
579
580
581
585
588
589
591
592
596
597
599
600
601
603
604
607
611
612
613
614
615
616
619
621
622
623
624
626
627
628
629
630
631
634
636
637
638
639
644
645
649
650
652
655
671
675
677
685
688
692
697
700
877
894
916
919
924
925
926
929
934
101
106
109
110
111
113
115
117
118
122
123
124
125
126
127
128
130
133
136
138
139
141
143
151
152
153
154
155
156
160
161
163
165
167
171
172
175
176
180
184
185
187
192
193
194
195
197
200
201
205
208
210
212
214
217
218
219
220
221
222
223
225
226
227
235
236
238
239
242
243
244
246
254
257
262
264
268
272
278
279
281
286
287
291
292
295
300
301
303
308
311
315
317
323
324
326
327
329
330
331
332
333
337
342
343
344
345
346
347
349
350
354
355
358
362
364
366
373
558
598
602
609
641
648
927
930
931
932
935
936
942
944
84
87
90
92
93
94
95
96
97
98
99
100
102
103
104
105
107
112
114
116
120
134
135
157
166
170
174
188
189
191
196
202
203
206
209
211
213
215
216
224
228
229
232
234
237
241
245
247
248
249
250
252
253
255
256
259
260
261
263
265
267
269
270
273
275
276
280
282
283
284
285
288
290
293
294
296
298
302
304
305
306
307
309
310
312
313
314
316
318
319
320
322
325
328
334
338
341
353
361
610
928
933
938
939
940
941
943
74
79
80
82
85
86
88
89
91
231
240
251
258
271
274
289
297
299
321
348
937
945
946
949
950
62
66
68
69
73
75
76
77
78
81
83
266
947
948
952
953
955
956
957
958
960
60
63
65
67
70
71
72
951
959
961
55
57
58
59
61
64
954
962
963
964
965
968
54
966
967
51
52
53
56
969
975
48
970
971
974
45
47
50
972
976
978
41
42
43
44
46
49
973
979
982
984
37
38
39
40
977
980
981
983
31
33
36
985
35
986
991
30
32
34
987
988
989
23
27
28
990
26
992
994
20
25
29
22
993
15
18
19
24
996
17
21
995
999
13
14
998
11
16
12
997
8
7
9
10
4
3
2
5
6
0
1
747
765
792
589
725
731
502
740
772
723
658
741
675
728
732
636
795
603
782
794
716
674
584
697
704
568
817
598
609
677
687
709
538
532
552
729
594
656
621
455
516
727
737
564
707
746
755
768
842
699
623
701
754
441
570
848
644
771
708
764
574
571
796
522
686
825
876
800
749
512
560
588
722
724
505
549
572
563
527
654
691
619
533
625
578
600
742
604
647
520
780
689
830
615
883
730
648
683
659
920
786
617
837
639
569
536
546
903
454
457
461
466
494
497
498
500
502
506
513
517
703
711
725
727
729
730
731
738
740
741
742
745
748
751
753
756
760
762
766
768
771
772
774
775
779
783
789
796
808
816
821
833
836
839
840
844
847
849
862
879
880
887
398
411
421
423
425
427
428
435
437
439
441
442
443
444
445
449
450
451
452
453
455
456
460
462
463
465
468
470
472
474
476
477
478
479
480
481
482
484
486
487
488
489
490
491
492
493
495
496
499
501
503
504
505
507
508
510
511
512
514
516
518
519
520
521
523
524
526
527
529
530
532
533
535
536
537
539
540
541
542
543
545
547
560
561
562
571
578
593
642
647
654
656
668
670
676
689
691
693
696
701
702
706
708
709
710
714
715
717
718
720
721
722
723
724
728
732
733
734
735
736
737
739
743
744
746
747
749
750
752
754
755
757
758
759
761
763
764
765
767
769
770
773
776
777
778
780
781
782
785
786
788
790
791
792
794
795
797
798
799
800
801
802
804
805
806
807
811
812
813
814
815
817
820
823
824
825
828
829
830
831
832
834
835
837
841
842
843
845
846
850
851
852
853
854
855
856
857
858
859
860
863
865
867
868
869
870
876
881
884
886
888
889
890
895
898
899
903
905
908
909
910
917
144
158
340
356
359
371
376
383
385
387
392
394
395
397
401
402
403
404
405
407
412
413
414
415
416
419
420
424
426
429
430
431
432
433
436
438
440
446
447
448
458
464
467
469
471
473
475
483
485
509
515
522
525
528
531
534
538
544
546
548
549
550
551
552
553
554
555
556
557
559
564
565
568
569
570
573
574
575
582
583
584
586
587
590
594
595
605
606
608
617
618
620
625
632
633
635
640
643
646
651
653
657
658
659
660
661
662
663
664
665
666
667
669
672
673
674
678
679
680
681
682
683
684
686
687
690
694
695
698
699
704
705
707
712
713
716
719
726
784
787
793
803
809
810
818
819
822
826
827
838
848
861
864
866
871
872
873
874
875
878
882
883
885
891
892
893
896
897
900
901
902
904
906
911
912
913
914
915
918
920
921
922
923
108
119
121
129
131
132
137
140
142
145
146
147
148
149
150
159
162
164
168
169
173
177
178
179
181
182
183
186
190
198
199
204
207
230
233
277
335
336
339
351
352
357
360
363
365
367
368
369
370
372
374
375
377
378
379
380
381
382
384
386
388
389
390
391
393
396
399
400
406
408
409
410
417
418
422
434
459
563
566
567
572
576
577
579
580
581
585
588
589
591
592
596
597
599
600
601
603
604
607
611
612
613
614
615
616
619
621
622
623
624
626
627
628
629
630
631
634
636
637
638
639
644
645
649
650
652
655
671
675
677
685
688
692
697
700
877
894
907
916
919
924
925
926
929
934
101
106
109
110
111
113
115
117
118
122
123
124
125
126
127
128
130
133
136
138
139
141
143
151
152
153
154
155
156
160
161
163
165
167
171
172
175
176
180
184
185
187
192
193
194
195
197
200
201
205
208
210
212
214
217
218
219
220
221
222
223
225
226
227
235
236
238
239
242
243
244
246
254
257
262
264
268
272
278
279
281
286
287
291
292
295
300
301
303
308
311
315
317
323
324
326
327
329
330
331
332
333
337
342
343
344
345
346
347
349
350
354
355
358
362
364
366
373
558
598
602
609
641
648
927
930
931
932
935
936
942
944
84
87
90
92
93
94
95
96
97
98
99
100
102
103
104
105
107
112
114
116
120
134
135
157
166
170
174
188
189
191
196
202
203
206
209
211
213
215
216
224
228
229
232
234
237
241
245
247
248
249
250
252
253
255
256
259
260
261
263
265
267
269
270
273
275
276
280
282
283
284
285
288
290
293
294
296
298
302
304
305
306
307
309
310
312
313
314
316
318
319
320
322
325
328
334
338
341
353
361
610
928
933
938
939
940
941
943
74
79
80
82
85
86
88
89
91
231
240
251
258
271
274
289
297
299
321
348
937
945
946
949
950
62
66
68
69
73
75
76
77
78
81
83
266
947
948
952
953
955
956
957
958
960
60
63
65
67
70
71
72
951
959
961
55
57
58
59
61
64
954
962
963
964
965
968
54
966
967
51
52
53
56
969
975
48
970
971
974
45
47
50
972
976
978
41
42
43
44
46
49
973
979
982
984
37
38
39
40
977
980
981
983
31
33
36
985
35
986
991
30
32
34
987
988
989
23
27
28
990
26
992
994
20
25
29
22
993
15
18
19
24
996
17
21
995
999
13
14
998
11
16
12
997
8
7
9
10
4
3
2
5
6
0
1
441
455
502
377
363
326
397
431
390
298
398
282
329
311
303
437
516
512
340
313
466
394
325
291
459
505
339
218
482
454
457
461
466
494
497
498
500
502
506
513
517
703
711
725
727
729
730
731
738
740
741
742
745
748
751
753
756
760
762
766
768
771
772
774
775
779
783
789
796
808
816
821
833
836
839
840
844
847
849
862
879
880
887
398
411
421
423
425
427
428
435
437
439
441
442
443
444
445
449
450
451
452
453
455
456
460
462
463
465
468
470
472
474
476
477
478
479
480
481
482
484
486
487
488
489
490
491
492
493
495
496
499
501
503
504
505
507
508
510
511
512
514
516
518
519
520
521
523
524
526
527
529
530
532
533
535
536
537
539
540
541
542
543
545
547
560
561
562
571
578
593
642
647
654
656
668
670
676
689
691
693
696
701
702
706
708
709
710
714
715
717
718
720
721
722
723
724
728
732
733
734
735
736
737
739
743
744
746
747
749
750
752
754
755
757
758
759
761
763
764
765
767
769
770
773
776
777
778
780
781
782
785
786
788
790
791
792
794
795
797
798
799
800
801
802
804
805
806
807
811
812
813
814
815
817
820
823
824
825
828
829
830
831
832
834
835
837
841
842
843
845
846
850
851
852
853
854
855
856
857
858
859
860
863
865
867
868
869
870
876
881
884
886
888
889
890
895
898
899
903
905
908
909
910
917
144
158
340
356
359
371
376
383
385
387
392
394
395
397
401
402
403
404
405
407
412
413
414
415
416
419
420
424
426
429
430
431
432
433
436
438
440
446
447
448
458
464
467
469
471
473
475
483
485
509
515
522
525
528
531
534
538
544
546
548
549
550
551
552
553
554
555
556
557
559
564
565
568
569
570
573
574
575
582
583
584
586
587
590
594
595
605
606
608
617
618
620
625
632
633
635
640
643
646
651
653
657
658
659
660
661
662
663
664
665
666
667
669
672
673
674
678
679
680
681
682
683
684
686
687
690
694
695
698
699
704
705
707
712
713
716
719
726
784
787
793
803
809
810
818
819
822
826
827
838
848
861
864
866
871
872
873
874
875
878
882
883
885
891
892
893
896
897
900
901
902
904
906
907
911
912
913
914
915
918
920
921
922
923
108
119
121
129
131
132
137
140
142
145
146
147
148
149
150
159
162
164
168
169
173
177
178
179
181
182
183
186
190
198
199
204
207
230
233
277
335
336
339
351
352
357
360
363
365
367
368
369
370
372
374
375
377
378
379
380
381
382
384
386
388
389
390
391
393
396
399
400
406
408
409
410
417
418
422
434
459
563
566
567
572
576
577
579
580
581
585
588
589
591
592
596
597
599
600
601
603
604
607
611
612
613
614
615
616
619
621
622
623
624
626
627
628
629
630
631
634
636
637
638
639
644
645
649
650
652
655
671
675
677
685
688
692
697
700
877
894
916
919
924
925
926
929
934
101
106
109
110
111
113
115
117
118
122
123
124
125
126
127
128
130
133
136
138
139
141
143
151
152
153
154
155
156
160
161
163
165
167
171
172
175
176
180
184
185
187
192
193
194
195
197
200
201
205
208
210
212
214
217
218
219
220
221
222
223
225
226
227
235
236
238
239
242
243
244
246
254
257
262
264
268
272
278
279
281
286
287
291
292
295
300
301
303
308
311
315
317
323
324
326
327
329
330
331
332
333
337
342
343
344
345
346
347
349
350
354
355
358
362
364
366
373
558
598
602
609
641
648
927
930
931
932
935
936
942
944
84
87
90
92
93
94
95
96
97
98
99
100
102
103
104
105
107
112
114
116
120
134
135
157
166
170
174
188
189
191
196
202
203
206
209
211
213
215
216
224
228
229
232
234
237
241
245
247
248
249
250
252
253
255
256
259
260
261
263
265
267
269
270
273
275
276
280
282
283
284
285
288
290
293
294
296
298
302
304
305
306
307
309
310
312
313
314
316
318
319
320
322
325
328
334
338
341
353
361
610
928
933
938
939
940
941
943
74
79
80
82
85
86
88
89
91
231
240
251
258
271
274
289
297
299
321
348
937
945
946
949
950
62
66
68
69
73
75
76
77
78
81
83
266
947
948
952
953
955
956
957
958
960
60
63
65
67
70
71
72
951
959
961
55
57
58
59
61
64
954
962
963
964
965
968
54
966
967
51
52
53
56
969
975
48
970
971
974
45
47
50
972
976
978
41
42
43
44
46
49
973
979
982
984
37
38
39
40
977
980
981
983
31
33
36
985
35
986
991
30
32
34
987
988
989
23
27
28
990
26
992
994
20
25
29
22
993
15
18
19
24
996
17
21
995
999
13
14
998
11
16
12
997
8
7
9
10
4
3
2
5
6
0
1
747
765
792
589
725
502
731
740
772
658
723
741
675
728
636
732
603
795
674
716
782
794
584
697
704
568
598
609
817
677
687
538
709
532
552
594
729
656
455
516
621
727
737
564
707
746
755
768
441
623
699
701
842
570
754
644
522
574
708
771
571
848
764
686
796
512
825
560
800
876
749
588
722
505
724
549
572
563
527
654
691
533
619
625
578
600
742
604
520
647
689
780
615
830
730
648
883
683
659
617
569
639
536
786
837
546
920
777
454
457
461
466
494
497
498
500
502
506
513
517
703
711
725
727
729
730
731
738
740
741
742
745
748
751
753
756
760
762
766
768
771
772
774
775
779
783
789
796
808
816
821
833
836
839
840
844
847
849
862
879
880
887
398
411
421
423
425
427
428
435
437
439
441
442
443
444
445
449
450
451
452
453
455
456
460
462
463
465
468
470
472
474
476
477
478
479
480
481
482
484
486
487
488
489
490
491
492
493
495
496
499
501
503
504
505
507
508
510
511
512
514
516
518
519
520
521
523
524
526
527
529
530
532
533
535
536
537
539
540
541
542
543
545
547
560
561
562
571
578
593
642
647
654
656
668
670
676
689
691
693
696
701
702
706
708
709
710
714
715
717
718
720
721
722
723
724
728
732
733
734
735
736
737
739
743
744
746
747
749
750
752
754
755
757
758
759
761
763
764
765
767
769
770
773
776
777
778
780
781
782
785
786
788
790
791
792
794
795
797
798
799
800
801
802
804
805
806
807
811
812
813
814
815
817
820
823
824
825
828
829
830
831
832
834
835
837
841
842
843
845
846
850
851
852
853
854
855
856
857
858
859
860
863
865
867
868
869
870
876
881
884
886
888
889
890
895
898
899
903
905
908
909
910
917
144
158
340
356
359
371
376
383
385
387
392
394
395
397
401
402
403
404
405
407
412
413
414
415
416
419
420
424
426
429
430
431
432
433
436
438
440
446
447
448
458
464
467
469
471
473
475
483
485
509
515
522
525
528
531
534
538
544
546
548
549
550
551
552
553
554
555
556
557
559
564
565
568
569
570
573
574
575
582
583
584
586
587
590
594
595
605
606
608
617
618
620
625
632
633
635
640
643
646
651
653
657
658
659
660
661
662
663
664
665
666
667
669
672
673
674
678
679
680
681
682
683
684
686
687
690
694
695
698
699
704
705
707
712
713
716
719
726
784
787
793
803
809
810
818
819
822
826
827
838
848
861
864
866
871
872
873
874
875
878
882
883
885
891
892
893
896
897
900
901
902
904
906
907
911
912
913
914
915
918
920
921
922
923
108
119
121
129
131
132
137
140
142
145
146
147
148
149
150
159
162
164
168
169
173
177
178
179
181
182
183
186
190
198
199
204
207
230
233
277
335
336
339
351
352
357
360
363
365
367
368
369
370
372
374
375
377
378
379
380
381
382
384
386
388
389
390
391
393
396
399
400
406
408
409
410
417
418
422
434
459
563
566
567
572
576
577
579
580
581
585
588
589
591
592
596
597
599
600
601
603
604
607
611
612
613
614
615
616
619
621
622
623
624
626
627
628
629
630
631
634
636
637
638
639
644
645
649
650
652
655
671
675
677
685
688
692
697
700
877
894
916
919
924
925
926
929
934
101
106
109
110
111
113
115
117
118
122
123
124
125
126
127
128
130
133
136
138
139
141
143
151
152
153
154
155
156
160
161
163
165
167
171
172
175
176
180
184
185
187
192
193
194
195
197
200
201
205
208
210
212
214
217
218
219
220
221
222
223
225
226
227
235
236
238
239
242
243
244
246
254
257
262
264
268
272
278
279
281
286
287
291
292
295
300
301
303
308
311
315
317
323
324
326
327
329
330
331
332
333
337
342
343
344
345
346
347
349
350
354
355
358
362
364
366
373
558
598
602
609
641
648
927
930
931
932
935
936
942
944
84
87
90
92
93
94
95
96
97
98
99
100
102
103
104
105
107
112
114
116
120
134
135
157
166
170
174
188
189
191
196
202
203
206
209
211
213
215
216
224
228
229
232
234
237
241
245
247
248
249
250
252
253
255
256
259
260
261
263
265
267
269
270
273
275
276
280
282
283
284
285
288
290
293
294
296
298
302
304
305
306
307
309
310
312
313
314
316
318
319
320
322
325
328
334
338
341
353
361
610
928
933
938
939
940
941
943
74
79
80
82
85
86
88
89
91
231
240
251
258
271
274
289
297
299
321
348
937
945
946
949
950
62
66
68
69
73
75
76
77
78
81
83
266
947
948
952
953
955
956
957
958
960
60
63
65
67
70
71
72
951
959
961
55
57
58
59
61
64
954
962
963
964
965
968
54
966
967
51
52
53
56
969
975
48
970
971
974
45
47
50
972
976
978
41
42
43
44
46
49
973
979
982
984
37
38
39
40
977
980
981
983
31
33
36
985
35
986
991
30
32
34
987
988
989
23
27
28
990
26
992
994
20
25
29
22
993
15
18
19
24
996
17
21
995
999
13
14
998
11
16
12
997
8
7
9
10
4
3
2
5
6
0
1
441
455
502
377
363
326
397
431
390
298
398
282
329
311
303
437
516
512
340
313
466
394
325
291
459
505
339
218
482
454
457
461
466
494
497
498
500
502
506
513
517
703
711
725
727
729
730
731
738
740
741
742
745
748
751
753
756
760
762
766
768
771
772
774
775
779
783
789
796
808
816
821
833
836
839
840
844
847
849
862
879
880
887
398
411
421
423
425
427
428
435
437
439
441
442
443
444
445
449
450
451
452
453
455
456
460
462
463
465
468
470
472
474
476
477
478
479
480
481
482
484
486
487
488
489
490
491
492
493
495
496
499
501
503
504
505
507
508
510
511
512
514
516
518
519
520
521
523
524
526
527
529
530
532
533
535
536
537
539
540
541
542
543
545
547
560
561
562
571
578
593
642
647
654
656
668
670
676
689
691
693
696
701
702
706
708
709
710
714
715
717
718
720
721
722
723
724
728
732
733
734
735
736
737
739
743
744
746
747
749
750
752
754
755
757
758
759
761
763
764
765
767
769
770
773
776
777
778
780
781
782
785
786
788
790
791
792
794
795
797
798
799
800
801
802
804
805
806
807
811
812
813
814
815
817
820
823
824
825
828
829
830
831
832
834
835
837
841
842
843
845
846
850
851
852
853
854
855
856
857
858
859
860
863
865
867
868
869
870
876
881
884
886
888
889
890
895
898
899
903
905
908
909
910
917
144
158
340
356
359
371
376
383
385
387
392
394
395
397
401
402
403
404
405
407
412
413
414
415
416
419
420
424
426
429
430
431
432
433
436
438
440
446
447
448
458
464
467
469
471
473
475
483
485
509
515
522
525
528
531
534
538
544
546
548
549
550
551
552
553
554
555
556
557
559
564
565
568
569
570
573
574
575
582
583
584
586
587
590
594
595
605
606
608
617
618
620
625
632
633
635
640
643
646
651
653
657
658
659
660
661
662
663
664
665
666
667
669
672
673
674
678
679
680
681
682
683
684
686
687
690
694
695
698
699
704
705
707
712
713
716
719
726
784
787
793
803
809
810
818
819
822
826
827
838
848
861
864
866
871
872
873
874
875
878
882
883
885
891
892
893
896
897
900
901
902
904
906
907
911
912
913
914
915
918
920
921
922
923
108
119
121
129
131
132
137
140
142
145
146
147
148
149
150
159
162
164
168
169
173
177
178
179
181
182
183
186
190
198
199
204
207
230
233
277
335
336
339
351
352
357
360
363
365
367
368
369
370
372
374
375
377
378
379
380
381
382
384
386
388
389
390
391
393
396
399
400
406
408
409
410
417
418
422
434
459
563
566
567
572
576
577
579
580
581
585
588
589
591
592
596
597
599
600
601
603
604
607
611
612
613
614
615
616
619
621
622
623
624
626
627
628
629
630
631
634
636
637
638
639
644
645
649
650
652
655
671
675
677
685
688
692
697
700
877
894
916
919
924
925
926
929
934
101
106
109
110
111
113
115
117
118
122
123
124
125
126
127
128
130
133
136
138
139
141
143
151
152
153
154
155
156
160
161
163
165
167
171
172
175
176
180
184
185
187
192
193
194
195
197
200
201
205
208
210
212
214
217
218
219
220
221
222
223
225
226
227
235
236
238
239
242
243
244
246
254
257
262
264
268
272
278
279
281
286
287
291
292
295
300
301
303
308
311
315
317
323
324
326
327
329
330
331
332
333
337
342
343
344
345
346
347
349
350
354
355
358
362
364
366
373
558
598
602
609
641
648
927
930
931
932
935
936
942
944
84
87
90
92
93
94
95
96
97
98
99
100
102
103
104
105
107
112
114
116
120
134
135
157
166
170
174
188
189
191
196
202
203
206
209
211
213
215
216
224
228
229
232
234
237
241
245
247
248
249
250
252
253
255
256
259
260
261
263
265
267
269
270
273
275
276
280
282
283
284
285
288
290
293
294
296
298
302
304
305
306
307
309
310
312
313
314
316
318
319
320
322
325
328
334
338
341
353
361
610
928
933
938
939
940
941
943
74
79
80
82
85
86
88
89
91
231
240
251
258
271
274
289
297
299
321
348
937
945
946
949
950
62
66
68
69
73
75
76
77
78
81
83
266
947
948
952
953
955
956
957
958
960
60
63
65
67
70
71
72
951
959
961
55
57
58
59
61
64
954
962
963
964
965
968
54
966
967
51
52
53
56
969
975
48
970
971
974
45
47
50
972
976
978
41
42
43
44
46
49
973
979
982
984
37
38
39
40
977
980
981
983
31
33
36
985
35
986
991
30
32
34
987
988
989
23
27
28
990
26
992
994
20
25
29
22
993
15
18
19
24
996
17
21
995
999
13
14
998
11
16
12
997
8
7
9
10
4
3
2
5
6
0
1
747
765
792
589
725
502
731
740
772
723
658
741
675
728
636
732
603
795
716
794
584
674
782
697
704
568
598
609
817
677
687
538
709
532
552
594
729
656
455
516
621
727
564
737
707
755
441
623
699
746
768
701
570
754
842
644
522
574
708
571
771
848
764
686
796
512
825
560
800
749
876
588
722
505
724
549
572
563
527
533
654
691
619
625
578
600
742
604
520
647
780
689
615
830
730
648
883
683
659
569
617
639
536
786
546
837
920
777
454
457
461
466
494
497
498
500
502
506
513
517
703
711
725
727
729
730
731
738
740
741
742
745
748
751
753
756
760
762
766
768
771
772
774
775
779
783
789
796
808
816
821
833
836
839
840
844
847
849
862
879
880
887
398
411
421
423
425
427
428
435
437
439
441
442
443
444
445
449
450
451
452
453
455
456
460
462
463
465
468
470
472
474
476
477
478
479
480
481
482
484
486
487
488
489
490
491
492
493
495
496
499
501
503
504
505
507
508
510
511
512
514
516
518
519
520
521
523
524
526
527
529
530
532
533
535
536
537
539
540
541
542
543
545
547
560
561
562
571
578
593
642
647
654
656
668
670
676
689
691
693
696
701
702
706
708
709
710
714
715
717
718
720
721
722
723
724
728
732
733
734
735
736
737
739
743
744
746
747
749
750
752
754
755
757
758
759
761
763
764
765
767
769
770
773
776
777
778
780
781
782
785
786
788
790
791
792
794
795
797
798
799
800
801
802
804
805
806
807
811
812
813
814
815
817
820
823
824
825
828
829
830
831
832
834
835
837
841
842
843
845
846
850
851
852
853
854
855
856
857
858
859
860
863
865
867
868
869
870
876
881
884
886
888
889
890
895
898
899
903
905
908
909
910
917
144
158
340
356
359
371
376
383
385
387
392
394
395
397
401
402
403
404
405
407
412
413
414
415
416
419
420
424
426
429
430
431
432
433
436
438
440
446
447
448
458
464
467
469
471
473
475
483
485
509
515
522
525
528
531
534
538
544
546
548
549
550
551
552
553
554
555
556
557
559
564
565
568
569
570
573
574
575
582
583
584
586
587
590
594
595
605
606
608
617
618
620
625
632
633
635
640
643
646
651
653
657
658
659
660
661
662
663
664
665
666
667
669
672
673
674
678
679
680
681
682
683
684
686
687
690
694
695
698
699
704
705
707
712
713
716
719
726
784
787
793
803
809
810
818
819
822
826
827
838
848
861
864
866
871
872
873
874
875
878
882
883
885
891
892
893
896
897
900
901
902
904
906
907
911
912
913
914
915
918
920
921
922
923
108
119
121
129
131
132
137
140
142
145
146
147
148
149
150
159
162
164
168
169
173
177
178
179
181
182
183
186
190
198
199
204
207
230
233
277
335
336
339
351
352
357
360
363
365
367
368
369
370
372
374
375
377
378
379
380
381
382
384
386
388
389
390
391
393
396
399
400
406
408
409
410
417
418
422
434
459
563
566
567
572
576
577
579
580
581
585
588
589
591
592
596
597
599
600
601
603
604
607
611
612
613
614
615
616
619
621
622
623
624
626
627
628
629
630
631
634
636
637
638
639
644
645
649
650
652
655
671
675
677
685
688
692
697
700
877
894
916
919
924
925
926
929
934
101
106
109
110
111
113
115
117
118
122
123
124
125
126
127
128
130
133
136
138
139
141
143
151
152
153
154
155
156
160
161
163
165
167
171
172
175
176
180
184
185
187
192
193
194
195
197
200
201
205
208
210
212
214
217
218
219
220
221
222
223
225
226
227
235
236
238
239
242
243
244
246
254
257
262
264
268
272
278
279
281
286
287
291
292
295
300
301
303
308
311
315
317
323
324
326
327
329
330
331
332
333
337
342
343
344
345
346
347
349
350
354
355
358
362
364
366
373
558
598
602
609
641
648
927
930
931
932
935
936
942
944
84
87
90
92
93
94
95
96
97
98
99
100
102
103
104
105
107
112
114
116
120
134
135
157
166
170
174
188
189
191
196
202
203
206
209
211
213
215
216
224
228
229
232
234
237
241
245
247
248
249
250
252
253
255
256
259
260
261
263
265
267
269
270
273
275
276
280
282
283
284
285
288
290
293
294
296
298
302
304
305
306
307
309
310
312
313
314
316
318
319
320
322
325
328
334
338
341
353
361
610
928
933
938
939
940
941
943
74
79
80
82
85
86
88
89
91
231
240
251
258
271
274
289
297
299
321
348
937
945
946
949
950
62
66
68
69
73
75
76
77
78
81
83
266
947
948
952
953
955
956
957
958
960
60
63
65
67
70
71
72
951
959
961
55
57
58
59
61
64
954
962
963
964
965
968
54
966
967
51
52
53
56
969
975
48
970
971
974
45
47
50
972
976
978
41
42
43
44
46
49
973
979
982
984
37
38
39
40
977
980
981
983
31
33
36
985
35
986
991
30
32
34
987
988
989
23
27
28
990
26
992
994
20
25
29
22
993
15
18
19
24
996
17
21
995
999
13
14
998
11
16
12
997
8
7
9
10
4
3
2
5
6
0
1
441
455
502
377
363
326
397
431
390
298
398
282
329
311
303
437
516
512
340
313
466
394
325
291
505
459
339
218
482
454
457
461
466
494
497
498
500
502
506
513
517
703
711
725
727
729
730
731
738
740
741
742
745
748
751
753
756
760
762
766
768
771
772
774
775
779
783
789
796
808
816
821
833
836
839
840
844
847
849
862
879
880
887
398
411
421
423
425
427
428
435
437
439
441
442
443
444
445
449
450
451
452
453
455
456
460
462
463
465
468
470
472
474
476
477
478
479
480
481
482
484
486
487
488
489
490
491
492
493
495
496
499
501
503
504
505
507
508
510
511
512
514
516
518
519
520
521
523
524
526
527
529
530
532
533
535
536
537
539
540
541
542
543
545
547
560
561
562
571
578
593
642
647
654
656
668
670
676
689
691
693
696
701
702
706
708
709
710
714
715
717
718
720
721
722
723
724
728
732
733
734
735
736
737
739
743
744
746
747
749
750
752
754
755
757
758
759
761
763
764
765
767
769
770
773
776
777
778
780
781
782
785
786
788
790
791
792
794
795
797
798
799
800
801
802
804
805
806
807
811
812
813
814
815
817
820
823
824
825
828
829
830
831
832
834
835
837
841
842
843
845
846
850
851
852
853
854
855
856
857
858
859
860
863
865
867
868
869
870
876
881
884
886
888
889
890
895
898
899
903
905
908
909
910
917
144
158
340
356
359
371
376
383
385
387
392
394
395
397
401
402
403
404
405
407
412
413
414
415
416
419
420
424
426
429
430
431
432
433
436
438
440
446
447
448
458
464
467
469
471
473
475
483
485
509
515
522
525
528
531
534
538
544
546
548
549
550
551
552
553
554
555
556
557
559
564
565
568
569
570
573
574
575
582
583
584
586
587
590
594
595
605
606
608
617
618
620
625
632
633
635
640
643
646
651
653
657
658
659
660
661
662
663
664
665
666
667
669
672
673
674
678
679
680
681
682
683
684
686
687
690
694
695
698
699
704
705
707
712
713
716
719
726
784
787
793
803
809
810
818
819
822
826
827
838
848
861
864
866
871
872
873
874
875
878
882
883
885
891
892
893
896
897
900
901
902
904
906
907
911
912
913
914
915
918
920
921
922
923
108
119
121
129
131
132
137
140
142
145
146
147
148
149
150
159
162
164
168
169
173
177
178
179
181
182
183
186
190
198
199
204
207
230
233
277
335
336
339
351
352
357
360
363
365
367
368
369
370
372
374
375
377
378
379
380
381
382
384
386
388
389
390
391
393
396
399
400
406
408
409
410
417
418
422
434
459
563
566
567
572
576
577
579
580
581
585
588
589
591
592
596
597
599
600
601
603
604
607
611
612
613
614
615
616
619
621
622
623
624
626
627
628
629
630
631
634
636
637
638
639
644
645
649
650
652
655
671
675
677
685
688
692
697
700
877
894
916
919
924
925
926
929
934
101
106
109
110
111
113
115
117
118
122
123
124
125
126
127
128
130
133
136
138
139
141
143
151
152
153
154
155
156
160
161
163
165
167
171
172
175
176
180
184
185
187
192
193
194
195
197
200
201
205
208
210
212
214
217
218
219
220
221
222
223
225
226
227
235
236
238
239
242
243
244
246
254
257
262
264
268
272
278
279
281
286
287
291
292
295
300
301
303
308
311
315
317
323
324
326
327
329
330
331
332
333
337
342
343
344
345
346
347
349
350
354
355
358
362
364
366
373
558
598
602
609
641
648
927
930
931
932
935
936
942
944
84
87
90
92
93
94
95
96
97
98
99
100
102
103
104
105
107
112
114
116
120
134
135
157
166
170
174
188
189
191
196
202
203
206
209
211
213
215
216
224
228
229
232
234
237
241
245
247
248
249
250
252
253
255
256
259
260
261
263
265
267
269
270
273
275
276
280
282
283
284
285
288
290
293
294
296
298
302
304
305
306
307
309
310
312
313
314
316
318
319
320
322
325
328
334
338
341
353
361
610
928
933
938
939
940
941
943
74
79
80
82
85
86
88
89
91
231
240
251
258
271
274
289
297
299
321
348
937
945
946
949
950
62
66
68
69
73
75
76
77
78
81
83
266
947
948
952
953
955
956
957
958
960
60
63
65
67
70
71
72
951
959
961
55
57
58
59
61
64
954
962
963
964
965
968
54
966
967
51
52
53
56
969
975
48
970
971
974
45
47
50
972
976
978
41
42
43
44
46
49
973
979
982
984
37
38
39
40
977
980
981
983
31
33
36
985
35
986
991
30
32
34
987
988
989
23
27
28
990
26
992
994
20
25
29
22
993
15
18
19
24
996
17
21
995
999
13
14
998
11
16
12
997
8
7
9
10
4
3
2
5
6
0
1
747
765
792
589
725
502
731
740
772
723
658
741
675
728
636
732
603
795
716
584
674
782
794
697
704
568
598
609
817
677
687
538
709
532
552
594
656
729
455
516
621
727
564
737
707
755
441
746
768
623
699
570
701
842
754
644
522
708
571
574
771
848
764
686
796
512
825
560
800
749
876
588
722
505
724
549
572
563
527
654
691
533
619
625
578
600
742
604
520
647
689
780
615
830
730
648
883
683
659
617
569
639
536
786
546
837
920
777
454
457
461
466
494
497
498
500
502
506
513
517
703
711
725
727
729
730
731
738
740
741
742
745
748
751
753
756
760
762
766
768
771
772
774
775
779
783
789
796
808
816
821
833
836
839
840
844
847
849
862
879
880
887
398
411
421
423
425
427
428
435
437
439
441
442
443
444
445
449
450
451
452
453
455
456
460
462
463
465
468
470
472
474
476
477
478
479
480
481
482
484
486
487
488
489
490
491
492
493
495
496
499
501
503
504
505
507
508
510
511
512
514
516
518
519
520
521
523
524
526
527
529
530
532
533
535
536
537
539
540
541
542
543
545
547
560
561
562
571
578
593
642
647
654
656
668
670
676
689
691
693
696
701
702
706
708
709
710
714
715
717
718
720
721
722
723
724
728
732
733
734
735
736
737
739
743
744
746
747
749
750
752
754
755
757
758
759
761
763
764
765
767
769
770
773
776
777
778
780
781
782
785
786
788
790
791
792
794
795
797
798
799
800
801
802
804
805
806
807
811
812
813
814
815
817
820
823
824
825
828
829
830
831
832
834
835
837
841
842
843
845
846
850
851
852
853
854
855
856
857
858
859
860
863
865
867
868
869
870
876
881
884
886
888
889
890
895
898
899
903
905
908
909
910
917
144
158
340
356
359
371
376
383
385
387
392
394
395
397
401
402
403
404
405
407
412
413
414
415
416
419
420
424
426
429
430
431
432
433
436
438
440
446
447
448
458
464
467
469
471
473
475
483
485
509
515
522
525
528
531
534
538
544
546
548
549
550
551
552
553
554
555
556
557
559
564
565
568
569
570
573
574
575
582
583
584
586
587
590
594
595
605
606
608
617
618
620
625
632
633
635
640
643
646
651
653
657
658
659
660
661
662
663
664
665
666
667
669
672
673
674
678
679
680
681
682
683
684
686
687
690
694
695
698
699
704
705
707
712
713
716
719
726
784
787
793
803
809
810
818
819
822
826
827
838
848
861
864
866
871
872
873
874
875
878
882
883
885
891
892
893
896
897
900
901
902
904
906
907
911
912
913
914
915
918
920
921
922
923
108
119
121
129
131
132
137
140
142
145
146
147
148
149
150
159
162
164
168
169
173
177
178
179
181
182
183
186
190
198
199
204
207
230
233
277
335
336
339
351
352
357
360
363
365
367
368
369
370
372
374
375
377
378
379
380
381
382
384
386
388
389
390
391
393
396
399
400
406
408
409
410
417
418
422
434
459
563
566
567
572
576
577
579
580
581
585
588
589
591
592
596
597
599
600
601
603
604
607
611
612
613
614
615
616
619
621
622
623
624
626
627
628
629
630
631
634
636
637
638
639
644
645
649
650
652
655
671
675
677
685
688
692
697
700
877
894
916
919
924
925
926
929
934
101
106
109
110
111
113
115
117
118
122
123
124
125
126
127
128
130
133
136
138
139
141
143
151
152
153
154
155
156
160
161
163
165
167
171
172
175
176
180
184
185
187
192
193
194
195
197
200
201
205
208
210
212
214
217
218
219
220
221
222
223
225
226
227
235
236
238
239
242
243
244
246
254
257
262
264
268
272
278
279
281
286
287
291
292
295
300
301
303
308
311
315
317
323
324
326
327
329
330
331
332
333
337
342
343
344
345
346
347
349
350
354
355
358
362
364
366
373
558
598
602
609
641
648
927
930
931
932
935
936
942
944
84
87
90
92
93
94
95
96
97
98
99
100
102
103
104
105
107
112
114
116
120
134
135
157
166
170
174
188
189
191
196
202
203
206
209
211
213
215
216
224
228
229
232
234
237
241
245
247
248
249
250
252
253
255
256
259
260
261
263
265
267
269
270
273
275
276
280
282
283
284
285
288
290
293
294
296
298
302
304
305
306
307
309
310
312
313
314
316
318
319
320
322
325
328
334
338
341
353
361
610
928
933
938
939
940
941
943
74
79
80
82
85
86
88
89
91
231
240
251
258
271
274
289
297
299
321
348
937
945
946
949
950
62
66
68
69
73
75
76
77
78
81
83
266
947
948
952
953
955
956
957
958
960
60
63
65
67
70
71
72
951
959
961
55
57
58
59
61
64
954
962
963
964
965
968
54
966
967
51
52
53
56
969
975
48
970
971
974
45
47
50
972
976
978
41
42
43
44
46
49
973
979
982
984
37
38
39
40
977
980
981
983
31
33
36
985
35
986
991
30
32
34
987
988
989
23
27
28
990
26
992
994
20
25
29
22
993
15
18
19
24
996
17
21
995
999
13
14
998
11
16
12
997
8
7
9
10
4
3
2
5
6
0
1
441
455
502
377
363
326
397
431
390
298
398
282
329
311
303
437
516
512
340
313
466
394
325
291
459
505
339
218
482
454
457
461
466
494
497
498
500
502
506
513
517
703
711
725
727
729
730
731
738
740
741
742
745
748
751
753
756
760
762
766
768
771
772
774
775
779
783
789
796
808
816
821
833
836
839
840
844
847
849
862
879
880
887
398
411
421
423
425
427
428
435
437
439
441
442
443
444
445
449
450
451
452
453
455
456
460
462
463
465
468
470
472
474
476
477
478
479
480
481
482
484
486
487
488
489
490
491
492
493
495
496
499
501
503
504
505
507
508
510
511
512
514
516
518
519
520
521
523
524
526
527
529
530
532
533
535
536
537
539
540
541
542
543
545
547
560
561
562
571
578
593
642
647
654
656
668
670
676
689
691
693
696
701
702
706
708
709
710
714
715
717
718
720
721
722
723
724
728
732
733
734
735
736
737
739
743
744
746
747
749
750
752
754
755
757
758
759
761
763
764
765
767
769
770
773
776
777
778
780
781
782
785
786
788
790
791
792
794
795
797
798
799
800
801
802
804
805
806
807
811
812
813
814
815
817
820
823
824
825
828
829
830
831
832
834
835
837
841
842
843
845
846
850
851
852
853
854
855
856
857
858
859
860
863
865
867
868
869
870
876
881
884
886
888
889
890
895
898
899
903
905
908
909
910
917
144
158
340
356
359
371
376
383
385
387
392
394
395
397
401
402
403
404
405
407
412
413
414
415
416
419
420
424
426
429
430
431
432
433
436
438
440
446
447
448
458
464
467
469
471
473
475
483
485
509
515
522
525
528
531
534
538
544
546
548
549
550
551
552
553
554
555
556
557
559
564
565
568
569
570
573
574
575
582
583
584
586
587
590
594
595
605
606
608
617
618
620
625
632
633
635
640
643
646
651
653
657
658
659
660
661
662
663
664
665
666
667
669
672
673
674
678
679
680
681
682
683
684
686
687
690
694
695
698
699
704
705
707
712
713
716
719
726
784
787
793
803
809
810
818
819
822
826
827
838
848
861
864
866
871
872
873
874
875
878
882
883
885
891
892
893
896
897
900
901
902
904
906
907
911
912
913
914
915
918
920
921
922
923
108
119
121
129
131
132
137
140
142
145
146
147
148
149
150
159
162
164
168
169
173
177
178
179
181
182
183
186
190
198
199
204
207
230
233
277
335
336
339
351
352
357
360
363
365
367
368
369
370
372
374
375
377
378
379
380
381
382
384
386
388
389
390
391
393
396
399
400
406
408
409
410
417
418
422
434
459
563
566
567
572
576
577
579
580
581
585
588
589
591
592
596
597
599
600
601
603
604
607
611
612
613
614
615
616
619
621
622
623
624
626
627
628
629
630
631
634
636
637
638
639
644
645
649
650
652
655
671
675
677
685
688
692
697
700
877
894
916
919
924
925
926
929
934
101
106
109
110
111
113
115
117
118
122
123
124
125
126
127
128
130
133
136
138
139
141
143
151
152
153
154
155
156
160
161
163
165
167
171
172
175
176
180
184
185
187
192
193
194
195
197
200
201
205
208
210
212
214
217
218
219
220
221
222
223
225
226
227
235
236
238
239
242
243
244
246
254
257
262
264
268
272
278
279
281
286
287
291
292
295
300
301
303
308
311
315
317
323
324
326
327
329
330
331
332
333
337
342
343
344
345
346
347
349
350
354
355
358
362
364
366
373
558
598
602
609
641
648
927
930
931
932
935
936
942
944
84
87
90
92
93
94
95
96
97
98
99
100
102
103
104
105
107
112
114
116
120
134
135
157
166
170
174
188
189
191
196
202
203
206
209
211
213
215
216
224
228
229
232
234
237
241
245
247
248
249
250
252
253
255
256
259
260
261
263
265
267
269
270
273
275
276
280
282
283
284
285
288
290
293
294
296
298
302
304
305
306
307
309
310
312
313
314
316
318
319
320
322
325
328
334
338
341
353
361
610
928
933
938
939
940
941
943
74
79
80
82
85
86
88
89
91
231
240
251
258
271
274
289
297
299
321
348
937
945
946
949
950
62
66
68
69
73
75
76
77
78
81
83
266
947
948
952
953
955
956
957
958
960
60
63
65
67
70
71
72
951
959
961
55
57
58
59
61
64
954
962
963
964
965
968
54
966
967
51
52
53
56
969
975
48
970
971
974
45
47
50
972
976
978
41
42
43
44
46
49
973
979
982
984
37
38
39
40
977
980
981
983
31
33
36
985
35
986
991
30
32
34
987
988
989
23
27
28
990
26
992
994
20
25
29
22
993
15
18
19
24
996
17
21
995
999
13
14
998
11
16
12
997
8
7
9
10
4
3
2
5
6
0
1
747
765
792
589
725
502
731
740
772
723
658
741
675
728
636
732
603
795
716
584
674
782
794
697
704
568
598
609
817
677
687
538
709
532
552
594
729
656
455
516
621
727
564
737
707
755
441
623
746
768
699
570
701
842
754
644
522
708
571
574
771
848
764
686
796
512
825
560
800
749
876
588
722
505
724
549
572
563
527
654
691
533
619
625
578
600
742
604
520
647
689
780
615
830
730
648
883
683
659
617
569
639
536
786
546
837
920
777
