442.5
442.8
442.8
442.9
442.9
442.9
442.9
443.0
443.1
443.1
443.1
443.1
443.2
443.2
443.2
443.2
443.3
443.3
443.3
443.3
443.3
443.3
443.4
443.4
443.4
443.4
443.4
443.4
443.4
443.4
443.4
443.5
443.5
443.5
443.5
443.5
443.5
443.5
443.5
443.5
443.5
443.5
443.5
443.5
443.5
443.6
443.6
443.6
443.6
443.6
443.6
443.6
443.6
443.6
443.6
443.6
443.6
443.6
443.6
443.7
443.7
443.7
443.7
443.7
443.7
443.7
443.7
443.7
443.7
443.7
443.7
443.8
443.8
443.8
443.8
443.8
443.8
443.8
443.8
443.8
443.8
443.8
443.8
443.8
443.8
443.8
443.8
443.8
443.8
443.8
443.8
443.8
443.9
443.9
443.9
443.9
443.9
443.9
443.9
443.9
443.9
443.9
443.9
443.9
443.9
443.9
443.9
443.9
443.9
443.9
444.0
444.0
444.0
444.0
444.0
444.0
444.0
444.0
444.0
444.0
444.0
444.0
444.0
444.0
444.0
444.0
444.0
444.0
444.0
444.0
444.0
444.0
444.0
444.0
444.1
444.1
444.1
444.1
444.1
444.1
444.1
444.1
444.1
444.1
444.1
444.1
444.1
444.1
444.1
444.1
444.1
444.1
444.1
444.1
444.1
444.1
444.1
444.1
444.1
444.1
444.1
444.1
444.1
444.2
444.2
444.2
444.2
444.2
444.2
444.2
444.2
444.2
444.2
444.2
444.2
444.2
444.2
444.2
444.2
444.2
444.2
444.2
444.2
444.2
444.2
444.3
444.3
444.3
444.3
444.3
444.3
444.3
444.3
444.3
444.3
444.3
444.3
444.3
444.3
444.3
444.3
444.3
444.3
444.3
444.3
444.3
444.3
444.3
444.3
444.3
444.4
444.4
444.4
444.4
444.4
444.4
444.4
444.4
444.4
444.5
444.5
444.5
444.5
444.5
444.5
444.5
444.5
444.5
444.5
444.5
444.5
444.5
444.5
444.5
444.5
444.5
444.5
444.5
444.5
444.6
444.6
444.6
444.6
444.6
444.6
444.6
444.6
444.6
444.6
444.6
444.6
444.7
444.7
444.7
444.7
444.7
444.7
444.7
444.7
444.7
444.7
444.7
444.7
444.7
444.7
444.7
444.8
444.8
444.8
444.8
444.8
444.8
444.8
444.8
444.8
444.9
444.9
444.9
444.9
444.9
444.9
444.9
444.9
444.9
444.9
444.9
444.9
444.9
444.9
444.9
444.9
444.9
444.9
444.9
445.0
445.0
445.0
445.0
445.0
445.0
445.0
445.0
445.0
445.0
445.0
445.0
445.0
445.0
445.0
445.0
445.0
445.1
445.1
445.1
445.1
445.1
445.1
445.1
445.1
445.1
445.1
445.1
445.1
445.2
445.2
445.2
445.2
445.2
445.2
445.2
445.2
445.2
445.2
445.2
445.2
445.3
445.3
445.3
445.3
445.3
445.3
445.3
445.3
445.3
445.3
445.3
445.3
445.3
445.3
445.3
445.4
445.4
445.4
445.4
445.4
445.4
445.4
445.4
445.4
445.4
445.4
445.4
445.4
445.4
445.4
445.5
445.5
445.5
445.5
445.5
445.5
445.5
445.5
445.6
445.6
445.6
445.6
445.6
445.6
445.6
445.6
445.6
445.6
445.6
445.6
445.6
445.7
445.7
445.7
445.7
445.7
445.7
445.7
445.7
445.7
445.7
445.7
445.8
445.8
445.8
445.8
445.8
445.8
445.8
445.8
445.8
445.8
445.8
445.8
445.8
445.8
445.8
445.8
445.8
445.9
445.9
445.9
445.9
445.9
445.9
445.9
445.9
446.0
446.0
446.0
446.0
446.0
446.0
446.0
446.0
446.0
446.1
446.1
446.1
446.1
446.1
446.1
446.1
446.2
446.2
446.2
446.2
446.2
446.2
446.2
446.2
446.2
446.2
446.2
446.2
446.2
446.3
446.3
446.3
446.3
446.3
446.3
446.4
446.4
446.4
446.4
446.4
446.4
446.4
446.4
446.4
446.4
446.5
446.5
446.5
446.5
446.5
446.5
446.5
446.6
446.6
446.6
446.6
446.7
446.8
446.8
446.8
446.8
446.8
446.8
446.8
446.8
446.9
446.9
446.9
447.0
447.0
447.0
447.0
447.1
447.1
447.1
447.1
447.1
447.1
447.1
447.1
447.1
447.2
447.2
447.2
447.2
447.2
447.3
447.3
447.3
447.3
447.3
447.4
447.4
447.4
447.4
447.4
447.4
447.5
447.5
447.5
447.5
447.5
447.5
447.5
447.5
447.6
447.6
447.6
447.6
447.6
447.6
447.7
447.7
447.7
447.7
447.7
447.8
447.8
447.8
447.8
447.8
447.8
447.8
447.9
447.9
447.9
447.9
447.9
447.9
448.0
448.0
448.0
448.0
448.0
448.1
448.1
448.1
448.1
448.1
448.2
448.2
448.2
448.2
448.2
448.2
448.3
448.3
448.3
448.3
448.4
448.5
448.5
448.6
448.6
448.7
448.8
448.8
448.8
448.9
448.9
448.9
448.9
448.9
448.9
449.0
449.0
449.1
449.1
449.1
449.1
449.2
449.3
449.3
449.3
449.3
449.4
449.4
449.4
449.4
449.5
449.5
449.5
449.6
449.6
449.6
449.6
449.7
449.8
449.8
449.8
449.9
449.9
450.0
450.1
450.1
450.1
450.1
450.2
450.4
450.4
450.4
450.4
450.6
450.6
450.7
450.7
450.7
450.7
450.7
450.7
450.8
450.8
450.9
450.9
450.9
450.9
451.0
451.1
451.1
451.1
451.2
451.2
451.2
451.2
451.2
451.4
451.4
451.5
451.5
451.6
451.6
451.7
451.7
451.7
451.8
451.9
452.0
452.2
452.2
452.2
452.2
452.3
452.3
452.4
452.5
452.5
452.5
452.6
452.7
452.7
452.9
452.9
452.9
453.1
453.4
453.4
453.5
453.5
453.6
453.9
454.1
454.2
454.5
454.7
454.7
454.8
455.0
455.0
455.2
455.4
455.5
455.5
455.6
455.8
456.0
456.3
456.4
456.7
457.1
458.2
458.2
458.4
458.7
458.8
459.2
460.2
461.3
462.3
462.6
464.9
466.3
466.6
470.5
472.2
472.7
473.0
476.8
718.4
718.5
718.5
718.6
718.6
718.6
718.6
718.6
718.6
718.7
718.7
718.7
718.7
718.7
718.7
718.7
718.7
718.7
718.7
718.7
718.7
718.7
718.7
718.7
718.7
718.7
718.7
718.8
718.8
718.8
718.8
718.8
718.8
718.8
718.8
718.8
718.8
718.8
718.8
718.8
718.8
718.8
718.8
718.8
718.8
718.8
718.8
718.8
718.8
718.8
718.8
718.8
718.8
718.8
718.8
718.8
718.8
718.8
718.8
718.8
718.8
718.9
718.9
718.9
718.9
718.9
718.9
718.9
718.9
718.9
718.9
718.9
718.9
718.9
718.9
718.9
718.9
718.9
718.9
718.9
718.9
718.9
718.9
718.9
718.9
718.9
718.9
718.9
718.9
718.9
718.9
718.9
718.9
718.9
718.9
718.9
718.9
718.9
718.9
718.9
718.9
718.9
718.9
718.9
718.9
718.9
718.9
719.0
719.0
719.0
719.0
719.0
719.0
719.0
719.0
719.0
719.0
719.0
719.0
719.0
719.0
719.0
719.0
719.0
719.0
719.0
719.0
719.0
719.0
719.0
719.0
719.0
719.0
719.0
719.0
719.0
719.0
719.0
719.0
719.0
719.0
719.0
719.0
719.0
719.0
719.0
719.0
719.0
719.0
719.0
719.0
719.0
719.1
719.1
719.1
719.1
719.1
719.1
719.1
719.1
719.1
719.1
719.1
719.1
719.1
719.1
719.1
719.1
719.1
719.1
719.1
719.1
719.1
719.1
719.1
719.1
719.1
719.1
719.1
719.1
719.1
719.1
719.1
719.1
719.1
719.2
719.2
719.2
719.2
719.2
719.2
719.2
719.2
719.2
719.2
719.2
719.2
719.2
719.2
719.2
719.2
719.2
719.2
719.2
719.2
719.2
719.2
719.2
719.2
719.2
719.2
719.2
719.2
719.2
719.3
719.3
719.3
719.3
719.3
719.3
719.3
719.3
719.3
719.3
719.3
719.3
719.3
719.3
719.3
719.3
719.3
719.3
719.3
719.3
719.3
719.3
719.3
719.3
719.4
719.4
719.4
719.4
719.4
719.4
719.4
719.4
719.4
719.4
719.4
719.4
719.4
719.4
719.4
719.4
719.4
719.4
719.4
719.5
719.5
719.5
719.5
719.5
719.5
719.5
719.5
719.5
719.5
719.5
719.5
719.5
719.5
719.5
719.5
719.5
719.5
719.5
719.5
719.5
719.6
719.6
719.6
719.6
719.6
719.6
719.6
719.6
719.6
719.6
719.6
719.6
719.6
719.6
719.6
719.6
719.6
719.6
719.6
719.6
719.6
719.7
719.7
719.7
719.7
719.7
719.7
719.7
719.7
719.7
719.7
719.7
719.7
719.7
719.7
719.7
719.7
719.7
719.8
719.8
719.8
719.8
719.8
719.8
719.8
719.8
719.8
719.8
719.8
719.8
719.8
719.8
719.8
719.8
719.9
719.9
719.9
719.9
719.9
719.9
719.9
719.9
719.9
719.9
719.9
720.0
720.0
720.0
720.0
720.0
720.1
720.1
720.1
720.1
720.1
720.1
720.1
720.1
720.1
720.1
720.1
720.1
720.1
720.1
720.1
720.1
720.1
720.2
720.2
720.2
720.2
720.2
720.2
720.2
720.2
720.2
720.2
720.3
720.3
720.3
720.3
720.3
720.3
720.3
720.3
720.3
720.3
720.3
720.3
720.3
720.4
720.4
720.4
720.4
720.4
720.4
720.4
720.4
720.4
720.5
720.5
720.5
720.5
720.5
720.5
720.5
720.5
720.5
720.5
720.5
720.5
720.5
720.5
720.6
720.6
720.6
720.6
720.6
720.6
720.6
720.6
720.6
720.6
720.6
720.6
720.6
720.6
720.6
720.6
720.6
720.6
720.7
720.7
720.7
720.7
720.7
720.7
720.7
720.7
720.7
720.7
720.7
720.7
720.7
720.8
720.8
720.8
720.8
720.8
720.8
720.8
720.8
720.8
720.8
720.8
720.8
720.8
720.8
720.8
720.8
720.8
720.8
720.8
720.9
720.9
720.9
720.9
720.9
720.9
720.9
720.9
720.9
720.9
720.9
720.9
720.9
721.0
721.0
721.0
721.0
721.0
721.0
721.0
721.0
721.1
721.1
721.1
721.1
721.1
721.2
721.2
721.2
721.2
721.2
721.2
721.2
721.2
721.2
721.2
721.3
721.3
721.3
721.4
721.4
721.4
721.4
721.4
721.4
721.4
721.4
721.4
721.4
721.5
721.5
721.5
721.5
721.5
721.5
721.5
721.6
721.6
721.6
721.6
721.6
721.6
721.6
721.6
721.7
721.7
721.7
721.7
721.7
721.7
721.7
721.7
721.8
721.8
721.8
721.8
721.8
721.8
721.8
721.8
721.9
721.9
721.9
721.9
721.9
721.9
721.9
721.9
722.0
722.0
722.0
722.0
722.0
722.0
722.0
722.0
722.1
722.2
722.2
722.2
722.2
722.2
722.2
722.3
722.3
722.3
722.3
722.3
722.3
722.3
722.4
722.4
722.4
722.4
722.4
722.4
722.4
722.4
722.5
722.5
722.5
722.5
722.5
722.6
722.6
722.6
722.6
722.6
722.6
722.6
722.6
722.7
722.7
722.7
722.7
722.7
722.7
722.7
722.8
722.8
722.8
722.8
722.8
722.8
722.9
722.9
723.0
723.0
723.0
723.0
723.0
723.0
723.0
723.1
723.1
723.2
723.2
723.2
723.3
723.3
723.3
723.3
723.3
723.3
723.3
723.3
723.4
723.4
723.4
723.4
723.4
723.5
723.5
723.5
723.5
723.6
723.6
723.6
723.6
723.7
723.7
723.8
723.8
723.8
723.8
723.9
723.9
723.9
724.0
724.0
724.0
724.0
724.0
724.0
724.0
724.0
724.1
724.1
724.1
724.1
724.2
724.2
724.2
724.2
724.2
724.4
724.4
724.4
724.5
724.5
724.5
724.5
724.6
724.6
724.6
724.7
724.7
724.7
724.7
724.8
724.8
724.8
724.9
724.9
725.0
725.0
725.1
725.1
725.1
725.2
725.2
725.3
725.3
725.3
725.4
725.5
725.5
725.5
725.6
725.7
725.7
725.8
725.9
726.0
726.0
726.1
726.1
726.2
726.2
726.2
726.5
726.6
726.6
727.1
727.1
727.1
727.2
727.4
743.0
771.7
771.9
772.0
772.5
772.8
772.8
772.9
773.0
773.0
773.1
773.2
773.3
773.3
773.4
773.4
773.5
773.6
773.6
773.8
773.8
773.8
773.8
773.9
774.0
774.0
774.2
774.2
774.3
774.3
774.3
774.4
774.4
774.4
774.5
774.5
774.6
774.6
774.6
774.6
774.7
774.8
774.8
774.8
774.8
774.8
774.8
774.9
775.0
775.0
775.0
775.1
775.2
775.4
775.5
775.5
775.5
775.6
775.8
775.9
775.9
776.0
776.0
776.1
776.1
776.2
776.2
776.3
776.4
776.5
776.5
776.5
776.5
776.5
776.5
776.5
776.6
776.7
776.7
776.8
776.8
777.0
777.1
777.1
777.2
777.2
777.2
777.4
777.5
777.5
777.5
777.6
777.6
777.7
777.7
777.7
777.8
777.8
777.9
777.9
778.0
778.0
778.1
778.1
778.2
778.2
778.3
778.3
778.4
778.4
778.4
778.5
778.5
778.5
778.5
778.6
778.7
778.7
778.8
778.9
778.9
779.0
779.1
779.2
779.3
779.5
779.5
779.7
779.7
779.7
779.7
780.0
780.1
780.2
780.8
781.0
781.2
781.3
781.6
781.6
781.7
781.7
781.8
781.8
781.9
781.9
782.3
782.3
782.4
782.4
782.5
783.2
783.6
783.7
784.2
784.2
784.4
784.7
785.2
785.5
785.7
785.8
785.9
785.9
786.1
786.2
786.9
787.0
788.2
788.2
788.3
788.3
788.5
789.7
790.1
790.1
790.3
790.5
790.7
791.4
792.0
792.6
792.7
795.6
799.2
801.3
802.2
810.5
943.9
943.9
943.9
943.9
943.9
944.0
944.0
944.0
944.0
944.0
944.0
944.0
944.0
944.0
944.0
944.0
944.0
944.0
944.0
944.0
944.0
944.0
944.0
944.0
944.0
944.0
944.0
944.0
944.1
944.1
944.1
944.1
944.1
944.1
944.1
944.1
944.1
944.1
944.1
944.1
944.1
944.1
944.1
944.1
944.1
944.1
944.1
944.1
944.1
944.1
944.1
944.1
944.1
944.1
944.1
944.1
944.1
944.1
944.1
944.1
944.1
944.1
944.1
944.1
944.1
944.1
944.1
944.1
944.1
944.1
944.1
944.1
944.1
944.1
944.1
944.1
944.1
944.1
944.1
944.1
944.1
944.1
944.1
944.1
944.1
944.1
944.1
944.1
944.1
944.1
944.1
944.1
944.1
944.1
944.1
944.2
944.2
944.2
944.2
944.2
944.2
944.2
944.2
944.2
944.2
944.2
944.2
944.2
944.2
944.2
944.2
944.2
944.2
944.2
944.2
944.2
944.2
944.2
944.2
944.2
944.2
944.2
944.2
944.2
944.2
944.2
944.2
944.2
944.2
944.2
944.2
944.2
944.2
944.2
944.2
944.2
944.2
944.2
944.2
944.2
944.2
944.2
944.2
944.2
944.2
944.2
944.2
944.2
944.2
944.2
944.2
944.2
944.2
944.2
944.2
944.2
944.2
944.2
944.2
944.2
944.2
944.2
944.2
944.2
944.2
944.2
944.2
944.2
944.2
944.2
944.2
944.2
944.2
944.2
944.2
944.2
944.2
944.3
944.3
944.3
944.3
944.3
944.3
944.3
944.3
944.3
944.3
944.3
944.3
944.3
944.3
944.3
944.3
944.3
944.3
944.3
944.3
944.3
944.3
944.3
944.3
944.3
944.3
944.3
944.3
944.3
944.3
944.3
944.3
944.3
944.3
944.3
944.3
944.3
944.3
944.3
944.3
944.3
944.3
944.3
944.3
944.3
944.3
944.3
944.3
944.3
944.3
944.3
944.3
944.3
944.3
944.3
944.3
944.3
944.4
944.4
944.4
944.4
944.4
944.4
944.4
944.4
944.4
944.4
944.4
944.4
944.4
944.4
944.4
944.4
944.4
944.4
944.4
944.4
944.4
944.4
944.4
944.4
944.4
944.4
944.4
944.4
944.4
944.4
944.4
944.4
944.4
944.4
944.4
944.4
944.4
944.4
944.5
944.5
944.5
944.5
944.5
944.5
944.5
944.5
944.5
944.5
944.5
944.5
944.5
944.5
944.5
944.5
944.5
944.5
944.5
944.5
944.5
944.5
944.5
944.5
944.5
944.5
944.5
944.5
944.5
944.5
944.5
944.5
944.5
944.6
944.6
944.6
944.6
944.6
944.6
944.6
944.6
944.6
944.6
944.6
944.6
944.6
944.6
944.7
944.7
944.7
944.7
944.7
944.7
944.7
944.7
944.7
944.7
944.7
944.7
944.7
944.7
944.7
944.7
944.7
944.7
944.7
944.7
944.8
944.8
944.8
944.8
944.8
944.8
944.8
944.8
944.8
944.8
944.8
944.8
944.8
944.8
944.8
944.8
944.8
944.9
944.9
944.9
944.9
944.9
944.9
944.9
944.9
944.9
944.9
944.9
944.9
944.9
944.9
944.9
944.9
944.9
944.9
944.9
944.9
944.9
944.9
944.9
944.9
944.9
944.9
944.9
945.0
945.0
945.0
945.0
945.0
945.0
945.0
945.0
945.0
945.0
945.0
945.0
945.0
945.0
945.0
945.0
945.0
945.0
945.0
945.0
945.1
945.1
945.1
945.1
945.1
945.1
945.1
945.1
945.1
945.1
945.1
945.1
945.1
945.1
945.1
945.1
945.1
945.1
945.1
945.1
945.1
945.1
945.2
945.2
945.2
945.2
945.2
945.2
945.2
945.2
945.2
945.2
945.2
945.2
945.2
945.2
945.2
945.2
945.2
945.2
945.2
945.2
945.2
945.2
945.2
945.3
945.3
945.3
945.3
945.3
945.3
945.3
945.3
945.3
945.3
945.3
945.3
945.3
945.3
945.3
945.3
945.3
945.3
945.3
945.3
945.3
945.3
945.3
945.3
945.3
945.3
945.3
945.3
945.3
945.3
945.3
945.3
945.3
945.4
945.4
945.4
945.4
945.4
945.4
945.4
945.4
945.4
945.4
945.4
945.4
945.4
945.4
945.4
945.5
945.5
945.5
945.5
945.5
945.5
945.5
945.5
945.5
945.5
945.5
945.5
945.5
945.5
945.5
945.5
945.6
945.6
945.6
945.6
945.6
945.6
945.6
945.6
945.6
945.6
945.6
945.6
945.7
945.7
945.7
945.7
945.7
945.7
945.7
945.7
945.7
945.7
945.7
945.7
945.8
945.8
945.8
945.8
945.8
945.8
945.8
945.8
945.8
945.8
945.8
945.8
945.8
945.8
945.9
945.9
945.9
945.9
945.9
945.9
945.9
945.9
945.9
945.9
945.9
945.9
945.9
945.9
945.9
945.9
945.9
945.9
946.0
946.0
946.0
946.0
946.0
946.0
946.0
946.1
946.1
946.1
946.1
946.1
946.1
946.1
946.1
946.1
946.2
946.2
946.2
946.2
946.2
946.2
946.2
946.2
946.2
946.2
946.2
946.2
946.3
946.3
946.3
946.3
946.3
946.3
946.3
946.3
946.3
946.3
946.3
946.4
946.4
946.4
946.4
946.4
946.4
946.4
946.4
946.5
946.5
946.5
946.5
946.5
946.5
946.5
946.5
946.5
946.5
946.6
946.6
946.6
946.7
946.7
946.7
946.7
946.7
946.7
946.7
946.8
946.8
946.8
946.8
946.8
946.8
946.9
946.9
946.9
946.9
947.0
947.0
947.0
947.0
947.0
947.1
947.1
947.1
947.1
947.1
947.1
947.1
947.1
947.1
947.1
947.1
947.2
947.2
947.2
947.2
947.2
947.2
947.2
947.3
947.3
947.4
947.4
947.4
947.4
947.4
947.4
947.4
947.4
947.4
947.5
947.5
947.6
947.6
947.6
947.6
947.6
947.7
947.7
947.7
947.7
947.7
947.7
947.8
947.8
947.8
947.8
947.8
947.9
947.9
948.0
948.0
948.0
948.0
948.1
948.1
948.1
948.1
948.1
948.1
948.1
948.1
948.1
948.1
948.1
948.2
948.2
948.2
948.2
948.2
948.2
948.2
948.3
948.3
948.3
948.3
948.5
948.5
948.5
948.6
948.6
948.6
948.6
948.6
948.8
948.9
949.1
949.2
949.2
949.4
949.4
949.5
949.7
949.7
949.7
949.9
949.9
949.9
950.0
950.0
950.1
950.1
950.1
950.2
950.2
950.2
950.3
950.3
950.3
950.3
950.4
950.4
950.4
950.4
950.5
950.6
950.6
950.6
950.7
950.7
950.7
950.8
950.9
951.0
951.1
951.1
951.3
951.3
951.3
951.3
951.4
951.4
951.5
951.5
951.6
951.7
951.9
951.9
952.0
952.0
952.1
952.1
952.2
952.2
952.2
952.2
952.3
952.3
952.3
952.5
952.6
952.7
952.7
952.9
952.9
953.1
953.1
953.1
953.2
953.4
953.5
953.5
953.6
953.7
953.7
953.8
953.8
953.8
953.9
954.1
954.2
954.2
954.3
954.3
954.4
954.8
955.1
955.2
955.4
955.4
955.5
955.7
955.7
955.7
956.0
956.2
956.4
956.5
956.5
956.6
956.7
956.7
956.7
956.9
957.0
957.3
957.4
957.7
958.1
958.6
959.1
959.2
959.2
959.5
959.6
959.6
959.6
959.7
959.9
959.9
960.0
960.3
960.4
960.5
960.5
960.7
960.7
960.9
961.1
961.2
961.3
961.4
961.4
961.6
961.6
961.6
961.7
961.8
961.8
961.9
961.9
961.9
962.0
962.0
962.1
962.1
962.2
962.3
962.8
962.9
963.1
963.2
963.5
963.6
963.8
963.8
963.9
964.5
964.5
964.6
964.7
964.9
965.2
965.2
965.2
965.3
965.5
965.6
965.7
965.9
966.2
966.4
966.4
966.5
966.6
966.6
966.7
966.7
966.8
967.4
967.4
967.9
968.0
968.1
968.2
968.2
968.4
968.4
968.9
969.0
969.1
969.1
969.6
970.0
970.1
970.3
970.3
970.4
970.9
971.3
972.0
972.5
974.7
975.0
975.2
975.5
979.6
983.5
985.2
1229.8
1229.8
1230.0
1230.0
1230.1
1230.1
1230.1
1230.1
1230.1
1230.1
1230.1
1230.1
1230.2
1230.2
1230.2
1230.3
1230.3
1230.3
1230.3
1230.4
1230.4
1230.4
1230.4
1230.4
1230.4
1230.4
1230.4
1230.4
1230.4
1230.4
1230.5
1230.5
1230.5
1230.5
1230.5
1230.5
1230.5
1230.5
1230.5
1230.5
1230.5
1230.5
1230.5
1230.5
1230.5
1230.5
1230.5
1230.5
1230.5
1230.5
1230.5
1230.5
1230.5
1230.6
1230.6
1230.6
1230.6
1230.6
1230.6
1230.6
1230.6
1230.6
1230.7
1230.7
1230.7
1230.7
1230.7
1230.7
1230.7
1230.7
1230.7
1230.7
1230.7
1230.7
1230.7
1230.7
1230.7
1230.7
1230.7
1230.7
1230.7
1230.7
1230.7
1230.8
1230.8
1230.8
1230.8
1230.8
1230.8
1230.8
1230.8
1230.8
1230.8
1230.8
1230.8
1230.8
1230.8
1230.8
1230.8
1230.8
1230.8
1230.8
1230.8
1230.8
1230.8
1230.8
1230.8
1230.8
1230.8
1230.8
1230.8
1230.9
1230.9
1230.9
1230.9
1230.9
1230.9
1230.9
1230.9
1230.9
1230.9
1230.9
1230.9
1230.9
1230.9
1230.9
1230.9
1230.9
1230.9
1230.9
1230.9
1230.9
1230.9
1230.9
1230.9
1230.9
1231.0
1231.0
1231.0
1231.0
1231.0
1231.0
1231.0
1231.0
1231.0
1231.0
1231.0
1231.0
1231.0
1231.0
1231.0
1231.0
1231.0
1231.0
1231.0
1231.0
1231.0
1231.0
1231.0
1231.0
1231.0
1231.0
1231.0
1231.0
1231.0
1231.0
1231.0
1231.0
1231.1
1231.1
1231.1
1231.1
1231.1
1231.1
1231.1
1231.1
1231.1
1231.1
1231.1
1231.1
1231.1
1231.1
1231.1
1231.1
1231.1
1231.1
1231.1
1231.1
1231.1
1231.1
1231.1
1231.1
1231.1
1231.1
1231.2
1231.2
1231.2
1231.2
1231.2
1231.2
1231.2
1231.2
1231.2
1231.2
1231.2
1231.2
1231.2
1231.2
1231.2
1231.2
1231.2
1231.2
1231.2
1231.2
1231.2
1231.2
1231.2
1231.2
1231.3
1231.3
1231.3
1231.3
1231.3
1231.3
1231.3
1231.3
1231.3
1231.3
1231.3
1231.3
1231.3
1231.3
1231.3
1231.3
1231.3
1231.3
1231.3
1231.3
1231.4
1231.4
1231.4
1231.4
1231.4
1231.4
1231.4
1231.4
1231.4
1231.4
1231.4
1231.4
1231.4
1231.4
1231.4
1231.4
1231.5
1231.5
1231.5
1231.5
1231.5
1231.5
1231.5
1231.5
1231.5
1231.5
1231.5
1231.6
1231.6
1231.6
1231.6
1231.6
1231.6
1231.6
1231.6
1231.6
1231.6
1231.6
1231.6
1231.7
1231.7
1231.7
1231.7
1231.7
1231.7
1231.7
1231.7
1231.7
1231.7
1231.8
1231.8
1231.8
1231.8
1231.8
1231.8
1231.8
1231.9
1231.9
1231.9
1231.9
1231.9
1231.9
1231.9
1232.0
1232.0
1232.1
1232.1
1232.1
1232.1
1232.1
1232.1
1232.1
1232.1
1232.1
1232.2
1232.2
1232.2
1232.2
1232.2
1232.2
1232.3
1232.3
1232.3
1232.3
1232.4
1232.4
1232.4
1232.5
1232.5
1232.5
1232.5
1232.7
1232.7
1232.8
1232.8
1232.9
1232.9
1233.0
1233.0
1233.0
1233.0
1233.0
1233.0
1233.1
1233.1
1233.1
1233.1
1233.1
1233.2
1233.2
1233.2
1233.2
1233.2
1233.2
1233.3
1233.3
1233.3
1233.4
1233.4
1233.4
1233.5
1233.6
1233.7
1233.7
1233.8
1233.9
1233.9
1233.9
1234.0
1234.0
1234.0
1234.0
1234.0
1234.0
1234.1
1234.2
1234.3
1234.4
1234.4
1234.4
1234.4
1234.4
1234.5
1234.5
1234.5
1234.7
1234.8
1234.8
1234.9
1235.0
1235.0
1235.1
1235.1
1235.1
1235.2
1235.2
1235.3
1235.3
1235.5
1235.5
1235.6
1235.6
1235.7
1236.0
1236.0
1236.1
1236.2
1236.3
1236.5
1236.5
1236.6
1236.6
1236.7
1236.8
1236.8
1236.9
1236.9
1237.0
1237.0
1237.0
1237.0
1237.0
1237.1
1237.1
1237.2
1237.2
1237.3
1237.4
1237.5
1237.9
1238.0
1238.0
1238.2
1238.3
1238.3
1238.3
1238.4
1238.7
1238.7
1238.9
1239.1
1239.2
1239.3
1239.7
1239.8
1239.8
1240.1
1240.1
1240.2
1240.7
1240.7
1240.9
1241.0
1241.3
1241.6
1241.8
1241.8
1242.0
1242.0
1242.0
1242.1
1242.2
1242.4
1242.5
1242.6
1242.7
1243.0
1243.4
1243.4
1243.6
1243.7
1243.9
1244.0
1244.7
1244.8
1245.0
1245.2
1245.2
1245.3
1245.6
1245.8
1246.0
1246.2
1246.5
1246.6
1247.0
1247.3
1247.3
1247.3
1247.5
1247.7
1247.7
1247.9
1248.5
1248.5
1249.2
1249.3
1249.5
1250.0
1250.2
1250.6
1250.8
1250.9
1251.0
1251.9
1252.1
1252.4
1252.7
1253.0
1253.0
1253.2
1254.5
1255.0
1255.6
1256.8
1257.3
1259.4
1260.5
1262.1
1262.3
1266.8
1266.9
1267.4
1274.2
1278.5
1397.4
1397.4
1397.5
1397.5
1397.6
1397.6
1397.6
1397.6
1397.6
1397.6
1397.7
1397.7
1397.7
1397.7
1397.7
1397.7
1397.7
1397.7
1397.7
1397.8
1397.8
1397.8
1397.8
1397.8
1397.8
1397.8
1397.8
1397.9
1397.9
1397.9
1397.9
1397.9
1397.9
1398.0
1398.0
1398.0
1398.0
1398.0
1398.0
1398.0
1398.0
1398.0
1398.0
1398.0
1398.0
1398.0
1398.0
1398.1
1398.1
1398.1
1398.1
1398.1
1398.1
1398.1
1398.1
1398.1
1398.1
1398.1
1398.1
1398.1
1398.2
1398.2
1398.2
1398.2
1398.2
1398.2
1398.2
1398.2
1398.2
1398.3
1398.3
1398.3
1398.3
1398.3
1398.3
1398.3
1398.3
1398.3
1398.3
1398.3
1398.3
1398.3
1398.3
1398.3
1398.3
1398.3
1398.4
1398.4
1398.4
1398.4
1398.4
1398.4
1398.4
1398.4
1398.4
1398.4
1398.4
1398.4
1398.5
1398.5
1398.5
1398.5
1398.5
1398.5
1398.5
1398.5
1398.5
1398.5
1398.5
1398.5
1398.5
1398.6
1398.6
1398.6
1398.6
1398.6
1398.6
1398.6
1398.6
1398.6
1398.6
1398.6
1398.6
1398.7
1398.7
1398.7
1398.7
1398.7
1398.7
1398.7
1398.8
1398.8
1398.8
1398.8
1398.8
1398.8
1398.8
1398.8
1398.8
1398.8
1398.9
1398.9
1399.0
1399.0
1399.0
1399.0
1399.0
1399.0
1399.1
1399.1
1399.1
1399.1
1399.1
1399.2
1399.2
1399.3
1399.3
1399.3
1399.3
1399.4
1399.4
1399.5
1399.5
1399.6
1399.6
1399.6
1399.6
1399.6
1399.6
1399.7
1399.7
1399.7
1399.7
1399.7
1399.7
1399.7
1399.7
1399.7
1399.7
1399.7
1399.8
1399.8
1399.9
1399.9
1399.9
1400.0
1400.0
1400.0
1400.1
1400.1
1400.1
1400.1
1400.2
1400.2
1400.2
1400.3
1400.3
1400.4
1400.4
1400.4
1400.4
1400.5
1400.5
1400.5
1400.6
1400.6
1400.6
1400.6
1400.7
1400.7
1400.9
1400.9
1401.0
1401.0
1401.0
1401.0
1401.1
1401.1
1401.1
1401.1
1401.2
1401.2
1401.3
1401.4
1401.4
1401.4
1401.4
1401.5
1401.6
1401.6
1401.7
1401.7
1401.7
1401.8
1401.8
1401.8
1401.8
1401.8
1401.9
1401.9
1401.9
1402.0
1402.1
1402.1
1402.2
1402.2
1402.3
1402.4
1402.5
1402.5
1402.5
1402.6
1402.6
1402.6
1402.6
1402.7
1402.7
1402.7
1402.7
1402.7
1402.8
1402.8
1402.9
1402.9
1402.9
1402.9
1403.0
1403.0
1403.1
1403.3
1403.4
1403.5
1403.6
1403.6
1403.7
1403.8
1403.9
1404.1
1404.1
1404.2
1404.2
1404.3
1404.3
1404.3
1404.4
1404.5
1404.5
1404.5
1404.5
1404.6
1404.7
1404.8
1405.0
1405.1
1405.1
1405.3
1405.3
1405.4
1405.5
1405.5
1405.9
1405.9
1406.0
1406.0
1406.1
1406.2
1406.4
1406.5
1406.7
1406.7
1406.8
1406.8
1406.9
1406.9
1406.9
1407.1
1407.1
1407.1
1407.1
1407.1
1407.2
1407.2
1407.3
1407.3
1407.5
1407.6
1407.7
1407.9
1408.2
1408.2
1408.3
1408.4
1408.5
1408.6
1408.7
1408.9
1408.9
1408.9
1408.9
1409.1
1409.2
1409.3
1409.4
1409.4
1409.5
1409.5
1409.9
1409.9
1409.9
1410.0
1410.0
1410.0
1410.1
1410.2
1410.2
1410.5
1410.7
1410.8
1410.9
1411.0
1411.1
1411.2
1411.6
1411.7
1411.9
1411.9
1412.1
1412.1
1412.1
1412.2
1412.3
1412.5
1412.9
1413.0
1413.0
1413.0
1413.6
1413.6
1413.8
1414.9
1414.9
1415.0
1415.1
1415.5
1415.9
1416.2
1416.4
1416.5
1416.8
1417.1
1417.6
1417.7
1418.2
1419.0
1419.7
1420.8
1422.1
1423.3
1423.8
1424.7
1424.9
1426.1
1426.7
1428.4
1428.6
1431.1
1560.8
1560.8
1560.8
1560.9
1560.9
1561.0
1561.0
1561.0
1561.1
1561.1
1561.1
1561.1
1561.1
1561.1
1561.1
1561.1
1561.1
1561.1
1561.1
1561.1
1561.2
1561.2
1561.2
1561.2
1561.2
1561.2
1561.2
1561.2
1561.2
1561.2
1561.2
1561.2
1561.2
1561.2
1561.2
1561.2
1561.2
1561.3
1561.3
1561.3
1561.3
1561.3
1561.3
1561.3
1561.3
1561.3
1561.3
1561.3
1561.3
1561.3
1561.3
1561.3
1561.3
1561.3
1561.3
1561.3
1561.3
1561.3
1561.3
1561.3
1561.3
1561.3
1561.3
1561.3
1561.3
1561.3
1561.3
1561.3
1561.3
1561.3
1561.3
1561.3
1561.3
1561.4
1561.4
1561.4
1561.4
1561.4
1561.4
1561.4
1561.4
1561.4
1561.4
1561.4
1561.4
1561.4
1561.4
1561.4
1561.4
1561.4
1561.4
1561.4
1561.4
1561.4
1561.4
1561.4
1561.4
1561.4
1561.4
1561.4
1561.4
1561.4
1561.4
1561.4
1561.4
1561.4
1561.4
1561.4
1561.4
1561.4
1561.4
1561.4
1561.4
1561.4
1561.4
1561.5
1561.5
1561.5
1561.5
1561.5
1561.5
1561.5
1561.5
1561.5
1561.5
1561.5
1561.5
1561.5
1561.5
1561.5
1561.5
1561.5
1561.5
1561.5
1561.5
1561.5
1561.5
1561.5
1561.5
1561.5
1561.5
1561.5
1561.5
1561.5
1561.5
1561.5
1561.5
1561.5
1561.5
1561.5
1561.5
1561.5
1561.5
1561.5
1561.5
1561.5
1561.5
1561.5
1561.5
1561.6
1561.6
1561.6
1561.6
1561.6
1561.6
1561.6
1561.6
1561.6
1561.6
1561.6
1561.6
1561.6
1561.6
1561.6
1561.6
1561.6
1561.6
1561.6
1561.6
1561.6
1561.6
1561.6
1561.6
1561.6
1561.6
1561.6
1561.6
1561.6
1561.6
1561.6
1561.6
1561.6
1561.6
1561.6
1561.6
1561.6
1561.7
1561.7
1561.7
1561.7
1561.7
1561.7
1561.7
1561.7
1561.7
1561.7
1561.7
1561.7
1561.7
1561.7
1561.7
1561.7
1561.7
1561.7
1561.7
1561.7
1561.7
1561.8
1561.8
1561.8
1561.8
1561.8
1561.8
1561.8
1561.8
1561.8
1561.8
1561.8
1561.8
1561.8
1561.8
1561.8
1561.9
1561.9
1561.9
1561.9
1561.9
1561.9
1561.9
1561.9
1561.9
1561.9
1561.9
1561.9
1561.9
1561.9
1561.9
1561.9
1561.9
1562.0
1562.0
1562.0
1562.0
1562.0
1562.0
1562.0
1562.0
1562.0
1562.0
1562.0
1562.0
1562.0
1562.0
1562.0
1562.0
1562.0
1562.0
1562.1
1562.1
1562.1
1562.1
1562.1
1562.1
1562.1
1562.1
1562.1
1562.2
1562.2
1562.2
1562.3
1562.3
1562.3
1562.3
1562.3
1562.3
1562.3
1562.3
1562.3
1562.3
1562.4
1562.4
1562.4
1562.4
1562.4
1562.4
1562.5
1562.5
1562.5
1562.5
1562.5
1562.6
1562.6
1562.6
1562.6
1562.6
1562.6
1562.6
1562.6
1562.6
1562.6
1562.6
1562.7
1562.7
1562.7
1562.7
1562.7
1562.8
1562.8
1562.8
1562.8
1562.8
1562.9
1562.9
1562.9
1562.9
1562.9
1562.9
1562.9
1562.9
1563.0
1563.0
1563.0
1563.1
1563.1
1563.1
1563.1
1563.1
1563.1
1563.2
1563.2
1563.2
1563.2
1563.2
1563.2
1563.2
1563.2
1563.2
1563.3
1563.3
1563.4
1563.4
1563.4
1563.5
1563.5
1563.5
1563.7
1563.7
1563.7
1563.7
1563.7
1563.7
1563.7
1563.8
1563.8
1563.8
1563.8
1563.8
1563.8
1563.9
1563.9
1564.0
1564.1
1564.1
1564.1
1564.2
1564.2
1564.2
1564.3
1564.3
1564.4
1564.5
1564.5
1564.5
1564.5
1564.5
1564.5
1564.7
1564.7
1564.8
1564.8
1564.9
1564.9
1564.9
1565.0
1565.0
1565.1
1565.1
1565.1
1565.1
1565.3
1565.4
1565.4
1565.5
1565.5
1565.6
1565.7
1565.8
1565.9
1565.9
1566.0
1566.1
1566.1
1566.2
1566.2
1566.3
1566.3
1566.4
1566.5
1566.5
1566.5
1566.5
1566.7
1567.0
1567.0
1567.0
1567.0
1567.1
1567.3
1567.3
1567.3
1567.4
1567.5
1567.6
1567.8
1567.8
1567.9
1568.0
1568.1
1568.3
1568.3
1568.5
1568.5
1568.8
1569.2
1569.3
1569.7
1569.7
1569.8
1569.9
1570.2
1570.2
1570.3
1570.4
1570.4
1570.8
1570.9
1570.9
1570.9
1571.0
1571.1
1571.2
1571.3
1571.4
1571.5
1571.6
1571.7
1572.0
1572.3
1572.3
1572.5
1572.6
1572.7
1572.9
1573.0
1573.4
1573.5
1574.6
1575.0
1575.6
1575.6
1575.6
1575.8
1577.4
1578.2
1579.0
1579.1
1579.7
1580.2
1581.2
1582.6
1586.7
1586.9
1587.3
1594.3
1598.1
1598.9
1732.9
1732.9
1733.0
1733.0
1733.1
1733.1
1733.1
1733.1
1733.1
1733.2
1733.2
1733.2
1733.2
1733.2
1733.2
1733.2
1733.2
1733.2
1733.3
1733.3
1733.3
1733.3
1733.3
1733.3
1733.3
1733.3
1733.3
1733.4
1733.4
1733.4
1733.4
1733.4
1733.4
1733.4
1733.4
1733.5
1733.5
1733.5
1733.5
1733.5
1733.5
1733.5
1733.5
1733.5
1733.5
1733.5
1733.5
1733.5
1733.5
1733.5
1733.5
1733.5
1733.5
1733.5
1733.6
1733.6
1733.6
1733.6
1733.6
1733.6
1733.6
1733.6
1733.6
1733.6
1733.6
1733.6
1733.6
1733.7
1733.7
1733.7
1733.7
1733.7
1733.7
1733.7
1733.7
1733.7
1733.7
1733.7
1733.7
1733.7
1733.8
1733.8
1733.8
1733.8
1733.8
1733.8
1733.8
1733.8
1733.8
1733.8
1733.8
1733.8
1733.8
1733.8
1733.9
1733.9
1733.9
1733.9
1733.9
1733.9
1733.9
1733.9
1733.9
1734.0
1734.0
1734.0
1734.0
1734.0
1734.0
1734.0
1734.0
1734.0
1734.0
1734.0
1734.0
1734.1
1734.1
1734.1
1734.1
1734.1
1734.1
1734.1
1734.1
1734.1
1734.1
1734.2
1734.2
1734.2
1734.2
1734.2
1734.2
1734.3
1734.3
1734.3
1734.3
1734.3
1734.3
1734.3
1734.3
1734.3
1734.4
1734.4
1734.4
1734.4
1734.5
1734.5
1734.5
1734.6
1734.6
1734.6
1734.6
1734.6
1734.6
1734.6
1734.7
1734.7
1734.7
1734.8
1734.8
1734.8
1734.9
1734.9
1735.0
1735.0
1735.0
1735.0
1735.0
1735.0
1735.0
1735.1
1735.1
1735.1
1735.2
1735.2
1735.2
1735.2
1735.2
1735.2
1735.2
1735.3
1735.3
1735.3
1735.3
1735.4
1735.4
1735.5
1735.5
1735.6
1735.6
1735.6
1735.6
1735.6
1735.6
1735.7
1735.8
1735.8
1735.9
1735.9
1735.9
1735.9
1735.9
1736.0
1736.0
1736.0
1736.1
1736.1
1736.1
1736.2
1736.2
1736.3
1736.3
1736.4
1736.4
1736.4
1736.5
1736.5
1736.5
1736.5
1736.6
1736.6
1736.7
1736.7
1736.7
1736.8
1736.8
1736.9
1737.0
1737.0
1737.0
1737.1
1737.2
1737.3
1737.3
1737.3
1737.3
1737.3
1737.3
1737.4
1737.4
1737.4
1737.4
1737.4
1737.5
1737.6
1737.6
1737.7
1737.7
1737.8
1737.9
1738.1
1738.1
1738.1
1738.2
1738.2
1738.2
1738.3
1738.3
1738.4
1738.4
1738.4
1738.4
1738.4
1738.5
1738.5
1738.6
1738.6
1738.6
1738.6
1738.6
1738.6
1738.8
1739.0
1739.1
1739.2
1739.2
1739.2
1739.3
1739.5
1739.6
1739.8
1739.8
1739.9
1739.9
1740.0
1740.1
1740.1
1740.1
1740.2
1740.2
1740.3
1740.3
1740.4
1740.5
1740.9
1740.9
1741.0
1741.0
1741.0
1741.2
1741.2
1741.4
1741.5
1741.6
1741.7
1741.9
1742.0
1742.1
1742.4
1742.4
1742.5
1742.5
1742.6
1742.7
1742.8
1742.9
1743.0
1743.0
1743.0
1743.1
1743.3
1743.3
1743.3
1743.3
1743.3
1743.3
1743.4
1743.5
1743.5
1743.6
1743.7
1744.0
1744.0
1744.2
1744.3
1744.4
1744.6
1744.7
1744.9
1745.0
1745.0
1745.1
1745.2
1745.3
1745.4
1745.5
1745.6
1745.6
1745.7
1745.7
1745.7
1745.7
1745.8
1745.9
1746.0
1746.0
1746.1
1746.2
1746.2
1746.3
1746.6
1746.8
1747.0
1747.0
1747.7
1747.8
1748.0
1748.6
1748.7
1748.7
1749.0
1749.3
1749.3
1749.5
1749.6
1749.7
1750.9
1751.3
1751.4
1751.6
1751.9
1752.1
1752.4
1752.9
1753.1
1753.7
1754.1
1756.1
1756.3
1756.5
1757.5
1759.6
1760.3
1761.3
1761.6
1762.2
1763.0
1769.2
1776.4
1896.8
1897.0
1897.0
1897.1
1897.1
1897.1
1897.1
1897.2
1897.2
1897.2
1897.2
1897.2
1897.2
1897.2
1897.2
1897.2
1897.3
1897.3
1897.3
1897.3
1897.3
1897.3
1897.3
1897.3
1897.3
1897.3
1897.3
1897.3
1897.3
1897.3
1897.3
1897.3
1897.3
1897.3
1897.3
1897.3
1897.3
1897.3
1897.3
1897.3
1897.3
1897.3
1897.3
1897.3
1897.3
1897.3
1897.4
1897.4
1897.4
1897.4
1897.4
1897.4
1897.4
1897.4
1897.4
1897.4
1897.4
1897.4
1897.4
1897.4
1897.4
1897.4
1897.4
1897.4
1897.4
1897.4
1897.4
1897.4
1897.4
1897.4
1897.4
1897.4
1897.4
1897.4
1897.4
1897.4
1897.4
1897.4
1897.4
1897.4
1897.4
1897.4
1897.4
1897.4
1897.5
1897.5
1897.5
1897.5
1897.5
1897.5
1897.5
1897.5
1897.5
1897.5
1897.5
1897.5
1897.5
1897.5
1897.5
1897.5
1897.5
1897.5
1897.5
1897.5
1897.5
1897.5
1897.5
1897.5
1897.5
1897.5
1897.5
1897.5
1897.5
1897.5
1897.5
1897.5
1897.5
1897.5
1897.5
1897.5
1897.5
1897.5
1897.5
1897.5
1897.5
1897.6
1897.6
1897.6
1897.6
1897.6
1897.6
1897.6
1897.6
1897.6
1897.6
1897.6
1897.6
1897.6
1897.6
1897.6
1897.6
1897.6
1897.6
1897.6
1897.6
1897.6
1897.6
1897.6
1897.6
1897.6
1897.6
1897.6
1897.6
1897.6
1897.6
1897.6
1897.6
1897.6
1897.6
1897.6
1897.6
1897.6
1897.6
1897.6
1897.6
1897.6
1897.6
1897.6
1897.7
1897.7
1897.7
1897.7
1897.7
1897.7
1897.7
1897.7
1897.7
1897.7
1897.7
1897.7
1897.7
1897.7
1897.7
1897.7
1897.7
1897.7
1897.7
1897.7
1897.7
1897.7
1897.7
1897.7
1897.7
1897.7
1897.7
1897.7
1897.7
1897.7
1897.7
1897.7
1897.7
1897.7
1897.7
1897.7
1897.8
1897.8
1897.8
1897.8
1897.8
1897.8
1897.8
1897.8
1897.8
1897.8
1897.8
1897.8
1897.8
1897.8
1897.8
1897.8
1897.8
1897.8
1897.8
1897.8
1897.8
1897.8
1897.8
1897.8
1897.8
1897.8
1897.8
1897.9
1897.9
1897.9
1897.9
1897.9
1897.9
1897.9
1897.9
1897.9
1897.9
1897.9
1897.9
1897.9
1897.9
1897.9
1897.9
1898.0
1898.0
1898.0
1898.0
1898.0
1898.0
1898.0
1898.0
1898.0
1898.0
1898.0
1898.0
1898.0
1898.1
1898.1
1898.1
1898.1
1898.1
1898.1
1898.1
1898.1
1898.1
1898.1
1898.1
1898.1
1898.2
1898.2
1898.2
1898.2
1898.2
1898.2
1898.2
1898.2
1898.3
1898.3
1898.3
1898.3
1898.3
1898.4
1898.4
1898.4
1898.4
1898.4
1898.4
1898.4
1898.5
1898.5
1898.5
1898.5
1898.5
1898.5
1898.5
1898.5
1898.5
1898.5
1898.5
1898.5
1898.5
1898.6
1898.6
1898.6
1898.6
1898.6
1898.6
1898.6
1898.7
1898.7
1898.7
1898.7
1898.7
1898.7
1898.7
1898.8
1898.8
1898.8
1898.8
1898.9
1898.9
1898.9
1899.0
1899.0
1899.0
1899.0
1899.0
1899.0
1899.0
1899.1
1899.1
1899.1
1899.1
1899.1
1899.2
1899.2
1899.2
1899.2
1899.3
1899.3
1899.3
1899.3
1899.3
1899.4
1899.4
1899.4
1899.4
1899.5
1899.5
1899.5
1899.5
1899.5
1899.6
1899.6
1899.6
1899.6
1899.7
1899.7
1899.7
1899.7
1899.7
1899.8
1899.9
1899.9
1899.9
1899.9
1900.0
1900.0
1900.1
1900.1
1900.1
1900.1
1900.2
1900.2
1900.3
1900.4
1900.4
1900.5
1900.5
1900.5
1900.6
1900.6
1900.6
1900.7
1900.7
1900.7
1900.8
1900.8
1900.8
1900.8
1900.9
1900.9
1901.0
1901.1
1901.1
1901.2
1901.2
1901.2
1901.3
1901.3
1901.4
1901.5
1901.6
1901.7
1901.7
1901.7
1902.0
1902.0
1902.1
1902.2
1902.3
1902.4
1902.4
1902.7
1902.7
1902.7
1902.7
1902.8
1902.8
1902.9
1902.9
1902.9
1902.9
1903.2
1903.4
1903.4
1903.5
1903.5
1903.5
1903.6
1903.6
1903.8
1904.0
1904.0
1904.4
1904.6
1904.7
1904.7
1905.0
1905.1
1905.4
1905.5
1905.8
1905.8
1905.9
1906.2
1906.4
1906.7
1906.7
1906.8
1906.9
1906.9
1907.0
1907.0
1907.2
1907.3
1907.3
1907.8
1907.9
1907.9
1908.0
1908.0
1908.2
1908.5
1908.6
1908.9
1909.4
1909.5
1909.6
1909.7
1910.1
1910.4
1910.7
1911.0
1911.8
1911.8
1911.9
1913.9
1913.9
1915.1
1915.3
1916.0
1916.6
1917.6
1917.7
1919.6
1929.1
1931.0
1941.1
2069.1
2069.3
2069.3
2069.3
2069.3
2069.3
2069.3
2069.4
2069.4
2069.4
2069.4
2069.4
2069.4
2069.4
2069.4
2069.5
2069.5
2069.5
2069.5
2069.5
2069.6
2069.6
2069.6
2069.6
2069.6
2069.6
2069.6
2069.6
2069.6
2069.6
2069.6
2069.6
2069.6
2069.7
2069.7
2069.7
2069.7
2069.7
2069.7
2069.7
2069.7
2069.7
2069.7
2069.7
2069.7
2069.7
2069.7
2069.7
2069.7
2069.8
2069.8
2069.8
2069.8
2069.8
2069.8
2069.8
2069.8
2069.8
2069.8
2069.8
2069.8
2069.8
2069.9
2069.9
2069.9
2069.9
2069.9
2069.9
2069.9
2069.9
2069.9
2069.9
2069.9
2069.9
2069.9
2070.0
2070.0
2070.0
2070.0
2070.0
2070.0
2070.0
2070.0
2070.0
2070.0
2070.0
2070.0
2070.0
2070.0
2070.0
2070.1
2070.1
2070.1
2070.1
2070.1
2070.1
2070.1
2070.1
2070.1
2070.1
2070.1
2070.1
2070.2
2070.2
2070.2
2070.2
2070.2
2070.2
2070.2
2070.2
2070.2
2070.2
2070.2
2070.2
2070.3
2070.3
2070.3
2070.3
2070.3
2070.3
2070.3
2070.3
2070.3
2070.3
2070.4
2070.4
2070.4
2070.4
2070.4
2070.4
2070.5
2070.5
2070.5
2070.5
2070.5
2070.5
2070.5
2070.6
2070.6
2070.6
2070.6
2070.6
2070.7
2070.7
2070.7
2070.7
2070.7
2070.8
2070.8
2070.8
2070.8
2070.8
2070.9
2070.9
2070.9
2070.9
2071.0
2071.0
2071.0
2071.1
2071.1
2071.1
2071.2
2071.2
2071.2
2071.2
2071.2
2071.3
2071.3
2071.3
2071.3
2071.3
2071.4
2071.4
2071.4
2071.4
2071.4
2071.4
2071.4
2071.5
2071.5
2071.5
2071.5
2071.6
2071.6
2071.7
2071.8
2071.8
2071.8
2071.8
2071.8
2071.9
2071.9
2071.9
2071.9
2072.0
2072.1
2072.1
2072.1
2072.1
2072.1
2072.2
2072.2
2072.2
2072.3
2072.3
2072.4
2072.4
2072.4
2072.4
2072.5
2072.6
2072.6
2072.6
2072.7
2072.7
2072.7
2072.8
2072.8
2072.8
2072.9
2072.9
2072.9
2072.9
2073.0
2073.1
2073.2
2073.2
2073.2
2073.4
2073.4
2073.4
2073.5
2073.5
2073.5
2073.5
2073.6
2073.6
2073.6
2073.6
2073.6
2073.6
2073.7
2073.8
2073.9
2073.9
2074.0
2074.0
2074.1
2074.2
2074.3
2074.3
2074.3
2074.4
2074.4
2074.5
2074.5
2074.6
2074.6
2074.6
2074.6
2074.6
2074.7
2074.8
2074.8
2074.8
2074.8
2074.8
2074.8
2074.9
2075.1
2075.2
2075.4
2075.4
2075.4
2075.4
2075.6
2075.7
2075.9
2076.0
2076.0
2076.1
2076.2
2076.2
2076.3
2076.3
2076.4
2076.4
2076.5
2076.5
2076.5
2076.7
2076.7
2077.1
2077.2
2077.3
2077.3
2077.3
2077.3
2077.4
2077.6
2077.8
2077.9
2077.9
2078.1
2078.3
2078.4
2078.6
2078.7
2078.7
2078.8
2079.0
2079.0
2079.1
2079.2
2079.3
2079.4
2079.4
2079.5
2079.6
2079.7
2079.7
2079.7
2079.7
2079.8
2079.8
2079.9
2079.9
2080.1
2080.1
2080.4
2080.5
2080.6
2080.6
2080.6
2081.2
2081.2
2081.2
2081.3
2081.5
2081.5
2081.6
2081.7
2081.9
2081.9
2081.9
2082.0
2082.1
2082.2
2082.3
2082.4
2082.4
2082.5
2082.6
2082.7
2082.7
2082.8
2082.8
2082.9
2083.0
2083.4
2083.6
2083.8
2083.9
2084.3
2084.7
2084.7
2085.4
2085.5
2085.5
2086.1
2086.1
2086.5
2087.2
2087.3
2087.5
2088.1
2088.6
2089.4
2089.6
2089.6
2089.7
2090.0
2091.0
2091.0
2091.6
2093.9
2096.3
2096.7
2099.4
2099.5
2100.4
2100.6
2115.4
2117.8
2233.4
2233.6
2233.6
2233.6
2233.6
2233.7
2233.7
2233.7
2233.7
2233.7
2233.7
2233.7
2233.7
2233.7
2233.8
2233.8
2233.8
2233.8
2233.8
2233.8
2233.8
2233.8
2233.8
2233.8
2233.8
2233.8
2233.8
2233.8
2233.8
2233.8
2233.8
2233.8
2233.8
2233.8
2233.8
2233.9
2233.9
2233.9
2233.9
2233.9
2233.9
2233.9
2233.9
2233.9
2233.9
2233.9
2233.9
2233.9
2233.9
2233.9
2233.9
2233.9
2233.9
2233.9
2233.9
2233.9
2233.9
2233.9
2233.9
2233.9
2233.9
2233.9
2233.9
2233.9
2233.9
2233.9
2233.9
2233.9
2233.9
2233.9
2233.9
2233.9
2233.9
2233.9
2233.9
2234.0
2234.0
2234.0
2234.0
2234.0
2234.0
2234.0
2234.0
2234.0
2234.0
2234.0
2234.0
2234.0
2234.0
2234.0
2234.0
2234.0
2234.0
2234.0
2234.0
2234.0
2234.0
2234.0
2234.0
2234.0
2234.0
2234.0
2234.0
2234.0
2234.0
2234.0
2234.0
2234.0
2234.0
2234.0
2234.0
2234.0
2234.0
2234.0
2234.1
2234.1
2234.1
2234.1
2234.1
2234.1
2234.1
2234.1
2234.1
2234.1
2234.1
2234.1
2234.1
2234.1
2234.1
2234.1
2234.1
2234.1
2234.1
2234.1
2234.1
2234.1
2234.1
2234.1
2234.1
2234.1
2234.1
2234.1
2234.1
2234.1
2234.1
2234.1
2234.1
2234.1
2234.1
2234.1
2234.1
2234.1
2234.1
2234.1
2234.1
2234.1
2234.1
2234.1
2234.1
2234.1
2234.1
2234.1
2234.2
2234.2
2234.2
2234.2
2234.2
2234.2
2234.2
2234.2
2234.2
2234.2
2234.2
2234.2
2234.2
2234.2
2234.2
2234.2
2234.2
2234.2
2234.2
2234.2
2234.2
2234.2
2234.2
2234.2
2234.2
2234.2
2234.2
2234.2
2234.2
2234.2
2234.2
2234.2
2234.2
2234.2
2234.2
2234.2
2234.2
2234.2
2234.2
2234.2
2234.3
2234.3
2234.3
2234.3
2234.3
2234.3
2234.3
2234.3
2234.3
2234.3
2234.3
2234.3
2234.3
2234.3
2234.3
2234.3
2234.3
2234.3
2234.3
2234.3
2234.3
2234.3
2234.3
2234.3
2234.3
2234.4
2234.4
2234.4
2234.4
2234.4
2234.4
2234.4
2234.4
2234.4
2234.4
2234.4
2234.4
2234.4
2234.4
2234.4
2234.4
2234.4
2234.5
2234.5
2234.5
2234.5
2234.5
2234.5
2234.5
2234.5
2234.5
2234.5
2234.5
2234.5
2234.5
2234.6
2234.6
2234.6
2234.6
2234.6
2234.6
2234.6
2234.6
2234.6
2234.6
2234.6
2234.7
2234.7
2234.7
2234.7
2234.7
2234.7
2234.7
2234.7
2234.7
2234.8
2234.8
2234.8
2234.8
2234.8
2234.8
2234.9
2234.9
2234.9
2234.9
2234.9
2234.9
2234.9
2234.9
2235.0
2235.0
2235.0
2235.0
2235.0
2235.0
2235.0
2235.0
2235.0
2235.0
2235.0
2235.0
2235.0
2235.1
2235.1
2235.1
2235.1
2235.1
2235.1
2235.1
2235.2
2235.2
2235.2
2235.2
2235.2
2235.3
2235.3
2235.3
2235.3
2235.3
2235.3
2235.3
2235.4
2235.4
2235.4
2235.5
2235.5
2235.5
2235.5
2235.5
2235.5
2235.5
2235.6
2235.6
2235.6
2235.6
2235.7
2235.7
2235.7
2235.7
2235.7
2235.8
2235.8
2235.8
2235.8
2235.9
2235.9
2235.9
2235.9
2235.9
2236.0
2236.0
2236.0
2236.0
2236.0
2236.1
2236.1
2236.1
2236.1
2236.2
2236.2
2236.2
2236.2
2236.3
2236.3
2236.4
2236.5
2236.5
2236.5
2236.5
2236.5
2236.5
2236.6
2236.6
2236.6
2236.7
2236.8
2236.9
2237.0
2237.0
2237.0
2237.1
2237.1
2237.1
2237.1
2237.1
2237.2
2237.2
2237.2
2237.3
2237.3
2237.3
2237.4
2237.4
2237.5
2237.6
2237.6
2237.7
2237.7
2237.7
2237.7
2237.8
2237.9
2237.9
2238.0
2238.1
2238.2
2238.2
2238.3
2238.4
2238.5
2238.5
2238.8
2238.8
2238.8
2239.0
2239.2
2239.2
2239.2
2239.3
2239.3
2239.3
2239.4
2239.4
2239.4
2239.4
2239.7
2239.9
2240.0
2240.0
2240.0
2240.0
2240.1
2240.1
2240.4
2240.5
2240.7
2241.0
2241.1
2241.1
2241.3
2241.6
2241.7
2241.8
2242.0
2242.3
2242.3
2242.4
2242.8
2243.1
2243.2
2243.2
2243.3
2243.4
2243.4
2243.5
2243.7
2243.7
2243.9
2244.0
2244.3
2244.4
2244.5
2244.6
2244.7
2244.7
2245.3
2245.3
2245.4
2246.0
2246.1
2246.2
2246.4
2246.8
2247.1
2247.2
2247.5
2247.9
2248.3
2248.4
2250.5
2251.0
2251.3
2252.6
2253.2
2254.1
2254.5
2255.2
2256.8
2262.0
2267.3
2272.1
2405.4
2405.6
2405.6
2405.6
2405.6
2405.6
2405.6
2405.7
2405.7
2405.7
2405.7
2405.7
2405.7
2405.7
2405.7
2405.8
2405.8
2405.8
2405.8
2405.8
2405.9
2405.9
2405.9
2405.9
2405.9
2405.9
2405.9
2405.9
2405.9
2405.9
2405.9
2406.0
2406.0
2406.0
2406.0
2406.0
2406.0
2406.0
2406.0
2406.0
2406.0
2406.0
2406.0
2406.0
2406.0
2406.0
2406.0
2406.0
2406.0
2406.1
2406.1
2406.1
2406.1
2406.1
2406.1
2406.1
2406.1
2406.1
2406.1
2406.1
2406.1
2406.1
2406.2
2406.2
2406.2
2406.2
2406.2
2406.2
2406.2
2406.2
2406.2
2406.2
2406.2
2406.2
2406.2
2406.3
2406.3
2406.3
2406.3
2406.3
2406.3
2406.3
2406.3
2406.3
2406.3
2406.3
2406.3
2406.3
2406.3
2406.3
2406.3
2406.3
2406.4
2406.4
2406.4
2406.4
2406.4
2406.4
2406.4
2406.4
2406.4
2406.4
2406.4
2406.5
2406.5
2406.5
2406.5
2406.5
2406.5
2406.5
2406.5
2406.5
2406.5
2406.5
2406.6
2406.6
2406.6
2406.6
2406.6
2406.6
2406.6
2406.6
2406.6
2406.6
2406.7
2406.7
2406.7
2406.7
2406.7
2406.7
2406.7
2406.8
2406.8
2406.8
2406.8
2406.8
2406.8
2406.8
2406.9
2406.9
2406.9
2406.9
2407.0
2407.0
2407.0
2407.0
2407.0
2407.0
2407.0
2407.1
2407.1
2407.1
2407.1
2407.2
2407.2
2407.2
2407.3
2407.3
2407.3
2407.4
2407.4
2407.4
2407.5
2407.5
2407.5
2407.5
2407.5
2407.6
2407.6
2407.6
2407.6
2407.6
2407.6
2407.7
2407.7
2407.7
2407.7
2407.7
2407.8
2407.8
2407.8
2407.8
2407.9
2407.9
2407.9
2408.0
2408.1
2408.1
2408.1
2408.1
2408.1
2408.2
2408.2
2408.2
2408.2
2408.3
2408.4
2408.4
2408.4
2408.4
2408.4
2408.5
2408.5
2408.5
2408.6
2408.6
2408.7
2408.7
2408.7
2408.7
2408.8
2408.9
2408.9
2409.0
2409.0
2409.0
2409.0
2409.1
2409.1
2409.1
2409.2
2409.2
2409.2
2409.2
2409.3
2409.4
2409.4
2409.5
2409.5
2409.7
2409.7
2409.7
2409.8
2409.8
2409.8
2409.8
2409.9
2409.9
2409.9
2409.9
2409.9
2409.9
2409.9
2410.1
2410.2
2410.2
2410.3
2410.3
2410.5
2410.6
2410.6
2410.6
2410.6
2410.7
2410.7
2410.8
2410.8
2410.9
2410.9
2410.9
2410.9
2410.9
2411.0
2411.0
2411.1
2411.1
2411.1
2411.1
2411.1
2411.2
2411.4
2411.5
2411.7
2411.7
2411.8
2411.8
2411.9
2412.0
2412.2
2412.3
2412.4
2412.4
2412.5
2412.6
2412.6
2412.6
2412.7
2412.7
2412.8
2412.8
2412.8
2413.0
2413.0
2413.4
2413.6
2413.6
2413.6
2413.6
2413.7
2413.7
2414.0
2414.1
2414.2
2414.2
2414.5
2414.7
2414.7
2414.9
2415.1
2415.1
2415.1
2415.3
2415.4
2415.4
2415.6
2415.6
2415.7
2415.7
2415.9
2415.9
2416.0
2416.1
2416.1
2416.1
2416.2
2416.2
2416.2
2416.3
2416.4
2416.6
2416.6
2416.7
2416.8
2417.0
2417.0
2417.0
2417.5
2417.5
2417.6
2417.7
2417.8
2417.8
2417.8
2418.0
2418.1
2418.3
2418.3
2418.4
2418.5
2418.5
2418.7
2418.7
2418.7
2418.8
2418.9
2418.9
2419.0
2419.1
2419.2
2419.4
2419.6
2419.7
2420.1
2420.2
2420.4
2420.6
2421.0
2421.3
2421.8
2421.9
2422.0
2422.6
2422.8
2422.8
2423.2
2423.8
2423.9
2424.3
2424.7
2425.1
2426.3
2426.4
2427.3
2428.1
2429.3
2429.4
2431.7
2432.1
2433.5
2433.9
2435.1
2438.4
2440.0
2444.5
2461.1
2569.8
2570.0
2570.0
2570.0
2570.0
2570.1
2570.1
2570.1
2570.1
2570.1
2570.1
2570.1
2570.1
2570.1
2570.2
2570.2
2570.2
2570.2
2570.2
2570.2
2570.2
2570.2
2570.2
2570.2
2570.2
2570.2
2570.2
2570.2
2570.2
2570.2
2570.2
2570.3
2570.3
2570.3
2570.3
2570.3
2570.3
2570.3
2570.3
2570.3
2570.3
2570.3
2570.3
2570.3
2570.3
2570.3
2570.3
2570.3
2570.3
2570.3
2570.3
2570.3
2570.3
2570.3
2570.3
2570.3
2570.3
2570.3
2570.3
2570.3
2570.3
2570.3
2570.4
2570.4
2570.4
2570.4
2570.4
2570.4
2570.4
2570.4
2570.4
2570.4
2570.4
2570.4
2570.4
2570.4
2570.4
2570.4
2570.4
2570.4
2570.4
2570.4
2570.4
2570.4
2570.4
2570.4
2570.4
2570.4
2570.4
2570.4
2570.4
2570.4
2570.4
2570.4
2570.4
2570.4
2570.4
2570.4
2570.4
2570.4
2570.4
2570.4
2570.4
2570.4
2570.4
2570.4
2570.4
2570.4
2570.4
2570.5
2570.5
2570.5
2570.5
2570.5
2570.5
2570.5
2570.5
2570.5
2570.5
2570.5
2570.5
2570.5
2570.5
2570.5
2570.5
2570.5
2570.5
2570.5
2570.5
2570.5
2570.5
2570.5
2570.5
2570.5
2570.5
2570.5
2570.5
2570.5
2570.5
2570.5
2570.5
2570.5
2570.5
2570.5
2570.5
2570.5
2570.5
2570.5
2570.5
2570.5
2570.5
2570.5
2570.5
2570.5
2570.5
2570.5
2570.6
2570.6
2570.6
2570.6
2570.6
2570.6
2570.6
2570.6
2570.6
2570.6
2570.6
2570.6
2570.6
2570.6
2570.6
2570.6
2570.6
2570.6
2570.6
2570.6
2570.6
2570.6
2570.6
2570.6
2570.6
2570.6
2570.6
2570.6
2570.6
2570.6
2570.6
2570.6
2570.6
2570.6
2570.6
2570.6
2570.6
2570.6
2570.6
2570.6
2570.6
2570.6
2570.6
2570.7
2570.7
2570.7
2570.7
2570.7
2570.7
2570.7
2570.7
2570.7
2570.7
2570.7
2570.7
2570.7
2570.7
2570.7
2570.7
2570.7
2570.7
2570.7
2570.7
2570.7
2570.7
2570.7
2570.8
2570.8
2570.8
2570.8
2570.8
2570.8
2570.8
2570.8
2570.8
2570.8
2570.8
2570.8
2570.8
2570.8
2570.8
2570.8
2570.8
2570.8
2570.8
2570.8
2570.9
2570.9
2570.9
2570.9
2570.9
2570.9
2570.9
2570.9
2570.9
2570.9
2570.9
2571.0
2571.0
2571.0
2571.0
2571.0
2571.0
2571.0
2571.0
2571.0
2571.0
2571.0
2571.0
2571.0
2571.0
2571.0
2571.1
2571.1
2571.1
2571.1
2571.1
2571.1
2571.1
2571.2
2571.2
2571.2
2571.2
2571.2
2571.2
2571.2
2571.3
2571.3
2571.3
2571.3
2571.3
2571.3
2571.3
2571.3
2571.4
2571.4
2571.4
2571.4
2571.4
2571.4
2571.4
2571.4
2571.4
2571.4
2571.5
2571.5
2571.5
2571.5
2571.5
2571.5
2571.5
2571.5
2571.5
2571.5
2571.5
2571.6
2571.6
2571.6
2571.6
2571.6
2571.7
2571.7
2571.7
2571.7
2571.7
2571.7
2571.8
2571.8
2571.8
2571.9
2571.9
2571.9
2571.9
2571.9
2571.9
2571.9
2572.0
2572.0
2572.0
2572.0
2572.0
2572.1
2572.1
2572.1
2572.1
2572.1
2572.2
2572.3
2572.3
2572.3
2572.3
2572.3
2572.3
2572.3
2572.4
2572.4
2572.4
2572.4
2572.4
2572.4
2572.5
2572.5
2572.5
2572.5
2572.6
2572.6
2572.6
2572.6
2572.7
2572.7
2572.9
2572.9
2572.9
2572.9
2572.9
2572.9
2573.0
2573.0
2573.0
2573.0
2573.1
2573.3
2573.3
2573.4
2573.4
2573.5
2573.5
2573.5
2573.5
2573.5
2573.6
2573.6
2573.7
2573.7
2573.7
2573.7
2573.8
2573.8
2573.8
2573.8
2573.9
2574.0
2574.1
2574.1
2574.1
2574.1
2574.2
2574.3
2574.4
2574.4
2574.5
2574.6
2574.6
2574.7
2574.9
2574.9
2575.0
2575.2
2575.2
2575.3
2575.4
2575.6
2575.6
2575.7
2575.7
2575.7
2575.7
2575.8
2575.8
2575.8
2575.9
2576.1
2576.3
2576.4
2576.5
2576.5
2576.5
2576.5
2576.6
2576.8
2576.9
2577.1
2577.5
2577.5
2577.5
2577.7
2578.1
2578.2
2578.2
2578.4
2578.7
2578.7
2578.8
2579.2
2579.5
2579.6
2579.6
2579.7
2579.8
2579.8
2579.9
2580.1
2580.2
2580.3
2580.4
2580.7
2580.8
2580.9
2581.1
2581.1
2581.1
2581.8
2581.8
2581.8
2581.9
2582.4
2582.7
2582.8
2583.3
2583.5
2583.7
2583.9
2584.6
2584.7
2584.8
2586.9
2587.6
2588.3
2589.0
2589.7
2590.8
2590.9
2591.8
2593.2
2597.3
2603.7
2616.4
2741.8
2742.0
2742.0
2742.0
2742.0
2742.0
2742.0
2742.1
2742.1
2742.1
2742.1
2742.1
2742.1
2742.1
2742.1
2742.2
2742.2
2742.2
2742.2
2742.2
2742.3
2742.3
2742.3
2742.3
2742.3
2742.3
2742.3
2742.3
2742.3
2742.3
2742.3
2742.4
2742.4
2742.4
2742.4
2742.4
2742.4
2742.4
2742.4
2742.4
2742.4
2742.4
2742.4
2742.4
2742.4
2742.4
2742.4
2742.5
2742.5
2742.5
2742.5
2742.5
2742.5
2742.5
2742.5
2742.5
2742.5
2742.5
2742.5
2742.5
2742.5
2742.5
2742.6
2742.6
2742.6
2742.6
2742.6
2742.6
2742.6
2742.6
2742.6
2742.6
2742.6
2742.6
2742.6
2742.7
2742.7
2742.7
2742.7
2742.7
2742.7
2742.7
2742.7
2742.7
2742.7
2742.7
2742.7
2742.7
2742.7
2742.7
2742.8
2742.8
2742.8
2742.8
2742.8
2742.8
2742.8
2742.8
2742.8
2742.8
2742.8
2742.8
2742.8
2742.9
2742.9
2742.9
2742.9
2742.9
2742.9
2742.9
2742.9
2742.9
2742.9
2742.9
2743.0
2743.0
2743.0
2743.0
2743.0
2743.0
2743.0
2743.0
2743.0
2743.0
2743.1
2743.1
2743.1
2743.1
2743.1
2743.1
2743.2
2743.2
2743.2
2743.2
2743.2
2743.2
2743.2
2743.3
2743.3
2743.3
2743.3
2743.3
2743.4
2743.4
2743.4
2743.4
2743.4
2743.4
2743.4
2743.5
2743.5
2743.5
2743.6
2743.6
2743.6
2743.6
2743.7
2743.7
2743.7
2743.8
2743.8
2743.8
2743.9
2743.9
2743.9
2743.9
2743.9
2744.0
2744.0
2744.0
2744.0
2744.0
2744.0
2744.1
2744.1
2744.1
2744.1
2744.1
2744.2
2744.2
2744.2
2744.2
2744.2
2744.3
2744.3
2744.4
2744.5
2744.5
2744.5
2744.5
2744.5
2744.6
2744.6
2744.6
2744.6
2744.7
2744.8
2744.8
2744.8
2744.8
2744.8
2744.9
2744.9
2744.9
2745.0
2745.0
2745.1
2745.1
2745.1
2745.1
2745.2
2745.3
2745.3
2745.4
2745.4
2745.4
2745.4
2745.5
2745.5
2745.5
2745.6
2745.6
2745.6
2745.6
2745.7
2745.8
2745.8
2745.9
2745.9
2746.1
2746.1
2746.1
2746.2
2746.2
2746.2
2746.2
2746.3
2746.3
2746.3
2746.3
2746.3
2746.3
2746.4
2746.5
2746.6
2746.6
2746.7
2746.7
2746.8
2746.9
2747.0
2747.0
2747.0
2747.1
2747.1
2747.2
2747.2
2747.3
2747.3
2747.3
2747.3
2747.3
2747.4
2747.4
2747.5
2747.5
2747.5
2747.5
2747.5
2747.6
2747.8
2747.9
2748.1
2748.1
2748.1
2748.1
2748.3
2748.4
2748.6
2748.7
2748.8
2748.9
2748.9
2749.0
2749.0
2749.0
2749.1
2749.1
2749.1
2749.2
2749.2
2749.3
2749.4
2749.8
2750.0
2750.0
2750.0
2750.0
2750.1
2750.1
2750.4
2750.5
2750.6
2750.7
2750.9
2751.1
2751.2
2751.3
2751.5
2751.5
2751.5
2751.5
2751.8
2751.8
2752.0
2752.0
2752.1
2752.2
2752.3
2752.4
2752.4
2752.5
2752.5
2752.6
2752.6
2752.6
2752.7
2752.7
2753.0
2753.0
2753.2
2753.3
2753.4
2753.4
2753.5
2753.9
2754.0
2754.0
2754.2
2754.2
2754.2
2754.5
2754.5
2754.6
2754.8
2754.8
2754.9
2754.9
2755.1
2755.4
2755.4
2755.4
2755.4
2755.5
2755.6
2755.6
2755.7
2755.7
2755.8
2756.3
2756.3
2756.5
2757.0
2757.0
2757.2
2757.4
2758.2
2759.0
2759.0
2759.2
2759.3
2759.3
2760.0
2760.6
2760.7
2761.3
2762.9
2763.0
2763.6
2763.9
2764.4
2764.4
2764.7
2765.7
2766.1
2766.2
2769.4
2772.3
2773.5
2775.1
2776.7
2792.8
2792.9
2816.2
2906.0
2906.2
2906.2
2906.2
2906.3
2906.3
2906.3
2906.3
2906.3
2906.3
2906.3
2906.3
2906.3
2906.3
2906.4
2906.4
2906.4
2906.4
2906.4
2906.4
2906.4
2906.4
2906.4
2906.4
2906.4
2906.4
2906.4
2906.4
2906.4
2906.4
2906.4
2906.5
2906.5
2906.5
2906.5
2906.5
2906.5
2906.5
2906.5
2906.5
2906.5
2906.5
2906.5
2906.5
2906.5
2906.5
2906.5
2906.5
2906.5
2906.5
2906.5
2906.5
2906.5
2906.5
2906.5
2906.5
2906.5
2906.5
2906.5
2906.5
2906.5
2906.5
2906.5
2906.5
2906.6
2906.6
2906.6
2906.6
2906.6
2906.6
2906.6
2906.6
2906.6
2906.6
2906.6
2906.6
2906.6
2906.6
2906.6
2906.6
2906.6
2906.6
2906.6
2906.6
2906.6
2906.6
2906.6
2906.6
2906.6
2906.6
2906.6
2906.6
2906.6
2906.6
2906.6
2906.6
2906.6
2906.6
2906.6
2906.6
2906.6
2906.6
2906.6
2906.6
2906.6
2906.6
2906.6
2906.6
2906.6
2906.6
2906.7
2906.7
2906.7
2906.7
2906.7
2906.7
2906.7
2906.7
2906.7
2906.7
2906.7
2906.7
2906.7
2906.7
2906.7
2906.7
2906.7
2906.7
2906.7
2906.7
2906.7
2906.7
2906.7
2906.7
2906.7
2906.7
2906.7
2906.7
2906.7
2906.7
2906.7
2906.7
2906.7
2906.7
2906.7
2906.7
2906.7
2906.7
2906.7
2906.7
2906.7
2906.7
2906.7
2906.7
2906.7
2906.7
2906.7
2906.7
2906.7
2906.8
2906.8
2906.8
2906.8
2906.8
2906.8
2906.8
2906.8
2906.8
2906.8
2906.8
2906.8
2906.8
2906.8
2906.8
2906.8
2906.8
2906.8
2906.8
2906.8
2906.8
2906.8
2906.8
2906.8
2906.8
2906.8
2906.8
2906.8
2906.8
2906.8
2906.8
2906.8
2906.8
2906.8
2906.8
2906.8
2906.8
2906.8
2906.8
2906.8
2906.8
2906.8
2906.8
2906.9
2906.9
2906.9
2906.9
2906.9
2906.9
2906.9
2906.9
2906.9
2906.9
2906.9
2906.9
2906.9
2906.9
2906.9
2906.9
2906.9
2906.9
2906.9
2906.9
2906.9
2906.9
2907.0
2907.0
2907.0
2907.0
2907.0
2907.0
2907.0
2907.0
2907.0
2907.0
2907.0
2907.0
2907.0
2907.0
2907.0
2907.0
2907.0
2907.0
2907.0
2907.0
2907.1
2907.1
2907.1
2907.1
2907.1
2907.1
2907.1
2907.1
2907.1
2907.1
2907.1
2907.1
2907.1
2907.2
2907.2
2907.2
2907.2
2907.2
2907.2
2907.2
2907.2
2907.2
2907.2
2907.2
2907.3
2907.3
2907.3
2907.3
2907.3
2907.3
2907.3
2907.3
2907.4
2907.4
2907.4
2907.4
2907.4
2907.4
2907.4
2907.5
2907.5
2907.5
2907.5
2907.5
2907.5
2907.5
2907.6
2907.6
2907.6
2907.6
2907.6
2907.6
2907.6
2907.6
2907.6
2907.6
2907.6
2907.6
2907.6
2907.7
2907.7
2907.7
2907.7
2907.7
2907.7
2907.7
2907.7
2907.8
2907.8
2907.8
2907.8
2907.8
2907.9
2907.9
2907.9
2907.9
2907.9
2907.9
2908.0
2908.0
2908.0
2908.0
2908.1
2908.1
2908.1
2908.1
2908.1
2908.1
2908.1
2908.2
2908.2
2908.2
2908.3
2908.3
2908.3
2908.3
2908.3
2908.3
2908.4
2908.4
2908.5
2908.5
2908.5
2908.5
2908.5
2908.5
2908.6
2908.6
2908.6
2908.6
2908.6
2908.6
2908.7
2908.7
2908.7
2908.7
2908.8
2908.8
2908.8
2908.8
2908.9
2908.9
2909.0
2909.0
2909.1
2909.1
2909.1
2909.1
2909.2
2909.2
2909.2
2909.2
2909.3
2909.4
2909.5
2909.6
2909.6
2909.7
2909.7
2909.7
2909.7
2909.7
2909.8
2909.8
2909.9
2909.9
2909.9
2909.9
2910.0
2910.0
2910.0
2910.1
2910.2
2910.2
2910.3
2910.3
2910.3
2910.3
2910.4
2910.5
2910.6
2910.6
2910.7
2910.8
2910.8
2910.9
2911.1
2911.1
2911.2
2911.4
2911.4
2911.5
2911.6
2911.8
2911.8
2911.9
2911.9
2911.9
2911.9
2912.0
2912.0
2912.0
2912.1
2912.3
2912.5
2912.6
2912.6
2912.7
2912.7
2912.7
2912.7
2913.0
2913.1
2913.3
2913.6
2913.7
2913.7
2913.9
2914.2
2914.3
2914.4
2914.6
2914.9
2914.9
2915.0
2915.4
2915.7
2915.8
2915.8
2915.9
2916.0
2916.0
2916.1
2916.3
2916.4
2916.5
2916.6
2916.9
2916.9
2917.1
2917.3
2917.3
2917.3
2918.0
2918.0
2918.0
2918.6
2918.6
2918.8
2918.9
2919.5
2919.7
2919.8
2920.1
2920.8
2920.9
2921.0
2923.1
2923.6
2924.5
2925.2
2925.8
2927.1
2927.2
2927.5
2929.4
2939.7
2952.3
