438.7
438.8
438.8
438.8
438.8
438.8
438.8
438.9
438.9
438.9
438.9
438.9
438.9
438.9
438.9
438.9
438.9
438.9
439.0
439.0
439.0
439.0
439.0
439.0
439.0
439.1
439.1
439.1
439.2
439.3
439.3
439.4
439.5
439.5
439.5
439.5
439.7
439.8
439.9
440.0
440.1
440.1
440.2
440.3
440.3
440.3
440.3
440.5
440.5
440.7
440.7
440.9
440.9
441.0
441.3
441.4
441.4
441.5
441.5
441.7
441.7
441.7
441.7
441.9
441.9
442.0
442.4
442.5
442.8
443.1
443.2
443.2
443.5
443.5
443.6
443.7
443.8
443.8
443.9
444.0
444.1
444.1
444.1
444.1
444.2
444.2
444.2
444.2
444.2
444.3
444.4
444.4
444.4
444.4
444.4
444.5
444.5
444.5
444.6
444.6
444.6
444.6
444.6
444.6
444.7
444.8
444.8
444.8
444.9
444.9
445.0
445.0
445.1
445.1
445.1
445.2
445.2
445.2
445.3
445.3
445.5
445.5
445.6
445.6
445.6
445.7
445.8
445.8
445.8
445.9
446.1
446.1
446.1
446.2
446.2
446.2
446.2
446.4
446.4
446.4
446.5
446.6
446.7
446.7
446.7
446.8
446.9
447.0
447.2
447.3
447.3
447.3
447.4
447.6
447.9
448.0
448.9
449.0
449.3
449.4
449.8
450.3
450.4
450.8
450.8
450.9
451.0
451.1
451.4
451.5
451.6
451.8
451.8
451.8
451.9
452.1
452.1
452.1
452.4
452.4
452.5
452.6
452.7
452.7
452.7
452.8
452.8
453.0
453.1
453.1
453.1
453.1
453.1
453.2
453.2
453.2
453.2
453.2
453.2
453.3
453.3
453.3
453.4
453.5
453.5
453.6
453.6
453.6
453.7
453.8
453.8
453.9
454.0
454.0
454.0
454.1
454.2
454.2
454.2
454.3
454.5
454.6
454.6
454.8
454.9
455.2
455.4
455.6
455.7
456.2
456.2
456.3
456.4
456.5
456.5
456.7
457.1
457.2
457.4
459.0
459.5
459.8
459.9
460.2
460.3
460.4
460.6
460.9
461.5
462.9
463.4
463.5
463.7
463.8
464.5
468.4
472.6
474.6
474.7
485.7
491.9
634.2
635.1
639.6
639.8
717.1
717.1
717.2
717.2
717.2
717.2
717.2
717.2
717.2
717.3
717.3
717.3
717.3
717.3
717.3
717.3
717.3
717.3
717.4
717.4
717.5
717.5
717.5
717.5
717.5
717.5
717.6
717.6
717.6
717.7
717.7
717.9
718.0
718.0
718.1
718.2
718.2
718.4
718.5
718.5
718.6
718.7
718.7
718.7
718.8
718.8
718.8
718.9
719.0
719.2
719.2
719.5
719.5
719.5
719.9
720.0
720.1
720.1
720.3
720.4
720.4
720.4
720.4
720.6
720.6
720.8
721.2
721.2
721.6
721.7
721.9
721.9
722.0
722.0
722.1
722.1
722.1
722.1
722.2
722.3
722.3
722.3
722.3
722.3
722.3
722.4
722.4
722.4
722.4
722.4
722.5
722.5
722.5
722.5
722.5
722.7
722.7
722.7
722.8
722.9
722.9
723.0
723.0
723.1
723.2
723.2
723.2
723.3
723.3
723.3
723.3
723.4
723.4
723.4
723.5
723.5
723.7
723.7
723.7
723.8
723.8
723.8
723.9
723.9
723.9
723.9
724.1
724.3
724.4
724.4
724.4
724.5
724.8
724.8
724.8
724.9
725.0
725.1
725.1
725.3
725.4
725.4
725.5
725.6
725.6
725.6
725.7
725.7
725.7
725.8
725.9
726.0
726.3
726.5
726.6
726.6
727.5
727.9
728.3
728.4
728.7
728.8
729.3
729.3
729.6
729.6
729.8
729.9
730.2
730.3
730.4
730.5
730.6
730.7
730.9
730.9
731.1
731.1
731.1
731.2
731.2
731.3
731.4
731.4
731.5
731.5
731.6
731.6
731.6
731.8
731.8
731.9
732.0
732.0
732.0
732.0
732.1
732.1
732.2
732.3
732.4
732.5
732.5
732.7
732.7
732.7
732.7
732.8
732.8
732.9
732.9
733.0
733.1
733.3
733.3
733.4
733.4
733.5
733.8
733.9
734.0
734.1
734.4
734.4
734.6
734.9
735.0
735.4
736.0
736.0
736.1
736.5
736.9
737.1
737.3
737.3
738.7
739.0
739.0
741.2
742.8
743.2
743.3
744.1
744.2
744.3
745.8
746.0
747.0
747.8
756.5
764.7
765.1
765.2
765.2
765.3
765.4
765.4
765.5
765.5
765.6
765.6
765.8
765.8
765.9
765.9
766.0
766.1
766.1
766.2
766.3
766.3
766.3
766.4
766.4
766.5
766.6
766.7
766.8
767.0
767.3
767.3
767.4
767.7
767.7
767.7
767.8
767.8
767.9
768.0
768.1
768.3
768.4
768.6
768.8
769.0
769.5
770.2
770.4
770.5
771.1
771.4
772.1
772.3
772.3
772.5
773.8
773.9
774.0
774.2
774.4
774.8
774.8
775.0
775.0
775.0
775.5
775.7
775.8
775.9
776.0
776.2
776.4
776.7
776.8
777.5
777.5
777.7
778.0
778.0
778.6
778.9
779.0
779.4
780.1
780.5
780.6
781.0
781.2
782.0
782.1
783.5
783.6
784.7
785.9
786.0
786.0
786.3
786.4
786.5
786.7
943.2
943.2
943.2
943.2
943.3
943.3
943.3
943.3
943.3
943.3
943.3
943.3
943.3
943.3
943.3
943.4
943.4
943.4
943.4
943.4
943.4
943.4
943.4
943.5
943.5
943.5
943.5
943.5
943.5
943.6
943.6
943.7
943.7
943.8
943.9
943.9
944.0
944.0
944.0
944.1
944.2
944.2
944.2
944.2
944.3
944.3
944.3
944.4
944.5
944.5
944.6
944.7
944.7
944.7
944.9
945.0
945.1
945.1
945.2
945.2
945.2
945.2
945.4
945.4
945.5
945.7
945.9
946.0
946.2
946.3
946.3
946.4
946.5
946.5
947.0
947.0
947.0
947.0
947.2
947.3
947.4
947.6
947.7
947.8
947.8
947.9
948.0
948.0
948.1
948.1
948.1
948.2
948.2
948.2
948.2
948.2
948.2
948.2
948.3
948.3
948.3
948.3
948.3
948.3
948.4
948.4
948.4
948.4
948.4
948.5
948.5
948.5
948.6
948.6
948.6
948.6
948.6
948.6
948.6
948.7
948.7
948.8
948.8
948.8
948.8
948.9
948.9
948.9
949.0
949.0
949.0
949.1
949.1
949.2
949.2
949.3
949.3
949.5
949.5
949.5
949.6
949.6
949.8
949.9
949.9
950.1
950.1
950.2
950.2
950.3
950.3
950.5
950.6
950.8
950.8
951.3
951.3
951.5
951.7
951.8
952.0
952.3
952.7
953.1
953.3
953.3
953.6
953.7
953.7
953.9
954.1
954.2
954.2
954.8
955.0
955.1
955.2
955.5
955.8
955.9
955.9
956.0
956.1
956.1
956.2
956.3
956.3
956.3
956.4
956.4
956.7
956.9
956.9
956.9
956.9
957.0
957.0
957.0
957.1
957.1
957.1
957.2
957.3
957.3
957.3
957.3
957.4
957.4
957.4
957.4
957.4
957.5
957.5
957.5
957.6
957.6
957.8
957.8
957.8
957.9
957.9
958.0
958.0
958.2
958.3
958.3
958.4
958.5
958.6
958.6
958.6
958.9
958.9
959.0
959.0
959.3
959.3
959.4
959.7
959.7
959.7
959.8
959.9
959.9
960.1
960.1
962.1
962.3
962.8
962.9
963.2
963.5
963.7
964.1
964.2
964.3
965.0
965.6
968.0
969.2
971.4
972.3
974.1
975.1
984.2
1228.3
1228.3
1228.4
1228.4
1228.5
1228.6
1228.6
1228.9
1229.0
1229.0
1229.1
1229.1
1229.1
1229.1
1229.2
1229.2
1229.2
1229.2
1229.3
1229.3
1229.3
1229.3
1229.4
1229.4
1229.5
1229.5
1229.5
1229.6
1229.7
1229.7
1230.0
1230.3
1230.4
1230.6
1230.7
1230.9
1232.0
1232.1
1232.5
1233.3
1234.0
1234.1
1234.3
1234.3
1234.3
1234.4
1234.5
1234.5
1234.6
1234.6
1234.6
1234.6
1234.7
1234.7
1234.7
1234.7
1234.7
1234.7
1234.8
1234.9
1235.0
1235.1
1235.1
1235.2
1235.3
1235.4
1235.5
1236.0
1236.2
1236.3
1236.6
1236.7
1236.8
1237.1
1237.3
1237.3
1237.4
1237.5
1237.8
1237.9
1238.0
1239.6
1239.7
1240.2
1240.3
1240.4
1241.2
1241.5
1241.9
1242.0
1242.1
1242.3
1242.4
1242.5
1242.6
1242.6
1242.7
1243.1
1243.2
1243.3
1243.3
1243.4
1243.5
1243.5
1243.7
1243.7
1244.8
1244.8
1244.8
1245.1
1245.4
1246.2
1246.2
1246.5
1247.1
1247.8
1248.2
1249.3
1249.6
1249.7
1249.9
1250.1
1251.3
1253.3
1254.0
1255.3
1257.4
1258.2
1259.9
1261.9
1262.2
1267.6
1296.6
1396.1
1396.1
1396.1
1396.1
1396.2
1396.2
1396.3
1396.3
1396.3
1396.4
1396.4
1396.5
1396.5
1396.9
1397.0
1397.0
1397.3
1397.5
1397.7
1397.8
1397.9
1398.1
1398.1
1398.1
1398.2
1398.6
1398.8
1398.9
1399.0
1399.1
1399.2
1400.1
1400.3
1400.7
1401.3
1401.8
1401.8
1401.8
1401.9
1401.9
1402.0
1402.1
1402.2
1402.2
1402.3
1402.5
1402.6
1402.6
1402.7
1402.7
1402.7
1402.8
1403.0
1403.2
1403.3
1403.7
1403.7
1403.9
1404.1
1404.4
1404.4
1404.5
1404.6
1404.8
1404.9
1405.0
1405.1
1405.3
1405.4
1405.5
1405.5
1405.5
1406.2
1406.4
1406.4
1406.6
1406.9
1407.5
1407.6
1407.9
1408.1
1408.8
1408.9
1409.0
1409.3
1409.4
1409.8
1409.8
1409.9
1410.2
1410.5
1411.1
1411.1
1411.4
1411.4
1412.1
1412.4
1412.6
1413.1
1413.2
1413.3
1413.3
1413.4
1413.9
1413.9
1414.2
1414.4
1414.6
1414.7
1414.9
1415.0
1415.4
1415.5
1415.8
1415.9
1415.9
1416.1
1416.3
1416.4
1417.4
1417.6
1418.0
1418.2
1418.2
1418.5
1418.6
1418.6
1418.6
1419.6
1419.7
1420.7
1421.5
1422.0
1423.2
1423.2
1425.8
1426.9
1426.9
1428.0
1430.4
1430.6
1435.3
1559.8
1559.8
1559.8
1559.8
1559.9
1559.9
1559.9
1560.0
1560.0
1560.0
1560.0
1560.0
1560.0
1560.1
1560.1
1560.1
1560.1
1560.1
1560.1
1560.2
1560.2
1560.2
1560.2
1560.2
1560.3
1560.3
1560.4
1560.5
1560.5
1560.6
1560.6
1560.8
1560.8
1560.9
1560.9
1561.4
1561.4
1561.5
1562.2
1563.2
1563.7
1564.0
1564.1
1564.3
1564.6
1564.8
1565.1
1565.1
1565.1
1565.2
1565.2
1565.3
1565.3
1565.4
1565.4
1565.4
1565.4
1565.5
1565.5
1565.7
1565.7
1565.7
1565.8
1565.8
1566.0
1566.0
1566.0
1566.1
1566.2
1566.3
1566.3
1566.4
1566.4
1566.4
1566.4
1566.4
1566.5
1566.7
1566.8
1567.0
1567.1
1567.1
1567.3
1568.4
1568.5
1568.6
1568.9
1569.4
1569.5
1570.7
1571.8
1572.0
1572.9
1573.3
1573.9
1574.4
1575.0
1575.0
1575.1
1575.5
1575.6
1575.6
1576.0
1576.1
1576.5
1576.7
1576.8
1577.1
1577.2
1577.5
1578.2
1578.3
1578.6
1578.8
1580.2
1582.6
1582.6
1582.9
1583.5
1584.5
1585.1
1586.1
1592.1
1593.2
1594.2
1595.5
1599.6
1731.5
1731.6
1731.6
1731.6
1731.7
1731.7
1731.8
1731.8
1731.8
1731.8
1731.9
1732.1
1732.1
1732.5
1732.6
1732.6
1732.7
1733.0
1733.1
1733.2
1733.3
1733.5
1733.8
1733.8
1733.9
1733.9
1734.6
1734.7
1734.7
1734.8
1735.0
1735.7
1735.9
1736.5
1736.6
1737.3
1737.3
1737.4
1737.5
1737.5
1737.6
1737.6
1737.7
1737.7
1737.7
1738.1
1738.1
1738.2
1738.2
1738.3
1738.4
1738.5
1738.6
1739.0
1739.1
1739.4
1739.6
1739.6
1739.8
1740.0
1740.4
1740.7
1740.8
1740.9
1740.9
1741.1
1741.3
1741.4
1741.5
1741.6
1741.8
1741.8
1742.0
1742.2
1742.6
1742.7
1743.4
1743.7
1743.8
1744.2
1744.4
1745.1
1745.3
1745.4
1745.8
1746.1
1746.1
1746.6
1746.7
1746.9
1746.9
1747.2
1747.3
1747.4
1747.4
1748.5
1749.0
1749.1
1749.6
1749.8
1750.1
1750.2
1750.4
1750.5
1750.6
1750.7
1750.7
1751.0
1751.4
1751.6
1751.9
1752.5
1752.5
1752.6
1752.7
1752.8
1753.0
1754.4
1754.5
1755.2
1755.4
1755.9
1756.1
1756.6
1757.5
1757.6
1757.7
1758.1
1758.7
1759.5
1760.1
1763.5
1765.1
1765.2
1768.0
1777.5
1778.6
1803.0
1895.9
1896.0
1896.0
1896.0
1896.0
1896.0
1896.1
1896.1
1896.1
1896.1
1896.1
1896.1
1896.1
1896.2
1896.2
1896.2
1896.2
1896.2
1896.2
1896.2
1896.3
1896.3
1896.3
1896.3
1896.3
1896.3
1896.5
1896.6
1896.6
1896.7
1896.7
1896.8
1896.8
1896.9
1897.0
1897.3
1897.4
1897.5
1898.0
1899.2
1899.3
1899.5
1899.8
1900.1
1900.7
1900.9
1901.2
1901.2
1901.3
1901.3
1901.3
1901.4
1901.5
1901.5
1901.5
1901.5
1901.5
1901.5
1901.6
1901.6
1901.8
1901.8
1901.9
1901.9
1901.9
1901.9
1902.0
1902.1
1902.1
1902.2
1902.2
1902.2
1902.4
1902.5
1902.5
1902.5
1902.5
1902.6
1902.7
1902.8
1903.1
1903.3
1903.6
1904.5
1904.6
1904.9
1905.0
1905.7
1905.8
1906.8
1907.4
1908.6
1908.9
1909.5
1909.8
1910.2
1910.9
1911.4
1911.5
1911.6
1912.0
1912.2
1912.4
1912.5
1912.5
1912.9
1913.1
1913.2
1913.6
1914.1
1914.8
1915.0
1915.4
1915.6
1916.8
1919.8
1920.2
1920.2
1920.6
1921.4
1921.9
1922.5
1927.4
1929.2
1935.3
1939.3
1951.2
2067.8
2067.8
2067.9
2067.9
2067.9
2068.0
2068.0
2068.1
2068.1
2068.1
2068.2
2068.3
2068.4
2068.8
2068.8
2068.9
2069.0
2069.2
2069.4
2069.4
2069.6
2069.7
2070.0
2070.1
2070.1
2070.2
2070.8
2070.9
2071.0
2071.1
2071.2
2071.9
2072.2
2072.7
2072.9
2073.5
2073.6
2073.7
2073.7
2073.8
2073.8
2073.9
2073.9
2073.9
2074.0
2074.3
2074.3
2074.4
2074.5
2074.5
2074.7
2074.7
2074.9
2075.3
2075.3
2075.7
2075.9
2076.0
2076.1
2076.2
2076.7
2077.0
2077.1
2077.1
2077.3
2077.3
2077.7
2077.8
2077.9
2078.1
2078.2
2078.2
2078.3
2078.5
2079.1
2079.1
2079.3
2079.9
2080.0
2080.7
2080.8
2081.5
2081.7
2082.0
2082.3
2082.4
2082.6
2082.9
2082.9
2083.1
2083.7
2083.7
2083.9
2084.4
2084.6
2084.9
2085.5
2086.1
2086.2
2086.2
2086.6
2086.7
2086.9
2086.9
2087.0
2087.4
2087.8
2088.0
2088.4
2088.6
2088.8
2089.0
2089.3
2089.7
2089.9
2090.3
2090.5
2090.7
2091.4
2092.4
2092.6
2094.5
2095.0
2096.4
2096.9
2098.6
2100.4
2101.0
2103.8
2115.8
2136.7
2232.4
2232.5
2232.5
2232.5
2232.5
2232.5
2232.6
2232.6
2232.6
2232.6
2232.6
2232.6
2232.6
2232.7
2232.7
2232.7
2232.7
2232.7
2232.7
2232.8
2232.8
2232.8
2232.8
2232.8
2232.8
2232.9
2233.1
2233.1
2233.2
2233.2
2233.3
2233.3
2233.4
2233.4
2233.6
2233.8
2233.9
2234.0
2234.5
2235.8
2235.8
2236.0
2236.3
2236.6
2237.2
2237.4
2237.7
2237.8
2237.8
2237.8
2237.8
2238.0
2238.0
2238.0
2238.0
2238.0
2238.0
2238.1
2238.1
2238.1
2238.3
2238.3
2238.4
2238.4
2238.5
2238.5
2238.5
2238.6
2238.6
2238.7
2238.8
2238.8
2238.9
2239.0
2239.0
2239.1
2239.1
2239.1
2239.2
2239.3
2239.7
2239.8
2240.1
2241.0
2241.1
2241.4
2241.5
2242.3
2242.3
2243.3
2243.9
2245.1
2245.4
2246.0
2246.3
2246.8
2247.4
2247.8
2248.0
2248.2
2248.5
2248.8
2248.8
2249.1
2249.1
2249.4
2249.5
2249.6
2250.2
2250.6
2251.3
2251.6
2251.7
2252.4
2253.4
2255.6
2255.7
2257.9
2257.9
2258.3
2258.5
2260.8
2262.5
2263.7
2268.4
2272.0
2404.1
2404.1
2404.2
2404.2
2404.2
2404.3
2404.3
2404.4
2404.4
2404.4
2404.5
2404.6
2404.7
2405.1
2405.1
2405.2
2405.3
2405.5
2405.7
2405.7
2405.9
2406.0
2406.3
2406.4
2406.4
2406.5
2407.1
2407.2
2407.3
2407.4
2407.5
2408.2
2408.5
2409.0
2409.2
2409.8
2409.9
2410.0
2410.0
2410.1
2410.1
2410.2
2410.2
2410.2
2410.3
2410.6
2410.6
2410.7
2410.8
2410.8
2411.0
2411.0
2411.2
2411.6
2411.7
2412.1
2412.2
2412.3
2412.4
2412.5
2413.0
2413.4
2413.4
2413.6
2413.6
2413.8
2414.1
2414.2
2414.2
2414.4
2414.5
2414.6
2414.6
2414.8
2415.5
2415.5
2416.3
2416.3
2416.6
2417.0
2417.1
2417.7
2418.1
2418.6
2418.8
2419.2
2419.2
2419.2
2419.6
2420.0
2420.2
2420.2
2420.3
2420.6
2421.0
2421.2
2421.8
2421.9
2422.3
2422.4
2422.4
2422.5
2422.6
2422.9
2423.2
2423.4
2423.7
2423.8
2424.0
2424.1
2424.2
2425.7
2426.1
2426.5
2426.9
2427.0
2427.7
2428.0
2428.7
2428.9
2431.0
2431.2
2431.5
2432.1
2433.5
2435.3
2441.1
2441.2
2443.5
2443.9
2446.1
2446.9
2451.5
2452.6
2461.4
2568.8
2568.9
2568.9
2568.9
2568.9
2568.9
2569.0
2569.0
2569.0
2569.0
2569.1
2569.1
2569.1
2569.1
2569.1
2569.1
2569.1
2569.2
2569.2
2569.2
2569.2
2569.2
2569.2
2569.2
2569.3
2569.3
2569.5
2569.5
2569.6
2569.6
2569.6
2569.7
2569.8
2569.8
2569.9
2570.2
2570.3
2570.5
2570.9
2572.2
2572.2
2572.4
2572.7
2573.0
2573.6
2573.9
2574.1
2574.2
2574.2
2574.2
2574.3
2574.4
2574.4
2574.4
2574.4
2574.4
2574.5
2574.5
2574.5
2574.6
2574.7
2574.8
2574.8
2574.8
2574.9
2574.9
2574.9
2575.0
2575.1
2575.1
2575.2
2575.2
2575.4
2575.4
2575.4
2575.5
2575.5
2575.5
2575.6
2575.7
2576.1
2576.2
2576.5
2577.4
2577.6
2577.8
2577.9
2578.6
2578.7
2579.7
2580.3
2581.3
2581.8
2582.4
2582.7
2583.2
2583.8
2584.3
2584.5
2584.6
2585.0
2585.2
2585.3
2585.5
2585.5
2586.0
2586.1
2586.2
2586.6
2587.0
2587.7
2588.1
2588.2
2588.9
2589.8
2592.8
2593.1
2594.3
2594.3
2594.7
2594.9
2599.1
2600.2
2604.7
2608.2
2740.5
2740.5
2740.6
2740.6
2740.6
2740.7
2740.8
2740.8
2740.8
2740.8
2740.9
2741.0
2741.1
2741.5
2741.5
2741.6
2741.7
2741.9
2742.1
2742.1
2742.3
2742.4
2742.7
2742.8
2742.8
2742.9
2743.5
2743.6
2743.7
2743.8
2743.9
2744.6
2744.9
2745.5
2745.6
2746.2
2746.3
2746.4
2746.4
2746.5
2746.5
2746.6
2746.6
2746.6
2746.7
2747.0
2747.0
2747.1
2747.2
2747.2
2747.4
2747.4
2747.6
2748.0
2748.1
2748.5
2748.6
2748.7
2748.9
2748.9
2749.5
2749.9
2749.9
2750.0
2750.1
2750.2
2750.5
2750.6
2750.7
2750.9
2751.0
2751.0
2751.0
2751.2
2752.0
2752.0
2752.6
2752.9
2753.0
2753.4
2753.8
2754.2
2754.6
2755.4
2755.5
2755.6
2755.9
2755.9
2756.3
2756.4
2756.6
2756.8
2756.9
2757.5
2757.6
2758.3
2758.4
2758.9
2759.2
2759.3
2759.4
2759.4
2759.8
2760.5
2760.6
2760.7
2761.5
2761.6
2761.7
2762.4
2762.4
2762.4
2763.4
2764.1
2764.1
2765.0
2765.6
2765.7
2766.6
2767.5
2767.6
2768.4
2772.0
2775.0
2779.6
2790.9
2809.9
2905.0
2905.1
2905.1
2905.1
2905.1
2905.1
2905.2
2905.2
2905.2
2905.2
2905.2
2905.2
2905.3
2905.3
2905.3
2905.3
2905.3
2905.4
2905.4
2905.4
2905.4
2905.4
2905.4
2905.4
2905.5
2905.5
2905.7
2905.7
2905.8
2905.8
2905.9
2905.9
2906.0
2906.0
2906.2
2906.4
2906.5
2906.7
2907.1
2908.4
2908.4
2908.6
2908.9
2909.2
2909.8
2910.0
2910.3
2910.4
2910.4
2910.4
2910.5
2910.6
2910.6
2910.6
2910.6
2910.7
2910.7
2910.7
2910.7
2910.8
2910.9
2911.0
2911.0
2911.0
2911.1
2911.1
2911.1
2911.2
2911.3
2911.3
2911.4
2911.4
2911.6
2911.6
2911.6
2911.7
2911.7
2911.7
2911.8
2911.9
2912.3
2912.4
2912.7
2913.6
2913.7
2914.0
2914.1
2914.9
2914.9
2915.9
2916.5
2917.7
2918.0
2918.6
2918.8
2919.4
2920.0
2920.4
2920.6
2920.7
2921.2
2921.4
2921.4
2921.5
2921.7
2922.0
2922.3
2922.4
2922.8
2922.9
2923.9
2924.4
2924.5
2925.1
2926.0
2929.0
2929.3
2930.5
2930.5
2930.9
2931.1
2935.3
2936.4
2941.0
2944.5
