426.3
426.3
426.3
426.3
426.3
426.3
426.3
426.3
426.3
426.3
426.3
426.3
426.3
426.3
426.3
426.3
426.3
426.3
426.3
426.3
426.3
426.3
426.3
426.3
426.3
426.3
426.3
426.3
426.3
426.3
426.3
426.4
426.4
426.4
426.4
426.4
426.4
426.4
426.4
426.4
426.4
426.4
426.4
426.4
426.4
426.4
426.4
426.4
426.5
426.5
426.5
426.5
426.5
426.5
426.5
426.5
426.5
426.5
426.5
426.5
426.5
426.5
426.5
426.5
426.5
426.5
426.5
426.5
426.5
426.5
426.5
426.6
426.6
426.6
426.6
426.6
426.6
426.6
426.7
426.9
426.9
426.9
426.9
427.0
427.0
427.0
427.1
427.1
427.1
427.1
427.1
427.3
427.3
427.4
427.5
427.5
427.6
427.6
427.6
427.9
433.1
433.1
433.1
433.2
433.2
433.2
433.2
433.2
433.2
433.3
433.3
433.3
433.3
433.3
433.4
433.4
433.4
433.4
433.4
433.4
433.4
433.4
433.4
433.4
433.4
433.5
433.5
433.5
433.5
433.5
433.5
433.5
433.5
433.5
433.6
433.7
433.7
433.7
433.7
433.7
433.8
433.8
433.8
433.8
433.8
433.9
433.9
433.9
433.9
433.9
434.0
434.0
434.0
434.0
434.1
434.1
434.1
434.1
434.1
434.1
434.1
434.1
434.2
434.3
434.3
434.3
434.3
434.3
434.3
434.4
434.4
434.4
434.5
434.6
434.7
434.7
434.8
435.2
435.2
436.6
436.7
436.8
437.2
437.6
437.8
437.9
438.3
438.3
438.5
438.6
438.9
439.2
439.5
439.5
439.5
439.6
439.6
439.6
439.6
439.6
439.6
439.7
439.7
439.7
439.8
439.8
439.8
439.8
439.8
439.9
439.9
439.9
439.9
439.9
439.9
439.9
439.9
439.9
440.0
440.0
440.0
440.0
440.1
440.1
440.1
440.1
440.2
440.3
440.3
440.4
440.4
440.4
440.5
440.5
440.5
440.6
440.6
440.7
440.7
440.8
440.8
440.8
441.0
441.0
441.0
441.0
441.1
441.2
441.3
441.3
441.3
441.4
441.4
441.5
441.5
441.5
441.5
441.7
441.7
441.9
442.0
442.1
442.1
442.1
442.3
442.3
442.5
442.5
442.7
442.7
443.2
443.3
443.4
443.5
443.5
443.8
444.4
444.4
444.5
445.3
445.3
445.4
445.4
445.6
445.6
445.6
445.6
445.7
445.7
445.9
445.9
445.9
445.9
446.0
446.0
446.0
446.1
446.1
446.1
446.4
446.5
446.5
446.5
446.5
446.5
446.5
446.6
446.7
446.8
446.8
446.8
446.8
446.9
446.9
446.9
447.0
447.0
447.2
447.2
447.3
447.4
447.4
447.4
447.4
447.5
447.7
447.8
447.9
448.2
448.2
448.2
448.3
448.3
448.3
448.3
448.4
448.6
448.6
448.7
448.9
448.9
449.2
449.3
449.4
449.5
449.5
449.8
450.0
450.2
450.3
450.5
450.6
450.9
451.0
451.2
452.3
452.5
453.9
453.9
454.0
454.2
454.3
454.7
455.5
456.0
456.2
456.4
457.7
458.3
458.4
458.7
459.0
459.4
461.3
462.1
462.1
463.0
463.4
463.6
463.8
464.2
464.9
465.1
465.8
466.0
466.8
467.0
467.2
467.6
468.1
468.3
472.0
474.1
480.7
481.6
484.0
485.3
486.0
586.1
586.1
586.1
586.1
586.1
586.1
586.1
586.1
586.1
586.1
586.1
586.2
586.2
586.2
586.2
586.2
586.2
586.2
586.2
586.2
586.2
586.2
586.2
586.2
586.2
586.2
586.2
586.2
586.2
586.2
586.2
586.2
586.2
586.2
586.2
586.2
586.2
586.3
586.3
586.3
586.3
586.3
586.3
586.3
586.3
586.3
586.3
586.3
586.3
586.3
586.3
586.3
586.3
586.3
586.3
586.3
586.3
586.4
586.4
586.4
586.4
586.4
586.4
586.4
586.4
586.4
586.4
586.4
586.4
586.4
586.4
586.4
586.4
586.4
586.4
586.4
586.5
586.5
586.5
586.7
586.8
586.8
586.8
586.9
586.9
586.9
587.0
587.0
587.0
587.0
587.0
587.2
587.2
587.3
587.4
587.4
587.5
587.6
587.6
587.9
592.8
592.8
592.8
592.8
592.9
592.9
592.9
592.9
592.9
593.0
593.0
593.0
593.0
593.0
593.0
593.1
593.1
593.1
593.1
593.1
593.1
593.1
593.1
593.1
593.1
593.2
593.2
593.2
593.2
593.2
593.2
593.2
593.2
593.2
593.3
593.4
593.4
593.4
593.4
593.4
593.4
593.5
593.5
593.5
593.5
593.6
593.6
593.6
593.6
593.6
593.7
593.7
593.7
593.7
593.8
593.8
593.8
593.8
593.8
593.8
593.8
593.8
593.9
593.9
594.0
594.0
594.0
594.0
594.0
594.0
594.1
594.1
594.2
594.3
594.3
594.4
594.4
594.8
594.9
596.3
596.3
596.5
596.8
597.2
597.5
597.5
598.2
598.3
598.5
598.5
599.0
601.4
601.6
602.0
605.1
606.1
607.2
610.1
610.5
705.1
705.1
705.1
705.1
705.1
705.1
705.1
705.1
705.1
705.1
705.1
705.1
705.1
705.1
705.1
705.1
705.1
705.1
705.1
705.1
705.1
705.1
705.1
705.1
705.1
705.1
705.1
705.1
705.1
705.1
705.1
705.1
705.1
705.1
705.2
705.2
705.2
705.2
705.2
705.2
705.2
705.2
705.2
705.2
705.2
705.2
705.2
705.2
705.2
705.2
705.2
705.2
705.2
705.2
705.2
705.2
705.3
705.3
705.3
705.3
705.3
705.3
705.3
705.3
705.3
705.3
705.3
705.3
705.3
705.3
705.3
705.3
705.3
705.3
705.3
705.3
705.3
705.4
705.4
705.6
705.6
705.6
705.6
705.7
705.7
705.7
705.8
705.8
705.8
705.8
705.8
706.0
706.0
706.0
706.2
706.2
706.2
706.3
706.3
706.6
712.1
712.1
712.2
712.2
712.2
712.2
712.2
712.2
712.3
712.3
712.3
712.3
712.3
712.4
712.4
712.4
712.4
712.4
712.4
712.4
712.4
712.4
712.4
712.4
712.4
712.5
712.5
712.5
712.5
712.5
712.5
712.5
712.5
712.6
712.6
712.7
712.7
712.7
712.7
712.7
712.7
712.8
712.8
712.8
712.8
712.9
712.9
712.9
712.9
712.9
712.9
712.9
713.0
713.0
713.1
713.1
713.1
713.1
713.1
713.1
713.1
713.1
713.2
713.3
713.3
713.3
713.3
713.3
713.4
713.4
713.4
713.5
713.5
713.6
713.7
713.7
713.8
714.2
714.2
715.6
715.7
715.8
716.0
716.6
716.9
716.9
717.0
717.0
717.1
717.6
717.9
717.9
718.1
718.1
718.1
718.2
718.2
718.2
718.2
718.3
718.3
718.3
718.3
718.3
718.3
718.3
718.4
718.4
718.4
718.4
718.5
718.5
718.5
718.5
718.6
718.6
718.6
718.6
718.6
718.6
718.6
718.7
718.7
718.8
718.8
718.9
718.9
718.9
718.9
719.0
719.0
719.0
719.0
719.1
719.3
719.4
719.4
719.4
719.4
719.4
719.4
719.5
719.6
719.6
719.6
719.8
719.9
719.9
719.9
720.1
720.2
720.2
720.2
720.2
720.2
720.2
720.4
720.5
720.5
720.6
720.7
720.8
720.9
720.9
721.0
721.0
721.3
721.4
721.5
721.8
722.0
722.3
722.3
722.4
722.4
722.8
723.4
723.6
724.1
724.2
724.2
724.2
724.4
724.4
724.4
724.4
724.5
724.5
724.6
724.7
724.7
724.8
724.8
724.8
725.1
725.1
725.2
725.2
725.3
725.3
725.4
725.4
725.5
725.5
725.5
725.5
725.6
725.6
725.7
725.8
725.8
725.8
725.9
726.0
726.0
726.1
726.1
726.1
726.2
726.3
726.5
726.6
726.6
726.8
726.9
726.9
726.9
727.1
727.2
727.3
727.3
727.3
727.6
727.7
727.7
728.0
728.1
728.1
728.3
728.4
728.5
728.5
728.5
728.9
729.2
729.3
729.5
729.7
730.3
730.5
730.5
730.7
731.4
731.5
731.6
731.9
733.5
734.0
734.0
736.1
736.7
737.0
738.0
738.7
738.8
739.0
739.6
739.6
740.6
740.6
741.7
742.8
743.5
745.0
746.4
748.6
750.4
750.5
751.3
752.1
752.7
754.6
754.7
754.9
755.0
755.3
755.3
755.4
755.5
755.5
755.5
755.6
755.7
755.7
755.7
755.7
755.7
755.7
755.7
755.8
755.8
755.8
755.9
755.9
755.9
755.9
755.9
755.9
755.9
755.9
755.9
755.9
755.9
755.9
755.9
755.9
755.9
756.0
756.0
756.0
756.0
756.0
756.0
756.0
756.0
756.0
756.0
756.0
756.1
756.1
756.1
756.1
756.1
756.1
756.2
756.2
756.2
756.2
756.2
756.2
756.2
756.2
756.2
756.3
756.3
756.3
756.3
756.3
756.3
756.3
756.3
756.3
756.3
756.4
756.4
756.4
756.4
756.4
756.4
756.5
756.5
756.5
756.5
756.5
756.6
756.6
756.6
756.7
756.7
756.8
756.8
756.8
756.8
756.9
756.9
757.1
757.1
757.2
757.5
757.5
757.5
760.0
760.3
760.5
761.0
761.4
761.4
761.6
761.9
761.9
761.9
762.1
762.1
762.1
762.1
762.2
762.2
762.3
762.3
762.4
762.4
762.5
762.5
762.5
762.5
762.6
762.6
762.6
762.6
762.6
762.7
762.7
762.7
762.8
762.8
762.8
762.8
762.8
762.8
762.8
762.8
762.9
762.9
763.0
763.0
763.0
763.0
763.1
763.1
763.1
763.2
763.2
763.3
763.3
763.3
763.3
763.4
763.4
763.5
763.5
763.5
763.6
763.6
763.6
763.6
763.7
763.8
763.8
763.8
763.9
764.0
764.0
764.1
764.1
764.2
764.2
764.3
764.5
764.5
764.6
764.6
764.7
764.8
765.0
765.0
765.1
765.2
765.3
765.4
765.6
765.9
766.0
766.1
766.1
766.3
766.5
767.0
767.5
767.8
767.9
768.5
768.6
770.0
770.8
771.8
772.2
772.9
772.9
773.2
773.3
773.4
773.7
773.7
773.9
774.0
774.2
774.9
774.9
775.4
775.4
775.5
775.6
775.8
775.9
775.9
776.1
776.4
776.4
776.5
776.6
776.7
776.8
776.9
776.9
777.0
777.1
777.3
777.5
777.6
777.7
777.7
777.8
777.8
777.8
777.9
778.2
778.2
778.3
778.3
778.4
778.7
778.7
778.7
778.8
778.9
779.0
779.1
779.2
779.2
779.4
779.5
779.6
780.7
781.1
781.6
782.0
782.3
783.3
784.1
784.2
785.1
785.9
786.5
787.9
788.8
791.2
792.9
794.4
797.8
810.0
869.5
869.5
869.5
869.5
869.5
869.5
869.5
869.5
869.5
869.5
869.5
869.5
869.5
869.5
869.5
869.5
869.5
869.5
869.5
869.5
869.5
869.5
869.5
869.5
869.5
869.5
869.5
869.5
869.5
869.5
869.5
869.5
869.5
869.5
869.6
869.6
869.6
869.6
869.6
869.6
869.6
869.6
869.6
869.6
869.6
869.6
869.6
869.6
869.6
869.6
869.6
869.6
869.6
869.6
869.6
869.6
869.6
869.6
869.6
869.6
869.6
869.6
869.6
869.7
869.7
869.7
869.7
869.7
869.7
869.7
869.7
869.7
869.7
869.7
869.7
869.7
869.7
869.8
869.8
870.0
870.0
870.0
870.0
870.1
870.1
870.1
870.1
870.2
870.2
870.2
870.2
870.4
870.4
870.4
870.5
870.6
870.6
870.7
870.7
870.9
876.5
876.5
876.6
876.6
876.6
876.6
876.6
876.7
876.7
876.7
876.7
876.7
876.8
876.8
876.8
876.8
876.8
876.8
876.8
876.8
876.8
876.8
876.9
876.9
876.9
876.9
876.9
876.9
876.9
876.9
876.9
876.9
876.9
877.0
877.0
877.1
877.1
877.1
877.1
877.2
877.2
877.2
877.2
877.2
877.2
877.3
877.3
877.3
877.3
877.3
877.3
877.3
877.4
877.4
877.5
877.5
877.5
877.5
877.5
877.5
877.5
877.6
877.6
877.7
877.7
877.7
877.7
877.8
877.8
877.8
877.8
877.9
877.9
878.0
878.1
878.2
878.2
878.6
878.6
880.0
880.1
880.3
880.7
881.0
881.3
881.3
882.1
882.2
882.3
882.4
882.9
885.5
885.7
886.1
889.5
890.8
892.2
895.6
896.2
934.1
934.1
934.1
934.1
934.1
934.1
934.1
934.1
934.1
934.1
934.1
934.1
934.1
934.1
934.1
934.1
934.1
934.1
934.1
934.1
934.1
934.1
934.1
934.1
934.1
934.1
934.1
934.1
934.1
934.1
934.1
934.1
934.1
934.1
934.2
934.2
934.2
934.2
934.2
934.2
934.2
934.2
934.2
934.2
934.2
934.2
934.2
934.2
934.2
934.2
934.2
934.2
934.2
934.2
934.2
934.2
934.2
934.2
934.2
934.2
934.3
934.3
934.3
934.3
934.3
934.3
934.3
934.3
934.3
934.3
934.3
934.3
934.3
934.3
934.3
934.3
934.4
934.4
934.4
934.6
934.6
934.6
934.7
934.7
934.8
934.8
934.8
934.8
934.8
934.9
934.9
935.0
935.1
935.1
935.3
935.3
935.3
935.4
935.4
935.5
940.9
940.9
941.0
941.0
941.0
941.0
941.0
941.1
941.1
941.1
941.1
941.1
941.2
941.2
941.2
941.2
941.2
941.2
941.2
941.2
941.2
941.2
941.3
941.3
941.3
941.3
941.3
941.3
941.3
941.3
941.3
941.3
941.3
941.4
941.5
941.5
941.5
941.5
941.6
941.6
941.6
941.6
941.6
941.6
941.6
941.7
941.7
941.7
941.8
941.8
941.8
941.8
941.8
941.8
941.9
941.9
941.9
941.9
941.9
941.9
941.9
942.0
942.0
942.0
942.1
942.1
942.1
942.1
942.2
942.2
942.2
942.3
942.4
942.4
942.4
942.5
942.6
942.7
943.0
943.4
943.4
943.9
943.9
943.9
944.3
944.3
944.3
944.8
945.0
945.0
945.0
945.0
945.1
945.3
945.3
945.4
945.4
945.4
945.4
945.5
945.5
945.5
945.5
945.5
945.6
945.6
945.6
945.6
945.7
945.7
945.7
945.7
945.8
945.8
945.8
945.9
945.9
945.9
945.9
945.9
945.9
946.0
946.0
946.0
946.0
946.0
946.0
946.0
946.1
946.1
946.1
946.1
946.1
946.2
946.2
946.2
946.2
946.3
946.3
946.3
946.3
946.3
946.4
946.5
946.5
946.5
946.6
946.6
946.7
946.7
946.7
946.8
946.9
946.9
946.9
947.0
947.0
947.0
947.3
947.3
947.3
947.5
947.5
947.7
948.0
948.1
948.2
948.3
948.3
948.4
948.7
948.7
949.0
949.0
949.0
949.0
949.6
949.8
950.8
951.4
951.5
951.5
951.6
951.6
951.7
951.8
951.9
951.9
952.0
952.1
952.1
952.3
952.3
952.4
952.4
952.4
952.5
952.6
952.6
952.6
952.7
952.7
952.7
952.8
952.9
952.9
953.1
953.1
953.1
953.2
953.2
953.4
953.5
953.5
953.5
953.6
953.7
953.7
953.7
953.7
953.9
954.0
954.0
954.1
954.1
954.1
954.2
954.2
954.4
954.4
954.5
954.5
954.6
954.6
954.7
954.7
954.9
954.9
955.0
955.2
955.6
955.7
955.7
955.8
955.8
955.9
956.0
956.4
956.6
956.8
957.0
957.4
958.3
958.5
959.2
959.7
960.2
961.5
961.5
961.6
962.8
963.3
964.6
965.7
966.8
966.8
967.5
967.7
969.3
973.8
978.2
986.1
986.1
989.8
1047.1
1047.1
1047.1
1047.1
1047.1
1047.1
1047.1
1047.1
1047.1
1047.1
1047.1
1047.1
1047.1
1047.1
1047.1
1047.1
1047.1
1047.2
1047.2
1047.2
1047.2
1047.2
1047.2
1047.2
1047.2
1047.2
1047.2
1047.2
1047.2
1047.2
1047.2
1047.2
1047.2
1047.2
1047.2
1047.2
1047.2
1047.2
1047.2
1047.2
1047.2
1047.2
1047.2
1047.2
1047.2
1047.2
1047.2
1047.2
1047.2
1047.2
1047.2
1047.2
1047.2
1047.2
1047.3
1047.3
1047.3
1047.3
1047.3
1047.3
1047.3
1047.3
1047.3
1047.3
1047.3
1047.3
1047.3
1047.3
1047.3
1047.3
1047.3
1047.3
1047.3
1047.3
1047.3
1047.3
1047.4
1047.4
1047.4
1047.6
1047.6
1047.6
1047.6
1047.7
1047.7
1047.7
1047.8
1047.8
1047.8
1047.8
1047.8
1048.0
1048.0
1048.0
1048.2
1048.2
1048.2
1048.3
1048.3
1048.6
1054.1
1054.2
1054.2
1054.2
1054.3
1054.3
1054.3
1054.3
1054.3
1054.4
1054.4
1054.4
1054.4
1054.4
1054.4
1054.4
1054.4
1054.4
1054.5
1054.5
1054.5
1054.5
1054.5
1054.5
1054.5
1054.5
1054.5
1054.5
1054.5
1054.5
1054.6
1054.6
1054.6
1054.6
1054.7
1054.7
1054.8
1054.8
1054.8
1054.8
1054.8
1054.8
1054.8
1054.8
1054.8
1054.9
1054.9
1054.9
1055.0
1055.0
1055.0
1055.0
1055.0
1055.0
1055.1
1055.1
1055.1
1055.1
1055.1
1055.1
1055.1
1055.2
1055.3
1055.3
1055.3
1055.3
1055.4
1055.4
1055.4
1055.4
1055.5
1055.5
1055.6
1055.7
1055.7
1055.7
1055.8
1056.2
1056.3
1057.7
1057.7
1057.9
1058.3
1058.6
1058.9
1059.0
1059.7
1059.8
1060.0
1060.0
1060.6
1063.1
1063.3
1063.7
1067.2
1068.4
1069.7
1073.4
1073.9
1208.7
1208.7
1208.7
1208.7
1208.7
1208.7
1208.7
1208.7
1208.7
1208.8
1208.8
1208.8
1208.8
1208.8
1208.8
1208.8
1208.8
1208.8
1208.8
1208.8
1208.8
1208.8
1208.8
1208.8
1208.8
1208.8
1208.8
1208.8
1208.8
1208.8
1208.8
1208.8
1208.8
1208.8
1208.8
1208.8
1208.8
1208.8
1208.8
1208.8
1208.8
1208.8
1208.8
1208.8
1208.8
1208.8
1208.8
1208.8
1208.8
1208.8
1208.9
1208.9
1208.9
1208.9
1208.9
1208.9
1208.9
1208.9
1208.9
1208.9
1208.9
1208.9
1208.9
1208.9
1208.9
1208.9
1208.9
1208.9
1208.9
1208.9
1208.9
1208.9
1208.9
1209.0
1209.0
1209.0
1209.0
1209.0
1209.0
1209.2
1209.2
1209.2
1209.3
1209.3
1209.3
1209.3
1209.4
1209.4
1209.4
1209.4
1209.5
1209.6
1209.6
1209.7
1209.8
1209.8
1209.9
1209.9
1209.9
1210.2
1215.8
1215.8
1215.8
1215.8
1215.9
1215.9
1215.9
1215.9
1215.9
1216.0
1216.0
1216.0
1216.0
1216.0
1216.0
1216.1
1216.1
1216.1
1216.1
1216.1
1216.1
1216.1
1216.1
1216.1
1216.1
1216.1
1216.2
1216.2
1216.2
1216.2
1216.2
1216.2
1216.2
1216.2
1216.3
1216.3
1216.4
1216.4
1216.4
1216.4
1216.4
1216.4
1216.4
1216.4
1216.4
1216.5
1216.5
1216.5
1216.6
1216.6
1216.6
1216.6
1216.6
1216.6
1216.7
1216.7
1216.7
1216.7
1216.8
1216.8
1216.8
1216.8
1216.9
1216.9
1216.9
1217.0
1217.0
1217.0
1217.0
1217.1
1217.1
1217.1
1217.2
1217.3
1217.3
1217.4
1217.4
1217.8
1217.9
1219.3
1219.3
1219.5
1219.9
1220.2
1220.5
1220.6
1221.3
1221.4
1221.6
1221.6
1222.2
1224.8
1224.9
1225.4
1227.9
1228.3
1228.9
1228.9
1229.4
1229.4
1229.4
1229.7
1229.7
1229.8
1229.8
1229.8
1229.8
1229.9
1229.9
1230.0
1230.0
1230.0
1230.1
1230.1
1230.1
1230.1
1230.1
1230.2
1230.2
1230.2
1230.3
1230.4
1230.5
1230.5
1230.6
1230.7
1230.7
1230.7
1230.8
1230.9
1231.0
1231.1
1231.1
1231.3
1231.6
1231.6
1232.0
1232.0
1232.1
1232.9
1233.1
1233.2
1233.5
1233.5
1233.6
1233.6
1233.7
1234.0
1234.0
1234.3
1234.7
1235.8
1235.9
1235.9
1236.0
1236.6
1237.1
1237.2
1237.2
1237.4
1237.7
1237.7
1237.8
1238.1
1238.4
1238.7
1238.9
1239.0
1239.2
1239.3
1239.3
1239.4
1239.6
1239.6
1239.8
1239.9
1240.0
1240.0
1240.2
1240.4
1240.6
1240.8
1241.0
1241.1
1241.1
1241.2
1241.4
1241.6
1241.7
1241.8
1241.8
1242.9
1243.1
1243.8
1245.1
1245.1
1245.1
1245.3
1246.1
1246.5
1246.8
1247.3
1249.4
1250.7
1253.3
1253.8
1257.6
1261.3
1265.7
1376.0
1376.0
1376.0
1376.0
1376.0
1376.0
1376.0
1376.0
1376.1
1376.1
1376.1
1376.1
1376.1
1376.1
1376.1
1376.1
1376.1
1376.1
1376.1
1376.1
1376.1
1376.1
1376.1
1376.1
1376.1
1376.1
1376.1
1376.1
1376.1
1376.1
1376.1
1376.1
1376.1
1376.1
1376.1
1376.1
1376.1
1376.1
1376.1
1376.1
1376.1
1376.1
1376.1
1376.1
1376.1
1376.1
1376.1
1376.2
1376.2
1376.2
1376.2
1376.2
1376.2
1376.2
1376.2
1376.2
1376.2
1376.2
1376.2
1376.2
1376.2
1376.2
1376.2
1376.2
1376.2
1376.2
1376.2
1376.2
1376.2
1376.2
1376.2
1376.2
1376.2
1376.3
1376.3
1376.3
1376.3
1376.3
1376.3
1376.5
1376.5
1376.5
1376.6
1376.6
1376.6
1376.6
1376.7
1376.7
1376.7
1376.7
1376.8
1376.9
1376.9
1377.0
1377.1
1377.1
1377.2
1377.2
1377.3
1377.5
1383.1
1383.1
1383.2
1383.2
1383.2
1383.2
1383.2
1383.2
1383.2
1383.3
1383.3
1383.3
1383.3
1383.3
1383.4
1383.4
1383.4
1383.4
1383.4
1383.4
1383.4
1383.4
1383.4
1383.4
1383.4
1383.4
1383.5
1383.5
1383.5
1383.5
1383.5
1383.5
1383.5
1383.5
1383.6
1383.7
1383.7
1383.7
1383.7
1383.7
1383.7
1383.7
1383.7
1383.8
1383.8
1383.8
1383.8
1383.9
1383.9
1383.9
1383.9
1383.9
1383.9
1383.9
1384.0
1384.0
1384.0
1384.0
1384.1
1384.1
1384.1
1384.1
1384.2
1384.2
1384.2
1384.3
1384.3
1384.3
1384.3
1384.4
1384.4
1384.4
1384.5
1384.6
1384.7
1384.7
1384.7
1385.1
1385.2
1386.6
1386.6
1386.8
1387.2
1387.5
1387.8
1387.9
1388.6
1388.7
1388.9
1389.0
1389.5
1392.1
1392.3
1392.7
1395.9
1397.1
1397.2
1397.4
1397.4
1397.6
1397.7
1397.7
1397.8
1397.9
1397.9
1397.9
1398.0
1398.0
1398.1
1398.1
1398.1
1398.2
1398.3
1398.3
1398.3
1398.4
1398.5
1398.5
1398.6
1398.6
1398.7
1398.7
1398.8
1398.8
1398.9
1399.0
1399.0
1399.2
1399.3
1399.3
1399.4
1399.4
1399.6
1399.6
1399.7
1399.9
1399.9
1400.0
1400.1
1400.3
1400.4
1400.7
1400.9
1401.7
1401.8
1401.8
1401.8
1401.8
1401.8
1402.1
1402.1
1402.2
1402.9
1403.0
1403.1
1404.2
1404.3
1404.7
1405.9
1406.0
1406.3
1406.3
1406.9
1407.6
1407.8
1408.2
1408.3
1408.9
1408.9
1409.5
1409.5
1409.5
1409.6
1409.6
1410.1
1410.1
1410.5
1410.7
1410.8
1410.8
1411.1
1411.3
1411.4
1411.5
1411.8
1411.8
1411.8
1412.0
1412.1
1412.4
1412.4
1412.8
1413.0
1413.5
1413.9
1414.4
1416.3
1416.4
1417.1
1418.5
1419.7
1421.3
1422.9
1422.9
1423.4
1424.0
1425.4
1432.3
1434.7
1544.4
1544.4
1544.4
1544.4
1544.4
1544.4
1544.4
1544.4
1544.5
1544.5
1544.5
1544.5
1544.5
1544.5
1544.5
1544.5
1544.5
1544.5
1544.5
1544.5
1544.5
1544.5
1544.5
1544.5
1544.5
1544.5
1544.5
1544.5
1544.5
1544.5
1544.5
1544.5
1544.5
1544.5
1544.5
1544.5
1544.5
1544.5
1544.5
1544.5
1544.5
1544.5
1544.5
1544.5
1544.5
1544.5
1544.5
1544.6
1544.6
1544.6
1544.6
1544.6
1544.6
1544.6
1544.6
1544.6
1544.6
1544.6
1544.6
1544.6
1544.6
1544.6
1544.6
1544.6
1544.6
1544.6
1544.6
1544.6
1544.6
1544.6
1544.6
1544.6
1544.6
1544.7
1544.7
1544.7
1544.7
1544.7
1544.7
1544.9
1544.9
1544.9
1545.0
1545.0
1545.0
1545.0
1545.1
1545.1
1545.1
1545.1
1545.2
1545.3
1545.3
1545.4
1545.5
1545.5
1545.6
1545.6
1545.7
1545.9
1551.5
1551.5
1551.6
1551.6
1551.6
1551.6
1551.6
1551.6
1551.6
1551.7
1551.7
1551.7
1551.7
1551.7
1551.8
1551.8
1551.8
1551.8
1551.8
1551.8
1551.8
1551.8
1551.8
1551.8
1551.8
1551.8
1551.9
1551.9
1551.9
1551.9
1551.9
1551.9
1551.9
1551.9
1552.0
1552.1
1552.1
1552.1
1552.1
1552.1
1552.1
1552.1
1552.1
1552.2
1552.2
1552.2
1552.2
1552.3
1552.3
1552.3
1552.3
1552.3
1552.3
1552.3
1552.4
1552.4
1552.4
1552.4
1552.5
1552.5
1552.5
1552.5
1552.6
1552.6
1552.6
1552.7
1552.7
1552.7
1552.7
1552.8
1552.8
1552.8
1552.9
1553.0
1553.1
1553.1
1553.1
1553.5
1553.6
1555.0
1555.0
1555.2
1555.6
1555.9
1556.2
1556.3
1557.0
1557.1
1557.3
1557.3
1557.9
1559.4
1559.7
1560.5
1560.6
1560.6
1560.7
1560.7
1560.7
1560.8
1560.8
1560.8
1560.9
1560.9
1560.9
1560.9
1560.9
1560.9
1560.9
1560.9
1561.0
1561.0
1561.0
1561.0
1561.0
1561.0
1561.0
1561.1
1561.1
1561.1
1561.1
1561.2
1561.2
1561.3
1561.3
1561.3
1561.3
1561.3
1561.4
1561.5
1561.7
1561.7
1561.7
1561.8
1562.1
1562.2
1562.2
1562.4
1562.5
1562.6
1562.8
1563.0
1563.3
1563.5
1563.5
1563.7
1563.9
1564.3
1564.5
1564.6
1564.7
1564.9
1565.2
1565.9
1566.7
1566.9
1566.9
1567.2
1567.3
1567.7
1568.3
1568.4
1568.4
1568.5
1568.7
1568.9
1569.2
1569.3
1569.6
1569.7
1569.8
1569.9
1570.1
1570.3
1570.5
1570.6
1570.6
1571.1
1571.1
1571.2
1571.3
1571.7
1572.0
1572.1
1572.1
1572.2
1572.2
1572.2
1572.4
1572.7
1572.8
1572.9
1573.3
1573.6
1574.5
1575.1
1576.2
1577.1
1578.6
1578.8
1578.9
1580.4
1584.4
1586.7
1588.5
1712.7
1712.7
1712.7
1712.7
1712.7
1712.7
1712.7
1712.7
1712.8
1712.8
1712.8
1712.8
1712.8
1712.8
1712.8
1712.8
1712.8
1712.8
1712.8
1712.8
1712.8
1712.8
1712.8
1712.8
1712.8
1712.8
1712.8
1712.8
1712.8
1712.8
1712.8
1712.8
1712.8
1712.8
1712.8
1712.8
1712.8
1712.8
1712.8
1712.8
1712.8
1712.8
1712.8
1712.8
1712.8
1712.8
1712.8
1712.9
1712.9
1712.9
1712.9
1712.9
1712.9
1712.9
1712.9
1712.9
1712.9
1712.9
1712.9
1712.9
1712.9
1712.9
1712.9
1712.9
1712.9
1712.9
1712.9
1712.9
1712.9
1712.9
1712.9
1712.9
1712.9
1713.0
1713.0
1713.0
1713.0
1713.0
1713.0
1713.2
1713.2
1713.2
1713.3
1713.3
1713.3
1713.3
1713.4
1713.4
1713.4
1713.4
1713.5
1713.6
1713.6
1713.7
1713.8
1713.8
1713.9
1713.9
1714.0
1714.2
1719.8
1719.8
1719.9
1719.9
1719.9
1719.9
1719.9
1719.9
1719.9
1720.0
1720.0
1720.0
1720.0
1720.0
1720.1
1720.1
1720.1
1720.1
1720.1
1720.1
1720.1
1720.1
1720.1
1720.1
1720.1
1720.1
1720.2
1720.2
1720.2
1720.2
1720.2
1720.2
1720.2
1720.2
1720.3
1720.4
1720.4
1720.4
1720.4
1720.4
1720.4
1720.4
1720.4
1720.5
1720.5
1720.5
1720.5
1720.6
1720.6
1720.6
1720.6
1720.6
1720.6
1720.6
1720.7
1720.7
1720.7
1720.7
1720.8
1720.8
1720.8
1720.8
1720.9
1720.9
1720.9
1721.0
1721.0
1721.0
1721.0
1721.1
1721.1
1721.1
1721.2
1721.3
1721.4
1721.4
1721.4
1721.8
1721.9
1723.3
1723.3
1723.5
1723.9
1724.2
1724.5
1724.6
1725.3
1725.4
1725.6
1725.7
1726.2
1728.8
1728.9
1729.4
1732.5
1732.7
1732.9
1733.0
1733.1
1733.2
1733.3
1733.4
1733.5
1733.5
1733.6
1733.6
1733.6
1733.6
1733.7
1733.7
1733.8
1733.8
1733.9
1733.9
1734.0
1734.0
1734.1
1734.2
1734.2
1734.3
1734.4
1734.4
1734.4
1734.6
1734.6
1734.7
1734.8
1734.8
1734.8
1734.9
1735.1
1735.1
1735.1
1735.3
1735.5
1735.6
1735.6
1735.7
1735.8
1736.0
1736.1
1736.3
1736.7
1737.4
1737.4
1737.6
1737.6
1737.7
1737.8
1737.9
1737.9
1738.2
1738.7
1738.8
1739.2
1740.2
1740.3
1740.4
1741.6
1741.7
1742.0
1742.2
1742.7
1743.2
1743.7
1744.1
1744.8
1745.1
1745.5
1745.7
1745.7
1746.0
1746.1
1746.3
1746.5
1746.5
1747.1
1747.2
1747.5
1747.6
1747.6
1748.2
1748.4
1748.5
1748.9
1749.7
1750.5
1750.7
1750.7
1751.3
1751.9
1752.7
1752.9
1752.9
1752.9
1753.1
1753.1
1753.9
1756.3
1757.1
1758.3
1760.5
1762.6
1766.8
1772.4
1779.6
1786.1
1880.7
1880.7
1880.7
1880.7
1880.7
1880.7
1880.7
1880.7
1880.8
1880.8
1880.8
1880.8
1880.8
1880.8
1880.8
1880.8
1880.8
1880.8
1880.8
1880.8
1880.8
1880.8
1880.8
1880.8
1880.8
1880.8
1880.8
1880.8
1880.8
1880.8
1880.8
1880.8
1880.8
1880.8
1880.8
1880.8
1880.8
1880.8
1880.8
1880.8
1880.8
1880.8
1880.8
1880.8
1880.8
1880.8
1880.8
1880.9
1880.9
1880.9
1880.9
1880.9
1880.9
1880.9
1880.9
1880.9
1880.9
1880.9
1880.9
1880.9
1880.9
1880.9
1880.9
1880.9
1880.9
1880.9
1880.9
1880.9
1880.9
1880.9
1880.9
1880.9
1880.9
1881.0
1881.0
1881.0
1881.0
1881.0
1881.0
1881.2
1881.2
1881.2
1881.3
1881.3
1881.3
1881.3
1881.4
1881.4
1881.4
1881.4
1881.5
1881.6
1881.6
1881.7
1881.8
1881.8
1881.9
1881.9
1882.0
1882.2
1887.8
1887.8
1887.9
1887.9
1887.9
1887.9
1887.9
1887.9
1887.9
1888.0
1888.0
1888.0
1888.0
1888.0
1888.1
1888.1
1888.1
1888.1
1888.1
1888.1
1888.1
1888.1
1888.1
1888.1
1888.1
1888.1
1888.2
1888.2
1888.2
1888.2
1888.2
1888.2
1888.2
1888.2
1888.3
1888.4
1888.4
1888.4
1888.4
1888.4
1888.4
1888.4
1888.4
1888.5
1888.5
1888.5
1888.5
1888.6
1888.6
1888.6
1888.6
1888.6
1888.6
1888.6
1888.7
1888.7
1888.7
1888.7
1888.8
1888.8
1888.8
1888.8
1888.9
1888.9
1888.9
1889.0
1889.0
1889.0
1889.0
1889.1
1889.1
1889.1
1889.2
1889.3
1889.4
1889.4
1889.4
1889.8
1889.9
1891.3
1891.3
1891.5
1891.9
1892.2
1892.5
1892.6
1893.3
1893.4
1893.6
1893.6
1894.2
1895.7
1895.9
1896.6
1896.7
1896.7
1896.7
1896.8
1896.8
1896.9
1896.9
1897.0
1897.0
1897.0
1897.0
1897.0
1897.0
1897.0
1897.0
1897.1
1897.1
1897.1
1897.1
1897.1
1897.1
1897.1
1897.2
1897.2
1897.2
1897.2
1897.2
1897.3
1897.3
1897.3
1897.3
1897.4
1897.4
1897.4
1897.4
1897.6
1897.7
1897.7
1897.8
1897.8
1898.1
1898.3
1898.3
1898.4
1898.4
1898.5
1898.7
1898.9
1899.3
1899.3
1899.4
1899.8
1899.9
1900.1
1900.3
1900.5
1900.8
1900.8
1901.0
1901.8
1902.5
1902.6
1903.0
1903.3
1903.6
1903.9
1904.2
1904.3
1904.6
1904.7
1904.8
1905.0
1905.5
1905.5
1905.8
1905.9
1906.0
1906.0
1906.2
1906.5
1906.7
1906.8
1906.9
1907.4
1907.6
1907.6
1907.7
1908.0
1908.3
1908.4
1908.5
1908.5
1908.5
1908.5
1908.7
1908.9
1908.9
1909.0
1909.6
1910.1
1910.9
1911.6
1912.3
1912.9
1915.5
1915.5
1917.1
1919.7
1921.2
1921.6
1923.5
2049.0
2049.0
2049.0
2049.0
2049.0
2049.0
2049.0
2049.0
2049.1
2049.1
2049.1
2049.1
2049.1
2049.1
2049.1
2049.1
2049.1
2049.1
2049.1
2049.1
2049.1
2049.1
2049.1
2049.1
2049.1
2049.1
2049.1
2049.1
2049.1
2049.1
2049.1
2049.1
2049.1
2049.1
2049.1
2049.1
2049.1
2049.1
2049.1
2049.1
2049.1
2049.1
2049.1
2049.1
2049.1
2049.1
2049.1
2049.2
2049.2
2049.2
2049.2
2049.2
2049.2
2049.2
2049.2
2049.2
2049.2
2049.2
2049.2
2049.2
2049.2
2049.2
2049.2
2049.2
2049.2
2049.2
2049.2
2049.2
2049.2
2049.2
2049.2
2049.2
2049.2
2049.3
2049.3
2049.3
2049.3
2049.3
2049.3
2049.5
2049.5
2049.5
2049.6
2049.6
2049.6
2049.6
2049.7
2049.7
2049.7
2049.7
2049.8
2049.9
2049.9
2050.0
2050.1
2050.1
2050.2
2050.2
2050.3
2050.5
2056.1
2056.1
2056.2
2056.2
2056.2
2056.2
2056.2
2056.2
2056.2
2056.3
2056.3
2056.3
2056.3
2056.3
2056.4
2056.4
2056.4
2056.4
2056.4
2056.4
2056.4
2056.4
2056.4
2056.4
2056.4
2056.4
2056.5
2056.5
2056.5
2056.5
2056.5
2056.5
2056.5
2056.5
2056.6
2056.7
2056.7
2056.7
2056.7
2056.7
2056.7
2056.7
2056.7
2056.8
2056.8
2056.8
2056.8
2056.9
2056.9
2056.9
2056.9
2056.9
2056.9
2056.9
2057.0
2057.0
2057.0
2057.0
2057.1
2057.1
2057.1
2057.1
2057.2
2057.2
2057.2
2057.3
2057.3
2057.3
2057.3
2057.4
2057.4
2057.4
2057.5
2057.6
2057.7
2057.7
2057.7
2058.1
2058.2
2059.6
2059.6
2059.8
2060.2
2060.5
2060.8
2060.9
2061.6
2061.7
2061.9
2062.0
2062.5
2065.1
2065.2
2065.7
2068.8
2069.0
2069.2
2069.3
2069.4
2069.5
2069.5
2069.7
2069.7
2069.7
2069.8
2069.8
2069.9
2069.9
2070.0
2070.0
2070.0
2070.1
2070.1
2070.2
2070.2
2070.3
2070.4
2070.4
2070.5
2070.6
2070.6
2070.6
2070.7
2070.8
2070.8
2071.0
2071.1
2071.1
2071.1
2071.2
2071.3
2071.4
2071.4
2071.6
2071.8
2071.8
2071.9
2071.9
2072.1
2072.2
2072.3
2072.5
2072.9
2073.6
2073.7
2073.9
2073.9
2073.9
2074.0
2074.2
2074.2
2074.5
2075.0
2075.0
2075.5
2076.5
2076.7
2076.7
2077.8
2077.9
2077.9
2078.5
2079.0
2079.5
2080.1
2080.5
2081.2
2081.7
2081.8
2082.3
2082.6
2082.7
2082.9
2082.9
2083.0
2083.4
2084.0
2084.1
2084.2
2084.3
2084.4
2085.3
2085.4
2085.5
2086.4
2087.7
2088.0
2088.4
2089.2
2089.9
2090.4
2090.5
2090.8
2090.8
2091.5
2091.8
2092.9
2093.3
2094.9
2095.2
2098.9
2102.6
2106.3
2109.1
2110.5
2136.2
2217.2
2217.2
2217.2
2217.2
2217.2
2217.2
2217.2
2217.2
2217.3
2217.3
2217.3
2217.3
2217.3
2217.3
2217.3
2217.3
2217.3
2217.3
2217.3
2217.3
2217.3
2217.3
2217.3
2217.3
2217.3
2217.3
2217.3
2217.3
2217.3
2217.3
2217.3
2217.3
2217.3
2217.3
2217.3
2217.3
2217.3
2217.3
2217.3
2217.3
2217.3
2217.3
2217.3
2217.3
2217.3
2217.3
2217.3
2217.4
2217.4
2217.4
2217.4
2217.4
2217.4
2217.4
2217.4
2217.4
2217.4
2217.4
2217.4
2217.4
2217.4
2217.4
2217.4
2217.4
2217.4
2217.4
2217.4
2217.4
2217.4
2217.4
2217.4
2217.4
2217.4
2217.5
2217.5
2217.5
2217.5
2217.5
2217.5
2217.7
2217.7
2217.7
2217.8
2217.8
2217.8
2217.8
2217.9
2217.9
2217.9
2217.9
2218.0
2218.1
2218.1
2218.2
2218.3
2218.3
2218.4
2218.4
2218.5
2218.7
2224.3
2224.3
2224.4
2224.4
2224.4
2224.4
2224.4
2224.4
2224.4
2224.5
2224.5
2224.5
2224.5
2224.5
2224.6
2224.6
2224.6
2224.6
2224.6
2224.6
2224.6
2224.6
2224.6
2224.6
2224.6
2224.6
2224.7
2224.7
2224.7
2224.7
2224.7
2224.7
2224.7
2224.7
2224.8
2224.9
2224.9
2224.9
2224.9
2224.9
2224.9
2224.9
2224.9
2225.0
2225.0
2225.0
2225.0
2225.1
2225.1
2225.1
2225.1
2225.1
2225.1
2225.1
2225.2
2225.2
2225.2
2225.2
2225.3
2225.3
2225.3
2225.3
2225.4
2225.4
2225.4
2225.5
2225.5
2225.5
2225.5
2225.6
2225.6
2225.6
2225.7
2225.8
2225.9
2225.9
2225.9
2226.3
2226.4
2227.8
2227.8
2228.0
2228.4
2228.7
2229.0
2229.1
2229.8
2229.9
2230.1
2230.1
2230.7
2232.2
2232.4
2233.1
2233.2
2233.2
2233.2
2233.3
2233.3
2233.4
2233.4
2233.5
2233.5
2233.5
2233.5
2233.5
2233.5
2233.5
2233.5
2233.6
2233.6
2233.6
2233.6
2233.6
2233.6
2233.6
2233.7
2233.7
2233.7
2233.7
2233.7
2233.8
2233.8
2233.8
2233.9
2233.9
2233.9
2233.9
2233.9
2234.1
2234.2
2234.2
2234.3
2234.3
2234.6
2234.8
2234.8
2234.9
2234.9
2235.0
2235.2
2235.4
2235.8
2235.8
2235.9
2236.3
2236.4
2236.6
2236.9
2237.0
2237.3
2237.4
2237.5
2238.3
2239.0
2239.1
2239.5
2239.8
2240.1
2240.4
2240.7
2240.8
2241.1
2241.2
2241.3
2241.5
2242.0
2242.0
2242.3
2242.5
2242.5
2242.5
2242.8
2243.0
2243.2
2243.3
2243.4
2243.9
2244.1
2244.1
2244.2
2244.5
2244.8
2245.0
2245.0
2245.0
2245.1
2245.1
2245.2
2245.2
2245.5
2245.6
2246.2
2246.6
2247.5
2248.1
2248.8
2249.5
2252.1
2252.4
2253.1
2256.0
2257.7
2258.5
2263.9
2385.3
2385.3
2385.3
2385.3
2385.3
2385.3
2385.3
2385.3
2385.4
2385.4
2385.4
2385.4
2385.4
2385.4
2385.4
2385.4
2385.4
2385.4
2385.4
2385.4
2385.4
2385.4
2385.4
2385.4
2385.4
2385.4
2385.4
2385.4
2385.4
2385.4
2385.4
2385.4
2385.4
2385.4
2385.4
2385.4
2385.4
2385.4
2385.4
2385.4
2385.4
2385.4
2385.4
2385.4
2385.4
2385.4
2385.4
2385.5
2385.5
2385.5
2385.5
2385.5
2385.5
2385.5
2385.5
2385.5
2385.5
2385.5
2385.5
2385.5
2385.5
2385.5
2385.5
2385.5
2385.5
2385.5
2385.5
2385.5
2385.5
2385.5
2385.5
2385.5
2385.5
2385.6
2385.6
2385.6
2385.6
2385.6
2385.6
2385.8
2385.8
2385.8
2385.9
2385.9
2385.9
2385.9
2386.0
2386.0
2386.0
2386.0
2386.1
2386.2
2386.2
2386.3
2386.4
2386.4
2386.5
2386.5
2386.6
2386.8
2392.4
2392.4
2392.5
2392.5
2392.5
2392.5
2392.5
2392.5
2392.5
2392.6
2392.6
2392.6
2392.6
2392.6
2392.7
2392.7
2392.7
2392.7
2392.7
2392.7
2392.7
2392.7
2392.7
2392.7
2392.7
2392.7
2392.8
2392.8
2392.8
2392.8
2392.8
2392.8
2392.8
2392.8
2392.9
2393.0
2393.0
2393.0
2393.0
2393.0
2393.0
2393.0
2393.0
2393.1
2393.1
2393.1
2393.1
2393.2
2393.2
2393.2
2393.2
2393.2
2393.2
2393.2
2393.3
2393.3
2393.3
2393.3
2393.4
2393.4
2393.4
2393.4
2393.5
2393.5
2393.5
2393.6
2393.6
2393.6
2393.6
2393.7
2393.7
2393.7
2393.8
2393.9
2394.0
2394.0
2394.0
2394.4
2394.5
2395.9
2395.9
2396.1
2396.5
2396.8
2397.1
2397.2
2397.9
2398.0
2398.2
2398.3
2398.8
2401.4
2401.5
2402.0
2405.1
2405.3
2405.5
2405.6
2405.7
2405.8
2405.8
2406.0
2406.0
2406.1
2406.1
2406.1
2406.2
2406.2
2406.3
2406.3
2406.3
2406.4
2406.4
2406.5
2406.5
2406.6
2406.7
2406.7
2406.8
2406.9
2406.9
2406.9
2406.9
2407.1
2407.1
2407.3
2407.4
2407.4
2407.4
2407.5
2407.6
2407.7
2407.7
2407.9
2408.1
2408.1
2408.2
2408.2
2408.4
2408.5
2408.6
2408.8
2409.2
2409.9
2410.0
2410.2
2410.2
2410.2
2410.3
2410.5
2410.5
2410.8
2411.3
2411.3
2411.8
2412.8
2412.9
2413.0
2414.0
2414.2
2414.9
2415.0
2415.3
2415.5
2416.5
2416.6
2417.5
2418.1
2418.2
2418.8
2418.9
2419.1
2419.2
2419.3
2419.7
2419.9
2420.0
2420.4
2420.8
2420.8
2421.1
2421.9
2422.0
2422.2
2423.9
2425.1
2425.2
2425.6
2426.3
2426.4
2427.1
2427.3
2427.7
2427.8
2428.6
2429.1
2430.0
2430.2
2433.7
2434.4
2438.7
2443.8
2446.9
2451.3
2553.6
2553.6
2553.6
2553.6
2553.6
2553.6
2553.6
2553.6
2553.7
2553.7
2553.7
2553.7
2553.7
2553.7
2553.7
2553.7
2553.7
2553.7
2553.7
2553.7
2553.7
2553.7
2553.7
2553.7
2553.7
2553.7
2553.7
2553.7
2553.7
2553.7
2553.7
2553.7
2553.7
2553.7
2553.7
2553.7
2553.7
2553.7
2553.7
2553.7
2553.7
2553.7
2553.7
2553.7
2553.7
2553.7
2553.7
2553.8
2553.8
2553.8
2553.8
2553.8
2553.8
2553.8
2553.8
2553.8
2553.8
2553.8
2553.8
2553.8
2553.8
2553.8
2553.8
2553.8
2553.8
2553.8
2553.8
2553.8
2553.8
2553.8
2553.8
2553.8
2553.8
2553.9
2553.9
2553.9
2553.9
2553.9
2553.9
2554.1
2554.1
2554.1
2554.2
2554.2
2554.2
2554.2
2554.3
2554.3
2554.3
2554.3
2554.4
2554.5
2554.5
2554.6
2554.7
2554.7
2554.8
2554.8
2554.9
2555.1
2560.7
2560.7
2560.8
2560.8
2560.8
2560.8
2560.8
2560.8
2560.8
2560.9
2560.9
2560.9
2560.9
2560.9
2561.0
2561.0
2561.0
2561.0
2561.0
2561.0
2561.0
2561.0
2561.0
2561.0
2561.0
2561.0
2561.1
2561.1
2561.1
2561.1
2561.1
2561.1
2561.1
2561.1
2561.2
2561.3
2561.3
2561.3
2561.3
2561.3
2561.3
2561.3
2561.3
2561.4
2561.4
2561.4
2561.4
2561.5
2561.5
2561.5
2561.5
2561.5
2561.5
2561.5
2561.6
2561.6
2561.6
2561.6
2561.7
2561.7
2561.7
2561.7
2561.8
2561.8
2561.8
2561.9
2561.9
2561.9
2561.9
2562.0
2562.0
2562.0
2562.1
2562.2
2562.3
2562.3
2562.3
2562.7
2562.8
2564.2
2564.2
2564.4
2564.8
2565.1
2565.4
2565.5
2566.2
2566.3
2566.5
2566.5
2567.1
2568.6
2568.8
2569.6
2569.6
2569.6
2569.6
2569.7
2569.7
2569.8
2569.8
2569.9
2569.9
2569.9
2569.9
2569.9
2569.9
2569.9
2569.9
2570.0
2570.0
2570.0
2570.0
2570.0
2570.0
2570.0
2570.1
2570.1
2570.1
2570.1
2570.1
2570.2
2570.2
2570.3
2570.3
2570.3
2570.3
2570.3
2570.4
2570.5
2570.6
2570.6
2570.6
2570.7
2571.0
2571.2
2571.2
2571.3
2571.4
2571.4
2571.6
2571.8
2572.2
2572.3
2572.3
2572.7
2572.8
2573.0
2573.3
2573.4
2573.7
2573.8
2573.9
2574.7
2575.5
2575.5
2576.0
2576.2
2576.5
2576.8
2577.1
2577.1
2577.6
2577.6
2577.7
2577.9
2578.4
2578.4
2578.7
2578.9
2578.9
2579.0
2579.2
2579.4
2579.7
2579.7
2579.9
2580.3
2580.5
2580.6
2580.6
2580.9
2581.2
2581.4
2581.4
2581.4
2581.5
2581.5
2581.6
2581.8
2581.9
2582.0
2582.3
2583.0
2583.9
2584.5
2585.2
2585.9
2588.5
2589.2
2589.5
2592.3
2594.1
2594.9
2600.3
2721.7
2721.7
2721.7
2721.7
2721.7
2721.7
2721.7
2721.7
2721.8
2721.8
2721.8
2721.8
2721.8
2721.8
2721.8
2721.8
2721.8
2721.8
2721.8
2721.8
2721.8
2721.8
2721.8
2721.8
2721.8
2721.8
2721.8
2721.8
2721.8
2721.8
2721.8
2721.8
2721.8
2721.8
2721.8
2721.8
2721.8
2721.8
2721.8
2721.8
2721.8
2721.8
2721.8
2721.8
2721.8
2721.8
2721.8
2721.9
2721.9
2721.9
2721.9
2721.9
2721.9
2721.9
2721.9
2721.9
2721.9
2721.9
2721.9
2721.9
2721.9
2721.9
2721.9
2721.9
2721.9
2721.9
2721.9
2721.9
2721.9
2721.9
2721.9
2721.9
2721.9
2722.0
2722.0
2722.0
2722.0
2722.0
2722.0
2722.2
2722.2
2722.2
2722.3
2722.3
2722.3
2722.3
2722.4
2722.4
2722.4
2722.4
2722.5
2722.6
2722.6
2722.7
2722.8
2722.8
2722.9
2722.9
2723.0
2723.2
2728.8
2728.8
2728.9
2728.9
2728.9
2728.9
2728.9
2728.9
2728.9
2729.0
2729.0
2729.0
2729.0
2729.0
2729.1
2729.1
2729.1
2729.1
2729.1
2729.1
2729.1
2729.1
2729.1
2729.1
2729.1
2729.1
2729.2
2729.2
2729.2
2729.2
2729.2
2729.2
2729.2
2729.2
2729.3
2729.4
2729.4
2729.4
2729.4
2729.4
2729.4
2729.4
2729.4
2729.5
2729.5
2729.5
2729.5
2729.6
2729.6
2729.6
2729.6
2729.6
2729.6
2729.6
2729.7
2729.7
2729.7
2729.7
2729.8
2729.8
2729.8
2729.8
2729.9
2729.9
2729.9
2730.0
2730.0
2730.0
2730.0
2730.1
2730.1
2730.1
2730.2
2730.3
2730.4
2730.4
2730.4
2730.8
2730.9
2732.3
2732.3
2732.5
2732.9
2733.2
2733.5
2733.6
2734.3
2734.4
2734.6
2734.7
2735.2
2737.8
2737.9
2738.4
2741.5
2741.7
2741.9
2742.0
2742.1
2742.2
2742.2
2742.4
2742.4
2742.5
2742.5
2742.5
2742.6
2742.6
2742.7
2742.7
2742.7
2742.8
2742.8
2742.9
2742.9
2743.0
2743.1
2743.1
2743.2
2743.3
2743.3
2743.4
2743.4
2743.5
2743.5
2743.7
2743.8
2743.8
2743.8
2743.9
2744.0
2744.1
2744.1
2744.3
2744.5
2744.5
2744.6
2744.6
2744.8
2744.9
2745.0
2745.2
2745.6
2746.3
2746.4
2746.6
2746.6
2746.6
2746.7
2746.9
2746.9
2747.2
2747.7
2747.7
2748.2
2749.2
2749.4
2749.5
2750.6
2750.7
2751.3
2751.4
2751.8
2752.2
2752.9
2753.3
2754.1
2754.6
2754.7
2755.3
2755.5
2755.5
2756.1
2756.1
2756.6
2756.7
2757.1
2757.2
2757.3
2757.5
2758.2
2758.5
2758.9
2759.4
2761.6
2762.2
2763.8
2764.2
2765.0
2765.1
2765.2
2765.8
2766.0
2766.5
2767.7
2768.1
2768.4
2769.3
2770.5
2776.5
2780.1
2819.3
2889.8
2889.8
2889.8
2889.8
2889.8
2889.8
2889.8
2889.8
2889.9
2889.9
2889.9
2889.9
2889.9
2889.9
2889.9
2889.9
2889.9
2889.9
2889.9
2889.9
2889.9
2889.9
2889.9
2889.9
2889.9
2889.9
2889.9
2889.9
2889.9
2889.9
2889.9
2889.9
2889.9
2889.9
2889.9
2889.9
2889.9
2889.9
2889.9
2889.9
2889.9
2889.9
2889.9
2889.9
2889.9
2889.9
2889.9
2890.0
2890.0
2890.0
2890.0
2890.0
2890.0
2890.0
2890.0
2890.0
2890.0
2890.0
2890.0
2890.0
2890.0
2890.0
2890.0
2890.0
2890.0
2890.0
2890.0
2890.0
2890.0
2890.0
2890.0
2890.0
2890.0
2890.1
2890.1
2890.1
2890.1
2890.1
2890.1
2890.3
2890.3
2890.3
2890.4
2890.4
2890.4
2890.4
2890.5
2890.5
2890.5
2890.5
2890.6
2890.7
2890.7
2890.8
2890.9
2890.9
2891.0
2891.0
2891.1
2891.3
2896.9
2896.9
2897.0
2897.0
2897.0
2897.0
2897.0
2897.0
2897.0
2897.1
2897.1
2897.1
2897.1
2897.1
2897.2
2897.2
2897.2
2897.2
2897.2
2897.2
2897.2
2897.2
2897.2
2897.2
2897.2
2897.2
2897.3
2897.3
2897.3
2897.3
2897.3
2897.3
2897.3
2897.3
2897.4
2897.5
2897.5
2897.5
2897.5
2897.5
2897.5
2897.5
2897.5
2897.6
2897.6
2897.6
2897.6
2897.7
2897.7
2897.7
2897.7
2897.7
2897.7
2897.7
2897.8
2897.8
2897.8
2897.8
2897.9
2897.9
2897.9
2897.9
2898.0
2898.0
2898.0
2898.1
2898.1
2898.1
2898.1
2898.2
2898.2
2898.2
2898.3
2898.4
2898.5
2898.5
2898.5
2898.9
2899.0
2900.4
2900.4
2900.6
2901.0
2901.3
2901.6
2901.7
2902.4
2902.5
2902.7
2902.7
2903.3
2904.8
2905.0
2905.7
2905.8
2905.8
2905.8
2905.9
2905.9
2906.0
2906.0
2906.1
2906.1
2906.1
2906.1
2906.1
2906.1
2906.1
2906.1
2906.2
2906.2
2906.2
2906.2
2906.2
2906.2
2906.3
2906.3
2906.3
2906.3
2906.3
2906.3
2906.4
2906.4
2906.4
2906.5
2906.5
2906.5
2906.5
2906.5
2906.7
2906.8
2906.8
2906.9
2906.9
2907.2
2907.4
2907.4
2907.5
2907.5
2907.6
2907.8
2908.0
2908.4
2908.5
2908.5
2908.9
2909.0
2909.2
2909.5
2909.6
2909.9
2910.0
2910.1
2910.9
2911.7
2911.7
2912.2
2912.4
2912.7
2913.0
2913.3
2913.3
2913.8
2913.8
2913.9
2914.1
2914.6
2914.6
2914.9
2915.1
2915.1
2915.1
2915.4
2915.6
2915.9
2915.9
2916.1
2916.5
2916.7
2916.8
2916.8
2917.1
2917.4
2917.6
2917.6
2917.6
2917.7
2917.7
2917.8
2918.0
2918.1
2918.2
2918.6
2919.2
2920.1
2920.7
2921.4
2922.1
2924.7
2925.3
2926.3
2928.4
2930.3
2931.1
2936.5
