246.7
246.7
246.7
246.7
246.7
246.7
246.7
246.7
246.7
246.7
246.7
246.7
246.7
246.7
246.7
246.7
246.7
246.7
246.7
246.7
246.8
246.8
246.8
246.8
246.8
246.8
246.8
246.8
246.8
246.8
246.8
246.8
246.8
246.8
246.8
246.8
246.8
246.9
246.9
246.9
246.9
246.9
246.9
246.9
246.9
246.9
246.9
246.9
246.9
246.9
246.9
246.9
246.9
246.9
246.9
246.9
246.9
246.9
246.9
246.9
246.9
246.9
246.9
247.0
247.0
247.0
247.0
247.0
247.0
247.0
247.0
247.0
247.0
247.1
247.1
247.1
247.1
247.1
247.2
247.4
247.4
247.4
247.5
247.6
247.6
247.6
247.7
247.7
247.7
247.7
247.8
247.9
247.9
248.0
248.1
248.2
248.2
248.3
248.3
248.7
252.7
252.8
252.8
252.8
252.8
252.9
252.9
252.9
252.9
252.9
252.9
252.9
252.9
252.9
252.9
253.0
253.0
253.0
253.0
253.0
253.0
253.0
253.0
253.0
253.0
253.0
253.0
253.0
253.0
253.0
253.0
253.1
253.1
253.1
253.2
253.2
253.2
253.2
253.2
253.3
253.3
253.3
253.3
253.3
253.3
253.3
253.3
253.3
253.3
253.4
253.4
253.4
253.4
253.4
253.4
253.4
253.4
253.4
253.5
253.5
253.5
253.5
253.5
253.6
253.6
253.6
253.6
253.7
253.8
253.8
253.8
253.8
253.9
253.9
254.0
254.0
254.1
254.4
254.4
255.1
255.1
255.3
255.4
255.6
255.6
255.7
256.0
256.0
256.0
256.1
256.4
256.9
256.9
257.0
257.4
257.5
257.5
257.5
257.5
257.5
257.5
257.5
257.6
257.6
257.6
257.6
257.6
257.6
257.6
257.6
257.6
257.6
257.6
257.7
257.7
257.7
257.7
257.7
257.7
257.7
257.7
257.7
257.7
257.7
257.8
257.8
257.8
257.8
257.8
257.8
257.9
257.9
257.9
257.9
257.9
257.9
258.0
258.0
258.0
258.0
258.0
258.0
258.0
258.1
258.1
258.1
258.2
258.2
258.2
258.3
258.3
258.3
258.3
258.3
258.3
258.4
258.4
258.4
258.4
258.5
258.5
258.6
258.6
258.6
258.6
258.6
258.6
258.9
258.9
258.9
259.0
259.0
259.1
259.1
259.1
259.2
259.3
259.5
259.6
260.5
260.6
260.7
260.8
260.9
261.0
261.2
261.4
261.7
261.9
262.0
262.1
262.1
262.2
262.2
262.2
262.2
262.2
262.3
262.3
262.3
262.4
262.4
262.4
262.4
262.5
262.5
262.5
262.5
262.5
262.6
262.6
262.6
262.6
262.7
262.7
262.7
262.7
262.7
262.7
262.7
262.8
262.8
262.8
262.8
262.8
262.8
262.8
262.8
262.9
262.9
263.0
263.0
263.0
263.1
263.1
263.1
263.1
263.1
263.2
263.2
263.2
263.2
263.3
263.3
263.3
263.3
263.4
263.6
263.6
263.6
263.7
263.7
263.7
263.7
263.8
263.9
263.9
264.2
264.4
264.4
264.4
264.4
264.4
264.5
264.5
264.5
264.5
264.7
264.8
264.9
265.1
265.1
265.1
265.5
265.6
265.6
265.8
266.1
266.7
267.1
267.1
267.2
267.3
267.6
268.1
268.1
268.7
268.9
269.1
269.1
269.1
269.1
269.1
269.2
269.3
269.4
269.4
269.4
269.5
269.6
269.6
269.6
269.6
269.8
269.8
270.0
270.0
270.0
270.1
270.1
270.1
270.2
270.2
270.2
270.2
270.2
270.2
270.3
270.3
270.4
270.4
270.4
270.5
270.5
270.5
270.5
270.6
270.6
270.6
270.7
270.7
270.8
270.8
270.9
270.9
270.9
270.9
270.9
271.0
271.1
271.2
271.2
271.4
271.4
271.5
271.6
271.6
271.8
271.9
272.1
272.3
272.4
272.5
272.7
272.8
272.9
273.1
273.3
273.4
273.4
273.7
273.7
274.2
274.7
275.0
275.5
275.8
275.9
275.9
275.9
276.2
277.0
277.4
277.4
277.6
278.6
278.7
278.7
278.7
279.4
279.9
281.1
283.3
290.6
291.6
292.7
298.0
298.5
299.9
416.5
416.5
416.5
416.5
416.5
416.5
416.5
416.5
416.5
416.5
416.5
416.5
416.6
416.6
416.6
416.6
416.6
416.6
416.6
416.6
416.6
416.6
416.6
416.6
416.6
416.6
416.6
416.6
416.6
416.6
416.6
416.6
416.6
416.6
416.6
416.6
416.6
416.6
416.6
416.6
416.6
416.6
416.6
416.6
416.6
416.6
416.6
416.6
416.6
416.6
416.6
416.6
416.6
416.6
416.6
416.6
416.6
416.6
416.6
416.6
416.7
416.7
416.7
416.7
416.7
416.7
416.7
416.7
416.8
416.8
416.8
416.8
416.9
416.9
416.9
416.9
417.0
417.0
417.0
417.1
417.1
417.2
417.2
417.2
417.3
417.3
417.3
417.4
417.4
417.5
417.5
417.6
417.6
417.7
417.8
418.0
418.0
418.0
418.0
418.1
421.4
421.4
421.4
421.4
421.4
421.5
421.5
421.5
421.5
421.5
421.5
421.5
421.5
421.5
421.5
421.5
421.5
421.5
421.5
421.5
421.5
421.5
421.5
421.5
421.6
421.6
421.6
421.6
421.6
421.6
421.6
421.6
421.6
421.6
421.6
421.6
421.6
421.6
421.6
421.6
421.6
421.6
421.6
421.6
421.6
421.6
421.6
421.6
421.6
421.6
421.6
421.6
421.6
421.6
421.6
421.7
421.7
421.7
421.7
421.7
421.7
421.7
421.7
421.7
421.8
421.8
421.8
421.8
422.0
422.0
422.1
422.1
422.3
422.3
422.3
422.4
422.4
422.5
422.6
422.9
422.9
423.2
423.2
423.3
423.3
423.4
423.6
423.7
423.9
423.9
424.1
424.4
424.6
424.7
425.2
425.5
425.6
425.6
425.7
425.7
425.8
425.8
425.8
425.8
425.8
425.8
425.8
425.9
425.9
425.9
425.9
425.9
425.9
425.9
425.9
425.9
425.9
426.0
426.0
426.0
426.0
426.0
426.0
426.0
426.0
426.0
426.0
426.1
426.1
426.1
426.1
426.1
426.2
426.2
426.2
426.2
426.2
426.2
426.2
426.2
426.2
426.3
426.3
426.3
426.3
426.3
426.3
426.4
426.4
426.4
426.4
426.4
426.4
426.4
426.4
426.4
426.5
426.5
426.6
426.6
426.6
426.6
426.7
426.9
427.0
427.0
427.0
427.1
427.1
427.1
427.2
427.3
427.3
427.3
427.5
427.6
427.7
427.7
428.2
428.7
428.7
428.8
428.9
428.9
429.1
429.3
429.5
430.0
430.2
430.3
430.5
430.6
430.6
430.7
430.7
430.7
430.7
430.8
430.9
430.9
430.9
430.9
430.9
430.9
431.0
431.0
431.0
431.0
431.1
431.1
431.1
431.2
431.2
431.2
431.2
431.2
431.3
431.3
431.3
431.3
431.4
431.4
431.5
431.5
431.5
431.6
431.6
431.6
431.6
431.6
431.7
431.7
431.7
431.7
431.8
431.8
431.8
431.9
431.9
432.0
432.0
432.0
432.0
432.2
432.2
432.3
432.3
432.3
432.4
432.4
432.4
432.4
432.5
432.6
432.8
432.9
433.1
433.2
433.3
433.4
433.6
433.6
433.7
433.7
433.7
433.9
434.1
434.2
434.5
434.6
434.6
434.8
434.9
435.0
435.2
435.6
435.7
435.9
437.1
437.7
438.2
438.4
438.5
438.7
439.0
439.1
439.4
439.4
439.6
439.9
440.2
440.2
440.3
440.3
440.6
440.6
440.6
440.8
440.9
441.0
441.2
441.4
441.5
441.6
441.6
441.6
441.7
441.7
441.8
441.8
441.8
442.3
442.6
442.7
442.7
442.7
443.0
443.0
443.2
443.4
443.4
443.6
443.7
443.7
443.7
443.8
443.9
443.9
444.2
444.9
445.0
445.1
445.4
445.5
445.5
445.8
445.9
446.2
446.4
446.7
447.0
448.0
448.1
448.5
448.8
449.0
449.3
449.9
450.0
450.4
450.7
453.9
455.1
455.4
458.0
458.2
459.1
460.3
478.3
546.0
546.0
546.0
546.0
546.0
546.0
546.0
546.0
546.0
546.0
546.0
546.0
546.0
546.0
546.0
546.0
546.0
546.0
546.0
546.0
546.0
546.0
546.0
546.0
546.0
546.0
546.0
546.0
546.0
546.0
546.0
546.0
546.0
546.0
546.1
546.1
546.1
546.1
546.1
546.1
546.1
546.1
546.1
546.1
546.1
546.1
546.1
546.1
546.1
546.1
546.1
546.1
546.1
546.1
546.1
546.1
546.1
546.1
546.1
546.1
546.1
546.1
546.2
546.2
546.2
546.2
546.2
546.2
546.2
546.2
546.2
546.2
546.2
546.2
546.2
546.3
546.3
546.3
546.4
546.5
546.5
546.5
546.5
546.6
546.7
546.7
546.7
546.7
546.7
546.7
546.8
546.9
546.9
547.0
547.1
547.2
547.2
547.2
547.2
547.5
552.6
552.6
552.7
552.7
552.7
552.7
552.7
552.7
552.7
552.7
552.8
552.8
552.8
552.8
552.8
552.8
552.8
552.8
552.8
552.9
552.9
552.9
552.9
552.9
552.9
552.9
552.9
552.9
552.9
552.9
552.9
553.0
553.0
553.0
553.1
553.1
553.1
553.1
553.1
553.2
553.2
553.2
553.2
553.2
553.2
553.3
553.3
553.3
553.3
553.3
553.3
553.4
553.4
553.4
553.4
553.4
553.4
553.4
553.5
553.5
553.5
553.5
553.5
553.6
553.6
553.6
553.7
553.8
553.9
553.9
553.9
554.0
554.1
554.1
554.2
554.3
554.3
554.7
554.8
556.0
556.1
556.2
556.4
557.0
557.1
557.3
557.7
557.8
558.0
558.1
558.7
560.6
560.6
561.2
562.8
563.7
563.9
564.2
564.2
564.6
564.6
564.6
564.7
564.7
564.7
564.7
564.7
564.7
564.7
564.7
564.7
564.7
564.7
564.7
564.7
564.7
564.7
564.7
564.7
564.7
564.7
564.7
564.7
564.7
564.7
564.7
564.7
564.7
564.7
564.7
564.7
564.7
564.7
564.7
564.7
564.7
564.7
564.7
564.7
564.7
564.8
564.8
564.8
564.8
564.8
564.8
564.8
564.8
564.8
564.8
564.8
564.8
564.8
564.8
564.8
564.8
564.8
564.8
564.8
564.8
564.8
564.8
564.8
564.8
564.8
564.8
564.8
564.9
564.9
564.9
564.9
565.0
565.2
565.5
565.5
565.6
565.7
565.7
565.7
565.7
565.9
566.0
566.1
566.2
566.5
566.5
566.7
566.8
567.2
567.3
567.5
568.3
568.6
568.9
568.9
568.9
568.9
569.0
569.0
569.0
569.0
569.0
569.0
569.0
569.0
569.0
569.0
569.1
569.1
569.1
569.1
569.1
569.1
569.1
569.1
569.1
569.1
569.2
569.2
569.2
569.2
569.3
569.3
569.3
569.3
569.3
569.3
569.3
569.3
569.3
569.3
569.4
569.4
569.4
569.4
569.5
569.5
569.5
569.5
569.5
569.5
569.6
569.6
569.6
569.6
569.6
569.6
569.6
569.7
569.7
569.8
569.8
569.9
569.9
569.9
569.9
570.0
570.3
570.3
570.3
570.4
570.5
570.5
570.6
570.7
570.8
570.8
570.9
570.9
570.9
571.3
571.4
571.6
571.6
571.8
571.9
572.0
572.1
572.1
572.2
572.3
572.4
572.5
572.9
573.2
573.4
573.4
573.9
573.9
574.0
574.0
574.0
574.0
574.1
574.2
574.2
574.2
574.2
574.2
574.2
574.2
574.3
574.3
574.3
574.4
574.4
574.5
574.5
574.5
574.6
574.6
574.6
574.6
574.6
574.6
574.6
574.7
574.7
574.7
574.9
574.9
574.9
575.0
575.0
575.0
575.0
575.0
575.0
575.1
575.1
575.1
575.1
575.1
575.1
575.2
575.3
575.3
575.3
575.4
575.6
575.6
575.6
575.6
575.7
575.8
575.8
575.8
575.9
575.9
576.1
576.3
576.3
576.5
576.7
576.7
576.8
577.0
577.0
577.2
577.2
577.3
577.3
577.6
577.6
577.7
577.8
577.9
577.9
578.2
578.5
578.6
578.7
578.7
578.8
578.8
578.8
579.1
579.3
579.7
579.7
579.7
579.7
579.9
580.0
580.0
580.0
580.0
580.0
580.0
580.1
580.1
580.1
580.1
580.2
580.2
580.2
580.2
580.3
580.3
580.3
580.3
580.3
580.4
580.4
580.5
580.5
580.5
580.6
580.6
580.6
580.6
580.6
580.7
580.7
580.7
580.8
580.8
580.9
580.9
580.9
580.9
580.9
581.0
581.0
581.0
581.1
581.1
581.2
581.3
581.4
581.4
581.5
581.5
581.6
581.6
581.6
581.7
581.8
581.9
582.0
582.0
582.0
582.0
582.3
582.5
582.6
582.7
582.8
582.8
583.1
583.2
583.4
583.8
583.8
584.0
584.2
584.3
584.3
584.8
585.3
585.5
585.8
586.3
586.3
586.7
587.1
587.3
587.4
587.6
587.9
588.0
588.1
588.5
588.6
588.6
589.2
589.3
590.7
590.8
591.2
591.8
592.3
592.7
592.8
592.9
593.2
593.2
593.4
593.5
593.6
593.8
593.9
594.0
594.1
594.1
594.2
594.4
594.5
594.7
594.8
594.9
595.2
595.4
595.5
595.5
595.7
595.8
596.0
596.3
596.3
596.3
596.3
596.8
596.8
597.3
597.8
598.0
598.3
598.3
598.4
598.7
599.2
599.5
599.9
600.0
600.4
600.4
600.4
601.2
601.3
601.9
602.0
602.2
602.3
602.7
604.4
604.8
604.9
608.6
609.8
610.7
611.3
618.0
619.7
621.4
693.1
693.1
693.1
693.1
693.1
693.1
693.1
693.1
693.1
693.1
693.1
693.1
693.1
693.1
693.1
693.1
693.1
693.1
693.1
693.1
693.1
693.1
693.1
693.1
693.1
693.1
693.1
693.1
693.1
693.1
693.1
693.1
693.1
693.1
693.2
693.2
693.2
693.2
693.2
693.2
693.2
693.2
693.2
693.2
693.2
693.2
693.2
693.2
693.2
693.2
693.2
693.2
693.2
693.2
693.2
693.2
693.2
693.2
693.2
693.2
693.2
693.2
693.2
693.2
693.2
693.2
693.2
693.3
693.3
693.3
693.3
693.3
693.3
693.3
693.3
693.3
693.3
693.4
693.4
693.6
693.6
693.6
693.6
693.7
693.7
693.7
693.7
693.8
693.8
693.8
693.8
694.0
694.0
694.0
694.1
694.2
694.2
694.2
694.3
694.5
699.8
699.8
699.9
699.9
699.9
699.9
700.0
700.0
700.0
700.0
700.0
700.0
700.0
700.0
700.1
700.1
700.1
700.1
700.1
700.1
700.1
700.1
700.1
700.1
700.1
700.1
700.1
700.1
700.1
700.2
700.2
700.2
700.2
700.2
700.3
700.3
700.3
700.3
700.3
700.4
700.4
700.4
700.4
700.4
700.4
700.4
700.4
700.4
700.4
700.5
700.5
700.5
700.5
700.5
700.5
700.5
700.5
700.6
700.6
700.6
700.6
700.7
700.7
700.7
700.8
700.8
700.8
700.9
701.0
701.0
701.0
701.1
701.1
701.1
701.2
701.2
701.3
701.5
701.5
702.1
702.1
702.2
702.3
702.4
702.4
702.5
702.7
702.7
702.8
702.8
703.0
703.3
703.4
703.4
703.9
704.1
704.2
704.4
704.4
704.8
706.0
706.1
706.1
706.2
706.2
706.2
706.2
706.2
706.2
706.2
706.2
706.2
706.2
706.2
706.2
706.2
706.3
706.3
706.3
706.3
706.3
706.3
706.3
706.3
706.3
706.3
706.3
706.3
706.4
706.4
706.4
706.5
706.5
706.5
706.5
706.5
706.5
706.5
706.6
706.6
706.6
706.6
706.6
706.6
706.6
706.7
706.7
706.7
706.8
706.8
706.8
706.8
706.8
706.9
706.9
706.9
707.0
707.0
707.0
707.0
707.1
707.1
707.1
707.2
707.2
707.3
707.3
707.4
707.4
707.6
707.6
707.7
707.7
707.7
707.8
707.8
707.8
708.0
708.2
708.4
708.7
708.7
708.8
708.8
708.8
708.9
709.0
709.0
709.0
709.0
709.1
709.4
709.8
709.8
709.8
709.8
710.0
710.0
710.0
710.0
710.0
710.0
710.1
710.1
710.1
710.1
710.1
710.1
710.2
710.2
710.2
710.2
710.2
710.3
710.3
710.3
710.3
710.3
710.3
710.3
710.3
710.3
710.4
710.4
710.4
710.4
710.4
710.4
710.4
710.4
710.4
710.4
710.5
710.5
710.5
710.5
710.5
710.5
710.6
710.6
710.6
710.7
710.7
710.7
710.8
710.8
710.8
710.9
710.9
710.9
710.9
710.9
711.0
711.0
711.0
711.1
711.1
711.1
711.1
711.1
711.2
711.4
711.4
711.4
711.4
711.9
711.9
712.1
712.2
712.2
712.4
712.4
712.4
712.5
712.7
712.8
713.1
713.2
713.7
714.1
714.2
714.3
714.4
714.4
714.5
714.7
714.8
714.9
715.0
715.0
715.0
715.1
715.2
715.2
715.3
715.3
715.3
715.3
715.3
715.4
715.4
715.4
715.4
715.4
715.5
715.6
715.6
715.6
715.6
715.6
715.6
715.7
715.8
715.8
715.8
715.8
715.8
715.9
715.9
715.9
715.9
715.9
715.9
715.9
715.9
715.9
715.9
716.0
716.0
716.0
716.0
716.0
716.1
716.1
716.2
716.2
716.3
716.4
716.4
716.4
716.5
716.5
716.5
716.6
716.6
716.7
716.8
716.9
716.9
717.0
717.0
717.0
717.0
717.1
717.2
717.2
717.3
717.3
717.7
717.9
718.0
718.3
718.3
718.3
718.3
718.5
718.6
719.0
719.0
719.3
719.3
719.4
719.4
719.8
720.4
720.6
720.6
720.9
722.1
722.1
722.3
722.8
722.9
723.0
723.2
724.0
725.2
725.5
725.8
725.9
726.0
726.1
726.2
726.3
726.3
726.4
726.4
726.4
726.6
726.8
727.0
727.0
727.2
727.3
727.3
727.3
727.3
727.4
727.6
727.6
727.9
727.9
728.2
728.2
728.5
728.5
728.8
728.9
729.4
729.4
729.5
729.7
729.7
729.9
729.9
730.0
730.0
730.1
730.2
730.2
730.3
730.4
730.6
730.8
730.9
731.1
731.2
731.2
731.4
731.4
731.7
732.0
732.0
732.1
732.2
732.7
733.1
733.5
733.7
734.0
734.0
734.0
734.1
734.1
734.4
734.4
734.4
734.5
734.6
734.6
734.6
734.6
734.6
734.7
734.7
734.7
734.8
734.8
734.8
734.8
734.9
735.0
735.0
735.0
735.1
735.1
735.1
735.1
735.1
735.1
735.1
735.1
735.1
735.1
735.1
735.1
735.1
735.1
735.2
735.2
735.2
735.2
735.2
735.2
735.2
735.2
735.2
735.2
735.2
735.2
735.2
735.2
735.3
735.3
735.3
735.3
735.3
735.3
735.3
735.3
735.3
735.3
735.3
735.3
735.3
735.3
735.4
735.4
735.4
735.4
735.5
735.5
735.5
735.5
735.5
735.5
735.5
735.5
735.6
735.6
735.7
735.7
735.7
735.8
735.8
735.8
735.8
735.8
736.1
736.3
736.3
736.4
736.5
736.7
736.7
737.3
738.1
738.7
739.1
739.5
739.7
739.9
739.9
740.4
740.5
740.7
740.9
740.9
741.0
741.2
741.2
741.3
741.3
741.4
741.4
741.4
741.4
741.4
741.4
741.4
741.4
741.5
741.5
741.5
741.5
741.5
741.5
741.5
741.5
741.5
741.6
741.6
741.6
741.6
741.6
741.6
741.6
741.7
741.7
741.7
741.7
741.7
741.7
741.7
741.7
741.7
741.8
741.8
741.8
741.8
741.8
741.8
741.8
741.8
741.9
741.9
741.9
741.9
741.9
741.9
742.0
742.0
742.0
742.1
742.1
742.1
742.1
742.2
742.2
742.2
742.2
742.3
742.3
742.3
742.4
742.5
742.6
742.6
742.7
742.9
743.0
743.1
743.1
743.1
743.2
743.2
743.2
743.3
743.4
743.5
743.5
743.6
743.7
743.8
744.0
744.1
744.1
744.1
744.3
744.3
744.5
745.1
745.2
745.2
745.9
746.1
746.2
746.2
746.2
746.3
746.3
746.4
746.4
746.5
746.5
746.5
746.5
746.5
746.6
746.6
746.6
746.6
746.6
746.6
746.8
746.8
746.8
746.8
746.8
746.8
746.9
746.9
746.9
746.9
746.9
746.9
747.0
747.0
747.0
747.0
747.1
747.1
747.1
747.1
747.1
747.2
747.2
747.2
747.2
747.2
747.3
747.3
747.3
747.3
747.4
747.5
747.5
747.6
747.6
747.6
747.6
747.7
747.7
747.8
747.8
747.8
748.1
748.3
748.3
748.5
748.5
748.7
748.7
749.1
749.2
749.7
749.8
750.2
750.3
750.8
750.9
751.0
751.1
751.2
751.4
751.5
751.6
751.8
751.9
752.0
752.2
752.4
752.5
752.6
752.6
752.8
752.8
752.8
752.8
752.8
752.8
753.0
753.0
753.0
753.1
753.1
753.1
753.2
753.2
753.2
753.3
753.3
753.3
753.3
753.4
753.4
753.4
753.4
753.4
753.5
753.5
753.5
753.5
753.5
753.6
753.6
753.7
753.7
753.7
753.7
753.8
753.8
753.9
753.9
753.9
754.0
754.0
754.1
754.1
754.1
754.1
754.1
754.2
754.2
754.2
754.2
754.3
754.3
754.3
754.4
754.4
754.5
754.6
754.6
754.6
754.7
754.7
754.7
754.8
754.8
754.8
754.9
754.9
754.9
755.0
755.2
755.4
755.4
755.5
755.5
756.0
756.1
756.2
756.3
756.4
756.7
756.8
757.1
758.4
758.9
759.5
760.1
760.8
761.3
761.6
761.8
762.0
762.0
762.3
762.3
762.4
762.6
762.7
763.0
763.4
763.5
763.6
763.7
763.8
763.8
763.8
763.9
763.9
763.9
763.9
764.2
764.3
764.4
764.6
764.7
764.7
765.2
765.3
765.3
765.3
765.4
765.6
766.0
766.1
766.2
766.3
766.6
767.0
767.0
767.1
767.5
768.2
768.5
768.6
769.1
769.2
769.4
769.7
769.9
769.9
769.9
770.1
770.2
770.4
770.4
770.6
771.2
772.1
772.2
772.5
773.2
773.2
774.8
775.5
775.6
775.6
776.9
777.5
778.1
779.0
779.1
782.1
863.5
863.5
863.5
863.5
863.5
863.6
863.6
863.6
863.6
863.6
863.6
863.6
863.6
863.6
863.6
863.6
863.6
863.6
863.6
863.6
863.6
863.6
863.6
863.6
863.6
863.7
863.7
863.7
863.7
863.7
863.7
863.7
863.7
863.7
863.7
863.7
863.7
863.7
863.7
863.7
863.7
863.7
863.7
863.7
863.7
863.7
863.7
863.7
863.7
863.7
863.7
863.7
863.7
863.7
863.7
863.7
863.7
863.7
863.7
863.7
863.7
863.7
863.7
863.8
863.8
863.8
863.8
863.9
863.9
863.9
863.9
863.9
864.0
864.0
864.0
864.2
864.3
864.3
864.3
864.3
864.4
864.4
864.4
864.5
864.5
864.6
864.8
865.1
865.1
865.2
865.4
865.5
865.7
865.8
865.9
866.1
866.3
866.4
866.4
866.5
868.1
868.1
868.1
868.1
868.1
868.1
868.1
868.1
868.1
868.1
868.1
868.1
868.1
868.1
868.1
868.1
868.1
868.1
868.1
868.1
868.1
868.1
868.1
868.1
868.1
868.1
868.1
868.1
868.1
868.1
868.1
868.1
868.1
868.1
868.1
868.1
868.1
868.1
868.1
868.1
868.1
868.1
868.1
868.1
868.1
868.1
868.1
868.1
868.1
868.1
868.1
868.1
868.1
868.1
868.1
868.1
868.1
868.1
868.2
868.2
868.2
868.2
868.2
868.2
868.2
868.2
868.2
868.2
868.2
868.2
868.3
868.3
868.3
868.6
868.6
868.6
868.6
868.6
868.7
868.7
868.7
868.8
868.8
868.8
868.9
868.9
869.3
869.4
869.4
869.6
869.8
870.1
870.5
870.7
870.8
871.2
871.6
871.8
871.8
871.9
872.3
872.3
872.3
872.3
872.3
872.4
872.4
872.4
872.4
872.4
872.4
872.4
872.4
872.4
872.4
872.4
872.4
872.4
872.4
872.4
872.4
872.4
872.4
872.4
872.4
872.4
872.4
872.4
872.4
872.4
872.4
872.4
872.4
872.4
872.4
872.4
872.4
872.4
872.4
872.4
872.4
872.4
872.4
872.4
872.5
872.5
872.5
872.5
872.5
872.5
872.5
872.5
872.5
872.5
872.5
872.5
872.5
872.5
872.6
872.6
872.6
872.6
872.6
872.6
872.7
872.7
872.7
872.7
872.7
872.7
872.7
872.8
872.9
873.0
873.1
873.2
873.2
873.3
873.4
873.4
873.4
873.4
873.5
873.5
873.7
873.8
874.0
874.1
874.5
874.6
874.7
874.9
875.7
875.8
876.1
876.4
876.4
876.4
876.4
876.4
876.4
876.5
876.5
876.5
876.5
876.5
876.5
876.5
876.5
876.6
876.6
876.6
876.6
876.6
876.6
876.6
876.6
876.6
876.6
876.6
876.6
876.7
876.7
876.7
876.7
876.7
876.7
876.7
876.7
876.7
876.7
876.7
876.7
876.7
876.8
876.8
876.8
876.8
876.8
876.8
876.8
876.8
876.9
876.9
876.9
876.9
876.9
876.9
876.9
876.9
877.0
877.0
877.0
877.0
877.0
877.0
877.0
877.1
877.2
877.3
877.3
877.3
877.3
877.3
877.4
877.5
877.5
877.6
877.8
877.8
877.8
877.9
877.9
877.9
878.1
878.3
878.3
878.5
878.7
878.7
878.8
878.8
878.9
879.1
879.1
879.7
880.1
880.5
880.8
881.3
881.6
881.9
882.2
882.4
882.4
882.4
882.6
882.6
882.6
882.7
882.7
882.7
882.7
882.7
882.7
882.9
882.9
882.9
883.0
883.0
883.1
883.1
883.1
883.1
883.2
883.2
883.2
883.2
883.2
883.3
883.3
883.4
883.4
883.4
883.5
883.5
883.5
883.5
883.5
883.5
883.5
883.5
883.6
883.6
883.6
883.7
883.7
883.8
883.8
883.8
883.9
883.9
883.9
883.9
884.0
884.0
884.1
884.1
884.3
884.3
884.4
884.4
884.4
884.5
884.5
884.5
884.5
884.8
884.9
885.2
885.3
885.4
885.5
885.8
885.8
886.0
886.5
886.7
886.8
887.1
887.1
887.2
887.5
887.8
888.2
888.3
888.7
888.8
889.0
889.0
890.0
890.9
891.8
893.4
893.9
894.5
897.3
897.6
903.4
904.9
907.7
908.0
908.1
908.2
908.2
908.3
908.3
908.3
908.3
908.3
908.3
908.3
908.3
908.4
908.4
908.4
908.4
908.4
908.4
908.4
908.4
908.4
908.4
908.4
908.4
908.5
908.5
908.5
908.5
908.5
908.5
908.5
908.5
908.5
908.6
908.6
908.6
908.6
908.6
908.6
908.6
908.6
908.6
908.6
908.6
908.6
908.6
908.6
908.6
908.6
908.6
908.6
908.7
908.7
908.7
908.7
908.7
908.7
908.7
908.7
908.7
908.7
908.8
908.8
908.8
908.8
908.8
908.8
908.9
908.9
909.0
909.0
909.1
909.1
909.2
909.3
909.3
909.4
909.5
909.5
909.6
909.6
909.6
909.7
909.7
909.8
910.0
910.2
910.3
910.4
910.4
910.7
911.0
911.2
911.3
911.6
912.3
912.3
912.4
913.7
917.2
917.3
917.3
917.3
917.3
917.4
917.4
917.4
917.4
917.4
917.4
917.4
917.4
917.4
917.4
917.4
917.4
917.4
917.4
917.4
917.4
917.4
917.4
917.4
917.4
917.4
917.4
917.4
917.4
917.4
917.4
917.4
917.4
917.5
917.5
917.5
917.5
917.5
917.5
917.5
917.5
917.5
917.5
917.5
917.5
917.5
917.5
917.5
917.5
917.5
917.5
917.5
917.5
917.5
917.5
917.5
917.5
917.5
917.5
917.5
917.5
917.5
917.5
917.5
917.5
917.5
917.5
917.6
917.6
917.6
917.6
917.6
917.7
917.8
917.8
917.9
917.9
917.9
918.0
918.0
918.0
918.1
918.1
918.1
918.2
918.3
918.3
918.3
918.4
918.5
918.6
918.6
918.7
918.9
918.9
919.0
919.1
919.1
919.2
919.2
922.1
922.1
922.1
922.2
922.2
922.2
922.2
922.2
922.2
922.2
922.2
922.2
922.2
922.2
922.2
922.2
922.3
922.3
922.3
922.3
922.3
922.3
922.3
922.3
922.3
922.3
922.3
922.3
922.3
922.3
922.3
922.3
922.3
922.3
922.3
922.3
922.3
922.4
922.4
922.4
922.4
922.4
922.4
922.4
922.4
922.4
922.4
922.4
922.4
922.4
922.4
922.4
922.4
922.4
922.4
922.4
922.5
922.5
922.5
922.5
922.5
922.5
922.6
922.7
922.7
922.7
922.7
922.7
922.7
922.8
922.8
922.8
922.9
922.9
923.0
923.1
923.1
923.2
923.4
923.6
923.6
923.6
923.7
923.7
923.8
924.0
924.1
924.2
924.3
924.3
924.4
924.7
924.7
924.9
925.2
925.3
925.5
925.8
925.9
925.9
926.3
926.4
926.5
926.5
926.5
926.6
926.6
926.6
926.7
926.7
926.7
926.7
926.7
926.7
926.7
926.8
926.8
926.8
926.8
926.8
926.8
926.9
926.9
926.9
926.9
926.9
926.9
926.9
926.9
927.0
927.0
927.0
927.0
927.0
927.0
927.1
927.1
927.1
927.1
927.1
927.1
927.1
927.1
927.1
927.2
927.2
927.2
927.3
927.3
927.3
927.3
927.4
927.4
927.4
927.4
927.4
927.4
927.5
927.6
927.6
927.6
927.7
927.8
927.9
928.0
928.0
928.2
928.3
928.3
928.3
928.4
928.4
928.4
928.7
928.7
928.8
928.9
929.2
929.6
929.8
929.9
929.9
930.0
930.1
930.4
930.4
930.8
931.0
931.1
931.2
931.3
932.2
932.3
932.3
932.6
932.6
932.8
932.8
932.9
932.9
933.0
933.0
933.0
933.0
933.0
933.1
933.1
933.1
933.1
933.2
933.2
933.2
933.2
933.3
933.4
933.5
933.5
933.6
933.6
933.6
933.6
933.6
933.7
933.7
933.7
933.7
933.8
933.8
933.9
933.9
933.9
933.9
933.9
933.9
933.9
934.0
934.0
934.0
934.0
934.0
934.0
934.0
934.2
934.2
934.2
934.2
934.3
934.4
934.4
934.5
934.5
934.6
934.6
934.7
934.7
934.8
934.8
934.9
934.9
935.0
935.0
935.0
935.2
935.4
935.6
935.6
935.7
935.7
935.9
936.0
936.3
936.7
936.8
937.0
937.1
937.1
937.1
938.3
939.1
939.7
940.0
940.3
940.4
940.7
940.7
942.1
943.9
944.0
944.1
945.4
945.9
946.0
946.1
946.1
946.2
947.3
947.5
947.5
948.3
948.5
948.7
948.8
949.2
949.4
949.5
949.6
949.9
950.0
950.2
950.2
950.2
950.8
950.9
951.3
951.8
951.9
952.1
952.1
952.1
952.3
952.3
952.4
952.4
952.4
952.8
953.1
954.0
954.0
954.4
954.4
954.7
954.8
955.3
956.9
957.1
957.2
958.2
958.7
959.8
960.2
962.2
962.6
962.9
963.6
963.9
964.6
964.8
965.1
969.3
970.4
972.1
975.8
980.8
985.2
1039.1
1039.1
1039.1
1039.1
1039.1
1039.1
1039.1
1039.1
1039.1
1039.1
1039.1
1039.1
1039.2
1039.2
1039.2
1039.2
1039.2
1039.2
1039.2
1039.2
1039.2
1039.2
1039.2
1039.2
1039.2
1039.2
1039.3
1039.3
1039.3
1039.3
1039.3
1039.3
1039.3
1039.3
1039.3
1039.3
1039.3
1039.3
1039.3
1039.3
1039.3
1039.3
1039.3
1039.3
1039.3
1039.3
1039.3
1039.3
1039.4
1039.4
1039.4
1039.4
1039.4
1039.4
1039.4
1039.4
1039.4
1039.5
1039.5
1039.5
1039.5
1039.6
1039.6
1039.6
1039.7
1039.7
1039.7
1039.8
1039.8
1039.8
1039.8
1039.9
1039.9
1040.0
1040.1
1040.2
1040.3
1040.3
1040.3
1040.3
1040.3
1040.4
1040.4
1040.5
1040.5
1040.5
1040.7
1040.7
1040.7
1040.8
1040.9
1041.0
1041.1
1041.1
1041.2
1041.2
1041.3
1041.3
1041.3
1041.3
1043.0
1043.0
1043.0
1043.0
1043.1
1043.1
1043.1
1043.1
1043.1
1043.1
1043.1
1043.1
1043.1
1043.1
1043.1
1043.1
1043.1
1043.2
1043.2
1043.2
1043.2
1043.2
1043.2
1043.2
1043.3
1043.3
1043.3
1043.3
1043.3
1043.3
1043.3
1043.3
1043.3
1043.3
1043.3
1043.3
1043.3
1043.3
1043.3
1043.4
1043.4
1043.4
1043.4
1043.4
1043.4
1043.4
1043.4
1043.4
1043.4
1043.4
1043.4
1043.5
1043.5
1043.5
1043.5
1043.5
1043.6
1043.6
1043.6
1043.7
1043.7
1043.8
1043.9
1043.9
1043.9
1043.9
1044.0
1044.0
1044.0
1044.0
1044.1
1044.2
1044.2
1044.7
1044.8
1044.8
1044.8
1044.9
1045.0
1045.0
1045.1
1045.2
1045.2
1045.3
1045.5
1045.5
1045.7
1045.8
1046.1
1046.1
1046.2
1046.3
1046.6
1046.6
1046.9
1046.9
1046.9
1046.9
1046.9
1046.9
1046.9
1046.9
1046.9
1046.9
1046.9
1047.0
1047.0
1047.0
1047.0
1047.0
1047.0
1047.0
1047.0
1047.0
1047.1
1047.1
1047.1
1047.1
1047.1
1047.1
1047.1
1047.1
1047.1
1047.1
1047.1
1047.2
1047.2
1047.2
1047.2
1047.2
1047.2
1047.2
1047.2
1047.2
1047.2
1047.2
1047.3
1047.3
1047.3
1047.3
1047.3
1047.3
1047.3
1047.3
1047.3
1047.3
1047.3
1047.3
1047.3
1047.4
1047.4
1047.4
1047.4
1047.4
1047.5
1047.5
1047.5
1047.5
1047.7
1047.7
1047.8
1047.8
1047.9
1047.9
1048.0
1048.0
1048.0
1048.0
1048.1
1048.1
1048.2
1048.4
1048.4
1048.9
1048.9
1049.3
1049.3
1049.3
1049.4
1049.6
1049.6
1049.7
1049.7
1049.9
1050.2
1050.5
1050.6
1050.8
1051.0
1051.0
1051.1
1051.1
1051.1
1051.1
1051.1
1051.2
1051.2
1051.2
1051.2
1051.2
1051.2
1051.2
1051.3
1051.3
1051.3
1051.3
1051.3
1051.4
1051.4
1051.4
1051.4
1051.4
1051.4
1051.4
1051.4
1051.5
1051.5
1051.5
1051.6
1051.6
1051.6
1051.6
1051.6
1051.6
1051.6
1051.7
1051.7
1051.7
1051.7
1051.7
1051.7
1051.7
1051.7
1051.7
1051.7
1051.8
1051.8
1051.8
1051.8
1051.9
1051.9
1051.9
1051.9
1051.9
1052.0
1052.0
1052.1
1052.1
1052.1
1052.2
1052.4
1052.5
1052.5
1052.5
1052.6
1052.6
1052.7
1052.7
1052.8
1053.0
1053.0
1053.0
1053.0
1053.0
1053.1
1053.1
1053.2
1053.2
1053.6
1053.7
1053.8
1054.0
1054.1
1054.1
1054.2
1054.9
1055.0
1055.1
1055.2
1055.3
1055.4
1055.4
1055.6
1056.2
1056.4
1057.2
1057.3
1057.3
1057.4
1057.6
1057.6
1057.6
1057.6
1057.6
1057.7
1057.7
1057.7
1057.7
1057.8
1057.8
1058.0
1058.0
1058.1
1058.1
1058.1
1058.1
1058.2
1058.2
1058.2
1058.3
1058.3
1058.3
1058.4
1058.4
1058.5
1058.5
1058.6
1058.6
1058.6
1058.6
1058.7
1058.7
1058.7
1058.8
1058.8
1058.8
1058.9
1058.9
1058.9
1058.9
1059.0
1059.0
1059.2
1059.2
1059.2
1059.2
1059.3
1059.3
1059.5
1059.6
1059.6
1059.8
1059.8
1059.9
1060.0
1060.0
1060.1
1060.1
1060.2
1060.2
1060.3
1060.4
1060.9
1061.0
1061.2
1061.2
1061.2
1061.4
1061.5
1061.9
1062.3
1062.7
1063.4
1063.5
1063.8
1064.4
1064.5
1064.5
1065.5
1066.0
1066.6
1066.9
1067.9
1068.1
1068.6
1070.2
1070.2
1070.5
1071.7
1074.7
1075.2
1075.9
1076.8
1120.3
1205.5
1205.5
1205.5
1205.5
1205.5
1205.5
1205.5
1205.5
1205.5
1205.5
1205.5
1205.5
1205.5
1205.5
1205.5
1205.5
1205.5
1205.5
1205.5
1205.5
1205.5
1205.5
1205.5
1205.5
1205.5
1205.5
1205.5
1205.5
1205.5
1205.5
1205.5
1205.5
1205.5
1205.5
1205.5
1205.5
1205.5
1205.5
1205.5
1205.5
1205.5
1205.5
1205.5
1205.5
1205.5
1205.5
1205.5
1205.6
1205.6
1205.6
1205.6
1205.6
1205.6
1205.6
1205.6
1205.6
1205.6
1205.6
1205.6
1205.6
1205.6
1205.6
1205.6
1205.6
1205.6
1205.6
1205.6
1205.6
1205.6
1205.7
1205.7
1205.7
1205.7
1205.7
1205.7
1205.7
1205.7
1205.7
1205.8
1205.8
1205.8
1205.9
1205.9
1205.9
1205.9
1205.9
1206.0
1206.0
1206.0
1206.0
1206.1
1206.1
1206.1
1206.1
1206.2
1206.3
1206.3
1206.3
1206.3
1206.4
1209.6
1209.6
1209.6
1209.6
1209.6
1209.7
1209.7
1209.7
1209.7
1209.7
1209.7
1209.7
1209.7
1209.7
1209.7
1209.7
1209.7
1209.7
1209.7
1209.7
1209.7
1209.7
1209.7
1209.7
1209.7
1209.7
1209.7
1209.7
1209.7
1209.7
1209.7
1209.7
1209.7
1209.7
1209.7
1209.7
1209.7
1209.7
1209.7
1209.7
1209.7
1209.7
1209.7
1209.7
1209.7
1209.7
1209.7
1209.7
1209.7
1209.7
1209.7
1209.7
1209.8
1209.8
1209.8
1209.8
1209.8
1209.8
1209.8
1209.8
1209.8
1209.8
1209.8
1209.8
1209.8
1209.8
1209.9
1209.9
1209.9
1209.9
1210.0
1210.0
1210.2
1210.2
1210.3
1210.3
1210.4
1210.4
1210.5
1210.5
1210.5
1210.7
1210.7
1210.8
1210.9
1210.9
1210.9
1210.9
1211.1
1211.1
1211.2
1211.4
1211.5
1211.6
1211.8
1211.9
1211.9
1212.1
1212.1
1212.1
1213.3
1213.3
1213.3
1213.3
1213.3
1213.3
1213.3
1213.3
1213.4
1213.4
1213.4
1213.4
1213.4
1213.4
1213.4
1213.4
1213.4
1213.4
1213.4
1213.4
1213.5
1213.5
1213.5
1213.5
1213.5
1213.5
1213.5
1213.5
1213.5
1213.5
1213.5
1213.5
1213.5
1213.5
1213.5
1213.5
1213.6
1213.6
1213.6
1213.6
1213.6
1213.6
1213.6
1213.6
1213.6
1213.6
1213.6
1213.6
1213.6
1213.6
1213.7
1213.7
1213.7
1213.7
1213.7
1213.7
1213.7
1213.7
1213.7
1213.8
1213.9
1214.0
1214.0
1214.0
1214.0
1214.1
1214.1
1214.2
1214.2
1214.2
1214.2
1214.3
1214.5
1214.5
1214.6
1214.8
1214.9
1215.1
1215.3
1215.3
1215.3
1215.4
1215.5
1215.5
1215.7
1215.9
1216.1
1216.2
1216.4
1216.7
1216.9
1217.2
1217.6
1217.6
1217.8
1218.1
1218.1
1218.1
1218.2
1218.2
1218.2
1218.2
1218.3
1218.3
1218.3
1218.3
1218.3
1218.3
1218.3
1218.3
1218.4
1218.4
1218.4
1218.5
1218.5
1218.5
1218.5
1218.5
1218.5
1218.5
1218.5
1218.5
1218.6
1218.6
1218.6
1218.6
1218.7
1218.7
1218.7
1218.7
1218.7
1218.7
1218.7
1218.8
1218.8
1218.8
1218.8
1218.8
1218.8
1218.8
1218.8
1218.9
1218.9
1218.9
1218.9
1218.9
1219.0
1219.0
1219.0
1219.0
1219.0
1219.1
1219.1
1219.1
1219.2
1219.2
1219.2
1219.2
1219.2
1219.3
1219.4
1219.4
1219.6
1219.6
1219.7
1219.7
1219.7
1220.0
1220.1
1220.3
1220.4
1220.5
1220.7
1220.7
1220.8
1221.3
1221.4
1221.7
1221.9
1221.9
1222.0
1222.2
1222.2
1222.6
1222.8
1223.7
1224.4
1224.6
1225.0
1225.4
1227.0
1227.3
1227.3
1227.8
1227.8
1228.0
1228.0
1228.2
1228.5
1228.6
1228.7
1228.7
1228.8
1228.8
1228.9
1228.9
1229.0
1229.1
1229.1
1229.1
1229.2
1229.2
1229.5
1229.8
1229.8
1229.8
1229.8
1229.9
1229.9
1229.9
1230.0
1230.2
1230.3
1230.3
1230.4
1230.6
1230.6
1230.6
1230.7
1230.8
1230.8
1230.9
1231.0
1231.1
1231.1
1231.4
1231.5
1231.5
1231.6
1231.9
1231.9
1232.0
1232.1
1232.2
1232.3
1232.4
1232.7
1232.9
1233.2
1233.4
1233.4
1233.4
1233.5
1233.8
1234.2
1234.7
1236.4
1236.8
1237.2
1237.4
1237.5
1237.8
1237.9
1237.9
1238.9
1239.7
1239.7
1246.8
1252.8
1258.1
1258.7
1258.8
1258.8
1258.8
1258.8
1258.9
1258.9
1258.9
1258.9
1258.9
1258.9
1258.9
1258.9
1258.9
1258.9
1258.9
1258.9
1258.9
1258.9
1258.9
1258.9
1258.9
1258.9
1258.9
1258.9
1258.9
1258.9
1258.9
1258.9
1258.9
1258.9
1258.9
1258.9
1258.9
1258.9
1258.9
1258.9
1258.9
1258.9
1258.9
1258.9
1258.9
1258.9
1258.9
1259.0
1259.0
1259.0
1259.0
1259.0
1259.0
1259.0
1259.0
1259.0
1259.0
1259.0
1259.0
1259.0
1259.0
1259.0
1259.0
1259.0
1259.0
1259.0
1259.0
1259.0
1259.0
1259.0
1259.0
1259.0
1259.1
1259.1
1259.1
1259.1
1259.1
1259.1
1259.1
1259.1
1259.1
1259.1
1259.2
1259.2
1259.2
1259.2
1259.3
1259.3
1259.3
1259.3
1259.4
1259.4
1259.5
1259.5
1259.6
1259.7
1259.8
1259.8
1260.0
1260.0
1260.1
1260.3
1263.9
1265.6
1265.6
1265.7
1265.7
1265.7
1265.7
1265.8
1265.8
1265.8
1265.8
1265.8
1265.8
1265.8
1265.8
1265.9
1265.9
1265.9
1265.9
1265.9
1265.9
1265.9
1265.9
1265.9
1265.9
1265.9
1266.0
1266.0
1266.0
1266.0
1266.0
1266.0
1266.0
1266.0
1266.1
1266.1
1266.1
1266.1
1266.1
1266.1
1266.2
1266.2
1266.2
1266.2
1266.2
1266.2
1266.3
1266.3
1266.3
1266.3
1266.3
1266.3
1266.4
1266.4
1266.4
1266.4
1266.4
1266.4
1266.4
1266.5
1266.5
1266.5
1266.5
1266.5
1266.5
1266.5
1266.5
1266.6
1266.7
1266.8
1266.8
1266.8
1266.9
1267.0
1267.1
1267.1
1267.1
1267.2
1267.3
1268.2
1268.6
1269.0
1269.0
1269.0
1269.3
1269.3
1270.1
1270.3
1270.5
1270.7
1271.6
1271.9
1272.6
1273.0
1273.2
1274.0
1274.5
1274.6
1274.7
1274.7
1274.8
1274.8
1274.8
1274.8
1274.9
1274.9
1274.9
1274.9
1274.9
1275.0
1275.0
1275.0
1275.0
1275.1
1275.1
1275.1
1275.1
1275.1
1275.1
1275.1
1275.2
1275.2
1275.2
1275.3
1275.3
1275.3
1275.4
1275.4
1275.4
1275.5
1275.5
1275.6
1275.9
1275.9
1276.0
1276.1
1276.4
1276.5
1276.5
1276.6
1276.7
1276.8
1276.8
1276.8
1276.9
1277.4
1277.6
1277.7
1277.7
1277.8
1277.8
1278.0
1278.1
1278.6
1278.7
1279.0
1279.0
1279.4
1279.4
1279.6
1279.6
1279.8
1280.0
1280.4
1280.5
1280.5
1280.6
1280.8
1281.2
1281.4
1281.5
1281.6
1281.7
1281.7
1281.8
1281.9
1282.0
1282.1
1282.2
1282.3
1282.3
1282.3
1282.4
1282.6
1282.6
1282.7
1282.7
1282.7
1282.8
1283.0
1283.0
1283.1
1283.2
1283.2
1283.3
1283.3
1283.5
1283.5
1283.8
1283.8
1283.9
1283.9
1284.2
1284.5
1284.6
1284.7
1285.4
1285.5
1285.6
1285.6
1285.7
1285.7
1285.8
1286.5
1286.8
1286.9
1287.2
1287.2
1287.7
1287.8
1287.9
1288.6
1289.0
1289.4
1289.5
1290.2
1290.2
1291.9
1292.4
1292.4
1292.5
1293.7
1294.4
1294.5
1295.4
1296.4
1297.6
1298.6
1302.8
1305.9
1308.2
1321.6
1327.1
1374.9
1374.9
1374.9
1374.9
1374.9
1374.9
1374.9
1374.9
1374.9
1374.9
1374.9
1374.9
1374.9
1374.9
1374.9
1374.9
1374.9
1374.9
1374.9
1374.9
1374.9
1374.9
1374.9
1374.9
1375.0
1375.0
1375.0
1375.0
1375.0
1375.0
1375.0
1375.0
1375.0
1375.0
1375.0
1375.0
1375.0
1375.0
1375.0
1375.0
1375.0
1375.0
1375.0
1375.0
1375.0
1375.0
1375.0
1375.0
1375.0
1375.0
1375.0
1375.0
1375.0
1375.0
1375.0
1375.0
1375.0
1375.0
1375.0
1375.0
1375.0
1375.0
1375.0
1375.0
1375.0
1375.1
1375.1
1375.1
1375.2
1375.2
1375.2
1375.2
1375.2
1375.3
1375.3
1375.4
1375.4
1375.4
1375.4
1375.4
1375.5
1375.5
1375.5
1375.5
1375.5
1375.6
1375.7
1375.8
1375.8
1376.0
1376.0
1376.1
1376.2
1376.3
1376.3
1376.4
1376.6
1376.6
1376.7
1376.7
1379.0
1379.0
1379.0
1379.0
1379.0
1379.0
1379.0
1379.0
1379.0
1379.0
1379.0
1379.0
1379.0
1379.1
1379.1
1379.1
1379.1
1379.1
1379.1
1379.1
1379.1
1379.1
1379.1
1379.1
1379.1
1379.1
1379.1
1379.1
1379.1
1379.1
1379.1
1379.1
1379.1
1379.1
1379.1
1379.1
1379.1
1379.1
1379.1
1379.1
1379.1
1379.1
1379.1
1379.1
1379.1
1379.1
1379.1
1379.1
1379.1
1379.1
1379.1
1379.1
1379.1
1379.1
1379.1
1379.1
1379.1
1379.1
1379.1
1379.1
1379.1
1379.1
1379.1
1379.1
1379.2
1379.2
1379.2
1379.2
1379.2
1379.2
1379.2
1379.3
1379.3
1379.6
1379.6
1379.6
1379.6
1379.7
1379.7
1379.7
1379.8
1379.9
1379.9
1380.0
1380.1
1380.1
1380.3
1380.4
1380.6
1380.7
1380.8
1381.0
1381.4
1381.4
1381.8
1381.8
1382.1
1382.3
1382.3
1382.4
1382.7
1382.8
1382.8
1382.8
1382.8
1382.8
1382.8
1382.8
1382.8
1382.8
1382.8
1382.8
1382.8
1382.8
1382.8
1382.8
1382.8
1382.8
1382.8
1382.9
1382.9
1382.9
1382.9
1382.9
1382.9
1382.9
1382.9
1382.9
1382.9
1382.9
1382.9
1382.9
1382.9
1382.9
1382.9
1383.0
1383.0
1383.0
1383.0
1383.0
1383.0
1383.0
1383.0
1383.0
1383.0
1383.0
1383.1
1383.1
1383.1
1383.1
1383.1
1383.1
1383.1
1383.1
1383.1
1383.1
1383.1
1383.2
1383.2
1383.2
1383.2
1383.2
1383.2
1383.2
1383.2
1383.3
1383.3
1383.3
1383.4
1383.4
1383.5
1383.5
1383.5
1383.8
1383.8
1383.9
1384.0
1384.0
1384.0
1384.1
1384.2
1384.2
1384.2
1384.2
1384.5
1384.7
1384.8
1385.0
1385.4
1385.6
1385.7
1385.8
1386.6
1386.6
1386.8
1386.9
1386.9
1387.0
1387.0
1387.0
1387.0
1387.0
1387.1
1387.1
1387.1
1387.1
1387.1
1387.1
1387.1
1387.1
1387.1
1387.1
1387.1
1387.2
1387.2
1387.2
1387.2
1387.2
1387.2
1387.2
1387.2
1387.2
1387.2
1387.2
1387.2
1387.2
1387.2
1387.2
1387.3
1387.3
1387.3
1387.3
1387.3
1387.3
1387.4
1387.4
1387.4
1387.4
1387.4
1387.5
1387.5
1387.5
1387.5
1387.5
1387.5
1387.5
1387.6
1387.6
1387.6
1387.6
1387.6
1387.7
1387.7
1387.7
1387.7
1387.8
1387.8
1387.8
1387.8
1387.8
1387.9
1387.9
1387.9
1388.0
1388.1
1388.2
1388.2
1388.3
1388.4
1388.5
1388.5
1388.6
1388.6
1388.7
1388.7
1389.1
1389.2
1389.4
1389.4
1389.5
1389.6
1389.6
1389.6
1390.0
1390.1
1390.7
1391.1
1391.6
1391.8
1392.3
1392.8
1393.1
1393.2
1393.2
1393.2
1393.3
1393.4
1393.4
1393.4
1393.4
1393.5
1393.5
1393.6
1393.6
1393.6
1393.6
1393.6
1393.7
1393.8
1393.8
1393.9
1393.9
1393.9
1393.9
1393.9
1394.0
1394.0
1394.1
1394.1
1394.1
1394.1
1394.2
1394.3
1394.3
1394.3
1394.4
1394.4
1394.4
1394.4
1394.4
1394.5
1394.5
1394.6
1394.6
1394.6
1394.7
1394.8
1394.8
1394.9
1394.9
1394.9
1394.9
1394.9
1394.9
1395.0
1395.0
1395.1
1395.2
1395.2
1395.3
1395.3
1395.4
1395.5
1395.5
1395.8
1395.8
1395.9
1395.9
1396.2
1396.3
1396.3
1396.4
1396.4
1396.6
1396.9
1397.0
1397.7
1397.7
1397.8
1398.0
1398.1
1398.2
1398.3
1399.1
1399.5
1399.6
1400.2
1400.3
1400.4
1400.5
1401.9
1402.5
1402.5
1403.1
1404.1
1405.8
1410.7
1415.2
1423.3
1542.0
1542.0
1542.0
1542.0
1542.0
1542.0
1542.0
1542.0
1542.0
1542.0
1542.0
1542.0
1542.0
1542.0
1542.0
1542.0
1542.0
1542.0
1542.0
1542.0
1542.0
1542.0
1542.0
1542.0
1542.0
1542.0
1542.0
1542.0
1542.0
1542.0
1542.0
1542.0
1542.0
1542.0
1542.0
1542.0
1542.0
1542.0
1542.0
1542.0
1542.0
1542.1
1542.1
1542.1
1542.1
1542.1
1542.1
1542.1
1542.1
1542.1
1542.1
1542.1
1542.1
1542.1
1542.1
1542.1
1542.1
1542.1
1542.1
1542.1
1542.1
1542.1
1542.1
1542.1
1542.1
1542.1
1542.1
1542.1
1542.1
1542.1
1542.1
1542.2
1542.2
1542.2
1542.2
1542.2
1542.2
1542.2
1542.3
1542.3
1542.3
1542.4
1542.4
1542.4
1542.4
1542.4
1542.4
1542.4
1542.5
1542.5
1542.5
1542.5
1542.6
1542.6
1542.7
1542.7
1542.7
1542.8
1542.8
1542.8
1546.2
1546.2
1546.2
1546.2
1546.2
1546.2
1546.2
1546.2
1546.2
1546.2
1546.2
1546.2
1546.2
1546.2
1546.2
1546.2
1546.2
1546.2
1546.2
1546.2
1546.2
1546.2
1546.2
1546.2
1546.2
1546.2
1546.2
1546.2
1546.2
1546.2
1546.2
1546.2
1546.2
1546.2
1546.2
1546.2
1546.2
1546.3
1546.3
1546.3
1546.3
1546.3
1546.3
1546.3
1546.3
1546.3
1546.3
1546.3
1546.3
1546.3
1546.3
1546.3
1546.3
1546.3
1546.3
1546.3
1546.3
1546.3
1546.3
1546.3
1546.3
1546.3
1546.3
1546.3
1546.3
1546.4
1546.4
1546.4
1546.4
1546.4
1546.5
1546.5
1546.7
1546.7
1546.8
1546.8
1546.9
1546.9
1547.0
1547.0
1547.0
1547.2
1547.2
1547.2
1547.3
1547.3
1547.4
1547.4
1547.6
1547.6
1547.7
1547.8
1548.0
1548.0
1548.3
1548.3
1548.4
1548.5
1548.5
1548.6
1549.8
1549.8
1549.9
1549.9
1549.9
1549.9
1549.9
1549.9
1549.9
1549.9
1550.0
1550.0
1550.0
1550.0
1550.0
1550.0
1550.0
1550.0
1550.0
1550.0
1550.0
1550.0
1550.0
1550.0
1550.0
1550.0
1550.0
1550.0
1550.0
1550.0
1550.1
1550.1
1550.1
1550.1
1550.1
1550.1
1550.1
1550.1
1550.1
1550.1
1550.1
1550.1
1550.1
1550.1
1550.1
1550.2
1550.2
1550.2
1550.2
1550.2
1550.2
1550.2
1550.2
1550.2
1550.2
1550.2
1550.3
1550.3
1550.3
1550.3
1550.4
1550.5
1550.5
1550.5
1550.5
1550.6
1550.6
1550.7
1550.7
1550.7
1550.7
1550.8
1551.0
1551.1
1551.1
1551.3
1551.4
1551.6
1551.7
1551.8
1551.8
1551.9
1551.9
1552.0
1552.2
1552.4
1552.6
1552.7
1552.9
1553.1
1553.4
1553.6
1554.1
1554.1
1554.3
1554.6
1554.7
1554.7
1554.7
1554.8
1554.8
1554.8
1554.8
1554.8
1554.9
1554.9
1554.9
1554.9
1554.9
1554.9
1555.0
1555.0
1555.0
1555.1
1555.1
1555.1
1555.1
1555.1
1555.1
1555.2
1555.2
1555.2
1555.2
1555.2
1555.2
1555.2
1555.3
1555.3
1555.3
1555.3
1555.3
1555.4
1555.4
1555.4
1555.4
1555.4
1555.4
1555.4
1555.4
1555.4
1555.5
1555.5
1555.5
1555.5
1555.5
1555.6
1555.6
1555.6
1555.6
1555.7
1555.7
1555.7
1555.7
1555.8
1555.8
1555.8
1555.8
1555.9
1555.9
1555.9
1556.1
1556.1
1556.2
1556.3
1556.3
1556.3
1556.4
1556.6
1556.7
1556.9
1557.1
1557.2
1557.5
1557.5
1557.5
1557.9
1558.2
1558.6
1558.6
1558.8
1558.9
1558.9
1559.1
1559.4
1560.0
1560.9
1561.4
1561.7
1562.3
1562.6
1564.3
1564.6
1564.6
1564.9
1565.0
1565.2
1565.3
1565.5
1565.6
1565.9
1565.9
1565.9
1566.1
1566.1
1566.2
1566.2
1566.3
1566.3
1566.4
1566.4
1566.4
1566.5
1566.7
1566.8
1566.8
1566.9
1567.2
1567.3
1567.3
1567.5
1567.6
1567.6
1567.6
1567.7
1567.8
1567.9
1568.0
1568.3
1568.3
1568.3
1568.4
1568.6
1568.8
1568.8
1569.0
1569.0
1569.0
1569.0
1569.1
1569.4
1569.5
1569.6
1569.7
1569.7
1570.3
1570.3
1570.4
1571.0
1571.0
1571.3
1571.4
1571.4
1571.4
1571.5
1572.7
1574.1
1574.2
1575.1
1575.4
1576.1
1576.3
1576.8
1577.0
1577.8
1578.3
1579.4
1580.5
1593.6
1595.1
1595.3
1595.4
1595.5
1595.5
1595.5
1595.5
1595.6
1595.6
1595.6
1595.6
1595.6
1595.6
1595.6
1595.6
1595.6
1595.6
1595.6
1595.6
1595.6
1595.6
1595.6
1595.6
1595.6
1595.6
1595.6
1595.6
1595.6
1595.6
1595.6
1595.6
1595.7
1595.7
1595.7
1595.7
1595.7
1595.7
1595.7
1595.7
1595.7
1595.7
1595.7
1595.7
1595.7
1595.7
1595.7
1595.7
1595.7
1595.7
1595.7
1595.7
1595.7
1595.7
1595.7
1595.7
1595.7
1595.7
1595.7
1595.7
1595.7
1595.7
1595.7
1595.7
1595.7
1595.7
1595.7
1595.7
1595.7
1595.7
1595.7
1595.8
1595.8
1595.8
1595.8
1595.8
1595.8
1595.8
1595.9
1595.9
1595.9
1595.9
1595.9
1595.9
1596.0
1596.0
1596.0
1596.0
1596.1
1596.1
1596.2
1596.2
1596.3
1596.5
1596.5
1596.5
1596.7
1596.7
1596.8
1597.1
1598.4
1601.4
1601.6
1602.3
1602.3
1602.4
1602.4
1602.5
1602.5
1602.5
1602.5
1602.5
1602.5
1602.6
1602.6
1602.6
1602.6
1602.6
1602.6
1602.6
1602.6
1602.6
1602.6
1602.6
1602.7
1602.7
1602.7
1602.7
1602.7
1602.7
1602.7
1602.7
1602.7
1602.7
1602.7
1602.8
1602.8
1602.8
1602.8
1602.9
1602.9
1602.9
1602.9
1602.9
1603.0
1603.0
1603.0
1603.0
1603.0
1603.0
1603.1
1603.1
1603.1
1603.1
1603.1
1603.1
1603.1
1603.1
1603.1
1603.2
1603.2
1603.2
1603.2
1603.2
1603.3
1603.3
1603.3
1603.3
1603.4
1603.4
1603.5
1603.6
1603.6
1603.7
1603.8
1603.8
1603.9
1604.0
1604.0
1605.0
1605.3
1605.6
1605.6
1605.7
1606.0
1606.0
1606.0
1606.8
1606.9
1607.1
1607.4
1608.1
1608.2
1608.3
1609.6
1609.7
1610.9
1610.9
1611.3
1611.4
1611.4
1611.4
1611.5
1611.5
1611.5
1611.6
1611.6
1611.7
1611.7
1611.8
1611.8
1611.8
1611.8
1611.9
1611.9
1611.9
1612.0
1612.0
1612.0
1612.0
1612.1
1612.1
1612.1
1612.2
1612.2
1612.2
1612.2
1612.2
1612.3
1612.4
1612.5
1612.7
1612.7
1612.8
1613.0
1613.2
1613.5
1613.6
1614.0
1614.0
1614.2
1614.3
1614.4
1614.6
1614.7
1615.0
1615.1
1616.1
1616.1
1616.2
1616.3
1616.8
1616.9
1616.9
1616.9
1617.2
1617.5
1618.0
1618.9
1618.9
1619.0
1619.1
1619.2
1619.2
1619.4
1619.6
1619.9
1620.0
1620.3
1620.4
1620.6
1620.6
1620.9
1621.0
1621.4
1621.5
1621.6
1621.6
1621.6
1621.7
1621.7
1622.0
1622.1
1622.2
1622.3
1622.8
1622.9
1622.9
1623.0
1623.2
1623.5
1623.7
1623.8
1624.0
1625.1
1625.4
1625.6
1625.9
1626.7
1626.7
1627.1
1627.3
1627.3
1628.1
1629.4
1630.3
1635.9
1639.1
1661.1
1711.2
1711.2
1711.2
1711.2
1711.2
1711.2
1711.2
1711.2
1711.2
1711.2
1711.3
1711.3
1711.3
1711.3
1711.3
1711.3
1711.3
1711.3
1711.3
1711.3
1711.3
1711.3
1711.3
1711.3
1711.3
1711.3
1711.3
1711.3
1711.3
1711.3
1711.3
1711.3
1711.3
1711.3
1711.3
1711.3
1711.3
1711.3
1711.3
1711.3
1711.3
1711.3
1711.3
1711.3
1711.3
1711.3
1711.3
1711.3
1711.3
1711.3
1711.3
1711.3
1711.3
1711.3
1711.3
1711.3
1711.3
1711.3
1711.3
1711.3
1711.3
1711.3
1711.3
1711.3
1711.4
1711.4
1711.4
1711.4
1711.4
1711.5
1711.5
1711.5
1711.5
1711.6
1711.6
1711.7
1711.7
1711.7
1711.7
1711.7
1711.7
1711.7
1711.8
1711.8
1711.8
1711.8
1712.0
1712.0
1712.0
1712.2
1712.2
1712.3
1712.4
1712.5
1712.5
1712.6
1712.7
1712.8
1712.8
1712.8
1715.4
1715.4
1715.4
1715.4
1715.4
1715.4
1715.4
1715.4
1715.4
1715.4
1715.4
1715.4
1715.4
1715.4
1715.4
1715.4
1715.4
1715.4
1715.4
1715.4
1715.4
1715.4
1715.4
1715.4
1715.4
1715.4
1715.4
1715.4
1715.4
1715.4
1715.4
1715.4
1715.4
1715.4
1715.4
1715.4
1715.4
1715.4
1715.4
1715.4
1715.4
1715.4
1715.5
1715.5
1715.5
1715.5
1715.5
1715.5
1715.5
1715.5
1715.5
1715.5
1715.5
1715.5
1715.5
1715.5
1715.5
1715.5
1715.5
1715.5
1715.5
1715.5
1715.5
1715.5
1715.5
1715.5
1715.6
1715.6
1715.6
1715.6
1715.6
1715.6
1715.7
1715.9
1715.9
1715.9
1716.0
1716.0
1716.0
1716.0
1716.1
1716.2
1716.2
1716.3
1716.4
1716.4
1716.5
1716.5
1716.8
1716.8
1716.9
1717.0
1717.3
1717.4
1717.8
1717.9
1718.0
1718.2
1718.2
1718.3
1719.0
1719.0
1719.0
1719.0
1719.0
1719.1
1719.1
1719.1
1719.1
1719.1
1719.1
1719.1
1719.1
1719.1
1719.1
1719.1
1719.1
1719.1
1719.1
1719.1
1719.1
1719.1
1719.1
1719.1
1719.1
1719.1
1719.1
1719.1
1719.2
1719.2
1719.2
1719.2
1719.2
1719.2
1719.2
1719.2
1719.2
1719.2
1719.2
1719.2
1719.2
1719.3
1719.3
1719.3
1719.3
1719.3
1719.3
1719.3
1719.3
1719.4
1719.4
1719.4
1719.4
1719.4
1719.4
1719.4
1719.4
1719.4
1719.4
1719.5
1719.5
1719.5
1719.5
1719.5
1719.6
1719.6
1719.6
1719.6
1719.7
1719.7
1719.8
1719.8
1719.8
1720.0
1720.0
1720.2
1720.2
1720.4
1720.4
1720.4
1720.4
1720.5
1720.5
1720.6
1720.8
1721.0
1721.0
1721.1
1721.5
1721.6
1721.8
1721.9
1722.5
1722.5
1723.1
1723.2
1723.2
1723.2
1723.3
1723.3
1723.3
1723.3
1723.3
1723.3
1723.3
1723.3
1723.4
1723.4
1723.4
1723.4
1723.4
1723.4
1723.4
1723.4
1723.4
1723.5
1723.5
1723.5
1723.5
1723.5
1723.5
1723.5
1723.5
1723.6
1723.6
1723.6
1723.6
1723.6
1723.6
1723.6
1723.6
1723.6
1723.6
1723.6
1723.6
1723.7
1723.7
1723.7
1723.8
1723.8
1723.8
1723.8
1723.8
1723.8
1723.8
1723.9
1723.9
1723.9
1724.0
1724.0
1724.0
1724.0
1724.0
1724.0
1724.0
1724.1
1724.1
1724.1
1724.2
1724.2
1724.2
1724.2
1724.3
1724.3
1724.3
1724.4
1724.5
1724.6
1724.6
1724.7
1724.9
1725.0
1725.0
1725.1
1725.1
1725.4
1725.6
1725.7
1725.9
1726.0
1726.0
1726.0
1726.1
1726.4
1726.6
1726.9
1727.6
1727.9
1727.9
1728.4
1729.1
1729.3
1729.6
1729.7
1729.7
1729.8
1729.9
1730.0
1730.0
1730.0
1730.1
1730.1
1730.1
1730.1
1730.2
1730.2
1730.2
1730.2
1730.4
1730.4
1730.5
1730.5
1730.5
1730.5
1730.5
1730.5
1730.6
1730.7
1730.7
1730.7
1730.7
1730.8
1730.8
1730.8
1731.0
1731.0
1731.0
1731.0
1731.0
1731.1
1731.1
1731.1
1731.1
1731.2
1731.2
1731.2
1731.2
1731.3
1731.5
1731.5
1731.5
1731.6
1731.6
1731.6
1731.6
1731.6
1731.7
1731.8
1731.9
1732.0
1732.1
1732.1
1732.1
1732.2
1732.3
1732.3
1732.5
1732.7
1732.7
1732.9
1733.0
1733.1
1733.2
1733.3
1733.4
1733.5
1733.7
1733.8
1735.0
1735.0
1735.1
1735.3
1735.4
1736.2
1736.7
1737.0
1737.4
1737.7
1737.7
1737.8
1737.9
1739.0
1739.8
1741.5
1744.1
1744.2
1755.8
1878.3
1878.3
1878.3
1878.3
1878.3
1878.3
1878.3
1878.3
1878.3
1878.3
1878.3
1878.3
1878.3
1878.3
1878.3
1878.3
1878.3
1878.3
1878.3
1878.3
1878.3
1878.3
1878.3
1878.3
1878.3
1878.3
1878.3
1878.3
1878.4
1878.4
1878.4
1878.4
1878.4
1878.4
1878.4
1878.4
1878.4
1878.4
1878.4
1878.4
1878.4
1878.4
1878.4
1878.4
1878.4
1878.4
1878.4
1878.4
1878.4
1878.4
1878.4
1878.4
1878.4
1878.4
1878.4
1878.4
1878.4
1878.4
1878.4
1878.4
1878.4
1878.4
1878.4
1878.4
1878.4
1878.4
1878.4
1878.4
1878.5
1878.5
1878.5
1878.5
1878.5
1878.5
1878.5
1878.5
1878.5
1878.6
1878.6
1878.6
1878.6
1878.7
1878.7
1878.7
1878.7
1878.7
1878.8
1878.8
1878.8
1878.8
1878.9
1878.9
1878.9
1879.0
1879.0
1879.1
1879.1
1879.1
1879.1
1879.2
1882.5
1882.5
1882.5
1882.6
1882.6
1882.6
1882.6
1882.6
1882.6
1882.6
1882.6
1882.6
1882.6
1882.6
1882.6
1882.6
1882.6
1882.6
1882.6
1882.6
1882.6
1882.6
1882.6
1882.6
1882.6
1882.6
1882.6
1882.6
1882.6
1882.6
1882.6
1882.6
1882.6
1882.6
1882.6
1882.6
1882.6
1882.6
1882.6
1882.6
1882.6
1882.6
1882.6
1882.6
1882.6
1882.6
1882.6
1882.6
1882.6
1882.6
1882.6
1882.6
1882.6
1882.6
1882.6
1882.6
1882.7
1882.7
1882.7
1882.7
1882.7
1882.7
1882.7
1882.7
1882.7
1882.7
1882.7
1882.8
1882.8
1882.8
1882.9
1882.9
1883.1
1883.1
1883.2
1883.2
1883.3
1883.3
1883.4
1883.4
1883.4
1883.6
1883.6
1883.7
1883.8
1883.8
1883.8
1883.8
1884.1
1884.1
1884.2
1884.3
1884.4
1884.5
1884.8
1884.8
1884.9
1885.0
1885.0
1885.1
1886.2
1886.2
1886.2
1886.2
1886.2
1886.2
1886.3
1886.3
1886.3
1886.3
1886.3
1886.3
1886.3
1886.3
1886.3
1886.3
1886.3
1886.3
1886.3
1886.4
1886.4
1886.4
1886.4
1886.4
1886.4
1886.4
1886.4
1886.4
1886.4
1886.4
1886.4
1886.4
1886.4
1886.4
1886.5
1886.5
1886.5
1886.5
1886.5
1886.5
1886.5
1886.5
1886.5
1886.5
1886.5
1886.5
1886.5
1886.5
1886.5
1886.5
1886.6
1886.6
1886.6
1886.6
1886.6
1886.6
1886.6
1886.6
1886.6
1886.7
1886.8
1886.9
1886.9
1886.9
1886.9
1887.0
1887.0
1887.0
1887.1
1887.1
1887.1
1887.2
1887.4
1887.4
1887.5
1887.7
1887.8
1888.0
1888.1
1888.2
1888.2
1888.3
1888.4
1888.4
1888.6
1888.8
1889.0
1889.0
1889.3
1889.5
1889.8
1890.0
1890.5
1890.5
1890.7
1891.0
1891.0
1891.0
1891.0
1891.0
1891.0
1891.1
1891.1
1891.1
1891.1
1891.2
1891.2
1891.2
1891.2
1891.2
1891.3
1891.3
1891.3
1891.3
1891.3
1891.3
1891.3
1891.3
1891.4
1891.4
1891.4
1891.4
1891.4
1891.4
1891.4
1891.4
1891.5
1891.5
1891.5
1891.6
1891.6
1891.6
1891.6
1891.6
1891.6
1891.6
1891.6
1891.6
1891.6
1891.7
1891.7
1891.7
1891.7
1891.7
1891.7
1891.8
1891.8
1891.8
1891.9
1891.9
1891.9
1891.9
1892.0
1892.0
1892.0
1892.0
1892.1
1892.1
1892.1
1892.1
1892.2
1892.3
1892.5
1892.5
1892.5
1892.5
1892.6
1892.8
1893.0
1893.1
1893.3
1893.4
1893.6
1893.6
1893.7
1894.1
1894.3
1894.7
1894.8
1894.9
1895.1
1895.1
1895.2
1895.6
1895.9
1896.8
1897.5
1897.5
1898.0
1898.3
1899.8
1900.2
1900.2
1900.4
1900.5
1900.5
1900.5
1900.7
1900.8
1901.0
1901.1
1901.1
1901.1
1901.2
1901.2
1901.3
1901.3
1901.3
1901.4
1901.4
1901.6
1901.9
1901.9
1902.0
1902.0
1902.1
1902.1
1902.1
1902.2
1902.3
1902.4
1902.4
1902.5
1902.6
1902.7
1902.7
1902.7
1902.8
1902.8
1902.9
1902.9
1903.0
1903.0
1903.3
1903.4
1903.4
1903.5
1903.5
1903.8
1903.8
1903.9
1903.9
1904.0
1904.0
1904.5
1904.6
1904.6
1904.7
1904.8
1904.9
1904.9
1904.9
1905.2
1905.9
1906.1
1907.2
1907.2
1907.8
1907.8
1908.0
1908.1
1908.2
1908.5
1908.7
1909.1
1910.5
1912.0
1913.5
1914.1
1915.8
1920.9
1921.1
1921.2
1925.2
1930.4
1930.8
1930.8
1930.9
1930.9
1930.9
1930.9
1930.9
1930.9
1930.9
1930.9
1930.9
1930.9
1930.9
1930.9
1930.9
1930.9
1930.9
1930.9
1930.9
1930.9
1930.9
1930.9
1930.9
1930.9
1930.9
1930.9
1930.9
1930.9
1930.9
1930.9
1930.9
1930.9
1930.9
1930.9
1930.9
1930.9
1930.9
1930.9
1930.9
1931.0
1931.0
1931.0
1931.0
1931.0
1931.0
1931.0
1931.0
1931.0
1931.0
1931.0
1931.0
1931.0
1931.0
1931.0
1931.0
1931.0
1931.0
1931.0
1931.0
1931.0
1931.0
1931.0
1931.0
1931.0
1931.0
1931.0
1931.0
1931.0
1931.0
1931.0
1931.1
1931.1
1931.1
1931.1
1931.1
1931.1
1931.1
1931.2
1931.2
1931.2
1931.2
1931.2
1931.3
1931.3
1931.3
1931.3
1931.4
1931.4
1931.4
1931.4
1931.6
1931.7
1931.7
1931.8
1932.0
1932.0
1932.1
1932.3
1932.3
1937.2
1937.6
1937.6
1937.7
1937.7
1937.7
1937.7
1937.8
1937.8
1937.8
1937.8
1937.8
1937.8
1937.8
1937.9
1937.9
1937.9
1937.9
1937.9
1937.9
1937.9
1937.9
1937.9
1937.9
1937.9
1938.0
1938.0
1938.0
1938.0
1938.0
1938.0
1938.0
1938.0
1938.0
1938.1
1938.1
1938.1
1938.1
1938.1
1938.1
1938.1
1938.2
1938.2
1938.2
1938.2
1938.2
1938.3
1938.3
1938.3
1938.3
1938.3
1938.3
1938.3
1938.3
1938.4
1938.4
1938.4
1938.4
1938.4
1938.4
1938.5
1938.5
1938.5
1938.5
1938.5
1938.5
1938.6
1938.7
1938.8
1938.8
1938.8
1938.9
1939.0
1939.1
1939.2
1939.2
1939.3
1939.3
1939.9
1940.2
1940.3
1940.4
1940.8
1940.8
1940.8
1940.9
1941.9
1942.1
1942.3
1942.5
1943.3
1943.8
1944.6
1944.8
1945.7
1945.7
1945.8
1945.9
1945.9
1945.9
1946.0
1946.0
1946.1
1946.1
1946.1
1946.1
1946.1
1946.2
1946.2
1946.2
1946.2
1946.3
1946.3
1946.3
1946.3
1946.3
1946.3
1946.3
1946.4
1946.4
1946.4
1946.5
1946.5
1946.5
1946.5
1946.6
1946.6
1946.7
1946.9
1946.9
1946.9
1947.3
1947.3
1947.3
1947.5
1947.5
1947.7
1947.7
1948.1
1948.1
1948.2
1948.3
1948.6
1948.7
1948.8
1949.3
1949.5
1950.0
1950.0
1950.1
1950.1
1950.7
1950.8
1951.2
1951.5
1952.2
1952.4
1952.5
1953.2
1953.7
1953.8
1953.9
1954.1
1954.1
1954.1
1954.2
1954.2
1954.3
1954.4
1954.5
1954.5
1954.5
1954.6
1954.8
1955.0
1955.0
1955.1
1955.3
1955.6
1955.7
1955.7
1955.9
1955.9
1956.0
1956.1
1956.5
1956.7
1956.8
1957.0
1957.2
1957.3
1957.4
1957.5
1957.9
1958.4
1958.8
1958.8
1958.9
1960.0
1960.5
1961.5
1961.8
1961.9
1963.4
1963.4
1963.6
1963.6
1964.3
1965.4
1966.2
1966.3
1967.2
1967.5
1967.5
1972.1
1977.3
1983.4
1986.2
1991.7
2047.6
2047.6
2047.6
2047.6
2047.6
2047.6
2047.6
2047.6
2047.6
2047.6
2047.6
2047.6
2047.7
2047.7
2047.7
2047.7
2047.7
2047.7
2047.7
2047.7
2047.7
2047.7
2047.7
2047.7
2047.7
2047.7
2047.7
2047.7
2047.7
2047.7
2047.7
2047.7
2047.7
2047.7
2047.7
2047.7
2047.7
2047.7
2047.7
2047.7
2047.7
2047.7
2047.7
2047.7
2047.7
2047.7
2047.7
2047.7
2047.7
2047.7
2047.7
2047.7
2047.7
2047.7
2047.7
2047.7
2047.7
2047.7
2047.7
2047.7
2047.7
2047.7
2047.7
2047.7
2047.7
2047.8
2047.8
2047.8
2047.8
2047.9
2047.9
2047.9
2047.9
2048.0
2048.0
2048.1
2048.1
2048.1
2048.1
2048.1
2048.1
2048.1
2048.2
2048.2
2048.2
2048.2
2048.4
2048.4
2048.4
2048.6
2048.6
2048.7
2048.8
2048.9
2048.9
2049.0
2049.1
2049.2
2049.2
2049.2
2051.7
2051.7
2051.7
2051.7
2051.7
2051.7
2051.7
2051.7
2051.7
2051.7
2051.7
2051.7
2051.7
2051.7
2051.7
2051.7
2051.7
2051.7
2051.7
2051.7
2051.7
2051.7
2051.7
2051.7
2051.7
2051.7
2051.7
2051.7
2051.7
2051.7
2051.7
2051.7
2051.7
2051.7
2051.7
2051.7
2051.7
2051.7
2051.7
2051.7
2051.7
2051.7
2051.7
2051.7
2051.7
2051.7
2051.7
2051.7
2051.7
2051.7
2051.7
2051.7
2051.7
2051.8
2051.8
2051.8
2051.8
2051.8
2051.8
2051.8
2051.8
2051.8
2051.8
2051.8
2051.8
2051.8
2051.8
2051.8
2051.9
2051.9
2051.9
2051.9
2052.0
2052.2
2052.2
2052.3
2052.3
2052.3
2052.3
2052.3
2052.5
2052.5
2052.5
2052.6
2052.7
2052.7
2052.9
2052.9
2053.2
2053.2
2053.3
2053.4
2053.8
2053.9
2054.2
2054.3
2054.5
2054.6
2054.6
2054.7
2055.3
2055.3
2055.3
2055.3
2055.3
2055.4
2055.4
2055.4
2055.4
2055.4
2055.4
2055.4
2055.4
2055.4
2055.4
2055.4
2055.4
2055.4
2055.4
2055.4
2055.4
2055.4
2055.4
2055.4
2055.4
2055.4
2055.4
2055.4
2055.4
2055.4
2055.5
2055.5
2055.5
2055.5
2055.5
2055.5
2055.5
2055.5
2055.5
2055.5
2055.5
2055.5
2055.6
2055.6
2055.6
2055.6
2055.6
2055.6
2055.6
2055.6
2055.7
2055.7
2055.7
2055.7
2055.7
2055.7
2055.7
2055.7
2055.7
2055.7
2055.8
2055.8
2055.8
2055.8
2055.9
2055.9
2055.9
2055.9
2056.0
2056.0
2056.1
2056.1
2056.1
2056.3
2056.3
2056.5
2056.5
2056.7
2056.7
2056.7
2056.7
2056.8
2056.9
2056.9
2057.2
2057.3
2057.4
2057.5
2057.9
2058.1
2058.2
2058.3
2059.0
2059.0
2059.4
2059.5
2059.5
2059.6
2059.6
2059.6
2059.6
2059.6
2059.6
2059.6
2059.7
2059.7
2059.7
2059.7
2059.7
2059.7
2059.7
2059.7
2059.7
2059.7
2059.8
2059.8
2059.8
2059.8
2059.8
2059.8
2059.8
2059.8
2059.8
2059.8
2059.8
2059.8
2059.9
2059.9
2059.9
2059.9
2059.9
2059.9
2059.9
2059.9
2060.0
2060.0
2060.0
2060.1
2060.1
2060.1
2060.1
2060.1
2060.1
2060.1
2060.1
2060.1
2060.2
2060.2
2060.2
2060.3
2060.3
2060.3
2060.3
2060.3
2060.3
2060.4
2060.4
2060.4
2060.5
2060.5
2060.5
2060.6
2060.6
2060.7
2060.7
2060.8
2060.8
2060.9
2060.9
2061.0
2061.2
2061.3
2061.3
2061.4
2061.4
2061.7
2061.9
2062.0
2062.2
2062.3
2062.3
2062.4
2062.4
2062.8
2062.9
2063.3
2064.0
2064.4
2064.4
2064.9
2065.6
2065.7
2066.0
2066.0
2066.1
2066.1
2066.1
2066.3
2066.3
2066.3
2066.3
2066.4
2066.4
2066.4
2066.4
2066.5
2066.5
2066.5
2066.7
2066.7
2066.8
2066.8
2066.8
2066.8
2066.8
2066.8
2067.0
2067.0
2067.0
2067.0
2067.1
2067.1
2067.3
2067.3
2067.3
2067.3
2067.4
2067.4
2067.4
2067.4
2067.4
2067.5
2067.5
2067.5
2067.5
2067.6
2067.6
2067.7
2067.8
2067.8
2067.8
2067.8
2067.8
2067.9
2067.9
2067.9
2068.0
2068.1
2068.1
2068.4
2068.4
2068.4
2068.6
2068.6
2068.7
2068.9
2069.0
2069.0
2069.0
2069.2
2069.2
2069.5
2069.6
2069.8
2070.1
2070.2
2070.3
2070.6
2071.2
2071.4
2071.5
2071.7
2071.9
2072.6
2073.2
2073.2
2074.0
2074.4
2074.4
2074.4
2075.5
2076.2
2076.6
2077.7
2080.4
2080.9
2089.9
2095.7
2214.7
2214.7
2214.7
2214.7
2214.7
2214.7
2214.8
2214.8
2214.8
2214.8
2214.8
2214.8
2214.8
2214.8
2214.8
2214.8
2214.8
2214.8
2214.8
2214.8
2214.8
2214.8
2214.8
2214.8
2214.8
2214.8
2214.8
2214.8
2214.8
2214.8
2214.8
2214.8
2214.8
2214.8
2214.8
2214.8
2214.8
2214.8
2214.8
2214.8
2214.8
2214.8
2214.8
2214.8
2214.8
2214.8
2214.8
2214.8
2214.8
2214.8
2214.8
2214.8
2214.8
2214.8
2214.8
2214.8
2214.8
2214.8
2214.8
2214.8
2214.8
2214.8
2214.8
2214.8
2214.8
2214.8
2214.8
2214.9
2214.9
2214.9
2214.9
2214.9
2214.9
2214.9
2214.9
2214.9
2215.0
2215.0
2215.0
2215.0
2215.0
2215.1
2215.1
2215.1
2215.1
2215.1
2215.2
2215.2
2215.2
2215.2
2215.3
2215.3
2215.3
2215.3
2215.4
2215.5
2215.5
2215.5
2215.5
2215.6
2218.9
2218.9
2218.9
2218.9
2218.9
2218.9
2218.9
2218.9
2218.9
2218.9
2218.9
2218.9
2218.9
2218.9
2218.9
2218.9
2218.9
2219.0
2219.0
2219.0
2219.0
2219.0
2219.0
2219.0
2219.0
2219.0
2219.0
2219.0
2219.0
2219.0
2219.0
2219.0
2219.0
2219.0
2219.0
2219.0
2219.0
2219.0
2219.0
2219.0
2219.0
2219.0
2219.0
2219.0
2219.0
2219.0
2219.0
2219.0
2219.0
2219.0
2219.0
2219.0
2219.0
2219.0
2219.0
2219.0
2219.0
2219.0
2219.0
2219.0
2219.0
2219.0
2219.1
2219.1
2219.1
2219.1
2219.1
2219.1
2219.2
2219.2
2219.2
2219.3
2219.4
2219.5
2219.5
2219.5
2219.6
2219.6
2219.7
2219.7
2219.7
2219.9
2219.9
2220.0
2220.1
2220.1
2220.1
2220.1
2220.3
2220.3
2220.4
2220.6
2220.7
2220.8
2221.0
2221.1
2221.1
2221.2
2221.2
2221.3
2222.6
2222.6
2222.6
2222.6
2222.6
2222.6
2222.6
2222.6
2222.7
2222.7
2222.7
2222.7
2222.7
2222.7
2222.7
2222.7
2222.7
2222.7
2222.7
2222.7
2222.7
2222.7
2222.7
2222.8
2222.8
2222.8
2222.8
2222.8
2222.8
2222.8
2222.8
2222.8
2222.8
2222.8
2222.8
2222.8
2222.8
2222.8
2222.8
2222.8
2222.8
2222.9
2222.9
2222.9
2222.9
2222.9
2222.9
2222.9
2222.9
2222.9
2222.9
2222.9
2223.0
2223.0
2223.0
2223.0
2223.0
2223.0
2223.0
2223.0
2223.1
2223.2
2223.2
2223.2
2223.2
2223.3
2223.4
2223.4
2223.4
2223.5
2223.5
2223.5
2223.8
2223.8
2223.8
2224.0
2224.1
2224.3
2224.5
2224.5
2224.5
2224.6
2224.7
2224.7
2224.9
2225.1
2225.4
2225.4
2225.6
2225.9
2226.1
2226.3
2226.8
2226.8
2227.0
2227.3
2227.4
2227.5
2227.5
2227.5
2227.5
2227.5
2227.6
2227.6
2227.6
2227.6
2227.6
2227.7
2227.7
2227.7
2227.7
2227.8
2227.8
2227.8
2227.8
2227.8
2227.9
2227.9
2227.9
2227.9
2227.9
2227.9
2227.9
2227.9
2227.9
2228.0
2228.0
2228.1
2228.1
2228.1
2228.1
2228.1
2228.1
2228.1
2228.1
2228.1
2228.2
2228.2
2228.2
2228.2
2228.2
2228.2
2228.2
2228.3
2228.3
2228.3
2228.3
2228.3
2228.3
2228.4
2228.4
2228.4
2228.4
2228.5
2228.5
2228.5
2228.6
2228.6
2228.6
2228.6
2228.8
2228.8
2228.9
2229.0
2229.1
2229.1
2229.1
2229.3
2229.5
2229.6
2229.8
2229.9
2230.2
2230.2
2230.2
2230.6
2230.8
2231.3
2231.3
2231.4
2231.5
2231.6
2231.8
2232.0
2232.5
2233.5
2233.9
2234.3
2234.9
2235.2
2237.0
2237.1
2237.1
2237.7
2237.7
2238.0
2238.0
2238.1
2238.3
2238.6
2238.7
2238.7
2238.7
2238.8
2238.9
2239.0
2239.0
2239.0
2239.1
2239.2
2239.2
2239.4
2239.5
2239.6
2239.7
2239.7
2239.8
2240.0
2240.1
2240.1
2240.3
2240.3
2240.4
2240.4
2240.5
2240.5
2240.8
2241.0
2241.1
2241.1
2241.2
2241.4
2241.5
2241.6
2241.7
2241.8
2241.8
2241.8
2241.9
2242.0
2242.3
2242.3
2242.3
2242.5
2242.9
2243.3
2243.5
2243.8
2244.0
2244.1
2244.1
2244.2
2244.2
2244.5
2245.2
2246.0
2247.0
2248.1
2248.3
2248.5
2249.0
2249.7
2249.8
2250.7
2251.6
2253.4
2255.7
2266.5
2266.6
2266.6
2266.8
2266.9
2266.9
2267.0
2267.0
2267.0
2267.0
2267.0
2267.0
2267.0
2267.0
2267.0
2267.0
2267.0
2267.0
2267.0
2267.0
2267.0
2267.0
2267.0
2267.0
2267.0
2267.0
2267.0
2267.0
2267.0
2267.0
2267.0
2267.0
2267.0
2267.0
2267.1
2267.1
2267.1
2267.1
2267.1
2267.1
2267.1
2267.1
2267.1
2267.1
2267.1
2267.1
2267.1
2267.1
2267.1
2267.1
2267.1
2267.1
2267.1
2267.1
2267.1
2267.1
2267.1
2267.1
2267.1
2267.1
2267.1
2267.1
2267.1
2267.1
2267.1
2267.1
2267.1
2267.1
2267.1
2267.1
2267.2
2267.2
2267.2
2267.2
2267.2
2267.2
2267.2
2267.3
2267.3
2267.3
2267.3
2267.3
2267.3
2267.3
2267.4
2267.4
2267.4
2267.4
2267.5
2267.5
2267.5
2267.6
2267.7
2267.8
2267.9
2267.9
2268.1
2268.1
2268.2
2268.5
2272.8
2272.9
2273.0
2273.7
2273.7
2273.8
2273.8
2273.9
2273.9
2273.9
2273.9
2273.9
2273.9
2273.9
2274.0
2274.0
2274.0
2274.0
2274.0
2274.0
2274.0
2274.0
2274.1
2274.1
2274.1
2274.1
2274.1
2274.1
2274.1
2274.1
2274.1
2274.1
2274.1
2274.1
2274.1
2274.2
2274.2
2274.2
2274.2
2274.2
2274.2
2274.3
2274.3
2274.3
2274.3
2274.4
2274.4
2274.4
2274.4
2274.4
2274.4
2274.5
2274.5
2274.5
2274.5
2274.5
2274.5
2274.5
2274.5
2274.6
2274.6
2274.6
2274.6
2274.6
2274.7
2274.7
2274.7
2274.7
2274.7
2274.8
2274.9
2275.0
2275.0
2275.1
2275.2
2275.3
2275.3
2275.4
2275.4
2276.3
2276.6
2276.9
2277.1
2277.1
2277.3
2277.3
2278.3
2278.3
2278.4
2278.8
2279.5
2280.2
2280.3
2280.6
2280.7
2281.7
2281.8
2281.8
2281.8
2281.8
2281.9
2281.9
2282.0
2282.0
2282.0
2282.1
2282.1
2282.1
2282.1
2282.2
2282.2
2282.2
2282.2
2282.2
2282.3
2282.3
2282.3
2282.3
2282.3
2282.3
2282.4
2282.4
2282.4
2282.5
2282.5
2282.5
2282.5
2282.6
2282.6
2282.6
2282.8
2282.8
2283.0
2283.0
2283.3
2283.3
2283.7
2283.8
2283.9
2284.0
2284.1
2284.1
2284.4
2284.4
2284.6
2285.2
2285.4
2285.5
2285.5
2285.6
2285.7
2286.1
2286.2
2286.5
2286.9
2287.0
2287.2
2287.4
2288.3
2288.3
2288.5
2288.7
2288.7
2288.9
2289.2
2289.3
2289.3
2289.5
2289.8
2289.8
2289.9
2290.0
2290.0
2290.1
2290.1
2290.4
2290.4
2290.4
2290.7
2290.8
2290.9
2291.0
2291.0
2291.0
2291.1
2291.3
2291.3
2291.4
2291.4
2291.8
2292.1
2292.2
2292.4
2292.5
2292.6
2292.7
2293.1
2293.1
2293.3
2293.4
2293.4
2293.4
2293.6
2293.8
2294.5
2294.6
2295.3
2295.4
2296.5
2297.6
2297.9
2298.2
2298.3
2298.7
2298.8
2299.1
2299.5
2299.8
2300.9
2302.8
2304.5
2305.5
2310.4
2311.3
2313.6
2326.3
2327.7
2328.7
2331.2
2384.0
2384.1
2384.1
2384.1
2384.1
2384.1
2384.1
2384.1
2384.1
2384.1
2384.1
2384.1
2384.1
2384.1
2384.1
2384.1
2384.1
2384.1
2384.1
2384.1
2384.1
2384.1
2384.1
2384.1
2384.1
2384.1
2384.1
2384.1
2384.1
2384.1
2384.1
2384.1
2384.1
2384.1
2384.1
2384.1
2384.1
2384.1
2384.1
2384.1
2384.1
2384.2
2384.2
2384.2
2384.2
2384.2
2384.2
2384.2
2384.2
2384.2
2384.2
2384.2
2384.2
2384.2
2384.2
2384.2
2384.2
2384.2
2384.2
2384.2
2384.2
2384.2
2384.2
2384.2
2384.2
2384.2
2384.3
2384.3
2384.3
2384.3
2384.3
2384.3
2384.4
2384.4
2384.4
2384.5
2384.5
2384.5
2384.6
2384.6
2384.6
2384.6
2384.6
2384.6
2384.6
2384.7
2384.8
2384.9
2384.9
2385.1
2385.1
2385.2
2385.3
2385.3
2385.4
2385.5
2385.6
2385.7
2385.7
2385.7
2388.0
2388.1
2388.1
2388.1
2388.1
2388.1
2388.1
2388.1
2388.1
2388.1
2388.1
2388.1
2388.1
2388.1
2388.1
2388.1
2388.1
2388.1
2388.1
2388.1
2388.1
2388.1
2388.1
2388.1
2388.1
2388.1
2388.1
2388.1
2388.1
2388.1
2388.1
2388.1
2388.1
2388.1
2388.1
2388.1
2388.1
2388.1
2388.1
2388.1
2388.1
2388.1
2388.1
2388.1
2388.1
2388.1
2388.1
2388.1
2388.1
2388.1
2388.1
2388.1
2388.1
2388.1
2388.1
2388.1
2388.1
2388.1
2388.1
2388.1
2388.1
2388.2
2388.2
2388.2
2388.2
2388.2
2388.2
2388.2
2388.2
2388.3
2388.3
2388.3
2388.4
2388.6
2388.7
2388.7
2388.7
2388.7
2388.8
2388.8
2388.9
2388.9
2388.9
2389.0
2389.1
2389.2
2389.4
2389.4
2389.6
2389.8
2389.9
2390.0
2390.4
2390.5
2390.8
2390.9
2391.1
2391.3
2391.3
2391.4
2391.6
2391.7
2391.7
2391.7
2391.7
2391.7
2391.7
2391.7
2391.7
2391.7
2391.7
2391.7
2391.7
2391.7
2391.7
2391.7
2391.8
2391.8
2391.8
2391.8
2391.8
2391.8
2391.8
2391.8
2391.8
2391.8
2391.8
2391.8
2391.8
2391.8
2391.8
2391.8
2391.8
2391.8
2391.9
2391.9
2391.9
2391.9
2391.9
2391.9
2391.9
2391.9
2391.9
2391.9
2391.9
2392.0
2392.0
2392.0
2392.0
2392.0
2392.0
2392.0
2392.0
2392.0
2392.1
2392.1
2392.1
2392.1
2392.1
2392.1
2392.1
2392.2
2392.2
2392.2
2392.2
2392.2
2392.2
2392.3
2392.3
2392.3
2392.4
2392.5
2392.5
2392.7
2392.7
2392.9
2392.9
2393.0
2393.1
2393.1
2393.1
2393.2
2393.2
2393.3
2393.6
2393.8
2393.9
2394.0
2394.4
2394.7
2394.8
2394.9
2395.6
2395.7
2395.7
2395.8
2395.9
2395.9
2395.9
2395.9
2395.9
2395.9
2396.0
2396.0
2396.0
2396.0
2396.0
2396.0
2396.0
2396.0
2396.1
2396.1
2396.1
2396.1
2396.1
2396.1
2396.1
2396.1
2396.2
2396.2
2396.2
2396.2
2396.2
2396.2
2396.2
2396.2
2396.2
2396.2
2396.2
2396.3
2396.3
2396.3
2396.3
2396.3
2396.4
2396.4
2396.4
2396.4
2396.4
2396.4
2396.4
2396.5
2396.5
2396.5
2396.5
2396.5
2396.5
2396.6
2396.6
2396.6
2396.6
2396.6
2396.6
2396.7
2396.7
2396.7
2396.8
2396.8
2396.8
2396.8
2396.9
2396.9
2396.9
2397.0
2397.1
2397.2
2397.2
2397.3
2397.5
2397.6
2397.6
2397.6
2397.7
2397.7
2397.7
2398.1
2398.2
2398.5
2398.6
2398.7
2398.7
2398.7
2398.8
2399.2
2399.3
2399.9
2400.4
2400.9
2401.1
2401.6
2401.9
2402.2
2402.3
2402.4
2402.4
2402.5
2402.6
2402.6
2402.6
2402.6
2402.6
2402.7
2402.7
2402.7
2402.7
2402.7
2402.8
2402.8
2402.9
2403.0
2403.0
2403.0
2403.1
2403.1
2403.1
2403.1
2403.2
2403.2
2403.3
2403.3
2403.3
2403.3
2403.5
2403.5
2403.5
2403.5
2403.6
2403.6
2403.6
2403.7
2403.7
2403.7
2403.7
2403.8
2403.8
2403.8
2404.0
2404.0
2404.1
2404.1
2404.1
2404.1
2404.1
2404.1
2404.2
2404.4
2404.4
2404.5
2404.6
2404.6
2404.6
2404.7
2404.8
2404.8
2405.1
2405.1
2405.2
2405.3
2405.5
2405.7
2405.8
2406.0
2406.0
2406.1
2406.3
2406.5
2407.4
2407.5
2407.5
2407.7
2407.8
2408.0
2408.0
2408.9
2409.3
2409.4
2410.5
2410.5
2410.6
2410.8
2412.6
2413.6
2414.2
2415.3
2416.1
2420.1
2551.1
2551.1
2551.1
2551.1
2551.1
2551.1
2551.1
2551.1
2551.1
2551.1
2551.1
2551.1
2551.1
2551.1
2551.1
2551.1
2551.1
2551.1
2551.1
2551.1
2551.1
2551.1
2551.1
2551.1
2551.1
2551.1
2551.1
2551.1
2551.1
2551.1
2551.1
2551.1
2551.1
2551.1
2551.1
2551.1
2551.1
2551.1
2551.1
2551.1
2551.1
2551.1
2551.1
2551.1
2551.1
2551.1
2551.1
2551.1
2551.1
2551.1
2551.1
2551.1
2551.1
2551.1
2551.1
2551.1
2551.1
2551.1
2551.1
2551.1
2551.2
2551.2
2551.2
2551.2
2551.2
2551.2
2551.2
2551.2
2551.2
2551.2
2551.2
2551.2
2551.3
2551.3
2551.3
2551.3
2551.3
2551.3
2551.3
2551.4
2551.4
2551.4
2551.5
2551.5
2551.5
2551.5
2551.5
2551.5
2551.5
2551.6
2551.6
2551.6
2551.7
2551.7
2551.8
2551.8
2551.8
2551.9
2551.9
2551.9
2555.2
2555.2
2555.2
2555.2
2555.3
2555.3
2555.3
2555.3
2555.3
2555.3
2555.3
2555.3
2555.3
2555.3
2555.3
2555.3
2555.3
2555.3
2555.3
2555.3
2555.3
2555.3
2555.3
2555.3
2555.3
2555.3
2555.3
2555.3
2555.3
2555.3
2555.3
2555.3
2555.3
2555.3
2555.3
2555.3
2555.3
2555.3
2555.3
2555.3
2555.3
2555.3
2555.3
2555.3
2555.3
2555.3
2555.3
2555.3
2555.3
2555.3
2555.3
2555.3
2555.3
2555.3
2555.3
2555.3
2555.4
2555.4
2555.4
2555.4
2555.4
2555.4
2555.4
2555.4
2555.4
2555.4
2555.4
2555.5
2555.5
2555.5
2555.6
2555.6
2555.8
2555.8
2555.8
2555.9
2555.9
2555.9
2556.0
2556.1
2556.1
2556.3
2556.3
2556.3
2556.4
2556.4
2556.4
2556.5
2556.7
2556.7
2556.8
2556.9
2557.0
2557.1
2557.4
2557.4
2557.4
2557.6
2557.6
2557.6
2558.9
2558.9
2558.9
2558.9
2558.9
2559.0
2559.0
2559.0
2559.0
2559.0
2559.0
2559.0
2559.0
2559.0
2559.0
2559.0
2559.0
2559.1
2559.1
2559.1
2559.1
2559.1
2559.1
2559.1
2559.1
2559.1
2559.1
2559.1
2559.1
2559.1
2559.1
2559.1
2559.1
2559.1
2559.2
2559.2
2559.2
2559.2
2559.2
2559.2
2559.2
2559.2
2559.2
2559.2
2559.2
2559.2
2559.2
2559.2
2559.3
2559.3
2559.3
2559.3
2559.3
2559.3
2559.3
2559.3
2559.3
2559.3
2559.3
2559.4
2559.4
2559.6
2559.6
2559.6
2559.6
2559.7
2559.7
2559.8
2559.8
2559.8
2559.8
2559.9
2560.1
2560.1
2560.1
2560.4
2560.4
2560.7
2560.8
2560.8
2560.9
2560.9
2561.0
2561.0
2561.3
2561.5
2561.7
2561.7
2562.0
2562.2
2562.5
2562.7
2563.1
2563.1
2563.3
2563.6
2563.8
2563.8
2563.8
2563.8
2563.8
2563.9
2563.9
2563.9
2564.0
2564.0
2564.0
2564.0
2564.0
2564.0
2564.0
2564.1
2564.1
2564.2
2564.2
2564.2
2564.2
2564.2
2564.2
2564.2
2564.2
2564.2
2564.2
2564.3
2564.3
2564.3
2564.4
2564.4
2564.4
2564.4
2564.4
2564.4
2564.4
2564.5
2564.5
2564.5
2564.5
2564.5
2564.5
2564.5
2564.5
2564.6
2564.6
2564.6
2564.6
2564.6
2564.6
2564.6
2564.6
2564.7
2564.7
2564.7
2564.7
2564.8
2564.8
2564.9
2564.9
2564.9
2564.9
2564.9
2565.1
2565.1
2565.2
2565.4
2565.4
2565.4
2565.4
2565.6
2565.8
2565.9
2566.2
2566.2
2566.5
2566.5
2566.5
2567.0
2567.2
2567.5
2567.6
2567.8
2567.9
2567.9
2568.0
2568.4
2568.8
2569.7
2570.3
2570.5
2571.0
2571.3
2573.4
2573.6
2573.8
2573.8
2573.8
2574.1
2574.3
2574.5
2574.6
2574.9
2574.9
2574.9
2575.0
2575.0
2575.0
2575.2
2575.2
2575.2
2575.3
2575.3
2575.3
2575.3
2575.5
2575.6
2575.8
2575.9
2576.1
2576.1
2576.3
2576.4
2576.5
2576.6
2576.6
2576.7
2576.9
2576.9
2576.9
2577.0
2577.0
2577.1
2577.3
2577.3
2577.4
2577.6
2577.8
2578.0
2578.0
2578.1
2578.1
2578.2
2578.3
2578.4
2578.5
2578.5
2578.7
2578.7
2579.1
2579.7
2580.0
2580.2
2580.3
2580.3
2580.4
2580.4
2582.1
2583.3
2583.5
2584.0
2584.2
2584.5
2584.6
2584.9
2585.3
2585.7
2586.3
2587.0
2589.2
2603.2
2603.4
2603.7
2603.8
2603.9
2604.0
2604.0
2604.0
2604.0
2604.0
2604.0
2604.0
2604.0
2604.0
2604.0
2604.0
2604.0
2604.0
2604.0
2604.0
2604.0
2604.0
2604.0
2604.0
2604.0
2604.0
2604.0
2604.0
2604.0
2604.0
2604.0
2604.0
2604.1
2604.1
2604.1
2604.1
2604.1
2604.1
2604.1
2604.1
2604.1
2604.1
2604.1
2604.1
2604.1
2604.1
2604.1
2604.1
2604.1
2604.1
2604.1
2604.1
2604.1
2604.1
2604.1
2604.1
2604.1
2604.1
2604.1
2604.1
2604.1
2604.1
2604.1
2604.1
2604.1
2604.1
2604.1
2604.1
2604.1
2604.1
2604.2
2604.2
2604.2
2604.2
2604.2
2604.2
2604.2
2604.3
2604.3
2604.3
2604.3
2604.3
2604.3
2604.4
2604.4
2604.4
2604.4
2604.4
2604.5
2604.5
2604.6
2604.6
2604.7
2604.9
2604.9
2604.9
2605.1
2605.1
2605.2
2605.5
2609.0
2609.5
2610.1
2610.7
2610.8
2610.8
2610.8
2610.9
2610.9
2610.9
2610.9
2610.9
2610.9
2610.9
2611.0
2611.0
2611.0
2611.0
2611.0
2611.0
2611.0
2611.0
2611.0
2611.0
2611.1
2611.1
2611.1
2611.1
2611.1
2611.1
2611.1
2611.1
2611.1
2611.1
2611.1
2611.1
2611.2
2611.2
2611.2
2611.2
2611.3
2611.3
2611.3
2611.3
2611.3
2611.4
2611.4
2611.4
2611.4
2611.4
2611.4
2611.5
2611.5
2611.5
2611.5
2611.5
2611.5
2611.5
2611.5
2611.6
2611.6
2611.6
2611.6
2611.6
2611.7
2611.7
2611.7
2611.7
2611.8
2611.8
2611.9
2612.0
2612.0
2612.1
2612.1
2612.3
2612.3
2612.4
2612.4
2613.3
2613.7
2614.0
2614.1
2614.2
2614.4
2614.4
2615.2
2615.4
2615.6
2615.8
2616.6
2617.1
2617.4
2617.8
2618.1
2619.1
2619.1
2619.2
2619.2
2619.3
2619.3
2619.3
2619.4
2619.4
2619.4
2619.4
2619.5
2619.5
2619.5
2619.5
2619.5
2619.5
2619.6
2619.6
2619.6
2619.7
2619.7
2619.7
2619.7
2619.7
2619.8
2619.8
2619.8
2619.8
2619.9
2619.9
2620.0
2620.0
2620.0
2620.1
2620.3
2620.3
2620.4
2620.6
2620.7
2620.9
2621.2
2621.2
2621.5
2621.6
2621.7
2621.7
2622.0
2622.1
2622.2
2622.8
2622.9
2623.4
2623.5
2623.5
2623.5
2624.0
2624.1
2624.2
2624.6
2625.0
2625.6
2625.8
2625.9
2626.4
2627.0
2627.1
2627.1
2627.4
2627.5
2627.6
2627.6
2627.6
2627.7
2627.8
2627.8
2627.8
2627.8
2628.1
2628.2
2628.3
2628.4
2628.6
2628.9
2629.0
2629.0
2629.2
2629.2
2629.3
2629.4
2629.8
2630.0
2630.1
2630.3
2630.5
2630.7
2630.8
2631.0
2631.3
2632.0
2632.1
2632.3
2632.5
2633.3
2634.1
2635.4
2635.5
2635.7
2635.7
2636.5
2637.4
2637.6
2637.7
2637.9
2638.2
2640.0
2640.5
2641.0
2641.9
2651.3
2653.2
2720.3
2720.3
2720.3
2720.3
2720.3
2720.3
2720.3
2720.3
2720.3
2720.3
2720.3
2720.3
2720.3
2720.3
2720.3
2720.3
2720.3
2720.3
2720.3
2720.3
2720.3
2720.3
2720.3
2720.3
2720.3
2720.3
2720.3
2720.3
2720.3
2720.3
2720.3
2720.3
2720.3
2720.3
2720.3
2720.3
2720.3
2720.3
2720.3
2720.3
2720.3
2720.3
2720.3
2720.3
2720.3
2720.3
2720.3
2720.3
2720.3
2720.3
2720.3
2720.3
2720.3
2720.3
2720.3
2720.4
2720.4
2720.4
2720.4
2720.4
2720.4
2720.4
2720.4
2720.4
2720.4
2720.4
2720.5
2720.5
2720.5
2720.5
2720.5
2720.5
2720.5
2720.6
2720.6
2720.7
2720.7
2720.7
2720.7
2720.7
2720.8
2720.8
2720.8
2720.8
2720.8
2720.9
2721.0
2721.1
2721.1
2721.2
2721.3
2721.3
2721.4
2721.5
2721.5
2721.6
2721.7
2721.8
2721.8
2721.8
2724.4
2724.4
2724.4
2724.4
2724.4
2724.4
2724.4
2724.4
2724.4
2724.4
2724.4
2724.4
2724.4
2724.4
2724.4
2724.4
2724.4
2724.4
2724.4
2724.4
2724.4
2724.4
2724.4
2724.4
2724.4
2724.4
2724.4
2724.4
2724.4
2724.4
2724.4
2724.4
2724.4
2724.4
2724.4
2724.4
2724.4
2724.4
2724.4
2724.4
2724.4
2724.4
2724.4
2724.4
2724.4
2724.4
2724.4
2724.4
2724.4
2724.4
2724.4
2724.4
2724.4
2724.4
2724.4
2724.4
2724.4
2724.4
2724.4
2724.4
2724.4
2724.5
2724.5
2724.5
2724.5
2724.5
2724.5
2724.5
2724.5
2724.5
2724.6
2724.6
2724.7
2724.9
2724.9
2724.9
2725.0
2725.0
2725.0
2725.0
2725.1
2725.1
2725.2
2725.2
2725.4
2725.4
2725.5
2725.5
2725.8
2725.8
2725.9
2726.0
2726.4
2726.5
2726.8
2726.9
2727.1
2727.3
2727.3
2727.3
2727.9
2728.0
2728.0
2728.0
2728.0
2728.0
2728.0
2728.0
2728.0
2728.0
2728.0
2728.0
2728.0
2728.1
2728.1
2728.1
2728.1
2728.1
2728.1
2728.1
2728.1
2728.1
2728.1
2728.1
2728.1
2728.1
2728.1
2728.1
2728.1
2728.1
2728.1
2728.1
2728.1
2728.2
2728.2
2728.2
2728.2
2728.2
2728.2
2728.2
2728.2
2728.2
2728.2
2728.2
2728.2
2728.3
2728.3
2728.3
2728.3
2728.3
2728.3
2728.3
2728.3
2728.3
2728.4
2728.4
2728.4
2728.4
2728.4
2728.4
2728.4
2728.5
2728.5
2728.5
2728.5
2728.5
2728.5
2728.5
2728.6
2728.6
2728.8
2728.8
2728.8
2729.0
2729.0
2729.2
2729.2
2729.3
2729.4
2729.4
2729.4
2729.5
2729.5
2729.6
2729.8
2730.0
2730.0
2730.1
2730.5
2730.7
2730.8
2730.9
2731.6
2731.6
2732.1
2732.1
2732.2
2732.2
2732.2
2732.3
2732.3
2732.3
2732.3
2732.3
2732.3
2732.3
2732.3
2732.4
2732.4
2732.4
2732.4
2732.4
2732.4
2732.4
2732.4
2732.4
2732.4
2732.4
2732.4
2732.5
2732.5
2732.5
2732.5
2732.5
2732.5
2732.5
2732.5
2732.5
2732.5
2732.6
2732.6
2732.6
2732.6
2732.6
2732.6
2732.7
2732.7
2732.7
2732.7
2732.8
2732.8
2732.8
2732.8
2732.8
2732.8
2732.8
2732.8
2732.8
2732.9
2732.9
2732.9
2733.0
2733.0
2733.0
2733.0
2733.0
2733.1
2733.1
2733.2
2733.2
2733.2
2733.3
2733.3
2733.3
2733.3
2733.4
2733.5
2733.5
2733.5
2733.7
2733.9
2733.9
2734.0
2734.0
2734.0
2734.4
2734.5
2734.7
2734.8
2735.0
2735.0
2735.0
2735.0
2735.4
2735.6
2736.0
2736.6
2737.0
2737.0
2737.5
2738.2
2738.3
2738.6
2738.7
2738.7
2738.8
2738.8
2738.9
2738.9
2739.0
2739.0
2739.1
2739.1
2739.1
2739.1
2739.1
2739.1
2739.2
2739.3
2739.4
2739.4
2739.4
2739.5
2739.5
2739.5
2739.5
2739.6
2739.6
2739.7
2739.7
2739.7
2739.7
2739.8
2739.9
2739.9
2739.9
2740.0
2740.0
2740.0
2740.0
2740.0
2740.1
2740.1
2740.1
2740.1
2740.2
2740.3
2740.3
2740.4
2740.4
2740.5
2740.5
2740.5
2740.5
2740.6
2740.6
2740.6
2740.7
2740.8
2741.0
2741.1
2741.1
2741.3
2741.3
2741.4
2741.5
2741.6
2741.6
2741.7
2741.8
2741.9
2742.1
2742.3
2742.5
2742.6
2742.7
2742.8
2743.0
2743.9
2744.0
2744.1
2744.2
2744.5
2745.2
2745.7
2745.8
2746.4
2746.8
2746.8
2746.9
2747.4
2748.8
2748.8
2749.5
2752.3
2753.0
2758.5
2762.6
2887.4
2887.4
2887.4
2887.4
2887.4
2887.4
2887.4
2887.4
2887.4
2887.4
2887.4
2887.4
2887.4
2887.4
2887.4
2887.4
2887.4
2887.4
2887.4
2887.4
2887.4
2887.4
2887.4
2887.4
2887.4
2887.4
2887.4
2887.4
2887.4
2887.4
2887.4
2887.4
2887.4
2887.4
2887.4
2887.4
2887.4
2887.4
2887.4
2887.4
2887.4
2887.4
2887.4
2887.4
2887.4
2887.4
2887.4
2887.4
2887.4
2887.4
2887.4
2887.4
2887.4
2887.4
2887.4
2887.4
2887.4
2887.4
2887.4
2887.4
2887.4
2887.4
2887.4
2887.4
2887.5
2887.5
2887.5
2887.5
2887.5
2887.5
2887.5
2887.5
2887.6
2887.6
2887.6
2887.6
2887.6
2887.6
2887.6
2887.7
2887.7
2887.8
2887.8
2887.8
2887.8
2887.8
2887.8
2887.8
2887.9
2887.9
2887.9
2888.0
2888.0
2888.0
2888.1
2888.2
2888.2
2888.2
2888.2
2888.3
2891.5
2891.5
2891.5
2891.6
2891.6
2891.6
2891.6
2891.6
2891.6
2891.6
2891.6
2891.6
2891.6
2891.6
2891.6
2891.6
2891.6
2891.6
2891.6
2891.6
2891.6
2891.6
2891.6
2891.6
2891.6
2891.6
2891.6
2891.6
2891.6
2891.6
2891.6
2891.6
2891.6
2891.6
2891.6
2891.6
2891.6
2891.6
2891.6
2891.6
2891.6
2891.6
2891.6
2891.6
2891.6
2891.6
2891.6
2891.6
2891.6
2891.6
2891.6
2891.6
2891.6
2891.7
2891.7
2891.7
2891.7
2891.7
2891.7
2891.7
2891.7
2891.7
2891.7
2891.7
2891.7
2891.7
2891.8
2891.8
2891.8
2891.8
2891.9
2891.9
2892.1
2892.1
2892.2
2892.2
2892.3
2892.3
2892.4
2892.4
2892.4
2892.6
2892.6
2892.7
2892.8
2892.8
2892.8
2892.8
2893.1
2893.1
2893.2
2893.3
2893.4
2893.5
2893.8
2893.8
2893.9
2894.0
2894.0
2894.1
2895.2
2895.2
2895.2
2895.2
2895.2
2895.2
2895.3
2895.3
2895.3
2895.3
2895.3
2895.3
2895.3
2895.3
2895.3
2895.3
2895.3
2895.3
2895.4
2895.4
2895.4
2895.4
2895.4
2895.4
2895.4
2895.4
2895.4
2895.4
2895.4
2895.4
2895.4
2895.4
2895.4
2895.4
2895.4
2895.4
2895.5
2895.5
2895.5
2895.5
2895.5
2895.5
2895.5
2895.5
2895.5
2895.5
2895.5
2895.5
2895.5
2895.6
2895.6
2895.6
2895.6
2895.6
2895.6
2895.6
2895.6
2895.6
2895.6
2895.7
2895.8
2895.9
2895.9
2895.9
2895.9
2896.0
2896.0
2896.1
2896.1
2896.1
2896.1
2896.2
2896.4
2896.4
2896.5
2896.7
2896.8
2897.0
2897.2
2897.2
2897.2
2897.3
2897.4
2897.4
2897.6
2897.8
2898.0
2898.1
2898.3
2898.6
2898.8
2899.0
2899.5
2899.5
2899.7
2900.0
2900.0
2900.0
2900.0
2900.0
2900.0
2900.1
2900.1
2900.2
2900.2
2900.2
2900.2
2900.2
2900.2
2900.2
2900.3
2900.3
2900.3
2900.3
2900.4
2900.4
2900.4
2900.4
2900.4
2900.4
2900.4
2900.4
2900.4
2900.4
2900.5
2900.5
2900.5
2900.5
2900.6
2900.6
2900.6
2900.6
2900.6
2900.6
2900.6
2900.6
2900.6
2900.7
2900.7
2900.7
2900.7
2900.7
2900.7
2900.8
2900.8
2900.8
2900.8
2900.8
2900.9
2900.9
2900.9
2901.0
2901.0
2901.0
2901.0
2901.0
2901.1
2901.1
2901.1
2901.1
2901.3
2901.3
2901.5
2901.5
2901.5
2901.5
2901.6
2901.8
2902.0
2902.1
2902.3
2902.4
2902.6
2902.6
2902.7
2903.2
2903.4
2903.8
2903.8
2904.0
2904.1
2904.2
2904.3
2904.6
2905.0
2906.0
2906.5
2906.9
2907.4
2907.7
2909.0
2909.5
2909.5
2909.5
2909.6
2909.6
2909.7
2909.9
2910.0
2910.2
2910.2
2910.4
2910.4
2910.4
2910.6
2910.6
2910.6
2910.6
2910.6
2910.7
2910.8
2911.1
2911.2
2911.3
2911.4
2911.4
2911.4
2911.4
2911.6
2911.6
2911.7
2911.8
2911.8
2911.8
2912.0
2912.0
2912.0
2912.2
2912.2
2912.3
2912.5
2912.6
2912.6
2912.7
2912.7
2912.8
2912.8
2913.0
2913.0
2913.1
2913.2
2913.2
2913.3
2913.4
2914.2
2914.3
2914.3
2914.4
2914.4
2914.5
2914.6
2914.7
2914.9
2915.0
2915.1
2915.9
2916.7
2917.3
2917.5
2917.6
2917.7
2918.2
2918.4
2918.5
2919.1
2920.3
2922.6
2923.5
2924.1
2924.5
2932.0
2933.0
2934.9
2935.1
2939.4
2939.5
2939.6
2939.6
2939.6
2939.6
2939.6
2939.6
2939.6
2939.6
2939.6
2939.6
2939.6
2939.6
2939.6
2939.6
2939.6
2939.6
2939.6
2939.6
2939.6
2939.6
2939.6
2939.6
2939.6
2939.6
2939.6
2939.6
2939.6
2939.6
2939.6
2939.6
2939.6
2939.6
2939.6
2939.6
2939.6
2939.7
2939.7
2939.7
2939.7
2939.7
2939.7
2939.7
2939.7
2939.7
2939.7
2939.7
2939.7
2939.7
2939.7
2939.7
2939.7
2939.7
2939.7
2939.7
2939.7
2939.7
2939.7
2939.7
2939.7
2939.7
2939.7
2939.7
2939.7
2939.7
2939.7
2939.7
2939.7
2939.7
2939.7
2939.8
2939.8
2939.8
2939.8
2939.8
2939.8
2939.8
2939.9
2939.9
2939.9
2939.9
2940.0
2940.0
2940.0
2940.0
2940.1
2940.1
2940.1
2940.1
2940.2
2940.3
2940.4
2940.4
2940.5
2940.6
2940.7
2940.8
2941.0
2941.4
2946.3
2946.3
2946.4
2946.4
2946.4
2946.4
2946.5
2946.5
2946.5
2946.5
2946.5
2946.5
2946.5
2946.6
2946.6
2946.6
2946.6
2946.6
2946.6
2946.6
2946.6
2946.6
2946.6
2946.6
2946.6
2946.7
2946.7
2946.7
2946.7
2946.7
2946.7
2946.7
2946.7
2946.7
2946.8
2946.8
2946.8
2946.8
2946.8
2946.9
2946.9
2946.9
2946.9
2946.9
2946.9
2947.0
2947.0
2947.0
2947.0
2947.0
2947.0
2947.0
2947.0
2947.0
2947.1
2947.1
2947.1
2947.1
2947.1
2947.2
2947.2
2947.2
2947.2
2947.2
2947.2
2947.3
2947.4
2947.5
2947.5
2947.5
2947.5
2947.6
2947.8
2947.8
2947.9
2947.9
2948.0
2948.1
2948.5
2948.7
2949.1
2949.1
2949.5
2949.6
2949.6
2949.6
2950.6
2950.8
2950.8
2951.2
2951.6
2952.0
2953.1
2953.2
2954.2
2954.3
2954.3
2954.3
2954.3
2954.4
2954.5
2954.5
2954.5
2954.5
2954.5
2954.6
2954.6
2954.6
2954.6
2954.7
2954.7
2954.7
2954.7
2954.8
2954.8
2954.8
2954.8
2954.8
2954.8
2954.8
2954.9
2954.9
2955.0
2955.0
2955.0
2955.0
2955.1
2955.1
2955.3
2955.4
2955.5
2955.7
2955.7
2955.9
2956.0
2956.0
2956.2
2956.2
2956.4
2956.4
2956.6
2956.7
2957.0
2957.0
2957.1
2957.5
2958.0
2958.1
2958.2
2958.3
2958.3
2958.8
2959.0
2959.7
2959.8
2959.9
2960.3
2960.6
2961.4
2961.5
2961.7
2961.8
2961.9
2962.0
2962.0
2962.0
2962.1
2962.3
2962.6
2962.7
2962.8
2962.9
2962.9
2962.9
2963.0
2963.2
2963.2
2963.2
2963.6
2963.9
2964.0
2964.1
2964.1
2964.3
2964.3
2964.4
2964.6
2964.8
2965.1
2965.1
2965.3
2965.3
2965.5
2965.8
2965.8
2965.9
2966.6
2966.9
2967.0
2967.1
2967.7
2968.1
2968.3
2968.5
2968.7
2968.7
2969.1
2969.7
2969.9
2970.6
2971.8
2974.2
2974.3
2974.9
2975.4
2976.7
2979.0
2979.1
2982.3
2982.9
2983.3
2984.9
2987.3
