55
56
57
59
74
75
76
77
78
79
80
81
42
44
46
47
48
49
50
51
52
53
54
58
60
61
62
63
64
65
66
67
68
69
70
71
72
73
18
23
27
31
32
33
34
35
36
37
38
39
40
41
43
45
82
83
84
85
86
10
11
12
13
14
15
16
17
19
20
21
22
24
25
26
28
29
30
87
9
7
8
6
88
89
4
5
2
3
90
91
92
93
1
94
95
96
97
99
98
0
81
76
78
80
75
77
79
57
74
55
56
59
66
73
50
52
61
62
67
70
71
72
47
51
53
54
64
65
69
46
48
49
58
60
63
68
42
37
38
44
82
83
33
36
39
41
43
45
32
35
40
84
34
23
27
28
29
31
85
86
30
15
17
18
22
26
14
21
24
13
19
20
12
25
10
11
9
16
87
7
8
88
89
6
5
4
3
90
2
91
92
93
94
96
98
73
76
80
63
66
74
78
79
83
97
59
65
70
75
95
99
58
62
67
68
69
71
82
64
72
60
51
86
57
81
52
55
1
50
53
56
61
54
77
84
87
48
49
47
89
85
46
88
42
45
43
44
41
90
91
35
40
39
38
92
34
37
63
33
59
31
65
58
73
66
62
70
60
36
30
55
29
32
71
51
52
67
53
56
74
68
64
76
28
54
69
27
57
75
79
50
78
80
61
72
49
83
48
26
82
24
47
22
19
45
23
43
21
44
86
25
46
94
81
41
20
93
87
17
42
40
18
39
59
35
13
63
38
37
78
81
52
54
55
56
57
59
61
62
63
64
66
67
69
70
71
72
73
74
75
76
77
79
80
37
38
41
42
43
44
45
46
47
48
49
50
51
53
58
60
65
68
82
83
84
14
15
17
18
23
26
27
28
29
30
31
32
33
34
35
36
39
40
85
86
9
10
11
12
13
16
19
20
21
22
24
25
87
7
8
6
88
89
4
5
3
90
2
91
92
1
93
94
95
96
97
99
98
0
81
76
78
80
57
75
77
79
74
55
56
59
66
73
50
52
61
62
67
70
71
72
47
49
51
53
54
58
64
65
69
46
48
60
63
68
42
44
37
38
82
83
33
36
39
41
43
45
32
34
35
40
84
85
23
27
28
29
31
86
15
18
30
14
17
22
24
26
21
13
19
20
25
11
12
10
16
9
87
7
8
88
89
6
5
4
3
90
2
91
92
93
94
1
95
50
52
55
56
57
59
61
62
66
67
70
71
72
73
74
75
76
77
78
79
80
81
32
33
34
35
36
37
38
39
40
41
42
43
44
45
46
47
48
49
51
53
54
58
60
63
64
65
68
69
82
83
84
10
11
12
13
14
15
17
18
19
20
21
22
23
24
25
26
27
28
29
30
31
85
86
9
16
87
7
8
6
88
89
4
5
2
3
90
91
92
93
1
94
95
96
97
98
99
0
81
76
78
80
75
77
79
57
74
55
56
59
50
52
61
66
67
71
72
73
47
51
53
54
62
65
69
70
46
48
49
58
64
42
60
63
68
37
38
44
82
33
36
39
41
43
45
83
32
34
35
40
84
23
27
28
29
31
85
30
86
15
17
18
22
26
14
21
24
13
19
20
12
25
10
11
9
16
87
7
8
88
89
6
5
4
3
90
2
91
92
93
94
96
98
97
95
99
1
76
80
73
78
83
74
79
63
66
82
75
86
70
65
72
58
67
68
81
62
69
59
71
64
60
51
77
87
61
52
57
84
85
89
50
55
54
53
56
88
49
90
91
48
47
92
46
45
41
59
65
76
73
63
80
43
71
66
69
42
44
60
68
70
78
58
62
67
74
79
83
34
94
35
64
75
82
55
57
72
81
38
50
51
52
54
56
39
40
53
61
84
30
32
33
37
77
86
23
26
28
29
31
36
47
48
49
87
17
18
21
22
24
25
27
85
10
11
12
13
14
15
16
19
20
46
9
41
45
89
7
8
88
5
6
93
3
4
2
90
91
92
98
96
97
1
95
99
59
76
65
0
73
63
80
43
71
69
66
62
70
42
68
74
78
79
58
60
67
44
51
55
56
57
64
75
83
50
52
53
54
35
72
82
34
48
61
81
38
39
40
47
49
33
37
45
46
77
59
30
31
32
36
27
28
29
41
84
86
26
65
19
23
24
87
21
22
25
17
18
20
10
15
76
12
13
16
11
9
14
85
89
94
5
7
8
4
6
88
3
73
2
90
43
63
91
92
93
1
42
95
44
98
96
71
0
35
39
80
40
55
58
48
51
66
38
62
33
45
34
37
50
52
56
69
97
30
31
53
49
27
32
47
54
60
99
46
70
19
24
28
29
26
57
74
23
41
64
67
68
22
36
21
79
18
59
17
25
61
75
20
10
72
65
12
78
83
15
16
11
82
9
13
14
81
84
86
5
77
76
4
43
7
87
6
8
3
42
73
39
44
2
63
40
35
85
89
30
33
45
19
24
38
37
31
48
27
90
32
88
28
22
29
55
34
23
26
0
51
1
21
58
52
71
91
41
49
17
46
93
50
18
96
47
36
94
20
53
10
25
80
56
54
12
66
62
81
47
50
51
52
53
54
55
56
57
59
61
62
64
65
66
67
69
70
71
72
73
74
75
76
77
78
79
80
15
23
27
28
29
31
32
33
34
35
36
37
38
39
40
41
42
43
44
45
46
48
49
58
60
63
68
82
83
84
85
86
9
10
11
12
13
14
16
17
18
19
20
21
22
24
25
26
30
87
7
8
5
6
88
89
3
4
2
90
91
92
1
93
94
95
96
97
99
98
0
76
78
80
81
75
77
79
57
74
55
59
56
66
67
71
73
47
50
51
52
53
54
61
62
65
69
70
72
46
48
49
58
60
64
42
63
68
37
38
44
82
33
36
39
41
43
45
83
32
34
35
40
84
23
27
28
29
31
85
15
30
86
17
18
22
26
14
21
24
13
19
20
11
25
10
12
9
16
87
7
8
88
89
6
5
4
3
90
2
91
92
93
94
1
55
56
57
59
66
67
71
72
73
74
75
76
77
78
79
80
81
32
33
35
36
37
38
39
40
41
42
43
44
45
46
47
48
49
50
51
52
53
54
58
60
61
62
63
64
65
68
69
70
82
83
84
14
15
17
18
19
21
22
23
24
25
26
27
28
29
30
31
34
85
86
95
9
10
11
12
13
16
20
87
7
8
88
89
5
6
3
4
90
2
91
92
93
94
1
96
97
99
98
0
78
81
75
76
80
57
74
77
79
55
59
56
66
67
71
73
50
51
52
61
62
70
72
46
47
48
49
53
54
58
64
65
69
42
60
63
68
37
38
44
82
33
36
41
45
83
39
43
32
34
35
40
84
23
28
31
85
27
29
30
86
15
18
17
21
22
24
26
14
19
20
13
25
11
12
10
16
9
87
8
7
88
89
6
5
90
95
91
4
92
93
94
3
96
98
2
63
73
97
99
65
66
70
76
80
58
59
62
74
75
78
79
67
71
83
60
68
69
52
64
82
51
55
57
72
50
56
61
53
54
81
86
48
49
77
47
84
45
87
43
46
44
42
41
85
39
40
35
38
37
31
33
34
89
30
36
32
27
28
29
88
1
59
26
19
23
24
63
22
65
21
52
55
58
73
62
25
60
51
50
66
70
56
53
57
71
54
48
64
67
17
49
74
18
68
20
61
90
69
75
45
47
43
44
76
79
91
92
72
78
80
46
42
13
83
39
40
15
41
82
16
10
12
35
38
37
33
31
81
95
30
14
34
28
9
36
94
27
32
84
86
55
56
57
59
74
75
76
77
78
79
80
81
32
33
34
35
36
37
38
39
40
41
42
43
44
45
46
47
48
49
50
51
52
53
54
58
60
61
62
63
64
65
66
67
68
69
70
71
72
73
82
83
84
11
12
13
14
15
17
18
19
20
21
22
23
24
25
26
27
28
29
30
31
85
86
87
9
10
16
7
8
6
88
89
4
5
2
3
90
91
92
93
1
94
95
96
97
98
99
0
78
81
75
76
77
80
57
59
74
79
55
56
66
67
71
73
50
51
52
53
54
61
62
70
72
47
48
49
58
64
65
69
42
46
60
63
68
37
38
44
82
33
36
41
43
45
83
39
32
34
35
40
84
23
28
29
31
85
27
30
86
15
18
22
26
17
21
24
14
19
20
11
13
25
12
9
10
16
87
8
7
88
89
6
5
4
3
90
2
91
92
93
94
1
57
74
75
76
77
78
79
80
81
33
36
37
38
39
41
42
43
44
45
46
47
48
49
50
51
52
53
54
55
56
58
59
60
61
62
63
64
65
66
67
68
69
70
71
72
73
82
83
13
14
15
17
18
19
20
21
22
23
24
25
26
27
28
29
30
31
32
34
35
40
84
85
86
9
10
11
12
16
87
7
8
6
88
89
4
5
2
3
90
91
92
1
93
94
95
96
97
99
98
0
81
76
78
80
75
77
79
57
74
55
56
59
66
73
50
51
52
61
62
67
70
71
72
47
49
53
54
58
65
69
42
46
48
60
63
64
68
37
38
44
33
36
45
82
83
39
41
43
32
34
35
40
84
23
28
27
29
30
31
85
86
15
18
17
21
22
24
26
14
20
13
19
25
11
12
9
10
16
87
8
7
88
89
6
5
4
3
90
2
91
92
93
94
1
57
74
75
76
77
78
79
80
81
33
36
37
38
42
44
45
46
47
48
49
50
51
52
53
54
55
56
58
59
60
61
62
63
64
65
66
67
68
69
70
71
72
73
82
83
14
15
17
18
19
20
21
22
23
24
26
27
28
29
30
31
32
34
35
39
40
41
43
84
85
86
9
10
11
12
13
16
25
87
7
8
88
89
4
5
6
3
90
2
91
92
1
93
94
95
96
97
99
98
0
81
76
78
80
75
77
79
57
74
55
56
59
66
73
50
51
52
61
62
67
71
72
47
49
53
54
65
69
70
46
48
58
60
63
64
68
37
42
44
33
36
38
45
82
83
39
41
43
32
34
35
40
84
23
28
27
29
30
31
85
86
15
18
17
21
22
24
26
14
20
13
19
25
11
12
10
16
9
87
8
7
88
89
6
5
4
3
90
2
91
92
93
94
1
57
74
75
76
77
78
79
80
81
33
36
37
38
42
44
45
46
47
48
49
50
51
52
53
54
55
56
58
59
60
61
62
63
64
65
66
67
68
69
70
71
72
73
82
83
14
15
17
18
19
20
21
22
23
24
26
27
28
29
30
31
32
34
35
39
40
41
43
84
85
86
9
10
11
12
13
16
25
87
7
8
88
89
4
5
6
3
90
2
91
92
1
93
94
95
96
97
99
98
0
81
76
78
80
75
77
79
57
74
55
56
59
66
73
50
51
52
61
62
67
71
72
47
49
53
54
65
69
70
46
48
58
60
63
64
68
37
42
44
33
36
38
45
82
83
39
41
43
32
34
35
40
84
23
28
27
29
30
31
85
86
15
18
17
21
22
24
26
14
20
13
19
25
11
12
10
16
9
87
8
7
88
89
6
5
4
3
90
2
91
92
93
94
1
57
74
75
76
77
78
79
80
81
33
36
37
38
42
44
45
46
47
48
49
50
51
52
53
54
55
56
58
59
60
61
62
63
64
65
66
67
68
69
70
71
72
73
82
83
14
15
17
18
19
20
21
22
23
24
26
27
28
29
30
31
32
34
35
39
40
41
43
84
85
86
9
10
11
12
13
16
25
87
7
8
88
89
4
5
6
3
90
2
91
92
1
93
94
95
96
97
99
98
0
81
76
78
80
75
77
79
57
74
55
56
59
66
73
50
51
52
61
62
67
71
72
47
49
53
54
65
69
70
46
48
58
60
63
64
68
37
42
44
33
36
38
45
82
83
39
41
43
32
34
35
40
84
23
28
27
29
30
31
85
86
15
18
17
21
22
24
26
14
20
13
19
25
11
12
10
16
9
87
8
7
88
89
6
5
4
3
90
2
91
92
93
94
1
57
74
75
76
77
78
79
80
81
33
36
37
38
42
44
45
46
47
48
49
50
51
52
53
54
55
56
58
59
60
61
62
63
64
65
66
67
68
69
70
71
72
73
82
83
14
15
17
18
19
20
21
22
23
24
26
27
28
29
30
31
32
34
35
39
40
41
43
84
85
86
9
10
11
12
13
16
25
87
7
8
88
89
4
5
6
3
90
2
91
92
1
93
94
95
96
97
99
98
0
81
76
78
80
75
77
79
57
74
55
56
59
66
73
50
51
52
61
62
67
71
72
47
49
53
54
65
69
70
46
48
58
60
63
64
68
37
42
44
33
36
38
45
82
83
39
41
43
32
34
35
40
84
23
28
27
29
30
31
85
86
15
18
17
21
22
24
26
14
20
13
19
25
11
12
10
16
9
87
8
7
88
89
6
5
4
3
90
2
91
92
93
94
1
57
74
75
76
77
78
79
80
81
33
36
37
38
42
44
45
46
47
48
49
50
51
52
53
54
55
56
58
59
60
61
62
63
64
65
66
67
68
69
70
71
72
73
82
83
14
15
17
18
19
20
21
22
23
24
26
27
28
29
30
31
32
34
35
39
40
41
43
84
85
86
9
10
11
12
13
16
25
87
7
8
88
89
4
5
6
3
90
2
91
92
1
93
94
95
96
97
99
98
0
81
76
78
80
75
77
79
57
74
55
56
59
66
73
50
51
52
61
62
67
71
72
47
49
53
54
65
69
70
46
48
58
60
63
64
68
37
42
44
33
36
38
45
82
83
39
41
43
32
34
35
40
84
23
28
27
29
30
31
85
86
15
18
17
21
22
24
26
14
20
13
19
25
11
12
10
16
9
87
8
7
88
89
6
5
4
3
90
2
91
92
93
94
1
57
74
75
76
77
78
79
80
81
33
36
37
38
42
44
45
46
47
48
49
50
51
52
53
54
55
56
58
59
60
61
62
63
64
65
66
67
68
69
70
71
72
73
82
83
14
15
17
18
19
20
21
22
23
24
26
27
28
29
30
31
32
34
35
39
40
41
43
84
85
86
9
10
11
12
13
16
25
87
7
8
88
89
4
5
6
3
90
2
91
92
1
93
94
95
96
97
99
98
0
81
76
78
80
75
77
79
57
74
55
56
59
66
73
50
51
52
61
62
67
71
72
47
49
53
54
65
69
70
46
48
58
60
63
64
68
37
42
44
33
36
38
45
82
83
39
41
43
32
34
35
40
84
23
28
27
29
30
31
85
86
15
18
17
21
22
24
26
14
20
13
19
25
11
12
10
16
9
87
8
7
88
89
6
5
4
3
90
2
91
92
93
94
1
57
74
75
76
77
78
79
80
81
33
36
37
38
42
44
45
46
47
48
49
50
51
52
53
54
55
56
58
59
60
61
62
63
64
65
66
67
68
69
70
71
72
73
82
83
14
15
17
18
19
20
21
22
23
24
26
27
28
29
30
31
32
34
35
39
40
41
43
84
85
86
9
10
11
12
13
16
25
87
7
8
88
89
4
5
6
3
90
2
91
92
1
93
94
95
96
97
99
98
0
81
76
78
80
75
77
79
57
74
55
56
59
66
73
50
51
52
61
62
67
71
72
47
49
53
54
65
69
70
46
48
58
60
63
64
68
37
42
44
33
36
38
45
82
83
39
41
43
32
34
35
40
84
23
28
27
29
30
31
85
86
15
18
17
21
22
24
26
14
20
13
19
25
11
12
10
16
9
87
8
7
88
89
6
5
4
3
90
2
91
92
93
94
1
57
74
75
76
77
78
79
80
81
33
36
37
38
42
44
45
46
47
48
49
50
51
52
53
54
55
56
58
59
60
61
62
63
64
65
66
67
68
69
70
71
72
73
82
83
14
15
17
18
19
20
21
22
23
24
26
27
28
29
30
31
32
34
35
39
40
41
43
84
85
86
9
10
11
12
13
16
25
87
7
8
88
89
4
5
6
3
90
2
91
92
1
93
94
95
96
97
99
98
0
81
76
78
80
75
77
79
57
74
55
56
59
66
73
50
51
52
61
62
67
71
72
47
49
53
54
65
69
70
46
48
58
60
63
64
68
37
42
44
33
36
38
45
82
83
39
41
43
32
34
35
40
84
23
28
27
29
30
31
85
86
15
18
17
21
22
24
26
14
20
13
19
25
11
12
10
16
9
87
8
7
88
89
6
5
4
3
90
2
91
92
93
94
1
57
74
75
76
77
78
79
80
81
33
36
37
38
42
44
45
46
47
48
49
50
51
52
53
54
55
56
58
59
60
61
62
63
64
65
66
67
68
69
70
71
72
73
82
83
14
15
17
18
19
20
21
22
23
24
26
27
28
29
30
31
32
34
35
39
40
41
43
84
85
86
9
10
11
12
13
16
25
87
7
8
88
89
4
5
6
3
90
2
91
92
1
93
94
95
96
97
99
98
0
81
76
78
80
75
77
79
57
74
55
56
59
66
73
50
51
52
61
62
67
71
72
47
49
53
54
65
69
70
46
48
58
60
63
64
68
37
42
44
33
36
38
45
82
83
39
41
43
32
34
35
40
84
23
28
27
29
30
31
85
86
15
18
17
21
22
24
26
14
20
13
19
25
11
12
10
16
9
87
8
7
88
89
6
5
4
3
90
2
91
92
93
94
1
57
74
75
76
77
78
79
80
81
33
36
37
38
42
44
45
46
47
48
49
50
51
52
53
54
55
56
58
59
60
61
62
63
64
65
66
67
68
69
70
71
72
73
82
83
14
15
17
18
19
20
21
22
23
24
26
27
28
29
30
31
32
34
35
39
40
41
43
84
85
86
9
10
11
12
13
16
25
87
7
8
88
89
4
5
6
3
90
2
91
92
1
93
94
95
96
97
99
98
0
81
76
78
80
75
77
79
57
74
55
56
59
66
73
50
51
52
61
62
67
71
72
47
49
53
54
65
69
70
46
48
58
60
63
64
68
37
42
44
33
36
38
45
82
83
39
41
43
32
34
35
40
84
23
28
27
29
30
31
85
86
15
18
17
21
22
24
26
14
20
13
19
25
11
12
10
16
9
87
8
7
88
89
6
5
4
3
90
2
91
92
93
94
1
