8258
8073
8176
8212
7975
8154
8174
8206
8017
8084
8241
8272
7971
7981
8067
8096
8153
8181
8185
8232
8322
8380
8075
8129
8148
8273
7870
7983
7987
8065
8118
8120
8145
8262
8269
8270
8300
8319
8382
7980
8015
8029
8036
8040
8074
8076
8144
8187
8200
8237
8253
8289
8306
8333
8355
7900
7901
7959
8034
8054
8100
8111
8125
8143
8162
8196
8207
8234
8261
8276
8281
8286
8307
8357
8368
7774
7915
8082
8087
8093
8110
8122
8134
8136
8173
8179
8197
8229
8233
8265
8279
8285
8308
8395
7787
7906
7994
8032
8071
8094
8103
8127
8184
8194
8201
8257
8266
8327
8331
8334
8344
8376
7889
7949
7952
7953
7963
8028
8061
8077
8128
8131
8178
8195
8199
8220
8221
8230
8236
8243
8250
8254
8292
8301
8313
8325
8328
8379
8391
8403
8414
8425
7903
7942
7961
8024
8048
8092
8105
8135
8140
8149
8180
8216
8218
8249
8260
8275
8304
8309
8310
8315
8317
8359
8369
8390
8401
6234
7856
7895
7916
7951
8001
8018
8047
8060
8070
8089
8090
8091
8102
8167
8172
8223
8224
8252
8259
8264
8329
8360
8378
8383
8384
8387
8408
8473
7749
7878
7891
7938
7966
7973
7990
7995
8007
8025
8043
8124
8163
8166
8170
8198
8215
8238
8242
8245
8251
8263
8291
8294
8296
8299
8303
8347
8350
8351
8356
8377
8400
8455
8487
7880
7886
7913
7960
8020
8049
8099
8107
8116
8165
8191
8192
8214
8217
8247
8277
8283
8284
8302
8314
8316
8318
8349
8364
8388
8392
8430
7815
7826
7899
7972
7976
7978
7998
8006
8023
8027
8064
8068
8069
8078
8083
8088
8101
8115
8157
8159
8164
8169
8193
8203
8205
8246
8255
8311
8321
8337
8348
8420
8421
8440
7865
7872
7910
7912
7926
7927
7962
8005
8030
8046
8052
8066
8081
8085
8098
8183
8190
8209
8323
8336
8399
8402
8410
8423
8432
8495
7771
7825
7857
7861
7877
7979
7985
7996
7997
8057
8133
8150
8160
8177
8186
8202
8210
8219
8239
8248
8278
8338
8341
8365
8393
8396
8411
8450
8453
8454
8484
7767
7909
7946
7968
7986
7988
7993
8019
8050
8097
8109
8112
8113
8156
8161
8222
8228
8342
8374
8381
8413
8415
8416
8479
6135
6141
6237
7794
7805
7868
7896
7923
7941
7943
7945
7947
8002
8008
8013
8031
8059
8063
8123
8152
8231
8320
8324
8353
8354
8358
8373
8385
8404
8407
8451
8472
8508
6171
7686
7710
7822
7866
7902
7908
7935
7937
7954
8003
8041
8095
8130
8138
8139
8155
8211
8288
8290
8345
8361
8375
8389
8394
8427
6235
7810
7824
7867
7914
7932
7934
7936
7950
7991
7999
8012
8037
8053
8119
8147
8158
8240
8339
8371
8406
8412
8449
8481
8491
8524
8528
5905
7711
7719
7765
7802
7811
7848
7922
7925
8009
8014
8016
8042
8141
8151
8204
8267
8271
8343
8362
8439
8452
8465
8483
8485
8511
6011
6214
7713
7729
7792
7808
7837
7845
7863
7869
7875
7876
7884
7921
7930
7931
7933
7940
7956
7982
8010
8044
8072
8121
8137
8274
8287
8297
8367
8370
8372
8418
8435
8443
8444
8463
8467
8478
8519
5954
6043
6052
6225
6306
6513
7721
7732
7769
7784
7818
7846
7853
7864
7871
7883
7928
7964
7977
8038
8051
8058
8086
8142
8326
8346
8386
8397
8422
8442
8457
8459
8490
8499
5802
5866
6106
6111
6173
6209
6281
6284
6335
7402
7552
7618
7796
7800
7832
7844
7917
7920
7974
8033
8080
8104
8189
8332
8366
8424
8431
8445
8486
5875
6182
6254
6409
6459
6497
7256
7514
7698
7726
7759
7801
7803
7819
7834
7843
7967
8000
8011
8026
8039
8055
8062
8226
8405
8458
8474
8529
8533
5908
5933
6253
6326
6343
6415
7048
7570
7809
7821
7835
7838
7850
7855
7892
7893
7929
7969
8021
8045
8244
8352
8433
8437
8501
8505
8522
5820
5874
5886
5925
6022
6051
6194
6271
6307
6433
6637
7639
7739
7744
7752
7887
7955
7957
8295
8298
8441
8448
8464
8471
8476
8493
8525
6072
6081
6116
6188
6219
6224
6325
6351
6399
6454
6468
7829
7839
7841
7858
7873
7881
7885
7890
7898
7948
7958
8235
8335
8417
8475
8503
8509
8513
8541
5806
5815
5871
5962
6095
6113
6129
6133
6156
6208
6267
6332
6460
6476
6539
6552
6557
6677
7527
7660
7753
7777
7786
7812
7816
7833
7905
7989
7992
8108
8188
8363
8488
8489
8518
5577
5860
5881
5916
5964
6098
6183
6247
6320
6374
6664
6669
7459
7536
7780
7820
7823
7852
7924
8022
8168
8213
8428
8512
8515
5792
5839
5848
5974
6029
6089
6099
6140
6154
6165
6203
6286
6328
6342
6347
6417
6470
6479
6549
6708
6788
6806
7553
7720
7804
7970
8500
8577
5449
5885
5924
6074
6094
6179
6211
6270
6447
6494
6616
6744
7251
7397
7535
7566
7598
7668
7695
7725
7754
7757
7790
7830
7847
7874
7879
7897
7911
7944
7984
8056
8398
8480
8496
5771
5781
5821
5829
5946
6044
6086
6114
6202
6207
6213
6238
6242
6292
6305
6310
6319
6383
6410
6457
6499
6518
7046
7664
7691
7702
7708
7718
7723
7735
7737
7746
7770
7813
7840
7862
7904
8507
8532
5650
5660
5842
5904
5963
6010
6120
6197
6248
6291
6334
6371
6681
7145
7231
7259
7651
7667
7692
7751
7773
7795
7827
7851
7854
8436
8447
8462
8477
8538
8546
8564
5785
5786
5856
6003
6030
6093
6102
6119
6128
6198
6308
6396
6406
6573
6609
6645
7069
7298
7428
7522
7593
7681
7709
7727
7768
8429
8470
8482
8504
5553
5684
5685
5705
5751
5859
5934
5958
5999
6069
6084
6092
6143
6175
6258
6264
6278
6294
6295
6298
6317
6354
6413
6512
6532
6579
6587
6639
6702
6726
6730
6798
7304
7462
7474
7488
7489
7516
7563
7688
7758
7797
7828
7882
8446
8531
8536
8550
5612
5739
5793
5794
5796
5849
5921
6028
6071
6088
6127
6157
6162
6185
6229
6240
6269
6279
6285
6323
6333
6398
6403
6516
6535
6554
6556
7126
7265
7321
7375
7528
7623
7652
7741
7760
8438
8466
8494
8506
8542
8548
8573
5534
5750
5753
5818
5872
5897
5922
5955
5967
5985
6026
6032
6103
6122
6174
6181
6201
6256
6263
6277
6282
6297
6300
6303
6322
6357
6360
6362
6368
6393
6501
6505
6632
6633
7191
7288
7335
7551
7613
7631
7683
7761
7781
7860
7888
7939
8456
8460
8492
8517
8523
5542
5773
5826
5834
5853
5923
5942
6101
6108
6121
6138
6139
6158
6168
6189
6215
6245
6260
6262
6316
6484
6585
6623
6917
6960
7136
7508
7533
7606
7609
7612
7614
7677
7678
7684
7689
7738
7743
7762
7779
7842
8035
8497
8514
8535
8537
8576
4983
5580
5620
5698
5731
5857
5888
5945
5959
5982
5983
5990
6126
6137
6144
6170
6261
6329
6345
6397
6407
6458
6472
6541
6598
6643
6667
6768
6818
6954
7169
7242
7330
7361
7365
7366
7383
7519
7523
7530
7562
7592
7594
7599
7601
7624
7663
7712
7772
8516
8520
8530
8582
8587
5415
5554
5574
5735
5763
5770
5777
5948
5969
5972
5978
6110
6115
6176
6216
6249
6299
6340
6481
6503
6537
6712
6863
7018
7027
7061
7079
7141
7146
7380
7458
7524
7644
7670
7676
7714
7748
7764
7907
8469
8521
8526
8534
8549
8553
8584
5665
5713
5756
5769
5835
5861
5902
5930
5943
5961
6007
6027
6037
6060
6097
6109
6136
6193
6231
6283
6290
6422
6438
6615
6631
6705
6764
6836
7006
7151
7203
7408
7487
7495
7596
7619
7621
7646
7672
7722
7724
7766
7814
7918
8510
8567
5662
5677
5789
5810
5845
5890
6039
6057
6149
6180
6200
6228
6315
6318
6375
6426
6553
6592
6657
6661
6680
6782
6900
6909
6956
7216
7252
7318
7324
7423
7511
7543
7554
7581
7616
7630
7657
7789
8540
8559
8562
5353
5500
5506
5623
5642
5669
5716
5747
5748
5791
5876
5903
5940
5987
6002
6025
6040
6046
6118
6125
6172
6206
6289
6337
6366
6370
6388
6400
6448
6477
6489
6508
6568
6654
6735
6774
6911
6912
7028
7090
7176
7180
7182
7244
7299
7314
7382
7427
7463
7491
7578
7665
7763
7785
7793
7817
8543
8558
8613
5420
5643
5694
5764
5828
5847
5865
5891
5892
5900
5912
5971
6061
6062
6090
6155
6191
6226
6246
6311
6353
6424
6486
6496
6581
6582
6591
6646
6656
6668
6690
6713
6777
6808
6862
6891
7010
7026
7122
7144
7300
7371
7374
7376
7407
7431
7478
7569
7586
7608
7650
7706
7716
7791
8502
8568
8583
5038
5435
5486
5536
5570
5602
5603
5616
5700
5720
5737
5776
5837
5850
5906
5911
5941
5950
5998
6016
6124
6184
6274
6293
6336
6352
6381
6430
6434
6435
6445
6519
6527
6578
6589
6593
6686
6700
6704
6769
6858
6878
6985
7177
7197
7362
7409
7470
7498
7602
7625
7634
7649
7798
8560
5365
5562
5670
5681
5683
5686
5689
5844
5852
5914
5989
6017
6038
6059
6067
6082
6159
6167
6221
6272
6321
6330
6338
6358
6373
6376
6446
6449
6530
6577
6601
6627
6695
6711
6740
6801
6812
6845
6879
6918
6921
6955
6984
7036
7060
7117
7248
7284
7286
7320
7348
7468
7542
7640
7747
7783
8539
8565
8566
5428
5527
5568
5697
5703
5749
5787
5927
5981
5995
5996
6035
6070
6077
6117
6145
6164
6169
6178
6190
6251
6252
6276
6392
6408
6502
6510
6572
6576
6584
6625
6635
6729
6753
6894
6986
7109
7119
7120
7178
7225
7237
7238
7272
7315
7373
7393
7434
7440
7443
7482
7497
7544
7633
7635
7704
7715
7859
4925
5112
5334
5461
5464
5547
5557
5582
5654
5663
5688
5715
5734
5758
5782
5798
5838
5854
5928
5973
5979
6024
6147
6196
6265
6339
6350
6395
6416
6419
6455
6517
6520
6529
6536
6544
6629
6641
6662
6727
6728
6908
6942
6948
6966
7005
7011
7043
7115
7124
7161
7268
7289
7343
7344
7421
7435
7447
7550
7567
7575
7577
7653
7669
7701
7731
7734
7836
8572
8580
4873
5476
5504
5511
5592
5879
5883
5919
5932
6009
6034
6104
6152
6218
6268
6313
6369
6478
6487
6663
6736
6802
7047
7163
7170
7186
7240
7261
7283
7338
7424
7433
7457
7464
7494
7503
7547
7559
7595
7603
7638
7648
7659
7736
7755
7778
8561
8563
8594
8600
4895
5379
5385
5395
5518
5520
5581
5589
5590
5645
5724
5745
5767
5807
5823
5937
5939
5991
6041
6042
6080
6160
6187
6217
6304
6344
6349
6377
6405
6418
6482
6507
6514
6671
6715
6761
6814
6829
6885
6901
6943
6965
6983
6987
7042
7053
7066
7166
7188
7220
7235
7254
7282
7432
7450
7452
7517
7537
7617
7629
7694
7730
7806
8545
8555
8571
4592
4984
5474
5575
5625
5646
5693
5755
5761
5765
5804
5855
5858
5907
5910
6050
6054
6066
6142
6186
6199
6210
6404
6427
6436
6439
6453
6493
6540
6548
6561
6610
6621
6647
6696
6724
6739
6775
6794
6824
6838
6876
6880
6914
6925
6930
6935
6972
7063
7121
7269
7331
7381
7461
7515
7582
7656
7697
4683
5099
5266
5308
5324
5439
5594
5606
5647
5732
5743
5744
5880
5893
5895
5929
5935
6000
6004
6012
6076
6232
6314
6346
6382
6412
6428
6444
6498
6683
6714
6716
6720
6756
6759
6928
6970
6989
6992
7058
7128
7319
7329
7355
7410
7425
7453
7501
7539
7546
7605
7641
7647
7666
7756
8554
8569
8581
8601
4859
5223
5291
5321
5348
5399
5442
5528
5538
5624
5636
5652
5729
5742
5800
5819
5863
5887
5960
5984
6064
6100
6163
6359
6378
6463
6483
6515
6523
6563
6565
6571
6580
6672
6722
6747
6751
6881
6898
6947
6967
6993
7059
7192
7217
7395
7414
7441
7460
7485
7486
7520
7573
7576
7585
7588
7600
7622
7685
7687
7696
8575
8579
4764
4883
4906
5055
5056
5072
5526
5591
5605
5706
5746
5762
5768
5816
5825
5833
5926
5952
6049
6151
6192
6222
6287
6421
6425
6452
6462
6492
6533
6555
6575
6770
6783
6819
6823
6893
6897
7000
7003
7015
7085
7107
7108
7140
7142
7218
7273
7342
7351
7360
7413
7417
7439
7531
7564
7568
7662
7788
7807
4564
5019
5210
5475
5522
5673
5674
5757
5790
5814
5822
5884
5966
5997
6078
6130
6161
6204
6255
6312
6327
6411
6437
6442
6471
6528
6543
6840
7080
7100
7162
7306
7316
7406
7418
7451
7467
7490
7541
7590
7674
8544
8598
4921
5074
5107
5278
5408
5413
5465
5489
5558
5617
5622
5653
5704
5808
5817
5936
5970
6083
6177
6301
6521
6595
6618
6755
6817
6899
6950
6982
7105
7135
7275
7281
7387
7475
7506
7682
7699
7775
8547
8596
8606
4868
5095
5133
5279
5285
5398
5433
5491
5545
5597
5664
5719
5788
5841
5898
5909
6001
6014
6031
6132
6273
6387
6450
6488
6599
6658
6706
6709
6725
6732
6750
6752
6763
6791
6803
6846
6916
7007
7030
7070
7127
7138
7199
7274
7279
7327
7390
7420
7465
7579
7717
8574
8629
4667
5139
5281
5287
5367
5458
5488
5598
5649
5709
5710
5711
5738
5801
5878
5917
5931
5975
6241
6250
6324
6348
6469
6583
6602
6634
6796
6854
6872
6892
6933
6938
6961
6963
6969
7123
7302
7317
7323
7363
7379
7405
7426
7446
7473
7512
7513
7534
7548
7557
7627
7637
7673
7680
7705
8551
8578
4904
4994
5239
5296
5314
5335
5393
5560
5584
5599
5648
5657
5702
5772
5843
5877
5882
5920
5949
5988
6033
6068
6205
6495
6691
6699
6784
6889
6995
7034
7050
7097
7150
7340
7352
7353
7358
7412
7479
7507
7509
7532
7632
7675
8570
8592
4624
4888
5143
5270
5297
5355
5551
5567
5618
5726
5784
5811
5830
5846
5944
6005
6008
6153
6166
6212
6564
6594
6597
6679
6792
6870
6882
6919
7013
7021
7056
7062
7089
7099
7183
7190
7195
7212
7230
7241
7369
7378
7416
7483
7525
7628
7655
7693
7831
8614
8624
4587
4874
4912
5048
5080
5111
5214
5246
5332
5350
5469
5493
5563
5614
5615
5630
5632
5666
5696
5718
5947
5968
5986
6259
6401
6429
6509
6640
6648
6694
6780
6787
6804
6813
6834
6953
6979
7087
7102
7133
7172
7181
7223
7322
7332
7370
7448
7607
7728
8593
8633
4518
4537
4558
4680
4688
4783
5071
5233
5257
5271
5337
5377
5391
5418
5421
5894
5915
6058
6123
6296
6440
6480
6485
6560
6614
6642
6807
6810
6848
6868
6902
6905
6945
6951
6978
6988
7020
7095
7101
7111
7125
7132
7149
7179
7309
7372
7392
7437
8599
8616
4156
4334
4492
4497
4635
4821
5110
5131
5249
5262
5267
5316
5392
5427
5566
5588
5610
5680
5722
5741
5840
5957
6075
6402
6423
6524
6567
6590
6600
6653
6673
6718
6757
6765
6837
6855
6886
6920
7012
7068
7113
7285
7287
7394
7444
7455
7518
7558
7587
4487
4666
4894
5020
5082
5228
5360
5422
5426
5508
5514
5561
5593
5613
5692
5824
5836
5965
6107
6239
6302
6379
6473
6638
6790
6811
6815
6830
6833
6936
6964
6981
6996
6999
7067
7091
7167
7173
7234
7277
7356
7386
7438
7445
7472
7492
7529
7583
8588
4698
5132
5284
5328
5446
5573
5627
5668
5780
5867
5980
6023
6195
6309
6365
6420
6441
6443
6475
6506
6569
6608
6612
6613
6624
6626
6652
6707
6754
6785
6883
6971
7065
7094
7106
7175
7196
7233
7354
7436
7471
7499
7597
7610
7645
7671
8608
8623
8628
4585
4644
4656
4846
4971
5176
5315
5370
5455
5456
5676
5775
5870
5889
6021
6230
6356
6394
6525
6546
6606
6805
6852
6866
6874
6907
6910
6927
6949
6958
7098
7118
7219
7224
7313
7328
7339
7396
7398
7411
7480
7526
8589
8591
8611
8621
4597
4914
4998
5014
5026
5258
5417
5448
5510
5513
5595
5736
5760
5869
5977
6504
6550
6649
6697
6793
6851
6896
6913
7004
7016
7051
7243
7264
7294
7333
7334
7504
7505
7565
8640
4477
4754
4911
4933
5114
5151
5195
5199
5320
5357
5383
5402
5414
5468
5637
5641
5699
5701
5714
5851
5899
6020
6045
6146
6465
6545
6566
6628
6666
6687
6693
6767
6799
6861
6906
7185
7187
7214
7226
7347
7350
7466
7521
7661
4433
4495
4734
4814
4852
4952
5113
5288
5302
5384
5419
5438
5483
5569
5611
5631
5640
5754
5779
6048
6096
6456
6651
6684
6865
6922
6974
7131
7171
7194
7255
7290
7556
7658
8595
8603
4813
4860
4877
4885
4962
4974
4991
5047
5079
5165
5289
5354
5375
5443
5462
5482
5576
5604
5626
5717
5730
5799
5832
5976
6288
6331
6355
6361
6431
6467
6636
6682
6692
6758
6835
6877
7032
7037
7222
7346
7389
7401
7484
7500
7604
8627
4803
4970
5052
5098
5187
5436
5578
5672
5678
5725
5809
6474
6644
6841
7071
7246
7263
7295
7310
7589
7703
8620
4301
4763
4830
4898
4919
5035
5141
5164
5293
5358
5390
5509
5519
5655
5687
6065
6275
6491
6660
6856
6904
7008
7078
7229
7262
7349
7367
7385
7449
7477
7611
7700
8639
4581
4665
4767
4770
4899
4905
5120
5182
5192
5198
5205
5400
5425
5450
5466
5579
5797
6056
6341
6551
6604
6605
6659
6849
6890
7093
7245
7266
7307
7326
7364
7580
8607
4386
4491
4944
4980
5070
5155
5411
5432
5440
5651
5695
6364
6617
6703
6719
6760
6843
6939
6941
7054
7291
7400
7419
7493
8604
8605
3692
4571
4790
4879
4891
4926
4947
4956
4973
5094
5186
5188
5250
5351
5429
5497
5535
5918
6531
6586
6676
6742
6859
6952
6976
6998
7174
7215
7305
7476
4238
4411
4425
4540
4604
4649
4988
5022
5031
5062
5068
5077
5148
5183
5339
5473
5502
5515
5572
5583
5596
5609
5629
5667
5675
5868
6461
6678
6701
6776
6940
6975
7035
7073
7129
7345
4562
4628
4652
4809
4817
5053
5100
5102
5238
5245
5366
5374
5386
5499
5633
5638
5766
5951
6013
6389
6464
6562
6674
6685
6688
6825
6959
6977
7025
7049
7081
8619
4423
4541
4567
4575
4692
4704
4725
4784
4834
4900
4961
4992
5066
5075
5140
5184
5283
5303
5330
5352
5507
5555
6227
6380
6511
6559
6570
6596
6873
6923
6980
6990
7033
7208
7211
8586
4539
4661
4715
4757
4804
4845
4869
4927
5083
5207
5307
5323
5361
5394
5454
5484
5494
5571
5658
5740
5805
6085
6233
6526
6773
6869
6915
7029
7114
7260
7292
8590
3603
4710
4829
4847
4870
5046
5128
5163
5190
5349
5380
5431
5447
5621
6414
6778
6994
7001
7165
7198
7572
7584
3657
4086
4566
4569
4625
4726
4802
4949
5004
5166
5185
5255
5319
5344
5492
5512
5524
5530
5532
6675
6717
6741
6771
6857
7415
7422
8622
8652
8659
4432
4549
4749
4917
4997
5018
5180
5189
5273
5304
5363
5368
5387
5389
5470
5505
5546
5552
5619
5639
6223
6266
6558
7083
7096
7193
7270
7404
8635
4669
4696
4703
4714
4826
4853
4887
5054
5087
5158
5341
5356
5496
5529
5671
6574
6850
7076
7205
7210
7502
4476
4641
4678
4684
4755
4775
4886
4890
5010
5032
5265
5276
5318
5364
5472
5521
5707
5774
6112
6895
6957
7052
7227
7296
7442
7540
7636
8585
8634
8674
4399
4521
4651
4671
4693
4771
5015
5106
5108
5126
5127
5172
5234
5396
5467
5501
5541
5690
6734
6779
6797
6822
6946
7092
7134
7206
7239
8650
4465
4482
4508
4526
4989
5085
5191
5206
5268
5306
5463
5559
6091
6689
6997
7017
7075
7088
7139
7209
7481
8615
4417
4502
4727
4733
4774
4824
4851
4907
4951
4977
5021
5033
5058
5118
5144
5227
5286
5376
5873
5938
6611
6650
6721
6853
6932
7074
7130
7341
8617
8625
8632
4384
4731
4736
4737
4776
4843
4934
5024
5028
5039
5043
5086
5088
5109
5150
5156
5159
5204
5274
5424
5490
5600
6367
6887
7009
7024
7031
7189
7200
7249
3697
4547
4553
5134
5181
5405
5525
5608
5661
6547
6749
7168
7571
3963
4190
4340
4352
4515
4606
4617
4769
4920
5063
5251
5275
5457
5478
6047
6280
6655
6847
6968
7039
7057
7072
7154
7280
8636
4290
4306
4347
4655
4781
4848
4862
4903
4975
5078
5153
5272
5343
5345
5407
5471
5644
6015
7143
7153
7213
7303
7312
7368
7430
8610
8631
8658
3806
4536
4565
4697
4916
4941
4954
4959
4965
4993
5129
5178
5222
5312
5444
5634
6748
7022
7204
4385
4648
4841
4864
4876
4981
4987
5037
5089
5096
5215
5226
5331
5635
5712
6053
6603
6800
6826
7137
7549
8638
4052
4289
4393
4407
4506
4602
4616
4718
5105
5201
5565
6743
6821
7023
7055
7155
7184
4224
4364
4514
4533
4670
4730
4857
4940
4955
5060
5064
5090
5103
5224
5241
5243
5347
5459
5727
5862
6820
7045
7267
7336
4203
4428
4897
4943
4966
4986
5025
5147
5254
5378
5388
5412
5416
5451
5956
6385
6871
6929
7156
7301
8626
4402
4439
4449
4598
4650
4685
4709
4711
4745
4820
4861
4930
4932
5011
5325
8618
8637
8655
3706
3959
4419
4738
4743
4835
4837
4982
5168
5225
5372
6588
6844
6884
7038
7391
8681
4468
4490
4548
4659
4762
4780
4822
4882
4924
4969
5092
5121
5138
5170
5202
5242
5327
5381
5540
6937
7308
7337
8644
8654
8686
4169
4810
4827
5001
5326
5423
5487
6542
6867
7103
8643
4098
4314
4319
4324
4607
4758
4799
4823
5044
5229
5481
5723
6622
3763
4061
4104
4330
4427
4629
4713
4825
4875
4996
5041
5050
5219
5292
5336
5369
5659
6670
6733
6809
7082
3563
4014
4344
4467
4471
4507
4545
4568
4574
4609
4647
4675
4681
4742
4791
4795
4840
5006
5123
5157
5230
6723
7110
4246
4336
4513
4828
4881
4979
5005
5218
5261
5295
5342
5401
7159
7403
4512
4599
4712
4744
4793
4945
5013
5049
5154
5177
5280
5322
5406
7084
3514
3703
4015
4368
4752
4867
4964
5093
5161
5679
6786
6944
7002
7311
4316
4441
4603
4664
4716
4722
4748
5029
5173
5311
5585
7357
3716
3949
4147
4212
4483
4485
4493
4690
4706
5002
5097
5152
5194
5200
5252
8645
4026
4063
4112
4478
4554
4621
4627
4761
4782
4832
5067
5203
5253
5441
5516
5550
5586
8672
4248
4275
4337
4363
4586
4611
4663
4707
4801
4836
4915
4922
4963
5260
7207
7271
3696
4379
4552
4884
4972
5256
5298
8649
8677
3955
4600
4637
4654
4676
4687
4910
5124
5294
5301
8661
8667
4366
4498
4550
4866
4938
5016
4555
4595
4751
4796
4896
4990
4028
4207
4504
4570
4708
4805
4968
5045
5171
5317
4134
4258
4349
4542
4588
4601
4615
4724
4892
4913
4928
5040
5104
5209
5212
6864
3622
3888
4440
4612
4613
4686
4967
5061
5217
5232
8679
4228
4241
4295
4580
4605
4831
4942
4958
5065
5160
5259
5382
5403
6827
4043
5193
8630
3836
4520
4534
4561
4871
5003
6131
7147
8673
3986
4054
4126
4205
4453
4484
4524
4626
4717
4792
4918
5117
5299
5313
5340
5404
4494
4620
4622
4787
4854
4931
5135
5216
5290
4401
4472
4639
4668
4978
5628
7399
3714
3718
4004
4430
4525
4529
4556
5269
5485
5549
4356
4421
4496
4535
4662
4694
4699
4746
4773
5167
5264
8651
3909
4254
4350
4807
5477
8662
4260
4392
4499
4946
5017
5495
4049
4279
4371
4509
4531
4723
5231
5237
5329
4461
4489
4759
4815
4872
5036
5208
5309
5430
8660
3778
4108
4365
4544
4768
4778
4939
5008
5362
4265
4285
4358
4583
4614
4777
5305
5373
5479
5480
6731
8646
8656
3965
3982
4160
4264
4329
4381
4410
4426
4590
5244
5248
4284
4420
4442
4530
4672
4740
4909
5042
5142
5174
5175
3612
3816
4397
4923
5073
5196
5236
7496
3642
3662
4020
4065
4765
8648
8707
3774
3931
4294
4395
4464
4519
4551
4579
4634
4689
4695
4797
5116
5453
8668
3823
3967
4022
4261
4589
4800
4880
6962
8671
3620
4042
4267
4389
4475
4557
4901
4929
4960
5101
5282
4353
4632
5000
3939
4117
4409
4660
4741
4999
5137
5179
8687
3768
4435
4657
4679
4816
4948
4950
8641
4094
4372
4438
4445
4594
4596
4957
7574
4119
4623
4674
8689
4096
4159
4322
4858
4168
4268
4633
4812
4855
6831
8653
3936
4374
4422
4559
4563
4608
6772
4798
4808
4818
5007
3951
4021
4204
4785
4786
4893
4137
4444
4522
4645
5197
5310
4083
4095
4179
4375
5122
8669
3945
4233
4503
4756
3749
3947
4266
4735
4935
4447
4819
3643
3764
4111
4576
4721
5434
4172
4323
4378
4251
4313
4185
4223
4391
4458
3779
3808
3922
3943
3998
4152
4455
4719
5452
5338
5371
4345
4543
5059
5240
4099
4138
4747
3934
4274
4291
4355
4373
4412
4863
5119
5136
4272
4288
4304
4327
4141
4732
4794
4448
4577
4135
4416
4631
4772
4789
3915
4230
4252
4750
4842
3925
4582
4636
4865
5130
8693
3886
4640
4976
3561
3741
4114
4234
5057
8680
4089
4107
4380
4760
8682
3737
4450
6875
3911
3966
8663
3508
3756
4839
5543
4193
5708
3807
3940
3979
4573
5069
8688
3633
4220
4383
3912
4346
4359
4394
4995
5091
5235
3707
4035
5009
5498
3972
4653
4677
3640
4454
4532
3826
4097
4129
4131
4226
4413
4705
4739
4206
4481
8664
3715
3980
4908
5213
3752
4058
4463
4517
3770
4682
3743
4071
4106
4343
3796
4038
5012
3536
3978
4227
4315
4332
4643
8684
4113
4511
4546
4728
3905
4175
4474
4341
4849
3802
3883
4044
4415
4505
4572
4446
5081
4259
5084
5145
5220
8670
3709
4176
4247
3639
3791
4213
4630
8690
4181
4367
4118
4702
5523
4339
3916
4171
4387
4162
8678
3901
4451
4528
3540
4578
4310
4619
3572
4148
8642
3813
4307
3627
3769
4376
4501
4262
4325
3669
4139
3543
5051
3575
4007
4197
4443
4064
4177
3820
3921
5346
4510
5027
3659
8657
4013
4591
3667
4000
3720
4237
3941
4456
3624
4437
3629
4199
4235
4466
8208
3906
3588
4658
4184
4201
4269
4406
8683
3977
3736
3747
4225
3465
4370
3895
4031
4102
4351
3647
4183
4041
4144
4937
4092
4012
8685
4048
5076
3785
4308
4142
3581
4009
4229
3788
4046
3989
3956
3539
4001
3577
4429
3993
4074
3975
3876
4216
3626
3950
4418
3944
3885
8258
8073
8174
8176
8084
8212
8154
8272
8017
8067
8185
8206
7975
8096
8145
8269
7971
7981
8118
8237
8241
8253
8034
8120
8129
8144
8148
8181
8262
8270
8322
8015
8100
8153
8162
8232
8380
8036
8040
8075
8200
8234
8281
8300
8333
8382
7870
7983
8082
8093
8110
8122
8179
8196
8265
8273
8276
8286
8395
7980
7987
8054
8065
8087
8143
8229
8257
8319
8327
8357
7787
7959
8029
8074
8187
8233
8261
8279
8344
8355
7906
7953
8076
8094
8111
8125
8127
8131
8249
8266
8289
8301
8306
8307
8308
8368
7900
7901
7903
7915
8032
8061
8134
8136
8207
8230
8236
8250
8292
8317
8376
8414
7951
7963
8047
8092
8102
8103
8173
8197
8199
8224
8285
8310
8334
8403
7774
7949
7961
7994
8001
8024
8028
8071
8135
8149
8163
8180
8194
8216
8238
8245
8252
8264
8329
8369
8391
6234
7856
7938
8070
8128
8166
8184
8201
8220
8260
8294
8304
8313
8325
8351
7895
7913
7952
7995
8025
8043
8060
8077
8178
8195
8251
8275
8296
8328
8331
8356
8383
8384
7889
7973
8105
8116
8140
8157
8164
8167
8192
8218
8221
8243
8254
8255
8303
8349
8359
8379
8425
8473
7886
7966
7978
7990
8007
8048
8089
8099
8107
8159
8170
8223
8259
8283
8284
8309
8315
8388
8400
8401
7865
7878
7916
7942
7998
8052
8069
8081
8085
8098
8124
8172
8203
8263
8314
8321
8360
8377
8378
8387
8390
8408
8430
7960
8020
8027
8049
8091
8165
8277
8302
8316
8318
8364
8399
7749
7826
7891
8006
8018
8046
8050
8064
8078
8090
8133
8156
8160
8183
8193
8198
8209
8248
8299
8311
8337
8347
8365
8402
8432
8455
8487
7880
7912
7946
7962
7976
8057
8083
8097
8115
8186
8191
8210
8215
8217
8242
8247
8291
8341
8348
8350
8392
8413
8450
7815
7909
7968
8030
8113
8177
8190
8214
8246
8278
8396
8411
8420
8421
8453
6237
7868
7899
7927
8066
8068
8088
8109
8169
8205
8239
8324
8374
8410
8416
7857
7861
7972
7996
8023
8101
8323
8336
8338
8342
8353
8381
8393
8454
7872
7902
7926
7941
7943
7986
8112
8152
8231
8320
8389
8415
8423
6171
7824
7910
7934
7979
7985
7993
7997
8002
8012
8037
8123
8147
8155
8222
8228
8354
8427
8440
8491
8495
6141
7767
7825
7877
7945
8003
8005
8008
8009
8019
8130
8150
8202
8219
8339
8343
8361
8484
7771
7794
8119
8161
8267
8290
8358
6135
7802
7805
7896
7925
7947
7956
7988
8059
8211
8297
8373
8479
8508
7845
7923
7931
7932
7940
8014
8044
8095
8141
8151
8371
8407
8439
8451
8463
8481
8524
7732
7846
7875
7921
7935
7991
8031
8041
8121
8240
8287
8375
8394
8404
8511
8519
7822
7864
7866
7867
7908
7914
7950
7954
8013
8053
8063
8072
8139
8158
8288
8385
8422
8472
8528
6235
7686
7710
7729
7769
7837
7937
8138
8204
8386
8457
8467
8499
5954
7853
7933
7936
7982
7999
8058
8271
8345
8406
8412
8483
7711
7810
7818
7869
7922
7928
7977
8016
8026
8080
8104
8137
8274
8372
8397
8418
8435
8449
8452
8465
8478
7698
7726
7792
7967
8226
8362
8366
8444
8445
8485
6052
7514
7765
7808
7811
7892
7893
8000
8038
8055
8142
8332
8405
8424
8459
8474
8522
5905
6209
6214
6284
6513
7402
7713
7719
7784
7801
7832
7834
7848
7876
7917
7920
7974
8010
8011
8039
8042
8346
8433
8442
5933
6182
6306
7835
7863
7871
7930
8326
8352
6326
7552
7618
7844
7850
7855
7964
8033
8045
8051
8062
8367
8370
8490
8501
6011
6497
7752
7796
7838
7883
7884
7957
8086
8335
8417
8431
8437
8443
5886
5925
6022
6043
6454
7256
7777
7898
7948
7969
8471
8509
5866
6459
7721
7821
7887
8295
8486
8493
8505
5802
5815
5871
6111
6173
6225
7800
7841
8188
8189
8213
8298
8448
8503
8518
5875
6106
6116
6281
6307
6335
7744
7759
7786
7803
7858
7929
8021
8458
8475
8476
8533
6072
6254
7048
7819
7843
7924
8022
8428
8529
6113
6224
6332
6409
6433
7839
7989
8168
8464
5908
5916
6051
6549
6669
7570
7809
6081
6129
6253
6415
6460
6552
6557
7780
7823
7890
8108
8235
8244
8363
8513
5820
6074
6343
6374
6399
7251
7639
7668
7829
7944
5860
5874
6188
6271
6325
6468
6664
6677
7790
7812
7816
7881
7885
7955
8398
8441
8512
8515
5781
6637
7739
8056
8496
5839
6183
6208
6219
6342
6351
6539
7459
7527
7566
7753
7847
7852
7905
7958
7992
8525
6291
7754
7804
7840
8447
8462
8541
6098
6194
6320
6479
7725
7820
7873
8489
8500
6207
6292
6616
6708
7692
7708
7723
7735
7770
7827
8480
8577
5792
5806
5924
6029
6095
6133
6156
6417
6476
6494
7833
8488
8504
6086
6099
6211
6238
6609
7664
7691
7757
7830
7874
7984
8546
5881
5962
5974
6247
6267
7660
7688
7882
7970
5848
5885
6089
6120
6140
6305
6470
6744
6788
7897
7904
5660
5786
5859
5934
5946
6119
6310
6334
6396
6512
7652
7813
7854
8436
8477
5577
5964
6203
6286
6317
6383
7536
7553
7695
7720
7862
5842
6084
6213
6248
6270
6308
6499
6518
6579
7535
7651
7702
7737
7773
8446
8564
5785
5849
6003
6165
6347
6532
7488
7551
7741
7797
7828
8482
8494
5650
5963
6154
6179
6202
6328
6806
7259
7598
7667
7746
7751
7879
7911
8456
5771
6010
6093
6295
6406
6798
7758
7851
5999
6028
6094
6157
6264
6319
6447
7631
7678
7781
8035
8460
8506
8523
8532
8548
8550
5449
5821
6044
6114
6197
6242
6410
7397
7795
8429
8507
8538
5684
6069
6088
6198
6298
6360
6368
6398
6413
7522
7888
5753
6103
6185
6282
6585
6681
7191
7677
7761
7762
8438
8466
8516
5834
5904
5958
6371
6457
6645
7046
7069
7231
7718
7743
7768
8470
5793
6071
6143
6229
6269
6354
6554
6587
6730
7727
7760
8573
5969
6245
6262
6393
6397
6535
6556
6960
7169
7764
8576
5829
6092
6170
6573
7145
7298
7304
7462
7474
7489
7519
7563
7592
7601
7681
8531
5685
5818
5921
6102
6128
6174
6258
6639
7265
7375
7428
7623
7709
7939
8517
8542
5534
5731
5773
5955
6121
6256
6316
6345
6768
7383
7612
7663
7712
7779
8530
8582
8587
5856
5902
5961
6030
6109
6261
6537
7018
7593
7621
7907
8537
8549
8553
5739
5796
6333
6702
7288
7860
5794
6138
6181
6201
6263
6277
6541
7614
7683
5861
6144
6303
6458
6643
7523
7594
7644
7918
8534
5705
6007
6162
6175
6193
6278
7724
5553
5751
5897
6279
6294
6323
6726
7321
7335
7516
7738
8536
5945
6032
6122
6139
6297
6403
6407
6472
7606
7624
8492
6097
6110
6189
6216
6503
6615
7146
7562
7599
8469
8526
8567
5750
5972
6060
6180
6249
6508
6631
7528
7619
7748
5612
5872
5922
6127
6357
6505
6623
7126
7508
7613
7684
7842
8497
4983
5542
5982
5983
6215
6260
6362
6954
7061
7714
7772
6340
7676
8510
5763
6136
6661
6680
7318
8558
5747
5967
5985
6026
6108
6228
6240
6300
6322
6501
6516
6632
6690
6774
7511
7586
7609
7789
8502
8535
5764
5826
5853
5923
6126
6158
6285
6484
6496
6633
6917
7366
7689
8514
5698
5978
6037
6168
6176
7242
7330
7361
7458
7533
8521
5769
5777
6039
6315
6592
7324
7408
7495
7763
7814
5810
6200
6553
6900
7431
7463
7487
7491
7554
7650
7785
5580
5903
5941
5942
6061
6388
6434
6568
6589
7136
7407
7634
7665
5857
6101
6712
7027
7380
7649
5415
5554
5943
5948
5959
5990
6057
6422
7151
5713
5735
5789
6115
6283
6438
6657
6705
6836
7299
7578
7672
7766
5890
6172
6366
6591
7010
7180
7216
7706
5620
5828
5876
5888
6025
6206
6352
6527
6700
6735
6808
5536
5670
5737
6059
6481
6598
6667
6863
7144
7530
8520
5852
5930
5989
6038
6329
6373
6381
6572
6695
6818
6879
7203
7365
7497
7524
5574
5835
7817
5665
5669
5845
6289
6912
7543
8543
5623
5643
5748
6062
6226
7498
5616
6274
6435
6713
6878
6921
7470
5570
6082
6117
6191
6272
6299
6358
7141
7409
5770
6137
6251
6520
6529
7447
7657
7722
8565
8584
6338
6942
7079
7577
7581
7630
7670
7859
5353
5940
6027
6118
6911
6956
7427
7434
7616
5716
5865
5891
6426
6668
7569
5850
6336
6424
6519
7090
7716
5847
6221
6711
7640
5527
6376
6449
6593
7006
7177
5686
5715
5756
5758
6149
6231
6416
6577
6601
6740
6764
6918
7468
7544
7596
7646
5500
6178
6502
6641
6782
7252
7272
7315
7778
8559
6046
6290
6318
6629
6736
7028
5677
5892
6375
6486
6544
7300
7608
5506
6040
6353
6769
6862
6891
7382
7602
5837
6090
6370
6777
6159
6646
7625
5787
5689
6662
7005
7036
7043
7117
5642
6034
6070
7704
8540
6909
7314
7450
8580
5589
5662
5694
5791
5973
6041
6987
7423
7424
7435
8545
8562
8613
5476
7338
7371
7793
8571
5562
6448
8583
5776
5900
6184
5568
5950
6321
6430
6845
7348
7542
7747
6067
6635
6894
7443
6446
6801
7373
7268
7669
7734
6576
7109
7119
7120
7237
7547
6002
7457
7638
6187
6395
6489
7452
5420
7503
7736
5603
5720
5987
6155
6400
6477
7182
7244
7374
7798
5745
6125
6337
6404
6514
6654
6686
6858
7176
6311
6578
6582
6739
6985
7122
7319
7647
8539
6210
6704
6955
7248
7376
5700
6016
6017
6186
6445
6812
8560
5914
6510
7701
5557
6077
5979
6517
6966
7178
7320
7393
5883
7659
5464
5590
6419
7567
5520
5645
6507
7629
5991
6901
5486
5971
7053
7063
7559
5435
5911
6218
6427
6436
6656
7381
7478
5581
5606
5625
5929
7026
7362
8568
5912
7791
5998
6246
6581
6838
7269
7783
5906
6428
7461
7715
5365
5927
6753
7197
7460
7635
6004
6720
7414
4683
4925
6530
6716
7501
8566
5928
7115
7286
5428
7653
6190
6727
7238
7240
7595
7755
8563
8572
6625
5385
7836
5838
4895
6829
6943
6482
6814
6930
7515
5755
6050
5939
6418
7656
6080
7617
5594
5855
5935
6167
6627
5844
5602
6498
5038
6453
6775
7605
6293
6035
6124
6145
7060
7453
5683
6412
7218
5681
6024
7731
6492
7284
5703
5782
7550
6350
5624
6265
7482
6584
6722
6986
6993
7395
6487
7467
5688
6276
7047
7807
4883
6728
5112
6478
6147
5724
7254
5518
6160
5823
6715
5765
7494
6880
6152
6621
8555
6142
7806
6304
7121
5744
8569
6989
5863
7582
7441
7633
7440
5663
5461
5995
6330
5798
6000
6563
5582
5981
6948
7439
5399
5697
6984
7788
6893
7217
5996
5654
5749
4859
6543
6169
7603
6164
6729
7225
6575
6268
6663
7163
6392
5395
6908
5734
6536
7161
5334
6770
7261
5547
6349
5854
7135
6327
7124
5592
7166
6255
8544
5511
6078
5761
5910
6161
6540
6042
6344
7220
5646
5807
6983
7042
7282
7641
6444
6463
6483
6515
6724
6914
7585
5880
5984
7011
7058
5321
5800
5952
6192
6196
6339
6947
7289
7417
5475
5504
5706
6100
6252
6408
6437
6533
7003
7015
7162
7170
7344
7421
7433
7464
7575
7590
5379
5919
5932
6049
6204
6217
6377
6405
6455
7105
7186
7343
7418
7568
7730
7775
8600
5545
6076
6130
6132
6488
6647
6755
6802
6885
7066
7100
7406
7425
7648
7699
4868
5099
5528
5858
5907
6439
6561
6565
6696
7329
7387
7576
7666
5636
5732
5768
6425
6571
7410
8554
8581
4873
5465
5693
5816
5879
5926
5937
6009
6104
6313
6369
6493
6671
6761
7283
7674
7682
7694
7717
4984
5266
5439
5575
5719
5767
5801
5804
5819
6001
6012
6014
6177
6199
6314
6602
6610
6714
6928
7432
7537
7539
7546
7685
7697
8561
8594
8601
4764
5324
5538
5605
5822
5825
5893
5895
6580
6747
6817
6961
6970
7059
7085
7107
7128
7142
7192
7306
7486
7490
7564
7573
7673
8551
8579
4592
5558
5920
5970
5975
6031
6054
6064
6066
6083
6163
6346
6411
6471
6548
6683
6732
6759
6763
6794
6824
6876
6881
6925
6933
6965
6992
7050
7188
7235
7331
7426
7446
7517
7588
7696
7705
5393
5551
5673
5710
5729
5742
5808
5884
5960
5966
6151
6442
6528
6618
6752
6819
6972
6982
7000
7273
7485
7520
7531
7628
7655
7756
5133
5291
5308
5474
5522
5526
5584
5597
5599
5647
5743
5762
5784
5790
5817
5833
5931
6033
6212
6222
6232
6241
6287
6583
6725
6756
6783
6792
6823
6935
7007
7183
7190
7279
7342
7355
7413
7534
7622
7680
7687
7831
8547
8575
8592
5019
5055
5072
5143
5210
5281
5348
5489
5591
5622
5630
5652
5664
5772
5843
5882
5887
5909
6068
6324
6359
6378
6382
6421
6452
6523
6555
6594
6595
6672
6751
6834
6897
6898
6916
6938
6963
6967
7034
7070
7087
7150
7323
7363
7378
7379
7390
7473
7513
7541
7548
7579
7637
7675
7728
8606
4874
4921
5095
5223
5233
5355
5391
5433
5442
5566
5610
5617
5674
5718
5738
5746
5811
5830
5840
5878
5898
5936
5949
6058
6123
6153
6312
6387
6450
6462
6469
6485
6495
6640
6658
6673
6694
6837
6892
7021
7056
7080
7108
7132
7138
7199
7274
7316
7332
7360
7369
7420
7465
7479
7506
7509
7600
7662
8598
4564
4783
4906
5056
5278
5296
5314
5335
5408
5488
5493
5561
5618
5648
5702
5757
5997
6005
6008
6107
6205
6250
6301
6402
6473
6521
6524
6564
6634
6642
6691
6706
6709
6718
6780
6787
6791
6840
6854
6872
6988
6995
7030
7062
7065
7099
7101
7102
7123
7140
7167
7179
7275
7281
7302
7327
7351
7352
7370
7392
7448
7475
7558
7632
7645
8596
8599
8629
4537
4688
4904
5074
5107
5139
5228
5239
5249
5316
5367
5398
5413
5514
5649
5653
5696
5704
5709
5711
5722
5726
5780
5788
5814
5824
5841
5877
5957
6023
6166
6239
6273
6296
6365
6441
6475
6597
6599
6608
6614
6653
6699
6750
6796
6803
6846
6855
6883
6899
6902
6910
6919
6950
6964
6969
6979
7013
7020
7089
7111
7127
7212
7224
7230
7234
7285
7372
7386
7405
7451
7507
7512
7518
7529
7532
7587
7671
8570
8574
8578
8591
8593
8614
8616
8621
8624
4334
4487
4492
4667
4894
4994
5048
5071
5110
5111
5267
5270
5279
5285
5287
5315
5328
5402
5414
5421
5427
5448
5455
5458
5491
5560
5598
5613
5641
5657
5680
5741
5836
5869
5870
5915
5917
5988
6075
6309
6348
6423
6429
6443
6465
6560
6567
6569
6590
6613
6624
6638
6784
6807
6830
6848
6852
6868
6889
6905
6951
6996
7051
7067
7094
7097
7106
7125
7133
7175
7181
7195
7196
7223
7233
7313
7317
7322
7328
7339
7340
7353
7356
7358
7394
7398
7411
7412
7471
7472
7483
7521
7525
7557
7597
7627
7693
8588
4518
4558
4587
4624
4666
4680
4877
4888
4912
5020
5026
5080
5199
5214
5246
5257
5297
5332
5337
5360
5383
5418
5438
5469
5508
5510
5563
5567
5614
5615
5627
5632
5730
5775
5846
5899
5944
5947
5965
5968
5977
5980
5986
6021
6045
6259
6288
6302
6355
6356
6361
6379
6401
6440
6480
6509
6525
6648
6651
6679
6684
6687
6693
6754
6790
6804
6810
6813
6815
6833
6866
6870
6882
6886
6907
6913
6920
6922
6958
6978
6981
7012
7091
7095
7113
7118
7172
7173
7185
7187
7241
7263
7264
7277
7287
7309
7334
7389
7401
7416
7444
7455
7492
7499
7556
7565
7604
7607
7661
8608
8633
4156
4495
4497
4635
4656
4754
4821
4846
4852
4911
4962
4971
4998
5014
5047
5052
5082
5131
5141
5165
5176
5258
5271
5288
5350
5354
5377
5384
5392
5400
5456
5482
5573
5578
5588
5593
5631
5655
5666
5672
5676
5687
5692
5754
5760
5809
5832
5851
5867
5889
5894
6020
6048
6195
6275
6394
6420
6456
6474
6506
6546
6566
6600
6606
6626
6649
6666
6697
6719
6757
6765
6785
6793
6805
6811
6835
6861
6877
6904
6927
6945
6949
6953
6971
6999
7037
7068
7149
7222
7294
7307
7354
7367
7436
7437
7438
7445
7477
7480
7505
7526
7583
7610
7611
7703
8623
8627
8640
4386
4581
4597
4698
4790
4898
4914
4919
4933
4944
4952
5035
5114
5120
5132
5198
5262
5284
5289
5293
5351
5358
5370
5374
5417
5422
5425
5426
5429
5436
5446
5462
5468
5483
5513
5535
5595
5629
5640
5651
5668
5714
5717
5736
5797
5799
5918
6065
6096
6230
6504
6545
6612
6628
6636
6644
6652
6660
6676
6678
6682
6703
6707
6758
6760
6799
6849
6851
6865
6874
6890
6896
6936
6941
6976
6977
7004
7008
7016
7078
7093
7098
7131
7171
7194
7215
7219
7226
7245
7333
7347
7385
7396
7400
7476
7484
7493
7504
7580
7658
8589
8603
8604
8607
8611
8628
4301
4411
4433
4477
4585
4644
4665
4692
4734
4763
4767
4770
4803
4814
4860
4885
4891
4905
4927
4970
4973
4974
4991
5031
5070
5079
5094
5098
5102
5113
5151
5187
5195
5205
5238
5245
5250
5302
5303
5320
5323
5352
5357
5366
5375
5386
5390
5394
5419
5440
5473
5509
5569
5572
5576
5579
5583
5604
5609
5621
5637
5658
5667
5678
5699
5701
5725
5779
5805
5868
5951
5976
6056
6146
6227
6266
6331
6364
6380
6389
6431
6464
6467
6491
6531
6550
6570
6586
6596
6604
6605
6617
6674
6688
6692
6767
6776
6825
6906
6915
6974
6990
6994
7001
7025
7032
7035
7054
7073
7129
7174
7214
7229
7243
7246
7255
7262
7266
7270
7290
7291
7295
7310
7326
7345
7346
7349
7350
7422
7449
7466
7500
7572
7584
7700
8595
8619
3603
4238
4423
4491
4539
4540
4549
4562
4571
4649
4652
4669
4725
4775
4784
4813
4826
4830
4834
4845
4879
4886
4899
4926
4947
4956
4980
4988
4992
5022
5053
5054
5066
5068
5077
5140
5148
5155
5158
5164
5166
5180
5182
5183
5184
5188
5192
5304
5307
5330
5339
5344
5361
5431
5432
5443
5447
5450
5466
5484
5505
5507
5512
5515
5519
5521
5524
5541
5571
5611
5619
5626
5633
5638
5695
5766
6013
6091
6233
6341
6414
6461
6551
6562
6574
6659
6675
6685
6701
6717
6771
6773
6797
6841
6843
6856
6859
6869
6873
6895
6939
6940
6946
6957
6959
6998
7017
7033
7049
7052
7071
7096
7165
7208
7209
7210
7211
7227
7260
7292
7305
7364
7419
7502
7589
7636
8586
8590
8620
8622
8639
3692
4399
4425
4476
4502
4526
4541
4567
4569
4575
4604
4625
4628
4641
4651
4661
4678
4703
4704
4714
4715
4726
4731
4733
4749
4771
4804
4809
4817
4824
4829
4870
4887
4900
4961
5004
5015
5018
5021
5024
5033
5043
5046
5058
5062
5075
5083
5100
5106
5109
5127
5150
5159
5186
5189
5207
5265
5274
5276
5318
5319
5341
5343
5349
5356
5363
5364
5368
5380
5387
5389
5396
5411
5424
5454
5467
5470
5492
5494
5496
5497
5499
5502
5529
5530
5532
5552
5555
5559
5596
5608
5671
5675
5707
5740
5873
5938
6015
6085
6223
6280
6511
6526
6547
6558
6559
6611
6650
6741
6742
6778
6850
6887
6923
6932
6952
6968
6975
6980
7009
7029
7057
7074
7075
7081
7083
7092
7114
7134
7189
7193
7205
7239
7312
7341
7415
7481
7571
8585
8605
8615
8635
8652
8674
3657
3697
4086
4347
4364
4384
4417
4432
4508
4515
4521
4553
4566
4602
4655
4671
4684
4693
4710
4727
4736
4755
4757
4776
4781
4802
4841
4847
4851
4857
4862
4869
4890
4907
4916
4917
4934
4940
4941
4949
4954
4965
4997
5010
5028
5032
5085
5086
5087
5096
5105
5108
5118
5126
5128
5144
5156
5163
5178
5181
5185
5190
5191
5204
5206
5227
5234
5241
5251
5254
5255
5273
5275
5283
5286
5345
5376
5407
5444
5463
5471
5472
5478
5490
5501
5525
5546
5634
5639
5690
5774
5862
6112
6385
6603
6689
6721
6734
6743
6749
6800
6820
6822
6826
6847
6853
6857
7022
7039
7055
7072
7076
7139
7143
7154
7198
7204
7206
7213
7249
7280
7296
7301
7336
7368
7404
7442
7540
7549
8610
8617
8625
8634
8650
8658
8659
3963
4052
4061
4190
4224
4306
4319
4340
4344
4352
4393
4402
4407
4428
4465
4482
4506
4507
4514
4533
4536
4547
4565
4598
4606
4616
4617
4696
4709
4718
4730
4737
4742
4745
4769
4774
4793
4810
4822
4823
4825
4835
4837
4843
4848
4853
4876
4882
4897
4903
4920
4930
4932
4943
4951
4966
4977
4986
4987
4989
4993
5006
5025
5039
5060
5063
5078
5088
5089
5090
5129
5134
5153
5172
5201
5215
5219
5222
5243
5268
5272
5306
5312
5327
5347
5378
5405
5412
5416
5451
5457
5459
5600
5635
5644
5659
5661
5712
5723
5727
5956
6047
6053
6367
6588
6622
6655
6748
6779
6821
6844
6937
6997
7023
7024
7031
7038
7088
7103
7130
7153
7155
7156
7168
7184
7200
7267
7303
7391
7430
8618
8626
8631
8632
8636
8654
3703
3706
3806
4015
4026
4169
4203
4246
4289
4290
4324
4368
4385
4419
4427
4439
4441
4449
4468
4490
4513
4545
4548
4554
4568
4586
4599
4600
4607
4629
4648
4650
4659
4670
4681
4685
4697
4711
4738
4748
4758
4762
4782
4791
4799
4801
4820
4827
4828
4840
4861
4864
4866
4875
4881
4924
4955
4959
4964
4975
4979
4981
4982
5001
5011
5013
5037
5041
5050
5064
5067
5092
5093
5097
5103
5121
5123
5138
5147
5152
5154
5157
5168
5170
5173
5177
5224
5226
5230
5242
5261
5295
5325
5326
5331
5369
5372
5388
5423
5481
5487
5540
5565
5585
5586
5679
6542
6670
6867
6871
6884
6929
6944
7045
7082
7084
7137
7159
7308
7337
7357
7403
8637
8638
8643
8644
8655
3514
3563
3763
3949
3959
4014
4098
4104
4147
4212
4248
4275
4295
4314
4316
4330
4336
4337
4363
4379
4467
4471
4478
4485
4493
4498
4504
4512
4570
4574
4595
4603
4609
4621
4637
4647
4654
4664
4675
4686
4687
4690
4706
4708
4712
4713
4722
4724
4743
4744
4752
4761
4780
4795
4805
4836
4867
4884
4892
4910
4913
4915
4918
4922
4928
4938
4942
4945
4969
4972
4996
5002
5003
5005
5029
5044
5049
5061
5124
5161
5193
5194
5200
5202
5203
5217
5218
5225
5229
5232
5252
5253
5256
5259
5280
5292
5298
5301
5311
5322
5336
5342
5381
5401
5404
5406
5441
6723
6733
6786
6809
6864
7002
7110
7207
7271
7311
8645
8661
8667
8672
8677
8681
8686
3696
3716
3888
3955
3986
4004
4028
4043
4063
4112
4134
4207
4228
4241
4254
4258
4260
4349
4356
4366
4392
4440
4472
4483
4494
4496
4520
4524
4525
4529
4534
4542
4550
4552
4555
4561
4580
4583
4588
4601
4605
4611
4612
4613
4614
4615
4626
4627
4639
4663
4676
4699
4707
4716
4717
4723
4740
4746
4751
4792
4796
4807
4815
4832
4872
4896
4909
4931
4946
4958
4963
4967
4968
4978
4990
5016
5017
5040
5045
5065
5104
5117
5135
5160
5167
5171
5209
5212
5216
5260
5294
5305
5317
5362
5373
5382
5430
5477
5479
5495
5516
5550
5628
6131
6731
6827
7399
8630
8649
8651
8673
8679
3622
3642
3714
3718
3778
3836
3909
3931
3965
3967
4022
4054
4065
4126
4160
4205
4265
4279
4284
4285
4350
4358
4365
4371
4372
4381
4395
4397
4401
4409
4410
4420
4421
4422
4426
4430
4442
4453
4484
4489
4499
4530
4531
4535
4544
4551
4556
4563
4589
4620
4622
4623
4662
4668
4672
4679
4694
4695
4741
4759
4765
4768
4773
4777
4778
4786
4787
4800
4808
4816
4818
4831
4854
4871
4880
4901
4939
4948
4960
5036
5042
5073
5116
5137
5174
5196
5208
5231
5237
5264
5269
5282
5290
5299
5309
5313
5329
5340
5403
5480
5485
5549
6772
6831
6962
7147
7496
7574
8648
8660
8668
3612
3620
3662
3768
3774
3816
3823
3939
3982
4020
4021
4042
4049
4094
4095
4108
4111
4117
4159
4168
4179
4185
4204
4233
4251
4261
4264
4266
4267
4268
4272
4294
4311
4322
4329
4353
4374
4375
4389
4391
4435
4438
4444
4445
4447
4458
4461
4464
4475
4503
4509
4519
4543
4557
4559
4579
4590
4594
4596
4608
4632
4634
4660
4674
4689
4747
4794
4797
4798
4812
4819
4855
4858
4863
4893
4923
4929
4935
4950
4957
4999
5000
5007
5008
5059
5101
5119
5122
5142
5175
5179
5236
5244
5248
5310
5338
5434
5452
5453
8227
8256
8641
8646
8653
8656
8662
8671
8687
8689
8707
3358
3418
3429
3455
3459
3460
3500
3517
3534
3545
3557
3592
3598
3600
3617
3643
3670
3689
3690
3719
3741
3749
3754
3756
3764
3779
3781
3782
3793
3815
3819
3828
3834
3840
3842
3853
3861
3864
3865
3870
3887
3903
3904
3919
3922
3925
3936
3945
3947
3951
3952
3962
3964
3966
3968
3988
3997
3998
4006
4010
4069
4076
4083
4084
4096
4099
4105
4110
4114
4119
4123
4135
4137
4138
4141
4146
4152
4154
4155
4161
4167
4172
4178
4186
4188
4192
4195
4200
4219
4220
4223
4230
4231
4232
4239
4242
4244
4256
4270
4281
4282
4287
4288
4291
4296
4302
4313
4317
4320
4323
4327
4333
4338
4345
4355
4360
4362
4378
4380
4396
4412
4416
4455
4522
4527
4538
4576
4631
4633
4640
4645
4657
4732
4735
4750
4756
4760
4772
4785
4788
4789
4842
4844
4856
4865
4889
4976
5115
5136
5197
5240
5277
5371
5543
6875
8182
8669
8682
8692
8695
8699
8700
8712
8714
8719
8722
8759
8760
3245
3280
3317
3336
3338
3343
3359
3376
3401
3405
3407
3408
3422
3439
3458
3461
3464
3468
3473
3478
3480
3484
3499
3508
3518
3519
3520
3526
3527
3532
3533
3551
3555
3561
3562
3567
3574
3579
3580
3584
3585
3589
3590
3605
3610
3613
3614
3616
3628
3631
3632
3634
3648
3651
3654
3655
3660
3663
3672
3674
3675
3677
3678
3679
3681
3684
3685
3686
3688
3693
3695
3700
3701
3705
3710
3713
3717
3722
3724
3728
3729
3737
3738
3742
3744
3748
3750
3752
3755
3760
3762
3766
3770
3775
3776
3780
3783
3789
3797
3800
3804
3808
3810
3812
3814
3817
3818
3821
3824
3826
3829
3830
3831
3835
3837
3838
3844
3845
3847
3849
3854
3855
3856
3857
3866
3871
3873
3874
3877
3878
3880
3881
3882
3886
3889
3890
3891
3892
3893
3894
3896
3897
3898
3910
3911
3912
3915
3918
3923
3926
3927
3933
3934
3938
3940
3942
3943
3946
3954
3957
3958
3960
3961
3970
3973
3974
3976
3978
3979
3983
3984
3985
3987
3991
3994
3995
4002
4003
4017
4033
4035
4036
4039
4040
4047
4050
4053
4056
4057
4059
4060
4067
4070
4071
4073
4077
4078
4080
4085
4087
4088
4089
4090
4093
4101
4103
4106
4107
4109
4115
4116
4124
4125
4130
4131
4132
4140
4145
4150
4151
4158
4163
4166
4170
4174
4180
4182
4193
4194
4198
4206
4208
4210
4213
4214
4215
4218
4226
4234
4240
4245
4250
4252
4255
4259
4263
4274
4276
4280
4283
4297
4300
4303
4304
4305
4309
4315
4321
4328
4332
4346
4354
4357
4359
4373
4377
4383
4388
4394
4405
4413
4414
4415
4436
4448
4450
4457
4462
4469
4470
4481
4486
4517
4532
4546
4573
4577
4582
4584
4593
4636
4638
4653
4673
4677
4682
4719
4721
4728
4729
4739
4779
4833
4839
4849
4908
4936
5009
5012
5057
5069
5091
5130
5213
5235
5359
5498
5708
6243
8282
8305
8663
8664
8670
8675
8676
8680
8688
8693
8696
8702
8703
8704
8705
8706
8709
8710
8711
8713
8715
8716
8721
8728
8729
8732
8737
8750
8751
2649
2861
3057
3189
3224
3226
3269
3311
3320
3323
3326
3329
3334
3342
3344
3353
3357
3367
3368
3369
3372
3375
3378
3380
3382
3392
3396
3397
3399
3403
3404
3410
3411
3413
3421
3427
3431
3441
3444
3450
3451
3454
3463
3467
3471
3472
3474
3475
3481
3482
3486
3487
3488
3490
3492
3494
3496
3497
3498
3501
3502
3504
3506
3507
3509
3515
3524
3525
3535
3537
3541
3542
3547
3550
3552
3558
3559
3564
3565
3568
3569
3573
3578
3587
3591
3593
3599
3602
3607
3611
3615
3621
3625
3627
3630
3633
3637
3638
3640
3641
3645
3646
3652
3653
3656
3658
3661
3664
3666
3673
3687
3691
3694
3698
3699
3702
3704
3707
3708
3709
3711
3715
3721
3726
3730
3733
3734
3740
3743
3745
3746
3757
3758
3759
3761
3769
3771
3772
3777
3784
3791
3792
3794
3795
3801
3803
3805
3807
3809
3811
3827
3832
3833
3848
3859
3862
3863
3867
3868
3879
3884
3899
3900
3901
3905
3907
3913
3916
3920
3928
3929
3930
3932
3953
3969
3972
3980
3981
3990
3992
3996
3999
4005
4018
4019
4023
4024
4025
4027
4029
4038
4055
4058
4062
4066
4079
4081
4097
4100
4113
4118
4122
4128
4129
4133
4139
4143
4148
4149
4157
4162
4171
4173
4175
4176
4181
4189
4196
4202
4217
4221
4227
4247
4249
4257
4273
4277
4286
4298
4299
4310
4318
4331
4335
4341
4343
4348
4367
4369
4387
4398
4403
4424
4431
4454
4463
4474
4501
4505
4510
4511
4528
4572
4610
4643
4702
4705
4811
4850
4995
5034
5051
5081
5084
5145
5220
5523
8106
8225
8642
8678
8694
8701
8708
8717
8718
8720
8723
8726
8730
8731
8733
8736
8738
8740
8741
8742
8743
8744
8745
8746
8748
8749
8762
8771
8776
8779
2122
2482
2526
3006
3119
3149
3181
3182
3196
3210
3242
3257
3258
3262
3271
3273
3274
3279
3285
3287
3303
3307
3315
3324
3330
3332
3337
3345
3351
3354
3384
3391
3394
3398
3402
3409
3412
3414
3417
3419
3420
3426
3430
3434
3435
3445
3446
3449
3453
3456
3457
3477
3483
3489
3505
3521
3528
3529
3530
3531
3536
3540
3546
3553
3556
3566
3571
3572
3586
3594
3595
3596
3597
3618
3639
3644
3665
3668
3671
3720
3731
3735
3739
3751
3790
3796
3799
3802
3813
3820
3822
3839
3841
3843
3846
3852
3858
3872
3883
3902
3914
4000
4007
4011
4013
4030
4037
4044
4064
4091
4187
4197
4235
4236
4237
4262
4278
4307
4325
4339
4376
4437
4443
4446
4451
4456
4466
4516
4578
4619
4630
5027
5211
5346
5556
8079
8293
8330
8409
8657
8684
8690
8698
8735
8747
8753
8754
8755
8761
8765
8766
8767
8770
8772
8773
8780
8782
8788
2202
2261
2299
2316
2325
2346
2365
2385
2403
2417
2435
2453
2469
2485
2494
2522
2534
2557
2571
2592
2661
2691
2783
2864
2919
2924
2929
2945
2974
2986
2988
3004
3016
3017
3085
3092
3177
3178
3183
3184
3193
3213
3221
3222
3223
3230
3241
3244
3270
3276
3277
3278
3286
3292
3299
3305
3308
3321
3328
3333
3335
3341
3347
3350
3355
3356
3362
3363
3364
3365
3385
3387
3388
3395
3406
3415
3424
3425
3428
3433
3436
3440
3442
3443
3448
3452
3462
3466
3470
3495
3510
3543
3549
3575
3629
3635
3636
3649
3659
3667
3669
3765
3787
3825
3850
3860
3906
3921
3941
4031
4041
4068
4165
4177
4183
4184
4199
4225
4269
4351
4400
4434
4591
4618
4658
8117
8146
8268
8280
8666
8739
8775
8778
8784
8787
2025
2081
2212
2274
2280
2298
2349
2390
2395
2407
2419
2427
2431
2445
2454
2458
2459
2463
2466
2475
2477
2497
2515
2517
2536
2554
2561
2617
2635
2652
2659
2663
2671
2677
2719
2725
2762
2763
2773
2778
2779
2780
2785
2796
2799
2800
2804
2805
2806
2812
2814
2825
2839
2843
2874
2882
2901
2934
2954
2955
2958
2967
2968
2969
2983
3001
3003
3044
3050
3055
3058
3060
3069
3078
3103
3129
3161
3163
3165
3179
3180
3192
3215
3219
3228
3231
3232
3233
3235
3238
3243
3248
3254
3275
3282
3284
3294
3295
3300
3302
3312
3314
3316
3319
3339
3340
3348
3352
3360
3361
3366
3371
3373
3379
3381
3386
3389
3393
3400
3416
3447
3465
3588
3601
3609
3623
3624
3647
3736
3747
3798
3895
3977
4034
4072
4102
4144
4201
4209
4211
4342
4370
4406
4937
6105
8004
8114
8171
8683
8685
8752
8774
8777
8783
8790
8792
8793
8796
8797
8804
8813
8816
1741
1873
1960
1966
1975
2013
2047
2078
2105
2107
2125
2130
2135
2141
2157
2160
2173
2188
2199
2203
2219
2235
2242
2243
2250
2251
2262
2263
2269
2275
2277
2283
2294
2295
2301
2312
2320
2324
2331
2332
2333
2336
2340
2345
2353
2354
2355
2360
2364
2384
2392
2394
2396
2404
2406
2409
2414
2418
2420
2421
2430
2432
2437
2464
2486
2492
2495
2505
2521
2538
2539
2545
2550
2568
2572
2577
2584
2588
2590
2593
2607
2609
2620
2630
2631
2647
2651
2654
2658
2675
2676
2678
2679
2682
2699
2704
2706
2707
2723
2727
2736
2738
2742
2744
2747
2748
2752
2756
2774
2791
2792
2795
2809
2810
2817
2822
2831
2844
2851
2875
2881
2903
2905
2926
2928
2938
2942
2948
2972
3007
3030
3034
3036
3062
3064
3075
3079
3082
3099
3102
3106
3114
3118
3120
3127
3130
3131
3141
3143
3150
3158
3166
3174
3191
3197
3199
3200
3202
3206
3212
3218
3225
3239
3240
3247
3256
3259
3260
3263
3264
3267
3288
3289
3290
3293
3301
3309
3322
3325
3331
3349
3374
3377
3423
3479
3485
3516
3539
3554
3560
3581
3785
3788
3956
3989
4009
4012
4045
4048
4092
4142
4229
4308
5076
6244
7894
8126
8426
8434
8763
8769
8781
8785
8786
8789
8791
8794
8795
8800
8805
8807
8812
8822
8825
8830
8835
1785
1884
1914
1918
1953
1954
1971
1998
2006
2012
2016
2019
2039
2058
2069
2080
2088
2089
2095
2096
2099
2101
2111
2112
2165
2176
2178
2179
2195
2220
2225
2233
2234
2244
2249
2254
2255
2267
2281
2286
2289
2291
2297
2308
2309
2313
2318
2321
2328
2334
2347
2348
2350
2352
2357
2361
2366
2368
2375
2377
2380
2393
2399
2401
2405
2408
2412
2423
2426
2436
2439
2441
2451
2460
2461
2470
2476
2479
2483
2488
2490
2499
2500
2501
2504
2510
2512
2514
2518
2519
2523
2528
2532
2548
2549
2552
2556
2559
2563
2564
2569
2573
2575
2579
2596
2597
2605
2606
2610
2611
2618
2622
2641
2656
2660
2662
2664
2669
2680
2685
2686
2688
2693
2710
2711
2714
2718
2722
2741
2750
2751
2758
2764
2771
2781
2794
2798
2811
2821
2841
2845
2855
2862
2868
2879
2880
2886
2887
2889
2890
2898
2899
2900
2915
2918
2922
2927
2932
2935
2940
2941
2946
2956
2957
2961
2965
2970
2977
2978
2984
2990
2994
2995
2997
3002
3005
3014
3019
3025
3028
3032
3033
3041
3049
3052
3054
3065
3077
3080
3087
3089
3090
3093
3094
3095
3098
3104
3105
3115
3125
3145
3146
3148
3152
3153
3154
3159
3169
3172
3175
3186
3187
3194
3195
3203
3208
3211
3216
3217
3220
3234
3237
3252
3255
3265
3266
3296
3297
3304
3306
3310
3327
3370
3577
3908
3993
4001
4046
4074
4121
4191
4312
4429
5656
5778
7776
7919
7965
8312
8419
8461
8801
8802
8803
8806
8814
8819
8823
8829
8842
8846
8847
1706
1729
1774
1806
1825
1872
1931
1946
1947
1948
1951
1956
1961
1972
1980
1981
1982
1992
2009
2014
2021
2028
2036
2043
2056
2062
2065
2083
2084
2086
2094
2103
2108
2116
2117
2118
2124
2128
2133
2137
2139
2144
2151
2162
2163
2168
2171
2175
2182
2185
2186
2190
2191
2193
2207
2209
2215
2227
2238
2239
2240
2247
2259
2260
2265
2284
2285
2287
2300
2302
2303
2304
2305
2315
2323
2329
2335
2338
2341
2343
2356
2358
2359
2362
2363
2369
2372
2374
2379
2382
2391
2398
2415
2416
2422
2424
2425
2429
2433
2440
2442
2443
2448
2450
2455
2456
2457
2467
2468
2471
2473
2480
2487
2496
2502
2507
2509
2513
2516
2535
2543
2546
2558
2562
2567
2574
2581
2582
2583
2586
2587
2594
2601
2603
2612
2616
2625
2626
2632
2640
2648
2653
2667
2684
2689
2692
2696
2697
2700
2702
2709
2713
2715
2724
2728
2729
2730
2735
2745
2755
2759
2765
2768
2787
2790
2793
2819
2823
2835
2838
2840
2848
2853
2857
2858
2863
2866
2872
2885
2895
2904
2908
2912
2913
2914
2923
2949
2953
2971
2979
2985
2996
3008
3009
3011
3015
3020
3021
3023
3024
3037
3039
3042
3046
3048
3056
3059
3072
3073
3081
3086
3088
3091
3107
3113
3132
3133
3135
3136
3137
3138
3139
3147
3157
3162
3164
3167
3171
3185
3205
3227
3229
3261
3268
3298
3313
3712
3876
3975
4216
5564
6079
6134
6236
6390
7679
7849
8132
8208
8498
8798
8799
8809
8820
8824
8826
8827
8831
8832
8834
8837
8838
8841
1672
1683
1744
1767
1768
1816
1840
1854
1878
1899
1903
1913
1915
1927
1929
1933
1935
1940
1945
1950
1955
1958
1962
1963
1970
1973
1974
1976
1979
1990
1991
1995
2003
2022
2026
2031
2033
2037
2040
2044
2060
2072
2074
2075
2076
2082
2085
2090
2092
2098
2120
2121
2123
2129
2132
2136
2143
2145
2154
2156
2159
2166
2169
2170
2172
2183
2189
2192
2200
2201
2206
2208
2214
2226
2232
2236
2237
2241
2253
2256
2257
2258
2268
2271
2272
2288
2292
2296
2310
2317
2326
2337
2342
2383
2410
2438
2446
2452
2462
2472
2481
2489
2498
2503
2506
2508
2525
2531
2533
2540
2541
2542
2547
2553
2555
2566
2570
2580
2589
2595
2598
2608
2613
2619
2624
2628
2629
2633
2642
2645
2646
2666
2668
2672
2681
2695
2720
2731
2732
2740
2746
2749
2753
2761
2770
2782
2784
2786
2788
2789
2807
2813
2816
2833
2842
2856
2859
2877
2888
2891
2896
2902
2907
2911
2931
2950
2966
2976
2981
2989
2991
2999
3012
3013
3027
3029
3035
3040
3047
3063
3068
3074
3076
3083
3096
3097
3100
3101
3108
3110
3116
3117
3122
3123
3126
3140
3151
3170
3188
3204
3214
3246
3283
3626
4452
4488
4720
5812
5864
5994
6036
6063
6073
6087
6150
6386
7201
7247
7620
7654
7707
7782
7799
8810
8811
8817
8821
8828
8833
8836
8850
8858
1546
1624
1630
1644
1650
1676
1685
1691
1710
1717
1723
1724
1735
1743
1753
1764
1770
1777
1779
1781
1788
1792
1795
1807
1818
1822
1827
1841
1844
1852
1886
1888
1902
1910
1916
1924
1926
1937
1938
1957
1959
1965
1968
1983
1984
1986
1988
1989
1993
1994
1997
1999
2000
2002
2008
2010
2020
2023
2027
2032
2035
2041
2045
2049
2052
2053
2061
2063
2064
2068
2070
2073
2093
2100
2106
2127
2138
2140
2146
2150
2152
2153
2158
2161
2164
2167
2180
2194
2197
2204
2205
2216
2221
2223
2231
2246
2252
2264
2290
2293
2307
2311
2344
2371
2373
2381
2402
2411
2428
2465
2478
2493
2511
2527
2529
2537
2544
2560
2565
2576
2602
2604
2615
2623
2627
2634
2637
2638
2643
2655
2665
2673
2687
2690
2708
2726
2733
2737
2743
2754
2766
2769
2772
2777
2797
2826
2827
2836
2847
2850
2854
2860
2865
2870
2871
2878
2884
2893
2909
2925
2943
2951
2952
2959
2975
2987
3026
3051
3053
3071
3121
3124
3173
3291
3950
4243
4418
5803
5992
6665
6737
7228
7560
7750
8468
8527
8552
8839
8840
8844
8845
8853
8854
8855
8859
8862
8866
1585
1595
1597
1617
1628
1637
1652
1654
1659
1666
1669
1670
1678
1689
1696
1698
1700
1707
1719
1733
1737
1738
1749
1754
1756
1757
1763
1766
1769
1776
1789
1802
1803
1808
1809
1814
1815
1820
1843
1846
1848
1856
1857
1863
1866
1868
1880
1885
1890
1891
1893
1894
1895
1904
1908
1909
1911
1912
1917
1921
1923
1925
1934
1939
1941
1944
1985
1987
1996
2005
2007
2017
2030
2038
2050
2054
2055
2057
2066
2077
2087
2102
2104
2109
2115
2119
2131
2134
2142
2147
2155
2181
2187
2198
2211
2218
2230
2245
2248
2279
2306
2314
2319
2322
2339
2351
2367
2376
2386
2387
2397
2444
2474
2484
2520
2578
2585
2621
2639
2650
2657
2670
2683
2703
2712
2739
2760
2803
2815
2824
2828
2849
2852
2876
2883
2894
2906
2921
2937
2947
2960
2998
3000
3018
3022
3031
3038
3109
3128
3155
3190
3207
3683
3885
3937
3944
4390
5517
5548
5827
5901
6006
6055
6220
6372
6466
7148
7377
7545
7591
7626
7690
7733
8848
8849
8851
8852
8857
8865
8869
8870
8871
8872
8873
8875
8877
1486
1501
1582
1592
1599
1610
1615
1627
1631
1635
1647
1649
1651
1656
1660
1661
1673
1674
1677
1680
1681
1688
1695
1703
1711
1712
1713
1718
1721
1726
1727
1730
1739
1740
1742
1747
1748
1750
1752
1782
1783
1786
1790
1791
1798
1819
1821
1823
1826
1834
1836
1838
1855
1858
1862
1876
1877
1879
1882
1883
1889
1896
1900
1901
1907
1928
1930
1932
1936
1949
1967
1978
2015
2018
2024
2029
2051
2067
2079
2110
2114
2148
2184
2196
2229
2276
2447
2775
2801
2802
2834
2916
2920
2992
3676
3948
4480
4560
4806
5531
5533
5587
5682
5733
5752
5913
6148
6257
6391
6432
6490
6534
6538
6620
6710
6738
7258
7293
7555
7642
8556
8557
8856
8860
8863
8864
8876
8878
8883
8898
8910
1504
1528
1547
1551
1556
1557
1570
1572
1574
1576
1580
1586
1587
1588
1590
1600
1606
1619
1620
1621
1622
1625
1626
1634
1636
1638
1642
1648
1653
1655
1657
1663
1665
1671
1675
1694
1701
1702
1704
1709
1714
1736
1745
1746
1751
1758
1765
1771
1772
1773
1778
1780
1813
1828
1830
1831
1833
1842
1845
1850
1851
1861
1864
1867
1874
1875
1881
1887
1892
1897
1905
1906
1922
1969
1977
2011
2046
2071
2126
2149
2213
2491
3070
3538
3608
3725
3732
3869
3971
4051
4082
4271
4292
4326
5397
5460
5607
5783
5831
5896
6018
6363
6522
6607
6630
6766
6832
6842
7040
7104
7202
7236
7359
7469
7615
7643
7740
8597
8867
8868
8879
8884
1474
1496
1497
1505
1517
1520
1542
1545
1548
1552
1561
1562
1563
1573
1583
1589
1594
1604
1605
1607
1608
1609
1612
1613
1616
1623
1632
1640
1662
1667
1684
1687
1699
1705
1715
1720
1725
1728
1731
1734
1755
1759
1761
1775
1784
1787
1793
1794
1799
1800
1810
1812
1832
1835
1849
1853
1859
1860
1865
1869
1870
1871
1919
1920
1943
1952
2048
2830
3523
3680
3723
3773
3917
3924
3935
4127
4153
4473
4838
4902
5125
5544
5601
5728
5953
6384
6839
6991
7064
7077
7250
7297
7388
7538
7745
8882
8885
8886
8888
8889
8890
8892
8897
8901
8926
1448
1470
1476
1479
1483
1507
1513
1524
1538
1540
1543
1544
1550
1553
1554
1558
1565
1577
1581
1591
1603
1614
1639
1645
1646
1658
1679
1686
1690
1693
1708
1716
1722
1732
1760
1762
1796
1801
1805
1829
3522
3544
3570
3576
3582
3604
3606
3650
3682
3727
4075
4164
4293
4460
4878
5023
5409
5437
5537
5721
5993
6019
6746
6888
6931
7158
7221
7278
7429
7454
7456
8602
8874
8900
8904
8905
8914
8918
8929
1433
1457
1469
1472
1481
1484
1485
1508
1515
1518
1526
1529
1531
1535
1539
1541
1564
1566
1567
1568
1575
1579
1601
1618
1643
1697
1804
1898
3383
3491
3548
3753
3767
3786
3851
4008
4120
4479
4500
5300
5333
5410
5445
5503
5691
5795
6500
6781
6860
6973
7086
7112
7253
7325
7561
8609
8647
8891
8895
8896
8906
8907
8908
8909
8911
8916
8921
8922
8936
1393
1403
1414
1439
1446
1449
1454
1466
1473
1482
1488
1489
1491
1492
1512
1523
1532
1536
1555
1560
1578
1598
1633
1692
3209
3511
4016
4136
4691
4985
5149
5539
5813
6924
6926
7014
7232
7276
7742
8612
8893
8899
8902
8903
8912
8915
8927
8928
8937
8939
8945
1406
1438
1441
1442
1447
1450
1461
1468
1480
1490
1493
1494
1498
1499
1500
1502
1503
1506
1511
1516
1522
1530
1549
1839
3469
3476
3583
4382
4459
4701
4953
5030
5162
5169
6698
7152
7160
7164
8665
8894
8913
8917
8920
8923
8933
8935
8940
8942
8943
8944
8948
8951
8955
1392
1405
1410
1412
1413
1416
1421
1425
1427
1428
1432
1434
1440
1455
1458
1459
1464
1465
1478
1519
1521
1527
1533
1534
1537
1569
2829
2867
3067
3390
3437
3493
4646
4753
4766
5221
6451
6745
6795
6828
6903
7019
7041
7257
8691
8930
8938
1381
1386
1391
1395
1396
1404
1411
1418
1420
1422
1423
1426
1430
1431
1435
1445
1451
1453
1460
1462
1463
1475
3503
3513
3619
4032
5146
5247
6762
7157
8931
8941
8947
8952
8954
8956
8957
8958
8959
8960
8961
8967
8974
1341
1360
1370
1371
1376
1379
1380
1385
1394
1397
1400
1402
1408
1443
1452
1471
2808
3250
4222
4253
4523
5263
6619
6789
8924
8932
8950
8966
8969
8971
8976
8991
1352
1366
1369
1375
1378
1382
1384
1389
1390
1398
1401
1409
1415
1419
1424
1429
1436
1444
1456
2717
2776
3253
3346
7044
8946
8949
8953
8963
8964
8970
8975
8982
8983
8988
8993
1317
1333
1342
1343
1345
1357
1358
1361
1363
1365
1368
1373
1374
1388
1399
1407
1417
2388
2449
2599
2701
2705
2944
2982
2993
3111
3249
3281
4404
4408
4642
4700
6934
8724
8968
8973
8979
8992
9000
9005
1332
1334
1336
1339
1340
1359
1364
1367
1372
1387
2278
2327
2389
2832
2963
3438
6816
8934
8962
8972
8977
8980
8984
8998
9002
9004
9011
9023
1321
1328
1335
1344
1346
1350
1351
1354
1355
2174
2370
2524
2644
2757
2767
2818
2846
2939
3112
3134
3156
3198
8727
8985
8989
8990
9006
9012
9013
1310
1312
1319
1325
1337
1347
1348
1362
2273
2282
2591
2674
2721
2973
2980
3045
3061
3236
3251
8725
8758
8994
9009
9014
9015
9018
9019
9025
9026
9027
9029
9034
1299
1300
1301
1304
1307
1311
1313
1315
1316
1318
1323
1326
1327
1329
1331
1338
2034
2059
2091
2400
2530
2614
2636
2698
2820
2933
2962
3010
8697
8986
8987
8995
9003
9007
9008
9020
9032
9060
1275
1286
1293
1295
1305
1314
1320
2210
2222
2330
2600
2694
3043
3066
8734
8756
8764
8997
9010
9016
9024
9028
9033
9044
9046
1257
1281
1284
1294
1298
1308
1309
1322
1324
1942
2004
2217
2551
2734
2869
2873
2917
8175
9021
9031
9037
9050
1259
1268
1269
1276
1283
1285
1288
1289
1290
1291
1296
1306
1330
1602
1811
2097
2228
2434
2716
2837
2892
2897
2910
2964
3084
3142
3201
9022
9038
9040
9042
9045
9048
9053
9057
9084
1267
1287
1297
1302
1847
1964
2042
3176
9030
9035
9039
9041
9043
9052
9061
9062
1254
1256
1258
1262
1265
1270
1271
1273
1274
1278
1279
1282
1303
1682
1824
2001
2177
4361
8768
8808
9056
9068
9076
9093
1191
1208
1227
1229
1231
1232
1237
1247
1250
1252
1266
1292
1559
1593
1629
1664
1668
9036
9047
9049
9058
9059
9067
9071
9079
9081
1223
1234
1236
1239
1240
1248
1249
1253
1260
1261
1263
1277
1280
1797
1817
8340
8818
9054
9065
9070
9086
9087
9091
9113
9126
1198
1210
1212
1214
1221
1222
1230
1243
1245
1246
1251
1611
1641
2113
2224
8757
8815
9051
9069
9073
9078
9085
9090
9114
1207
1224
1225
1226
1228
1235
1238
1241
1495
1596
1837
9055
9075
9089
9103
9104
9109
1202
1206
1209
1215
1218
1242
1244
1264
1514
9066
9074
9077
9096
9097
9106
1167
1185
1186
1203
1204
1211
1220
1255
1509
1510
1525
3512
9063
9083
9088
9095
9099
9100
9107
9153
1141
1156
1177
1178
1189
1195
1197
1200
1213
1571
9102
9108
9112
9116
9120
9132
9133
9134
9151
9159
1148
1173
1181
1184
1187
1193
1196
1199
1201
1205
9092
9098
9101
9115
9119
9121
9124
9128
9131
9135
9145
9158
1136
1140
1146
1170
1174
1183
1192
1216
1477
3875
9094
9117
9122
9123
9147
1129
1139
1152
1155
1162
1163
1182
1190
3432
8861
9127
9138
9146
9166
1116
1131
1132
1149
1150
1158
1165
1168
1171
1172
1175
1176
1180
1487
9111
9118
9125
9141
9148
9187
1086
1128
1133
1134
1142
1143
1145
1147
1154
1166
1188
1467
3318
9110
9129
9130
9136
9140
9142
9168
9183
9185
1118
1161
1169
1179
1437
5759
8880
9139
9144
9149
9150
9160
9165
9167
9178
9180
1090
1099
1100
1109
1114
1119
1122
1125
1135
1144
1153
1159
1377
8887
9152
9154
9156
9157
9162
9179
9184
9189
1110
1115
1160
1164
8843
9163
9173
9175
9176
9192
1084
1092
1103
1106
1107
1120
1137
3272
9170
9177
9188
9205
1087
1093
1112
1113
1121
1138
8919
9137
9164
9169
9193
9194
9199
9209
1083
1088
1091
1094
1105
1111
1356
1383
8881
9155
9171
1085
1089
1096
1104
1127
1353
9186
9200
1073
9182
9195
9196
9197
9203
1054
1057
1078
1080
1082
1101
1123
1349
2930
3160
9172
9206
9212
1072
9181
9190
9198
9202
9208
9219
9234
1055
1065
1069
1075
7510
9201
9207
9213
9217
9221
9230
9254
1066
1070
1076
9204
9214
9229
9231
1034
1058
2378
7384
9232
9233
1053
1060
1067
3144
9223
9241
9250
9260
1040
2266
9215
9220
9240
9244
9257
1025
1027
1061
1064
1071
2270
8925
9218
9228
9265
9275
9296
1037
1041
1063
9211
9222
9239
9245
9246
9252
9256
992
1022
1048
9226
9235
9248
9251
9258
9318
1019
1038
1042
1051
1074
2413
9225
9236
9253
9262
9270
1009
1023
1031
1032
1044
1046
1068
7116
9249
9267
9274
9288
9294
1035
1059
9238
9266
9290
994
1030
1049
1050
9227
9237
9247
9277
9283
9293
9301
1004
1015
1043
1047
1052
9242
9243
9259
9261
9264
9268
9269
9284
1008
1010
1017
1026
1033
1272
8996
9263
9278
9306
9273
9285
9287
999
1012
1016
1018
9291
9297
1020
9272
9276
9304
945
956
969
989
1001
9279
9286
962
987
997
1013
1014
9289
9310
943
963
982
995
1003
1006
9295
9311
960
990
1002
9280
9298
9305
9307
9316
951
985
993
1011
1024
2936
9303
9308
9319
952
968
971
1005
1021
9313
9314
936
946
955
947
949
966
970
975
976
980
981
998
1000
9302
941
953
965
967
978
979
984
988
996
1007
1233
9255
9320
9338
937
950
991
9326
913
3168
9328
9336
942
974
9017
9292
9325
9329
9330
957
959
964
986
939
977
983
9322
9324
928
954
8981
9317
9359
932
935
9332
9333
9351
944
948
9321
9327
9349
961
9300
9335
9344
940
9315
9339
9345
925
972
9331
910
916
8978
9323
9340
917
918
931
893
912
933
9001
927
938
9352
9362
9366
926
892
909
919
922
1194
1219
9348
9356
9358
9363
9369
898
906
929
930
1217
9341
9334
9379
908
911
920
934
9350
9353
9355
9372
9384
923
9374
9387
889
903
9354
9360
9364
9393
874
887
896
899
9346
9376
9377
9357
9383
886
888
9381
882
907
1151
863
879
884
900
9367
9371
9398
9403
881
9368
9373
9386
9389
9392
861
872
9365
9388
9390
869
9391
873
901
9375
9402
9380
9397
883
894
1584
9435
897
9412
862
9385
9401
871
890
9399
877
9378
9394
852
880
891
895
9440
824
851
9361
9411
9439
859
9408
9410
9404
9437
878
1117
9419
9432
856
864
9434
858
9395
9409
9433
9396
848
850
868
845
853
1130
822
9413
9425
9430
855
1102
9405
9429
9441
835
876
1124
9417
9455
870
9416
9418
849
9428
9451
840
860
866
837
9072
9421
806
854
9414
830
800
9415
9424
9431
9465
9461
9438
842
9442
831
832
9459
847
834
9426
9445
797
875
867
9476
841
9475
827
792
816
846
9452
9449
805
815
836
9479
9466
814
9448
9436
9450
9406
8258
8073
8084
8174
8176
8212
8017
8067
8154
8185
8206
8272
7971
7975
7981
8096
8118
8120
8145
8237
8241
8253
8269
8015
8034
8040
8100
8129
8144
8148
8153
8162
8181
8200
8232
8234
8262
8270
8281
8322
8380
8382
7870
7980
7983
7987
8036
8065
8075
8082
8087
8093
8110
8122
8143
8179
8196
8229
8265
8273
8276
8286
8300
8319
8327
8333
8395
7787
7903
7906
7953
7959
8029
8054
8074
8076
8094
8125
8127
8131
8187
8230
8233
8236
8249
8257
8261
8266
8279
8289
8301
8306
8344
8355
8357
8368
7900
7901
7915
7951
8032
8047
8061
8092
8102
8103
8111
8134
8136
8173
8199
8207
8224
8250
8252
8285
8292
8307
8308
8310
8317
8376
8403
8414
6234
7774
7856
7938
7949
7961
7963
7994
8001
8024
8028
8070
8071
8128
8135
8149
8163
8166
8180
8184
8194
8197
8201
8216
8220
8238
8245
8260
8264
8294
8296
8304
8313
8325
8329
8331
8334
8351
8369
8383
8384
8391
7886
7889
7895
7913
7952
7966
7973
7990
7995
8025
8043
8060
8077
8089
8099
8105
8116
8140
8157
8164
8167
8170
8178
8192
8195
8218
8221
8223
8243
8251
8254
8255
8275
8283
8284
8303
8309
8315
8328
8349
8356
8359
8379
8388
8400
8401
8425
8473
7865
7878
7916
7942
7960
7978
7998
8007
8020
8027
8048
8049
8052
8069
8081
8085
8091
8098
8107
8124
8159
8165
8172
8203
8259
8263
8277
8302
8314
8316
8318
8321
8360
8364
8377
8378
8387
8390
8399
8408
8430
6237
7749
7826
7880
7891
7909
7912
7946
7962
7968
7976
8006
8018
8046
8050
8057
8064
8078
8083
8090
8097
8115
8133
8156
8160
8183
8186
8191
8193
8198
8209
8210
8215
8217
8242
8247
8248
8291
8299
8311
8324
8337
8341
8347
8348
8350
8365
8392
8402
8413
8432
8450
8455
8487
7815
7857
7861
7868
7899
7926
7927
7941
7943
7986
7996
8030
8066
8068
8088
8109
8112
8113
8152
8169
8177
8190
8205
8214
8231
8239
8246
8278
8320
8336
8338
8342
8353
8374
8381
8389
8393
8396
8410
8411
8416
8420
8421
8453
6141
6171
7767
7824
7825
7872
7877
7902
7910
7934
7945
7972
7979
7985
7993
7997
8002
8012
8019
8023
8037
8101
8123
8147
8155
8202
8219
8222
8228
8323
8354
8415
8423
8427
8440
8454
8491
8495
6135
7771
7794
7802
7805
7896
7925
7956
8003
8005
8008
8009
8044
8119
8130
8141
8150
8151
8161
8211
8267
8290
8297
8339
8343
8358
8361
8373
8439
8463
8481
8484
8508
7732
7769
7837
7845
7846
7864
7875
7921
7923
7931
7932
7935
7940
7947
7988
7991
8014
8031
8041
8059
8063
8095
8121
8240
8287
8371
8375
8385
8386
8394
8404
8407
8422
8451
8457
8467
8479
8499
8511
8519
8524
8528
5954
6235
7686
7710
7729
7822
7853
7866
7867
7908
7914
7933
7936
7937
7950
7954
7982
7999
8013
8053
8058
8072
8138
8139
8158
8204
8226
8271
8288
8345
8406
8412
8449
8472
8483
5933
6052
6182
7514
7698
7711
7719
7726
7765
7792
7808
7810
7811
7818
7869
7892
7893
7922
7928
7967
7977
8000
8016
8026
8038
8055
8080
8104
8137
8142
8274
8332
8362
8366
8372
8397
8405
8418
8424
8435
8444
8445
8452
8459
8465
8474
8478
8485
8522
5905
6209
6214
6284
6306
6326
6513
7402
7552
7618
7713
7752
7784
7801
7832
7834
7835
7844
7848
7850
7855
7871
7876
7917
7920
7930
7957
7964
7974
8010
8011
8033
8039
8042
8051
8062
8326
8335
8346
8352
8367
8370
8417
8433
8442
8490
8501
5815
5871
5886
5925
6011
6022
6043
6454
6459
6497
7256
7721
7777
7796
7838
7863
7883
7884
7898
7948
7969
8045
8086
8431
8437
8443
8471
8509
8518
5802
5866
5875
6072
6106
6111
6116
6173
6225
6281
6307
6335
7744
7759
7786
7800
7803
7821
7841
7858
7887
7929
8021
8022
8188
8189
8213
8295
8298
8428
8448
8458
8475
8476
8486
8493
8503
8505
8533
5908
5916
6051
6113
6129
6224
6253
6254
6332
6374
6409
6415
6433
6460
6549
6552
6557
6669
7048
7251
7668
7819
7839
7843
7924
7944
7989
8108
8168
8363
8464
8513
8529
5781
5820
5860
5874
6074
6081
6188
6271
6325
6343
6399
6468
6664
6677
7570
7639
7780
7790
7809
7812
7816
7823
7829
7881
7885
7890
7955
8056
8235
8244
8398
8441
8496
8512
8515
5839
6183
6194
6208
6219
6291
6292
6320
6342
6351
6539
6637
7459
7527
7566
7739
7753
7754
7804
7840
7847
7852
7905
7958
7992
8447
8462
8525
5792
5806
6029
6095
6098
6099
6133
6156
6207
6211
6417
6476
6479
6494
6616
6708
7688
7692
7708
7723
7725
7735
7770
7820
7827
7873
7874
8480
8489
8500
8504
8541
8577
5660
5786
5848
5859
5881
5885
5924
5934
5946
5962
5974
6086
6089
6120
6140
6238
6247
6267
6305
6310
6317
6334
6396
6470
6512
6609
6744
6788
7660
7664
7691
7757
7813
7830
7833
7854
7882
7897
7904
7970
7984
8436
8477
8488
8546
5577
5785
5842
5849
5964
6003
6084
6119
6203
6213
6248
6270
6286
6308
6383
6499
6518
6532
6579
7488
7535
7536
7551
7553
7651
7652
7695
7702
7720
7737
7741
7773
7797
7828
8446
8456
8482
8494
8564
5650
5771
5963
5999
6010
6028
6093
6094
6154
6157
6165
6179
6202
6264
6295
6328
6347
6406
6798
6806
7259
7598
7631
7667
7678
7746
7751
7758
7781
7851
7862
7879
7911
8035
8460
8506
8523
8548
8550
5449
5684
5753
5821
5834
6044
6069
6088
6103
6114
6185
6197
6198
6242
6282
6298
6319
6360
6368
6398
6410
6413
6447
6585
7191
7397
7522
7677
7743
7761
7762
7795
7888
8429
8438
8466
8507
8516
8532
8538
5793
5829
5904
5958
5969
6071
6143
6170
6229
6245
6262
6269
6354
6371
6393
6397
6457
6535
6554
6556
6587
6645
6681
6730
6960
7046
7069
7169
7231
7298
7519
7592
7601
7718
7727
7760
7768
8470
8573
8576
5534
5685
5731
5773
5818
5902
5921
5955
5961
6092
6102
6109
6121
6128
6174
6256
6258
6261
6316
6345
6537
6573
6639
6768
7018
7145
7265
7304
7375
7383
7428
7462
7474
7489
7563
7612
7621
7623
7663
7681
7709
7712
7764
7779
7939
8517
8530
8531
8537
8542
8549
8553
8582
8587
5739
5794
5796
5856
5861
6007
6030
6138
6144
6181
6193
6201
6263
6277
6303
6333
6541
6643
6702
7288
7523
7593
7614
7644
7683
7860
7907
5553
5705
5751
5897
5945
5972
6032
6060
6122
6162
6175
6180
6189
6216
6249
6278
6279
6294
6297
6323
6403
6407
6458
6472
6615
6726
7146
7321
7335
7516
7562
7594
7599
7624
7724
7738
7748
7918
8492
8534
8536
5612
5750
5872
5922
5982
5983
6097
6110
6139
6357
6362
6503
6505
6508
6631
6954
7126
7528
7606
7613
7619
7684
7772
8469
8497
8526
8567
4983
5542
5747
5763
5764
5967
6127
6136
6215
6228
6260
6300
6322
6340
6496
6623
6632
6661
6680
6690
6774
7061
7318
7508
7511
7586
7676
7714
7789
7842
8502
8510
8558
5698
5769
5777
5810
5826
5853
5903
5923
5978
5985
6026
6037
6039
6108
6126
6158
6168
6176
6200
6240
6285
6484
6501
6516
6553
6592
6633
6900
6917
7242
7324
7330
7361
7366
7407
7408
7431
7458
7463
7487
7495
7533
7609
7634
7689
7814
8514
8521
8535
5857
5890
5941
5942
5943
5948
5959
5990
6061
6101
6315
6388
6422
6434
6568
6589
6657
6712
7136
7380
7491
7554
7649
7650
7665
7763
7785
5415
5536
5554
5580
5670
5713
5735
5737
5789
5828
5876
5989
6025
6057
6059
6115
6172
6206
6283
6352
6366
6373
6381
6438
6527
6572
6591
6695
6700
6705
6735
6808
6836
7010
7027
7144
7151
7180
7216
7299
7497
7578
7672
7706
7766
5574
5620
5643
5669
5835
5852
5888
5930
6038
6062
6226
6289
6329
6481
6598
6667
6713
6818
6863
6879
6912
7203
7365
7470
7530
7543
8520
5570
5616
5623
5665
5748
5845
6082
6117
6191
6251
6272
6274
6338
6358
6435
6520
6529
6878
6921
6942
7409
7434
7498
7524
7817
8543
5770
5850
5865
5940
6027
6118
6137
6299
6426
6668
6911
6956
7079
7090
7141
7427
7447
7569
7577
7581
7630
7657
7670
7722
7859
8565
8584
5353
5527
5686
5715
5716
5758
5847
5891
6178
6221
6336
6376
6424
6449
6519
6577
6593
6601
6641
6711
6736
6740
6918
7177
7272
7468
7616
7640
7716
5677
5756
5892
6149
6231
6290
6416
6502
6544
6629
6764
6782
7006
7252
7315
7544
7596
7646
7778
5500
5506
5837
6040
6046
6090
6159
6318
6353
6370
6375
6486
6646
6769
6777
6862
6891
7028
7036
7300
7382
7602
7608
8559
5476
5589
5689
5787
5973
6034
6041
6070
6662
7005
7043
7117
7424
7435
7450
7625
7704
8545
8571
4783
4874
5143
5233
5355
5391
5551
5599
5610
5630
5642
5662
5694
5718
5784
5791
5830
5840
5898
5931
6058
6107
6123
6402
6485
6640
6673
6792
6834
6837
6909
6910
6987
6988
7056
7087
7101
7132
7167
7179
7183
7190
7234
7279
7314
7332
7338
7371
7372
7392
7423
7728
7793
8540
8562
8580
8613
4487
4537
4564
4921
5019
5026
5055
5072
5095
5110
5133
5199
5210
5228
5249
5281
5315
5316
5328
5393
5402
5414
5433
5442
5448
5488
5489
5493
5514
5522
5558
5561
5562
5566
5568
5584
5591
5597
5617
5618
5622
5627
5641
5648
5652
5664
5674
5696
5702
5710
5719
5722
5726
5729
5730
5738
5757
5762
5772
5776
5780
5790
5801
5808
5811
5817
5822
5824
5825
5833
5841
5843
5869
5870
5878
5882
5884
5899
5900
5909
5915
5920
5936
5949
5950
5957
5960
5966
5970
5975
5997
6001
6005
6008
6014
6023
6031
6033
6045
6067
6068
6083
6151
6153
6163
6166
6177
6184
6205
6212
6222
6232
6239
6241
6250
6296
6301
6321
6324
6365
6387
6411
6430
6441
6442
6443
6448
6450
6465
6469
6471
6473
6475
6495
6524
6525
6528
6564
6569
6580
6583
6594
6595
6599
6602
6608
6614
6618
6634
6635
6642
6651
6653
6658
6672
6683
6687
6691
6694
6699
6706
6709
6718
6725
6732
6747
6752
6763
6780
6783
6787
6791
6803
6807
6819
6830
6840
6845
6846
6852
6854
6855
6883
6892
6894
6902
6916
6933
6935
6938
6961
6963
6964
6969
6972
6979
6982
7000
7007
7020
7021
7030
7034
7050
7059
7062
7065
7070
7080
7099
7102
7106
7111
7123
7138
7140
7150
7175
7196
7199
7223
7224
7230
7264
7273
7274
7275
7281
7285
7302
7306
7313
7323
7327
7328
7331
7334
7339
7342
7348
7351
7352
7360
7363
7369
7370
7378
7379
7386
7389
7390
7398
7405
7411
7413
7420
7426
7443
7446
7448
7465
7472
7473
7475
7479
7485
7506
7507
7509
7512
7513
7518
7520
7521
7529
7534
7541
7542
7548
7558
7579
7587
7600
7628
7632
7637
7645
7655
7661
7662
7671
7673
7675
7680
7705
7747
7831
8547
8551
8583
8588
8591
8592
8593
8596
8598
8599
8606
8621
4334
4492
4587
4592
4624
4656
4666
4680
4688
4764
4877
4888
4894
4904
4906
4962
4984
4994
5020
5047
5048
5056
5071
5074
5107
5111
5139
5141
5165
5223
5239
5246
5267
5270
5278
5279
5285
5287
5291
5296
5308
5314
5324
5335
5337
5348
5354
5360
5367
5383
5384
5398
5408
5413
5421
5427
5438
5455
5458
5474
5482
5491
5508
5510
5526
5538
5560
5563
5575
5578
5598
5605
5613
5614
5631
5647
5649
5653
5655
5657
5673
5680
5687
5704
5709
5711
5741
5742
5743
5746
5754
5760
5768
5775
5788
5804
5809
5814
5816
5819
5832
5836
5877
5887
5893
5895
5917
5918
5926
5965
5977
5980
5988
6012
6020
6021
6054
6064
6066
6075
6199
6259
6273
6287
6288
6302
6309
6312
6314
6346
6348
6355
6356
6359
6361
6378
6382
6401
6421
6423
6429
6446
6452
6462
6509
6521
6523
6548
6555
6560
6567
6576
6590
6597
6610
6613
6624
6638
6666
6684
6693
6714
6719
6750
6751
6754
6756
6759
6760
6790
6794
6796
6801
6804
6815
6817
6823
6824
6835
6848
6866
6868
6872
6876
6881
6882
6889
6897
6898
6899
6905
6907
6913
6919
6922
6925
6928
6950
6951
6958
6965
6967
6970
6976
6981
6992
6995
6996
7013
7051
7067
7085
7089
7091
7094
7095
7107
7108
7109
7118
7119
7120
7125
7127
7128
7133
7142
7172
7181
7185
7187
7188
7192
7195
7212
7215
7233
7235
7237
7263
7268
7287
7307
7309
7316
7322
7340
7353
7355
7356
7367
7373
7387
7394
7400
7401
7410
7412
7444
7451
7457
7471
7483
7486
7490
7492
7499
7505
7517
7525
7531
7532
7537
7539
7546
7547
7556
7557
7564
7565
7573
7588
7597
7604
7622
7627
7638
7669
7674
7682
7687
7693
7696
7703
7717
7734
7756
8208
8293
8570
8574
8575
8578
8579
8608
8614
8616
8624
8629
4156
4386
4495
4518
4558
4581
4597
4635
4667
4754
4852
4868
4873
4898
4911
4912
4971
4998
5052
5080
5114
5176
5198
5214
5245
5257
5258
5266
5271
5288
5293
5297
5303
5332
5386
5392
5400
5418
5425
5429
5439
5465
5469
5535
5545
5567
5573
5615
5629
5632
5636
5666
5672
5676
5693
5732
5745
5767
5846
5851
5858
5867
5879
5889
5894
5907
5937
5944
5947
5968
5986
6002
6009
6048
6065
6096
6104
6130
6132
6187
6275
6313
6369
6379
6380
6394
6395
6404
6425
6440
6456
6474
6480
6488
6489
6493
6506
6514
6546
6565
6566
6571
6606
6626
6636
6648
6649
6671
6674
6676
6679
6696
6697
6755
6761
6784
6785
6793
6799
6805
6810
6811
6813
6833
6861
6870
6877
6886
6890
6896
6904
6915
6920
6927
6941
6945
6949
6953
6977
6978
7012
7016
7037
7078
7097
7100
7105
7113
7149
7173
7176
7182
7194
7222
7241
7245
7277
7283
7294
7317
7319
7329
7358
7374
7406
7416
7432
7437
7452
7455
7476
7477
7480
7503
7583
7607
7610
7611
7666
7685
7694
7697
7699
7736
8554
8561
8581
8594
8601
8604
8627
8633
8640
4423
4497
4767
4790
4821
4846
4891
4919
4927
4933
4944
4952
4974
5014
5035
5082
5098
5099
5120
5131
5132
5187
5238
5250
5262
5284
5323
5350
5351
5352
5358
5370
5374
5377
5390
5394
5417
5420
5422
5426
5436
5440
5456
5468
5513
5528
5572
5583
5588
5593
5595
5603
5640
5651
5667
5668
5692
5714
5717
5720
5736
5797
5799
5868
5932
5951
5987
6049
6076
6100
6125
6155
6186
6195
6204
6210
6230
6266
6337
6364
6377
6389
6400
6420
6439
6477
6491
6504
6533
6545
6561
6578
6582
6586
6600
6612
6628
6644
6647
6654
6660
6678
6682
6686
6703
6704
6739
6757
6758
6765
6776
6802
6825
6849
6858
6874
6885
6955
6971
6985
6994
6999
7003
7004
7008
7066
7068
7093
7122
7129
7131
7162
7171
7174
7219
7226
7229
7244
7248
7266
7270
7291
7349
7354
7376
7385
7396
7418
7425
7436
7438
7445
7484
7493
7504
7526
7568
7576
7580
7584
7647
7648
7658
7798
8595
8603
8607
8623
4411
4477
4585
4644
4669
4692
4698
4803
4845
4879
4886
4914
4970
4973
4991
5022
5031
5053
5054
5066
5077
5094
5102
5113
5140
5151
5158
5180
5183
5195
5289
5302
5304
5307
5344
5357
5361
5366
5379
5419
5446
5447
5462
5473
5475
5483
5505
5509
5512
5557
5571
5609
5621
5638
5658
5699
5700
5701
5706
5725
5766
5800
5805
5914
5919
5952
6016
6017
6056
6077
6146
6192
6217
6227
6233
6252
6311
6331
6405
6408
6414
6431
6437
6445
6455
6464
6467
6510
6517
6550
6562
6570
6574
6596
6617
6652
6688
6701
6707
6771
6773
6812
6851
6865
6873
6936
6947
6966
6974
6990
6998
7001
7015
7025
7032
7033
7035
7052
7054
7073
7098
7178
7186
7211
7243
7246
7255
7295
7305
7320
7326
7333
7343
7345
7347
7350
7393
7417
7421
7422
7433
7466
7500
7502
7572
7590
7636
7701
7730
7775
8539
8560
8586
8589
8600
8611
8619
8628
3603
4238
4301
4433
4526
4540
4549
4641
4665
4725
4734
4763
4770
4775
4813
4814
4826
4834
4860
4885
4887
4899
4905
4988
4992
5015
5021
5058
5070
5079
5150
5159
5182
5184
5188
5205
5276
5320
5321
5339
5341
5349
5356
5375
5431
5443
5464
5466
5484
5504
5507
5519
5521
5524
5541
5569
5576
5579
5604
5611
5619
5626
5633
5637
5645
5678
5695
5779
5873
5880
5883
5976
5979
5984
5991
6013
6091
6444
6461
6531
6551
6604
6605
6675
6685
6692
6717
6724
6767
6797
6841
6843
6895
6901
6906
6914
6939
6946
6957
6959
7017
7058
7071
7075
7092
7096
7170
7189
7193
7208
7209
7210
7214
7227
7239
7260
7262
7289
7290
7310
7344
7346
7449
7464
7481
7571
7575
7629
7659
7700
8590
8622
8674
4399
4425
4476
4491
4539
4541
4562
4571
4575
4604
4625
4649
4651
4652
4678
4714
4731
4733
4771
4784
4817
4830
4870
4900
4926
4947
4956
4980
5033
5043
5068
5083
5100
5109
5148
5164
5166
5186
5192
5274
5318
5330
5343
5368
5387
5389
5396
5407
5424
5432
5450
5471
5494
5515
5520
5530
5532
5590
5608
5707
5938
6015
6196
6218
6280
6339
6341
6419
6427
6436
6463
6483
6507
6515
6526
6547
6650
6659
6856
6859
6869
6887
6923
6940
6968
6980
7009
7011
7029
7049
7053
7057
7063
7083
7143
7165
7204
7292
7312
7341
7364
7381
7415
7419
7559
7567
7585
7589
8615
8620
3692
3697
4384
4417
4502
4515
4521
4569
4628
4693
4703
4704
4726
4727
4736
4749
4804
4809
4824
4829
4841
4916
4941
4961
4965
5004
5018
5024
5046
5062
5106
5127
5144
5155
5156
5181
5265
5275
5363
5364
5380
5411
5435
5463
5467
5470
5472
5486
5492
5497
5499
5529
5552
5559
5581
5606
5625
5646
5671
5740
5807
5911
5929
5971
6223
6428
6511
6558
6611
6741
6742
6743
6749
6778
6820
6826
6853
6932
6952
6975
6983
7026
7039
7042
7072
7074
7134
7205
7249
7269
7282
7362
7549
7641
8585
8605
8635
8639
8652
4347
4364
4428
4508
4553
4566
4567
4598
4602
4661
4683
4709
4710
4715
4718
4755
4757
4776
4810
4822
4837
4857
4869
4890
4932
4940
4954
4966
4997
5028
5075
5085
5086
5087
5096
5105
5108
5128
5163
5178
5189
5191
5207
5241
5251
5254
5255
5283
5286
5319
5376
5412
5444
5454
5478
5496
5501
5502
5546
5555
5596
5675
5774
5862
5906
5912
6004
6042
6085
6246
6344
6559
6581
6603
6656
6716
6720
6800
6838
6844
6850
6937
7022
7038
7081
7114
7156
7198
7206
7213
7220
7301
7336
7368
7414
7460
7461
7478
7783
7791
8568
8610
8617
8625
8626
8650
3657
4061
4086
4190
4344
4393
4402
4432
4617
4655
4671
4742
4781
4802
4847
4848
4851
4862
4907
4917
4920
4934
4987
5010
5032
5078
5089
5118
5126
5190
5204
5206
5219
5222
5227
5243
5273
5345
5347
5365
5416
5490
5634
5639
5659
5690
5723
5927
5998
6161
6385
6655
6689
6753
6847
6857
7023
7055
7076
7103
7139
7154
7197
7280
7430
7501
7635
7715
8566
8634
8658
4319
4368
4506
4507
4547
4606
4684
4696
4793
4823
4825
4828
4835
4843
4903
4924
4925
4930
4949
4979
4989
5006
5090
5185
5234
5268
5327
5378
5428
5481
5525
5600
5644
5661
5727
5761
5910
5928
6053
6078
6112
6530
6540
6622
6721
6727
6734
6748
6822
6997
7024
7084
7115
7130
7159
7238
7240
7286
7296
7404
7540
8563
8643
8654
8659
3703
4026
4052
4224
4306
4352
4419
4482
4513
4514
4533
4536
4545
4554
4568
4586
4599
4607
4616
4730
4745
4758
4774
4782
4820
4827
4853
4882
4897
4943
4951
4977
4986
5013
5025
5039
5060
5092
5093
5134
5154
5170
5172
5173
5201
5215
5306
5325
5385
5423
5451
5459
5511
5585
5679
5712
5838
5956
6047
6190
6255
6367
6588
6625
6779
6821
6867
7031
7082
7153
7155
7184
7200
7267
7303
7357
7391
7442
7595
7653
7755
8544
8572
8618
8636
3963
4015
4248
4340
4385
4407
4441
4465
4490
4498
4565
4570
4600
4659
4670
4686
4737
4769
4799
4801
4840
4866
4876
4892
4895
4913
4959
4993
5001
5011
5037
5050
5063
5067
5088
5103
5121
5129
5152
5153
5226
5272
5312
5372
5405
5457
5487
5540
5586
5635
6482
6829
6943
6944
7088
7403
7836
8631
8632
8638
3806
4212
4246
4289
4290
4324
4337
4427
4439
4548
4603
4629
4648
4687
4697
4708
4748
4761
4762
4861
4875
4915
4922
4964
4972
4975
4981
4982
5061
5064
5097
5147
5157
5168
5177
5203
5224
5242
5252
5261
5295
5331
5565
5755
5939
6542
6814
6930
7166
7168
7207
7271
7337
7515
8644
3706
4147
4169
4254
4295
4449
4468
4478
4504
4529
4574
4626
4647
4650
4664
4675
4681
4685
4712
4724
4752
4791
4792
4795
4805
4836
4864
4881
4918
4938
4942
4945
4955
5002
5041
5123
5138
5194
5217
5225
5230
5232
5292
5311
5326
5369
5388
5406
5628
5935
6050
6080
6418
6670
6871
6929
7002
7110
7308
7617
7656
8637
8655
8686
3563
3959
3986
4098
4104
4203
4260
4314
4316
4330
4467
4485
4493
4512
4520
4542
4595
4605
4615
4654
4699
4711
4722
4738
4743
4746
4815
4867
4884
4910
4928
4946
4967
4978
5003
5017
5029
5044
5161
5193
5200
5202
5216
5229
5253
5256
5259
5280
5322
5404
5592
5594
5855
6498
6731
6775
6884
7045
7137
7311
8651
8667
8672
8677
8681
3949
4014
4275
4336
4363
4379
4440
4534
4550
4551
4561
4609
4614
4621
4637
4690
4713
4780
4800
4872
4958
4969
5005
5049
5117
5167
5301
5342
5373
5381
5430
5441
5477
5602
5844
6167
6453
6627
6864
7605
8661
3514
3716
3763
3778
4028
4043
4160
4265
4356
4358
4372
4381
4392
4395
4426
4442
4471
4525
4583
4589
4613
4623
4639
4679
4695
4706
4717
4740
4741
4744
4778
4807
4816
4901
4909
4931
4960
5038
5073
5116
5124
5135
5160
5171
5209
5260
5298
5362
5401
5479
6035
6124
6293
6412
6723
6733
6809
7453
8630
8645
8649
3642
3888
4004
4065
4112
4179
4207
4228
4258
4284
4375
4409
4483
4499
4530
4588
4612
4663
4672
4676
4716
4723
4768
4796
4880
4963
4990
4996
5065
5104
5218
5269
5305
5336
5382
5495
5516
6145
6327
6492
6786
7060
7135
7218
7496
8182
8668
8673
3696
3909
3967
4063
4168
4241
4266
4279
4366
4422
4472
4494
4496
4524
4563
4601
4611
4620
4627
4707
4759
4786
4808
4818
4832
4896
4968
5174
5208
5231
5282
5294
5329
5452
5480
5550
5624
5681
5683
6131
6962
6993
7124
7284
7399
7574
3931
3955
3965
4022
4054
4094
4126
4134
4205
4349
4371
4421
4458
4531
4544
4552
4555
4580
4662
4858
4871
5040
5137
5196
5212
5290
5310
5317
5703
5782
5854
6024
6265
6350
6722
6772
6827
6831
7395
7550
7731
8648
8660
8679
3622
3774
4111
4114
4285
4374
4391
4397
4410
4416
4420
4444
4453
4484
4640
4660
4668
4751
4773
4777
4787
4794
4798
4819
4831
4854
4855
4863
4883
4948
5016
5036
5045
5403
5485
6584
6986
7047
7147
7467
7482
7807
8227
8653
8671
3714
3836
3998
4021
4095
4185
4233
4251
4272
4288
4322
4355
4365
4380
4503
4519
4543
4556
4557
4622
4674
4682
4747
4750
4760
4765
5007
5042
5059
5119
5122
5179
5236
5237
5309
5338
5340
5434
5453
5549
5688
6276
6349
6487
6728
6875
8641
3718
3912
3939
3966
3982
4099
4108
4117
4206
4220
4230
4261
4267
4268
4291
4353
4389
4401
4430
4447
4455
4461
4481
4489
4535
4579
4634
4923
4939
5000
5008
5112
5142
5213
5299
5313
5543
6478
8656
3612
3741
3756
3768
3823
3826
3978
4020
4049
4071
4172
4193
4204
4226
4259
4264
4315
4323
4329
4350
4415
4438
4509
4576
4590
4631
4653
4694
4702
4728
4812
4935
4957
4999
5101
5244
5248
5264
5547
5724
6147
7254
8646
8662
8682
3643
3709
3770
3925
4042
4083
4138
4159
4213
4223
4327
4435
4464
4510
4528
4559
4596
4677
4797
4865
4893
4950
4976
5069
5175
5235
5518
5823
6160
8669
8670
8689
3620
3627
3662
3749
3752
3791
3816
3911
3947
3951
4031
4096
4106
4135
4139
4141
4152
4176
4184
4294
4332
4341
4345
4383
4445
4517
4546
4594
4608
4645
4732
4735
4789
4842
4849
4929
5145
5523
6715
7494
8256
8664
8707
3769
3779
3905
3915
3936
3940
3979
4089
4119
4131
4137
4148
4171
4175
4181
4225
4247
4252
4310
4378
4412
4413
4475
4501
4505
4572
4632
4633
4657
4689
4772
4908
5012
5051
5371
5765
6142
6621
6770
6880
7261
8555
8687
3715
3764
3901
3922
3945
4041
4064
4235
4466
4577
4643
4756
4839
5084
5136
5240
6152
7121
7806
3508
3720
3943
4000
4035
4107
4162
4197
4199
4227
4313
4359
4373
4785
5009
5057
5220
5498
6304
8678
8688
3707
3808
3895
3916
3980
4183
4237
4274
4304
4307
4343
4346
4367
4387
4394
4450
4456
4474
4522
4532
4636
4719
4721
4739
5197
8642
8657
8685
3561
3581
3626
3737
3934
4097
4144
4234
4339
4351
4437
4443
4448
4463
4511
4619
4658
4705
5091
5334
8693
3539
3572
3629
3633
3640
3659
3747
3807
3886
3906
3950
4007
4013
4113
4118
4312
4429
4573
4582
4937
4995
5081
5130
5744
8663
3639
3736
3802
3883
3972
3989
4048
4058
4262
4269
4446
4451
4578
4630
8569
8680
3577
3743
4038
4142
4325
5346
5708
3588
3623
3667
3796
3820
3956
4044
4074
4236
4454
5027
5076
6989
8004
8171
3536
3540
3702
3801
4129
4229
4370
8683
8684
8690
3327
3543
3575
3647
3669
3788
3813
3876
3993
4102
4149
4240
4249
4335
4376
4811
7161
3560
3921
4001
4046
4092
4173
4177
4591
4593
5359
5863
3465
3624
3683
3722
3784
3785
3941
4165
4342
4348
8696
3597
3890
4012
4201
4216
4406
8282
3649
3721
3885
3975
3977
4009
4308
4833
5556
7441
7582
8675
3789
3798
3839
3944
4045
4100
4170
4191
4400
4403
4405
4418
4434
8694
3609
3695
3793
3904
4278
4618
4779
3553
3594
3601
3746
3899
4023
4072
4091
4121
4187
4208
4263
4305
4610
3636
3663
3688
3759
4194
4281
4317
4856
3665
3850
3908
4145
4192
4257
4273
4469
5277
8666
3497
3658
3681
3898
3992
3996
4030
4034
4101
4180
4209
4219
4232
4844
3585
3668
3787
3880
4025
4037
4133
4157
4328
5211
3444
3500
3713
3968
4067
4255
4270
4298
4462
3554
3638
3712
3765
3766
4068
4076
4161
4178
4211
4256
4538
5115
7633
8305
8704
3815
3995
4084
4088
4331
4436
3454
3556
3805
3828
3997
4053
4245
4470
8703
3578
3830
3889
3903
4200
4788
7440
8126
8714
3358
3635
3644
3864
3958
4029
4122
4128
4210
4396
4431
4584
8409
8698
3396
3833
4050
4140
4311
4486
4889
6000
3651
3834
3985
4010
4155
4202
4277
4424
4516
5461
5663
5995
6243
6330
6536
3519
3689
3708
3814
3831
3920
4115
4338
5034
8722
3468
3551
3579
3675
3687
3863
3987
4105
4242
4300
4527
5798
8692
3499
3590
3856
4302
6563
8225
8676
3693
3780
3824
4006
4070
4078
3474
3565
3621
3710
3818
3874
3877
3964
4017
4130
4167
4357
4850
4936
8330
8716
3382
3518
3534
3562
3580
3988
4282
4318
4333
4369
3460
3637
3842
4093
4217
4457
8699
3526
3605
3719
3829
3878
3930
4069
4081
4110
4132
4231
4360
5582
5981
7439
8079
3458
3467
3480
3574
3652
3654
3729
3812
3817
3962
4239
5399
8706
3557
3598
3781
3919
8695
3517
3600
3661
3664
3849
3867
3946
4062
4103
4125
8106
3407
3607
3728
3918
3984
4040
4124
4320
4673
6984
3418
3459
3484
3648
3670
3684
3705
3840
3857
3893
6948
3336
3634
3758
4195
4309
6893
7788
3677
3845
3847
3879
4116
4151
4303
4414
3343
3532
3679
3800
3871
3926
3927
5697
8732
3754
3810
3853
3854
3870
4085
7217
3317
3545
3616
3742
3887
4186
4188
3455
3592
3771
3782
4729
8712
3587
3960
4060
4198
4174
4244
4287
3567
3776
3865
3952
4296
3429
3473
3478
3738
3819
4154
3617
4024
8709
3591
3700
3717
3744
3844
3969
3973
3974
4003
4158
5996
8705
8751
3555
3655
3724
3762
3866
4090
4163
8728
3464
3685
3690
3976
8700
8713
8737
5654
3884
3970
4039
4283
3821
3961
4059
4109
4297
8132
3602
3666
3678
3750
4079
4250
8117
8710
8717
8729
3686
3804
3942
3957
4056
4150
4362
3760
3896
8719
8759
8760
3461
3280
4377
3399
3533
3891
4215
4280
4321
3507
3527
3613
3691
3923
4080
4218
8733
3564
3835
8708
3520
3861
3882
4638
3632
3775
5749
3376
3938
4077
4276
3772
3953
4019
4166
3777
3991
4073
4123
4214
4388
8730
3334
3550
3552
3881
3405
3897
3954
4354
8721
3674
3375
3584
3755
3797
3837
4859
3631
3614
4036
3748
6543
4146
4196
3761
4299
3672
3783
3525
3558
3439
3494
3994
3401
3559
3855
8711
8715
4047
8280
3338
3422
3628
3990
3504
3524
3537
4057
3506
3625
3378
4182
6169
3431
3757
3892
3910
3408
3660
3701
4087
3359
3472
7603
4143
3656
8741
8740
3421
3482
3486
3451
3488
3673
4002
3490
3492
3547
3568
3599
8744
3734
3380
3894
4033
3404
8750
3983
3269
3646
3245
8702
3487
3589
3999
4005
3803
3913
3745
3981
4286
3726
3694
3794
3311
3873
6164
3224
6729
7225
3610
3630
3535
4018
8258
8073
8174
8258
8174
8073
8073
