930.8
931.4
931.4
931.4
931.5
931.8
932.0
932.2
932.2
932.5
932.5
932.5
932.6
932.6
932.9
933.0
933.0
933.2
933.2
933.3
933.3
933.4
933.4
933.5
933.6
933.6
933.6
933.7
933.7
933.7
933.8
933.9
934.0
934.1
934.2
934.2
934.2
934.2
934.4
934.4
934.5
934.5
934.6
934.6
934.7
934.7
934.7
934.7
934.9
935.1
935.1
935.1
935.2
935.2
935.2
935.2
935.2
935.3
935.3
935.3
935.4
935.4
935.4
935.5
935.5
935.5
935.6
935.7
935.8
935.8
935.8
935.9
935.9
935.9
935.9
935.9
935.9
936.0
936.1
936.2
936.2
936.2
936.3
936.3
936.3
936.3
936.4
936.4
936.4
936.5
936.5
936.6
936.6
936.6
936.7
936.7
936.7
936.7
937.0
937.2
937.2
937.2
937.2
937.2
937.2
937.3
937.3
937.3
937.4
937.4
937.4
937.4
937.5
937.6
937.6
937.6
937.6
937.7
937.7
937.7
937.7
937.8
937.8
937.8
937.8
937.8
937.9
937.9
937.9
937.9
937.9
938.0
938.0
938.0
938.1
938.1
938.1
938.1
938.1
938.2
938.2
938.3
938.3
938.3
938.3
938.4
938.4
938.4
938.4
938.4
938.5
938.5
938.5
938.6
938.6
938.6
938.6
938.7
938.7
938.7
938.7
938.7
938.8
938.9
938.9
938.9
938.9
938.9
938.9
939.0
939.0
939.1
939.1
939.1
939.1
939.2
939.3
939.3
939.3
939.3
939.3
939.4
939.4
939.5
939.6
939.7
939.7
939.7
939.8
939.9
939.9
939.9
940.0
940.0
940.1
940.1
940.2
940.2
940.2
940.2
940.3
940.3
940.3
940.3
940.3
940.4
940.4
940.5
940.5
940.5
940.5
940.6
940.6
940.6
940.6
940.7
940.7
940.9
940.9
940.9
940.9
940.9
941.0
941.0
941.0
941.0
941.1
941.1
941.1
941.1
941.1
941.2
941.2
941.2
941.2
941.2
941.3
941.4
941.4
941.5
941.5
941.5
941.5
941.6
941.8
941.8
941.8
941.9
941.9
941.9
942.0
942.0
942.0
942.1
942.1
942.1
942.1
942.2
942.2
942.2
942.4
942.4
942.6
942.8
942.9
942.9
942.9
943.1
943.1
943.3
943.3
943.3
943.3
943.3
943.4
943.4
943.4
943.5
943.6
943.6
943.6
943.7
943.8
943.9
943.9
943.9
943.9
944.0
944.1
944.1
944.2
944.2
944.3
944.3
944.3
944.4
944.4
944.5
944.5
944.7
944.7
944.7
944.7
944.8
944.8
944.9
945.0
945.0
945.0
945.1
945.1
945.1
945.1
945.3
945.4
945.4
945.7
945.7
946.0
946.4
946.4
946.6
946.6
946.6
946.7
946.9
947.1
947.1
947.3
947.5
947.5
947.5
947.6
947.7
947.9
948.1
948.3
948.4
948.7
948.8
948.9
949.1
949.1
949.6
949.6
949.6
950.0
950.5
950.6
950.7
950.8
952.6
952.6
952.7
952.7
953.2
953.6
955.3
955.4
955.7
955.8
957.4
968.8
1049.1
1049.2
1049.2
1049.2
1049.3
1049.4
1049.4
1049.4
1049.4
1049.5
1049.5
1049.5
1049.5
1049.5
1049.6
1049.6
1049.6
1049.6
1049.6
1049.6
1049.7
1049.7
1049.7
1049.7
1049.8
1049.8
1049.8
1049.8
1049.9
1049.9
1049.9
1049.9
1049.9
1049.9
1049.9
1049.9
1049.9
1049.9
1050.0
1050.0
1050.0
1050.0
1050.0
1050.0
1050.1
1050.1
1050.1
1050.1
1050.1
1050.1
1050.1
1050.2
1050.2
1050.3
1050.3
1050.3
1050.3
1050.4
1050.4
1050.4
1050.4
1050.4
1050.4
1050.5
1050.5
1050.5
1050.5
1050.5
1050.5
1050.5
1050.5
1050.6
1050.6
1050.6
1050.6
1050.6
1050.6
1050.6
1050.6
1050.6
1050.6
1050.6
1050.7
1050.7
1050.7
1050.7
1050.7
1050.7
1050.7
1050.7
1050.7
1050.8
1050.8
1050.8
1050.8
1050.8
1050.8
1050.8
1050.8
1050.8
1050.8
1050.8
1050.8
1050.9
1050.9
1050.9
1050.9
1050.9
1050.9
1050.9
1050.9
1050.9
1051.0
1051.0
1051.0
1051.0
1051.0
1051.0
1051.0
1051.0
1051.0
1051.0
1051.0
1051.1
1051.1
1051.1
1051.1
1051.1
1051.1
1051.1
1051.1
1051.1
1051.2
1051.2
1051.2
1051.2
1051.2
1051.2
1051.2
1051.2
1051.2
1051.2
1051.2
1051.2
1051.3
1051.3
1051.3
1051.3
1051.3
1051.3
1051.3
1051.3
1051.3
1051.3
1051.4
1051.4
1051.4
1051.4
1051.4
1051.4
1051.4
1051.4
1051.4
1051.4
1051.4
1051.5
1051.5
1051.5
1051.5
1051.5
1051.5
1051.5
1051.5
1051.5
1051.6
1051.6
1051.6
1051.6
1051.6
1051.6
1051.6
1051.6
1051.6
1051.7
1051.7
1051.7
1051.7
1051.7
1051.7
1051.7
1051.8
1051.8
1051.8
1051.8
1051.8
1051.9
1051.9
1051.9
1051.9
1051.9
1051.9
1051.9
1051.9
1052.0
1052.0
1052.0
1052.0
1052.0
1052.0
1052.0
1052.0
1052.0
1052.0
1052.0
1052.1
1052.1
1052.1
1052.1
1052.2
1052.2
1052.2
1052.2
1052.2
1052.2
1052.2
1052.2
1052.2
1052.2
1052.2
1052.3
1052.3
1052.3
1052.3
1052.3
1052.3
1052.3
1052.3
1052.3
1052.4
1052.4
1052.4
1052.4
1052.4
1052.4
1052.4
1052.4
1052.4
1052.5
1052.5
1052.5
1052.5
1052.5
1052.5
1052.5
1052.5
1052.5
1052.6
1052.6
1052.6
1052.6
1052.6
1052.6
1052.6
1052.6
1052.7
1052.7
1052.7
1052.7
1052.8
1052.8
1052.8
1052.8
1052.8
1052.8
1052.8
1052.9
1052.9
1052.9
1052.9
1052.9
1053.0
1053.0
1053.0
1053.0
1053.1
1053.1
1053.1
1053.1
1053.1
1053.2
1053.2
1053.3
1053.3
1053.4
1053.4
1053.4
1053.5
1053.5
1053.6
1053.6
1053.6
1053.6
1053.6
1053.7
1053.7
1053.7
1053.7
1053.8
1053.8
1053.8
1053.9
1053.9
1053.9
1054.0
1054.0
1054.0
1054.0
1054.0
1054.0
1054.1
1054.1
1054.1
1054.2
1054.3
1054.4
1054.5
1054.5
1054.5
1054.6
1054.6
1054.7
1054.8
1054.8
1055.0
1055.0
1055.1
1055.1
1055.2
1055.6
1055.7
1055.7
1055.7
1056.1
1056.7
1056.7
1056.8
1056.8
1056.9
1057.1
1057.2
1057.3
1057.5
1057.8
1058.3
1058.4
1058.7
1059.2
1061.4
1061.5
1062.2
1064.8
1077.3
1208.9
1209.0
1209.0
1209.1
1209.1
1209.1
1209.1
1209.1
1209.1
1209.1
1209.1
1209.2
1209.2
1209.2
1209.2
1209.2
1209.2
1209.2
1209.2
1209.2
1209.2
1209.2
1209.2
1209.2
1209.2
1209.2
1209.2
1209.2
1209.2
1209.2
1209.2
1209.2
1209.2
1209.2
1209.2
1209.2
1209.2
1209.2
1209.3
1209.3
1209.3
1209.3
1209.3
1209.3
1209.3
1209.3
1209.3
1209.3
1209.3
1209.3
1209.3
1209.3
1209.3
1209.3
1209.3
1209.3
1209.3
1209.3
1209.3
1209.3
1209.3
1209.3
1209.3
1209.3
1209.3
1209.3
1209.3
1209.3
1209.3
1209.3
1209.3
1209.3
1209.3
1209.3
1209.3
1209.3
1209.3
1209.3
1209.3
1209.3
1209.3
1209.3
1209.3
1209.3
1209.3
1209.3
1209.3
1209.3
1209.3
1209.3
1209.3
1209.3
1209.3
1209.3
1209.3
1209.3
1209.3
1209.3
1209.3
1209.3
1209.3
1209.3
1209.3
1209.3
1209.3
1209.3
1209.3
1209.3
1209.3
1209.3
1209.3
1209.4
1209.4
1209.4
1209.4
1209.4
1209.4
1209.4
1209.4
1209.4
1209.4
1209.4
1209.4
1209.4
1209.4
1209.4
1209.4
1209.4
1209.4
1209.4
1209.4
1209.4
1209.4
1209.4
1209.4
1209.4
1209.4
1209.4
1209.4
1209.4
1209.4
1209.4
1209.4
1209.4
1209.4
1209.4
1209.4
1209.4
1209.4
1209.4
1209.4
1209.4
1209.4
1209.4
1209.4
1209.4
1209.4
1209.4
1209.4
1209.4
1209.4
1209.4
1209.4
1209.4
1209.4
1209.4
1209.4
1209.4
1209.4
1209.4
1209.4
1209.4
1209.4
1209.4
1209.4
1209.4
1209.4
1209.4
1209.4
1209.4
1209.4
1209.4
1209.4
1209.4
1209.4
1209.5
1209.5
1209.5
1209.5
1209.5
1209.5
1209.5
1209.5
1209.5
1209.5
1209.5
1209.5
1209.5
1209.5
1209.5
1209.5
1209.5
1209.5
1209.5
1209.5
1209.5
1209.5
1209.5
1209.5
1209.5
1209.5
1209.5
1209.5
1209.5
1209.5
1209.5
1209.5
1209.5
1209.5
1209.5
1209.5
1209.5
1209.5
1209.5
1209.5
1209.5
1209.5
1209.5
1209.5
1209.5
1209.5
1209.5
1209.5
1209.5
1209.5
1209.5
1209.5
1209.5
1209.5
1209.5
1209.5
1209.5
1209.5
1209.5
1209.5
1209.5
1209.5
1209.5
1209.5
1209.5
1209.5
1209.5
1209.5
1209.5
1209.5
1209.6
1209.6
1209.6
1209.6
1209.6
1209.6
1209.6
1209.6
1209.6
1209.6
1209.6
1209.6
1209.6
1209.6
1209.6
1209.6
1209.6
1209.6
1209.6
1209.6
1209.6
1209.6
1209.6
1209.6
1209.6
1209.6
1209.6
1209.6
1209.6
1209.6
1209.6
1209.6
1209.6
1209.6
1209.6
1209.6
1209.6
1209.6
1209.6
1209.6
1209.6
1209.6
1209.6
1209.6
1209.6
1209.6
1209.6
1209.6
1209.6
1209.6
1209.6
1209.6
1209.6
1209.6
1209.6
1209.6
1209.7
1209.7
1209.7
1209.7
1209.7
1209.7
1209.7
1209.7
1209.7
1209.7
1209.7
1209.7
1209.7
1209.7
1209.7
1209.7
1209.7
1209.7
1209.7
1209.7
1209.7
1209.7
1209.7
1209.7
1209.7
1209.7
1209.7
1209.7
1209.7
1209.7
1209.8
1209.8
1209.8
1209.8
1209.8
1209.8
1209.8
1209.8
1209.8
1209.8
1209.8
1209.8
1209.9
1209.9
1209.9
1209.9
1210.0
1210.0
1210.1
1210.1
1210.6
1213.4
1272.5
1272.9
1272.9
1272.9
1273.0
1273.0
1273.1
1273.2
1273.2
1273.2
1273.3
1273.3
1273.4
1273.5
1273.5
1273.5
1273.5
1273.5
1273.6
1273.6
1273.6
1273.6
1273.6
1273.6
1273.6
1273.6
1273.6
1273.6
1273.6
1273.6
1273.6
1273.7
1273.7
1273.7
1273.7
1273.7
1273.7
1273.7
1273.7
1273.8
1273.8
1273.8
1273.8
1273.8
1273.8
1273.8
1273.8
1273.8
1273.8
1273.8
1273.8
1273.8
1273.8
1273.8
1273.8
1273.8
1273.8
1273.8
1273.8
1273.9
1273.9
1273.9
1273.9
1273.9
1273.9
1273.9
1273.9
1273.9
1273.9
1273.9
1273.9
1273.9
1273.9
1273.9
1273.9
1274.0
1274.0
1274.0
1274.0
1274.0
1274.0
1274.0
1274.0
1274.0
1274.0
1274.0
1274.0
1274.0
1274.0
1274.0
1274.0
1274.0
1274.0
1274.0
1274.0
1274.0
1274.0
1274.0
1274.0
1274.0
1274.0
1274.0
1274.0
1274.0
1274.0
1274.1
1274.1
1274.1
1274.1
1274.1
1274.1
1274.1
1274.1
1274.1
1274.1
1274.1
1274.1
1274.1
1274.1
1274.1
1274.1
1274.1
1274.1
1274.1
1274.2
1274.2
1274.2
1274.2
1274.2
1274.2
1274.2
1274.2
1274.2
1274.2
1274.2
1274.2
1274.2
1274.2
1274.2
1274.2
1274.2
1274.3
1274.3
1274.3
1274.3
1274.3
1274.3
1274.3
1274.3
1274.3
1274.3
1274.3
1274.3
1274.3
1274.3
1274.3
1274.3
1274.3
1274.3
1274.3
1274.3
1274.3
1274.4
1274.4
1274.4
1274.4
1274.4
1274.4
1274.4
1274.4
1274.4
1274.4
1274.4
1274.4
1274.4
1274.4
1274.4
1274.4
1274.4
1274.4
1274.4
1274.4
1274.4
1274.4
1274.4
1274.4
1274.4
1274.5
1274.5
1274.5
1274.5
1274.5
1274.5
1274.5
1274.5
1274.5
1274.5
1274.5
1274.5
1274.5
1274.6
1274.6
1274.6
1274.6
1274.6
1274.6
1274.6
1274.6
1274.6
1274.6
1274.6
1274.6
1274.6
1274.6
1274.6
1274.6
1274.6
1274.6
1274.6
1274.6
1274.6
1274.6
1274.7
1274.7
1274.7
1274.7
1274.7
1274.7
1274.7
1274.7
1274.7
1274.7
1274.7
1274.7
1274.7
1274.7
1274.7
1274.7
1274.7
1274.7
1274.7
1274.7
1274.8
1274.8
1274.8
1274.8
1274.8
1274.8
1274.8
1274.8
1274.8
1274.8
1274.8
1274.8
1274.8
1274.8
1274.8
1274.9
1274.9
1274.9
1274.9
1274.9
1274.9
1274.9
1274.9
1274.9
1274.9
1274.9
1274.9
1274.9
1274.9
1274.9
1274.9
1274.9
1274.9
1274.9
1275.0
1275.0
1275.0
1275.0
1275.0
1275.0
1275.0
1275.0
1275.0
1275.0
1275.0
1275.0
1275.0
1275.1
1275.1
1275.1
1275.1
1275.1
1275.1
1275.1
1275.1
1275.1
1275.1
1275.1
1275.1
1275.1
1275.1
1275.1
1275.1
1275.1
1275.2
1275.2
1275.2
1275.2
1275.2
1275.2
1275.2
1275.2
1275.2
1275.3
1275.3
1275.3
1275.3
1275.3
1275.3
1275.3
1275.4
1275.4
1275.4
1275.4
1275.4
1275.5
1275.5
1275.5
1275.5
1275.5
1275.6
1275.6
1275.6
1275.6
1275.6
1275.7
1275.7
1275.7
1275.7
1275.7
1275.7
1275.7
1275.8
1275.8
1275.8
1275.8
1275.8
1275.8
1275.8
1275.8
1275.9
1275.9
1275.9
1275.9
1276.0
1276.1
1276.1
1276.2
1276.9
1277.1
1278.2
1382.8
1382.8
1382.9
1383.0
1383.0
1383.0
1383.0
1383.0
1383.0
1383.0
1383.0
1383.1
1383.1
1383.1
1383.1
1383.1
1383.1
1383.1
1383.1
1383.1
1383.1
1383.1
1383.1
1383.1
1383.1
1383.1
1383.1
1383.1
1383.1
1383.1
1383.1
1383.1
1383.1
1383.1
1383.2
1383.2
1383.2
1383.2
1383.2
1383.2
1383.2
1383.2
1383.2
1383.2
1383.2
1383.2
1383.2
1383.2
1383.2
1383.2
1383.2
1383.2
1383.2
1383.2
1383.2
1383.2
1383.2
1383.2
1383.2
1383.2
1383.2
1383.2
1383.2
1383.2
1383.2
1383.2
1383.2
1383.2
1383.2
1383.2
1383.2
1383.2
1383.2
1383.2
1383.2
1383.2
1383.2
1383.2
1383.2
1383.2
1383.2
1383.2
1383.2
1383.3
1383.3
1383.3
1383.3
1383.3
1383.3
1383.3
1383.3
1383.3
1383.3
1383.3
1383.3
1383.3
1383.3
1383.3
1383.3
1383.3
1383.3
1383.3
1383.3
1383.3
1383.3
1383.3
1383.3
1383.3
1383.3
1383.3
1383.3
1383.3
1383.3
1383.3
1383.3
1383.3
1383.3
1383.3
1383.3
1383.3
1383.3
1383.3
1383.3
1383.3
1383.3
1383.3
1383.3
1383.3
1383.3
1383.3
1383.3
1383.3
1383.3
1383.3
1383.3
1383.3
1383.3
1383.3
1383.3
1383.3
1383.3
1383.3
1383.3
1383.3
1383.3
1383.3
1383.3
1383.3
1383.3
1383.3
1383.4
1383.4
1383.4
1383.4
1383.4
1383.4
1383.4
1383.4
1383.4
1383.4
1383.4
1383.4
1383.4
1383.4
1383.4
1383.4
1383.4
1383.4
1383.4
1383.4
1383.4
1383.4
1383.4
1383.4
1383.4
1383.4
1383.4
1383.4
1383.4
1383.4
1383.4
1383.4
1383.4
1383.4
1383.4
1383.4
1383.4
1383.4
1383.4
1383.4
1383.4
1383.4
1383.4
1383.4
1383.4
1383.4
1383.4
1383.4
1383.4
1383.4
1383.4
1383.4
1383.4
1383.4
1383.4
1383.4
1383.4
1383.4
1383.4
1383.4
1383.4
1383.4
1383.4
1383.4
1383.4
1383.4
1383.4
1383.4
1383.4
1383.4
1383.4
1383.4
1383.4
1383.4
1383.4
1383.4
1383.4
1383.4
1383.4
1383.4
1383.4
1383.5
1383.5
1383.5
1383.5
1383.5
1383.5
1383.5
1383.5
1383.5
1383.5
1383.5
1383.5
1383.5
1383.5
1383.5
1383.5
1383.5
1383.5
1383.5
1383.5
1383.5
1383.5
1383.5
1383.5
1383.5
1383.5
1383.5
1383.5
1383.5
1383.5
1383.5
1383.5
1383.5
1383.5
1383.5
1383.5
1383.5
1383.5
1383.5
1383.5
1383.5
1383.5
1383.5
1383.5
1383.5
1383.5
1383.5
1383.5
1383.5
1383.5
1383.5
1383.5
1383.5
1383.5
1383.5
1383.5
1383.5
1383.5
1383.5
1383.5
1383.6
1383.6
1383.6
1383.6
1383.6
1383.6
1383.6
1383.6
1383.6
1383.6
1383.6
1383.6
1383.6
1383.6
1383.6
1383.6
1383.6
1383.6
1383.6
1383.6
1383.6
1383.6
1383.6
1383.6
1383.6
1383.6
1383.6
1383.6
1383.6
1383.6
1383.6
1383.6
1383.6
1383.6
1383.6
1383.6
1383.6
1383.6
1383.6
1383.6
1383.6
1383.6
1383.6
1383.6
1383.6
1383.6
1383.7
1383.7
1383.7
1383.7
1383.7
1383.7
1383.7
1383.7
1383.7
1383.7
1383.7
1383.7
1383.7
1383.7
1383.7
1383.7
1383.7
1383.7
1383.7
1383.7
1383.7
1383.8
1383.8
1383.8
1383.8
1383.9
1547.3
1547.3
1547.4
1547.4
1547.4
1547.4
1547.5
1547.5
1547.5
1547.5
1547.5
1547.5
1547.6
1547.6
1547.6
1547.6
1547.6
1547.6
1547.6
1547.6
1547.7
1547.7
1547.7
1547.7
1547.7
1547.7
1547.7
1547.7
1547.7
1547.7
1547.7
1547.7
1547.7
1547.7
1547.7
1547.7
1547.7
1547.7
1547.7
1547.7
1547.7
1547.7
1547.7
1547.7
1547.7
1547.7
1547.7
1547.7
1547.7
1547.8
1547.8
1547.8
1547.8
1547.8
1547.8
1547.8
1547.8
1547.8
1547.8
1547.8
1547.8
1547.8
1547.8
1547.8
1547.8
1547.8
1547.8
1547.8
1547.8
1547.8
1547.8
1547.8
1547.8
1547.8
1547.8
1547.9
1547.9
1547.9
1547.9
1547.9
1547.9
1547.9
1547.9
1547.9
1547.9
1547.9
1547.9
1547.9
1547.9
1547.9
1547.9
1547.9
1547.9
1547.9
1547.9
1547.9
1547.9
1547.9
1547.9
1547.9
1547.9
1547.9
1547.9
1547.9
1547.9
1547.9
1547.9
1547.9
1547.9
1547.9
1547.9
1547.9
1547.9
1547.9
1547.9
1547.9
1548.0
1548.0
1548.0
1548.0
1548.0
1548.0
1548.0
1548.0
1548.0
1548.0
1548.0
1548.0
1548.0
1548.0
1548.0
1548.0
1548.0
1548.0
1548.0
1548.0
1548.0
1548.0
1548.0
1548.0
1548.0
1548.0
1548.0
1548.0
1548.0
1548.0
1548.0
1548.0
1548.0
1548.0
1548.0
1548.0
1548.0
1548.1
1548.1
1548.1
1548.1
1548.1
1548.1
1548.1
1548.1
1548.1
1548.1
1548.1
1548.1
1548.1
1548.1
1548.1
1548.1
1548.1
1548.1
1548.1
1548.1
1548.1
1548.1
1548.1
1548.1
1548.1
1548.1
1548.1
1548.1
1548.1
1548.1
1548.1
1548.1
1548.1
1548.1
1548.1
1548.1
1548.1
1548.1
1548.1
1548.1
1548.1
1548.1
1548.1
1548.1
1548.1
1548.1
1548.1
1548.1
1548.2
1548.2
1548.2
1548.2
1548.2
1548.2
1548.2
1548.2
1548.2
1548.2
1548.2
1548.2
1548.2
1548.2
1548.2
1548.2
1548.2
1548.2
1548.2
1548.2
1548.2
1548.2
1548.2
1548.2
1548.2
1548.2
1548.2
1548.2
1548.2
1548.2
1548.2
1548.2
1548.2
1548.2
1548.2
1548.2
1548.2
1548.2
1548.2
1548.2
1548.3
1548.3
1548.3
1548.3
1548.3
1548.3
1548.3
1548.3
1548.3
1548.3
1548.3
1548.3
1548.3
1548.3
1548.3
1548.3
1548.3
1548.3
1548.3
1548.3
1548.3
1548.3
1548.3
1548.3
1548.3
1548.3
1548.3
1548.3
1548.3
1548.3
1548.3
1548.3
1548.4
1548.4
1548.4
1548.4
1548.4
1548.4
1548.4
1548.4
1548.4
1548.4
1548.4
1548.4
1548.4
1548.4
1548.4
1548.4
1548.4
1548.4
1548.4
1548.4
1548.4
1548.4
1548.4
1548.4
1548.5
1548.5
1548.5
1548.5
1548.5
1548.5
1548.5
1548.5
1548.5
1548.5
1548.5
1548.5
1548.5
1548.5
1548.5
1548.5
1548.5
1548.5
1548.5
1548.5
1548.5
1548.5
1548.5
1548.5
1548.5
1548.5
1548.5
1548.5
1548.5
1548.6
1548.6
1548.6
1548.6
1548.6
1548.6
1548.6
1548.6
1548.6
1548.6
1548.6
1548.6
1548.6
1548.6
1548.6
1548.6
1548.7
1548.7
1548.7
1548.7
1548.7
1548.7
1548.7
1548.7
1548.7
1548.7
1548.8
1548.8
1548.8
1548.8
1548.8
1548.8
1548.8
1548.8
1549.0
1549.0
1549.0
1615.3
1615.8
1616.1
1616.3
1616.3
1616.3
1616.5
1616.5
1616.5
1616.7
1616.8
1617.1
1617.1
1617.1
1617.2
1617.2
1617.2
1617.2
1617.2
1617.2
1617.3
1617.3
1617.3
1617.3
1617.3
1617.4
1617.5
1617.5
1617.5
1617.5
1617.5
1617.6
1617.6
1617.6
1617.6
1617.6
1617.6
1617.6
1617.7
1617.7
1617.7
1617.7
1617.7
1617.7
1617.7
1617.7
1617.8
1617.8
1617.8
1617.8
1617.8
1617.8
1617.9
1617.9
1617.9
1617.9
1618.0
1618.0
1618.0
1618.0
1618.0
1618.0
1618.0
1618.0
1618.0
1618.0
1618.0
1618.0
1618.0
1618.0
1618.1
1618.1
1618.1
1618.1
1618.1
1618.1
1618.1
1618.1
1618.1
1618.1
1618.1
1618.2
1618.2
1618.2
1618.2
1618.2
1618.2
1618.2
1618.2
1618.2
1618.2
1618.2
1618.2
1618.3
1618.3
1618.3
1618.3
1618.3
1618.3
1618.3
1618.4
1618.4
1618.4
1618.4
1618.4
1618.4
1618.4
1618.4
1618.4
1618.4
1618.5
1618.5
1618.5
1618.5
1618.5
1618.5
1618.5
1618.5
1618.5
1618.5
1618.5
1618.6
1618.6
1618.6
1618.6
1618.6
1618.6
1618.6
1618.7
1618.7
1618.7
1618.7
1618.7
1618.8
1618.8
1618.8
1618.8
1618.8
1618.8
1618.8
1618.9
1618.9
1618.9
1618.9
1618.9
1619.0
1619.0
1619.0
1619.0
1619.1
1619.1
1619.1
1619.1
1619.1
1619.1
1619.1
1619.1
1619.1
1619.1
1619.1
1619.2
1619.2
1619.2
1619.2
1619.2
1619.2
1619.2
1619.2
1619.2
1619.2
1619.2
1619.3
1619.3
1619.3
1619.3
1619.3
1619.3
1619.3
1619.3
1619.4
1619.4
1619.4
1619.4
1619.5
1619.5
1619.5
1619.5
1619.5
1619.5
1619.5
1619.6
1619.6
1619.6
1619.6
1619.6
1619.6
1619.6
1619.6
1619.6
1619.6
1619.6
1619.6
1619.6
1619.7
1619.7
1619.7
1619.7
1619.7
1619.7
1619.7
1619.8
1619.8
1619.8
1619.8
1619.8
1619.8
1619.8
1619.8
1619.9
1619.9
1619.9
1619.9
1619.9
1619.9
1619.9
1620.0
1620.0
1620.0
1620.0
1620.0
1620.0
1620.0
1620.1
1620.1
1620.1
1620.1
1620.2
1620.2
1620.2
1620.2
1620.3
1620.3
1620.3
1620.3
1620.3
1620.3
1620.3
1620.4
1620.4
1620.4
1620.4
1620.4
1620.4
1620.4
1620.4
1620.4
1620.4
1620.5
1620.5
1620.5
1620.5
1620.5
1620.6
1620.6
1620.6
1620.6
1620.6
1620.7
1620.7
1620.7
1620.7
1620.8
1620.8
1620.8
1620.8
1620.8
1620.8
1620.9
1620.9
1620.9
1620.9
1620.9
1621.0
1621.0
1621.1
1621.1
1621.1
1621.1
1621.1
1621.1
1621.1
1621.1
1621.1
1621.2
1621.2
1621.2
1621.3
1621.3
1621.3
1621.3
1621.3
1621.3
1621.4
1621.4
1621.4
1621.4
1621.4
1621.5
1621.5
1621.6
1621.6
1621.6
1621.7
1621.7
1621.8
1621.8
1621.9
1621.9
1622.0
1622.0
1622.1
1622.1
1622.2
1622.2
1622.2
1622.3
1622.4
1622.5
1622.5
1622.7
1622.7
1622.7
1622.8
1622.9
1623.0
1623.1
1623.1
1623.1
1623.2
1623.2
1623.4
1623.5
1623.7
1623.7
1623.8
1623.8
1623.9
1623.9
1624.1
1624.2
1624.3
1624.7
1624.7
1624.8
1625.0
1625.0
1625.2
1625.4
1625.8
1626.8
1629.3
1635.2
1719.8
1720.5
1720.5
1720.5
1720.6
1720.6
1720.6
1720.6
1720.6
1720.6
1720.7
1720.7
1720.7
1720.7
1720.7
1720.7
1720.7
1720.7
1720.7
1720.7
1720.7
1720.7
1720.7
1720.7
1720.7
1720.8
1720.8
1720.8
1720.8
1720.8
1720.8
1720.8
1720.8
1720.8
1720.8
1720.8
1720.8
1720.8
1720.8
1720.8
1720.8
1720.8
1720.8
1720.8
1720.8
1720.8
1720.8
1720.8
1720.8
1720.8
1720.8
1720.8
1720.8
1720.8
1720.8
1720.8
1720.8
1720.8
1720.9
1720.9
1720.9
1720.9
1720.9
1720.9
1720.9
1720.9
1720.9
1720.9
1720.9
1720.9
1720.9
1720.9
1720.9
1720.9
1720.9
1720.9
1720.9
1720.9
1720.9
1720.9
1720.9
1720.9
1720.9
1720.9
1720.9
1720.9
1720.9
1720.9
1720.9
1720.9
1720.9
1720.9
1720.9
1720.9
1720.9
1720.9
1720.9
1721.0
1721.0
1721.0
1721.0
1721.0
1721.0
1721.0
1721.0
1721.0
1721.0
1721.0
1721.0
1721.0
1721.0
1721.0
1721.0
1721.0
1721.0
1721.0
1721.0
1721.0
1721.0
1721.0
1721.0
1721.0
1721.0
1721.0
1721.0
1721.0
1721.0
1721.0
1721.0
1721.0
1721.0
1721.0
1721.0
1721.0
1721.0
1721.0
1721.0
1721.0
1721.0
1721.0
1721.0
1721.0
1721.0
1721.0
1721.0
1721.0
1721.0
1721.0
1721.0
1721.0
1721.1
1721.1
1721.1
1721.1
1721.1
1721.1
1721.1
1721.1
1721.1
1721.1
1721.1
1721.1
1721.1
1721.1
1721.1
1721.1
1721.1
1721.1
1721.1
1721.1
1721.1
1721.1
1721.1
1721.1
1721.1
1721.1
1721.1
1721.1
1721.1
1721.1
1721.1
1721.1
1721.1
1721.1
1721.1
1721.1
1721.1
1721.1
1721.1
1721.1
1721.1
1721.1
1721.1
1721.1
1721.1
1721.1
1721.1
1721.1
1721.1
1721.1
1721.1
1721.1
1721.1
1721.1
1721.1
1721.1
1721.1
1721.1
1721.1
1721.1
1721.1
1721.1
1721.1
1721.1
1721.1
1721.1
1721.1
1721.1
1721.1
1721.1
1721.1
1721.1
1721.1
1721.2
1721.2
1721.2
1721.2
1721.2
1721.2
1721.2
1721.2
1721.2
1721.2
1721.2
1721.2
1721.2
1721.2
1721.2
1721.2
1721.2
1721.2
1721.2
1721.2
1721.2
1721.2
1721.2
1721.2
1721.2
1721.2
1721.2
1721.2
1721.2
1721.2
1721.2
1721.2
1721.2
1721.2
1721.2
1721.2
1721.2
1721.2
1721.2
1721.2
1721.2
1721.2
1721.2
1721.2
1721.2
1721.2
1721.2
1721.2
1721.2
1721.2
1721.2
1721.3
1721.3
1721.3
1721.3
1721.3
1721.3
1721.3
1721.3
1721.3
1721.3
1721.3
1721.3
1721.3
1721.3
1721.3
1721.3
1721.3
1721.3
1721.3
1721.3
1721.3
1721.3
1721.3
1721.3
1721.3
1721.3
1721.3
1721.3
1721.3
1721.3
1721.3
1721.3
1721.3
1721.3
1721.3
1721.3
1721.3
1721.3
1721.3
1721.3
1721.3
1721.3
1721.3
1721.3
1721.3
1721.3
1721.4
1721.4
1721.4
1721.4
1721.4
1721.4
1721.4
1721.4
1721.4
1721.4
1721.4
1721.4
1721.4
1721.4
1721.4
1721.4
1721.4
1721.4
1721.4
1721.4
1721.4
1721.4
1721.4
1721.4
1721.4
1721.5
1721.5
1721.5
1721.5
1721.5
1721.5
1721.5
1721.5
1721.5
1721.5
1721.5
1721.5
1721.5
1721.5
1721.5
1721.5
1721.6
1721.6
1883.8
1883.9
1883.9
1883.9
1883.9
1883.9
1884.0
1884.0
1884.0
1884.0
1884.0
1884.1
1884.1
1884.1
1884.1
1884.1
1884.2
1884.2
1884.2
1884.2
1884.2
1884.2
1884.2
1884.2
1884.2
1884.2
1884.2
1884.2
1884.2
1884.3
1884.3
1884.3
1884.3
1884.3
1884.3
1884.3
1884.3
1884.3
1884.3
1884.3
1884.3
1884.3
1884.3
1884.3
1884.3
1884.3
1884.3
1884.3
1884.3
1884.3
1884.3
1884.3
1884.3
1884.3
1884.3
1884.3
1884.3
1884.3
1884.3
1884.4
1884.4
1884.4
1884.4
1884.4
1884.4
1884.4
1884.4
1884.4
1884.4
1884.4
1884.4
1884.4
1884.4
1884.4
1884.4
1884.4
1884.4
1884.4
1884.4
1884.4
1884.4
1884.4
1884.4
1884.4
1884.4
1884.4
1884.4
1884.4
1884.4
1884.4
1884.4
1884.4
1884.4
1884.4
1884.4
1884.5
1884.5
1884.5
1884.5
1884.5
1884.5
1884.5
1884.5
1884.5
1884.5
1884.5
1884.5
1884.5
1884.5
1884.5
1884.5
1884.5
1884.5
1884.5
1884.5
1884.5
1884.5
1884.5
1884.5
1884.5
1884.5
1884.5
1884.5
1884.5
1884.5
1884.6
1884.6
1884.6
1884.6
1884.6
1884.6
1884.6
1884.6
1884.6
1884.6
1884.6
1884.6
1884.6
1884.6
1884.6
1884.6
1884.6
1884.6
1884.6
1884.6
1884.6
1884.6
1884.6
1884.6
1884.6
1884.6
1884.6
1884.6
1884.6
1884.6
1884.6
1884.6
1884.6
1884.6
1884.6
1884.6
1884.6
1884.6
1884.6
1884.6
1884.6
1884.6
1884.6
1884.6
1884.6
1884.6
1884.6
1884.6
1884.6
1884.7
1884.7
1884.7
1884.7
1884.7
1884.7
1884.7
1884.7
1884.7
1884.7
1884.7
1884.7
1884.7
1884.7
1884.7
1884.7
1884.7
1884.7
1884.7
1884.7
1884.7
1884.7
1884.7
1884.7
1884.7
1884.7
1884.7
1884.7
1884.7
1884.7
1884.7
1884.7
1884.7
1884.7
1884.7
1884.7
1884.7
1884.7
1884.8
1884.8
1884.8
1884.8
1884.8
1884.8
1884.8
1884.8
1884.8
1884.8
1884.8
1884.8
1884.8
1884.8
1884.8
1884.8
1884.8
1884.8
1884.8
1884.8
1884.8
1884.8
1884.8
1884.8
1884.8
1884.8
1884.8
1884.8
1884.8
1884.8
1884.8
1884.8
1884.8
1884.8
1884.8
1884.9
1884.9
1884.9
1884.9
1884.9
1884.9
1884.9
1884.9
1884.9
1884.9
1884.9
1884.9
1884.9
1884.9
1884.9
1884.9
1884.9
1884.9
1884.9
1884.9
1884.9
1884.9
1884.9
1884.9
1884.9
1884.9
1884.9
1884.9
1884.9
1884.9
1884.9
1884.9
1884.9
1884.9
1884.9
1885.0
1885.0
1885.0
1885.0
1885.0
1885.0
1885.0
1885.0
1885.0
1885.0
1885.0
1885.0
1885.0
1885.0
1885.0
1885.0
1885.0
1885.0
1885.0
1885.0
1885.0
1885.0
1885.0
1885.0
1885.1
1885.1
1885.1
1885.1
1885.1
1885.1
1885.1
1885.1
1885.1
1885.1
1885.1
1885.1
1885.1
1885.1
1885.1
1885.1
1885.1
1885.1
1885.1
1885.1
1885.1
1885.1
1885.1
1885.1
1885.1
1885.1
1885.1
1885.2
1885.2
1885.2
1885.2
1885.2
1885.2
1885.2
1885.2
1885.2
1885.2
1885.2
1885.2
1885.2
1885.2
1885.3
1885.3
1885.3
1885.3
1885.3
1885.3
1885.3
1885.3
1885.4
1885.4
1885.4
1885.4
1885.4
1885.5
1885.5
1885.5
1950.0
1950.5
1950.8
1951.0
1951.0
1951.1
1951.1
1951.4
1951.4
1951.5
1951.7
1951.8
1951.9
1951.9
1951.9
1952.0
1952.1
1952.1
1952.1
1952.1
1952.1
1952.2
1952.3
1952.3
1952.3
1952.3
1952.3
1952.4
1952.4
1952.4
1952.5
1952.5
1952.5
1952.5
1952.5
1952.6
1952.6
1952.6
1952.6
1952.6
1952.6
1952.6
1952.7
1952.7
1952.7
1952.7
1952.7
1952.8
1952.8
1952.8
1952.8
1952.8
1952.8
1952.8
1952.8
1952.9
1952.9
1952.9
1952.9
1952.9
1953.0
1953.0
1953.0
1953.0
1953.0
1953.0
1953.0
1953.0
1953.0
1953.0
1953.1
1953.1
1953.1
1953.1
1953.1
1953.1
1953.1
1953.1
1953.2
1953.2
1953.2
1953.2
1953.2
1953.2
1953.2
1953.2
1953.2
1953.2
1953.2
1953.2
1953.2
1953.3
1953.3
1953.3
1953.3
1953.3
1953.3
1953.4
1953.4
1953.4
1953.4
1953.5
1953.5
1953.5
1953.5
1953.5
1953.5
1953.5
1953.5
1953.5
1953.6
1953.6
1953.6
1953.6
1953.6
1953.6
1953.6
1953.7
1953.7
1953.7
1953.7
1953.7
1953.7
1953.8
1953.8
1953.8
1953.8
1953.8
1953.8
1953.8
1953.8
1953.8
1953.9
1953.9
1953.9
1953.9
1953.9
1953.9
1953.9
1954.0
1954.0
1954.1
1954.1
1954.1
1954.1
1954.1
1954.1
1954.2
1954.2
1954.2
1954.3
1954.3
1954.3
1954.3
1954.4
1954.4
1954.4
1954.4
1954.4
1954.4
1954.4
1954.4
1954.5
1954.5
1954.5
1954.5
1954.5
1954.5
1954.5
1954.5
1954.5
1954.5
1954.5
1954.5
1954.6
1954.6
1954.6
1954.6
1954.6
1954.6
1954.7
1954.7
1954.7
1954.8
1954.8
1954.8
1954.8
1954.8
1954.8
1954.8
1954.8
1954.9
1954.9
1954.9
1954.9
1954.9
1955.0
1955.0
1955.0
1955.0
1955.0
1955.0
1955.1
1955.1
1955.1
1955.1
1955.1
1955.1
1955.1
1955.1
1955.1
1955.2
1955.2
1955.2
1955.2
1955.2
1955.2
1955.3
1955.3
1955.3
1955.3
1955.3
1955.4
1955.4
1955.4
1955.4
1955.4
1955.4
1955.4
1955.5
1955.5
1955.5
1955.5
1955.5
1955.5
1955.6
1955.6
1955.6
1955.7
1955.7
1955.7
1955.7
1955.7
1955.7
1955.8
1955.8
1955.8
1955.8
1955.9
1956.0
1956.0
1956.0
1956.0
1956.0
1956.0
1956.1
1956.1
1956.1
1956.1
1956.1
1956.2
1956.2
1956.3
1956.3
1956.3
1956.3
1956.3
1956.4
1956.4
1956.4
1956.4
1956.4
1956.4
1956.5
1956.6
1956.7
1956.7
1956.7
1956.7
1956.8
1956.8
1956.8
1956.9
1956.9
1956.9
1957.0
1957.0
1957.0
1957.0
1957.0
1957.0
1957.1
1957.1
1957.1
1957.1
1957.1
1957.2
1957.2
1957.2
1957.2
1957.3
1957.4
1957.4
1957.4
1957.4
1957.4
1957.5
1957.5
1957.6
1957.6
1957.7
1957.7
1957.9
1958.0
1958.1
1958.1
1958.1
1958.1
1958.1
1958.4
1958.5
1958.5
1958.5
1958.6
1958.7
1958.8
1959.0
1959.3
1959.3
1959.5
1959.6
1959.6
1959.7
1959.7
1959.9
1960.1
1960.3
1960.3
1960.3
1960.3
1960.9
1961.0
1961.2
1961.2
1961.3
1961.4
1961.5
1961.7
1961.8
1963.2
1963.4
1963.9
1964.3
1964.4
1965.2
1965.9
1966.0
1966.4
1966.5
1967.0
2055.9
2055.9
2056.1
2056.6
2056.6
2056.6
2056.7
2056.7
2056.7
2056.7
2056.7
2056.7
2056.8
2056.8
2056.8
2056.8
2056.8
2056.8
2056.8
2056.8
2056.8
2056.9
2056.9
2056.9
2056.9
2056.9
2056.9
2056.9
2056.9
2056.9
2056.9
2056.9
2056.9
2056.9
2056.9
2056.9
2056.9
2056.9
2056.9
2056.9
2056.9
2056.9
2056.9
2056.9
2056.9
2056.9
2056.9
2056.9
2056.9
2056.9
2056.9
2056.9
2056.9
2056.9
2056.9
2057.0
2057.0
2057.0
2057.0
2057.0
2057.0
2057.0
2057.0
2057.0
2057.0
2057.0
2057.0
2057.0
2057.0
2057.0
2057.0
2057.0
2057.0
2057.0
2057.0
2057.0
2057.0
2057.0
2057.0
2057.0
2057.0
2057.0
2057.0
2057.0
2057.0
2057.0
2057.0
2057.0
2057.1
2057.1
2057.1
2057.1
2057.1
2057.1
2057.1
2057.1
2057.1
2057.1
2057.1
2057.1
2057.1
2057.1
2057.1
2057.1
2057.1
2057.1
2057.1
2057.1
2057.1
2057.1
2057.1
2057.1
2057.1
2057.1
2057.1
2057.1
2057.1
2057.1
2057.1
2057.1
2057.1
2057.1
2057.1
2057.1
2057.1
2057.1
2057.1
2057.1
2057.1
2057.1
2057.1
2057.2
2057.2
2057.2
2057.2
2057.2
2057.2
2057.2
2057.2
2057.2
2057.2
2057.2
2057.2
2057.2
2057.2
2057.2
2057.2
2057.2
2057.2
2057.2
2057.2
2057.2
2057.2
2057.2
2057.2
2057.2
2057.2
2057.2
2057.2
2057.2
2057.2
2057.2
2057.2
2057.2
2057.2
2057.2
2057.2
2057.2
2057.2
2057.2
2057.2
2057.2
2057.2
2057.2
2057.2
2057.2
2057.2
2057.2
2057.2
2057.2
2057.2
2057.2
2057.2
2057.2
2057.2
2057.2
2057.2
2057.2
2057.2
2057.2
2057.2
2057.2
2057.2
2057.2
2057.2
2057.2
2057.2
2057.2
2057.2
2057.2
2057.2
2057.2
2057.2
2057.2
2057.2
2057.2
2057.2
2057.2
2057.2
2057.2
2057.2
2057.3
2057.3
2057.3
2057.3
2057.3
2057.3
2057.3
2057.3
2057.3
2057.3
2057.3
2057.3
2057.3
2057.3
2057.3
2057.3
2057.3
2057.3
2057.3
2057.3
2057.3
2057.3
2057.3
2057.3
2057.3
2057.3
2057.3
2057.3
2057.3
2057.3
2057.3
2057.3
2057.3
2057.3
2057.3
2057.3
2057.3
2057.3
2057.3
2057.3
2057.3
2057.3
2057.3
2057.3
2057.3
2057.3
2057.3
2057.3
2057.4
2057.4
2057.4
2057.4
2057.4
2057.4
2057.4
2057.4
2057.4
2057.4
2057.4
2057.4
2057.4
2057.4
2057.4
2057.4
2057.4
2057.4
2057.4
2057.4
2057.4
2057.4
2057.4
2057.4
2057.4
2057.4
2057.4
2057.4
2057.4
2057.4
2057.4
2057.4
2057.4
2057.4
2057.4
2057.4
2057.4
2057.4
2057.4
2057.4
2057.4
2057.4
2057.4
2057.4
2057.4
2057.4
2057.4
2057.4
2057.5
2057.5
2057.5
2057.5
2057.5
2057.5
2057.5
2057.5
2057.5
2057.5
2057.5
2057.5
2057.5
2057.5
2057.5
2057.5
2057.5
2057.5
2057.5
2057.5
2057.5
2057.5
2057.5
2057.5
2057.5
2057.5
2057.5
2057.5
2057.5
2057.5
2057.5
2057.5
2057.6
2057.6
2057.6
2057.6
2057.6
2057.6
2057.6
2057.6
2057.6
2057.6
2057.6
2057.6
2057.6
2057.6
2057.6
2057.6
2057.7
2057.7
2057.7
2057.7
2057.7
2057.7
2057.8
2057.8
2220.2
2220.3
2220.3
2220.3
2220.3
2220.4
2220.4
2220.4
2220.4
2220.4
2220.5
2220.5
2220.6
2220.6
2220.6
2220.6
2220.6
2220.6
2220.6
2220.6
2220.6
2220.6
2220.6
2220.6
2220.6
2220.7
2220.7
2220.7
2220.7
2220.7
2220.7
2220.7
2220.7
2220.7
2220.7
2220.7
2220.7
2220.7
2220.7
2220.7
2220.7
2220.7
2220.7
2220.7
2220.7
2220.7
2220.7
2220.7
2220.7
2220.7
2220.8
2220.8
2220.8
2220.8
2220.8
2220.8
2220.8
2220.8
2220.8
2220.8
2220.8
2220.8
2220.8
2220.8
2220.8
2220.8
2220.8
2220.8
2220.8
2220.8
2220.8
2220.8
2220.8
2220.8
2220.8
2220.8
2220.9
2220.9
2220.9
2220.9
2220.9
2220.9
2220.9
2220.9
2220.9
2220.9
2220.9
2220.9
2220.9
2220.9
2220.9
2220.9
2220.9
2220.9
2220.9
2220.9
2220.9
2220.9
2220.9
2220.9
2220.9
2220.9
2220.9
2220.9
2220.9
2220.9
2220.9
2220.9
2220.9
2220.9
2220.9
2221.0
2221.0
2221.0
2221.0
2221.0
2221.0
2221.0
2221.0
2221.0
2221.0
2221.0
2221.0
2221.0
2221.0
2221.0
2221.0
2221.0
2221.0
2221.0
2221.0
2221.0
2221.0
2221.0
2221.0
2221.0
2221.0
2221.0
2221.0
2221.0
2221.0
2221.0
2221.0
2221.0
2221.0
2221.1
2221.1
2221.1
2221.1
2221.1
2221.1
2221.1
2221.1
2221.1
2221.1
2221.1
2221.1
2221.1
2221.1
2221.1
2221.1
2221.1
2221.1
2221.1
2221.1
2221.1
2221.1
2221.1
2221.1
2221.1
2221.1
2221.1
2221.1
2221.1
2221.1
2221.1
2221.1
2221.1
2221.1
2221.1
2221.1
2221.1
2221.1
2221.1
2221.1
2221.1
2221.1
2221.1
2221.1
2221.1
2221.1
2221.1
2221.1
2221.2
2221.2
2221.2
2221.2
2221.2
2221.2
2221.2
2221.2
2221.2
2221.2
2221.2
2221.2
2221.2
2221.2
2221.2
2221.2
2221.2
2221.2
2221.2
2221.2
2221.2
2221.2
2221.2
2221.2
2221.2
2221.2
2221.2
2221.2
2221.2
2221.2
2221.2
2221.2
2221.2
2221.2
2221.2
2221.2
2221.3
2221.3
2221.3
2221.3
2221.3
2221.3
2221.3
2221.3
2221.3
2221.3
2221.3
2221.3
2221.3
2221.3
2221.3
2221.3
2221.3
2221.3
2221.3
2221.3
2221.3
2221.3
2221.3
2221.3
2221.3
2221.3
2221.3
2221.4
2221.4
2221.4
2221.4
2221.4
2221.4
2221.4
2221.4
2221.4
2221.4
2221.4
2221.4
2221.4
2221.4
2221.4
2221.4
2221.4
2221.4
2221.4
2221.4
2221.4
2221.4
2221.4
2221.4
2221.4
2221.4
2221.4
2221.4
2221.4
2221.4
2221.4
2221.4
2221.4
2221.4
2221.5
2221.5
2221.5
2221.5
2221.5
2221.5
2221.5
2221.5
2221.5
2221.5
2221.5
2221.5
2221.5
2221.5
2221.5
2221.5
2221.5
2221.5
2221.5
2221.5
2221.5
2221.5
2221.6
2221.6
2221.6
2221.6
2221.6
2221.6
2221.6
2221.6
2221.6
2221.6
2221.6
2221.6
2221.6
2221.6
2221.6
2221.6
2221.6
2221.6
2221.6
2221.6
2221.6
2221.7
2221.7
2221.7
2221.7
2221.7
2221.7
2221.7
2221.7
2221.7
2221.7
2221.7
2221.7
2221.7
2221.7
2221.7
2221.8
2221.8
2221.8
2221.8
2221.8
2221.8
2221.8
2221.9
2221.9
2221.9
2221.9
2221.9
2221.9
2222.1
2222.1
2285.5
2286.1
2286.3
2286.6
2286.6
2286.6
2286.7
2286.8
2287.1
2287.2
2287.2
2287.3
2287.3
2287.5
2287.6
2287.6
2287.6
2287.7
2287.7
2287.7
2287.7
2287.8
2287.8
2287.8
2287.8
2287.8
2287.9
2287.9
2287.9
2287.9
2288.0
2288.0
2288.1
2288.1
2288.1
2288.1
2288.1
2288.1
2288.1
2288.2
2288.2
2288.2
2288.2
2288.2
2288.2
2288.2
2288.2
2288.2
2288.3
2288.3
2288.3
2288.3
2288.3
2288.4
2288.4
2288.4
2288.4
2288.4
2288.5
2288.5
2288.5
2288.5
2288.5
2288.5
2288.5
2288.6
2288.6
2288.6
2288.6
2288.6
2288.6
2288.6
2288.6
2288.6
2288.7
2288.7
2288.7
2288.7
2288.7
2288.7
2288.7
2288.7
2288.7
2288.8
2288.8
2288.8
2288.8
2288.8
2288.8
2288.8
2288.8
2288.8
2288.8
2288.8
2288.9
2288.9
2288.9
2288.9
2288.9
2288.9
2288.9
2288.9
2289.0
2289.0
2289.0
2289.0
2289.0
2289.0
2289.0
2289.0
2289.1
2289.1
2289.1
2289.2
2289.2
2289.2
2289.2
2289.3
2289.3
2289.3
2289.3
2289.3
2289.3
2289.3
2289.3
2289.3
2289.4
2289.4
2289.4
2289.4
2289.4
2289.4
2289.4
2289.4
2289.4
2289.5
2289.5
2289.5
2289.5
2289.5
2289.5
2289.6
2289.6
2289.6
2289.6
2289.8
2289.8
2289.8
2289.8
2289.8
2289.8
2289.8
2289.8
2289.9
2289.9
2289.9
2290.0
2290.0
2290.0
2290.0
2290.0
2290.0
2290.0
2290.0
2290.0
2290.1
2290.1
2290.1
2290.1
2290.1
2290.1
2290.1
2290.2
2290.2
2290.2
2290.2
2290.2
2290.2
2290.2
2290.3
2290.3
2290.3
2290.3
2290.3
2290.3
2290.3
2290.3
2290.3
2290.3
2290.4
2290.4
2290.5
2290.5
2290.5
2290.5
2290.5
2290.6
2290.6
2290.6
2290.6
2290.6
2290.6
2290.6
2290.6
2290.6
2290.6
2290.6
2290.6
2290.6
2290.7
2290.7
2290.7
2290.7
2290.7
2290.8
2290.8
2290.8
2290.8
2290.8
2290.8
2290.8
2290.8
2290.9
2290.9
2291.0
2291.0
2291.0
2291.0
2291.0
2291.1
2291.1
2291.1
2291.1
2291.1
2291.2
2291.2
2291.2
2291.2
2291.3
2291.3
2291.4
2291.4
2291.4
2291.4
2291.4
2291.4
2291.4
2291.5
2291.5
2291.6
2291.6
2291.6
2291.6
2291.7
2291.7
2291.7
2291.7
2291.8
2291.8
2291.8
2291.8
2291.8
2291.8
2291.9
2292.0
2292.0
2292.0
2292.0
2292.0
2292.0
2292.0
2292.2
2292.2
2292.2
2292.3
2292.3
2292.4
2292.4
2292.5
2292.5
2292.5
2292.5
2292.5
2292.6
2292.6
2292.6
2292.6
2292.6
2292.7
2292.7
2292.7
2292.8
2292.8
2292.8
2292.8
2292.9
2292.9
2292.9
2292.9
2293.0
2293.0
2293.0
2293.0
2293.0
2293.0
2293.0
2293.0
2293.1
2293.1
2293.2
2293.2
2293.2
2293.5
2293.6
2293.7
2293.7
2293.8
2293.8
2293.8
2293.9
2293.9
2294.1
2294.3
2294.6
2294.7
2294.8
2294.8
2294.9
2295.1
2295.3
2295.3
2295.6
2295.6
2295.6
2295.8
2295.9
2296.1
2296.1
2296.2
2296.3
2296.4
2296.8
2296.8
2297.6
2297.6
2297.9
2298.1
2298.2
2298.2
2298.7
2298.8
2299.6
2299.9
2300.1
2300.5
2301.2
2305.2
2307.6
2310.1
2312.3
2392.0
2392.0
2392.5
2392.7
2392.7
2392.7
2392.8
2392.8
2392.9
2392.9
2392.9
2392.9
2392.9
2392.9
2392.9
2392.9
2392.9
2393.0
2393.0
2393.0
2393.0
2393.0
2393.0
2393.0
2393.0
2393.0
2393.0
2393.0
2393.0
2393.0
2393.0
2393.0
2393.0
2393.0
2393.0
2393.0
2393.0
2393.0
2393.0
2393.0
2393.0
2393.0
2393.0
2393.0
2393.0
2393.0
2393.0
2393.0
2393.0
2393.1
2393.1
2393.1
2393.1
2393.1
2393.1
2393.1
2393.1
2393.1
2393.1
2393.1
2393.1
2393.1
2393.1
2393.1
2393.1
2393.1
2393.1
2393.1
2393.1
2393.1
2393.1
2393.1
2393.1
2393.1
2393.1
2393.1
2393.2
2393.2
2393.2
2393.2
2393.2
2393.2
2393.2
2393.2
2393.2
2393.2
2393.2
2393.2
2393.2
2393.2
2393.2
2393.2
2393.2
2393.2
2393.2
2393.2
2393.2
2393.2
2393.2
2393.2
2393.2
2393.2
2393.2
2393.2
2393.2
2393.2
2393.2
2393.2
2393.2
2393.2
2393.2
2393.2
2393.2
2393.2
2393.2
2393.2
2393.2
2393.2
2393.3
2393.3
2393.3
2393.3
2393.3
2393.3
2393.3
2393.3
2393.3
2393.3
2393.3
2393.3
2393.3
2393.3
2393.3
2393.3
2393.3
2393.3
2393.3
2393.3
2393.3
2393.3
2393.3
2393.3
2393.3
2393.3
2393.3
2393.3
2393.3
2393.3
2393.3
2393.3
2393.3
2393.3
2393.3
2393.3
2393.3
2393.3
2393.3
2393.3
2393.3
2393.3
2393.3
2393.3
2393.3
2393.3
2393.3
2393.3
2393.3
2393.3
2393.3
2393.3
2393.3
2393.3
2393.3
2393.3
2393.3
2393.3
2393.3
2393.3
2393.3
2393.3
2393.3
2393.3
2393.4
2393.4
2393.4
2393.4
2393.4
2393.4
2393.4
2393.4
2393.4
2393.4
2393.4
2393.4
2393.4
2393.4
2393.4
2393.4
2393.4
2393.4
2393.4
2393.4
2393.4
2393.4
2393.4
2393.4
2393.4
2393.4
2393.4
2393.4
2393.4
2393.4
2393.4
2393.4
2393.4
2393.4
2393.4
2393.4
2393.4
2393.4
2393.4
2393.4
2393.4
2393.4
2393.4
2393.4
2393.4
2393.4
2393.4
2393.4
2393.4
2393.4
2393.4
2393.4
2393.4
2393.4
2393.4
2393.4
2393.4
2393.4
2393.4
2393.4
2393.4
2393.4
2393.4
2393.4
2393.4
2393.4
2393.5
2393.5
2393.5
2393.5
2393.5
2393.5
2393.5
2393.5
2393.5
2393.5
2393.5
2393.5
2393.5
2393.5
2393.5
2393.5
2393.5
2393.5
2393.5
2393.5
2393.5
2393.5
2393.5
2393.5
2393.5
2393.5
2393.5
2393.5
2393.5
2393.5
2393.5
2393.5
2393.5
2393.5
2393.5
2393.5
2393.5
2393.5
2393.5
2393.5
2393.5
2393.5
2393.5
2393.5
2393.5
2393.6
2393.6
2393.6
2393.6
2393.6
2393.6
2393.6
2393.6
2393.6
2393.6
2393.6
2393.6
2393.6
2393.6
2393.6
2393.6
2393.6
2393.6
2393.6
2393.6
2393.6
2393.6
2393.6
2393.6
2393.6
2393.6
2393.6
2393.6
2393.6
2393.6
2393.6
2393.6
2393.6
2393.6
2393.6
2393.6
2393.6
2393.6
2393.7
2393.7
2393.7
2393.7
2393.7
2393.7
2393.7
2393.7
2393.7
2393.7
2393.7
2393.7
2393.7
2393.7
2393.7
2393.7
2393.7
2393.7
2393.7
2393.7
2393.8
2393.8
2393.8
2393.8
2393.8
2393.8
2393.8
2393.8
2393.9
2393.9
2393.9
2394.1
2556.5
2556.6
2556.6
2556.6
2556.7
2556.7
2556.7
2556.7
2556.7
2556.8
2556.8
2556.8
2556.9
2556.9
2556.9
2556.9
2556.9
2556.9
2556.9
2556.9
2556.9
2556.9
2556.9
2556.9
2556.9
2557.0
2557.0
2557.0
2557.0
2557.0
2557.0
2557.0
2557.0
2557.0
2557.0
2557.0
2557.0
2557.0
2557.0
2557.0
2557.0
2557.0
2557.0
2557.0
2557.0
2557.0
2557.0
2557.1
2557.1
2557.1
2557.1
2557.1
2557.1
2557.1
2557.1
2557.1
2557.1
2557.1
2557.1
2557.1
2557.1
2557.1
2557.1
2557.1
2557.1
2557.1
2557.1
2557.1
2557.1
2557.1
2557.1
2557.1
2557.1
2557.1
2557.1
2557.2
2557.2
2557.2
2557.2
2557.2
2557.2
2557.2
2557.2
2557.2
2557.2
2557.2
2557.2
2557.2
2557.2
2557.2
2557.2
2557.2
2557.2
2557.2
2557.2
2557.2
2557.2
2557.2
2557.2
2557.2
2557.2
2557.2
2557.2
2557.2
2557.2
2557.2
2557.2
2557.2
2557.2
2557.2
2557.2
2557.3
2557.3
2557.3
2557.3
2557.3
2557.3
2557.3
2557.3
2557.3
2557.3
2557.3
2557.3
2557.3
2557.3
2557.3
2557.3
2557.3
2557.3
2557.3
2557.3
2557.3
2557.3
2557.3
2557.3
2557.3
2557.3
2557.3
2557.3
2557.3
2557.3
2557.3
2557.3
2557.3
2557.4
2557.4
2557.4
2557.4
2557.4
2557.4
2557.4
2557.4
2557.4
2557.4
2557.4
2557.4
2557.4
2557.4
2557.4
2557.4
2557.4
2557.4
2557.4
2557.4
2557.4
2557.4
2557.4
2557.4
2557.4
2557.4
2557.4
2557.4
2557.4
2557.4
2557.4
2557.4
2557.4
2557.4
2557.4
2557.4
2557.4
2557.4
2557.4
2557.4
2557.4
2557.4
2557.4
2557.4
2557.4
2557.4
2557.4
2557.4
2557.4
2557.5
2557.5
2557.5
2557.5
2557.5
2557.5
2557.5
2557.5
2557.5
2557.5
2557.5
2557.5
2557.5
2557.5
2557.5
2557.5
2557.5
2557.5
2557.5
2557.5
2557.5
2557.5
2557.5
2557.5
2557.5
2557.5
2557.5
2557.5
2557.5
2557.5
2557.5
2557.5
2557.5
2557.5
2557.5
2557.5
2557.5
2557.5
2557.5
2557.5
2557.6
2557.6
2557.6
2557.6
2557.6
2557.6
2557.6
2557.6
2557.6
2557.6
2557.6
2557.6
2557.6
2557.6
2557.6
2557.6
2557.6
2557.6
2557.6
2557.6
2557.6
2557.6
2557.6
2557.6
2557.6
2557.6
2557.6
2557.6
2557.6
2557.6
2557.7
2557.7
2557.7
2557.7
2557.7
2557.7
2557.7
2557.7
2557.7
2557.7
2557.7
2557.7
2557.7
2557.7
2557.7
2557.7
2557.7
2557.7
2557.7
2557.7
2557.7
2557.7
2557.7
2557.7
2557.7
2557.7
2557.7
2557.7
2557.8
2557.8
2557.8
2557.8
2557.8
2557.8
2557.8
2557.8
2557.8
2557.8
2557.8
2557.8
2557.8
2557.8
2557.8
2557.8
2557.8
2557.8
2557.8
2557.8
2557.8
2557.8
2557.8
2557.8
2557.8
2557.8
2557.9
2557.9
2557.9
2557.9
2557.9
2557.9
2557.9
2557.9
2557.9
2557.9
2557.9
2557.9
2557.9
2557.9
2557.9
2557.9
2557.9
2557.9
2558.0
2558.0
2558.0
2558.0
2558.0
2558.0
2558.0
2558.0
2558.0
2558.0
2558.0
2558.0
2558.0
2558.0
2558.1
2558.1
2558.1
2558.1
2558.1
2558.1
2558.1
2558.1
2558.2
2558.2
2558.2
2558.3
2558.3
2558.4
2622.9
2623.5
2623.6
2623.9
2624.0
2624.0
2624.0
2624.2
2624.4
2624.5
2624.5
2624.6
2624.6
2624.8
2624.9
2624.9
2624.9
2624.9
2625.0
2625.0
2625.0
2625.0
2625.1
2625.1
2625.1
2625.1
2625.2
2625.2
2625.2
2625.3
2625.3
2625.3
2625.3
2625.4
2625.4
2625.4
2625.4
2625.4
2625.4
2625.4
2625.4
2625.5
2625.5
2625.5
2625.5
2625.5
2625.5
2625.5
2625.5
2625.6
2625.6
2625.6
2625.6
2625.6
2625.6
2625.6
2625.6
2625.7
2625.7
2625.8
2625.8
2625.8
2625.8
2625.8
2625.8
2625.8
2625.8
2625.8
2625.8
2625.8
2625.8
2625.9
2625.9
2625.9
2625.9
2625.9
2625.9
2625.9
2625.9
2626.0
2626.0
2626.0
2626.0
2626.0
2626.0
2626.0
2626.0
2626.0
2626.0
2626.0
2626.0
2626.0
2626.1
2626.1
2626.1
2626.1
2626.1
2626.1
2626.1
2626.1
2626.2
2626.2
2626.2
2626.2
2626.2
2626.2
2626.2
2626.3
2626.3
2626.3
2626.4
2626.4
2626.4
2626.4
2626.4
2626.4
2626.5
2626.5
2626.5
2626.5
2626.5
2626.5
2626.6
2626.6
2626.6
2626.6
2626.6
2626.6
2626.6
2626.6
2626.6
2626.6
2626.6
2626.6
2626.6
2626.7
2626.7
2626.7
2626.7
2626.7
2626.7
2626.8
2626.8
2626.8
2626.8
2626.9
2626.9
2626.9
2627.0
2627.0
2627.0
2627.0
2627.0
2627.1
2627.1
2627.1
2627.1
2627.1
2627.2
2627.2
2627.2
2627.2
2627.2
2627.2
2627.2
2627.2
2627.2
2627.2
2627.3
2627.3
2627.3
2627.3
2627.3
2627.3
2627.3
2627.4
2627.4
2627.4
2627.4
2627.4
2627.4
2627.4
2627.5
2627.5
2627.5
2627.5
2627.5
2627.5
2627.5
2627.5
2627.5
2627.6
2627.6
2627.6
2627.6
2627.6
2627.6
2627.7
2627.7
2627.7
2627.7
2627.7
2627.7
2627.7
2627.7
2627.7
2627.7
2627.7
2627.8
2627.8
2627.8
2627.8
2627.8
2627.8
2627.8
2627.8
2627.8
2627.8
2627.8
2627.9
2627.9
2627.9
2627.9
2628.0
2628.0
2628.1
2628.1
2628.1
2628.2
2628.2
2628.2
2628.2
2628.2
2628.2
2628.2
2628.2
2628.3
2628.3
2628.3
2628.4
2628.4
2628.4
2628.4
2628.4
2628.5
2628.5
2628.5
2628.6
2628.6
2628.7
2628.7
2628.7
2628.7
2628.7
2628.7
2628.7
2628.8
2628.8
2628.8
2628.8
2628.8
2628.9
2628.9
2628.9
2628.9
2629.0
2629.0
2629.0
2629.1
2629.1
2629.1
2629.2
2629.2
2629.2
2629.2
2629.3
2629.4
2629.4
2629.4
2629.4
2629.4
2629.5
2629.5
2629.5
2629.5
2629.5
2629.5
2629.5
2629.6
2629.6
2629.6
2629.6
2629.7
2629.7
2629.7
2629.7
2629.8
2629.8
2629.8
2629.8
2629.8
2629.8
2629.8
2629.8
2629.9
2629.9
2630.0
2630.0
2630.1
2630.1
2630.1
2630.2
2630.3
2630.3
2630.5
2630.5
2630.5
2630.5
2630.8
2630.8
2630.9
2631.0
2631.2
2631.2
2631.3
2631.4
2631.5
2631.7
2631.8
2632.0
2632.0
2632.1
2632.1
2632.1
2632.2
2632.5
2632.5
2632.6
2632.7
2632.8
2632.8
2633.0
2633.1
2633.5
2633.5
2633.6
2633.8
2634.1
2634.2
2634.3
2634.4
2634.6
2634.8
2634.9
2635.4
2635.4
2635.8
2635.9
2643.7
2644.3
2728.5
2728.5
2728.7
2729.2
2729.2
2729.2
2729.3
2729.3
2729.3
2729.3
2729.4
2729.4
2729.4
2729.4
2729.4
2729.4
2729.4
2729.4
2729.4
2729.5
2729.5
2729.5
2729.5
2729.5
2729.5
2729.5
2729.5
2729.5
2729.5
2729.5
2729.5
2729.5
2729.5
2729.5
2729.5
2729.5
2729.5
2729.5
2729.5
2729.5
2729.5
2729.5
2729.5
2729.5
2729.5
2729.5
2729.5
2729.5
2729.5
2729.5
2729.5
2729.6
2729.6
2729.6
2729.6
2729.6
2729.6
2729.6
2729.6
2729.6
2729.6
2729.6
2729.6
2729.6
2729.6
2729.6
2729.6
2729.6
2729.6
2729.6
2729.6
2729.6
2729.6
2729.6
2729.6
2729.6
2729.6
2729.6
2729.6
2729.7
2729.7
2729.7
2729.7
2729.7
2729.7
2729.7
2729.7
2729.7
2729.7
2729.7
2729.7
2729.7
2729.7
2729.7
2729.7
2729.7
2729.7
2729.7
2729.7
2729.7
2729.7
2729.7
2729.7
2729.7
2729.7
2729.7
2729.7
2729.7
2729.7
2729.7
2729.7
2729.7
2729.7
2729.7
2729.7
2729.7
2729.7
2729.7
2729.7
2729.7
2729.7
2729.7
2729.8
2729.8
2729.8
2729.8
2729.8
2729.8
2729.8
2729.8
2729.8
2729.8
2729.8
2729.8
2729.8
2729.8
2729.8
2729.8
2729.8
2729.8
2729.8
2729.8
2729.8
2729.8
2729.8
2729.8
2729.8
2729.8
2729.8
2729.8
2729.8
2729.8
2729.8
2729.8
2729.8
2729.8
2729.8
2729.8
2729.8
2729.8
2729.8
2729.8
2729.8
2729.8
2729.8
2729.8
2729.8
2729.8
2729.8
2729.8
2729.8
2729.8
2729.8
2729.8
2729.8
2729.8
2729.8
2729.8
2729.8
2729.8
2729.8
2729.8
2729.8
2729.8
2729.8
2729.8
2729.8
2729.8
2729.8
2729.8
2729.8
2729.8
2729.8
2729.8
2729.9
2729.9
2729.9
2729.9
2729.9
2729.9
2729.9
2729.9
2729.9
2729.9
2729.9
2729.9
2729.9
2729.9
2729.9
2729.9
2729.9
2729.9
2729.9
2729.9
2729.9
2729.9
2729.9
2729.9
2729.9
2729.9
2729.9
2729.9
2729.9
2729.9
2729.9
2729.9
2729.9
2729.9
2729.9
2729.9
2729.9
2729.9
2729.9
2729.9
2729.9
2729.9
2729.9
2729.9
2729.9
2729.9
2729.9
2729.9
2729.9
2729.9
2729.9
2729.9
2729.9
2729.9
2729.9
2729.9
2729.9
2729.9
2729.9
2730.0
2730.0
2730.0
2730.0
2730.0
2730.0
2730.0
2730.0
2730.0
2730.0
2730.0
2730.0
2730.0
2730.0
2730.0
2730.0
2730.0
2730.0
2730.0
2730.0
2730.0
2730.0
2730.0
2730.0
2730.0
2730.0
2730.0
2730.0
2730.0
2730.0
2730.0
2730.0
2730.0
2730.0
2730.0
2730.0
2730.0
2730.0
2730.0
2730.0
2730.0
2730.0
2730.0
2730.1
2730.1
2730.1
2730.1
2730.1
2730.1
2730.1
2730.1
2730.1
2730.1
2730.1
2730.1
2730.1
2730.1
2730.1
2730.1
2730.1
2730.1
2730.1
2730.1
2730.1
2730.1
2730.1
2730.1
2730.1
2730.1
2730.1
2730.1
2730.1
2730.1
2730.1
2730.1
2730.1
2730.1
2730.1
2730.1
2730.1
2730.1
2730.1
2730.2
2730.2
2730.2
2730.2
2730.2
2730.2
2730.2
2730.2
2730.2
2730.2
2730.2
2730.2
2730.2
2730.2
2730.2
2730.2
2730.3
2730.3
2730.3
2730.3
2730.3
2730.3
2730.3
2730.3
2730.3
2730.4
2730.4
2730.5
2892.7
2892.8
2892.8
2892.8
2892.8
2892.8
2892.9
2892.9
2892.9
2892.9
2893.0
2893.0
2893.0
2893.0
2893.0
2893.1
2893.1
2893.1
2893.1
2893.1
2893.1
2893.1
2893.1
2893.1
2893.1
2893.1
2893.1
2893.1
2893.1
2893.2
2893.2
2893.2
2893.2
2893.2
2893.2
2893.2
2893.2
2893.2
2893.2
2893.2
2893.2
2893.2
2893.2
2893.2
2893.2
2893.2
2893.2
2893.2
2893.2
2893.2
2893.2
2893.2
2893.2
2893.2
2893.2
2893.2
2893.2
2893.3
2893.3
2893.3
2893.3
2893.3
2893.3
2893.3
2893.3
2893.3
2893.3
2893.3
2893.3
2893.3
2893.3
2893.3
2893.3
2893.3
2893.3
2893.3
2893.3
2893.3
2893.3
2893.3
2893.3
2893.3
2893.3
2893.3
2893.3
2893.3
2893.3
2893.3
2893.3
2893.3
2893.3
2893.4
2893.4
2893.4
2893.4
2893.4
2893.4
2893.4
2893.4
2893.4
2893.4
2893.4
2893.4
2893.4
2893.4
2893.4
2893.4
2893.4
2893.4
2893.4
2893.4
2893.4
2893.4
2893.4
2893.4
2893.4
2893.4
2893.4
2893.4
2893.4
2893.4
2893.4
2893.4
2893.5
2893.5
2893.5
2893.5
2893.5
2893.5
2893.5
2893.5
2893.5
2893.5
2893.5
2893.5
2893.5
2893.5
2893.5
2893.5
2893.5
2893.5
2893.5
2893.5
2893.5
2893.5
2893.5
2893.5
2893.5
2893.5
2893.5
2893.5
2893.5
2893.5
2893.5
2893.5
2893.5
2893.5
2893.5
2893.5
2893.5
2893.5
2893.5
2893.5
2893.5
2893.5
2893.5
2893.5
2893.5
2893.5
2893.5
2893.5
2893.5
2893.5
2893.5
2893.6
2893.6
2893.6
2893.6
2893.6
2893.6
2893.6
2893.6
2893.6
2893.6
2893.6
2893.6
2893.6
2893.6
2893.6
2893.6
2893.6
2893.6
2893.6
2893.6
2893.6
2893.6
2893.6
2893.6
2893.6
2893.6
2893.6
2893.6
2893.6
2893.6
2893.6
2893.6
2893.6
2893.6
2893.6
2893.6
2893.6
2893.7
2893.7
2893.7
2893.7
2893.7
2893.7
2893.7
2893.7
2893.7
2893.7
2893.7
2893.7
2893.7
2893.7
2893.7
2893.7
2893.7
2893.7
2893.7
2893.7
2893.7
2893.7
2893.7
2893.7
2893.7
2893.7
2893.7
2893.7
2893.7
2893.7
2893.7
2893.7
2893.7
2893.7
2893.7
2893.7
2893.7
2893.7
2893.7
2893.7
2893.7
2893.7
2893.8
2893.8
2893.8
2893.8
2893.8
2893.8
2893.8
2893.8
2893.8
2893.8
2893.8
2893.8
2893.8
2893.8
2893.8
2893.8
2893.8
2893.8
2893.8
2893.8
2893.8
2893.8
2893.8
2893.8
2893.8
2893.8
2893.8
2893.8
2893.8
2893.8
2893.8
2893.8
2893.8
2893.8
2893.8
2893.9
2893.9
2893.9
2893.9
2893.9
2893.9
2893.9
2893.9
2893.9
2893.9
2893.9
2893.9
2893.9
2893.9
2893.9
2893.9
2893.9
2893.9
2893.9
2893.9
2893.9
2893.9
2893.9
2893.9
2893.9
2893.9
2893.9
2893.9
2894.0
2894.0
2894.0
2894.0
2894.0
2894.0
2894.0
2894.0
2894.0
2894.0
2894.0
2894.0
2894.0
2894.0
2894.0
2894.0
2894.0
2894.0
2894.0
2894.0
2894.0
2894.1
2894.1
2894.1
2894.1
2894.1
2894.1
2894.1
2894.1
2894.1
2894.1
2894.1
2894.1
2894.1
2894.1
2894.1
2894.2
2894.2
2894.2
2894.2
2894.2
2894.2
2894.2
2894.3
2894.3
2894.4
2894.4
2957.7
2958.3
2958.5
2958.8
2958.8
2958.8
2958.9
2959.1
2959.3
2959.4
2959.4
2959.5
2959.5
2959.7
2959.8
2959.8
2959.8
2959.9
2959.9
2959.9
2959.9
2959.9
2960.0
2960.0
2960.1
2960.1
2960.1
2960.1
2960.2
2960.2
2960.2
2960.2
2960.3
2960.3
2960.3
2960.3
2960.4
2960.4
2960.4
2960.4
2960.4
2960.4
2960.4
2960.4
2960.4
2960.4
2960.5
2960.5
2960.5
2960.5
2960.5
2960.6
2960.6
2960.6
2960.6
2960.6
2960.7
2960.7
2960.7
2960.7
2960.7
2960.7
2960.7
2960.8
2960.8
2960.8
2960.8
2960.8
2960.8
2960.8
2960.8
2960.8
2960.8
2960.8
2960.8
2960.9
2960.9
2960.9
2960.9
2960.9
2961.0
2961.0
2961.0
2961.0
2961.0
2961.0
2961.0
2961.0
2961.0
2961.0
2961.0
2961.1
2961.1
2961.1
2961.1
2961.1
2961.1
2961.1
2961.1
2961.1
2961.1
2961.1
2961.2
2961.2
2961.2
2961.2
2961.2
2961.2
2961.3
2961.3
2961.3
2961.3
2961.4
2961.4
2961.4
2961.4
2961.4
2961.5
2961.5
2961.5
2961.5
2961.5
2961.5
2961.5
2961.6
2961.6
2961.6
2961.6
2961.6
2961.7
2961.7
2961.7
2961.7
2961.7
2961.7
2961.7
2961.7
2961.7
2961.7
2961.8
2961.8
2961.8
2961.8
2961.9
2961.9
2961.9
2961.9
2962.0
2962.0
2962.0
2962.0
2962.1
2962.1
2962.1
2962.1
2962.1
2962.1
2962.2
2962.2
2962.2
2962.2
2962.2
2962.2
2962.3
2962.3
2962.3
2962.3
2962.3
2962.3
2962.3
2962.3
2962.3
2962.3
2962.4
2962.4
2962.4
2962.4
2962.4
2962.4
2962.5
2962.5
2962.5
2962.5
2962.5
2962.5
2962.5
2962.5
2962.6
2962.6
2962.6
2962.7
2962.7
2962.7
2962.7
2962.7
2962.7
2962.7
2962.7
2962.8
2962.8
2962.8
2962.8
2962.8
2962.8
2962.8
2962.9
2962.9
2962.9
2962.9
2962.9
2962.9
2962.9
2962.9
2962.9
2963.0
2963.0
2963.0
2963.0
2963.0
2963.0
2963.1
2963.1
2963.1
2963.2
2963.2
2963.2
2963.2
2963.2
2963.3
2963.4
2963.4
2963.4
2963.4
2963.4
2963.4
2963.4
2963.4
2963.5
2963.5
2963.5
2963.5
2963.6
2963.6
2963.6
2963.6
2963.7
2963.7
2963.7
2963.7
2963.7
2963.8
2963.8
2963.8
2963.8
2963.9
2964.0
2964.0
2964.0
2964.0
2964.0
2964.0
2964.0
2964.0
2964.1
2964.1
2964.1
2964.2
2964.2
2964.3
2964.3
2964.3
2964.3
2964.4
2964.5
2964.5
2964.6
2964.6
2964.6
2964.7
2964.7
2964.7
2964.7
2964.7
2964.8
2964.8
2964.8
2964.9
2964.9
2964.9
2964.9
2964.9
2964.9
2965.0
2965.0
2965.0
2965.0
2965.0
2965.1
2965.1
2965.1
2965.1
2965.2
2965.2
2965.2
2965.3
2965.3
2965.3
2965.4
2965.4
2965.5
2965.5
2965.5
2965.6
2965.7
2965.9
2965.9
2966.0
2966.0
2966.3
2966.4
2966.4
2966.4
2966.6
2966.8
2966.9
2966.9
2967.1
2967.1
2967.4
2967.6
2967.7
2967.7
2967.7
2967.9
2967.9
2967.9
2968.4
2968.4
2968.5
2968.5
2968.7
2968.9
2969.2
2969.5
2969.6
2969.9
2970.0
2970.5
2970.7
2970.7
2970.8
2971.1
2972.0
2972.1
2972.5
2972.8
2977.9
2981.0
2982.0
2986.3
