257.6
257.6
257.6
257.6
257.6
257.6
257.6
257.6
257.6
257.6
257.7
257.7
257.7
257.7
257.7
257.7
257.7
257.7
257.7
257.7
257.7
257.7
257.7
257.7
257.8
257.8
257.8
257.8
257.8
257.8
257.8
257.9
257.9
258.0
258.1
258.1
258.1
258.1
258.2
258.2
258.2
258.2
258.2
258.2
258.2
258.3
258.3
258.4
258.4
258.4
258.4
258.5
258.5
258.5
258.6
258.6
258.6
258.7
258.7
258.7
258.7
258.7
258.8
258.8
258.9
259.1
259.1
259.1
259.2
259.2
259.2
259.3
259.4
259.4
259.5
259.6
259.6
259.6
259.7
259.8
260.0
260.1
260.2
260.2
260.2
260.2
260.3
260.4
260.6
261.0
261.3
261.4
261.8
261.8
261.9
261.9
261.9
262.0
262.0
262.0
262.0
262.0
262.0
262.0
262.0
262.1
262.1
262.1
262.1
262.1
262.2
262.2
262.2
262.2
262.2
262.2
262.3
262.3
262.3
262.3
262.3
262.3
262.4
262.4
262.4
262.4
262.4
262.5
262.5
262.5
262.5
262.5
262.5
262.6
262.6
262.6
262.6
262.7
262.7
262.7
262.8
262.8
262.8
262.9
262.9
262.9
263.0
263.0
263.0
263.0
263.1
263.1
263.1
263.1
263.2
263.2
263.2
263.2
263.2
263.3
263.4
263.5
263.5
263.6
263.6
263.6
263.7
263.8
263.9
263.9
263.9
264.1
264.1
264.1
264.1
264.3
264.4
264.7
264.8
264.8
264.8
264.9
265.0
265.0
265.0
265.1
265.6
266.0
266.7
267.0
267.2
267.5
267.5
267.5
267.7
267.7
267.7
267.7
267.8
267.8
267.8
267.8
267.8
267.8
267.9
267.9
267.9
268.0
268.1
268.1
268.1
268.1
268.2
268.2
268.2
268.2
268.2
268.4
268.4
268.4
268.4
268.4
268.5
268.5
268.5
268.5
268.6
268.6
268.6
268.6
268.6
268.6
268.6
268.6
268.6
268.7
268.7
268.7
268.8
268.9
268.9
269.0
269.0
269.0
269.0
269.1
269.1
269.2
269.2
269.3
269.3
269.4
269.4
269.5
269.5
269.5
269.5
269.5
269.5
269.6
269.6
269.6
269.7
269.7
269.8
269.8
269.9
269.9
270.0
270.0
270.5
270.6
270.6
270.8
270.8
270.9
270.9
271.0
271.1
271.2
271.2
271.3
271.4
271.6
272.1
272.3
272.6
273.8
274.4
275.2
275.3
275.7
276.7
277.6
278.7
278.9
279.8
279.8
280.4
280.4
281.0
281.2
281.5
281.5
281.5
282.2
282.4
282.7
282.8
283.1
283.4
283.4
283.6
283.7
283.7
284.0
284.3
284.3
284.4
284.5
284.6
284.6
284.7
284.8
285.0
285.2
285.3
285.5
285.6
285.7
286.1
286.2
286.3
286.4
287.1
287.3
288.0
288.1
288.4
289.0
289.7
290.3
290.5
290.5
291.1
292.1
292.6
293.0
293.4
294.4
294.6
295.1
302.8
304.3
304.7
306.5
310.4
312.5
315.1
425.7
425.7
425.7
425.7
425.7
425.8
425.8
425.8
425.8
425.8
425.8
425.8
425.8
425.8
425.9
425.9
425.9
425.9
425.9
425.9
425.9
425.9
425.9
425.9
425.9
425.9
426.0
426.0
426.0
426.0
426.0
426.0
426.0
426.0
426.0
426.1
426.1
426.1
426.1
426.1
426.1
426.2
426.2
426.2
426.2
426.3
426.3
426.3
426.3
426.4
426.4
426.4
426.4
426.5
426.5
426.5
426.5
426.5
426.5
426.6
426.7
426.7
426.7
426.8
426.9
426.9
426.9
427.0
427.0
427.0
427.1
427.3
427.3
427.4
427.5
427.6
427.6
427.6
427.9
427.9
428.0
428.1
428.1
428.1
428.1
428.2
428.5
428.9
429.0
429.5
429.7
429.9
429.9
429.9
430.0
430.0
430.0
430.0
430.0
430.1
430.1
430.1
430.1
430.2
430.2
430.2
430.2
430.2
430.2
430.2
430.2
430.3
430.3
430.3
430.3
430.3
430.3
430.3
430.3
430.3
430.3
430.3
430.4
430.4
430.4
430.4
430.4
430.4
430.4
430.5
430.5
430.5
430.5
430.5
430.5
430.5
430.5
430.6
430.7
430.7
430.7
430.7
430.7
430.8
430.8
430.8
430.9
430.9
430.9
430.9
430.9
430.9
430.9
431.3
431.3
431.4
431.4
431.5
431.6
431.6
431.6
431.8
431.8
431.9
431.9
432.0
432.0
432.2
432.2
432.2
432.2
432.2
432.6
432.6
433.0
433.2
433.2
433.3
433.5
433.5
433.5
433.6
433.6
433.8
433.9
434.3
434.5
435.4
435.4
435.6
435.6
435.6
435.6
435.7
435.7
435.8
435.8
435.8
435.9
436.0
436.0
436.0
436.1
436.1
436.1
436.1
436.2
436.3
436.3
436.3
436.3
436.3
436.3
436.3
436.4
436.4
436.4
436.4
436.4
436.5
436.5
436.5
436.6
436.6
436.6
436.6
436.7
436.7
436.7
436.8
436.8
436.8
436.8
436.9
437.0
437.0
437.0
437.1
437.1
437.1
437.2
437.2
437.2
437.2
437.3
437.3
437.5
437.5
437.6
437.6
437.6
437.7
437.7
437.8
437.8
437.8
438.0
438.1
438.2
438.2
438.2
438.3
438.3
438.4
438.4
438.7
438.9
439.0
439.4
439.8
440.3
440.7
441.0
441.2
441.4
441.5
441.6
442.2
442.7
443.2
443.3
445.1
447.7
448.1
448.1
448.2
448.8
450.3
450.7
452.3
452.9
453.7
454.0
454.1
454.3
454.6
455.0
455.3
455.4
455.6
456.2
456.2
457.2
457.3
457.5
457.6
457.7
457.8
458.0
458.9
459.5
459.9
460.1
461.8
462.0
462.4
463.4
464.3
465.4
465.7
466.0
466.8
469.4
471.6
472.5
472.8
474.3
477.5
480.4
493.9
568.6
568.6
568.6
568.6
568.6
568.6
568.6
568.6
568.6
568.7
568.7
568.7
568.7
568.7
568.7
568.7
568.7
568.7
568.7
568.8
568.8
568.8
568.8
568.8
568.8
568.8
568.8
568.9
568.9
568.9
568.9
569.0
569.0
569.0
569.1
569.1
569.2
569.2
569.2
569.2
569.3
569.3
569.3
569.3
569.3
569.4
569.4
569.4
569.4
569.5
569.5
569.5
569.6
569.6
569.6
569.6
569.6
569.6
569.6
569.7
569.7
569.7
569.7
569.8
569.8
570.0
570.0
570.1
570.1
570.1
570.2
570.3
570.4
570.4
570.5
570.5
570.6
570.8
570.9
571.0
571.1
571.1
571.2
571.2
571.2
571.3
571.6
572.1
572.4
572.5
572.6
572.6
572.7
572.7
572.7
572.8
572.8
572.8
572.8
572.8
572.9
572.9
572.9
572.9
572.9
572.9
572.9
572.9
573.0
573.0
573.0
573.0
573.0
573.1
573.1
573.1
573.1
573.1
573.1
573.2
573.2
573.2
573.2
573.3
573.3
573.3
573.3
573.4
573.4
573.4
573.4
573.4
573.4
573.5
573.5
573.5
573.5
573.5
573.6
573.6
573.6
573.7
573.7
573.7
573.7
573.8
573.8
573.8
573.9
573.9
574.0
574.0
574.0
574.3
574.3
574.3
574.4
574.4
574.5
574.5
574.6
574.9
574.9
575.0
575.0
575.0
575.2
575.3
575.3
575.6
575.6
576.0
576.2
576.2
576.2
576.3
576.5
576.6
576.6
576.8
576.8
577.0
577.6
577.7
577.7
577.8
578.0
578.2
578.2
578.5
578.5
578.5
578.6
578.6
578.6
578.7
578.7
578.7
578.8
578.8
578.8
578.8
578.8
578.8
578.9
578.9
578.9
578.9
578.9
578.9
579.0
579.0
579.1
579.1
579.2
579.2
579.2
579.2
579.2
579.2
579.2
579.3
579.3
579.3
579.3
579.3
579.3
579.3
579.4
579.4
579.4
579.5
579.6
579.6
579.6
579.7
579.7
579.7
579.8
579.8
579.8
580.0
580.0
580.1
580.1
580.1
580.1
580.2
580.2
580.3
580.3
580.3
580.4
580.5
580.5
580.5
580.6
580.7
580.7
580.9
581.0
581.0
581.2
581.2
581.3
581.4
581.4
581.8
581.9
581.9
582.1
582.3
582.3
582.4
582.5
582.6
582.9
582.9
582.9
584.0
584.4
584.6
584.8
585.0
585.1
585.7
586.0
586.0
586.6
586.9
587.2
587.4
587.5
587.5
587.7
587.7
587.8
587.8
588.0
588.0
588.1
588.1
588.1
588.2
588.2
588.2
588.3
588.3
588.3
588.3
588.4
588.4
588.5
588.5
588.5
588.6
588.6
588.6
588.7
588.7
588.8
588.8
588.8
588.9
588.9
588.9
588.9
589.0
589.0
589.1
589.1
589.2
589.2
589.3
589.3
589.3
589.4
589.4
589.5
589.5
589.5
589.5
589.6
589.6
589.7
589.7
589.8
589.8
589.8
590.0
590.0
590.0
590.0
590.0
590.0
590.1
590.1
590.1
590.1
590.1
590.1
590.1
590.2
590.2
590.3
590.3
590.3
590.3
590.4
590.5
590.5
590.5
590.6
590.7
590.8
591.2
591.8
591.8
592.4
592.5
592.6
592.8
594.3
594.5
594.8
596.2
596.4
597.1
597.4
599.2
601.1
602.1
603.7
605.8
607.3
607.6
609.3
613.8
614.4
615.6
617.2
626.9
628.0
707.2
707.3
707.3
707.3
707.3
707.3
707.4
707.4
707.4
707.4
707.4
707.4
707.4
707.4
707.4
707.4
707.4
707.4
707.4
707.4
707.4
707.5
707.5
707.5
707.5
707.5
707.5
707.5
707.6
707.6
707.6
707.6
707.6
707.7
707.7
707.7
707.7
707.7
707.7
707.7
707.7
707.8
707.9
707.9
707.9
708.0
708.0
708.0
708.1
708.1
708.1
708.2
708.2
708.3
708.3
708.3
708.4
708.4
708.4
708.4
708.4
708.5
708.5
708.5
708.6
708.8
708.9
709.0
709.0
709.1
709.1
709.1
709.4
709.4
709.4
709.5
709.6
709.6
709.7
709.8
710.0
710.1
710.2
710.2
710.2
710.3
710.5
710.5
710.6
711.1
711.2
711.2
711.2
711.3
711.3
711.3
711.3
711.4
711.4
711.5
711.5
711.5
711.5
711.5
711.5
711.5
711.5
711.5
711.5
711.5
711.5
711.6
711.6
711.6
711.6
711.6
711.7
711.7
711.7
711.7
711.7
711.7
711.7
711.7
711.7
711.8
711.8
711.8
711.9
711.9
711.9
711.9
711.9
711.9
712.0
712.0
712.0
712.1
712.1
712.2
712.2
712.2
712.2
712.3
712.4
712.4
712.5
712.5
712.5
712.6
712.6
712.6
712.6
712.6
712.6
712.7
712.8
712.9
713.0
713.1
713.1
713.2
713.2
713.3
713.3
713.3
713.4
713.5
713.6
713.7
713.7
713.8
713.8
713.8
713.9
714.1
714.1
714.5
714.5
714.6
714.6
714.6
714.6
714.7
714.7
714.9
715.4
715.9
716.3
716.6
716.6
716.8
716.8
717.0
717.0
717.0
717.0
717.0
717.1
717.1
717.1
717.2
717.2
717.2
717.2
717.3
717.3
717.3
717.4
717.4
717.4
717.4
717.4
717.4
717.4
717.5
717.5
717.5
717.6
717.7
717.7
717.7
717.7
717.7
717.7
717.7
717.7
717.8
717.8
717.8
717.8
717.8
717.9
717.9
717.9
718.0
718.0
718.0
718.0
718.1
718.1
718.2
718.2
718.2
718.3
718.4
718.4
718.4
718.5
718.5
718.5
718.6
718.6
718.6
718.6
718.7
718.7
718.8
718.9
718.9
719.0
719.0
719.0
719.0
719.1
719.2
719.2
719.3
719.3
719.4
719.4
719.5
719.6
719.7
719.9
719.9
720.0
720.0
720.0
720.1
720.1
720.1
720.3
720.3
720.5
720.9
721.3
721.5
722.3
723.0
723.3
723.6
723.6
724.9
725.3
725.7
725.8
725.9
725.9
726.0
726.0
726.1
726.1
726.2
726.3
726.3
726.4
726.5
726.5
726.5
726.6
726.6
726.6
726.7
726.7
726.8
727.0
727.0
727.1
727.1
727.1
727.2
727.2
727.2
727.2
727.3
727.3
727.3
727.3
727.3
727.4
727.4
727.5
727.6
727.7
727.7
727.7
727.8
727.8
727.8
727.9
727.9
728.0
728.0
728.0
728.1
728.1
728.1
728.2
728.2
728.2
728.2
728.3
728.3
728.3
728.4
728.4
728.5
728.5
728.5
728.5
728.6
728.7
728.7
728.7
728.7
728.9
728.9
728.9
728.9
729.0
729.0
729.0
729.1
729.1
729.1
729.1
729.2
729.2
729.3
729.5
729.6
729.7
729.9
730.0
730.3
730.9
731.2
731.7
733.0
733.6
733.8
733.9
740.8
741.5
741.7
742.0
742.1
742.3
742.4
742.6
742.7
742.7
742.8
742.8
742.8
742.9
742.9
742.9
742.9
742.9
742.9
743.0
743.0
743.0
743.0
743.0
743.0
743.0
743.0
743.0
743.1
743.1
743.1
743.1
743.1
743.1
743.1
743.2
743.2
743.2
743.3
743.3
743.3
743.3
743.4
743.4
743.4
743.4
743.5
743.6
743.7
743.8
743.8
743.9
743.9
743.9
743.9
743.9
744.0
744.2
744.2
744.2
744.4
744.4
744.4
744.6
744.7
744.8
745.0
745.1
745.1
745.3
745.4
745.4
745.5
745.6
745.7
745.9
746.2
746.2
746.3
746.5
746.6
746.7
746.7
746.7
746.9
747.0
747.0
747.0
747.0
747.1
747.1
747.1
747.2
747.3
747.3
747.3
747.4
747.4
747.4
747.4
747.4
747.4
747.5
747.5
747.5
747.5
747.6
747.6
747.6
747.6
747.6
747.6
747.6
747.6
747.6
747.7
747.7
747.8
747.8
747.8
747.8
747.8
747.8
747.8
747.8
747.9
748.0
748.0
748.0
748.1
748.1
748.2
748.3
748.3
748.3
748.3
748.3
748.4
748.4
748.4
748.4
748.4
748.5
748.5
748.5
748.7
748.9
748.9
749.0
749.0
749.2
749.2
749.3
749.4
749.4
749.4
749.5
749.6
749.8
750.0
750.0
750.1
750.2
750.3
750.5
751.0
751.0
751.5
752.0
752.0
752.1
752.3
752.5
752.6
752.7
752.9
753.0
753.1
753.1
753.2
753.2
753.2
753.4
753.5
753.5
753.6
753.6
753.6
753.7
753.7
753.8
753.8
753.8
753.9
753.9
754.0
754.0
754.0
754.1
754.1
754.1
754.1
754.1
754.1
754.2
754.2
754.3
754.3
754.4
754.4
754.4
754.4
754.5
754.5
754.6
754.6
754.6
754.8
754.9
754.9
755.0
755.0
755.1
755.1
755.2
755.2
755.4
755.5
755.5
755.5
755.6
755.6
755.6
755.7
755.7
756.0
756.1
756.3
756.4
756.6
756.7
756.7
756.8
756.8
756.9
756.9
757.2
757.3
758.1
758.7
758.9
759.2
759.3
759.8
760.1
760.1
760.7
761.4
761.5
761.6
762.4
762.5
762.5
762.7
762.7
762.7
762.7
763.0
763.3
764.1
764.6
766.1
766.6
766.6
767.6
767.8
768.1
768.2
768.5
768.6
769.1
769.1
769.2
769.5
769.6
770.4
770.5
770.6
771.3
771.5
771.9
772.2
772.7
772.7
773.1
773.5
773.7
774.1
775.9
776.3
776.3
776.9
777.3
778.2
778.3
779.0
779.8
780.1
780.7
781.3
781.5
782.8
786.8
789.1
792.8
795.0
795.8
798.1
801.8
809.7
830.6
872.7
872.8
872.8
872.8
872.8
872.8
872.8
872.8
872.8
872.8
872.8
872.8
872.8
872.8
872.8
872.8
872.8
872.8
872.8
872.8
872.8
872.8
872.8
872.8
872.9
872.9
872.9
872.9
872.9
872.9
872.9
872.9
872.9
872.9
872.9
872.9
872.9
872.9
872.9
872.9
872.9
872.9
872.9
872.9
872.9
872.9
872.9
872.9
872.9
872.9
873.0
873.0
873.0
873.0
873.0
873.0
873.0
873.0
873.0
873.1
873.1
873.1
873.1
873.1
873.1
873.2
873.2
873.2
873.2
873.2
873.3
873.3
873.4
873.4
873.4
873.4
873.4
873.5
873.5
873.5
873.5
873.6
873.7
873.7
873.9
874.0
874.1
874.2
874.4
874.6
874.8
875.0
875.1
875.4
875.4
876.1
876.1
876.4
876.7
876.7
876.7
876.7
876.7
876.7
876.7
876.7
876.7
876.7
876.8
876.8
876.8
876.8
876.8
876.8
876.8
876.9
876.9
876.9
876.9
876.9
876.9
876.9
876.9
876.9
876.9
876.9
876.9
876.9
877.0
877.0
877.0
877.0
877.0
877.0
877.0
877.0
877.0
877.0
877.0
877.0
877.0
877.0
877.0
877.1
877.1
877.1
877.1
877.1
877.1
877.1
877.2
877.2
877.2
877.2
877.2
877.2
877.2
877.2
877.2
877.2
877.2
877.3
877.3
877.3
877.3
877.3
877.3
877.4
877.4
877.4
877.5
877.5
877.6
877.6
877.7
877.7
877.7
877.7
877.7
877.8
877.8
877.9
877.9
878.1
878.3
878.6
878.7
878.7
879.3
879.4
880.1
880.2
880.6
881.2
881.2
882.1
882.1
882.1
882.2
882.3
882.3
882.3
882.3
882.3
882.4
882.4
882.4
882.4
882.4
882.5
882.5
882.5
882.6
882.6
882.6
882.6
882.6
882.7
882.7
882.7
882.7
882.7
882.7
882.8
882.8
882.8
882.8
882.8
882.8
882.9
882.9
882.9
882.9
882.9
883.0
883.0
883.0
883.0
883.0
883.0
883.0
883.0
883.1
883.1
883.1
883.1
883.1
883.1
883.1
883.2
883.2
883.2
883.2
883.2
883.2
883.2
883.3
883.3
883.3
883.3
883.3
883.4
883.4
883.5
883.5
883.5
883.5
883.5
883.5
883.6
883.6
883.6
883.7
883.7
883.7
883.7
883.8
883.8
883.8
883.9
883.9
884.1
884.2
884.8
884.9
884.9
885.2
885.3
885.6
886.6
887.5
888.0
889.5
890.3
891.2
893.7
893.9
894.3
894.7
894.7
894.9
894.9
895.0
895.0
895.0
895.1
895.2
895.3
895.6
895.7
895.7
895.7
895.7
895.8
895.9
896.2
896.4
896.4
896.5
896.6
896.7
896.7
896.7
896.8
896.8
896.9
897.0
897.0
897.2
897.5
897.5
897.6
897.7
897.8
897.9
898.0
898.2
898.2
898.2
898.2
898.2
898.3
898.5
898.7
898.7
898.7
898.9
899.3
899.4
899.5
899.5
899.6
899.6
899.7
899.9
900.0
900.1
900.1
900.2
900.2
900.3
900.5
900.7
900.7
900.7
900.8
901.0
901.1
901.1
901.2
901.4
901.4
901.4
901.6
902.0
902.1
902.1
902.3
902.6
902.7
902.7
904.5
905.0
905.2
905.8
906.2
906.5
906.6
908.2
912.8
914.3
922.7
922.8
922.8
922.8
922.8
922.8
922.8
922.8
922.8
922.9
922.9
922.9
922.9
922.9
922.9
922.9
922.9
922.9
922.9
922.9
922.9
922.9
922.9
922.9
923.0
923.0
923.0
923.0
923.0
923.0
923.0
923.0
923.0
923.0
923.0
923.0
923.0
923.0
923.0
923.1
923.1
923.1
923.1
923.1
923.1
923.1
923.1
923.1
923.1
923.1
923.2
923.2
923.2
923.2
923.2
923.2
923.2
923.3
923.3
923.3
923.3
923.4
923.4
923.4
923.4
923.4
923.5
923.5
923.5
923.6
923.6
923.6
923.6
923.7
923.7
923.7
923.8
923.8
923.9
923.9
924.0
924.0
924.1
924.1
924.1
924.1
924.2
924.4
924.6
924.6
924.9
925.0
925.1
925.2
926.1
926.1
926.3
926.4
926.7
926.7
926.8
926.8
926.8
926.9
926.9
926.9
926.9
926.9
926.9
927.0
927.0
927.0
927.0
927.0
927.0
927.0
927.1
927.1
927.1
927.1
927.1
927.1
927.1
927.1
927.1
927.2
927.2
927.2
927.2
927.2
927.2
927.2
927.2
927.2
927.2
927.2
927.3
927.3
927.3
927.3
927.3
927.3
927.3
927.3
927.3
927.4
927.4
927.4
927.5
927.5
927.5
927.5
927.5
927.5
927.5
927.5
927.7
927.7
927.7
927.8
927.8
927.8
927.8
927.8
927.9
928.0
928.0
928.0
928.0
928.1
928.2
928.2
928.2
928.2
928.3
928.5
928.6
928.7
928.9
929.0
929.0
929.2
929.2
929.2
929.7
929.7
929.8
929.8
930.0
930.1
930.8
930.9
931.0
932.2
932.3
932.4
932.4
932.4
932.5
932.5
932.5
932.7
932.7
932.7
932.7
932.7
932.7
932.7
932.7
932.7
932.8
932.8
932.8
932.9
932.9
933.0
933.0
933.0
933.1
933.1
933.1
933.1
933.1
933.1
933.1
933.2
933.2
933.2
933.3
933.3
933.3
933.4
933.4
933.4
933.5
933.5
933.5
933.5
933.5
933.6
933.6
933.6
933.7
933.7
933.7
933.8
933.8
933.8
933.8
933.8
933.9
933.9
933.9
933.9
934.0
934.0
934.0
934.0
934.0
934.0
934.1
934.1
934.1
934.1
934.3
934.3
934.4
934.5
934.5
934.6
934.7
934.8
934.9
934.9
934.9
934.9
935.2
935.5
935.7
935.7
935.8
935.9
936.0
936.9
937.0
937.5
937.7
938.7
939.2
939.2
939.7
939.8
939.9
943.8
945.0
946.6
946.7
947.2
947.5
947.6
948.0
948.1
948.4
948.6
948.7
948.8
949.0
949.2
949.3
949.6
949.8
950.0
950.6
950.8
950.9
950.9
951.0
951.1
951.3
952.1
952.2
952.3
952.6
952.8
952.9
952.9
953.6
954.6
955.8
955.8
956.1
956.4
957.3
959.1
959.1
959.3
959.4
961.1
961.5
962.4
967.2
967.7
969.5
971.9
972.5
1046.9
1046.9
1046.9
1046.9
1046.9
1046.9
1046.9
1047.0
1047.0
1047.0
1047.0
1047.0
1047.0
1047.0
1047.0
1047.0
1047.0
1047.0
1047.0
1047.0
1047.1
1047.1
1047.1
1047.1
1047.1
1047.1
1047.1
1047.1
1047.1
1047.2
1047.2
1047.2
1047.2
1047.2
1047.3
1047.3
1047.3
1047.3
1047.3
1047.3
1047.3
1047.3
1047.3
1047.4
1047.4
1047.4
1047.4
1047.4
1047.4
1047.4
1047.4
1047.4
1047.5
1047.5
1047.5
1047.6
1047.6
1047.6
1047.6
1047.7
1047.7
1047.7
1047.7
1047.7
1047.7
1047.8
1047.9
1047.9
1048.0
1048.0
1048.0
1048.0
1048.0
1048.1
1048.2
1048.2
1048.3
1048.3
1048.3
1048.4
1048.4
1048.4
1048.4
1048.6
1048.6
1048.8
1049.0
1049.1
1049.6
1049.6
1049.7
1050.0
1050.1
1050.7
1050.9
1050.9
1050.9
1050.9
1050.9
1050.9
1050.9
1051.0
1051.0
1051.0
1051.0
1051.0
1051.0
1051.1
1051.1
1051.1
1051.1
1051.1
1051.1
1051.1
1051.1
1051.1
1051.1
1051.2
1051.2
1051.2
1051.2
1051.2
1051.3
1051.3
1051.3
1051.3
1051.3
1051.3
1051.4
1051.4
1051.4
1051.4
1051.4
1051.4
1051.4
1051.4
1051.4
1051.5
1051.5
1051.5
1051.5
1051.5
1051.5
1051.5
1051.5
1051.6
1051.6
1051.6
1051.6
1051.6
1051.6
1051.7
1051.7
1051.7
1051.8
1051.8
1051.8
1051.9
1051.9
1051.9
1051.9
1051.9
1051.9
1052.0
1052.0
1052.0
1052.1
1052.1
1052.1
1052.1
1052.2
1052.2
1052.3
1052.4
1052.4
1052.5
1052.5
1052.5
1052.6
1052.6
1052.6
1052.7
1052.8
1052.9
1053.1
1053.3
1053.5
1053.7
1054.2
1054.5
1054.8
1055.1
1055.3
1056.3
1056.3
1056.3
1056.4
1056.4
1056.4
1056.5
1056.5
1056.5
1056.6
1056.6
1056.6
1056.6
1056.7
1056.8
1056.8
1056.8
1056.8
1056.8
1056.9
1056.9
1056.9
1056.9
1056.9
1057.0
1057.0
1057.0
1057.0
1057.1
1057.1
1057.1
1057.1
1057.2
1057.2
1057.2
1057.2
1057.2
1057.3
1057.3
1057.3
1057.4
1057.4
1057.4
1057.4
1057.4
1057.4
1057.4
1057.4
1057.5
1057.5
1057.5
1057.5
1057.5
1057.6
1057.6
1057.6
1057.6
1057.6
1057.6
1057.6
1057.7
1057.7
1057.7
1057.7
1057.8
1057.8
1057.8
1057.8
1057.8
1057.8
1057.9
1057.9
1057.9
1057.9
1057.9
1058.0
1058.0
1058.0
1058.1
1058.1
1058.2
1058.2
1058.2
1058.3
1058.3
1058.3
1058.4
1058.4
1058.5
1058.5
1059.0
1059.2
1059.3
1060.0
1060.2
1060.2
1061.2
1062.0
1062.4
1064.3
1065.3
1066.6
1067.5
1067.7
1067.9
1068.7
1068.8
1069.2
1069.4
1069.5
1069.6
1069.6
1069.7
1069.9
1070.1
1070.3
1070.3
1070.4
1070.4
1070.6
1070.6
1070.6
1070.8
1070.9
1071.2
1071.2
1071.2
1071.3
1071.3
1071.4
1071.4
1071.5
1071.6
1071.8
1071.9
1072.0
1072.1
1072.6
1072.7
1072.7
1072.8
1073.0
1073.0
1073.1
1073.3
1073.3
1073.4
1073.4
1073.5
1073.5
1073.5
1073.5
1073.6
1073.6
1073.7
1073.8
1073.9
1073.9
1074.2
1074.5
1074.8
1075.1
1075.1
1075.1
1075.2
1075.4
1075.5
1075.9
1076.0
1076.2
1076.3
1076.3
1076.4
1076.4
1076.5
1076.6
1076.8
1076.8
1077.2
1077.4
1077.4
1077.7
1078.0
1078.3
1078.5
1078.7
1078.9
1079.6
1080.2
1080.6
1082.4
1082.9
1088.4
1089.5
1094.7
1211.0
1211.1
1211.1
1211.1
1211.1
1211.1
1211.1
1211.1
1211.1
1211.1
1211.1
1211.1
1211.1
1211.1
1211.1
1211.2
1211.2
1211.2
1211.2
1211.2
1211.2
1211.2
1211.2
1211.2
1211.2
1211.2
1211.2
1211.2
1211.2
1211.2
1211.2
1211.2
1211.2
1211.2
1211.3
1211.3
1211.3
1211.3
1211.3
1211.3
1211.3
1211.3
1211.3
1211.3
1211.3
1211.3
1211.3
1211.3
1211.3
1211.3
1211.4
1211.4
1211.4
1211.4
1211.4
1211.4
1211.5
1211.5
1211.5
1211.5
1211.5
1211.5
1211.6
1211.6
1211.6
1211.6
1211.7
1211.7
1211.8
1211.8
1211.8
1211.8
1211.8
1211.9
1211.9
1212.0
1212.0
1212.1
1212.1
1212.1
1212.1
1212.2
1212.2
1212.3
1212.3
1212.5
1212.6
1212.8
1213.1
1213.2
1213.2
1213.5
1213.6
1214.2
1214.3
1214.6
1214.7
1215.0
1215.0
1215.0
1215.0
1215.0
1215.0
1215.0
1215.0
1215.1
1215.1
1215.1
1215.1
1215.1
1215.1
1215.1
1215.2
1215.2
1215.2
1215.2
1215.2
1215.2
1215.2
1215.2
1215.2
1215.3
1215.3
1215.3
1215.3
1215.3
1215.3
1215.3
1215.3
1215.3
1215.3
1215.3
1215.3
1215.3
1215.3
1215.3
1215.3
1215.4
1215.4
1215.4
1215.4
1215.4
1215.4
1215.4
1215.5
1215.5
1215.5
1215.5
1215.5
1215.5
1215.5
1215.5
1215.5
1215.5
1215.5
1215.6
1215.6
1215.7
1215.7
1215.7
1215.7
1215.7
1215.7
1215.7
1215.8
1215.8
1215.8
1215.8
1215.9
1215.9
1215.9
1215.9
1215.9
1216.0
1216.1
1216.2
1216.2
1216.3
1216.3
1216.3
1216.4
1216.4
1216.5
1216.5
1216.9
1217.0
1217.1
1217.4
1217.7
1218.1
1218.4
1218.6
1218.8
1219.6
1219.6
1220.4
1220.4
1220.4
1220.5
1220.5
1220.5
1220.5
1220.6
1220.6
1220.6
1220.6
1220.7
1220.7
1220.7
1220.7
1220.8
1220.8
1220.8
1220.8
1220.9
1220.9
1220.9
1220.9
1220.9
1220.9
1221.0
1221.0
1221.0
1221.0
1221.1
1221.1
1221.1
1221.1
1221.1
1221.1
1221.1
1221.1
1221.2
1221.2
1221.2
1221.3
1221.3
1221.3
1221.3
1221.3
1221.3
1221.3
1221.3
1221.3
1221.4
1221.4
1221.4
1221.4
1221.4
1221.5
1221.5
1221.5
1221.5
1221.5
1221.5
1221.5
1221.5
1221.5
1221.6
1221.6
1221.7
1221.7
1221.7
1221.7
1221.7
1221.7
1221.7
1221.8
1221.8
1221.8
1221.8
1221.8
1221.8
1221.8
1221.9
1221.9
1221.9
1222.0
1222.0
1222.0
1222.1
1222.1
1222.4
1222.4
1222.4
1222.5
1222.6
1223.1
1223.2
1223.5
1224.3
1224.6
1225.1
1226.1
1226.1
1227.7
1228.2
1228.4
1228.5
1228.6
1229.2
1229.4
1229.5
1229.5
1229.6
1229.7
1229.8
1229.8
1229.8
1229.9
1230.0
1230.0
1230.0
1230.2
1230.2
1230.3
1230.3
1230.4
1230.4
1230.4
1230.5
1230.5
1230.5
1230.5
1230.5
1230.6
1230.7
1230.7
1230.8
1230.8
1230.8
1230.8
1230.8
1230.9
1230.9
1231.0
1231.0
1231.0
1231.0
1231.0
1231.1
1231.2
1231.3
1231.3
1231.3
1231.3
1231.3
1231.4
1231.4
1231.4
1231.4
1231.5
1231.5
1231.5
1231.6
1231.6
1231.7
1231.7
1231.8
1231.8
1231.8
1231.8
1231.8
1231.8
1232.0
1232.0
1232.0
1232.0
1232.0
1232.1
1232.1
1232.1
1232.1
1232.1
1232.2
1232.3
1232.3
1232.3
1232.3
1232.4
1232.4
1232.5
1232.9
1233.1
1233.2
1233.2
1233.4
1233.7
1234.0
1234.6
1234.8
1236.0
1236.1
1244.4
1244.8
1284.2
1284.2
1284.2
1284.4
1284.7
1285.3
1286.0
1286.2
1286.4
1286.4
1287.2
1287.3
1287.5
1287.6
1288.7
1289.1
1289.2
1289.4
1290.0
1290.7
1290.9
1290.9
1291.1
1291.3
1291.5
1291.9
1292.6
1293.3
1293.5
1293.8
1294.1
1295.2
1300.6
1302.7
1382.5
1382.5
1382.5
1382.5
1382.5
1382.5
1382.5
1382.5
1382.5
1382.5
1382.5
1382.5
1382.5
1382.5
1382.5
1382.5
1382.5
1382.5
1382.5
1382.5
1382.5
1382.5
1382.6
1382.6
1382.6
1382.6
1382.6
1382.6
1382.6
1382.6
1382.6
1382.6
1382.6
1382.6
1382.6
1382.6
1382.6
1382.6
1382.6
1382.6
1382.6
1382.6
1382.7
1382.7
1382.7
1382.7
1382.7
1382.7
1382.7
1382.7
1382.7
1382.7
1382.7
1382.7
1382.7
1382.7
1382.7
1382.8
1382.8
1382.8
1382.8
1382.8
1382.9
1382.9
1382.9
1383.0
1383.0
1383.0
1383.0
1383.0
1383.1
1383.1
1383.2
1383.2
1383.2
1383.2
1383.3
1383.3
1383.3
1383.3
1383.3
1383.5
1383.5
1383.6
1383.8
1383.9
1384.0
1384.1
1384.3
1384.6
1384.7
1384.9
1385.1
1385.2
1385.3
1386.0
1386.0
1386.3
1386.3
1386.4
1386.4
1386.4
1386.4
1386.4
1386.4
1386.4
1386.4
1386.4
1386.4
1386.5
1386.5
1386.5
1386.5
1386.5
1386.5
1386.5
1386.5
1386.6
1386.6
1386.6
1386.6
1386.6
1386.6
1386.6
1386.6
1386.6
1386.6
1386.7
1386.7
1386.7
1386.7
1386.7
1386.7
1386.7
1386.7
1386.7
1386.7
1386.7
1386.7
1386.8
1386.8
1386.8
1386.8
1386.8
1386.8
1386.8
1386.8
1386.8
1386.8
1386.8
1386.8
1386.8
1386.9
1386.9
1386.9
1386.9
1386.9
1387.0
1387.0
1387.0
1387.0
1387.0
1387.0
1387.0
1387.0
1387.0
1387.1
1387.1
1387.2
1387.2
1387.3
1387.3
1387.3
1387.4
1387.4
1387.5
1387.5
1387.5
1387.5
1387.6
1387.6
1387.6
1387.7
1388.0
1388.0
1388.4
1388.5
1388.5
1389.2
1389.2
1389.9
1390.0
1390.3
1390.7
1390.8
1391.8
1391.8
1391.8
1391.9
1391.9
1391.9
1392.0
1392.0
1392.0
1392.0
1392.0
1392.1
1392.1
1392.1
1392.2
1392.2
1392.2
1392.2
1392.3
1392.3
1392.3
1392.3
1392.4
1392.4
1392.4
1392.4
1392.4
1392.4
1392.5
1392.5
1392.5
1392.5
1392.5
1392.5
1392.5
1392.6
1392.6
1392.6
1392.6
1392.6
1392.6
1392.6
1392.6
1392.6
1392.7
1392.7
1392.7
1392.7
1392.7
1392.7
1392.7
1392.8
1392.8
1392.8
1392.8
1392.8
1392.9
1392.9
1392.9
1392.9
1392.9
1392.9
1392.9
1392.9
1392.9
1392.9
1392.9
1393.0
1393.0
1393.1
1393.1
1393.2
1393.2
1393.2
1393.2
1393.3
1393.3
1393.3
1393.3
1393.3
1393.4
1393.4
1393.4
1393.5
1393.5
1393.6
1393.8
1393.9
1394.2
1394.3
1394.3
1394.4
1394.9
1395.3
1395.3
1396.8
1397.5
1397.9
1398.1
1398.5
1400.5
1400.9
1400.9
1401.0
1401.0
1401.1
1401.1
1401.1
1401.3
1401.3
1401.4
1401.5
1401.5
1401.6
1401.8
1401.8
1401.9
1401.9
1401.9
1401.9
1402.0
1402.0
1402.0
1402.0
1402.0
1402.2
1402.2
1402.2
1402.2
1402.3
1402.3
1402.4
1402.5
1402.5
1402.5
1402.6
1402.6
1402.6
1402.7
1402.7
1402.7
1402.8
1402.9
1402.9
1402.9
1402.9
1402.9
1402.9
1403.0
1403.0
1403.0
1403.1
1403.1
1403.2
1403.3
1403.4
1403.4
1403.4
1403.4
1403.5
1403.5
1403.5
1403.5
1403.5
1403.6
1403.6
1403.6
1403.7
1403.7
1403.7
1403.7
1403.9
1403.9
1404.0
1404.0
1404.1
1404.2
1404.2
1404.3
1404.4
1404.7
1404.7
1404.8
1405.2
1405.3
1405.3
1405.3
1405.3
1405.5
1405.7
1406.3
1406.7
1406.8
1407.0
1407.3
1411.0
1417.5
1418.4
1419.6
1547.5
1547.5
1547.5
1547.5
1547.5
1547.5
1547.6
1547.6
1547.6
1547.6
1547.6
1547.6
1547.6
1547.6
1547.6
1547.6
1547.6
1547.6
1547.6
1547.6
1547.6
1547.6
1547.6
1547.6
1547.6
1547.6
1547.6
1547.6
1547.6
1547.7
1547.7
1547.7
1547.7
1547.7
1547.7
1547.7
1547.7
1547.7
1547.7
1547.7
1547.7
1547.7
1547.7
1547.7
1547.7
1547.7
1547.7
1547.7
1547.7
1547.8
1547.8
1547.8
1547.8
1547.8
1547.8
1547.8
1547.9
1547.9
1547.9
1547.9
1547.9
1547.9
1547.9
1548.0
1548.0
1548.0
1548.1
1548.1
1548.1
1548.2
1548.2
1548.2
1548.2
1548.3
1548.3
1548.4
1548.4
1548.4
1548.4
1548.5
1548.5
1548.5
1548.6
1548.7
1548.7
1548.9
1549.0
1549.1
1549.5
1549.6
1549.6
1549.9
1550.0
1550.5
1550.6
1551.0
1551.0
1551.3
1551.4
1551.4
1551.4
1551.4
1551.5
1551.5
1551.5
1551.5
1551.5
1551.5
1551.5
1551.5
1551.5
1551.6
1551.6
1551.6
1551.6
1551.6
1551.6
1551.6
1551.6
1551.6
1551.6
1551.7
1551.7
1551.7
1551.7
1551.7
1551.7
1551.7
1551.7
1551.7
1551.7
1551.7
1551.8
1551.8
1551.8
1551.8
1551.8
1551.8
1551.8
1551.8
1551.8
1551.8
1551.8
1551.9
1551.9
1551.9
1551.9
1551.9
1551.9
1551.9
1551.9
1551.9
1552.0
1552.0
1552.0
1552.0
1552.0
1552.0
1552.0
1552.0
1552.1
1552.1
1552.1
1552.1
1552.2
1552.2
1552.2
1552.2
1552.2
1552.3
1552.3
1552.3
1552.3
1552.4
1552.5
1552.6
1552.6
1552.6
1552.7
1552.7
1552.7
1552.7
1552.9
1552.9
1553.3
1553.3
1553.5
1553.8
1554.1
1554.5
1554.8
1555.0
1555.2
1556.0
1556.1
1556.8
1556.8
1556.9
1556.9
1557.0
1557.0
1557.0
1557.0
1557.0
1557.1
1557.1
1557.1
1557.1
1557.2
1557.2
1557.2
1557.2
1557.3
1557.3
1557.3
1557.3
1557.3
1557.4
1557.4
1557.4
1557.4
1557.4
1557.5
1557.5
1557.5
1557.5
1557.5
1557.5
1557.6
1557.6
1557.6
1557.6
1557.6
1557.7
1557.7
1557.7
1557.7
1557.7
1557.7
1557.7
1557.7
1557.7
1557.8
1557.8
1557.8
1557.8
1557.8
1557.8
1557.9
1557.9
1557.9
1557.9
1557.9
1557.9
1557.9
1557.9
1557.9
1557.9
1558.0
1558.0
1558.1
1558.1
1558.1
1558.1
1558.1
1558.1
1558.2
1558.2
1558.3
1558.3
1558.3
1558.3
1558.3
1558.3
1558.3
1558.4
1558.4
1558.5
1558.5
1558.6
1558.6
1558.8
1558.9
1558.9
1559.0
1559.1
1559.3
1559.7
1560.0
1560.2
1561.0
1561.3
1561.8
1562.8
1562.9
1564.6
1565.2
1565.2
1565.4
1565.4
1565.8
1565.8
1565.9
1565.9
1565.9
1566.0
1566.1
1566.1
1566.1
1566.2
1566.3
1566.5
1566.5
1566.8
1566.8
1566.8
1566.8
1566.8
1566.8
1566.9
1567.0
1567.0
1567.0
1567.1
1567.1
1567.2
1567.2
1567.2
1567.2
1567.3
1567.3
1567.3
1567.4
1567.4
1567.4
1567.5
1567.5
1567.5
1567.5
1567.5
1567.5
1567.7
1567.7
1567.8
1567.8
1567.8
1567.9
1567.9
1567.9
1568.0
1568.0
1568.2
1568.2
1568.3
1568.3
1568.3
1568.3
1568.3
1568.3
1568.3
1568.4
1568.4
1568.4
1568.5
1568.5
1568.5
1568.6
1568.6
1568.6
1568.6
1568.7
1568.7
1568.7
1568.7
1568.7
1568.8
1568.9
1568.9
1569.0
1569.0
1569.1
1569.6
1569.6
1570.0
1570.0
1570.1
1570.6
1570.9
1571.5
1571.6
1571.7
1573.1
1573.5
1578.3
1582.4
1604.0
1622.5
1626.7
1626.8
1627.9
1631.7
1634.2
1634.6
1640.3
1718.5
1718.6
1718.6
1718.6
1718.6
1718.6
1718.6
1718.6
1718.6
1718.6
1718.6
1718.6
1718.6
1718.6
1718.6
1718.6
1718.6
1718.6
1718.6
1718.6
1718.6
1718.6
1718.7
1718.7
1718.7
1718.7
1718.7
1718.7
1718.7
1718.7
1718.7
1718.7
1718.7
1718.7
1718.7
1718.7
1718.7
1718.7
1718.7
1718.7
1718.7
1718.7
1718.7
1718.7
1718.7
1718.7
1718.7
1718.8
1718.8
1718.8
1718.8
1718.8
1718.8
1718.8
1718.8
1718.8
1718.9
1718.9
1718.9
1718.9
1718.9
1719.0
1719.0
1719.0
1719.0
1719.0
1719.1
1719.1
1719.1
1719.1
1719.2
1719.2
1719.3
1719.3
1719.3
1719.3
1719.3
1719.4
1719.4
1719.4
1719.5
1719.5
1719.6
1719.6
1719.8
1720.0
1720.0
1720.1
1720.5
1720.6
1720.7
1721.0
1721.1
1721.4
1721.5
1722.0
1722.1
1722.4
1722.4
1722.5
1722.5
1722.5
1722.5
1722.5
1722.5
1722.5
1722.5
1722.5
1722.5
1722.6
1722.6
1722.6
1722.6
1722.6
1722.6
1722.6
1722.6
1722.6
1722.7
1722.7
1722.7
1722.7
1722.7
1722.7
1722.7
1722.7
1722.8
1722.8
1722.8
1722.8
1722.8
1722.8
1722.8
1722.8
1722.8
1722.8
1722.8
1722.8
1722.8
1722.8
1722.9
1722.9
1722.9
1722.9
1722.9
1722.9
1722.9
1722.9
1722.9
1722.9
1723.0
1723.0
1723.0
1723.0
1723.0
1723.0
1723.0
1723.0
1723.1
1723.1
1723.1
1723.1
1723.1
1723.1
1723.1
1723.2
1723.2
1723.2
1723.2
1723.3
1723.3
1723.4
1723.5
1723.5
1723.5
1723.6
1723.6
1723.6
1723.6
1723.6
1723.6
1723.7
1723.8
1724.0
1724.1
1724.5
1724.6
1724.6
1725.2
1725.3
1725.9
1726.1
1726.3
1726.8
1726.9
1727.9
1727.9
1727.9
1728.0
1728.0
1728.0
1728.1
1728.1
1728.1
1728.1
1728.2
1728.2
1728.2
1728.2
1728.2
1728.3
1728.3
1728.3
1728.4
1728.4
1728.4
1728.4
1728.4
1728.4
1728.5
1728.5
1728.5
1728.5
1728.5
1728.5
1728.5
1728.6
1728.6
1728.6
1728.6
1728.6
1728.7
1728.7
1728.7
1728.7
1728.7
1728.7
1728.7
1728.7
1728.8
1728.8
1728.8
1728.8
1728.8
1728.8
1728.9
1728.9
1728.9
1728.9
1728.9
1728.9
1728.9
1729.0
1729.0
1729.0
1729.0
1729.0
1729.0
1729.0
1729.0
1729.0
1729.0
1729.1
1729.1
1729.1
1729.2
1729.3
1729.3
1729.3
1729.3
1729.3
1729.4
1729.4
1729.4
1729.4
1729.5
1729.5
1729.5
1729.5
1729.6
1729.7
1729.9
1730.0
1730.2
1730.3
1730.4
1730.4
1730.9
1731.3
1731.4
1732.9
1733.4
1734.2
1734.2
1734.6
1736.6
1736.8
1736.8
1736.9
1737.0
1737.0
1737.1
1737.2
1737.2
1737.3
1737.4
1737.5
1737.7
1737.7
1737.8
1737.8
1737.8
1737.8
1737.9
1737.9
1737.9
1738.0
1738.1
1738.1
1738.2
1738.2
1738.2
1738.3
1738.4
1738.4
1738.4
1738.5
1738.5
1738.6
1738.6
1738.7
1738.7
1738.7
1738.8
1738.8
1738.8
1738.8
1738.8
1738.9
1738.9
1738.9
1738.9
1739.0
1739.1
1739.1
1739.1
1739.2
1739.3
1739.3
1739.3
1739.4
1739.4
1739.4
1739.4
1739.5
1739.5
1739.5
1739.5
1739.6
1739.6
1739.6
1739.7
1739.7
1739.8
1739.8
1739.8
1739.9
1739.9
1739.9
1740.0
1740.1
1740.1
1740.2
1740.3
1740.4
1740.5
1740.8
1740.9
1741.3
1741.3
1741.5
1741.5
1741.8
1742.2
1742.3
1742.7
1743.0
1743.1
1743.3
1743.3
1753.5
1776.8
1884.0
1884.0
1884.0
1884.0
1884.0
1884.0
1884.0
1884.0
1884.1
1884.1
1884.1
1884.1
1884.1
1884.1
1884.1
1884.1
1884.1
1884.1
1884.1
1884.1
1884.1
1884.1
1884.1
1884.1
1884.1
1884.1
1884.1
1884.1
1884.1
1884.1
1884.1
1884.1
1884.1
1884.2
1884.2
1884.2
1884.2
1884.2
1884.2
1884.2
1884.2
1884.2
1884.2
1884.2
1884.2
1884.2
1884.2
1884.2
1884.2
1884.2
1884.2
1884.2
1884.3
1884.3
1884.3
1884.3
1884.4
1884.4
1884.4
1884.4
1884.4
1884.4
1884.4
1884.4
1884.5
1884.5
1884.6
1884.6
1884.6
1884.7
1884.7
1884.7
1884.7
1884.8
1884.8
1884.9
1884.9
1884.9
1885.0
1885.0
1885.0
1885.0
1885.1
1885.2
1885.2
1885.5
1885.6
1885.7
1886.1
1886.1
1886.2
1886.5
1886.6
1887.1
1887.2
1887.6
1887.7
1887.9
1887.9
1887.9
1887.9
1887.9
1887.9
1888.0
1888.0
1888.0
1888.0
1888.0
1888.0
1888.0
1888.0
1888.1
1888.1
1888.1
1888.1
1888.1
1888.1
1888.1
1888.1
1888.1
1888.2
1888.2
1888.2
1888.2
1888.2
1888.2
1888.2
1888.2
1888.2
1888.2
1888.2
1888.2
1888.2
1888.2
1888.3
1888.3
1888.3
1888.3
1888.3
1888.3
1888.3
1888.3
1888.3
1888.4
1888.4
1888.4
1888.4
1888.4
1888.4
1888.4
1888.4
1888.4
1888.4
1888.4
1888.4
1888.5
1888.5
1888.5
1888.5
1888.6
1888.6
1888.6
1888.6
1888.7
1888.7
1888.7
1888.7
1888.8
1888.8
1888.8
1888.8
1888.8
1888.9
1889.0
1889.0
1889.1
1889.2
1889.2
1889.2
1889.3
1889.3
1889.3
1889.4
1889.5
1889.8
1890.0
1890.1
1890.3
1890.7
1891.0
1891.5
1891.6
1891.9
1892.6
1892.7
1893.3
1893.3
1893.4
1893.4
1893.4
1893.5
1893.5
1893.5
1893.6
1893.6
1893.6
1893.6
1893.7
1893.7
1893.7
1893.7
1893.7
1893.8
1893.8
1893.8
1893.8
1893.8
1893.9
1893.9
1893.9
1893.9
1894.0
1894.0
1894.0
1894.0
1894.0
1894.0
1894.0
1894.1
1894.1
1894.1
1894.2
1894.2
1894.2
1894.2
1894.2
1894.2
1894.2
1894.2
1894.2
1894.2
1894.2
1894.3
1894.3
1894.3
1894.3
1894.3
1894.3
1894.4
1894.4
1894.4
1894.4
1894.4
1894.4
1894.4
1894.4
1894.4
1894.4
1894.5
1894.5
1894.6
1894.6
1894.6
1894.6
1894.6
1894.7
1894.7
1894.7
1894.8
1894.8
1894.8
1894.8
1894.8
1894.8
1894.8
1894.9
1894.9
1895.0
1895.0
1895.1
1895.1
1895.3
1895.3
1895.6
1895.6
1895.7
1895.9
1896.2
1896.5
1896.8
1897.4
1897.8
1898.3
1899.3
1899.4
1901.2
1901.6
1901.7
1901.9
1901.9
1902.2
1902.2
1902.2
1902.2
1902.3
1902.4
1902.4
1902.5
1902.5
1902.6
1902.6
1902.8
1902.9
1903.1
1903.2
1903.2
1903.2
1903.2
1903.2
1903.2
1903.2
1903.3
1903.4
1903.4
1903.5
1903.5
1903.5
1903.5
1903.5
1903.6
1903.6
1903.7
1903.7
1903.7
1903.8
1903.8
1903.8
1903.8
1903.8
1903.8
1904.0
1904.1
1904.1
1904.1
1904.1
1904.2
1904.2
1904.2
1904.3
1904.3
1904.4
1904.4
1904.4
1904.5
1904.6
1904.6
1904.6
1904.6
1904.6
1904.7
1904.7
1904.8
1904.8
1904.8
1904.8
1904.9
1904.9
1904.9
1904.9
1905.0
1905.0
1905.0
1905.1
1905.1
1905.1
1905.2
1905.2
1905.2
1905.3
1905.3
1905.4
1905.7
1906.2
1906.2
1906.3
1906.4
1906.7
1907.1
1907.2
1907.8
1907.9
1909.0
1909.5
1914.8
1915.2
1938.0
1940.6
1949.8
1954.3
1954.6
1954.8
1954.9
1955.1
1955.5
1956.3
1956.9
1957.2
1957.7
1959.0
1959.1
1959.4
1959.5
1959.8
1961.3
1961.9
1961.9
1962.1
1963.2
1963.6
1964.2
1964.4
1964.9
1967.1
1967.4
1968.1
1971.6
1974.2
1975.1
1978.9
1987.8
2054.8
2054.8
2054.8
2054.9
2054.9
2054.9
2054.9
2054.9
2054.9
2054.9
2054.9
2054.9
2054.9
2054.9
2054.9
2054.9
2054.9
2054.9
2054.9
2054.9
2054.9
2054.9
2054.9
2054.9
2054.9
2054.9
2054.9
2054.9
2054.9
2054.9
2055.0
2055.0
2055.0
2055.0
2055.0
2055.0
2055.0
2055.0
2055.0
2055.0
2055.0
2055.0
2055.0
2055.0
2055.0
2055.1
2055.1
2055.1
2055.1
2055.1
2055.1
2055.1
2055.1
2055.1
2055.1
2055.1
2055.1
2055.2
2055.2
2055.2
2055.2
2055.3
2055.3
2055.3
2055.3
2055.3
2055.3
2055.4
2055.4
2055.5
2055.5
2055.5
2055.6
2055.6
2055.6
2055.7
2055.7
2055.7
2055.7
2055.7
2055.7
2055.9
2055.9
2055.9
2056.1
2056.3
2056.3
2056.4
2056.7
2056.9
2057.1
2057.3
2057.4
2057.6
2057.8
2058.3
2058.4
2058.7
2058.7
2058.7
2058.8
2058.8
2058.8
2058.8
2058.8
2058.8
2058.8
2058.8
2058.8
2058.8
2058.9
2058.9
2058.9
2058.9
2058.9
2058.9
2058.9
2058.9
2058.9
2058.9
2059.0
2059.0
2059.0
2059.0
2059.0
2059.0
2059.0
2059.0
2059.0
2059.0
2059.1
2059.1
2059.1
2059.1
2059.1
2059.1
2059.1
2059.1
2059.1
2059.1
2059.1
2059.2
2059.2
2059.2
2059.2
2059.2
2059.2
2059.2
2059.2
2059.2
2059.2
2059.2
2059.3
2059.3
2059.3
2059.3
2059.3
2059.3
2059.3
2059.4
2059.4
2059.4
2059.4
2059.4
2059.4
2059.4
2059.5
2059.5
2059.6
2059.6
2059.7
2059.7
2059.7
2059.8
2059.8
2059.8
2059.9
2059.9
2059.9
2059.9
2060.0
2060.1
2060.1
2060.3
2060.4
2060.8
2060.9
2060.9
2061.5
2061.6
2062.2
2062.4
2062.6
2063.1
2063.2
2064.1
2064.2
2064.2
2064.2
2064.3
2064.3
2064.3
2064.3
2064.4
2064.4
2064.4
2064.4
2064.4
2064.4
2064.6
2064.6
2064.6
2064.6
2064.7
2064.7
2064.7
2064.7
2064.7
2064.8
2064.8
2064.8
2064.8
2064.8
2064.8
2064.8
2064.9
2064.9
2064.9
2064.9
2064.9
2064.9
2064.9
2064.9
2065.0
2065.0
2065.0
2065.0
2065.0
2065.0
2065.0
2065.0
2065.1
2065.1
2065.1
2065.1
2065.1
2065.1
2065.1
2065.2
2065.2
2065.2
2065.2
2065.2
2065.3
2065.3
2065.3
2065.3
2065.3
2065.3
2065.3
2065.3
2065.4
2065.4
2065.4
2065.5
2065.5
2065.5
2065.5
2065.6
2065.6
2065.6
2065.7
2065.7
2065.7
2065.8
2065.8
2065.8
2065.8
2065.8
2065.9
2066.0
2066.2
2066.3
2066.6
2066.6
2066.7
2066.8
2067.3
2067.7
2067.8
2069.4
2070.0
2070.7
2070.7
2071.2
2073.0
2073.0
2073.0
2073.2
2073.2
2073.3
2073.3
2073.4
2073.5
2073.6
2073.7
2073.8
2073.9
2074.0
2074.1
2074.1
2074.1
2074.1
2074.2
2074.2
2074.3
2074.4
2074.4
2074.4
2074.4
2074.5
2074.6
2074.6
2074.6
2074.7
2074.7
2074.8
2074.8
2074.8
2074.9
2074.9
2075.0
2075.0
2075.1
2075.1
2075.1
2075.1
2075.1
2075.2
2075.2
2075.2
2075.2
2075.2
2075.3
2075.3
2075.3
2075.4
2075.5
2075.6
2075.6
2075.6
2075.7
2075.7
2075.7
2075.8
2075.8
2075.8
2075.8
2075.8
2075.8
2075.8
2075.9
2076.0
2076.0
2076.0
2076.1
2076.1
2076.2
2076.2
2076.3
2076.4
2076.4
2076.4
2076.5
2076.9
2077.0
2077.1
2077.1
2077.6
2077.6
2077.8
2078.1
2078.3
2078.6
2078.7
2078.9
2079.2
2079.3
2079.7
2080.2
2085.0
2095.9
2096.6
2220.2
2220.2
2220.2
2220.2
2220.3
2220.3
2220.3
2220.3
2220.3
2220.3
2220.3
2220.3
2220.3
2220.3
2220.3
2220.3
2220.3
2220.3
2220.3
2220.3
2220.3
2220.3
2220.3
2220.4
2220.4
2220.4
2220.4
2220.4
2220.4
2220.4
2220.4
2220.4
2220.4
2220.4
2220.4
2220.4
2220.4
2220.4
2220.4
2220.4
2220.4
2220.4
2220.4
2220.4
2220.5
2220.5
2220.5
2220.5
2220.5
2220.5
2220.5
2220.5
2220.5
2220.5
2220.5
2220.6
2220.6
2220.6
2220.6
2220.6
2220.6
2220.7
2220.7
2220.7
2220.7
2220.7
2220.8
2220.9
2220.9
2220.9
2220.9
2220.9
2220.9
2221.0
2221.0
2221.1
2221.2
2221.2
2221.2
2221.2
2221.3
2221.3
2221.3
2221.4
2221.4
2221.6
2221.7
2221.9
2222.2
2222.3
2222.3
2222.6
2222.7
2223.2
2223.4
2223.7
2223.8
2224.0
2224.1
2224.1
2224.2
2224.2
2224.2
2224.2
2224.2
2224.2
2224.2
2224.2
2224.3
2224.3
2224.3
2224.3
2224.3
2224.3
2224.3
2224.3
2224.3
2224.4
2224.4
2224.4
2224.4
2224.4
2224.4
2224.4
2224.4
2224.4
2224.4
2224.4
2224.4
2224.4
2224.5
2224.5
2224.5
2224.5
2224.5
2224.5
2224.5
2224.5
2224.5
2224.5
2224.5
2224.5
2224.5
2224.6
2224.6
2224.6
2224.6
2224.6
2224.6
2224.6
2224.6
2224.6
2224.7
2224.7
2224.7
2224.7
2224.7
2224.8
2224.8
2224.8
2224.8
2224.8
2224.8
2224.9
2224.9
2224.9
2224.9
2224.9
2225.0
2225.0
2225.0
2225.0
2225.1
2225.2
2225.2
2225.3
2225.3
2225.4
2225.4
2225.4
2225.4
2225.5
2225.6
2225.6
2226.0
2226.0
2226.2
2226.5
2226.8
2227.2
2227.5
2227.7
2228.0
2228.7
2228.8
2229.5
2229.6
2229.6
2229.6
2229.7
2229.7
2229.7
2229.7
2229.8
2229.8
2229.8
2229.8
2229.8
2229.9
2229.9
2229.9
2229.9
2229.9
2230.0
2230.0
2230.0
2230.1
2230.1
2230.1
2230.1
2230.1
2230.1
2230.1
2230.2
2230.2
2230.3
2230.3
2230.3
2230.3
2230.3
2230.3
2230.3
2230.3
2230.3
2230.4
2230.4
2230.4
2230.4
2230.4
2230.4
2230.5
2230.5
2230.5
2230.5
2230.5
2230.5
2230.6
2230.6
2230.6
2230.6
2230.6
2230.6
2230.6
2230.6
2230.6
2230.7
2230.7
2230.7
2230.7
2230.8
2230.8
2230.8
2230.8
2230.8
2230.8
2230.8
2230.9
2230.9
2231.0
2231.0
2231.0
2231.0
2231.0
2231.0
2231.0
2231.1
2231.1
2231.2
2231.3
2231.3
2231.3
2231.4
2231.5
2231.6
2231.7
2231.7
2231.9
2232.3
2232.5
2232.8
2233.6
2233.9
2234.4
2235.4
2235.4
2237.0
2237.8
2237.9
2237.9
2237.9
2238.4
2238.4
2238.5
2238.5
2238.6
2238.6
2238.6
2238.7
2238.7
2238.8
2238.8
2239.1
2239.2
2239.4
2239.4
2239.4
2239.4
2239.4
2239.4
2239.4
2239.6
2239.6
2239.7
2239.7
2239.7
2239.7
2239.8
2239.8
2239.9
2239.9
2239.9
2239.9
2240.0
2240.0
2240.0
2240.0
2240.1
2240.1
2240.1
2240.1
2240.3
2240.3
2240.3
2240.4
2240.4
2240.4
2240.5
2240.6
2240.6
2240.6
2240.6
2240.8
2240.8
2240.8
2240.8
2240.9
2240.9
2240.9
2240.9
2240.9
2241.0
2241.0
2241.0
2241.1
2241.1
2241.1
2241.2
2241.2
2241.2
2241.2
2241.2
2241.2
2241.2
2241.3
2241.3
2241.4
2241.5
2241.5
2241.6
2241.6
2241.6
2242.0
2242.2
2242.5
2242.6
2242.7
2243.0
2243.1
2244.2
2244.2
2244.4
2246.0
2246.3
2251.2
2253.6
2278.8
2285.1
2288.6
2288.9
2289.2
2289.2
2289.4
2290.0
2290.4
2290.4
2290.8
2291.3
2291.9
2292.0
2292.3
2292.3
2292.9
2293.8
2294.3
2294.3
2294.3
2294.9
2295.2
2295.8
2295.9
2296.1
2296.4
2296.7
2297.3
2297.6
2298.3
2299.2
2299.3
2301.0
2306.7
2309.6
2314.1
2391.2
2391.2
2391.2
2391.2
2391.2
2391.2
2391.2
2391.2
2391.2
2391.3
2391.3
2391.3
2391.3
2391.3
2391.3
2391.3
2391.3
2391.3
2391.3
2391.3
2391.3
2391.3
2391.3
2391.3
2391.3
2391.3
2391.3
2391.3
2391.3
2391.3
2391.3
2391.3
2391.3
2391.3
2391.3
2391.3
2391.3
2391.4
2391.4
2391.4
2391.4
2391.4
2391.4
2391.4
2391.4
2391.4
2391.4
2391.4
2391.5
2391.5
2391.5
2391.5
2391.5
2391.5
2391.5
2391.5
2391.5
2391.6
2391.6
2391.6
2391.6
2391.6
2391.6
2391.7
2391.7
2391.7
2391.7
2391.8
2391.8
2391.8
2391.8
2391.9
2391.9
2391.9
2392.0
2392.0
2392.0
2392.0
2392.1
2392.1
2392.1
2392.2
2392.3
2392.3
2392.5
2392.6
2392.7
2392.8
2393.1
2393.3
2393.5
2393.7
2393.8
2394.0
2394.1
2394.7
2394.8
2395.1
2395.1
2395.1
2395.1
2395.1
2395.2
2395.2
2395.2
2395.2
2395.2
2395.2
2395.2
2395.2
2395.2
2395.2
2395.3
2395.3
2395.3
2395.3
2395.3
2395.3
2395.3
2395.3
2395.3
2395.4
2395.4
2395.4
2395.4
2395.4
2395.4
2395.4
2395.4
2395.4
2395.4
2395.4
2395.4
2395.5
2395.5
2395.5
2395.5
2395.5
2395.5
2395.5
2395.5
2395.5
2395.5
2395.5
2395.6
2395.6
2395.6
2395.6
2395.6
2395.6
2395.6
2395.6
2395.6
2395.7
2395.7
2395.7
2395.7
2395.7
2395.7
2395.7
2395.7
2395.8
2395.8
2395.8
2395.8
2395.8
2395.8
2395.9
2395.9
2396.0
2396.1
2396.1
2396.1
2396.1
2396.2
2396.2
2396.2
2396.2
2396.2
2396.3
2396.4
2396.4
2396.4
2396.7
2396.7
2397.1
2397.3
2397.3
2397.9
2397.9
2398.6
2398.8
2399.0
2399.5
2399.6
2400.5
2400.6
2400.6
2400.6
2400.7
2400.7
2400.7
2400.7
2400.7
2400.8
2400.8
2400.8
2400.8
2400.8
2401.0
2401.0
2401.0
2401.0
2401.0
2401.0
2401.1
2401.1
2401.1
2401.1
2401.1
2401.2
2401.2
2401.2
2401.2
2401.2
2401.2
2401.2
2401.3
2401.3
2401.3
2401.3
2401.3
2401.3
2401.3
2401.3
2401.3
2401.4
2401.4
2401.4
2401.4
2401.4
2401.4
2401.5
2401.5
2401.5
2401.5
2401.5
2401.5
2401.5
2401.5
2401.6
2401.6
2401.6
2401.6
2401.7
2401.7
2401.7
2401.7
2401.7
2401.7
2401.7
2401.7
2401.8
2401.8
2401.9
2401.9
2401.9
2401.9
2401.9
2401.9
2402.0
2402.0
2402.1
2402.1
2402.1
2402.2
2402.2
2402.2
2402.2
2402.3
2402.3
2402.6
2402.7
2403.0
2403.0
2403.1
2403.2
2403.7
2404.0
2404.2
2405.6
2406.3
2407.0
2407.0
2407.5
2409.3
2409.4
2409.4
2409.5
2409.6
2409.7
2409.7
2409.8
2409.8
2409.9
2410.1
2410.2
2410.3
2410.3
2410.4
2410.4
2410.4
2410.5
2410.5
2410.6
2410.6
2410.6
2410.7
2410.7
2410.8
2410.8
2410.8
2410.9
2411.0
2411.0
2411.0
2411.0
2411.1
2411.2
2411.2
2411.2
2411.2
2411.2
2411.3
2411.3
2411.4
2411.4
2411.5
2411.5
2411.5
2411.5
2411.5
2411.6
2411.6
2411.7
2411.7
2411.8
2411.9
2412.0
2412.0
2412.0
2412.0
2412.0
2412.0
2412.1
2412.1
2412.1
2412.1
2412.2
2412.2
2412.2
2412.3
2412.3
2412.3
2412.4
2412.4
2412.5
2412.5
2412.6
2412.7
2412.8
2412.8
2412.8
2412.9
2413.1
2413.3
2413.4
2413.5
2413.9
2413.9
2414.1
2414.3
2414.4
2414.9
2415.2
2415.4
2415.6
2416.0
2416.0
2416.4
2426.3
2468.8
2469.0
2556.6
2556.6
2556.6
2556.6
2556.6
2556.6
2556.6
2556.6
2556.6
2556.6
2556.6
2556.6
2556.6
2556.7
2556.7
2556.7
2556.7
2556.7
2556.7
2556.7
2556.7
2556.7
2556.7
2556.7
2556.7
2556.7
2556.7
2556.7
2556.7
2556.7
2556.7
2556.7
2556.7
2556.7
2556.7
2556.7
2556.7
2556.8
2556.8
2556.8
2556.8
2556.8
2556.8
2556.8
2556.8
2556.8
2556.8
2556.8
2556.8
2556.8
2556.8
2556.8
2556.8
2556.9
2556.9
2556.9
2556.9
2557.0
2557.0
2557.0
2557.0
2557.0
2557.0
2557.0
2557.0
2557.1
2557.2
2557.2
2557.2
2557.2
2557.2
2557.2
2557.2
2557.4
2557.4
2557.5
2557.5
2557.5
2557.5
2557.6
2557.6
2557.6
2557.6
2557.7
2557.8
2558.0
2558.1
2558.2
2558.6
2558.7
2558.7
2558.9
2559.1
2559.6
2559.7
2560.0
2560.1
2560.4
2560.5
2560.5
2560.5
2560.5
2560.5
2560.5
2560.5
2560.6
2560.6
2560.6
2560.6
2560.6
2560.6
2560.6
2560.7
2560.7
2560.7
2560.7
2560.7
2560.7
2560.7
2560.7
2560.7
2560.7
2560.8
2560.8
2560.8
2560.8
2560.8
2560.8
2560.8
2560.8
2560.8
2560.8
2560.8
2560.8
2560.8
2560.8
2560.8
2560.8
2560.9
2560.9
2560.9
2560.9
2560.9
2560.9
2560.9
2561.0
2561.0
2561.0
2561.0
2561.0
2561.0
2561.0
2561.0
2561.0
2561.0
2561.1
2561.1
2561.1
2561.1
2561.1
2561.1
2561.2
2561.2
2561.2
2561.3
2561.3
2561.3
2561.3
2561.3
2561.3
2561.3
2561.4
2561.4
2561.5
2561.5
2561.6
2561.7
2561.7
2561.8
2561.8
2561.8
2561.8
2562.0
2562.0
2562.3
2562.4
2562.6
2562.8
2563.2
2563.5
2563.9
2564.0
2564.3
2565.1
2565.2
2565.9
2565.9
2566.0
2566.0
2566.0
2566.0
2566.0
2566.1
2566.1
2566.1
2566.2
2566.2
2566.2
2566.2
2566.2
2566.2
2566.3
2566.3
2566.4
2566.4
2566.4
2566.4
2566.4
2566.4
2566.5
2566.5
2566.5
2566.5
2566.5
2566.6
2566.6
2566.6
2566.6
2566.6
2566.6
2566.6
2566.7
2566.7
2566.7
2566.7
2566.7
2566.7
2566.8
2566.8
2566.8
2566.8
2566.8
2566.9
2566.9
2566.9
2566.9
2566.9
2566.9
2566.9
2566.9
2566.9
2567.0
2567.0
2567.0
2567.0
2567.0
2567.0
2567.0
2567.0
2567.1
2567.2
2567.2
2567.2
2567.2
2567.2
2567.2
2567.3
2567.3
2567.3
2567.3
2567.3
2567.3
2567.4
2567.4
2567.4
2567.4
2567.5
2567.5
2567.6
2567.6
2567.7
2567.8
2567.9
2567.9
2568.0
2568.1
2568.3
2568.6
2568.9
2569.1
2569.8
2570.2
2570.6
2571.8
2572.0
2573.6
2574.0
2574.1
2574.2
2574.3
2574.7
2574.7
2574.8
2574.8
2574.8
2574.9
2575.0
2575.0
2575.0
2575.2
2575.2
2575.3
2575.5
2575.7
2575.7
2575.7
2575.7
2575.7
2575.7
2575.8
2575.9
2575.9
2576.0
2576.0
2576.0
2576.1
2576.1
2576.1
2576.1
2576.2
2576.2
2576.3
2576.3
2576.3
2576.3
2576.3
2576.4
2576.4
2576.4
2576.4
2576.4
2576.6
2576.6
2576.7
2576.7
2576.8
2576.8
2576.8
2576.9
2576.9
2576.9
2577.0
2577.1
2577.1
2577.1
2577.2
2577.2
2577.2
2577.2
2577.2
2577.2
2577.3
2577.4
2577.4
2577.4
2577.4
2577.4
2577.4
2577.5
2577.5
2577.5
2577.5
2577.6
2577.6
2577.6
2577.7
2577.8
2577.8
2577.8
2577.9
2577.9
2578.5
2578.7
2578.8
2578.9
2579.0
2579.4
2579.6
2579.7
2580.4
2580.5
2581.5
2582.0
2589.4
2590.2
2621.5
2628.1
2628.2
2628.3
2628.4
2628.8
2630.0
2630.4
2630.8
2631.1
2631.5
2633.0
2633.1
2633.5
2633.9
2635.4
2637.1
2637.8
2639.1
2639.2
2639.7
2640.0
2642.0
2642.0
2643.6
2653.6
2727.5
2727.5
2727.5
2727.5
2727.5
2727.5
2727.5
2727.5
2727.5
2727.5
2727.5
2727.5
2727.5
2727.5
2727.5
2727.6
2727.6
2727.6
2727.6
2727.6
2727.6
2727.6
2727.6
2727.6
2727.6
2727.6
2727.6
2727.6
2727.6
2727.6
2727.6
2727.6
2727.6
2727.6
2727.6
2727.6
2727.6
2727.6
2727.6
2727.7
2727.7
2727.7
2727.7
2727.7
2727.7
2727.7
2727.7
2727.7
2727.7
2727.8
2727.8
2727.8
2727.8
2727.8
2727.8
2727.8
2727.8
2727.8
2727.9
2727.9
2727.9
2727.9
2728.0
2728.0
2728.0
2728.0
2728.0
2728.1
2728.1
2728.1
2728.1
2728.1
2728.3
2728.3
2728.3
2728.3
2728.3
2728.3
2728.3
2728.4
2728.4
2728.5
2728.5
2728.5
2728.8
2728.9
2729.0
2729.1
2729.4
2729.5
2729.7
2729.9
2730.1
2730.3
2730.4
2731.0
2731.0
2731.3
2731.4
2731.4
2731.4
2731.4
2731.4
2731.4
2731.4
2731.5
2731.5
2731.5
2731.5
2731.5
2731.5
2731.5
2731.5
2731.5
2731.5
2731.6
2731.6
2731.6
2731.6
2731.6
2731.6
2731.6
2731.6
2731.6
2731.7
2731.7
2731.7
2731.7
2731.7
2731.7
2731.7
2731.7
2731.7
2731.7
2731.7
2731.8
2731.8
2731.8
2731.8
2731.8
2731.8
2731.8
2731.8
2731.8
2731.9
2731.9
2731.9
2731.9
2731.9
2731.9
2731.9
2731.9
2731.9
2731.9
2732.0
2732.0
2732.0
2732.0
2732.0
2732.0
2732.0
2732.0
2732.0
2732.1
2732.1
2732.1
2732.1
2732.2
2732.2
2732.3
2732.3
2732.4
2732.4
2732.5
2732.5
2732.5
2732.5
2732.5
2732.6
2732.6
2732.6
2732.7
2732.7
2733.0
2733.1
2733.4
2733.6
2733.6
2734.1
2734.2
2734.9
2735.0
2735.3
2735.7
2735.9
2736.8
2736.9
2736.9
2736.9
2737.0
2737.0
2737.0
2737.0
2737.0
2737.0
2737.1
2737.1
2737.1
2737.1
2737.2
2737.3
2737.3
2737.3
2737.3
2737.3
2737.3
2737.3
2737.4
2737.4
2737.4
2737.5
2737.5
2737.5
2737.5
2737.5
2737.5
2737.5
2737.5
2737.6
2737.6
2737.6
2737.6
2737.6
2737.6
2737.6
2737.6
2737.7
2737.7
2737.7
2737.7
2737.7
2737.7
2737.7
2737.7
2737.8
2737.8
2737.8
2737.8
2737.8
2737.8
2737.9
2737.9
2737.9
2737.9
2737.9
2737.9
2738.0
2738.0
2738.0
2738.0
2738.0
2738.0
2738.0
2738.1
2738.2
2738.2
2738.2
2738.2
2738.2
2738.3
2738.3
2738.3
2738.4
2738.4
2738.4
2738.5
2738.5
2738.5
2738.5
2738.5
2738.6
2738.9
2739.0
2739.2
2739.3
2739.3
2739.5
2739.8
2740.3
2740.4
2742.0
2742.5
2743.1
2743.2
2743.6
2745.4
2745.6
2745.7
2745.8
2745.8
2745.9
2745.9
2746.0
2746.1
2746.2
2746.4
2746.4
2746.4
2746.6
2746.7
2746.7
2746.7
2746.8
2746.8
2746.8
2746.9
2746.9
2746.9
2747.0
2747.0
2747.1
2747.1
2747.1
2747.2
2747.2
2747.3
2747.3
2747.4
2747.4
2747.5
2747.5
2747.5
2747.6
2747.6
2747.7
2747.7
2747.7
2747.7
2747.7
2747.7
2747.8
2747.8
2747.8
2747.8
2747.9
2748.0
2748.1
2748.1
2748.2
2748.2
2748.2
2748.3
2748.3
2748.3
2748.3
2748.4
2748.4
2748.4
2748.4
2748.4
2748.5
2748.5
2748.6
2748.6
2748.6
2748.6
2748.7
2748.7
2748.8
2748.9
2748.9
2749.0
2749.0
2749.0
2749.2
2749.5
2749.6
2749.7
2750.1
2750.2
2750.2
2750.4
2750.4
2750.9
2751.0
2751.2
2751.3
2751.6
2751.9
2752.2
2756.2
2763.7
2764.8
2773.1
2893.0
2893.0
2893.0
2893.0
2893.0
2893.0
2893.0
2893.0
2893.0
2893.0
2893.0
2893.0
2893.1
2893.1
2893.1
2893.1
2893.1
2893.1
2893.1
2893.1
2893.1
2893.1
2893.1
2893.1
2893.1
2893.1
2893.1
2893.1
2893.1
2893.1
2893.1
2893.1
2893.1
2893.1
2893.2
2893.2
2893.2
2893.2
2893.2
2893.2
2893.2
2893.2
2893.2
2893.2
2893.2
2893.2
2893.2
2893.2
2893.2
2893.2
2893.3
2893.3
2893.3
2893.3
2893.3
2893.4
2893.4
2893.4
2893.4
2893.4
2893.4
2893.5
2893.5
2893.5
2893.5
2893.5
2893.6
2893.7
2893.7
2893.7
2893.7
2893.7
2893.7
2893.8
2893.8
2893.9
2894.0
2894.0
2894.0
2894.0
2894.1
2894.1
2894.1
2894.2
2894.3
2894.5
2894.6
2894.7
2895.1
2895.2
2895.2
2895.5
2895.6
2896.1
2896.3
2896.6
2896.7
2896.9
2896.9
2896.9
2896.9
2896.9
2896.9
2897.0
2897.0
2897.0
2897.0
2897.0
2897.0
2897.0
2897.0
2897.1
2897.1
2897.1
2897.1
2897.1
2897.1
2897.1
2897.1
2897.1
2897.2
2897.2
2897.2
2897.2
2897.2
2897.2
2897.2
2897.2
2897.2
2897.2
2897.2
2897.2
2897.2
2897.2
2897.3
2897.3
2897.3
2897.3
2897.3
2897.3
2897.3
2897.3
2897.3
2897.4
2897.4
2897.4
2897.4
2897.4
2897.4
2897.4
2897.4
2897.4
2897.4
2897.4
2897.4
2897.5
2897.5
2897.6
2897.6
2897.6
2897.6
2897.6
2897.6
2897.7
2897.7
2897.7
2897.7
2897.7
2897.8
2897.8
2897.8
2897.9
2897.9
2898.0
2898.0
2898.1
2898.2
2898.2
2898.2
2898.3
2898.3
2898.3
2898.5
2898.5
2898.8
2898.9
2899.1
2899.4
2899.8
2900.1
2900.5
2900.7
2900.9
2901.7
2901.8
2902.3
2902.3
2902.4
2902.4
2902.4
2902.4
2902.5
2902.5
2902.5
2902.6
2902.6
2902.6
2902.7
2902.7
2902.7
2902.7
2902.7
2902.8
2902.8
2902.8
2902.8
2902.9
2902.9
2902.9
2902.9
2902.9
2903.0
2903.0
2903.0
2903.0
2903.0
2903.0
2903.0
2903.1
2903.2
2903.2
2903.2
2903.2
2903.2
2903.2
2903.2
2903.2
2903.2
2903.3
2903.3
2903.3
2903.3
2903.3
2903.3
2903.3
2903.3
2903.3
2903.4
2903.4
2903.4
2903.4
2903.4
2903.4
2903.4
2903.4
2903.4
2903.4
2903.4
2903.5
2903.5
2903.6
2903.6
2903.6
2903.6
2903.7
2903.7
2903.7
2903.8
2903.8
2903.8
2903.8
2903.8
2903.8
2903.8
2903.9
2903.9
2903.9
2904.0
2904.1
2904.1
2904.1
2904.3
2904.4
2904.6
2904.6
2904.7
2904.9
2905.3
2905.5
2905.8
2906.7
2907.0
2907.5
2908.5
2908.5
2910.3
2910.8
2911.1
2911.1
2911.1
2911.1
2911.2
2911.2
2911.3
2911.3
2911.4
2911.4
2911.4
2911.5
2911.6
2911.6
2911.9
2911.9
2912.1
2912.1
2912.1
2912.1
2912.1
2912.2
2912.3
2912.3
2912.4
2912.4
2912.5
2912.5
2912.5
2912.6
2912.6
2912.6
2912.7
2912.7
2912.7
2912.7
2912.8
2912.8
2912.8
2912.8
2912.8
2912.8
2912.9
2913.0
2913.1
2913.1
2913.1
2913.2
2913.3
2913.3
2913.3
2913.3
2913.3
2913.5
2913.5
2913.6
2913.6
2913.6
2913.6
2913.6
2913.7
2913.7
2913.7
2913.8
2913.8
2913.8
2913.8
2913.9
2913.9
2913.9
2914.0
2914.0
2914.0
2914.0
2914.0
2914.1
2914.1
2914.1
2914.2
2914.2
2914.3
2914.3
2914.3
2914.4
2914.8
2915.1
2915.2
2915.3
2915.4
2915.8
2916.3
2916.9
2916.9
2917.2
2918.9
2919.7
2924.2
2924.6
2946.7
2947.7
2960.6
2960.8
2961.2
2961.6
2961.6
2961.8
2962.4
2962.7
2963.0
2963.5
2964.2
2964.5
2964.6
2964.7
2964.7
2964.8
2965.6
2966.2
2966.6
2966.7
2967.0
2967.1
2967.4
2967.8
2967.9
2968.6
2968.6
2969.0
2970.3
2970.8
2971.4
2972.2
2972.6
2973.8
2974.3
2977.3
2977.6
2989.2
