267
489
539
131
735
204
269
289
393
573
309
361
761
592
93
718
318
114
173
292
694
154
255
726
504
122
666
261
842
352
754
862
129
667
616
850
153
341
244
753
405
103
330
604
368
126
133
120
196
706
509
638
250
282
500
337
60
506
232
295
404
375
383
209
246
224
228
159
394
298
545
757
312
703
769
622
169
533
202
762
714
501
518
640
116
241
184
231
525
548
593
552
245
629
894
288
790
816
270
335
90
225
342
362
836
193
908
713
819
303
895
143
852
749
702
279
457
471
174
581
697
86
252
325
728
407
595
869
454
644
258
654
299
267
539
735
489
269
204
289
592
131
393
573
154
361
93
318
309
754
666
173
761
255
718
129
726
292
114
504
122
153
352
341
667
842
120
616
862
103
196
604
850
706
244
638
261
250
533
694
714
405
330
383
518
232
282
337
622
509
126
295
368
404
133
769
375
169
500
545
60
224
753
342
241
159
246
116
209
228
703
202
245
757
593
270
298
506
279
501
728
762
312
816
525
231
548
394
790
819
552
362
581
595
184
629
174
335
640
702
143
471
908
654
894
454
457
407
895
252
90
156
288
749
225
299
852
343
496
432
713
869
229
575
836
519
697
644
325
303
258
287
797
893
387
467
82
86
465
347
193
294
945
191
386
677
124
179
891
532
235
691
585
899
606
139
172
212
329
315
215
613
113
830
684
657
569
464
277
211
514
311
805
401
439
853
108
189
336
727
861
340
578
763
271
254
307
424
205
605
653
123
92
758
707
400
527
119
923
660
100
679
705
568
874
493
178
459
164
319
474
266
655
538
267
735
539
289
592
761
489
269
204
754
131
361
393
573
154
173
718
318
93
309
352
703
129
255
120
122
153
622
714
667
726
616
850
244
548
666
706
694
292
604
842
250
383
196
224
593
638
504
518
862
159
404
533
114
506
790
103
341
241
133
169
202
228
337
375
405
509
342
816
500
654
126
232
501
246
225
295
282
454
575
819
172
261
407
762
184
245
496
595
702
330
525
805
209
368
545
769
757
287
432
279
457
753
116
231
60
532
581
728
852
139
156
908
605
893
899
362
629
298
471
749
312
343
401
394
270
174
640
895
335
552
386
756
86
252
229
707
746
537
713
519
387
288
329
113
613
215
606
124
464
578
945
143
869
465
836
179
891
861
212
258
677
467
315
448
657
266
697
493
527
164
299
319
758
189
763
325
894
235
303
119
485
679
385
90
684
830
294
566
466
271
797
602
400
439
568
347
502
123
340
413
853
538
724
745
193
200
82
424
569
722
336
644
178
660
108
691
643
191
653
514
585
773
158
655
92
530
635
311
280
326
307
827
542
814
141
372
459
205
149
520
297
727
481
705
597
417
750
444
296
690
792
474
874
109
254
283
872
290
730
106
786
414
636
676
882
923
211
333
513
864
251
105
674
305
399
291
747
557
69
180
723
540
395
274
488
817
777
799
427
701
100
580
683
398
778
338
277
523
230
715
98
564
476
774
449
800
243
240
528
565
663
499
452
458
381
524
160
207
260
77
127
554
248
293
455
859
253
810
281
267
539
735
489
761
269
573
592
289
393
204
754
361
504
131
718
120
726
173
292
509
604
714
309
506
548
103
593
622
154
496
375
404
153
666
694
352
862
129
202
703
616
667
706
261
638
383
500
525
405
518
842
93
196
318
629
122
232
850
501
654
762
114
250
337
790
126
295
471
537
595
819
184
209
457
532
159
225
255
362
224
575
713
169
244
640
228
908
330
533
288
282
454
769
298
342
432
241
299
287
341
493
578
758
816
86
294
343
581
133
172
605
245
643
235
60
252
347
464
481
728
753
401
407
545
852
139
229
519
657
231
246
329
530
368
485
757
156
467
502
702
723
773
830
895
143
312
386
552
674
400
606
684
303
325
465
715
899
394
439
568
644
124
387
745
749
488
697
270
569
274
566
271
291
869
894
116
90
258
319
372
424
513
724
180
448
466
141
385
756
108
315
524
565
585
681
777
861
193
215
336
677
311
413
805
427
613
750
797
279
676
417
799
864
459
538
333
474
663
440
635
589
602
610
701
174
542
707
730
191
763
527
683
853
297
338
340
679
248
113
727
551
397
691
179
212
528
817
891
254
499
514
653
705
123
326
436
449
106
205
435
200
251
655
321
523
560
128
178
574
576
746
280
557
554
586
536
540
550
813
556
696
807
119
690
836
164
158
189
452
597
798
149
322
872
520
377
923
82
395
521
734
778
893
603
253
572
737
335
685
262
293
296
648
345
503
564
617
747
100
455
945
105
290
414
505
389
507
240
579
69
273
138
266
668
722
109
230
285
399
781
283
599
642
660
782
827
307
444
600
547
800
305
607
774
786
570
672
791
79
277
692
882
925
422
160
211
792
92
900
458
580
415
859
460
639
219
144
476
896
167
810
624
814
874
127
281
308
788
938
199
243
937
381
764
829
77
98
741
906
101
847
210
636
823
783
625
398
320
220
927
306
637
801
511
719
304
903
364
430
170
104
739
392
479
207
402
443
469
840
780
559
848
646
546
462
357
327
596
832
366
671
263
67
97
563
87
486
870
111
463
300
744
732
171
623
94
142
886
529
260
892
544
175
351
487
555
411
553
633
226
562
802
771
344
898
183
198
492
755
99
136
482
631
130
208
717
151
835
693
531
953
766
686
743
314
316
720
147
363
549
356
428
165
526
456
257
611
59
38
278
661
826
665
887
227
680
267
115
332
833
911
818
286
651
804
477
834
234
601
539
699
910
84
275
612
618
858
609
516
738
926
204
358
902
431
373
857
132
489
535
269
735
803
421
348
592
216
558
334
276
473
81
289
736
150
292
118
445
154
873
268
598
131
222
173
634
78
754
905
608
93
627
811
117
91
447
884
264
129
904
666
954
461
616
868
153
310
577
573
429
504
659
95
112
918
61
393
784
662
140
718
604
726
256
622
349
318
700
921
645
267
735
489
539
761
573
592
393
269
289
361
754
718
120
131
204
504
506
714
726
309
593
496
509
548
103
375
404
604
622
694
862
154
173
352
703
292
667
666
153
405
706
122
129
202
261
383
616
850
525
638
196
232
318
337
518
500
842
114
501
654
595
93
225
762
790
184
250
295
629
255
471
532
126
457
908
819
159
209
244
362
575
224
537
169
640
228
287
330
432
533
342
454
713
133
241
282
493
769
816
288
605
172
341
401
758
139
86
246
545
753
60
294
298
581
231
343
407
578
245
252
299
329
347
728
229
464
657
757
235
502
519
485
303
368
702
852
899
143
156
394
643
773
312
552
606
684
697
895
124
386
400
481
749
830
387
465
568
644
805
439
467
530
723
116
674
715
325
372
724
861
258
894
566
602
271
448
513
569
745
90
215
270
274
279
466
869
212
291
677
681
193
108
141
315
385
417
424
488
676
756
319
613
797
174
180
864
311
336
585
635
427
750
799
333
413
777
527
565
853
663
113
707
891
459
538
691
179
474
123
297
542
524
610
683
730
763
191
653
326
679
701
893
106
251
338
340
817
248
746
254
727
514
440
540
119
200
205
178
705
164
395
655
523
528
557
449
778
872
335
499
589
836
551
189
293
554
597
128
266
158
397
560
435
436
556
149
520
690
138
230
685
280
290
322
414
722
747
859
923
945
253
586
82
105
452
277
399
455
660
734
574
77
100
345
599
798
109
668
737
296
305
307
576
792
262
283
321
550
564
92
444
696
814
69
211
377
536
580
285
774
800
827
160
507
521
882
281
476
617
813
572
810
579
600
240
415
642
782
389
458
786
829
791
807
98
781
79
308
422
505
219
603
607
672
874
167
570
896
692
937
243
547
210
783
900
925
927
938
648
764
127
460
381
273
398
823
392
101
636
847
788
364
848
402
741
199
104
320
639
906
170
306
637
462
144
430
503
67
357
840
903
207
351
260
719
511
624
596
623
780
562
739
220
559
304
870
171
801
87
646
563
175
469
263
111
486
755
625
529
94
463
327
744
479
99
300
142
443
544
136
314
411
802
151
130
366
97
183
892
682
732
832
633
356
316
553
226
771
886
686
898
208
198
482
492
835
59
38
693
555
631
887
278
743
953
487
147
456
671
344
680
720
489
267
735
539
269
622
592
131
548
761
292
506
504
726
573
718
289
153
204
616
604
404
638
593
393
714
202
509
703
754
103
173
629
694
129
361
666
154
762
496
667
120
250
500
352
383
518
224
706
654
114
862
93
375
309
318
405
501
575
842
232
261
525
457
532
790
169
184
196
537
819
122
362
126
228
471
337
225
241
578
640
209
252
595
850
713
908
86
159
295
581
330
454
769
255
643
244
282
287
288
298
343
407
493
758
299
325
432
773
657
816
605
133
386
852
60
481
485
545
702
156
467
533
229
341
329
401
728
172
235
294
464
674
753
723
246
342
502
368
530
830
245
303
347
488
899
270
400
895
139
231
745
715
749
439
569
180
291
465
552
143
724
684
387
466
644
750
757
90
519
606
697
124
312
319
565
861
274
394
448
566
568
681
777
869
894
116
311
524
258
756
372
413
141
585
271
336
385
424
427
513
613
805
542
707
193
602
701
799
108
440
538
297
610
730
864
663
797
248
417
676
763
635
677
589
215
279
474
683
191
691
679
333
212
514
853
315
326
817
174
338
106
527
436
891
397
653
550
554
705
123
251
449
340
459
727
655
557
113
178
499
523
746
179
253
280
435
528
690
254
321
540
893
551
586
164
205
560
574
119
807
82
556
813
648
576
668
747
536
597
603
798
923
128
455
778
945
105
296
520
617
696
158
262
521
377
452
200
859
872
149
189
737
389
395
642
660
685
836
335
266
507
345
722
800
322
505
564
503
460
458
600
882
293
422
230
290
547
782
138
414
607
786
283
579
599
734
810
100
109
240
792
900
925
281
781
69
285
672
399
692
307
791
572
92
160
415
444
570
144
896
79
127
829
273
219
305
476
639
937
874
580
827
167
823
847
98
101
938
199
243
511
774
906
741
211
624
77
277
381
636
764
788
210
848
814
462
430
308
220
207
637
927
801
783
398
832
320
479
392
263
903
463
304
170
402
739
625
559
306
870
469
596
94
780
87
364
719
300
142
646
327
411
67
840
529
171
755
563
671
366
744
546
443
357
97
104
623
553
486
183
544
99
489
953
802
892
898
267
489
735
761
539
573
393
592
269
289
718
754
131
361
504
726
506
120
204
496
509
714
548
604
622
309
375
593
103
173
404
694
292
862
352
703
153
154
202
666
383
405
525
261
667
706
129
555
616
638
842
654
850
337
122
232
501
196
318
500
518
629
762
114
595
225
532
184
295
457
471
790
250
93
537
908
575
819
126
209
224
255
362
493
640
432
287
159
244
288
713
169
228
401
605
294
330
342
533
86
133
241
282
298
343
454
578
758
769
816
139
172
329
464
485
502
773
229
231
235
245
407
481
581
643
657
728
246
252
299
341
347
753
60
372
545
530
568
124
156
439
519
552
606
684
697
702
715
723
852
899
143
303
312
368
387
394
644
749
757
830
895
400
674
386
465
467
448
805
325
488
513
258
271
274
566
569
724
861
116
291
681
869
894
466
745
270
750
319
385
424
756
180
212
215
279
315
333
413
440
524
602
613
663
676
777
864
90
108
141
311
336
417
427
565
585
635
677
193
797
459
340
538
542
701
799
248
251
527
730
763
817
113
174
297
326
338
474
610
707
853
891
106
123
653
683
691
589
514
557
679
191
200
397
395
449
528
551
560
727
778
128
178
435
499
523
554
586
705
872
119
179
205
254
436
540
746
164
893
655
280
690
253
321
550
574
836
158
345
536
576
813
149
452
520
521
696
747
923
138
189
266
556
798
105
262
377
507
617
734
859
322
335
455
603
685
722
230
414
597
599
293
290
668
737
807
82
296
564
505
572
660
945
458
648
100
389
642
800
109
219
240
285
307
399
444
792
810
160
305
547
579
774
829
882
69
422
476
580
672
781
782
786
791
900
92
211
283
415
460
600
692
827
277
281
570
814
308
925
77
98
167
273
503
607
127
381
79
639
896
874
144
938
243
788
199
624
764
741
101
210
392
937
847
906
398
402
462
783
823
848
927
430
636
511
320
207
304
220
625
719
306
637
870
903
364
479
801
170
739
443
559
771
469
67
646
263
327
832
260
529
840
357
780
104
171
463
744
596
87
300
562
175
732
111
142
486
755
351
623
411
563
553
94
671
546
633
544
226
886
366
136
97
631
487
198
492
130
99
892
482
344
183
151
835
693
208
766
686
314
456
316
743
356
802
489
735
267
622
539
269
548
592
718
761
573
506
131
726
153
292
504
604
289
593
204
404
509
638
202
375
703
393
616
714
173
629
754
103
383
496
361
694
500
666
120
129
250
518
525
762
154
261
706
224
532
575
667
842
352
537
471
501
196
309
654
114
790
232
862
209
405
457
93
850
295
819
337
122
169
184
318
241
578
713
86
228
288
640
330
432
225
298
126
362
595
643
908
159
244
252
343
530
287
581
255
401
769
773
294
454
481
493
605
282
723
299
407
745
485
533
674
758
235
464
467
488
657
133
329
702
816
852
229
325
386
156
342
60
368
545
715
830
143
341
448
728
899
172
291
347
465
502
895
139
400
439
753
180
231
552
245
246
569
606
387
519
565
566
524
684
750
568
749
757
124
303
312
681
869
319
466
777
644
697
756
271
724
394
424
861
270
274
372
427
613
385
90
589
311
513
799
894
258
413
116
336
141
440
542
585
663
701
707
864
108
459
805
797
538
676
730
193
215
248
333
474
610
763
397
602
279
340
212
417
677
436
635
297
527
679
315
514
551
683
326
191
174
817
891
435
528
690
321
338
449
550
691
251
557
123
178
554
560
106
253
536
653
727
853
280
574
586
807
521
655
179
113
540
705
503
778
128
254
520
576
798
648
696
205
747
119
164
200
455
746
813
505
523
556
617
893
452
499
603
836
105
377
597
668
859
923
296
872
507
600
149
158
458
945
82
262
395
414
564
737
285
266
685
692
189
607
273
642
734
322
293
389
572
109
599
672
810
422
800
399
547
722
345
160
230
882
219
335
782
925
900
100
144
240
660
69
290
786
138
792
829
305
281
579
781
460
639
570
774
415
283
444
791
307
277
92
580
77
827
79
896
636
127
624
938
211
476
199
741
764
98
308
788
847
874
906
823
167
814
937
101
531
210
381
443
848
243
511
625
398
304
462
637
220
430
392
927
320
479
207
364
801
870
783
529
903
832
671
646
739
553
559
402
469
263
327
546
744
486
306
719
755
732
67
840
563
357
780
300
892
171
170
596
142
623
487
87
463
771
366
411
94
562
260
97
104
111
544
344
175
886
555
826
99
489
898
226
802
267
735
489
761
539
573
393
592
269
289
718
754
726
504
131
361
506
120
204
496
593
714
548
604
622
309
509
292
375
694
103
173
404
862
153
352
525
703
154
202
666
405
261
638
667
706
129
383
616
842
337
654
122
232
501
762
196
318
500
518
629
850
114
595
225
184
532
250
295
457
790
93
471
537
908
224
362
575
640
126
209
255
819
401
493
287
432
159
169
228
244
288
713
330
605
294
86
133
241
282
342
343
454
533
578
758
769
816
298
172
229
252
329
407
464
481
485
502
581
643
773
60
139
231
235
245
299
341
347
545
657
728
246
753
372
448
530
702
156
368
386
400
465
467
606
674
715
723
757
830
852
895
899
124
143
303
312
387
394
439
552
568
644
684
697
749
519
325
274
291
488
513
569
724
805
258
271
466
869
894
116
566
681
861
745
270
319
90
180
385
424
750
756
311
427
565
613
663
777
108
141
193
215
279
315
336
413
417
440
524
585
602
676
864
212
635
677
797
333
459
701
799
340
538
542
707
297
730
763
174
248
251
326
527
610
683
817
113
123
338
474
691
853
891
106
653
191
589
514
679
397
436
551
727
178
179
205
449
557
200
254
395
499
523
540
554
705
778
119
435
528
560
746
164
586
655
893
128
872
253
280
690
836
550
574
321
536
576
696
923
158
189
452
455
521
747
798
149
345
520
556
813
105
266
322
335
597
377
414
617
859
262
293
507
685
734
138
230
599
668
737
290
603
722
807
82
296
564
945
660
458
572
648
399
505
389
642
100
109
285
307
774
792
800
810
160
444
579
219
69
240
281
305
422
829
882
277
283
547
600
672
827
92
211
415
580
781
782
791
476
570
692
786
900
460
77
607
925
814
308
98
273
167
503
127
896
79
381
639
874
938
243
764
788
144
624
741
199
210
392
937
398
636
101
847
906
823
783
848
927
462
511
430
402
320
207
304
637
719
220
306
364
625
903
553
870
67
801
170
479
739
646
559
357
263
469
171
780
104
327
840
832
443
563
529
463
744
87
596
755
300
486
732
892
142
623
111
633
260
351
411
544
175
94
671
183
366
562
546
97
136
631
771
130
492
198
99
489
735
267
539
622
269
548
592
718
761
573
504
131
506
604
289
292
726
204
153
509
593
375
404
638
202
703
714
754
393
616
103
629
173
361
496
694
250
120
129
383
500
525
666
154
518
706
762
501
842
224
261
352
667
537
575
471
309
532
790
114
196
654
232
862
209
337
295
405
457
850
93
318
819
362
122
184
288
169
228
241
578
640
713
225
595
298
86
432
126
908
159
255
454
643
343
252
294
401
530
282
287
330
493
581
605
769
773
244
481
235
299
407
464
533
723
758
657
745
329
488
816
229
502
674
702
852
342
467
485
133
156
325
386
715
341
347
830
60
545
728
895
139
368
753
172
245
291
448
552
143
231
246
465
606
899
180
387
400
566
569
439
568
684
757
312
519
749
750
124
524
681
869
303
565
270
319
466
644
697
271
777
372
756
861
394
424
724
274
427
385
513
613
894
90
258
311
413
799
116
440
585
141
542
663
864
108
336
701
805
215
459
589
707
797
193
538
610
730
248
279
417
602
676
763
333
474
677
315
340
635
212
297
397
527
683
326
679
174
514
551
817
191
338
528
251
891
691
106
123
550
557
690
178
435
560
554
253
436
727
853
280
574
503
586
653
113
449
499
321
536
523
705
807
205
521
540
655
179
128
254
778
119
576
696
798
164
556
813
200
617
746
747
395
377
452
520
345
505
648
836
872
158
923
105
149
507
603
893
266
296
262
414
597
458
600
859
189
455
685
734
737
82
322
564
668
293
572
599
642
285
109
273
389
692
810
722
945
230
422
460
672
800
335
547
160
219
290
882
138
607
660
782
925
240
69
829
900
786
281
792
579
774
781
305
791
415
444
100
307
399
127
639
283
580
144
570
92
827
77
476
896
277
938
211
624
79
98
308
636
741
167
788
210
906
814
847
874
511
937
381
764
101
199
823
392
243
848
398
625
462
430
443
220
637
553
783
479
304
927
207
364
801
903
402
832
870
739
646
719
744
529
306
320
469
559
327
563
170
463
671
486
840
357
546
755
67
263
780
171
300
487
142
87
555
596
732
623
104
411
562
94
175
366
892
544
97
111
260
771
351
802
99
886
226
492
898
631
633
835
693
183
482
208
344
456
826
151
198
136
130
286
717
953
686
531
489
267
489
735
761
539
573
269
393
592
289
718
754
726
131
504
361
506
120
204
593
714
496
509
548
604
622
309
103
292
375
404
694
173
862
352
525
703
153
202
154
666
405
383
129
261
616
638
667
706
842
654
337
122
196
232
500
501
629
762
850
114
318
518
225
595
184
295
457
532
250
471
790
93
908
537
575
640
126
209
224
255
362
819
493
401
287
432
159
169
244
288
713
228
330
605
758
86
133
241
282
294
342
343
454
578
769
816
298
533
172
329
407
464
481
485
502
581
643
773
60
139
229
231
235
245
246
252
299
341
347
545
657
728
753
372
448
530
702
156
368
386
400
439
467
568
606
674
697
715
723
757
830
852
895
899
124
143
303
312
387
394
465
519
552
644
684
749
325
805
274
291
488
513
566
569
724
258
271
466
681
861
869
894
116
745
270
319
750
90
180
385
424
565
756
777
215
311
413
417
427
440
524
585
602
613
663
864
108
141
193
212
279
315
333
336
635
676
677
797
459
542
701
707
799
340
474
538
610
730
763
174
248
251
297
527
817
106
113
123
326
338
691
853
653
683
891
589
191
514
679
397
551
178
436
727
766
449
528
557
179
200
205
254
435
499
523
540
554
560
705
778
119
164
655
746
128
586
872
893
395
690
280
253
836
321
550
574
521
536
576
696
923
158
189
452
455
520
556
747
798
813
149
266
597
322
335
345
377
414
617
105
262
293
507
685
859
138
603
668
734
737
230
599
722
290
807
82
296
564
945
648
660
458
572
399
505
642
389
109
285
792
800
810
100
160
219
307
444
774
305
579
882
69
277
281
422
547
829
240
283
580
600
672
782
827
900
92
415
460
781
786
791
211
476
570
692
925
77
607
814
308
98
167
273
503
127
896
79
639
381
874
764
938
788
144
243
624
199
741
210
392
101
636
937
398
847
906
823
783
848
927
462
511
430
402
207
320
304
637
625
220
364
719
306
553
801
903
870
67
170
479
739
646
316
559
443
357
469
327
104
263
780
171
563
832
463
529
840
744
755
87
596
300
486
623
142
732
892
111
175
411
562
260
544
94
147
366
671
351
546
97
99
633
771
226
720
611
886
183
555
631
898
487
743
136
802
492
356
314
489
735
267
539
622
592
269
548
718
761
504
573
131
604
289
292
506
726
153
204
404
509
593
375
393
638
202
703
714
754
616
103
629
173
694
361
383
496
120
500
525
666
129
154
250
706
518
762
224
501
842
261
352
537
575
667
309
471
532
790
114
196
654
232
862
209
295
405
457
850
93
318
337
819
122
184
288
362
169
241
578
225
228
640
713
298
595
86
432
454
126
159
643
908
330
343
252
255
282
287
294
401
530
581
605
481
493
769
773
244
464
533
299
407
723
485
657
745
758
235
488
502
674
229
329
467
702
816
852
325
342
156
133
386
448
715
341
439
545
830
895
60
139
728
291
347
368
552
606
753
172
231
245
899
143
180
246
387
400
465
566
568
569
684
757
749
750
869
312
519
124
524
681
303
319
565
644
271
466
697
424
756
777
270
372
861
394
724
274
385
427
513
613
894
413
90
258
311
799
440
585
663
542
701
864
108
116
141
215
459
589
805
336
707
730
797
193
248
279
417
538
610
763
340
474
602
676
677
333
397
635
297
315
212
683
326
514
527
679
436
551
174
817
191
338
528
251
321
690
891
449
550
557
106
435
560
691
123
178
280
554
574
727
253
503
853
499
586
113
536
653
807
205
523
540
521
705
576
655
128
179
254
696
778
119
798
556
617
813
164
747
200
452
377
395
520
746
455
505
648
836
158
872
923
149
266
507
105
345
296
458
600
603
893
262
414
597
189
859
734
82
564
685
737
322
572
599
273
293
642
668
109
285
389
692
810
945
422
672
230
460
547
722
160
219
335
660
800
290
399
138
607
782
882
69
240
925
829
900
786
281
781
305
579
774
791
792
444
100
307
415
639
127
580
144
283
570
827
92
476
77
896
938
211
277
624
79
98
308
636
741
788
167
814
847
906
511
874
937
381
764
101
823
199
210
243
848
398
392
625
462
443
220
430
783
553
637
479
304
927
364
402
801
832
903
207
646
739
719
870
529
469
744
327
130
306
320
559
563
840
671
463
170
357
546
486
755
780
263
67
171
300
142
487
732
87
555
596
175
104
94
562
623
544
411
892
97
366
111
344
260
351
771
99
802
198
631
886
633
492
835
898
226
183
826
693
482
208
286
136
717
953
489
151
456
531
267
489
735
761
539
573
393
592
269
289
718
754
726
131
504
361
506
120
204
593
714
496
509
548
604
622
309
694
103
173
292
375
404
862
525
352
703
153
154
202
666
405
383
129
261
616
638
667
706
842
654
122
232
337
762
196
318
500
501
518
629
850
114
595
225
184
532
250
295
457
790
93
471
537
908
362
575
640
126
209
224
255
819
493
287
401
432
159
169
228
244
288
713
330
605
241
342
454
578
758
86
133
282
294
298
343
533
769
816
172
485
502
643
773
139
229
231
235
245
252
299
329
347
407
464
481
581
657
728
60
246
341
545
753
372
448
530
156
368
386
400
467
568
606
702
723
852
124
143
303
312
387
394
439
465
519
552
644
674
684
697
715
749
757
830
895
899
325
274
291
488
513
569
724
805
258
271
466
566
681
861
869
116
894
745
270
319
90
180
565
750
756
777
311
385
413
424
427
440
524
602
613
663
676
864
108
141
193
212
215
279
315
333
336
417
585
635
677
797
459
799
538
542
701
707
340
474
610
730
763
817
174
248
251
297
527
106
113
123
326
338
683
691
853
891
653
589
191
514
397
679
436
551
727
178
449
557
179
254
523
528
540
554
778
200
205
435
499
560
705
746
119
164
395
586
655
872
128
893
690
280
253
836
321
550
455
521
574
576
696
923
158
189
452
536
556
747
798
813
149
266
345
520
597
322
335
377
414
617
859
105
262
293
507
603
685
734
138
230
599
668
737
290
722
807
82
296
564
945
399
458
648
660
642
505
572
389
100
109
219
285
774
792
800
810
160
305
307
444
579
882
69
277
281
600
672
829
240
283
422
547
580
782
827
92
415
460
692
781
786
791
925
211
570
900
77
476
607
814
308
98
167
273
503
127
896
639
874
79
381
764
938
788
144
243
624
741
199
210
392
937
101
847
398
636
906
823
848
783
462
430
927
511
402
207
320
304
637
625
220
719
306
364
170
67
553
903
801
870
479
739
646
559
443
357
469
563
104
263
780
840
171
327
832
463
529
744
755
596
87
486
300
623
142
175
562
260
411
892
732
111
544
94
351
671
366
546
97
99
633
771
183
555
226
631
130
686
886
487
898
136
344
802
198
492
314
316
482
743
356
489
735
267
539
622
592
269
548
718
761
504
573
131
506
604
289
292
726
153
204
404
509
593
375
393
638
754
202
703
714
616
103
629
173
361
496
694
383
525
120
129
500
666
250
154
518
706
762
842
352
501
224
261
667
537
575
309
471
790
532
114
196
654
209
232
862
405
295
318
457
850
93
337
819
122
184
362
288
169
713
225
241
578
595
640
228
86
298
432
126
454
908
159
643
255
330
343
252
282
287
294
401
530
581
605
244
481
493
769
773
407
464
533
723
758
235
299
485
657
674
745
229
329
488
502
467
702
816
852
325
342
133
156
386
448
715
341
439
545
895
60
139
830
347
552
728
753
172
231
245
291
368
606
899
143
400
465
568
180
246
387
569
684
757
312
519
566
749
750
869
124
303
319
524
565
644
681
271
424
466
697
777
270
372
756
394
724
861
274
385
427
513
413
613
894
258
90
311
585
799
440
663
116
542
805
108
141
215
336
701
864
459
589
707
193
417
797
248
279
538
610
730
763
340
602
676
677
635
315
397
297
333
474
212
527
683
326
514
551
679
436
817
174
338
191
251
891
321
449
106
123
435
550
557
560
690
691
178
528
554
253
574
727
280
853
586
113
499
503
653
536
205
523
540
705
807
576
696
128
179
254
521
655
119
778
164
200
556
617
747
798
813
395
158
377
452
746
872
455
520
836
505
648
149
507
105
266
345
923
893
189
262
296
458
597
600
603
414
859
685
734
737
82
322
564
572
599
293
668
109
389
810
285
642
692
230
273
945
722
160
335
422
460
672
219
290
547
660
800
138
399
882
240
607
69
782
925
829
900
305
444
579
781
100
281
786
791
774
792
307
415
580
127
639
144
283
476
570
827
92
77
938
896
277
211
624
79
308
98
636
741
788
167
814
847
906
937
381
874
511
101
823
764
210
199
243
848
392
398
625
462
220
430
553
783
479
637
927
304
402
443
832
903
364
739
207
646
801
719
870
529
469
744
327
306
320
357
559
840
463
563
170
780
671
263
546
486
171
755
67
300
142
487
87
732
596
555
175
94
104
544
623
411
892
366
97
562
111
260
351
771
344
151
99
802
835
631
886
492
693
633
226
898
208
183
456
766
198
826
130
136
286
482
717
720
953
489
531
611
267
489
735
761
539
573
393
592
269
289
718
754
726
131
504
361
506
120
204
496
593
714
509
548
604
622
309
103
292
375
694
173
404
862
352
525
153
202
703
154
666
405
261
383
616
638
667
706
842
129
654
337
122
232
501
762
850
114
196
318
500
518
629
595
225
184
457
532
250
295
471
790
93
908
537
575
640
126
209
224
362
819
255
401
493
287
432
159
169
288
228
244
330
713
605
86
241
294
342
454
578
758
816
133
282
298
343
533
769
172
329
485
502
643
773
139
229
231
235
245
252
299
347
407
464
481
545
581
657
728
60
246
341
753
372
448
530
702
723
156
368
386
400
467
519
606
674
715
852
124
143
303
312
387
439
465
552
568
644
684
697
749
757
830
895
899
394
325
274
291
488
513
569
724
805
258
271
466
566
681
861
869
116
894
745
270
319
90
180
565
750
777
311
385
424
427
524
602
613
663
756
141
193
212
215
279
333
336
413
417
440
585
676
864
108
315
635
677
797
459
701
799
538
542
707
763
174
248
297
340
474
527
610
730
817
123
251
326
683
106
113
338
691
853
891
653
589
191
514
679
397
436
551
727
178
449
557
179
200
205
254
523
528
435
499
540
554
560
655
705
778
119
164
395
586
746
128
872
893
690
253
280
836
321
550
574
455
521
696
158
189
452
536
576
747
798
813
923
266
520
556
149
345
414
597
105
322
335
377
617
859
262
293
507
685
734
737
138
230
599
603
668
722
290
807
82
296
564
945
648
660
399
458
505
572
642
389
109
219
285
774
792
800
810
100
160
305
307
444
579
69
277
281
600
672
829
882
240
422
547
925
92
283
415
580
692
782
786
827
460
781
791
900
211
570
607
77
476
308
814
98
273
503
167
127
896
639
79
874
381
764
938
144
788
243
624
741
210
392
636
101
199
937
398
847
906
823
848
783
462
430
511
927
402
207
320
637
304
625
220
364
306
719
170
903
67
553
801
870
479
646
739
559
443
563
357
469
263
104
780
840
171
327
463
832
529
744
755
87
486
596
300
623
142
175
732
892
111
562
411
260
544
686
94
366
671
546
351
97
99
633
771
147
555
183
226
631
886
487
363
136
898
802
344
151
492
130
489
735
267
539
592
269
622
718
761
548
504
573
131
289
292
506
604
726
153
204
404
509
593
375
393
754
202
638
714
703
616
103
173
361
629
694
496
120
383
525
129
500
666
154
250
518
706
762
842
261
352
501
667
224
309
537
575
471
532
790
196
654
114
232
862
405
209
295
457
850
93
318
337
122
819
184
288
362
169
225
595
640
713
228
241
578
298
86
432
126
454
908
159
255
330
343
643
252
287
282
294
401
605
244
481
493
530
581
769
773
407
464
533
758
235
299
485
657
723
229
329
502
674
745
816
342
488
702
852
133
467
325
156
341
386
448
715
439
545
830
895
60
139
347
728
753
231
368
552
606
899
172
245
291
143
246
387
400
465
568
180
569
684
757
312
519
566
749
869
124
303
750
644
681
319
524
565
697
271
466
270
372
424
756
777
861
394
724
274
513
385
427
613
894
413
90
258
311
585
799
116
440
663
108
542
805
864
141
215
336
701
459
589
707
417
797
193
279
677
730
248
340
538
602
610
676
763
315
635
333
474
297
397
212
326
527
683
679
174
338
436
514
551
817
191
251
891
106
123
435
449
557
560
691
321
528
550
690
178
554
727
853
113
253
280
574
499
586
653
205
523
536
540
705
128
179
503
655
254
576
696
807
521
778
119
200
556
617
747
798
813
164
395
746
872
158
377
452
520
455
836
266
893
105
149
345
505
507
648
923
414
603
189
262
458
597
859
296
600
734
685
737
322
82
293
564
599
668
572
109
285
389
642
692
810
945
230
722
273
335
160
290
422
547
672
800
138
399
460
660
219
882
69
240
607
782
900
925
829
281
305
786
100
444
579
774
781
791
792
307
415
580
570
639
92
127
144
283
476
827
77
277
896
938
211
624
79
308
98
741
788
814
167
636
847
906
937
381
874
101
823
199
210
764
511
243
392
848
398
625
462
430
783
220
553
927
402
304
479
637
443
646
832
207
739
903
364
870
719
801
529
744
469
306
320
327
559
780
840
463
563
170
263
357
486
171
671
755
67
546
300
142
87
596
732
487
175
104
555
623
544
94
411
892
562
260
314
97
111
366
351
771
198
99
344
802
631
886
835
633
492
226
898
693
482
456
183
208
766
136
130
316
686
356
743
826
151
286
717
611
953
531
526
720
147
549
363
665
428
489
535
