257.8
257.9
257.9
257.9
257.9
257.9
257.9
257.9
258.0
258.0
258.0
258.0
258.0
258.0
258.0
258.0
258.0
258.0
258.0
258.0
258.1
258.1
258.1
258.1
258.1
258.1
258.1
258.2
258.2
258.2
258.2
258.2
258.3
258.3
258.3
258.4
258.4
258.5
258.5
258.5
258.6
258.6
258.6
258.6
258.6
258.6
258.6
258.6
258.7
258.7
258.8
258.8
258.8
258.9
258.9
258.9
258.9
259.0
259.0
259.0
259.0
259.1
259.1
259.1
259.2
259.4
259.4
259.5
259.5
259.6
259.7
259.8
259.8
259.9
260.0
260.0
260.1
260.1
260.2
260.4
260.5
260.6
260.7
260.8
260.8
260.9
261.0
261.2
261.3
262.1
262.1
262.1
262.7
262.9
262.9
262.9
263.0
263.0
263.0
263.1
263.1
263.1
263.2
263.2
263.2
263.3
263.3
263.3
263.3
263.3
263.4
263.4
263.4
263.4
263.5
263.5
263.5
263.5
263.5
263.5
263.5
263.5
263.6
263.6
263.6
263.6
263.6
263.6
263.6
263.7
263.7
263.7
263.8
263.8
263.8
263.8
263.8
263.8
263.9
263.9
263.9
263.9
263.9
264.0
264.0
264.0
264.1
264.1
264.1
264.1
264.2
264.3
264.3
264.3
264.4
264.4
264.5
264.7
264.7
264.7
264.7
264.7
264.8
264.8
264.9
264.9
264.9
264.9
265.0
265.1
265.2
265.3
265.3
265.4
265.5
265.6
265.8
266.0
266.2
266.2
266.3
266.6
266.7
266.7
266.7
266.7
267.4
267.5
268.3
269.0
269.2
269.3
269.7
269.7
269.8
270.0
270.1
270.2
270.2
270.3
270.4
270.4
270.4
270.5
270.6
270.7
270.7
270.7
270.8
270.9
270.9
270.9
271.0
271.0
271.1
271.1
271.1
271.2
271.2
271.2
271.3
271.3
271.3
271.4
271.5
271.6
271.6
271.6
271.6
271.6
271.7
271.7
271.8
271.8
271.9
271.9
272.0
272.0
272.0
272.0
272.0
272.2
272.2
272.3
272.3
272.3
272.3
272.4
272.4
272.5
272.5
272.5
272.6
272.6
272.7
272.8
272.8
272.9
273.0
273.0
273.0
273.1
273.1
273.1
273.4
273.4
273.4
273.5
273.5
273.6
273.6
273.6
273.7
273.9
273.9
274.0
274.3
274.5
274.5
274.6
274.9
275.0
275.3
275.3
275.5
275.9
277.1
277.8
278.5
278.8
280.7
281.6
284.9
290.2
293.1
293.2
298.2
300.8
303.7
425.9
426.0
426.0
426.0
426.0
426.0
426.1
426.1
426.1
426.1
426.1
426.1
426.1
426.1
426.1
426.1
426.1
426.2
426.2
426.2
426.2
426.2
426.2
426.3
426.3
426.3
426.3
426.3
426.3
426.3
426.3
426.3
426.3
426.4
426.4
426.4
426.4
426.4
426.4
426.4
426.5
426.5
426.5
426.5
426.5
426.5
426.6
426.6
426.6
426.6
426.7
426.7
426.7
426.7
426.8
426.8
426.8
426.8
426.9
427.0
427.1
427.1
427.1
427.1
427.3
427.3
427.3
427.4
427.5
427.5
427.5
427.7
427.8
427.8
427.9
428.1
428.1
428.4
428.5
428.5
428.7
428.7
428.8
428.8
428.9
429.0
429.3
429.6
429.9
430.4
430.8
430.9
430.9
430.9
431.0
431.0
431.0
431.0
431.1
431.1
431.2
431.2
431.3
431.3
431.3
431.3
431.3
431.4
431.4
431.4
431.4
431.4
431.4
431.4
431.5
431.5
431.5
431.5
431.5
431.5
431.6
431.6
431.6
431.6
431.6
431.6
431.6
431.7
431.7
431.7
431.7
431.7
431.7
431.7
431.7
431.8
431.8
431.8
431.8
431.8
431.8
431.8
431.9
432.0
432.0
432.0
432.0
432.1
432.1
432.1
432.2
432.3
432.3
432.6
432.7
432.7
432.7
432.7
432.9
432.9
433.1
433.1
433.1
433.2
433.5
433.5
433.5
433.6
433.9
434.0
434.1
434.2
434.2
434.3
434.4
434.6
434.9
435.0
435.2
435.3
435.5
435.5
435.6
435.9
436.2
436.6
436.7
437.4
437.5
437.9
438.0
438.2
438.2
438.3
438.3
438.4
438.5
438.6
438.7
438.7
438.8
438.8
438.8
438.9
438.9
438.9
439.0
439.0
439.1
439.1
439.2
439.2
439.2
439.2
439.5
439.6
439.6
439.6
439.6
439.7
439.8
439.8
439.8
439.8
439.9
439.9
440.0
440.0
440.1
440.1
440.1
440.4
440.5
440.5
440.5
440.5
440.6
440.6
440.7
440.7
440.9
440.9
440.9
440.9
441.0
441.0
441.1
441.1
441.2
441.2
441.4
441.4
441.5
441.5
441.8
441.8
441.8
441.9
441.9
442.1
442.5
442.6
442.7
442.7
442.8
442.8
443.0
443.3
443.7
444.4
444.7
445.0
445.3
447.4
447.9
448.0
448.2
450.9
451.5
453.7
456.9
467.7
472.7
481.3
568.8
568.9
568.9
568.9
568.9
568.9
569.0
569.0
569.0
569.0
569.0
569.0
569.0
569.0
569.0
569.0
569.1
569.1
569.1
569.1
569.1
569.1
569.1
569.1
569.1
569.2
569.2
569.2
569.2
569.3
569.3
569.3
569.4
569.4
569.4
569.4
569.5
569.5
569.6
569.6
569.6
569.6
569.6
569.6
569.7
569.7
569.7
569.7
569.8
569.8
569.8
569.8
569.8
569.8
569.8
569.9
569.9
569.9
570.0
570.0
570.0
570.1
570.1
570.2
570.3
570.4
570.4
570.4
570.5
570.5
570.7
570.8
570.8
570.9
570.9
571.1
571.3
571.4
571.6
571.8
571.9
571.9
572.0
572.0
572.1
572.3
572.5
573.2
573.3
573.3
573.4
573.5
573.6
573.6
573.7
573.7
573.7
573.8
573.8
573.8
573.8
573.8
573.8
573.9
573.9
573.9
574.0
574.0
574.0
574.0
574.0
574.0
574.0
574.1
574.1
574.1
574.1
574.1
574.1
574.1
574.2
574.2
574.2
574.2
574.2
574.3
574.3
574.3
574.4
574.4
574.4
574.4
574.4
574.4
574.4
574.5
574.5
574.5
574.5
574.5
574.6
574.6
574.6
574.6
574.7
574.8
574.8
574.9
574.9
574.9
574.9
575.0
575.0
575.4
575.4
575.5
575.6
575.6
575.7
575.8
575.9
576.0
576.1
576.3
576.3
576.4
576.4
576.5
576.8
576.8
576.9
577.1
577.4
577.6
577.9
578.0
578.2
578.4
578.5
578.7
578.8
579.1
579.2
579.5
579.9
580.0
580.2
580.3
580.4
580.5
580.7
580.9
581.0
581.0
581.1
581.1
581.2
581.2
581.2
581.2
581.4
581.4
581.5
581.5
581.5
581.5
581.5
581.5
581.6
581.6
581.6
581.7
581.8
581.8
581.9
581.9
581.9
582.0
582.1
582.1
582.1
582.1
582.1
582.1
582.3
582.3
582.4
582.4
582.5
582.5
582.5
582.6
582.6
582.6
582.7
582.7
582.7
582.8
582.8
582.8
582.9
582.9
582.9
582.9
583.0
583.0
583.1
583.1
583.2
583.3
583.3
583.4
583.4
583.5
583.6
583.7
583.7
583.8
583.9
583.9
584.0
584.0
584.0
584.2
584.2
584.3
584.4
584.4
584.5
584.8
584.9
585.2
585.2
585.2
585.4
585.5
585.9
586.3
586.4
587.7
588.0
588.1
588.4
588.5
588.9
589.0
589.1
589.2
591.1
592.4
592.9
594.1
595.0
595.5
597.5
597.8
598.6
598.7
599.2
600.1
600.2
602.4
602.6
603.6
604.6
605.8
607.3
608.8
614.9
623.3
626.6
630.3
707.5
707.6
707.6
707.6
707.6
707.6
707.7
707.7
707.7
707.7
707.7
707.7
707.7
707.7
707.7
707.7
707.8
707.8
707.8
707.8
707.8
707.8
707.8
707.8
707.8
707.9
707.9
707.9
707.9
707.9
707.9
707.9
708.0
708.0
708.0
708.0
708.1
708.1
708.1
708.1
708.1
708.2
708.2
708.2
708.2
708.3
708.3
708.4
708.4
708.5
708.5
708.5
708.5
708.5
708.6
708.6
708.7
708.7
708.7
708.7
708.8
708.8
708.9
709.0
709.0
709.2
709.4
709.4
709.4
709.5
709.6
709.8
709.9
709.9
710.0
710.0
710.2
710.3
710.3
710.6
710.6
710.7
710.8
710.9
710.9
711.0
711.3
711.3
711.4
711.9
712.0
712.0
712.1
712.1
712.1
712.2
712.2
712.2
712.3
712.3
712.3
712.3
712.4
712.4
712.4
712.4
712.4
712.4
712.5
712.5
712.5
712.5
712.5
712.5
712.6
712.6
712.6
712.6
712.6
712.6
712.6
712.7
712.7
712.7
712.7
712.7
712.7
712.8
712.8
712.8
712.8
712.9
712.9
712.9
712.9
713.0
713.0
713.0
713.0
713.0
713.1
713.1
713.1
713.2
713.2
713.2
713.3
713.3
713.5
713.5
713.5
713.5
713.6
713.7
713.7
713.8
713.9
714.0
714.1
714.2
714.2
714.2
714.3
714.3
714.3
714.4
714.4
714.5
714.5
714.5
714.6
714.8
714.9
714.9
715.2
715.3
715.3
715.6
715.6
715.8
715.9
716.0
716.1
716.2
716.3
716.3
716.9
717.3
717.8
718.4
718.5
718.8
718.9
719.1
719.1
719.2
719.4
719.4
719.5
719.6
719.7
719.7
719.7
719.8
719.8
719.9
720.0
720.1
720.1
720.1
720.2
720.2
720.2
720.2
720.2
720.2
720.2
720.3
720.3
720.3
720.4
720.5
720.5
720.6
720.7
720.8
720.8
720.8
720.8
720.9
720.9
721.0
721.0
721.0
721.0
721.0
721.1
721.2
721.2
721.2
721.2
721.3
721.3
721.4
721.4
721.4
721.5
721.5
721.5
721.6
721.6
721.6
721.7
721.7
721.7
721.7
721.7
721.7
721.8
721.8
721.8
721.8
721.9
722.0
722.1
722.1
722.2
722.2
722.2
722.3
722.3
722.4
722.4
722.6
722.6
722.7
722.8
722.8
722.8
723.0
723.1
723.2
723.2
723.3
723.9
724.5
724.5
725.2
726.0
726.9
727.1
727.5
728.5
733.2
736.1
736.4
736.4
736.5
736.7
737.7
737.8
738.3
738.7
739.5
740.0
740.4
740.5
741.3
741.3
742.6
742.9
742.9
742.9
742.9
743.0
743.0
743.0
743.1
743.1
743.1
743.1
743.2
743.2
743.2
743.2
743.2
743.2
743.2
743.2
743.2
743.2
743.3
743.3
743.3
743.3
743.3
743.4
743.4
743.4
743.4
743.4
743.5
743.5
743.6
743.7
743.7
743.9
743.9
744.0
744.1
744.2
744.2
744.2
744.2
744.3
744.3
744.4
744.4
744.7
744.7
744.8
744.8
744.8
744.9
745.0
745.0
745.2
745.3
745.3
745.4
745.4
745.5
745.6
745.7
745.7
745.8
745.9
745.9
746.1
746.2
746.3
746.4
746.4
746.8
747.1
747.1
747.1
747.3
747.3
747.4
747.6
747.6
747.7
747.8
747.8
747.9
747.9
747.9
747.9
748.0
748.1
748.1
748.1
748.2
748.2
748.2
748.2
748.2
748.3
748.3
748.3
748.3
748.3
748.3
748.4
748.4
748.4
748.5
748.5
748.5
748.5
748.5
748.5
748.6
748.7
748.7
748.8
748.8
748.8
748.9
748.9
749.0
749.0
749.0
749.1
749.1
749.1
749.1
749.2
749.2
749.3
749.4
749.4
749.4
749.5
749.7
749.7
749.7
749.7
749.8
749.9
750.0
750.1
750.3
750.3
750.6
750.6
750.9
750.9
751.0
751.2
751.3
751.6
752.1
752.4
752.4
752.6
753.0
753.2
753.3
753.4
753.8
753.8
754.1
754.2
754.3
754.3
754.7
754.8
754.9
755.0
755.1
755.1
755.2
755.2
755.4
755.4
755.5
755.7
755.7
755.9
755.9
755.9
756.0
756.0
756.1
756.1
756.2
756.5
756.5
756.5
756.6
756.7
756.7
756.7
756.8
756.8
756.8
756.8
756.9
756.9
757.0
757.1
757.2
757.2
757.2
757.3
757.3
757.4
757.4
757.5
757.5
757.6
757.7
757.7
757.8
757.8
757.9
758.1
758.1
758.1
758.1
758.3
758.5
758.5
758.5
758.8
759.0
759.2
759.2
759.7
759.8
759.8
759.8
760.1
760.2
760.3
760.4
760.6
761.2
761.4
761.4
761.5
761.5
762.1
762.2
762.6
762.8
763.0
763.2
763.4
763.6
763.8
765.3
766.1
766.9
767.7
767.8
768.7
768.7
769.3
769.7
770.1
770.2
773.1
781.0
782.4
783.8
798.1
811.2
892.6
892.6
892.6
892.7
892.7
892.7
892.7
892.7
892.7
892.7
892.7
892.7
892.7
892.7
892.7
892.7
892.7
892.7
892.7
892.8
892.8
892.8
892.8
892.8
892.8
892.8
892.8
892.8
892.8
892.8
892.8
892.8
892.8
892.8
892.8
892.8
892.8
892.8
892.8
892.8
892.8
892.8
892.9
892.9
892.9
892.9
892.9
892.9
892.9
892.9
892.9
892.9
892.9
892.9
893.0
893.0
893.0
893.0
893.0
893.0
893.1
893.1
893.1
893.1
893.1
893.2
893.2
893.2
893.3
893.3
893.4
893.4
893.4
893.4
893.4
893.5
893.6
893.6
893.6
893.6
893.7
893.7
893.7
893.9
894.0
894.2
894.3
894.4
894.7
894.7
894.9
895.2
895.3
895.9
895.9
896.6
896.6
896.8
896.9
897.0
897.1
897.1
897.1
897.1
897.1
897.1
897.2
897.2
897.2
897.2
897.2
897.2
897.3
897.3
897.3
897.3
897.3
897.3
897.4
897.4
897.4
897.4
897.4
897.4
897.4
897.4
897.4
897.5
897.5
897.5
897.5
897.5
897.5
897.5
897.5
897.5
897.5
897.5
897.6
897.6
897.6
897.6
897.6
897.6
897.6
897.6
897.7
897.7
897.7
897.7
897.7
897.7
897.7
897.7
897.8
897.8
897.8
897.8
897.8
897.8
897.8
897.9
897.9
897.9
898.0
898.0
898.0
898.0
898.1
898.1
898.1
898.2
898.2
898.3
898.3
898.3
898.3
898.4
898.5
898.5
898.7
898.7
898.8
898.8
899.2
899.3
899.6
899.6
900.0
900.4
900.9
901.2
901.9
902.8
902.9
903.9
904.0
904.1
904.1
904.3
904.3
904.3
904.4
904.4
904.4
904.4
904.4
904.4
904.5
904.6
904.6
904.6
904.7
904.7
904.7
904.7
904.8
904.8
904.9
904.9
905.1
905.1
905.1
905.1
905.1
905.1
905.1
905.2
905.2
905.2
905.2
905.2
905.2
905.3
905.4
905.4
905.4
905.4
905.6
905.6
905.7
905.7
905.7
905.8
905.8
905.8
905.8
905.8
905.8
905.9
905.9
905.9
905.9
906.0
906.0
906.1
906.1
906.1
906.1
906.1
906.2
906.2
906.3
906.3
906.3
906.3
906.3
906.4
906.5
906.5
906.5
906.6
906.7
906.7
906.7
906.7
906.8
906.8
906.8
906.9
907.0
907.2
907.4
907.7
907.9
907.9
908.1
908.7
908.9
909.1
909.9
913.8
914.2
915.2
916.5
936.0
936.0
936.0
937.2
937.2
937.2
937.3
937.3
937.3
937.3
937.3
937.3
937.3
937.3
937.4
937.4
937.4
937.4
937.4
937.4
937.4
937.4
937.4
937.4
937.4
937.4
937.4
937.4
937.4
937.4
937.4
937.4
937.4
937.4
937.5
937.5
937.5
937.5
937.5
937.5
937.5
937.5
937.5
937.5
937.5
937.5
937.5
937.5
937.5
937.5
937.5
937.5
937.5
937.5
937.5
937.6
937.6
937.6
937.6
937.6
937.6
937.7
937.7
937.7
937.7
937.8
937.8
937.8
937.8
937.8
937.8
937.9
937.9
937.9
937.9
937.9
938.0
938.0
938.0
938.1
938.2
938.2
938.3
938.3
938.4
938.5
938.5
938.6
938.6
938.6
938.9
938.9
939.0
939.2
939.3
939.4
939.5
940.3
940.3
940.3
941.6
941.7
941.7
941.7
941.7
941.8
941.8
941.8
941.9
941.9
941.9
941.9
941.9
941.9
941.9
941.9
942.0
942.0
942.0
942.0
942.0
942.0
942.0
942.0
942.0
942.1
942.1
942.1
942.1
942.1
942.1
942.1
942.1
942.1
942.2
942.2
942.2
942.2
942.2
942.2
942.2
942.2
942.3
942.3
942.3
942.3
942.3
942.3
942.3
942.3
942.3
942.4
942.4
942.4
942.4
942.4
942.4
942.4
942.4
942.5
942.5
942.5
942.5
942.5
942.6
942.6
942.6
942.6
942.6
942.6
942.7
942.7
942.7
942.8
942.8
942.8
942.8
942.9
942.9
943.0
943.0
943.0
943.0
943.2
943.4
943.5
943.6
943.7
943.7
943.9
944.0
944.2
944.2
944.8
945.1
945.5
946.2
946.9
947.1
947.8
948.2
948.2
948.3
948.6
948.6
948.6
948.6
948.8
948.8
948.9
948.9
948.9
949.0
949.1
949.1
949.1
949.1
949.1
949.2
949.3
949.3
949.3
949.3
949.3
949.4
949.4
949.4
949.6
949.6
949.6
949.7
949.7
949.7
949.8
949.8
949.8
949.8
949.9
949.9
949.9
949.9
950.0
950.0
950.1
950.2
950.2
950.2
950.2
950.3
950.3
950.3
950.4
950.4
950.4
950.4
950.4
950.6
950.6
950.6
950.6
950.7
950.8
950.8
950.8
950.8
950.8
950.9
950.9
951.0
951.0
951.0
951.0
951.0
951.0
951.1
951.1
951.1
951.1
951.2
951.2
951.2
951.2
951.2
951.5
951.6
951.8
951.9
952.4
952.5
952.5
952.5
952.7
953.2
953.3
955.7
957.4
960.3
964.0
964.4
966.6
999.2
1096.3
1096.3
1096.3
1096.3
1096.4
1096.4
1096.4
1096.4
1096.4
1096.4
1096.4
1096.4
1096.4
1096.4
1096.4
1096.4
1096.4
1096.4
1096.4
1096.4
1096.5
1096.5
1096.5
1096.5
1096.5
1096.5
1096.5
1096.5
1096.5
1096.5
1096.5
1096.5
1096.5
1096.5
1096.5
1096.5
1096.5
1096.5
1096.5
1096.5
1096.6
1096.6
1096.6
1096.6
1096.6
1096.6
1096.6
1096.6
1096.6
1096.6
1096.6
1096.6
1096.6
1096.7
1096.7
1096.7
1096.7
1096.8
1096.8
1096.8
1096.8
1096.8
1096.8
1096.8
1096.9
1096.9
1097.0
1097.1
1097.1
1097.1
1097.1
1097.1
1097.1
1097.2
1097.3
1097.4
1097.4
1097.4
1097.5
1097.5
1097.6
1097.6
1097.7
1097.9
1097.9
1098.1
1098.2
1098.3
1098.7
1098.9
1098.9
1099.2
1099.3
1100.2
1100.2
1100.7
1100.8
1100.8
1100.8
1100.8
1100.8
1100.8
1100.8
1100.9
1100.9
1100.9
1100.9
1100.9
1101.0
1101.0
1101.0
1101.0
1101.0
1101.0
1101.0
1101.0
1101.0
1101.1
1101.1
1101.1
1101.1
1101.1
1101.1
1101.1
1101.1
1101.1
1101.2
1101.2
1101.2
1101.2
1101.2
1101.2
1101.2
1101.2
1101.2
1101.2
1101.2
1101.3
1101.3
1101.3
1101.3
1101.3
1101.3
1101.3
1101.4
1101.4
1101.4
1101.4
1101.4
1101.4
1101.4
1101.4
1101.5
1101.5
1101.5
1101.5
1101.5
1101.6
1101.6
1101.6
1101.6
1101.7
1101.7
1101.8
1101.8
1101.8
1101.8
1101.8
1101.9
1101.9
1101.9
1101.9
1102.0
1102.0
1102.1
1102.2
1102.2
1102.3
1102.3
1102.5
1102.7
1102.8
1102.8
1102.8
1103.3
1103.3
1103.6
1103.8
1104.1
1104.7
1105.0
1105.4
1106.0
1107.2
1107.2
1107.5
1107.7
1107.7
1107.8
1107.8
1107.9
1108.0
1108.0
1108.0
1108.0
1108.0
1108.1
1108.2
1108.2
1108.2
1108.3
1108.3
1108.4
1108.4
1108.4
1108.5
1108.5
1108.6
1108.6
1108.6
1108.6
1108.6
1108.7
1108.7
1108.7
1108.7
1108.8
1108.8
1108.8
1108.8
1108.8
1108.8
1108.9
1108.9
1108.9
1108.9
1108.9
1109.0
1109.0
1109.1
1109.1
1109.2
1109.2
1109.2
1109.3
1109.3
1109.3
1109.3
1109.4
1109.4
1109.4
1109.4
1109.4
1109.5
1109.5
1109.5
1109.5
1109.6
1109.6
1109.6
1109.7
1109.7
1109.7
1109.7
1109.7
1109.8
1109.8
1109.8
1109.9
1109.9
1110.0
1110.0
1110.0
1110.1
1110.1
1110.1
1110.2
1110.2
1110.3
1110.3
1110.5
1110.6
1111.0
1111.0
1111.2
1111.3
1111.4
1111.7
1112.0
1112.2
1113.2
1116.0
1116.5
1118.2
1118.3
1125.6
1126.4
1126.9
1128.0
1128.3
1138.5
1143.2
1143.3
1143.4
1143.4
1143.4
1143.4
1143.4
1143.4
1143.4
1143.5
1143.5
1143.5
1143.5
1143.5
1143.5
1143.5
1143.5
1143.5
1143.5
1143.5
1143.5
1143.5
1143.5
1143.5
1143.5
1143.6
1143.6
1143.6
1143.6
1143.6
1143.6
1143.6
1143.6
1143.6
1143.6
1143.6
1143.6
1143.6
1143.6
1143.6
1143.6
1143.6
1143.6
1143.6
1143.6
1143.6
1143.6
1143.6
1143.7
1143.7
1143.7
1143.7
1143.7
1143.7
1143.7
1143.7
1143.8
1143.8
1143.8
1143.8
1143.8
1143.8
1143.8
1143.9
1144.0
1144.0
1144.0
1144.0
1144.0
1144.0
1144.0
1144.1
1144.2
1144.2
1144.2
1144.3
1144.3
1144.5
1144.5
1144.5
1144.5
1144.5
1144.7
1144.7
1144.7
1144.8
1144.8
1144.9
1145.0
1145.0
1145.3
1145.3
1145.5
1145.6
1147.2
1147.6
1147.6
1147.7
1147.8
1147.9
1147.9
1147.9
1147.9
1147.9
1147.9
1148.0
1148.0
1148.0
1148.0
1148.0
1148.1
1148.1
1148.1
1148.2
1148.2
1148.2
1148.2
1148.2
1148.2
1148.2
1148.2
1148.2
1148.2
1148.2
1148.2
1148.2
1148.3
1148.3
1148.3
1148.3
1148.3
1148.3
1148.3
1148.4
1148.4
1148.4
1148.4
1148.4
1148.4
1148.4
1148.4
1148.4
1148.5
1148.5
1148.5
1148.5
1148.5
1148.5
1148.5
1148.6
1148.6
1148.6
1148.6
1148.6
1148.7
1148.7
1148.7
1148.7
1148.7
1148.7
1148.7
1148.8
1148.8
1148.9
1148.9
1148.9
1148.9
1149.0
1149.0
1149.0
1149.1
1149.1
1149.2
1149.2
1149.2
1149.3
1149.4
1149.4
1149.6
1149.7
1149.9
1149.9
1150.0
1150.1
1150.2
1150.3
1150.4
1150.5
1150.6
1151.3
1151.9
1152.2
1152.8
1154.2
1154.4
1154.5
1154.7
1154.9
1154.9
1155.0
1155.2
1155.2
1155.2
1155.3
1155.3
1155.4
1155.4
1155.4
1155.4
1155.5
1155.5
1155.6
1155.6
1155.6
1155.7
1155.7
1155.8
1155.8
1155.9
1155.9
1155.9
1156.0
1156.0
1156.1
1156.1
1156.2
1156.2
1156.2
1156.2
1156.2
1156.3
1156.3
1156.4
1156.4
1156.5
1156.5
1156.6
1156.6
1156.7
1156.7
1156.7
1156.8
1156.8
1156.8
1156.9
1156.9
1156.9
1156.9
1157.0
1157.0
1157.0
1157.0
1157.0
1157.2
1157.2
1157.2
1157.2
1157.2
1157.3
1157.4
1157.4
1157.5
1157.5
1157.5
1157.5
1157.5
1157.5
1157.6
1157.6
1157.7
1157.7
1157.8
1157.9
1158.1
1158.1
1158.2
1158.3
1158.3
1158.4
1158.6
1158.7
1158.8
1158.9
1158.9
1158.9
1158.9
1159.1
1160.8
1160.8
1161.7
1163.4
1172.0
1174.8
1177.4
1178.2
1211.1
1298.1
1298.1
1298.1
1298.1
1298.1
1298.1
1298.1
1298.1
1298.1
1298.1
1298.1
1298.1
1298.1
1298.1
1298.1
1298.1
1298.1
1298.1
1298.1
1298.1
1298.1
1298.2
1298.2
1298.2
1298.2
1298.2
1298.2
1298.2
1298.2
1298.2
1298.2
1298.2
1298.2
1298.2
1298.2
1298.2
1298.2
1298.2
1298.2
1298.2
1298.2
1298.2
1298.2
1298.2
1298.3
1298.3
1298.3
1298.3
1298.3
1298.3
1298.3
1298.3
1298.3
1298.3
1298.4
1298.4
1298.4
1298.4
1298.4
1298.4
1298.4
1298.5
1298.5
1298.5
1298.5
1298.6
1298.6
1298.6
1298.6
1298.6
1298.7
1298.8
1298.8
1298.8
1298.8
1298.9
1299.0
1299.0
1299.1
1299.1
1299.1
1299.2
1299.2
1299.3
1299.5
1299.6
1299.7
1299.9
1300.2
1300.2
1300.4
1300.7
1300.8
1301.3
1301.4
1302.0
1302.1
1302.1
1302.2
1302.4
1302.5
1302.5
1302.5
1302.5
1302.5
1302.5
1302.5
1302.6
1302.6
1302.6
1302.6
1302.6
1302.6
1302.6
1302.6
1302.6
1302.7
1302.7
1302.8
1302.8
1302.8
1302.8
1302.8
1302.8
1302.8
1302.8
1302.8
1302.8
1302.8
1302.9
1302.9
1302.9
1302.9
1302.9
1302.9
1302.9
1302.9
1302.9
1302.9
1302.9
1302.9
1302.9
1303.0
1303.0
1303.0
1303.0
1303.0
1303.0
1303.0
1303.0
1303.1
1303.1
1303.1
1303.1
1303.1
1303.1
1303.1
1303.1
1303.2
1303.2
1303.2
1303.2
1303.2
1303.3
1303.3
1303.3
1303.3
1303.4
1303.4
1303.4
1303.4
1303.5
1303.5
1303.5
1303.5
1303.6
1303.6
1303.7
1303.7
1303.7
1303.9
1304.0
1304.0
1304.0
1304.4
1304.5
1304.8
1304.8
1305.1
1305.3
1305.8
1306.1
1306.7
1307.2
1307.3
1308.8
1308.8
1308.9
1309.0
1309.2
1309.3
1309.4
1309.4
1309.5
1309.5
1309.6
1309.6
1309.7
1309.7
1309.8
1309.8
1309.8
1309.8
1309.8
1309.8
1309.9
1310.0
1310.0
1310.0
1310.0
1310.1
1310.1
1310.1
1310.1
1310.3
1310.3
1310.3
1310.3
1310.4
1310.4
1310.4
1310.4
1310.5
1310.5
1310.5
1310.5
1310.5
1310.6
1310.7
1310.7
1310.7
1310.7
1310.8
1310.8
1310.8
1310.8
1310.9
1310.9
1311.0
1311.0
1311.0
1311.0
1311.1
1311.1
1311.1
1311.2
1311.2
1311.2
1311.2
1311.3
1311.3
1311.3
1311.3
1311.3
1311.3
1311.4
1311.4
1311.4
1311.5
1311.5
1311.6
1311.6
1311.7
1311.7
1311.7
1311.7
1311.8
1311.8
1311.8
1311.9
1311.9
1312.0
1312.5
1312.5
1312.6
1312.6
1312.6
1313.0
1313.1
1313.2
1314.1
1315.8
1317.0
1318.7
1319.0
1324.6
1327.8
1329.4
1330.1
1347.0
1347.1
1347.1
1347.1
1347.2
1347.2
1347.2
1347.2
1347.2
1347.2
1347.2
1347.3
1347.3
1347.3
1347.3
1347.3
1347.3
1347.3
1347.3
1347.3
1347.3
1347.3
1347.3
1347.3
1347.3
1347.4
1347.4
1347.4
1347.4
1347.4
1347.4
1347.5
1347.5
1347.5
1347.5
1347.5
1347.5
1347.5
1347.5
1347.5
1347.5
1347.6
1347.6
1347.6
1347.6
1347.6
1347.6
1347.7
1347.7
1347.7
1347.7
1347.7
1347.8
1347.8
1347.8
1347.8
1347.9
1347.9
1347.9
1347.9
1348.0
1348.0
1348.0
1348.1
1348.2
1348.3
1348.3
1348.3
1348.4
1348.4
1348.4
1348.5
1348.6
1348.7
1348.7
1348.7
1348.7
1348.8
1348.9
1349.1
1349.1
1349.3
1349.3
1349.4
1349.4
1349.5
1349.5
1349.7
1350.1
1350.1
1350.5
1350.5
1350.6
1350.6
1351.5
1351.6
1351.6
1351.6
1351.7
1351.8
1351.8
1351.8
1351.9
1351.9
1351.9
1351.9
1352.0
1352.0
1352.0
1352.0
1352.0
1352.1
1352.1
1352.1
1352.1
1352.1
1352.1
1352.1
1352.1
1352.1
1352.1
1352.1
1352.1
1352.1
1352.2
1352.2
1352.2
1352.2
1352.2
1352.2
1352.2
1352.3
1352.3
1352.3
1352.3
1352.3
1352.3
1352.3
1352.4
1352.4
1352.4
1352.4
1352.4
1352.5
1352.5
1352.5
1352.6
1352.6
1352.7
1352.7
1352.7
1352.7
1352.8
1352.8
1352.8
1352.8
1352.9
1353.0
1353.1
1353.1
1353.1
1353.1
1353.2
1353.2
1353.2
1353.3
1353.3
1353.3
1353.3
1353.3
1353.4
1353.5
1353.5
1353.5
1353.6
1353.6
1353.7
1354.0
1354.1
1354.2
1354.2
1354.6
1354.8
1354.9
1354.9
1355.2
1355.4
1355.6
1356.3
1357.0
1357.4
1357.5
1358.2
1358.2
1358.3
1358.4
1358.6
1358.7
1358.8
1358.8
1358.8
1359.0
1359.0
1359.1
1359.1
1359.2
1359.3
1359.3
1359.3
1359.3
1359.3
1359.3
1359.4
1359.4
1359.4
1359.5
1359.5
1359.6
1359.7
1359.7
1359.8
1359.8
1359.8
1359.9
1360.0
1360.0
1360.1
1360.1
1360.1
1360.2
1360.2
1360.2
1360.3
1360.3
1360.3
1360.3
1360.4
1360.4
1360.4
1360.5
1360.5
1360.5
1360.6
1360.6
1360.6
1360.7
1360.7
1360.8
1360.8
1360.9
1360.9
1360.9
1361.0
1361.0
1361.0
1361.0
1361.1
1361.1
1361.1
1361.2
1361.2
1361.2
1361.3
1361.4
1361.4
1361.4
1361.7
1361.7
1361.7
1361.8
1361.9
1361.9
1362.3
1362.6
1362.8
1362.9
1363.0
1363.2
1363.5
1363.6
1364.8
1364.9
1365.1
1365.2
1365.6
1366.1
1366.7
1366.7
1367.5
1370.1
1373.6
1381.7
1387.8
1500.0
1500.1
1500.1
1500.1
1500.1
1500.1
1500.1
1500.1
1500.1
1500.1
1500.1
1500.1
1500.1
1500.1
1500.1
1500.1
1500.1
1500.1
1500.1
1500.1
1500.1
1500.1
1500.2
1500.2
1500.2
1500.2
1500.2
1500.2
1500.2
1500.2
1500.2
1500.2
1500.2
1500.2
1500.2
1500.2
1500.2
1500.2
1500.2
1500.2
1500.2
1500.2
1500.2
1500.2
1500.3
1500.3
1500.3
1500.3
1500.3
1500.3
1500.3
1500.3
1500.3
1500.4
1500.4
1500.4
1500.4
1500.4
1500.4
1500.4
1500.4
1500.5
1500.5
1500.5
1500.6
1500.6
1500.6
1500.6
1500.7
1500.7
1500.8
1500.8
1500.8
1500.8
1500.8
1500.9
1501.1
1501.1
1501.1
1501.1
1501.1
1501.2
1501.2
1501.3
1501.5
1501.7
1501.8
1501.9
1502.2
1502.2
1502.4
1502.7
1502.8
1503.4
1503.4
1504.0
1504.1
1504.1
1504.2
1504.4
1504.4
1504.5
1504.5
1504.5
1504.5
1504.5
1504.5
1504.5
1504.6
1504.6
1504.6
1504.6
1504.6
1504.6
1504.6
1504.6
1504.6
1504.7
1504.7
1504.7
1504.7
1504.8
1504.8
1504.8
1504.8
1504.8
1504.8
1504.8
1504.8
1504.8
1504.8
1504.8
1504.9
1504.9
1504.9
1504.9
1504.9
1504.9
1504.9
1504.9
1504.9
1505.0
1505.0
1505.0
1505.0
1505.0
1505.0
1505.0
1505.0
1505.0
1505.1
1505.1
1505.1
1505.1
1505.1
1505.1
1505.1
1505.2
1505.2
1505.2
1505.2
1505.2
1505.3
1505.3
1505.3
1505.3
1505.4
1505.4
1505.4
1505.4
1505.4
1505.5
1505.5
1505.5
1505.6
1505.6
1505.7
1505.7
1505.7
1505.7
1505.9
1506.0
1506.0
1506.0
1506.4
1506.4
1506.8
1506.8
1507.0
1507.2
1507.8
1508.1
1508.7
1509.1
1509.2
1510.5
1510.7
1510.7
1510.8
1511.2
1511.3
1511.4
1511.4
1511.4
1511.5
1511.5
1511.6
1511.6
1511.7
1511.7
1511.7
1511.7
1511.8
1511.8
1511.8
1511.8
1511.9
1511.9
1511.9
1512.0
1512.0
1512.0
1512.0
1512.1
1512.3
1512.3
1512.3
1512.3
1512.3
1512.4
1512.4
1512.4
1512.4
1512.5
1512.5
1512.5
1512.5
1512.5
1512.7
1512.7
1512.7
1512.7
1512.7
1512.7
1512.8
1512.8
1512.9
1512.9
1513.0
1513.0
1513.0
1513.0
1513.1
1513.1
1513.1
1513.1
1513.1
1513.2
1513.2
1513.2
1513.3
1513.3
1513.3
1513.3
1513.3
1513.3
1513.4
1513.4
1513.4
1513.4
1513.5
1513.5
1513.6
1513.6
1513.6
1513.7
1513.7
1513.8
1513.8
1513.8
1513.8
1513.9
1514.1
1514.2
1514.4
1514.5
1514.5
1514.8
1515.0
1515.2
1515.9
1517.3
1518.5
1520.2
1520.8
1529.1
1533.3
1534.3
1537.7
1551.3
1551.3
1551.3
1551.4
1551.4
1551.4
1551.4
1551.4
1551.4
1551.5
1551.5
1551.5
1551.5
1551.5
1551.5
1551.5
1551.5
1551.5
1551.5
1551.5
1551.6
1551.6
1551.6
1551.6
1551.6
1551.6
1551.6
1551.6
1551.6
1551.6
1551.6
1551.7
1551.7
1551.7
1551.7
1551.7
1551.8
1551.8
1551.8
1551.8
1551.8
1551.8
1551.8
1551.8
1551.9
1552.0
1552.0
1552.0
1552.0
1552.0
1552.1
1552.1
1552.1
1552.1
1552.1
1552.1
1552.2
1552.2
1552.2
1552.2
1552.2
1552.3
1552.3
1552.4
1552.5
1552.5
1552.6
1552.6
1552.7
1552.7
1552.8
1552.9
1553.0
1553.0
1553.0
1553.0
1553.0
1553.1
1553.2
1553.2
1553.4
1553.4
1553.6
1553.6
1553.7
1553.7
1553.9
1554.0
1554.1
1554.5
1554.5
1554.6
1554.8
1555.7
1555.8
1555.9
1555.9
1556.0
1556.0
1556.1
1556.1
1556.1
1556.1
1556.1
1556.2
1556.2
1556.2
1556.2
1556.2
1556.2
1556.3
1556.3
1556.3
1556.3
1556.3
1556.4
1556.4
1556.4
1556.4
1556.4
1556.4
1556.4
1556.4
1556.4
1556.4
1556.4
1556.5
1556.5
1556.5
1556.5
1556.5
1556.5
1556.5
1556.5
1556.6
1556.6
1556.6
1556.6
1556.6
1556.6
1556.7
1556.7
1556.7
1556.7
1556.7
1556.7
1556.8
1556.8
1556.8
1556.8
1556.8
1556.8
1556.8
1556.9
1556.9
1556.9
1556.9
1557.0
1557.0
1557.0
1557.1
1557.1
1557.2
1557.2
1557.3
1557.4
1557.4
1557.4
1557.5
1557.5
1557.6
1557.7
1557.8
1557.8
1557.8
1557.8
1558.0
1558.0
1558.3
1558.3
1558.5
1558.5
1558.8
1558.8
1558.9
1558.9
1559.5
1559.5
1560.1
1560.6
1560.8
1561.0
1561.5
1562.3
1562.4
1562.7
1562.9
1563.0
1563.0
1563.0
1563.1
1563.2
1563.3
1563.3
1563.4
1563.5
1563.5
1563.5
1563.5
1563.5
1563.6
1563.6
1563.6
1563.6
1563.7
1563.7
1563.7
1563.7
1563.7
1563.9
1564.0
1564.0
1564.1
1564.2
1564.2
1564.3
1564.4
1564.4
1564.4
1564.4
1564.4
1564.4
1564.4
1564.4
1564.5
1564.5
1564.5
1564.5
1564.5
1564.6
1564.6
1564.6
1564.7
1564.8
1564.8
1564.8
1564.8
1564.8
1564.8
1565.0
1565.0
1565.0
1565.1
1565.1
1565.1
1565.2
1565.2
1565.2
1565.2
1565.3
1565.3
1565.3
1565.3
1565.4
1565.4
1565.5
1565.6
1565.7
1565.7
1565.7
1565.8
1565.8
1565.8
1565.8
1565.9
1566.1
1566.1
1566.1
1566.3
1566.4
1566.4
1566.5
1566.5
1566.8
1566.8
1567.7
1567.8
1569.4
1570.0
1570.9
1571.9
1574.8
1576.5
1584.7
1589.7
1593.8
1703.1
1703.1
1703.1
1703.1
1703.1
1703.1
1703.1
1703.1
1703.1
1703.1
1703.1
1703.1
1703.1
1703.1
1703.2
1703.2
1703.2
1703.2
1703.2
1703.2
1703.2
1703.2
1703.2
1703.2
1703.2
1703.2
1703.2
1703.2
1703.2
1703.2
1703.2
1703.2
1703.2
1703.2
1703.2
1703.2
1703.2
1703.2
1703.2
1703.3
1703.3
1703.3
1703.3
1703.3
1703.3
1703.3
1703.3
1703.3
1703.3
1703.3
1703.3
1703.3
1703.4
1703.4
1703.4
1703.4
1703.4
1703.4
1703.4
1703.5
1703.5
1703.5
1703.5
1703.5
1703.6
1703.6
1703.6
1703.6
1703.7
1703.7
1703.8
1703.8
1703.8
1703.8
1703.9
1704.0
1704.1
1704.1
1704.1
1704.1
1704.1
1704.2
1704.2
1704.3
1704.5
1704.7
1704.8
1704.9
1705.2
1705.2
1705.4
1705.7
1705.8
1706.4
1706.4
1707.1
1707.1
1707.2
1707.3
1707.5
1707.5
1707.5
1707.5
1707.5
1707.5
1707.5
1707.6
1707.6
1707.6
1707.6
1707.6
1707.6
1707.6
1707.6
1707.7
1707.7
1707.7
1707.8
1707.8
1707.8
1707.8
1707.8
1707.8
1707.8
1707.8
1707.8
1707.8
1707.8
1707.9
1707.9
1707.9
1707.9
1707.9
1707.9
1707.9
1707.9
1707.9
1707.9
1707.9
1707.9
1708.0
1708.0
1708.0
1708.0
1708.0
1708.0
1708.1
1708.1
1708.1
1708.1
1708.1
1708.1
1708.1
1708.1
1708.1
1708.1
1708.2
1708.2
1708.2
1708.2
1708.2
1708.3
1708.3
1708.3
1708.3
1708.4
1708.4
1708.4
1708.4
1708.5
1708.5
1708.6
1708.6
1708.6
1708.7
1708.7
1708.7
1708.7
1708.8
1708.8
1709.0
1709.1
1709.1
1709.1
1709.5
1709.6
1709.9
1709.9
1710.2
1710.2
1710.8
1711.1
1711.6
1712.0
1712.1
1713.5
1713.6
1713.6
1713.7
1714.2
1714.3
1714.4
1714.4
1714.5
1714.5
1714.6
1714.6
1714.7
1714.7
1714.8
1714.8
1714.8
1714.8
1714.8
1714.8
1714.8
1714.9
1715.0
1715.0
1715.0
1715.1
1715.1
1715.1
1715.1
1715.3
1715.3
1715.3
1715.4
1715.4
1715.4
1715.4
1715.4
1715.5
1715.5
1715.5
1715.5
1715.5
1715.6
1715.7
1715.7
1715.7
1715.7
1715.8
1715.8
1715.8
1715.8
1715.9
1716.0
1716.0
1716.0
1716.0
1716.0
1716.1
1716.1
1716.1
1716.2
1716.2
1716.2
1716.2
1716.3
1716.3
1716.3
1716.3
1716.3
1716.3
1716.4
1716.4
1716.4
1716.5
1716.5
1716.5
1716.6
1716.7
1716.7
1716.7
1716.7
1716.8
1716.8
1716.8
1716.9
1716.9
1716.9
1717.0
1717.1
1717.5
1717.5
1717.5
1717.8
1718.1
1718.2
1718.7
1720.1
1721.0
1722.5
1723.1
1730.7
1733.4
1734.8
1736.3
1756.6
1756.6
1756.6
1756.7
1756.7
1756.7
1756.7
1756.7
1756.7
1756.7
1756.8
1756.8
1756.8
1756.8
1756.8
1756.8
1756.8
1756.8
1756.9
1756.9
1756.9
1756.9
1756.9
1756.9
1756.9
1756.9
1757.0
1757.0
1757.0
1757.0
1757.0
1757.1
1757.1
1757.1
1757.2
1757.2
1757.3
1757.3
1757.3
1757.3
1757.4
1757.5
1757.5
1757.5
1757.5
1757.5
1757.6
1757.6
1757.6
1757.6
1757.6
1757.6
1757.6
1757.6
1757.6
1757.6
1757.6
1757.7
1757.7
1757.7
1757.7
1757.8
1757.8
1757.8
1757.8
1758.0
1758.0
1758.0
1758.0
1758.0
1758.1
1758.1
1758.2
1758.2
1758.3
1758.3
1758.4
1758.4
1758.5
1758.6
1758.6
1758.8
1759.0
1759.0
1759.1
1759.2
1759.3
1759.4
1759.5
1760.0
1760.1
1760.4
1760.9
1761.2
1761.3
1761.3
1761.4
1761.4
1761.4
1761.5
1761.5
1761.5
1761.5
1761.6
1761.6
1761.6
1761.6
1761.7
1761.7
1761.7
1761.7
1761.7
1761.8
1761.8
1761.8
1761.8
1761.8
1761.8
1761.9
1761.9
1761.9
1761.9
1761.9
1761.9
1762.0
1762.0
1762.0
1762.1
1762.1
1762.1
1762.1
1762.1
1762.1
1762.2
1762.2
1762.2
1762.2
1762.2
1762.2
1762.2
1762.3
1762.3
1762.3
1762.3
1762.3
1762.3
1762.4
1762.4
1762.4
1762.5
1762.5
1762.6
1762.6
1762.6
1762.6
1762.6
1762.7
1762.8
1762.8
1763.0
1763.0
1763.1
1763.1
1763.1
1763.2
1763.2
1763.3
1763.3
1763.3
1763.4
1763.5
1763.5
1763.5
1763.6
1763.6
1763.6
1763.7
1763.9
1764.1
1764.2
1764.3
1764.9
1765.0
1765.0
1765.2
1765.2
1765.6
1766.4
1767.1
1767.5
1767.8
1768.0
1768.1
1768.2
1768.4
1768.7
1768.7
1768.7
1768.8
1768.8
1768.9
1769.0
1769.1
1769.1
1769.1
1769.1
1769.1
1769.1
1769.2
1769.2
1769.2
1769.2
1769.2
1769.3
1769.3
1769.3
1769.5
1769.5
1769.5
1769.6
1769.7
1769.8
1769.9
1769.9
1769.9
1769.9
1769.9
1770.0
1770.0
1770.1
1770.1
1770.1
1770.2
1770.2
1770.2
1770.2
1770.3
1770.4
1770.4
1770.5
1770.5
1770.5
1770.5
1770.6
1770.6
1770.6
1770.7
1770.7
1770.7
1770.8
1770.9
1771.0
1771.0
1771.0
1771.0
1771.0
1771.1
1771.1
1771.2
1771.2
1771.2
1771.3
1771.4
1771.5
1771.5
1771.7
1772.0
1772.0
1772.0
1772.3
1772.4
1772.5
1772.8
1773.1
1774.8
1775.1
1775.2
1775.9
1776.9
1777.2
1777.3
1778.8
1779.1
1780.9
1782.2
1782.8
1783.1
1784.9
1785.0
1799.0
1903.0
1903.0
1903.0
1903.0
1903.0
1903.0
1903.0
1903.0
1903.0
1903.0
1903.0
1903.1
1903.1
1903.1
1903.1
1903.1
1903.1
1903.1
1903.1
1903.1
1903.1
1903.1
1903.1
1903.1
1903.1
1903.1
1903.1
1903.1
1903.1
1903.1
1903.1
1903.1
1903.1
1903.1
1903.1
1903.2
1903.2
1903.2
1903.2
1903.2
1903.2
1903.2
1903.2
1903.2
1903.2
1903.2
1903.2
1903.2
1903.2
1903.2
1903.3
1903.3
1903.3
1903.3
1903.3
1903.3
1903.4
1903.4
1903.4
1903.4
1903.4
1903.4
1903.4
1903.5
1903.5
1903.5
1903.6
1903.6
1903.7
1903.7
1903.7
1903.7
1903.8
1903.8
1903.8
1903.9
1904.0
1904.0
1904.1
1904.1
1904.1
1904.2
1904.2
1904.3
1904.4
1904.6
1904.8
1904.8
1905.1
1905.2
1905.3
1905.6
1905.7
1906.3
1906.3
1906.8
1906.9
1906.9
1907.0
1907.3
1907.4
1907.4
1907.4
1907.4
1907.5
1907.5
1907.5
1907.5
1907.5
1907.5
1907.5
1907.6
1907.6
1907.6
1907.6
1907.6
1907.6
1907.6
1907.7
1907.7
1907.7
1907.7
1907.7
1907.7
1907.7
1907.8
1907.8
1907.8
1907.8
1907.8
1907.8
1907.8
1907.8
1907.8
1907.8
1907.8
1907.8
1907.9
1907.9
1907.9
1907.9
1907.9
1907.9
1908.0
1908.0
1908.0
1908.0
1908.0
1908.0
1908.0
1908.0
1908.0
1908.0
1908.0
1908.1
1908.1
1908.1
1908.1
1908.1
1908.1
1908.2
1908.2
1908.2
1908.2
1908.3
1908.3
1908.3
1908.3
1908.4
1908.4
1908.4
1908.4
1908.5
1908.5
1908.5
1908.5
1908.6
1908.6
1908.7
1908.7
1908.9
1909.0
1909.0
1909.0
1909.4
1909.5
1909.7
1909.8
1910.1
1910.2
1910.8
1911.0
1911.6
1912.0
1912.1
1913.4
1913.5
1913.6
1913.6
1914.1
1914.2
1914.3
1914.3
1914.4
1914.5
1914.5
1914.6
1914.6
1914.6
1914.6
1914.7
1914.7
1914.7
1914.7
1914.8
1914.8
1914.9
1914.9
1914.9
1914.9
1915.0
1915.0
1915.0
1915.0
1915.2
1915.2
1915.3
1915.3
1915.3
1915.3
1915.4
1915.4
1915.4
1915.4
1915.4
1915.5
1915.5
1915.5
1915.7
1915.7
1915.7
1915.7
1915.7
1915.7
1915.8
1915.8
1915.8
1915.8
1915.9
1915.9
1915.9
1915.9
1916.0
1916.0
1916.1
1916.1
1916.1
1916.2
1916.2
1916.2
1916.2
1916.3
1916.3
1916.3
1916.3
1916.3
1916.3
1916.3
1916.4
1916.4
1916.5
1916.5
1916.6
1916.6
1916.7
1916.7
1916.7
1916.7
1916.8
1916.8
1916.8
1916.8
1917.2
1917.3
1917.4
1917.5
1917.7
1918.0
1918.0
1918.2
1919.1
1920.4
1921.6
1923.6
1924.2
1933.0
1937.8
1941.0
1944.0
1952.2
1952.3
1952.3
1952.4
1952.4
1952.4
1952.4
1952.4
1952.4
1952.4
1952.5
1952.5
1952.5
1952.5
1952.5
1952.5
1952.5
1952.5
1952.5
1952.6
1952.6
1952.6
1952.6
1952.6
1952.6
1952.6
1952.7
1952.7
1952.7
1952.7
1952.7
1952.7
1952.7
1952.8
1952.8
1952.8
1952.8
1952.8
1952.8
1952.8
1952.8
1952.9
1952.9
1952.9
1953.0
1953.0
1953.0
1953.1
1953.1
1953.1
1953.2
1953.2
1953.2
1953.3
1953.3
1953.3
1953.3
1953.3
1953.3
1953.4
1953.4
1953.4
1953.5
1953.6
1953.7
1953.7
1953.9
1953.9
1953.9
1954.0
1954.1
1954.2
1954.3
1954.3
1954.3
1954.4
1954.4
1954.5
1954.5
1954.7
1954.8
1954.9
1955.0
1955.0
1955.1
1955.1
1955.4
1955.5
1955.7
1956.2
1956.2
1956.3
1956.6
1956.7
1956.8
1956.8
1956.9
1956.9
1957.0
1957.0
1957.1
1957.1
1957.1
1957.2
1957.2
1957.2
1957.2
1957.3
1957.3
1957.3
1957.3
1957.3
1957.3
1957.3
1957.3
1957.3
1957.4
1957.4
1957.4
1957.4
1957.4
1957.4
1957.5
1957.5
1957.5
1957.5
1957.5
1957.5
1957.5
1957.5
1957.6
1957.6
1957.6
1957.6
1957.6
1957.7
1957.7
1957.7
1957.7
1957.7
1957.8
1957.8
1957.8
1957.9
1957.9
1957.9
1958.0
1958.1
1958.1
1958.1
1958.1
1958.1
1958.2
1958.2
1958.3
1958.3
1958.3
1958.5
1958.5
1958.5
1958.6
1958.6
1958.6
1958.6
1958.7
1958.7
1958.8
1958.8
1958.8
1958.8
1959.0
1959.0
1959.2
1959.2
1959.3
1959.3
1959.3
1959.4
1959.6
1959.7
1959.9
1960.0
1960.3
1960.4
1960.4
1960.4
1961.0
1961.1
1961.7
1962.3
1962.5
1962.6
1963.2
1963.3
1963.3
1963.5
1963.8
1963.9
1963.9
1964.0
1964.2
1964.2
1964.2
1964.3
1964.4
1964.4
1964.4
1964.5
1964.5
1964.5
1964.5
1964.6
1964.6
1964.6
1964.6
1964.7
1964.7
1964.7
1964.7
1964.8
1964.9
1964.9
1965.1
1965.2
1965.3
1965.3
1965.3
1965.3
1965.3
1965.4
1965.4
1965.4
1965.4
1965.4
1965.5
1965.5
1965.5
1965.6
1965.6
1965.7
1965.7
1965.7
1965.8
1965.8
1965.8
1965.9
1965.9
1965.9
1966.0
1966.0
1966.0
1966.1
1966.1
1966.1
1966.1
1966.2
1966.2
1966.2
1966.3
1966.3
1966.3
1966.4
1966.4
1966.4
1966.5
1966.5
1966.6
1966.6
1966.8
1966.8
1966.8
1967.0
1967.1
1967.2
1967.3
1967.3
1967.5
1967.6
1967.7
1967.9
1968.1
1968.1
1968.3
1968.5
1968.9
1969.1
1969.3
1970.9
1970.9
1972.5
1973.7
1976.0
1978.4
1985.0
1986.1
1988.6
2106.0
2106.0
2106.0
2106.0
2106.0
2106.0
2106.0
2106.0
2106.0
2106.0
2106.0
2106.0
2106.0
2106.0
2106.1
2106.1
2106.1
2106.1
2106.1
2106.1
2106.1
2106.1
2106.1
2106.1
2106.1
2106.1
2106.1
2106.1
2106.1
2106.1
2106.1
2106.1
2106.1
2106.1
2106.1
2106.1
2106.1
2106.1
2106.1
2106.1
2106.2
2106.2
2106.2
2106.2
2106.2
2106.2
2106.2
2106.2
2106.2
2106.2
2106.2
2106.2
2106.3
2106.3
2106.3
2106.3
2106.3
2106.3
2106.3
2106.4
2106.4
2106.4
2106.4
2106.4
2106.5
2106.5
2106.5
2106.6
2106.6
2106.6
2106.7
2106.7
2106.7
2106.7
2106.8
2106.9
2107.0
2107.0
2107.0
2107.0
2107.0
2107.1
2107.1
2107.2
2107.4
2107.6
2107.7
2107.8
2108.1
2108.1
2108.3
2108.6
2108.7
2109.3
2109.3
2110.0
2110.0
2110.1
2110.2
2110.3
2110.4
2110.4
2110.4
2110.4
2110.4
2110.4
2110.5
2110.5
2110.5
2110.5
2110.5
2110.5
2110.5
2110.5
2110.5
2110.5
2110.6
2110.7
2110.7
2110.7
2110.7
2110.7
2110.7
2110.7
2110.7
2110.7
2110.7
2110.7
2110.8
2110.8
2110.8
2110.8
2110.8
2110.8
2110.8
2110.8
2110.8
2110.8
2110.8
2110.8
2110.9
2110.9
2110.9
2110.9
2110.9
2110.9
2110.9
2111.0
2111.0
2111.0
2111.0
2111.0
2111.0
2111.0
2111.0
2111.0
2111.1
2111.1
2111.1
2111.1
2111.2
2111.2
2111.2
2111.2
2111.2
2111.3
2111.3
2111.3
2111.4
2111.4
2111.4
2111.5
2111.5
2111.5
2111.5
2111.6
2111.6
2111.6
2111.7
2111.7
2111.9
2112.0
2112.0
2112.0
2112.4
2112.4
2112.7
2112.8
2113.0
2113.2
2113.7
2114.0
2114.5
2114.9
2115.0
2116.4
2116.5
2116.5
2116.6
2117.1
2117.2
2117.3
2117.3
2117.4
2117.4
2117.5
2117.5
2117.6
2117.6
2117.6
2117.7
2117.7
2117.7
2117.7
2117.7
2117.7
2117.8
2117.9
2117.9
2117.9
2117.9
2118.0
2118.0
2118.0
2118.2
2118.2
2118.2
2118.3
2118.3
2118.3
2118.3
2118.3
2118.4
2118.4
2118.4
2118.4
2118.4
2118.4
2118.6
2118.6
2118.6
2118.7
2118.7
2118.7
2118.7
2118.7
2118.8
2118.9
2118.9
2118.9
2118.9
2118.9
2119.0
2119.0
2119.0
2119.0
2119.1
2119.1
2119.1
2119.2
2119.2
2119.2
2119.2
2119.2
2119.2
2119.3
2119.3
2119.3
2119.3
2119.4
2119.4
2119.4
2119.5
2119.6
2119.6
2119.6
2119.6
2119.7
2119.7
2119.8
2119.8
2119.8
2119.9
2120.0
2120.3
2120.4
2120.4
2120.7
2121.0
2121.1
2121.5
2122.9
2123.9
2125.5
2126.0
2133.6
2136.5
2137.4
2139.0
2160.0
2160.0
2160.1
2160.1
2160.1
2160.1
2160.2
2160.2
2160.2
2160.2
2160.2
2160.2
2160.2
2160.2
2160.2
2160.3
2160.3
2160.3
2160.3
2160.3
2160.3
2160.3
2160.3
2160.4
2160.4
2160.4
2160.4
2160.4
2160.4
2160.5
2160.5
2160.5
2160.6
2160.6
2160.7
2160.7
2160.7
2160.8
2160.8
2160.8
2161.0
2161.0
2161.0
2161.0
2161.0
2161.1
2161.1
2161.1
2161.1
2161.1
2161.1
2161.1
2161.2
2161.2
2161.2
2161.2
2161.2
2161.2
2161.2
2161.2
2161.3
2161.3
2161.4
2161.4
2161.4
2161.5
2161.6
2161.6
2161.6
2161.6
2161.7
2161.7
2161.8
2161.9
2161.9
2162.0
2162.0
2162.0
2162.0
2162.1
2162.2
2162.5
2162.6
2162.7
2162.8
2162.8
2162.8
2162.8
2163.1
2163.4
2163.5
2164.1
2164.6
2164.7
2164.7
2164.8
2164.9
2164.9
2164.9
2165.0
2165.0
2165.0
2165.0
2165.0
2165.1
2165.1
2165.1
2165.1
2165.1
2165.1
2165.2
2165.2
2165.2
2165.3
2165.3
2165.3
2165.3
2165.3
2165.3
2165.4
2165.4
2165.4
2165.4
2165.5
2165.5
2165.5
2165.5
2165.5
2165.6
2165.6
2165.6
2165.7
2165.7
2165.7
2165.7
2165.7
2165.7
2165.8
2165.8
2165.8
2165.8
2165.9
2165.9
2165.9
2165.9
2165.9
2165.9
2165.9
2166.0
2166.1
2166.1
2166.1
2166.2
2166.2
2166.3
2166.3
2166.3
2166.3
2166.5
2166.6
2166.6
2166.8
2166.8
2166.8
2166.9
2167.0
2167.1
2167.1
2167.1
2167.2
2167.2
2167.2
2167.2
2167.4
2167.4
2167.6
2167.6
2167.6
2167.8
2168.1
2168.2
2168.9
2168.9
2169.1
2169.1
2169.2
2169.8
2170.8
2171.3
2171.6
2171.7
2171.7
2171.9
2172.0
2172.3
2172.4
2172.4
2172.4
2172.4
2172.6
2172.7
2172.7
2172.8
2172.8
2172.8
2172.9
2172.9
2172.9
2172.9
2173.0
2173.0
2173.1
2173.1
2173.1
2173.2
2173.2
2173.3
2173.3
2173.4
2173.4
2173.5
2173.5
2173.6
2173.6
2173.6
2173.6
2173.7
2173.7
2173.7
2173.8
2173.8
2173.9
2173.9
2174.0
2174.0
2174.1
2174.1
2174.2
2174.2
2174.3
2174.3
2174.4
2174.4
2174.5
2174.5
2174.5
2174.6
2174.6
2174.7
2174.7
2174.7
2174.7
2174.8
2174.9
2174.9
2175.0
2175.1
2175.3
2175.5
2175.7
2175.7
2175.7
2175.7
2175.8
2175.8
2175.8
2175.9
2176.2
2176.6
2177.0
2177.5
2178.1
2178.3
2178.5
2181.4
2182.0
2184.4
2186.6
2187.4
2188.3
2195.0
2196.3
2205.0
2296.5
2296.5
2296.5
2296.5
2296.5
2296.5
2296.5
2296.5
2296.5
2296.5
2296.6
2296.6
2296.6
2296.6
2296.6
2296.6
2296.6
2296.6
2296.6
2296.6
2296.6
2296.6
2296.6
2296.6
2296.6
2296.6
2296.6
2296.6
2296.6
2296.6
2296.6
2296.6
2296.6
2296.7
2296.7
2296.7
2296.7
2296.7
2296.7
2296.7
2296.7
2296.7
2296.7
2296.7
2296.7
2296.7
2296.7
2296.7
2296.8
2296.8
2296.8
2296.8
2296.8
2296.8
2296.8
2296.8
2296.9
2296.9
2296.9
2296.9
2296.9
2296.9
2297.0
2297.0
2297.0
2297.1
2297.1
2297.1
2297.1
2297.1
2297.3
2297.3
2297.3
2297.3
2297.3
2297.4
2297.5
2297.5
2297.6
2297.6
2297.6
2297.6
2297.7
2297.8
2298.0
2298.2
2298.2
2298.4
2298.7
2298.7
2298.9
2299.1
2299.2
2299.6
2299.7
2300.3
2300.4
2300.4
2300.4
2300.9
2300.9
2300.9
2300.9
2300.9
2301.0
2301.0
2301.0
2301.0
2301.0
2301.0
2301.0
2301.1
2301.1
2301.1
2301.1
2301.1
2301.1
2301.1
2301.2
2301.2
2301.2
2301.2
2301.2
2301.2
2301.3
2301.3
2301.3
2301.3
2301.3
2301.3
2301.3
2301.3
2301.3
2301.3
2301.4
2301.4
2301.4
2301.4
2301.4
2301.4
2301.4
2301.4
2301.4
2301.4
2301.5
2301.5
2301.5
2301.5
2301.5
2301.5
2301.5
2301.5
2301.6
2301.6
2301.6
2301.6
2301.6
2301.6
2301.6
2301.7
2301.7
2301.7
2301.7
2301.7
2301.7
2301.8
2301.8
2301.8
2301.9
2301.9
2301.9
2302.0
2302.0
2302.0
2302.1
2302.1
2302.1
2302.1
2302.2
2302.2
2302.4
2302.5
2302.5
2302.6
2302.9
2303.0
2303.3
2303.3
2303.6
2303.7
2304.3
2304.6
2305.2
2305.4
2305.5
2306.9
2307.1
2307.1
2307.1
2307.7
2307.7
2307.8
2307.9
2307.9
2308.0
2308.0
2308.0
2308.1
2308.1
2308.2
2308.2
2308.2
2308.3
2308.3
2308.3
2308.3
2308.4
2308.4
2308.4
2308.5
2308.5
2308.5
2308.5
2308.5
2308.7
2308.7
2308.8
2308.8
2308.8
2308.8
2308.9
2308.9
2308.9
2308.9
2309.0
2309.0
2309.0
2309.0
2309.1
2309.2
2309.2
2309.2
2309.2
2309.3
2309.3
2309.3
2309.4
2309.4
2309.5
2309.5
2309.5
2309.5
2309.6
2309.6
2309.6
2309.6
2309.6
2309.7
2309.7
2309.7
2309.7
2309.8
2309.8
2309.8
2309.8
2309.8
2309.9
2309.9
2309.9
2309.9
2310.0
2310.0
2310.1
2310.2
2310.2
2310.2
2310.3
2310.3
2310.3
2310.4
2310.4
2310.5
2310.8
2310.9
2310.9
2311.2
2311.2
2311.5
2311.7
2311.7
2312.8
2314.0
2315.3
2316.8
2317.5
2325.5
2328.2
2332.4
2334.2
2346.6
2346.7
2346.7
2346.7
2346.7
2346.8
2346.8
2346.8
2346.8
2346.8
2346.8
2346.8
2346.9
2346.9
2346.9
2346.9
2346.9
2346.9
2346.9
2346.9
2346.9
2346.9
2346.9
2346.9
2346.9
2347.0
2347.0
2347.0
2347.0
2347.0
2347.0
2347.0
2347.1
2347.1
2347.1
2347.1
2347.1
2347.1
2347.2
2347.2
2347.2
2347.2
2347.2
2347.2
2347.3
2347.3
2347.4
2347.4
2347.4
2347.4
2347.5
2347.5
2347.6
2347.6
2347.6
2347.6
2347.6
2347.7
2347.7
2347.7
2347.7
2347.7
2347.8
2347.9
2348.1
2348.1
2348.2
2348.2
2348.2
2348.3
2348.4
2348.6
2348.7
2348.7
2348.8
2348.9
2348.9
2349.0
2349.2
2349.3
2349.4
2349.6
2349.6
2349.7
2349.7
2349.8
2350.2
2350.3
2350.7
2351.1
2351.2
2351.3
2351.3
2351.4
2351.5
2351.5
2351.5
2351.5
2351.5
2351.6
2351.6
2351.6
2351.6
2351.6
2351.6
2351.7
2351.7
2351.7
2351.7
2351.7
2351.7
2351.8
2351.8
2351.8
2351.8
2351.8
2351.8
2351.8
2351.8
2351.8
2351.9
2351.9
2351.9
2351.9
2351.9
2351.9
2351.9
2351.9
2352.0
2352.0
2352.0
2352.0
2352.1
2352.1
2352.1
2352.1
2352.1
2352.1
2352.1
2352.2
2352.2
2352.3
2352.3
2352.3
2352.3
2352.4
2352.5
2352.5
2352.6
2352.6
2352.6
2352.7
2352.7
2353.1
2353.1
2353.2
2353.3
2353.3
2353.5
2353.5
2353.5
2353.5
2353.8
2353.9
2354.1
2354.2
2354.2
2354.2
2354.3
2354.5
2354.8
2354.9
2355.1
2355.2
2355.2
2355.2
2355.3
2355.4
2355.6
2355.6
2355.8
2356.0
2356.0
2356.0
2356.3
2356.5
2356.7
2357.5
2357.7
2357.9
2357.9
2358.2
2358.2
2358.3
2358.3
2358.3
2358.5
2358.5
2358.7
2358.7
2358.8
2358.8
2358.8
2358.8
2358.8
2358.8
2358.9
2358.9
2358.9
2358.9
2359.0
2359.0
2359.1
2359.2
2359.2
2359.3
2359.3
2359.4
2359.4
2359.4
2359.6
2359.6
2359.6
2359.6
2359.6
2359.6
2359.6
2359.7
2359.7
2359.8
2359.8
2359.8
2359.8
2359.8
2359.9
2360.1
2360.1
2360.1
2360.1
2360.2
2360.2
2360.2
2360.2
2360.3
2360.3
2360.3
2360.4
2360.4
2360.4
2360.4
2360.6
2360.6
2360.6
2360.6
2360.6
2360.7
2360.7
2360.8
2360.8
2360.9
2360.9
2361.0
2361.0
2361.1
2361.2
2361.4
2361.5
2361.7
2361.7
2361.8
2361.9
2362.0
2362.3
2362.4
2363.4
2363.5
2363.9
2364.1
2364.4
2364.7
2364.8
2365.1
2365.9
2365.9
2365.9
2366.4
2366.4
2366.5
2366.5
2369.1
2370.7
2372.6
2374.4
2375.1
2376.7
2377.8
2380.1
2381.7
2385.3
2387.8
2389.0
2390.2
2499.6
2499.6
2499.6
2499.6
2499.6
2499.6
2499.6
2499.6
2499.7
2499.7
2499.7
2499.7
2499.7
2499.7
2499.7
2499.7
2499.7
2499.7
2499.7
2499.7
2499.7
2499.7
2499.7
2499.7
2499.7
2499.7
2499.7
2499.7
2499.8
2499.8
2499.8
2499.8
2499.8
2499.8
2499.8
2499.8
2499.8
2499.8
2499.8
2499.8
2499.8
2499.8
2499.8
2499.8
2499.8
2499.8
2499.9
2499.9
2499.9
2499.9
2499.9
2499.9
2499.9
2499.9
2499.9
2499.9
2500.0
2500.0
2500.0
2500.0
2500.0
2500.0
2500.1
2500.1
2500.1
2500.2
2500.2
2500.2
2500.3
2500.3
2500.3
2500.4
2500.4
2500.4
2500.4
2500.5
2500.6
2500.6
2500.6
2500.7
2500.7
2500.8
2500.8
2500.9
2501.0
2501.2
2501.4
2501.4
2501.8
2501.8
2502.0
2502.3
2502.4
2503.0
2503.0
2503.6
2503.7
2503.7
2503.8
2504.0
2504.0
2504.0
2504.0
2504.1
2504.1
2504.1
2504.1
2504.1
2504.1
2504.1
2504.2
2504.2
2504.2
2504.2
2504.2
2504.2
2504.2
2504.3
2504.3
2504.3
2504.3
2504.3
2504.4
2504.4
2504.4
2504.4
2504.4
2504.4
2504.4
2504.4
2504.4
2504.4
2504.4
2504.4
2504.5
2504.5
2504.5
2504.5
2504.5
2504.5
2504.5
2504.5
2504.6
2504.6
2504.6
2504.6
2504.6
2504.6
2504.6
2504.6
2504.6
2504.6
2504.6
2504.7
2504.7
2504.7
2504.7
2504.7
2504.7
2504.8
2504.8
2504.8
2504.8
2504.9
2504.9
2504.9
2504.9
2504.9
2505.0
2505.0
2505.0
2505.1
2505.1
2505.1
2505.1
2505.2
2505.2
2505.3
2505.3
2505.3
2505.5
2505.6
2505.6
2505.6
2506.0
2506.0
2506.4
2506.4
2506.6
2506.8
2507.3
2507.6
2508.2
2508.6
2508.8
2510.1
2510.3
2510.3
2510.4
2510.8
2510.8
2510.9
2511.0
2511.0
2511.1
2511.1
2511.2
2511.2
2511.3
2511.3
2511.3
2511.3
2511.4
2511.4
2511.4
2511.4
2511.5
2511.5
2511.5
2511.6
2511.6
2511.6
2511.6
2511.6
2511.8
2511.8
2511.9
2511.9
2511.9
2511.9
2512.0
2512.0
2512.0
2512.0
2512.1
2512.1
2512.1
2512.1
2512.2
2512.2
2512.2
2512.3
2512.3
2512.3
2512.3
2512.4
2512.4
2512.5
2512.5
2512.6
2512.6
2512.6
2512.7
2512.7
2512.7
2512.7
2512.7
2512.8
2512.8
2512.8
2512.8
2512.8
2512.8
2512.9
2512.9
2512.9
2512.9
2512.9
2513.0
2513.0
2513.1
2513.1
2513.1
2513.2
2513.2
2513.3
2513.3
2513.3
2513.4
2513.4
2513.4
2513.4
2513.5
2513.7
2514.0
2514.0
2514.1
2514.3
2514.6
2514.8
2515.3
2516.7
2517.8
2519.7
2520.3
2528.8
2532.7
2534.7
2539.1
2553.2
2553.3
2553.3
2553.3
2553.4
2553.4
2553.4
2553.4
2553.5
2553.5
2553.5
2553.5
2553.5
2553.6
2553.6
2553.6
2553.6
2553.6
2553.6
2553.6
2553.6
2553.6
2553.6
2553.7
2553.7
2553.7
2553.7
2553.7
2553.8
2553.9
2553.9
2553.9
2553.9
2554.0
2554.1
2554.3
2554.3
2554.4
2554.5
2554.6
2554.6
2554.7
2554.7
2554.8
2554.8
2554.8
2554.9
2554.9
2554.9
2554.9
2554.9
2554.9
2554.9
2554.9
2555.0
2555.0
2555.0
2555.0
2555.0
2555.0
2555.0
2555.0
2555.1
2555.1
2555.2
2555.2
2555.2
2555.4
2555.4
2555.4
2555.4
2555.5
2555.5
2555.6
2555.6
2555.6
2555.7
2555.7
2555.8
2555.9
2556.0
2556.2
2556.4
2556.4
2556.5
2556.5
2556.6
2556.6
2557.0
2557.2
2557.3
2557.9
2558.0
2558.1
2558.2
2558.2
2558.2
2558.2
2558.2
2558.3
2558.3
2558.3
2558.4
2558.4
2558.4
2558.5
2558.5
2558.5
2558.5
2558.5
2558.6
2558.6
2558.6
2558.6
2558.6
2558.6
2558.7
2558.7
2558.7
2558.8
2558.8
2558.9
2559.0
2559.0
2559.0
2559.1
2559.1
2559.1
2559.2
2559.2
2559.2
2559.3
2559.3
2559.4
2559.4
2559.5
2559.5
2559.5
2559.5
2559.6
2559.6
2559.6
2559.6
2559.6
2559.6
2559.7
2559.7
2559.7
2559.7
2559.7
2559.7
2559.9
2559.9
2560.0
2560.1
2560.1
2560.1
2560.3
2560.3
2560.4
2560.4
2560.4
2560.4
2560.5
2560.6
2560.6
2560.9
2561.0
2561.0
2561.1
2561.1
2561.1
2561.2
2561.2
2561.6
2561.6
2561.7
2561.7
2561.7
2561.9
2562.1
2562.6
2562.8
2563.0
2563.1
2563.1
2563.8
2564.5
2564.5
2564.9
2564.9
2565.0
2565.5
2565.5
2565.6
2565.8
2565.8
2565.9
2565.9
2565.9
2566.0
2566.0
2566.0
2566.1
2566.1
2566.4
2566.4
2566.5
2566.6
2566.6
2566.6
2566.7
2566.7
2566.7
2566.7
2566.8
2566.8
2566.8
2566.8
2566.8
2566.8
2566.9
2566.9
2567.1
2567.1
2567.1
2567.1
2567.2
2567.3
2567.3
2567.3
2567.3
2567.3
2567.4
2567.4
2567.4
2567.5
2567.5
2567.7
2567.7
2567.8
2567.8
2567.8
2568.0
2568.0
2568.1
2568.2
2568.2
2568.2
2568.3
2568.4
2568.4
2568.5
2568.6
2568.6
2568.6
2568.7
2568.8
2569.0
2569.0
2569.0
2569.1
2569.1
2569.4
2569.6
2569.7
2569.7
2570.1
2570.3
2570.7
2571.4
2572.3
2572.3
2572.6
2575.0
2576.0
2579.1
2580.7
2582.0
2589.5
2687.5
2687.6
2687.6
2687.6
2687.6
2687.6
2687.6
2687.6
2687.6
2687.6
2687.6
2687.7
2687.7
2687.7
2687.7
2687.7
2687.7
2687.7
2687.7
2687.7
2687.7
2687.7
2687.7
2687.7
2687.7
2687.7
2687.7
2687.7
2687.7
2687.7
2687.8
2687.8
2687.8
2687.8
2687.8
2687.8
2687.8
2687.8
2687.8
2687.8
2687.8
2687.8
2687.8
2687.8
2687.9
2687.9
2687.9
2687.9
2687.9
2687.9
2687.9
2687.9
2687.9
2688.0
2688.0
2688.0
2688.1
2688.1
2688.1
2688.1
2688.1
2688.1
2688.2
2688.2
2688.2
2688.2
2688.3
2688.4
2688.4
2688.4
2688.4
2688.5
2688.5
2688.5
2688.6
2688.7
2688.7
2688.8
2688.8
2688.8
2688.9
2688.9
2689.0
2689.1
2689.2
2689.4
2689.6
2689.6
2689.9
2690.0
2690.1
2690.3
2690.5
2691.0
2691.0
2691.6
2691.6
2691.7
2691.7
2692.0
2692.0
2692.0
2692.0
2692.0
2692.1
2692.1
2692.1
2692.1
2692.1
2692.2
2692.2
2692.2
2692.2
2692.2
2692.2
2692.2
2692.2
2692.3
2692.3
2692.3
2692.3
2692.3
2692.3
2692.3
2692.4
2692.4
2692.4
2692.4
2692.4
2692.4
2692.4
2692.4
2692.4
2692.5
2692.5
2692.5
2692.5
2692.5
2692.5
2692.5
2692.5
2692.6
2692.6
2692.6
2692.6
2692.6
2692.6
2692.6
2692.6
2692.7
2692.7
2692.7
2692.7
2692.7
2692.7
2692.8
2692.8
2692.8
2692.8
2692.8
2692.8
2692.9
2692.9
2693.0
2693.0
2693.0
2693.0
2693.0
2693.0
2693.1
2693.1
2693.2
2693.2
2693.3
2693.3
2693.3
2693.3
2693.4
2693.4
2693.5
2693.7
2693.8
2693.8
2693.8
2694.2
2694.2
2694.6
2694.7
2694.9
2695.1
2695.6
2695.8
2696.5
2696.8
2696.9
2698.2
2698.3
2698.4
2698.5
2698.7
2698.9
2699.0
2699.0
2699.0
2699.2
2699.2
2699.2
2699.3
2699.3
2699.3
2699.3
2699.3
2699.3
2699.4
2699.4
2699.5
2699.6
2699.6
2699.6
2699.6
2699.6
2699.6
2699.7
2699.7
2699.8
2699.9
2699.9
2699.9
2700.0
2700.0
2700.0
2700.0
2700.0
2700.0
2700.1
2700.1
2700.1
2700.2
2700.3
2700.3
2700.3
2700.4
2700.4
2700.5
2700.5
2700.5
2700.5
2700.5
2700.6
2700.6
2700.6
2700.6
2700.7
2700.7
2700.7
2700.8
2700.8
2700.8
2700.9
2700.9
2700.9
2700.9
2700.9
2700.9
2700.9
2701.0
2701.0
2701.1
2701.1
2701.1
2701.1
2701.2
2701.2
2701.3
2701.3
2701.4
2701.4
2701.4
2701.5
2701.6
2701.6
2701.8
2702.0
2702.2
2702.3
2702.4
2702.4
2702.6
2702.8
2703.0
2704.0
2705.2
2706.4
2708.0
2708.7
2715.7
2718.1
2719.9
2720.2
2740.4
2740.5
2740.5
2740.6
2740.6
2740.6
2740.6
2740.7
2740.7
2740.7
2740.8
2740.8
2740.8
2740.8
2740.9
2740.9
2740.9
2741.0
2741.1
2741.2
2741.3
2741.4
2741.4
2741.4
2741.5
2741.5
2741.5
2741.6
2741.6
2741.6
2741.7
2741.7
2741.7
2741.7
2741.8
2741.8
2741.8
2741.8
2741.9
2741.9
2741.9
2742.2
2742.2
2742.2
2742.4
2742.5
2742.5
2742.7
2742.8
2742.8
2742.8
2742.9
2742.9
2743.4
2743.5
2743.8
2743.8
2743.8
2744.1
2744.2
2744.2
2744.2
2744.5
2744.5
2744.6
2745.0
2745.2
2745.4
2745.4
2745.4
2745.5
2745.5
2745.5
2745.6
2745.7
2745.7
2745.7
2745.8
2745.8
2745.8
2745.9
2745.9
2745.9
2745.9
2746.0
2746.0
2746.0
2746.0
2746.0
2746.1
2746.1
2746.2
2746.2
2746.2
2746.3
2746.4
2746.4
2746.5
2746.5
2746.6
2746.6
2746.6
2746.6
2746.6
2746.6
2746.7
2746.7
2746.7
2746.8
2746.8
2746.8
2746.8
2746.9
2746.9
2746.9
2746.9
2746.9
2747.0
2747.0
2747.1
2747.1
2747.3
2747.3
2747.4
2747.4
2747.4
2747.5
2747.5
2747.6
2747.6
2747.6
2747.7
2747.7
2747.7
2747.8
2747.9
2748.0
2748.1
2748.3
2748.3
2748.3
2748.4
2748.5
2748.6
2748.7
2748.9
2748.9
2749.0
2749.0
2749.1
2749.2
2749.2
2749.4
2749.4
2749.5
2749.8
2749.9
2750.1
2750.5
2750.7
2750.9
2750.9
2751.2
2751.2
2751.4
2751.4
2751.5
2751.6
2751.9
2751.9
2752.0
2752.0
2752.1
2752.2
2752.2
2752.3
2752.3
2752.4
2752.4
2752.5
2752.5
2752.6
2752.6
2752.7
2752.7
2752.8
2752.8
2752.9
2752.9
2752.9
2753.0
2753.0
2753.2
2753.2
2753.2
2753.3
2753.3
2753.3
2753.3
2753.4
2753.4
2753.5
2753.6
2753.6
2753.7
2753.7
2753.7
2753.8
2753.8
2754.0
2754.0
2754.0
2754.1
2754.1
2754.2
2754.2
2754.2
2754.3
2754.4
2754.4
2754.4
2754.4
2754.4
2754.5
2754.5
2754.5
2754.6
2754.6
2754.6
2754.6
2754.7
2754.9
2754.9
2755.0
2755.0
2755.0
2755.2
2755.5
2755.6
2755.7
2756.0
2756.1
2756.2
2756.4
2756.4
2756.5
2756.5
2756.6
2756.8
2756.8
2756.9
2757.0
2757.1
2757.7
2758.0
2758.4
2758.4
2758.4
2758.4
2758.6
2758.9
2758.9
2759.1
2759.2
2759.7
2759.8
2759.9
2760.2
2760.6
2760.8
2761.1
2761.7
2761.8
2762.1
2764.4
2764.4
2764.9
2765.7
2766.7
2769.2
2769.5
2771.4
2771.7
2774.4
2775.1
2778.1
2781.0
2784.2
2784.7
2886.9
2886.9
2886.9
2886.9
2886.9
2886.9
2886.9
2886.9
2886.9
2887.0
2887.0
2887.0
2887.0
2887.0
2887.0
2887.0
2887.0
2887.0
2887.0
2887.0
2887.0
2887.0
2887.0
2887.0
2887.0
2887.0
2887.0
2887.0
2887.0
2887.0
2887.0
2887.0
2887.1
2887.1
2887.1
2887.1
2887.1
2887.1
2887.1
2887.1
2887.1
2887.1
2887.1
2887.1
2887.1
2887.1
2887.1
2887.2
2887.2
2887.2
2887.2
2887.2
2887.2
2887.2
2887.2
2887.2
2887.3
2887.3
2887.3
2887.3
2887.3
2887.3
2887.4
2887.4
2887.4
2887.4
2887.5
2887.5
2887.5
2887.5
2887.6
2887.7
2887.7
2887.7
2887.7
2887.8
2887.9
2887.9
2887.9
2887.9
2888.0
2888.0
2888.0
2888.2
2888.3
2888.5
2888.6
2888.7
2889.0
2889.1
2889.2
2889.4
2889.6
2890.1
2890.1
2890.7
2890.7
2890.7
2890.8
2891.3
2891.3
2891.3
2891.3
2891.3
2891.4
2891.4
2891.4
2891.4
2891.4
2891.4
2891.4
2891.5
2891.5
2891.5
2891.5
2891.5
2891.5
2891.5
2891.6
2891.6
2891.6
2891.6
2891.6
2891.6
2891.7
2891.7
2891.7
2891.7
2891.7
2891.7
2891.7
2891.7
2891.7
2891.7
2891.7
2891.8
2891.8
2891.8
2891.8
2891.8
2891.8
2891.8
2891.8
2891.8
2891.9
2891.9
2891.9
2891.9
2891.9
2891.9
2891.9
2891.9
2891.9
2892.0
2892.0
2892.0
2892.0
2892.0
2892.0
2892.1
2892.1
2892.1
2892.1
2892.1
2892.1
2892.2
2892.2
2892.2
2892.3
2892.3
2892.3
2892.4
2892.4
2892.4
2892.4
2892.4
2892.5
2892.5
2892.6
2892.6
2892.8
2892.8
2892.9
2892.9
2893.3
2893.3
2893.7
2893.7
2893.9
2894.1
2894.6
2894.9
2895.5
2895.8
2896.0
2897.3
2897.4
2897.5
2897.5
2898.1
2898.1
2898.2
2898.3
2898.3
2898.4
2898.4
2898.4
2898.5
2898.5
2898.5
2898.6
2898.6
2898.6
2898.7
2898.7
2898.7
2898.7
2898.8
2898.8
2898.8
2898.9
2898.9
2898.9
2898.9
2899.1
2899.1
2899.1
2899.2
2899.2
2899.2
2899.2
2899.3
2899.3
2899.4
2899.4
2899.4
2899.4
2899.4
2899.5
2899.6
2899.6
2899.6
2899.6
2899.7
2899.7
2899.7
2899.7
2899.8
2899.8
2899.9
2899.9
2899.9
2900.0
2900.0
2900.0
2900.0
2900.0
2900.0
2900.1
2900.1
2900.1
2900.2
2900.2
2900.2
2900.2
2900.2
2900.3
2900.3
2900.3
2900.3
2900.4
2900.4
2900.5
2900.6
2900.6
2900.6
2900.7
2900.7
2900.7
2900.7
2900.8
2900.9
2901.2
2901.3
2901.3
2901.4
2901.5
2902.0
2902.0
2902.1
2903.1
2904.3
2905.7
2907.3
2907.9
2915.7
2920.4
2920.5
2924.4
2938.1
2938.2
2938.2
2938.3
2938.3
2938.4
2938.4
2938.4
2938.4
2938.4
2938.4
2938.5
2938.5
2938.5
2938.5
2938.5
2938.5
2938.6
2938.6
2938.6
2938.7
2938.7
2938.7
2938.7
2938.7
2938.7
2938.7
2938.7
2938.8
2938.8
2938.9
2938.9
2938.9
2938.9
2939.0
2939.1
2939.2
2939.2
2939.2
2939.2
2939.3
2939.3
2939.3
2939.3
2939.4
2939.4
2939.5
2939.6
2939.7
2939.8
2939.9
2940.1
2940.1
2940.1
2940.4
2940.6
2940.6
2940.7
2940.8
2940.8
2940.9
2940.9
2940.9
2941.1
2941.1
2941.4
2941.5
2941.8
2941.8
2942.0
2942.0
2942.1
2942.2
2942.3
2942.6
2942.7
2942.8
2942.8
2942.8
2942.8
2943.0
2943.1
2943.1
2943.1
2943.2
2943.3
2943.3
2943.3
2943.3
2943.3
2943.4
2943.4
2943.5
2943.6
2943.6
2943.6
2943.6
2943.6
2943.7
2943.7
2943.7
2943.7
2943.7
2943.7
2943.7
2943.8
2943.8
2943.8
2943.9
2943.9
2943.9
2944.0
2944.0
2944.0
2944.1
2944.1
2944.1
2944.2
2944.2
2944.2
2944.2
2944.2
2944.3
2944.3
2944.3
2944.3
2944.3
2944.4
2944.5
2944.5
2944.5
2944.6
2944.6
2944.7
2944.7
2944.9
2944.9
2945.0
2945.0
2945.1
2945.1
2945.3
2945.4
2945.5
2945.5
2945.8
2945.8
2945.9
2946.0
2946.1
2946.1
2946.2
2946.2
2946.2
2946.3
2946.4
2946.9
2947.1
2947.2
2947.2
2947.3
2947.3
2947.5
2947.6
2948.0
2948.0
2948.4
2948.4
2948.5
2948.6
2949.0
2949.1
2949.5
2949.6
2949.6
2949.7
2949.7
2949.8
2949.9
2949.9
2950.0
2950.1
2950.1
2950.2
2950.2
2950.4
2950.6
2950.6
2950.7
2950.8
2950.8
2950.8
2950.8
2950.8
2950.9
2950.9
2950.9
2951.0
2951.1
2951.2
2951.4
2951.4
2951.4
2951.4
2951.5
2951.5
2951.5
2951.6
2951.6
2951.6
2951.7
2951.8
2951.9
2951.9
2951.9
2951.9
2951.9
2951.9
2952.0
2952.0
2952.0
2952.0
2952.1
2952.1
2952.1
2952.2
2952.2
2952.2
2952.3
2952.3
2952.4
2952.4
2952.5
2952.5
2952.6
2952.6
2952.7
2952.9
2952.9
2953.0
2953.1
2953.1
2953.2
2953.3
2953.4
2953.5
2953.6
2953.7
2953.7
2953.9
2953.9
2953.9
2954.0
2954.1
2954.4
2954.7
2955.0
2955.0
2955.2
2955.3
2955.5
2955.5
2955.6
2955.6
2956.1
2956.2
2956.4
2957.0
2957.1
2958.4
2958.6
2958.6
2958.6
2958.7
2960.6
2961.4
2963.7
2964.2
2964.6
2965.9
2969.1
2977.4
2982.3
2993.8
