258.1
258.1
258.2
258.2
258.2
258.3
258.3
258.3
258.3
258.3
258.3
258.3
258.3
258.3
258.3
258.3
258.4
258.4
258.4
258.4
258.4
258.4
258.4
258.4
258.4
258.4
258.5
258.5
258.5
258.6
258.6
258.6
258.6
258.6
258.7
258.7
258.7
258.8
258.8
258.8
258.8
258.9
258.9
258.9
259.0
259.0
259.0
259.0
259.1
259.1
259.1
259.1
259.1
259.2
259.3
259.3
259.3
259.3
259.4
259.4
259.4
259.4
259.5
259.6
259.7
259.7
259.8
259.8
259.9
259.9
260.1
260.2
260.4
260.4
260.4
260.6
260.6
260.6
261.0
261.1
261.1
261.2
261.3
261.3
261.5
261.5
261.8
262.0
262.0
262.7
262.8
263.3
263.7
264.0
264.1
264.2
264.3
264.4
264.5
264.5
264.6
264.6
264.6
264.6
264.6
264.7
264.7
264.8
264.8
264.8
264.9
264.9
264.9
264.9
264.9
265.0
265.0
265.1
265.1
265.1
265.1
265.1
265.1
265.2
265.2
265.3
265.3
265.3
265.3
265.4
265.4
265.4
265.5
265.5
265.5
265.5
265.5
265.5
265.5
265.5
265.6
265.6
265.6
265.6
265.7
265.7
265.7
265.8
265.8
265.9
265.9
265.9
265.9
266.0
266.1
266.1
266.2
266.2
266.2
266.2
266.3
266.3
266.4
266.4
266.4
266.4
266.4
266.4
266.5
266.6
266.8
266.8
266.9
266.9
267.2
267.4
267.5
267.6
267.7
267.9
268.1
268.6
268.7
268.9
268.9
269.2
269.9
270.0
270.1
271.3
271.8
272.2
272.9
272.9
273.3
273.3
273.3
273.4
273.5
273.7
274.0
274.0
274.0
274.1
274.1
274.4
274.4
274.5
274.7
274.7
274.8
274.8
275.0
275.2
275.3
275.3
275.4
275.4
275.5
275.6
275.7
275.7
275.8
275.8
275.8
275.8
275.9
275.9
276.0
276.1
276.1
276.2
276.3
276.4
276.5
276.6
276.7
276.7
276.8
276.8
276.8
276.8
276.9
277.0
277.0
277.1
277.2
277.2
277.3
277.3
277.3
277.3
277.4
277.4
277.6
277.6
277.6
277.7
277.9
277.9
277.9
278.0
278.0
278.1
278.2
278.4
278.4
278.6
278.6
278.8
278.8
278.8
278.8
278.8
279.0
279.0
279.2
279.2
279.9
280.4
280.7
280.7
281.7
282.0
282.8
282.9
283.6
285.5
290.8
293.1
296.8
426.2
426.3
426.3
426.3
426.3
426.3
426.3
426.4
426.4
426.4
426.4
426.4
426.5
426.5
426.5
426.5
426.5
426.5
426.5
426.5
426.5
426.5
426.5
426.6
426.6
426.6
426.6
426.6
426.6
426.6
426.7
426.7
426.7
426.7
426.7
426.7
426.7
426.7
426.7
426.8
426.8
426.8
426.8
426.8
426.8
426.9
426.9
427.0
427.0
427.0
427.0
427.1
427.1
427.1
427.2
427.2
427.2
427.2
427.2
427.4
427.5
427.5
427.5
427.5
427.6
427.7
427.7
427.8
427.9
428.0
428.1
428.3
428.3
428.3
428.3
428.6
428.6
429.1
429.1
429.2
429.4
429.4
429.6
429.6
429.7
429.9
430.1
430.7
430.8
431.3
431.8
432.1
432.2
432.3
432.3
432.4
432.4
432.4
432.6
432.6
432.6
432.6
432.6
432.6
432.7
432.7
432.8
432.8
432.8
432.8
432.9
432.9
432.9
432.9
433.0
433.0
433.1
433.1
433.2
433.2
433.2
433.2
433.2
433.2
433.2
433.3
433.3
433.3
433.3
433.3
433.3
433.4
433.4
433.5
433.5
433.5
433.5
433.6
433.6
433.7
433.7
433.7
433.7
433.7
433.8
433.8
433.8
433.9
433.9
433.9
434.0
434.1
434.2
434.3
434.4
434.4
434.5
434.6
434.6
434.7
434.8
434.9
434.9
435.0
435.4
435.5
435.5
435.6
435.6
435.7
436.1
436.2
436.3
436.6
436.6
436.7
437.1
437.1
437.3
437.5
437.7
438.2
438.4
438.6
439.1
440.0
441.1
441.1
441.2
441.4
441.5
441.5
441.5
441.6
441.7
441.8
441.9
441.9
442.0
442.0
442.6
442.7
442.8
442.9
443.0
443.1
443.2
443.3
443.4
443.4
443.4
443.8
443.8
443.9
444.0
444.0
444.1
444.2
444.2
444.2
444.3
444.4
444.5
444.6
444.8
445.1
445.2
445.2
445.3
445.4
445.4
445.5
445.6
445.7
445.7
445.7
445.7
445.7
446.1
446.2
446.2
446.2
446.6
446.9
447.0
447.2
447.2
447.3
447.4
447.4
447.4
447.6
447.7
447.9
448.0
448.3
448.6
448.8
448.9
449.5
449.6
450.4
450.5
450.7
450.8
451.6
452.1
452.2
452.4
453.1
455.5
456.7
458.0
472.1
472.2
484.9
569.2
569.2
569.3
569.3
569.3
569.3
569.3
569.3
569.3
569.4
569.4
569.4
569.4
569.4
569.4
569.4
569.4
569.4
569.5
569.5
569.5
569.5
569.5
569.5
569.5
569.5
569.6
569.6
569.7
569.7
569.7
569.7
569.7
569.8
569.8
569.8
569.9
569.9
569.9
569.9
569.9
570.0
570.0
570.0
570.0
570.1
570.1
570.1
570.2
570.2
570.2
570.2
570.2
570.2
570.2
570.3
570.3
570.3
570.4
570.4
570.4
570.4
570.6
570.7
570.8
570.8
570.8
570.9
570.9
571.1
571.2
571.4
571.4
571.4
571.4
571.7
571.8
572.3
572.3
572.4
572.5
572.7
572.8
572.9
573.3
573.3
573.4
574.1
574.4
574.5
574.6
574.6
574.6
574.8
574.8
574.8
574.8
574.9
574.9
574.9
574.9
575.0
575.0
575.0
575.1
575.1
575.2
575.2
575.2
575.2
575.2
575.2
575.2
575.2
575.3
575.3
575.3
575.3
575.3
575.3
575.3
575.4
575.4
575.5
575.5
575.5
575.5
575.5
575.6
575.6
575.6
575.6
575.6
575.6
575.7
575.7
575.7
575.7
575.7
575.8
575.9
576.0
576.0
576.0
576.0
576.1
576.1
576.1
576.2
576.3
576.3
576.4
576.4
576.4
576.4
576.7
576.8
576.9
577.1
577.1
577.4
577.5
577.5
577.6
577.7
577.8
577.9
578.0
578.1
578.1
578.4
578.8
578.9
579.0
579.2
579.4
579.4
580.1
580.1
580.6
580.7
580.8
581.0
581.9
582.1
582.3
582.4
582.5
583.6
584.2
584.2
584.2
584.2
584.6
584.6
584.8
585.0
585.0
585.1
585.1
585.2
585.3
585.4
585.4
585.5
585.8
586.0
586.0
586.0
586.2
586.2
586.3
586.3
586.3
586.3
586.4
586.4
586.6
586.7
586.8
586.9
587.0
587.1
587.2
587.2
587.2
587.3
587.3
587.3
587.3
587.4
587.4
587.5
587.5
587.5
587.6
587.6
587.7
587.7
587.7
587.7
587.7
588.1
588.1
588.2
588.2
588.2
588.2
588.5
588.6
588.6
588.6
588.7
588.8
588.9
589.0
589.0
589.1
589.2
589.3
589.5
589.5
589.9
589.9
589.9
590.1
590.1
590.2
590.4
590.5
590.7
590.9
591.0
591.0
591.1
591.2
591.7
592.1
592.6
592.9
593.0
593.3
593.6
593.7
594.1
594.8
597.1
597.5
598.4
599.5
605.8
628.8
707.8
707.9
707.9
707.9
708.0
708.0
708.0
708.0
708.0
708.0
708.0
708.1
708.1
708.1
708.1
708.1
708.1
708.1
708.1
708.1
708.1
708.2
708.2
708.2
708.2
708.2
708.2
708.2
708.3
708.3
708.3
708.3
708.3
708.3
708.3
708.4
708.4
708.4
708.4
708.5
708.5
708.5
708.6
708.6
708.6
708.7
708.7
708.7
708.8
708.8
708.9
708.9
709.0
709.0
709.0
709.1
709.1
709.1
709.1
709.1
709.1
709.2
709.4
709.4
709.6
709.6
709.7
709.8
709.9
709.9
710.0
710.2
710.4
710.4
710.4
710.7
710.8
710.8
711.2
711.2
711.3
711.3
711.4
711.4
711.6
711.6
712.0
712.0
712.3
712.8
712.9
712.9
712.9
713.0
713.0
713.2
713.2
713.2
713.3
713.3
713.3
713.4
713.4
713.4
713.4
713.5
713.5
713.5
713.5
713.5
713.6
713.6
713.6
713.6
713.6
713.6
713.7
713.7
713.7
713.7
713.7
713.8
713.8
713.8
713.8
713.8
713.9
713.9
713.9
713.9
713.9
713.9
714.0
714.0
714.0
714.1
714.1
714.1
714.2
714.2
714.2
714.2
714.3
714.3
714.3
714.4
714.5
714.6
714.7
714.7
714.7
714.8
714.8
715.0
715.0
715.0
715.1
715.1
715.1
715.1
715.1
715.2
715.4
715.4
715.4
715.5
715.5
715.5
715.6
715.7
715.7
715.9
716.2
716.2
716.3
716.7
716.8
716.8
717.0
717.1
717.3
717.5
717.6
717.8
717.9
718.0
718.9
719.1
719.2
720.1
720.3
720.4
721.0
722.1
723.0
723.1
723.1
723.1
723.2
723.3
723.4
723.4
723.5
723.6
723.7
723.8
723.8
723.9
723.9
724.0
724.1
724.4
724.5
724.6
724.6
724.7
724.8
724.8
724.9
725.1
725.2
725.2
725.2
725.3
725.4
725.4
725.6
725.6
725.7
725.8
725.8
725.8
726.0
726.1
726.1
726.1
726.2
726.2
726.3
726.4
726.4
726.5
726.5
726.5
726.6
726.7
726.8
727.0
727.0
727.2
727.2
727.3
727.3
727.6
727.7
727.8
727.8
727.9
727.9
728.2
728.3
728.4
728.4
728.6
728.6
728.8
728.8
729.0
729.2
729.2
729.5
729.6
729.7
729.9
730.0
730.2
730.4
730.5
730.6
731.0
731.0
731.2
731.5
731.6
731.7
731.8
732.4
734.4
736.4
737.1
738.6
739.1
739.3
743.4
743.5
743.6
743.6
743.7
743.7
743.7
743.7
743.7
743.7
743.8
743.8
743.8
743.8
743.8
743.8
743.9
743.9
743.9
743.9
743.9
743.9
743.9
744.0
744.0
744.0
744.1
744.1
744.1
744.2
744.2
744.3
744.3
744.3
744.4
744.5
744.5
744.6
744.6
744.7
744.7
744.8
744.8
744.8
745.0
745.0
745.0
745.1
745.1
745.3
745.3
745.5
745.5
745.6
745.8
745.8
745.8
746.0
746.1
746.2
746.2
746.2
746.2
746.3
746.3
746.4
746.5
746.5
746.7
747.1
747.2
747.3
747.9
748.0
748.1
748.2
748.4
748.6
748.8
749.0
749.1
749.2
749.2
749.3
749.4
749.5
749.6
749.6
749.6
749.7
749.7
749.7
749.8
749.8
749.9
750.0
750.0
750.0
750.0
750.0
750.1
750.1
750.1
750.1
750.1
750.2
750.2
750.2
750.2
750.3
750.3
750.3
750.3
750.4
750.4
750.4
750.5
750.6
750.7
750.7
750.7
750.7
750.8
750.8
750.8
750.9
750.9
750.9
751.0
751.0
751.1
751.2
751.3
751.4
751.5
751.5
751.6
751.7
751.7
751.8
751.9
752.0
752.3
752.3
752.4
752.4
752.5
752.6
752.6
752.7
752.7
752.9
753.0
753.1
753.1
753.3
753.5
753.9
754.1
754.1
754.2
755.1
755.2
755.4
756.0
756.4
756.5
756.7
756.8
757.4
757.6
758.2
758.6
759.6
760.0
760.0
760.0
760.3
760.4
760.4
760.5
760.8
761.5
761.5
761.6
761.6
761.7
761.9
762.1
762.2
762.2
762.4
762.8
763.3
763.3
763.6
763.6
763.7
763.7
763.9
764.1
764.2
764.3
764.4
764.6
764.6
764.6
764.7
765.0
765.0
765.2
765.3
765.5
765.6
765.6
765.7
765.8
766.0
766.4
766.7
766.8
766.9
766.9
767.2
767.5
767.5
768.0
769.3
769.3
769.3
769.3
769.4
769.6
770.2
770.9
771.6
771.7
772.0
773.2
773.6
773.7
774.0
776.2
776.2
777.5
783.5
795.5
810.9
873.2
873.3
873.3
873.3
873.3
873.3
873.3
873.3
873.4
873.4
873.4
873.4
873.4
873.4
873.4
873.4
873.4
873.4
873.4
873.4
873.4
873.4
873.4
873.4
873.4
873.4
873.4
873.4
873.5
873.5
873.5
873.5
873.5
873.5
873.5
873.5
873.5
873.5
873.5
873.6
873.6
873.6
873.6
873.6
873.6
873.6
873.6
873.6
873.6
873.6
873.6
873.6
873.6
873.6
873.6
873.6
873.7
873.7
873.7
873.7
873.7
873.7
873.8
873.8
873.9
873.9
873.9
873.9
873.9
874.0
874.0
874.1
874.1
874.2
874.2
874.2
874.3
874.3
874.3
874.4
874.5
874.5
874.6
874.7
875.0
875.0
875.3
875.4
875.5
875.9
875.9
876.2
876.5
876.7
877.3
878.0
878.1
878.3
878.4
878.4
878.4
878.4
878.5
878.5
878.5
878.5
878.5
878.5
878.5
878.6
878.6
878.7
878.7
878.7
878.7
878.7
878.7
878.7
878.7
878.8
878.8
878.8
878.8
878.9
878.9
878.9
878.9
878.9
878.9
878.9
878.9
879.0
879.0
879.0
879.0
879.0
879.0
879.1
879.1
879.1
879.1
879.1
879.1
879.2
879.2
879.2
879.2
879.2
879.2
879.3
879.3
879.3
879.3
879.3
879.3
879.3
879.3
879.3
879.3
879.4
879.4
879.4
879.4
879.5
879.5
879.5
879.5
879.6
879.6
879.6
879.7
879.7
879.8
879.8
879.8
879.9
880.0
880.1
880.1
880.2
880.3
880.3
880.5
880.6
881.1
881.2
881.5
881.7
882.3
882.4
883.2
884.2
884.7
885.6
886.5
888.1
888.3
888.4
888.4
888.5
888.6
888.7
888.8
888.9
888.9
888.9
889.0
889.1
889.1
889.2
889.3
889.3
889.3
889.7
889.7
889.7
889.8
889.9
890.0
890.0
890.0
890.1
890.2
890.5
890.6
890.6
890.6
890.6
890.6
890.7
890.8
890.8
890.9
891.0
891.1
891.1
891.3
891.3
891.3
891.4
891.4
891.5
891.6
891.8
891.8
892.1
892.2
892.3
892.3
892.4
892.5
892.5
892.5
892.7
892.9
893.1
893.1
893.3
893.4
893.4
893.5
893.5
893.7
893.8
893.9
894.0
894.2
894.2
894.3
894.4
894.7
894.7
894.8
895.1
895.2
895.2
895.6
895.6
895.7
895.9
896.2
896.5
896.7
896.7
897.0
898.2
899.0
899.3
900.3
915.7
923.3
923.3
923.3
923.4
923.4
923.4
923.4
923.4
923.5
923.5
923.5
923.5
923.5
923.5
923.5
923.5
923.5
923.5
923.5
923.5
923.6
923.6
923.6
923.6
923.6
923.6
923.6
923.6
923.6
923.6
923.6
923.6
923.6
923.7
923.7
923.7
923.7
923.7
923.7
923.7
923.7
923.7
923.7
923.7
923.7
923.7
923.7
923.8
923.8
923.8
923.8
923.8
923.8
923.8
923.9
923.9
924.0
924.0
924.0
924.0
924.1
924.1
924.1
924.2
924.3
924.3
924.3
924.4
924.4
924.4
924.4
924.5
924.5
924.5
924.6
924.7
924.7
925.0
925.0
925.0
925.1
925.1
925.4
925.4
925.6
925.7
926.0
926.1
926.2
926.2
926.2
926.4
926.7
927.3
927.4
927.9
928.2
928.5
928.7
928.7
928.8
928.8
928.8
928.9
928.9
928.9
928.9
928.9
928.9
929.0
929.0
929.1
929.1
929.1
929.1
929.1
929.2
929.2
929.2
929.2
929.2
929.3
929.3
929.3
929.3
929.3
929.3
929.3
929.4
929.4
929.4
929.5
929.5
929.5
929.5
929.5
929.5
929.5
929.6
929.6
929.6
929.6
929.6
929.7
929.7
929.7
929.7
929.7
929.7
929.8
929.8
929.8
929.8
929.9
929.9
929.9
930.0
930.0
930.0
930.1
930.1
930.1
930.2
930.4
930.5
930.6
930.6
930.7
930.7
930.8
930.8
930.8
931.0
931.0
931.1
931.4
931.5
931.5
931.5
931.5
931.7
932.4
932.4
932.6
932.7
933.8
933.8
933.9
934.2
934.2
934.8
935.2
936.2
937.5
938.3
938.7
938.7
938.9
939.0
939.0
939.1
939.2
939.2
939.3
939.5
939.6
939.6
939.7
940.2
940.2
940.3
940.3
940.4
940.4
940.4
940.6
940.8
940.8
941.0
941.1
941.1
941.1
941.3
941.4
941.4
941.4
941.4
941.6
941.6
941.9
941.9
942.0
942.1
942.2
942.2
942.3
942.3
942.4
942.5
942.7
942.8
942.9
942.9
942.9
943.0
943.2
943.4
943.4
943.4
943.5
943.5
943.6
943.7
943.8
943.9
944.0
944.1
944.2
944.2
944.3
944.5
944.8
944.9
945.0
945.1
945.4
945.6
945.8
946.0
946.1
946.4
946.6
946.8
947.2
947.3
947.5
947.6
949.8
950.3
951.7
952.8
953.2
954.9
961.8
966.8
975.3
1047.4
1047.5
1047.5
1047.5
1047.5
1047.5
1047.5
1047.5
1047.5
1047.6
1047.6
1047.6
1047.6
1047.6
1047.6
1047.6
1047.6
1047.7
1047.7
1047.7
1047.7
1047.7
1047.7
1047.7
1047.7
1047.7
1047.8
1047.8
1047.8
1047.8
1047.8
1047.8
1047.8
1047.9
1047.9
1047.9
1047.9
1047.9
1047.9
1048.0
1048.0
1048.0
1048.0
1048.0
1048.0
1048.0
1048.0
1048.1
1048.1
1048.1
1048.1
1048.1
1048.1
1048.2
1048.2
1048.2
1048.3
1048.3
1048.3
1048.3
1048.4
1048.4
1048.4
1048.5
1048.5
1048.5
1048.6
1048.8
1048.8
1048.8
1048.8
1048.8
1048.8
1048.9
1049.0
1049.1
1049.2
1049.3
1049.4
1049.4
1049.4
1049.6
1049.6
1049.9
1049.9
1050.3
1050.4
1050.4
1050.9
1051.0
1051.1
1051.4
1051.8
1052.3
1052.6
1052.6
1052.7
1052.7
1052.8
1052.8
1052.8
1052.9
1052.9
1052.9
1052.9
1053.0
1053.0
1053.0
1053.0
1053.1
1053.1
1053.1
1053.1
1053.2
1053.2
1053.2
1053.2
1053.2
1053.2
1053.3
1053.3
1053.3
1053.3
1053.3
1053.4
1053.4
1053.4
1053.4
1053.4
1053.4
1053.4
1053.5
1053.5
1053.5
1053.5
1053.5
1053.5
1053.5
1053.6
1053.6
1053.6
1053.6
1053.6
1053.7
1053.7
1053.7
1053.7
1053.7
1053.8
1053.8
1053.8
1053.8
1053.8
1053.9
1053.9
1053.9
1053.9
1053.9
1053.9
1054.0
1054.0
1054.0
1054.0
1054.1
1054.2
1054.2
1054.3
1054.3
1054.4
1054.4
1054.4
1054.5
1054.5
1054.5
1054.6
1054.6
1054.7
1054.7
1054.9
1054.9
1055.2
1055.3
1055.4
1055.5
1055.9
1056.3
1056.5
1056.5
1057.2
1057.6
1058.1
1058.7
1059.6
1060.8
1061.4
1062.4
1062.5
1062.6
1062.6
1062.7
1062.9
1063.0
1063.0
1063.2
1063.2
1063.3
1063.4
1063.4
1063.4
1063.5
1063.7
1063.8
1063.8
1063.9
1063.9
1064.0
1064.1
1064.1
1064.2
1064.2
1064.2
1064.4
1064.4
1064.5
1064.7
1064.7
1064.7
1064.8
1064.8
1064.8
1064.9
1064.9
1065.0
1065.2
1065.3
1065.3
1065.3
1065.4
1065.5
1065.5
1065.7
1065.7
1065.8
1065.9
1066.0
1066.2
1066.4
1066.4
1066.4
1066.5
1066.5
1066.7
1066.8
1066.8
1067.0
1067.1
1067.2
1067.2
1067.4
1067.5
1067.5
1067.6
1067.6
1067.7
1067.8
1068.0
1068.4
1068.4
1068.5
1068.5
1068.8
1069.1
1069.1
1069.2
1069.5
1069.6
1069.7
1069.9
1070.2
1070.2
1070.5
1070.6
1071.1
1071.9
1073.7
1074.3
1074.3
1078.0
1085.4
1087.1
1211.6
1211.6
1211.6
1211.6
1211.7
1211.7
1211.7
1211.7
1211.7
1211.7
1211.7
1211.7
1211.7
1211.7
1211.7
1211.7
1211.7
1211.7
1211.8
1211.8
1211.8
1211.8
1211.8
1211.8
1211.8
1211.8
1211.8
1211.8
1211.8
1211.9
1211.9
1211.9
1211.9
1211.9
1211.9
1211.9
1211.9
1211.9
1211.9
1211.9
1211.9
1211.9
1211.9
1211.9
1211.9
1211.9
1211.9
1212.0
1212.0
1212.0
1212.0
1212.0
1212.0
1212.0
1212.0
1212.1
1212.1
1212.1
1212.1
1212.2
1212.2
1212.2
1212.2
1212.3
1212.3
1212.3
1212.4
1212.5
1212.5
1212.5
1212.5
1212.5
1212.6
1212.6
1212.7
1212.8
1212.9
1213.0
1213.0
1213.0
1213.0
1213.2
1213.2
1213.4
1213.5
1213.8
1213.8
1213.9
1214.4
1214.4
1214.4
1214.7
1215.1
1215.6
1216.0
1216.5
1216.6
1216.6
1216.7
1216.7
1216.7
1216.8
1216.8
1216.8
1216.8
1216.8
1216.8
1216.8
1216.8
1216.9
1217.0
1217.0
1217.0
1217.0
1217.0
1217.0
1217.1
1217.1
1217.1
1217.1
1217.1
1217.2
1217.2
1217.2
1217.2
1217.2
1217.2
1217.2
1217.2
1217.3
1217.3
1217.3
1217.3
1217.3
1217.3
1217.3
1217.4
1217.4
1217.4
1217.5
1217.5
1217.5
1217.5
1217.5
1217.5
1217.5
1217.6
1217.6
1217.6
1217.6
1217.6
1217.6
1217.6
1217.6
1217.7
1217.7
1217.7
1217.7
1217.7
1217.7
1217.7
1217.8
1217.8
1217.9
1217.9
1217.9
1217.9
1218.0
1218.1
1218.1
1218.1
1218.1
1218.2
1218.2
1218.3
1218.3
1218.4
1218.4
1218.5
1218.6
1218.9
1218.9
1219.0
1219.2
1219.4
1219.8
1219.9
1220.1
1220.4
1220.4
1221.0
1221.6
1222.0
1222.3
1223.1
1223.9
1224.4
1224.4
1224.5
1226.2
1226.3
1226.4
1226.6
1226.6
1226.6
1226.6
1226.9
1226.9
1227.0
1227.1
1227.1
1227.3
1227.3
1227.5
1227.5
1227.5
1227.6
1227.6
1227.7
1227.7
1227.9
1228.1
1228.1
1228.2
1228.3
1228.4
1228.4
1228.4
1228.5
1228.7
1228.7
1228.8
1228.8
1228.8
1228.9
1229.1
1229.1
1229.2
1229.2
1229.3
1229.4
1229.4
1229.6
1229.6
1229.6
1229.6
1229.9
1229.9
1230.2
1230.3
1230.3
1230.4
1230.5
1230.5
1230.5
1230.5
1230.6
1230.7
1230.9
1231.0
1231.1
1231.1
1231.1
1231.2
1231.3
1231.4
1231.5
1231.6
1231.7
1231.8
1231.8
1232.0
1232.4
1232.5
1232.7
1232.8
1232.8
1232.9
1233.0
1233.0
1233.7
1233.8
1233.9
1234.1
1234.2
1234.2
1234.6
1234.8
1237.4
1238.4
1239.0
1244.4
1248.5
1263.6
1291.7
1292.0
1292.2
1292.3
1293.3
1293.8
1293.9
1297.8
1299.4
1309.4
1311.9
1315.2
1319.1
1326.6
1383.0
1383.0
1383.0
1383.0
1383.0
1383.1
1383.1
1383.1
1383.1
1383.1
1383.1
1383.1
1383.1
1383.1
1383.1
1383.1
1383.1
1383.1
1383.1
1383.1
1383.1
1383.1
1383.1
1383.1
1383.1
1383.2
1383.2
1383.2
1383.2
1383.2
1383.2
1383.2
1383.2
1383.2
1383.2
1383.2
1383.2
1383.2
1383.2
1383.2
1383.2
1383.3
1383.3
1383.3
1383.3
1383.3
1383.3
1383.3
1383.3
1383.3
1383.4
1383.4
1383.4
1383.4
1383.4
1383.4
1383.4
1383.5
1383.5
1383.5
1383.5
1383.5
1383.6
1383.6
1383.6
1383.6
1383.7
1383.7
1383.7
1383.8
1383.8
1383.9
1383.9
1384.1
1384.1
1384.1
1384.1
1384.1
1384.1
1384.3
1384.3
1384.3
1384.4
1384.6
1384.9
1384.9
1385.1
1385.3
1385.4
1385.8
1385.8
1386.1
1386.4
1386.6
1387.0
1387.8
1387.8
1388.0
1388.0
1388.0
1388.1
1388.1
1388.1
1388.1
1388.2
1388.2
1388.2
1388.2
1388.2
1388.2
1388.3
1388.3
1388.3
1388.3
1388.3
1388.4
1388.4
1388.4
1388.4
1388.4
1388.5
1388.5
1388.5
1388.5
1388.5
1388.5
1388.6
1388.6
1388.6
1388.6
1388.6
1388.6
1388.7
1388.7
1388.7
1388.7
1388.7
1388.7
1388.7
1388.7
1388.8
1388.8
1388.8
1388.9
1388.9
1388.9
1388.9
1388.9
1388.9
1388.9
1388.9
1388.9
1388.9
1388.9
1389.0
1389.0
1389.0
1389.0
1389.1
1389.1
1389.1
1389.1
1389.1
1389.2
1389.2
1389.2
1389.2
1389.3
1389.3
1389.3
1389.4
1389.5
1389.5
1389.7
1389.7
1389.7
1389.7
1389.8
1389.9
1389.9
1390.0
1390.0
1390.2
1390.4
1390.9
1390.9
1391.2
1391.4
1391.9
1391.9
1392.6
1393.4
1394.2
1394.3
1395.2
1397.1
1397.3
1397.3
1397.5
1397.7
1397.9
1398.0
1398.1
1398.1
1398.2
1398.2
1398.3
1398.5
1398.5
1398.5
1398.6
1398.7
1398.7
1398.8
1398.8
1399.2
1399.2
1399.3
1399.4
1399.5
1399.5
1399.6
1399.6
1399.6
1399.6
1399.8
1400.1
1400.1
1400.2
1400.2
1400.2
1400.3
1400.3
1400.4
1400.5
1400.5
1400.6
1400.6
1400.8
1401.0
1401.1
1401.2
1401.3
1401.3
1401.4
1401.4
1401.7
1401.7
1401.8
1402.0
1402.1
1402.1
1402.2
1402.2
1402.3
1402.3
1402.4
1402.5
1402.6
1402.7
1402.8
1402.9
1403.0
1403.0
1403.1
1403.1
1403.2
1403.5
1403.5
1403.9
1403.9
1404.2
1404.3
1404.3
1404.4
1404.5
1405.1
1405.2
1405.2
1405.3
1405.5
1405.8
1405.9
1406.0
1406.0
1406.3
1406.4
1409.2
1410.4
1415.3
1427.8
1548.0
1548.1
1548.1
1548.1
1548.1
1548.1
1548.1
1548.1
1548.1
1548.1
1548.1
1548.2
1548.2
1548.2
1548.2
1548.2
1548.2
1548.2
1548.2
1548.2
1548.2
1548.2
1548.2
1548.2
1548.2
1548.3
1548.3
1548.3
1548.3
1548.3
1548.3
1548.3
1548.3
1548.3
1548.3
1548.3
1548.3
1548.3
1548.3
1548.3
1548.3
1548.3
1548.3
1548.4
1548.4
1548.4
1548.4
1548.4
1548.4
1548.4
1548.4
1548.4
1548.4
1548.4
1548.5
1548.5
1548.5
1548.5
1548.5
1548.6
1548.6
1548.6
1548.6
1548.7
1548.7
1548.7
1548.7
1548.9
1548.9
1548.9
1548.9
1548.9
1549.0
1549.0
1549.1
1549.2
1549.2
1549.4
1549.4
1549.4
1549.4
1549.6
1549.6
1549.8
1549.8
1550.1
1550.2
1550.2
1550.7
1550.7
1550.8
1551.1
1551.4
1551.9
1552.3
1552.8
1552.9
1553.1
1553.1
1553.1
1553.1
1553.1
1553.2
1553.2
1553.2
1553.2
1553.2
1553.2
1553.2
1553.3
1553.4
1553.4
1553.4
1553.4
1553.4
1553.4
1553.5
1553.5
1553.5
1553.5
1553.5
1553.6
1553.6
1553.6
1553.6
1553.6
1553.6
1553.6
1553.6
1553.6
1553.7
1553.7
1553.7
1553.7
1553.7
1553.8
1553.8
1553.8
1553.8
1553.9
1553.9
1553.9
1553.9
1553.9
1553.9
1553.9
1554.0
1554.0
1554.0
1554.0
1554.0
1554.0
1554.0
1554.0
1554.0
1554.0
1554.1
1554.1
1554.1
1554.1
1554.2
1554.2
1554.2
1554.2
1554.2
1554.3
1554.3
1554.4
1554.4
1554.5
1554.5
1554.5
1554.6
1554.6
1554.6
1554.7
1554.8
1554.8
1554.9
1555.0
1555.2
1555.3
1555.4
1555.5
1555.8
1556.2
1556.3
1556.5
1556.9
1557.2
1557.5
1558.2
1558.9
1559.5
1560.0
1561.4
1561.5
1561.6
1561.8
1562.7
1562.8
1563.0
1563.0
1563.1
1563.2
1563.2
1563.3
1563.3
1563.4
1563.5
1563.5
1563.7
1563.8
1563.8
1563.9
1563.9
1564.1
1564.1
1564.3
1564.3
1564.4
1564.5
1564.6
1564.6
1564.7
1564.8
1565.0
1565.1
1565.2
1565.2
1565.2
1565.2
1565.3
1565.3
1565.4
1565.4
1565.5
1565.6
1565.7
1565.7
1565.8
1565.9
1566.0
1566.1
1566.2
1566.3
1566.3
1566.5
1566.5
1566.6
1566.7
1566.8
1566.8
1566.9
1567.0
1567.1
1567.1
1567.2
1567.3
1567.4
1567.5
1567.7
1567.7
1567.8
1568.0
1568.0
1568.0
1568.1
1568.2
1568.3
1568.4
1568.8
1568.9
1569.1
1569.1
1569.1
1569.2
1569.4
1569.4
1570.1
1570.2
1570.3
1570.4
1570.6
1570.7
1570.7
1571.0
1571.2
1575.0
1577.0
1577.3
1577.5
1584.5
1602.8
1719.1
1719.1
1719.1
1719.1
1719.1
1719.1
1719.1
1719.2
1719.2
1719.2
1719.2
1719.2
1719.2
1719.2
1719.2
1719.2
1719.2
1719.2
1719.2
1719.2
1719.2
1719.2
1719.2
1719.2
1719.2
1719.2
1719.2
1719.2
1719.3
1719.3
1719.3
1719.3
1719.3
1719.3
1719.3
1719.3
1719.3
1719.3
1719.3
1719.4
1719.4
1719.4
1719.4
1719.4
1719.4
1719.4
1719.4
1719.4
1719.4
1719.4
1719.4
1719.4
1719.5
1719.5
1719.5
1719.5
1719.5
1719.5
1719.5
1719.6
1719.6
1719.6
1719.6
1719.7
1719.8
1719.8
1719.8
1719.8
1719.8
1719.9
1719.9
1720.0
1720.1
1720.1
1720.1
1720.1
1720.2
1720.2
1720.3
1720.3
1720.4
1720.4
1720.5
1720.7
1720.9
1721.0
1721.2
1721.3
1721.6
1721.8
1721.8
1722.1
1722.4
1722.7
1723.1
1723.8
1723.9
1724.1
1724.1
1724.1
1724.1
1724.2
1724.2
1724.2
1724.2
1724.2
1724.2
1724.3
1724.3
1724.3
1724.4
1724.4
1724.4
1724.4
1724.4
1724.5
1724.5
1724.5
1724.5
1724.5
1724.6
1724.6
1724.6
1724.6
1724.6
1724.6
1724.7
1724.7
1724.7
1724.7
1724.7
1724.7
1724.7
1724.7
1724.8
1724.8
1724.8
1724.8
1724.8
1724.8
1724.9
1724.9
1724.9
1724.9
1724.9
1724.9
1725.0
1725.0
1725.0
1725.0
1725.0
1725.0
1725.0
1725.0
1725.1
1725.1
1725.1
1725.1
1725.1
1725.1
1725.1
1725.1
1725.2
1725.2
1725.3
1725.3
1725.3
1725.3
1725.3
1725.4
1725.5
1725.5
1725.6
1725.6
1725.7
1725.7
1725.8
1725.9
1725.9
1726.0
1726.1
1726.1
1726.4
1726.5
1726.9
1727.0
1727.3
1727.4
1727.9
1727.9
1728.6
1729.3
1730.1
1730.3
1731.1
1733.4
1733.5
1733.5
1733.7
1733.7
1734.0
1734.1
1734.1
1734.1
1734.2
1734.3
1734.4
1734.6
1734.6
1734.6
1734.7
1734.8
1734.8
1734.9
1735.0
1735.3
1735.4
1735.4
1735.5
1735.5
1735.6
1735.6
1735.6
1735.7
1735.9
1736.2
1736.2
1736.3
1736.3
1736.3
1736.3
1736.5
1736.5
1736.6
1736.6
1736.7
1736.8
1736.9
1737.1
1737.2
1737.2
1737.2
1737.3
1737.5
1737.5
1737.6
1737.8
1738.0
1738.0
1738.1
1738.2
1738.2
1738.2
1738.4
1738.5
1738.6
1738.7
1738.8
1738.9
1739.0
1739.1
1739.1
1739.2
1739.3
1739.3
1739.4
1739.6
1740.0
1740.0
1740.0
1740.1
1740.4
1740.5
1740.6
1740.8
1741.1
1741.3
1741.4
1741.4
1741.5
1741.6
1741.9
1742.2
1742.2
1742.5
1742.6
1742.9
1746.4
1752.8
1762.5
1884.5
1884.5
1884.6
1884.6
1884.6
1884.6
1884.6
1884.6
1884.6
1884.6
1884.6
1884.6
1884.6
1884.6
1884.6
1884.7
1884.7
1884.7
1884.7
1884.7
1884.7
1884.7
1884.7
1884.7
1884.7
1884.7
1884.7
1884.7
1884.8
1884.8
1884.8
1884.8
1884.8
1884.8
1884.8
1884.8
1884.8
1884.8
1884.8
1884.8
1884.8
1884.8
1884.8
1884.8
1884.8
1884.9
1884.9
1884.9
1884.9
1884.9
1884.9
1884.9
1884.9
1884.9
1885.0
1885.0
1885.0
1885.0
1885.0
1885.1
1885.1
1885.1
1885.1
1885.2
1885.2
1885.2
1885.2
1885.4
1885.4
1885.4
1885.5
1885.5
1885.5
1885.5
1885.6
1885.7
1885.7
1885.8
1885.9
1885.9
1885.9
1886.1
1886.1
1886.4
1886.4
1886.7
1886.8
1886.8
1887.3
1887.3
1887.4
1887.7
1888.0
1888.5
1888.9
1889.5
1889.5
1889.6
1889.6
1889.6
1889.6
1889.7
1889.7
1889.7
1889.7
1889.7
1889.7
1889.7
1889.8
1889.8
1889.9
1889.9
1889.9
1889.9
1889.9
1889.9
1889.9
1890.0
1890.0
1890.0
1890.0
1890.0
1890.1
1890.1
1890.1
1890.1
1890.1
1890.1
1890.1
1890.1
1890.2
1890.2
1890.2
1890.2
1890.2
1890.2
1890.3
1890.3
1890.3
1890.3
1890.3
1890.4
1890.4
1890.4
1890.4
1890.4
1890.5
1890.5
1890.5
1890.5
1890.5
1890.5
1890.5
1890.5
1890.5
1890.5
1890.5
1890.6
1890.6
1890.6
1890.6
1890.7
1890.7
1890.7
1890.8
1890.8
1890.9
1890.9
1891.0
1891.0
1891.0
1891.0
1891.1
1891.1
1891.2
1891.2
1891.3
1891.3
1891.5
1891.5
1891.8
1891.8
1892.0
1892.1
1892.5
1892.8
1893.0
1893.0
1893.5
1893.8
1894.1
1894.8
1895.4
1896.0
1896.5
1897.5
1897.9
1898.3
1898.6
1899.1
1899.1
1899.4
1899.5
1899.5
1899.7
1899.7
1899.7
1899.7
1899.9
1900.0
1900.0
1900.1
1900.2
1900.3
1900.3
1900.4
1900.4
1900.5
1900.6
1900.7
1900.9
1901.0
1901.0
1901.1
1901.3
1901.3
1901.4
1901.4
1901.5
1901.6
1901.6
1901.6
1901.6
1901.7
1901.7
1901.9
1901.9
1902.0
1902.1
1902.1
1902.2
1902.2
1902.5
1902.5
1902.5
1902.6
1902.8
1902.9
1902.9
1903.1
1903.2
1903.2
1903.3
1903.3
1903.3
1903.6
1903.6
1903.7
1903.7
1903.8
1903.8
1903.9
1904.0
1904.0
1904.1
1904.1
1904.4
1904.4
1904.5
1904.6
1904.8
1905.2
1905.2
1905.2
1905.3
1905.4
1905.5
1905.8
1905.8
1905.9
1906.4
1906.4
1906.6
1906.8
1906.8
1907.2
1907.3
1907.5
1911.2
1911.6
1913.2
1915.0
1917.2
1935.1
1935.4
1964.1
1965.8
1966.4
1966.6
1968.0
1968.4
1970.2
1982.6
2055.3
2055.4
2055.4
2055.4
2055.4
2055.4
2055.4
2055.4
2055.4
2055.4
2055.4
2055.4
2055.5
2055.5
2055.5
2055.5
2055.5
2055.5
2055.5
2055.5
2055.5
2055.5
2055.5
2055.5
2055.5
2055.5
2055.5
2055.5
2055.5
2055.6
2055.6
2055.6
2055.6
2055.6
2055.6
2055.6
2055.6
2055.6
2055.6
2055.6
2055.6
2055.7
2055.7
2055.7
2055.7
2055.7
2055.7
2055.7
2055.7
2055.7
2055.8
2055.8
2055.8
2055.8
2055.8
2055.8
2055.8
2055.8
2055.8
2055.9
2055.9
2055.9
2055.9
2056.0
2056.0
2056.1
2056.1
2056.1
2056.1
2056.2
2056.2
2056.3
2056.4
2056.4
2056.4
2056.4
2056.5
2056.5
2056.5
2056.7
2056.7
2056.7
2056.8
2057.0
2057.2
2057.3
2057.5
2057.6
2057.9
2058.1
2058.2
2058.5
2058.7
2059.0
2059.4
2060.1
2060.2
2060.4
2060.4
2060.4
2060.4
2060.4
2060.5
2060.5
2060.5
2060.5
2060.5
2060.5
2060.6
2060.6
2060.6
2060.7
2060.7
2060.7
2060.7
2060.7
2060.7
2060.7
2060.8
2060.8
2060.8
2060.9
2060.9
2060.9
2060.9
2060.9
2060.9
2061.0
2061.0
2061.0
2061.0
2061.0
2061.0
2061.0
2061.1
2061.1
2061.1
2061.1
2061.1
2061.1
2061.2
2061.2
2061.2
2061.2
2061.2
2061.2
2061.3
2061.3
2061.3
2061.3
2061.3
2061.3
2061.3
2061.3
2061.4
2061.4
2061.4
2061.4
2061.4
2061.5
2061.5
2061.5
2061.5
2061.6
2061.6
2061.6
2061.6
2061.6
2061.7
2061.7
2061.8
2061.9
2061.9
2062.0
2062.0
2062.0
2062.1
2062.2
2062.3
2062.4
2062.4
2062.4
2062.7
2062.8
2063.2
2063.3
2063.6
2063.8
2064.2
2064.3
2065.0
2065.8
2066.5
2066.8
2067.7
2069.8
2069.9
2069.9
2070.0
2070.3
2070.4
2070.4
2070.6
2070.6
2070.6
2070.7
2070.7
2070.8
2070.8
2070.9
2071.0
2071.1
2071.1
2071.2
2071.3
2071.6
2071.7
2071.7
2071.8
2071.8
2071.9
2071.9
2072.0
2072.1
2072.2
2072.3
2072.4
2072.5
2072.5
2072.6
2072.6
2072.7
2072.7
2072.8
2072.9
2073.0
2073.0
2073.2
2073.4
2073.4
2073.4
2073.6
2073.7
2073.8
2073.9
2074.0
2074.1
2074.2
2074.3
2074.3
2074.5
2074.5
2074.5
2074.6
2074.7
2074.9
2074.9
2075.1
2075.1
2075.3
2075.4
2075.4
2075.4
2075.5
2075.5
2075.6
2075.9
2076.2
2076.4
2076.5
2076.5
2076.7
2076.8
2076.8
2077.1
2077.1
2077.3
2077.5
2077.6
2077.6
2077.8
2078.2
2078.3
2078.7
2078.7
2079.4
2079.5
2082.5
2082.6
2220.7
2220.8
2220.8
2220.8
2220.8
2220.8
2220.8
2220.8
2220.9
2220.9
2220.9
2220.9
2220.9
2220.9
2220.9
2220.9
2220.9
2220.9
2220.9
2220.9
2220.9
2220.9
2221.0
2221.0
2221.0
2221.0
2221.0
2221.0
2221.0
2221.0
2221.0
2221.0
2221.0
2221.0
2221.0
2221.0
2221.0
2221.0
2221.0
2221.0
2221.0
2221.0
2221.1
2221.1
2221.1
2221.1
2221.1
2221.1
2221.1
2221.1
2221.1
2221.1
2221.2
2221.2
2221.2
2221.2
2221.2
2221.2
2221.2
2221.3
2221.3
2221.3
2221.4
2221.4
2221.4
2221.5
2221.5
2221.6
2221.6
2221.6
2221.7
2221.7
2221.7
2221.7
2221.8
2221.9
2222.0
2222.1
2222.1
2222.1
2222.1
2222.3
2222.3
2222.5
2222.6
2222.8
2222.9
2223.0
2223.5
2223.5
2223.5
2223.8
2224.1
2224.6
2225.1
2225.5
2225.6
2225.8
2225.8
2225.8
2225.8
2225.9
2225.9
2225.9
2225.9
2225.9
2226.0
2226.0
2226.0
2226.0
2226.1
2226.1
2226.1
2226.1
2226.2
2226.2
2226.2
2226.2
2226.2
2226.2
2226.3
2226.3
2226.3
2226.3
2226.3
2226.3
2226.3
2226.3
2226.3
2226.4
2226.4
2226.4
2226.5
2226.5
2226.5
2226.5
2226.5
2226.5
2226.6
2226.6
2226.6
2226.6
2226.6
2226.6
2226.6
2226.6
2226.7
2226.7
2226.7
2226.7
2226.7
2226.7
2226.7
2226.8
2226.8
2226.8
2226.8
2226.8
2226.8
2226.9
2226.9
2226.9
2226.9
2227.0
2227.0
2227.0
2227.0
2227.1
2227.2
2227.2
2227.2
2227.2
2227.3
2227.3
2227.4
2227.4
2227.5
2227.5
2227.6
2227.7
2227.9
2228.0
2228.1
2228.3
2228.5
2228.9
2229.1
2229.2
2229.5
2229.9
2230.2
2230.8
2231.4
2232.0
2232.4
2233.7
2233.9
2234.0
2234.0
2235.4
2235.5
2235.6
2235.7
2235.7
2235.8
2236.0
2236.0
2236.0
2236.2
2236.3
2236.3
2236.4
2236.5
2236.6
2236.6
2236.7
2236.7
2236.8
2236.8
2237.0
2237.0
2237.2
2237.3
2237.3
2237.4
2237.6
2237.7
2237.8
2237.9
2237.9
2237.9
2237.9
2237.9
2238.0
2238.0
2238.2
2238.2
2238.3
2238.4
2238.4
2238.5
2238.6
2238.8
2238.8
2239.0
2239.0
2239.0
2239.1
2239.2
2239.3
2239.5
2239.5
2239.6
2239.6
2239.7
2239.8
2239.8
2239.9
2240.0
2240.1
2240.3
2240.4
2240.4
2240.7
2240.7
2240.7
2240.7
2240.8
2241.0
2241.0
2241.1
2241.1
2241.5
2241.7
2241.7
2241.9
2242.0
2242.1
2242.1
2242.7
2242.9
2242.9
2243.1
2243.4
2243.5
2243.5
2243.6
2243.9
2247.7
2250.0
2250.0
2251.3
2254.6
2271.1
2296.1
2296.8
2297.4
2298.2
2298.2
2298.7
2298.8
2301.3
2303.9
2307.1
2312.4
2313.4
2391.7
2391.8
2391.8
2391.8
2391.8
2391.8
2391.8
2391.8
2391.8
2391.8
2391.8
2391.8
2391.8
2391.8
2391.8
2391.8
2391.8
2391.8
2391.8
2391.9
2391.9
2391.9
2391.9
2391.9
2391.9
2391.9
2391.9
2391.9
2391.9
2391.9
2391.9
2392.0
2392.0
2392.0
2392.0
2392.0
2392.0
2392.0
2392.0
2392.0
2392.0
2392.0
2392.0
2392.0
2392.0
2392.1
2392.1
2392.1
2392.1
2392.1
2392.1
2392.1
2392.1
2392.2
2392.2
2392.2
2392.2
2392.2
2392.2
2392.2
2392.2
2392.3
2392.3
2392.4
2392.4
2392.4
2392.4
2392.5
2392.5
2392.5
2392.6
2392.6
2392.7
2392.8
2392.8
2392.8
2392.8
2392.9
2392.9
2393.1
2393.1
2393.1
2393.2
2393.3
2393.6
2393.7
2393.9
2394.0
2394.2
2394.5
2394.6
2394.8
2395.1
2395.3
2395.8
2396.5
2396.6
2396.8
2396.8
2396.8
2396.8
2396.8
2396.8
2396.9
2396.9
2396.9
2396.9
2396.9
2397.0
2397.0
2397.0
2397.0
2397.0
2397.1
2397.1
2397.1
2397.1
2397.1
2397.1
2397.2
2397.2
2397.2
2397.2
2397.2
2397.2
2397.3
2397.3
2397.4
2397.4
2397.4
2397.4
2397.4
2397.4
2397.4
2397.4
2397.4
2397.4
2397.5
2397.5
2397.5
2397.6
2397.6
2397.6
2397.6
2397.6
2397.6
2397.6
2397.6
2397.6
2397.6
2397.7
2397.7
2397.7
2397.7
2397.7
2397.7
2397.8
2397.8
2397.8
2397.8
2397.8
2397.8
2397.9
2397.9
2397.9
2398.0
2398.0
2398.0
2398.0
2398.1
2398.1
2398.2
2398.3
2398.4
2398.4
2398.4
2398.5
2398.6
2398.7
2398.7
2398.7
2398.8
2399.0
2399.2
2399.6
2399.6
2400.0
2400.1
2400.6
2400.6
2401.3
2402.1
2402.8
2403.1
2404.0
2406.0
2406.2
2406.3
2406.4
2406.7
2406.8
2406.8
2406.9
2406.9
2406.9
2407.0
2407.0
2407.2
2407.2
2407.2
2407.4
2407.4
2407.5
2407.5
2407.6
2407.9
2408.1
2408.1
2408.1
2408.2
2408.2
2408.3
2408.3
2408.4
2408.5
2408.8
2408.8
2408.8
2408.9
2409.0
2409.0
2409.1
2409.1
2409.2
2409.2
2409.3
2409.4
2409.5
2409.7
2409.8
2409.8
2409.9
2409.9
2410.1
2410.1
2410.2
2410.4
2410.6
2410.6
2410.7
2410.8
2410.8
2410.8
2410.9
2411.1
2411.2
2411.3
2411.5
2411.5
2411.6
2411.7
2411.7
2411.8
2411.9
2412.0
2412.1
2412.2
2412.6
2412.6
2412.6
2412.7
2412.8
2413.1
2413.3
2413.3
2413.7
2413.7
2413.8
2414.0
2414.0
2414.2
2414.6
2414.6
2415.0
2415.1
2415.2
2415.6
2418.7
2424.5
2435.8
2457.8
2557.1
2557.1
2557.1
2557.1
2557.2
2557.2
2557.2
2557.2
2557.2
2557.2
2557.2
2557.2
2557.2
2557.2
2557.2
2557.2
2557.2
2557.2
2557.3
2557.3
2557.3
2557.3
2557.3
2557.3
2557.3
2557.3
2557.3
2557.3
2557.3
2557.3
2557.3
2557.3
2557.3
2557.4
2557.4
2557.4
2557.4
2557.4
2557.4
2557.4
2557.4
2557.4
2557.4
2557.4
2557.4
2557.4
2557.4
2557.4
2557.5
2557.5
2557.5
2557.5
2557.5
2557.5
2557.5
2557.5
2557.6
2557.6
2557.6
2557.7
2557.7
2557.7
2557.7
2557.7
2557.8
2557.8
2557.8
2558.0
2558.0
2558.0
2558.0
2558.0
2558.1
2558.1
2558.2
2558.3
2558.3
2558.4
2558.5
2558.5
2558.5
2558.6
2558.7
2558.9
2558.9
2559.2
2559.3
2559.3
2559.8
2559.8
2559.8
2560.1
2560.5
2561.0
2561.4
2561.9
2562.0
2562.1
2562.1
2562.2
2562.2
2562.2
2562.2
2562.2
2562.2
2562.3
2562.3
2562.3
2562.3
2562.3
2562.4
2562.5
2562.5
2562.5
2562.5
2562.5
2562.5
2562.6
2562.6
2562.6
2562.6
2562.6
2562.7
2562.7
2562.7
2562.7
2562.7
2562.7
2562.7
2562.7
2562.7
2562.8
2562.8
2562.8
2562.8
2562.8
2562.8
2562.8
2562.9
2562.9
2562.9
2562.9
2563.0
2563.0
2563.0
2563.0
2563.0
2563.0
2563.0
2563.1
2563.1
2563.1
2563.1
2563.1
2563.1
2563.1
2563.1
2563.2
2563.2
2563.2
2563.2
2563.2
2563.3
2563.3
2563.3
2563.3
2563.4
2563.5
2563.5
2563.5
2563.6
2563.6
2563.6
2563.6
2563.7
2563.7
2563.9
2563.9
2564.0
2564.1
2564.3
2564.3
2564.4
2564.6
2564.9
2565.2
2565.4
2565.5
2565.9
2566.2
2566.5
2567.2
2567.7
2568.3
2568.9
2569.8
2570.1
2570.5
2570.7
2571.7
2571.7
2572.0
2572.1
2572.1
2572.2
2572.3
2572.3
2572.3
2572.5
2572.6
2572.6
2572.7
2572.8
2572.9
2572.9
2572.9
2573.1
2573.1
2573.2
2573.3
2573.3
2573.5
2573.6
2573.6
2573.7
2573.9
2573.9
2574.0
2574.1
2574.1
2574.2
2574.2
2574.3
2574.3
2574.3
2574.5
2574.5
2574.6
2574.7
2574.8
2574.9
2574.9
2575.0
2575.1
2575.1
2575.3
2575.3
2575.5
2575.5
2575.7
2575.8
2575.8
2575.9
2575.9
2576.0
2576.1
2576.2
2576.3
2576.4
2576.5
2576.6
2576.6
2576.7
2576.7
2576.7
2576.8
2577.0
2577.0
2577.1
2577.3
2577.5
2577.5
2577.8
2578.0
2578.0
2578.1
2578.1
2578.5
2578.5
2578.5
2579.0
2579.2
2579.2
2579.4
2579.8
2579.8
2579.8
2580.2
2584.0
2584.7
2585.9
2588.2
2593.1
2607.3
2641.7
2643.9
2645.2
2645.5
2646.3
2647.3
2650.7
2728.0
2728.1
2728.1
2728.1
2728.1
2728.1
2728.1
2728.1
2728.1
2728.1
2728.1
2728.1
2728.1
2728.1
2728.1
2728.1
2728.1
2728.1
2728.1
2728.1
2728.1
2728.1
2728.2
2728.2
2728.2
2728.2
2728.2
2728.2
2728.2
2728.2
2728.2
2728.2
2728.2
2728.2
2728.3
2728.3
2728.3
2728.3
2728.3
2728.3
2728.3
2728.3
2728.3
2728.3
2728.3
2728.3
2728.4
2728.4
2728.4
2728.4
2728.4
2728.4
2728.4
2728.4
2728.4
2728.4
2728.5
2728.5
2728.5
2728.5
2728.6
2728.6
2728.6
2728.7
2728.7
2728.7
2728.7
2728.7
2728.8
2728.8
2728.9
2728.9
2729.0
2729.0
2729.1
2729.1
2729.2
2729.2
2729.2
2729.3
2729.4
2729.4
2729.4
2729.6
2729.9
2730.0
2730.2
2730.3
2730.5
2730.8
2730.8
2731.1
2731.4
2731.6
2732.1
2732.8
2732.8
2733.0
2733.1
2733.1
2733.1
2733.1
2733.1
2733.1
2733.2
2733.2
2733.2
2733.2
2733.2
2733.2
2733.3
2733.3
2733.3
2733.3
2733.4
2733.4
2733.4
2733.4
2733.4
2733.5
2733.5
2733.5
2733.5
2733.5
2733.5
2733.5
2733.6
2733.6
2733.6
2733.6
2733.7
2733.7
2733.7
2733.7
2733.7
2733.7
2733.7
2733.8
2733.8
2733.8
2733.8
2733.8
2733.9
2733.9
2733.9
2733.9
2733.9
2733.9
2733.9
2733.9
2733.9
2733.9
2733.9
2734.0
2734.0
2734.0
2734.1
2734.1
2734.1
2734.1
2734.1
2734.1
2734.1
2734.2
2734.2
2734.3
2734.3
2734.3
2734.3
2734.4
2734.4
2734.5
2734.6
2734.6
2734.7
2734.7
2734.8
2734.8
2734.9
2735.0
2735.0
2735.1
2735.3
2735.4
2735.9
2735.9
2736.3
2736.4
2736.9
2736.9
2737.6
2738.4
2739.1
2739.2
2740.1
2742.4
2742.5
2742.6
2742.6
2742.9
2743.0
2743.0
2743.0
2743.1
2743.2
2743.2
2743.3
2743.5
2743.5
2743.5
2743.7
2743.7
2743.8
2743.8
2743.9
2744.2
2744.3
2744.3
2744.4
2744.5
2744.5
2744.6
2744.6
2744.6
2744.8
2745.1
2745.1
2745.1
2745.2
2745.2
2745.2
2745.4
2745.4
2745.5
2745.5
2745.6
2745.7
2745.9
2746.0
2746.1
2746.1
2746.1
2746.2
2746.4
2746.4
2746.6
2746.7
2746.7
2746.9
2747.0
2747.1
2747.1
2747.1
2747.3
2747.4
2747.4
2747.5
2747.6
2747.9
2747.9
2748.0
2748.0
2748.0
2748.0
2748.1
2748.3
2748.5
2748.5
2748.9
2749.0
2749.0
2749.1
2749.4
2749.5
2749.6
2749.7
2750.0
2750.1
2750.2
2750.3
2750.5
2750.9
2750.9
2751.0
2751.3
2751.3
2751.4
2754.0
2755.3
2766.5
2768.7
2893.5
2893.5
2893.5
2893.5
2893.6
2893.6
2893.6
2893.6
2893.6
2893.6
2893.6
2893.6
2893.6
2893.6
2893.6
2893.7
2893.7
2893.7
2893.7
2893.7
2893.7
2893.7
2893.7
2893.7
2893.7
2893.7
2893.7
2893.7
2893.7
2893.8
2893.8
2893.8
2893.8
2893.8
2893.8
2893.8
2893.8
2893.8
2893.8
2893.8
2893.8
2893.8
2893.8
2893.8
2893.9
2893.9
2893.9
2893.9
2893.9
2893.9
2893.9
2893.9
2893.9
2894.0
2894.0
2894.0
2894.0
2894.0
2894.0
2894.1
2894.1
2894.1
2894.1
2894.2
2894.2
2894.3
2894.3
2894.4
2894.4
2894.4
2894.5
2894.5
2894.5
2894.6
2894.6
2894.7
2894.8
2894.9
2894.9
2894.9
2895.0
2895.1
2895.2
2895.4
2895.4
2895.7
2895.8
2895.8
2896.3
2896.4
2896.4
2896.7
2897.0
2897.5
2898.0
2898.5
2898.5
2898.6
2898.6
2898.6
2898.6
2898.6
2898.7
2898.7
2898.7
2898.7
2898.7
2898.7
2898.8
2898.8
2898.9
2898.9
2898.9
2898.9
2898.9
2898.9
2899.0
2899.0
2899.0
2899.0
2899.0
2899.1
2899.1
2899.1
2899.1
2899.1
2899.1
2899.1
2899.1
2899.1
2899.1
2899.2
2899.2
2899.2
2899.2
2899.3
2899.3
2899.3
2899.3
2899.4
2899.4
2899.4
2899.4
2899.4
2899.4
2899.4
2899.5
2899.5
2899.5
2899.5
2899.5
2899.5
2899.5
2899.5
2899.5
2899.5
2899.6
2899.6
2899.6
2899.6
2899.7
2899.7
2899.7
2899.8
2899.8
2899.8
2899.9
2899.9
2900.0
2900.0
2900.0
2900.0
2900.1
2900.1
2900.2
2900.2
2900.3
2900.4
2900.5
2900.5
2900.8
2900.9
2901.0
2901.1
2901.5
2901.8
2902.0
2902.1
2902.6
2902.8
2903.2
2903.9
2904.5
2905.2
2905.7
2907.1
2907.1
2907.3
2907.4
2908.1
2908.3
2908.4
2908.5
2908.5
2908.7
2908.7
2908.8
2908.8
2908.9
2909.0
2909.0
2909.1
2909.2
2909.3
2909.4
2909.5
2909.5
2909.6
2909.7
2909.7
2909.9
2910.0
2910.0
2910.1
2910.3
2910.3
2910.5
2910.5
2910.5
2910.6
2910.6
2910.6
2910.7
2910.7
2910.9
2910.9
2910.9
2911.0
2911.1
2911.2
2911.3
2911.3
2911.5
2911.5
2911.6
2911.7
2911.8
2911.9
2911.9
2912.2
2912.2
2912.2
2912.2
2912.3
2912.5
2912.5
2912.6
2912.7
2912.8
2913.0
2913.0
2913.0
2913.1
2913.1
2913.4
2913.4
2913.4
2913.6
2913.6
2913.7
2913.8
2914.1
2914.4
2914.4
2914.4
2914.5
2914.7
2914.8
2914.9
2915.4
2915.5
2915.6
2915.8
2915.9
2916.2
2916.2
2916.4
2916.5
2920.3
2921.3
2923.0
2924.5
2929.0
2940.7
2968.5
2968.6
2969.4
2969.5
2970.0
2970.7
2971.2
2972.2
2976.4
2979.1
2982.2
2983.6
2985.2
2988.7
