257.8
257.9
257.9
257.9
257.9
257.9
257.9
257.9
258.0
258.0
258.0
258.0
258.0
258.0
258.0
258.0
258.0
258.0
258.0
258.0
258.1
258.1
258.1
258.1
258.1
258.1
258.1
258.2
258.2
258.2
258.2
258.2
258.3
258.3
258.3
258.4
258.4
258.5
258.5
258.5
258.6
258.6
258.6
258.6
258.6
258.6
258.6
258.6
258.7
258.7
258.8
258.8
258.8
258.9
258.9
258.9
258.9
259.0
259.0
259.0
259.0
259.1
259.1
259.1
259.2
259.4
259.4
259.5
259.5
259.6
259.7
259.8
259.8
259.9
260.0
260.0
260.1
260.1
260.2
260.4
260.5
260.6
260.7
260.8
260.8
260.9
261.0
261.2
261.3
262.1
262.1
262.1
262.7
262.9
262.9
262.9
263.0
263.0
263.0
263.1
263.1
263.1
263.2
263.2
263.2
263.3
263.3
263.3
263.3
263.3
263.4
263.4
263.4
263.4
263.5
263.5
263.5
263.5
263.5
263.5
263.5
263.5
263.6
263.6
263.6
263.6
263.6
263.6
263.6
263.7
263.7
263.7
263.8
263.8
263.8
263.8
263.8
263.8
263.9
263.9
263.9
263.9
263.9
264.0
264.0
264.0
264.1
264.1
264.1
264.1
264.2
264.3
264.3
264.3
264.4
264.4
264.5
264.7
264.7
264.7
264.7
264.7
264.8
264.8
264.9
264.9
264.9
264.9
265.0
265.1
265.2
265.3
265.3
265.4
265.5
265.6
265.8
266.0
266.2
266.2
266.3
266.6
266.7
266.7
266.7
266.7
267.4
267.5
268.3
269.0
269.2
269.3
269.7
269.7
269.8
270.0
270.1
270.2
270.2
270.3
270.4
270.4
270.4
270.5
270.6
270.7
270.7
270.7
270.8
270.9
270.9
270.9
271.0
271.0
271.1
271.1
271.1
271.2
271.2
271.2
271.3
271.3
271.3
271.4
271.5
271.6
271.6
271.6
271.6
271.6
271.7
271.7
271.8
271.8
271.9
271.9
272.0
272.0
272.0
272.0
272.0
272.2
272.2
272.3
272.3
272.3
272.3
272.4
272.4
272.5
272.5
272.5
272.6
272.6
272.7
272.8
272.8
272.9
273.0
273.0
273.0
273.1
273.1
273.1
273.4
273.4
273.4
273.5
273.5
273.6
273.6
273.6
273.7
273.9
273.9
274.0
274.3
274.5
274.5
274.6
274.9
275.0
275.3
275.3
275.5
275.9
277.1
277.8
278.5
278.8
280.7
281.6
284.9
290.2
293.1
293.2
298.2
300.8
303.7
425.9
426.0
426.0
426.0
426.0
426.0
426.1
426.1
426.1
426.1
426.1
426.1
426.1
426.1
426.1
426.1
426.1
426.2
426.2
426.2
426.2
426.2
426.2
426.3
426.3
426.3
426.3
426.3
426.3
426.3
426.3
426.3
426.3
426.4
426.4
426.4
426.4
426.4
426.4
426.4
426.5
426.5
426.5
426.5
426.5
426.5
426.6
426.6
426.6
426.6
426.7
426.7
426.7
426.7
426.8
426.8
426.8
426.8
426.9
427.0
427.1
427.1
427.1
427.1
427.3
427.3
427.3
427.4
427.5
427.5
427.5
427.7
427.8
427.8
427.9
428.1
428.1
428.4
428.5
428.5
428.7
428.7
428.8
428.8
428.9
429.0
429.3
429.6
429.9
430.4
430.8
430.9
430.9
430.9
431.0
431.0
431.0
431.0
431.1
431.1
431.2
431.2
431.3
431.3
431.3
431.3
431.3
431.4
431.4
431.4
431.4
431.4
431.4
431.4
431.5
431.5
431.5
431.5
431.5
431.5
431.6
431.6
431.6
431.6
431.6
431.6
431.6
431.7
431.7
431.7
431.7
431.7
431.7
431.7
431.7
431.8
431.8
431.8
431.8
431.8
431.8
431.8
431.9
432.0
432.0
432.0
432.0
432.1
432.1
432.1
432.2
432.3
432.3
432.6
432.7
432.7
432.7
432.7
432.9
432.9
433.1
433.1
433.1
433.2
433.5
433.5
433.5
433.6
433.9
434.0
434.1
434.2
434.2
434.3
434.4
434.6
434.9
435.0
435.2
435.3
435.5
435.5
435.6
435.9
436.2
436.6
436.7
437.4
437.5
437.9
438.0
438.2
438.2
438.3
438.3
438.4
438.5
438.6
438.7
438.7
438.8
438.8
438.8
438.9
438.9
438.9
439.0
439.0
439.1
439.1
439.2
439.2
439.2
439.2
439.5
439.6
439.6
439.6
439.6
439.7
439.8
439.8
439.8
439.8
439.9
439.9
440.0
440.0
440.1
440.1
440.1
440.4
440.5
440.5
440.5
440.5
440.6
440.6
440.7
440.7
440.9
440.9
440.9
440.9
441.0
441.0
441.1
441.1
441.2
441.2
441.4
441.4
441.5
441.5
441.8
441.8
441.8
441.9
441.9
442.1
442.5
442.6
442.7
442.7
442.8
442.8
443.0
443.3
443.7
444.4
444.7
445.0
445.3
447.4
447.9
448.0
448.2
450.9
451.5
453.7
456.9
467.7
472.7
481.3
568.8
568.9
568.9
568.9
568.9
568.9
569.0
569.0
569.0
569.0
569.0
569.0
569.0
569.0
569.0
569.0
569.1
569.1
569.1
569.1
569.1
569.1
569.1
569.1
569.1
569.2
569.2
569.2
569.2
569.3
569.3
569.3
569.4
569.4
569.4
569.4
569.5
569.5
569.6
569.6
569.6
569.6
569.6
569.6
569.7
569.7
569.7
569.7
569.8
569.8
569.8
569.8
569.8
569.8
569.8
569.9
569.9
569.9
570.0
570.0
570.0
570.1
570.1
570.2
570.3
570.4
570.4
570.4
570.5
570.5
570.7
570.8
570.8
570.9
570.9
571.1
571.3
571.4
571.6
571.8
571.9
571.9
572.0
572.0
572.1
572.3
572.5
573.2
573.3
573.3
573.4
573.5
573.6
573.6
573.7
573.7
573.7
573.8
573.8
573.8
573.8
573.8
573.8
573.9
573.9
573.9
574.0
574.0
574.0
574.0
574.0
574.0
574.0
574.1
574.1
574.1
574.1
574.1
574.1
574.1
574.2
574.2
574.2
574.2
574.2
574.3
574.3
574.3
574.4
574.4
574.4
574.4
574.4
574.4
574.4
574.5
574.5
574.5
574.5
574.5
574.6
574.6
574.6
574.6
574.7
574.8
574.8
574.9
574.9
574.9
574.9
575.0
575.0
575.4
575.4
575.5
575.6
575.6
575.7
575.8
575.9
576.0
576.1
576.3
576.3
576.4
576.4
576.5
576.8
576.8
576.9
577.1
577.4
577.6
577.9
578.0
578.2
578.4
578.5
578.7
578.8
579.1
579.2
579.5
579.9
580.0
580.2
580.3
580.4
580.5
580.7
580.9
581.0
581.0
581.1
581.1
581.2
581.2
581.2
581.2
581.4
581.4
581.5
581.5
581.5
581.5
581.5
581.5
581.6
581.6
581.6
581.7
581.8
581.8
581.9
581.9
581.9
582.0
582.1
582.1
582.1
582.1
582.1
582.1
582.3
582.3
582.4
582.4
582.5
582.5
582.5
582.6
582.6
582.6
582.7
582.7
582.7
582.8
582.8
582.8
582.9
582.9
582.9
582.9
583.0
583.0
583.1
583.1
583.2
583.3
583.3
583.4
583.4
583.5
583.6
583.7
583.7
583.8
583.9
583.9
584.0
584.0
584.0
584.2
584.2
584.3
584.4
584.4
584.5
584.8
584.9
585.2
585.2
585.2
585.4
585.5
585.9
586.3
586.4
587.7
588.0
588.1
588.4
588.5
588.9
589.0
589.1
589.2
591.1
592.4
592.9
594.1
595.0
595.5
597.5
597.8
598.6
598.7
599.2
600.1
600.2
602.4
602.6
603.6
604.6
605.8
607.3
608.8
614.9
623.3
626.6
630.3
707.5
707.6
707.6
707.6
707.6
707.6
707.7
707.7
707.7
707.7
707.7
707.7
707.7
707.7
707.7
707.7
707.8
707.8
707.8
707.8
707.8
707.8
707.8
707.8
707.8
707.9
707.9
707.9
707.9
707.9
707.9
707.9
708.0
708.0
708.0
708.0
708.1
708.1
708.1
708.1
708.1
708.2
708.2
708.2
708.2
708.3
708.3
708.4
708.4
708.5
708.5
708.5
708.5
708.5
708.6
708.6
708.7
708.7
708.7
708.7
708.8
708.8
708.9
709.0
709.0
709.2
709.4
709.4
709.4
709.5
709.6
709.8
709.9
709.9
710.0
710.0
710.2
710.3
710.3
710.6
710.6
710.7
710.8
710.9
710.9
711.0
711.3
711.3
711.4
711.9
712.0
712.0
712.1
712.1
712.1
712.2
712.2
712.2
712.3
712.3
712.3
712.3
712.4
712.4
712.4
712.4
712.4
712.4
712.5
712.5
712.5
712.5
712.5
712.5
712.6
712.6
712.6
712.6
712.6
712.6
712.6
712.7
712.7
712.7
712.7
712.7
712.7
712.8
712.8
712.8
712.8
712.9
712.9
712.9
712.9
713.0
713.0
713.0
713.0
713.0
713.1
713.1
713.1
713.2
713.2
713.2
713.3
713.3
713.5
713.5
713.5
713.5
713.6
713.7
713.7
713.8
713.9
714.0
714.1
714.2
714.2
714.2
714.3
714.3
714.3
714.4
714.4
714.5
714.5
714.5
714.6
714.8
714.9
714.9
715.2
715.3
715.3
715.6
715.6
715.8
715.9
716.0
716.1
716.2
716.3
716.3
716.9
717.3
717.8
718.4
718.5
718.8
718.9
719.1
719.1
719.2
719.4
719.4
719.5
719.6
719.7
719.7
719.7
719.8
719.8
719.9
720.0
720.1
720.1
720.1
720.2
720.2
720.2
720.2
720.2
720.2
720.2
720.3
720.3
720.3
720.4
720.5
720.5
720.6
720.7
720.8
720.8
720.8
720.8
720.9
720.9
721.0
721.0
721.0
721.0
721.0
721.1
721.2
721.2
721.2
721.2
721.3
721.3
721.4
721.4
721.4
721.5
721.5
721.5
721.6
721.6
721.6
721.7
721.7
721.7
721.7
721.7
721.7
721.8
721.8
721.8
721.8
721.9
722.0
722.1
722.1
722.2
722.2
722.2
722.3
722.3
722.4
722.4
722.6
722.6
722.7
722.8
722.8
722.8
723.0
723.1
723.2
723.2
723.3
723.9
724.5
724.5
725.2
726.0
726.9
727.1
727.5
728.5
733.2
736.1
736.4
736.4
736.5
736.7
737.7
737.8
738.3
738.7
739.5
740.0
740.4
740.5
741.3
741.3
742.6
742.9
742.9
742.9
742.9
743.0
743.0
743.0
743.1
743.1
743.1
743.1
743.2
743.2
743.2
743.2
743.2
743.2
743.2
743.2
743.2
743.2
743.3
743.3
743.3
743.3
743.3
743.4
743.4
743.4
743.4
743.4
743.5
743.5
743.6
743.7
743.7
743.9
743.9
744.0
744.1
744.2
744.2
744.2
744.2
744.3
744.3
744.4
744.4
744.7
744.7
744.8
744.8
744.8
744.9
745.0
745.0
745.2
745.3
745.3
745.4
745.4
745.5
745.6
745.7
745.7
745.8
745.9
745.9
746.1
746.2
746.3
746.4
746.4
746.8
747.1
747.1
747.1
747.3
747.3
747.4
747.6
747.6
747.7
747.8
747.8
747.9
747.9
747.9
747.9
748.0
748.1
748.1
748.1
748.2
748.2
748.2
748.2
748.2
748.3
748.3
748.3
748.3
748.3
748.3
748.4
748.4
748.4
748.5
748.5
748.5
748.5
748.5
748.5
748.6
748.7
748.7
748.8
748.8
748.8
748.9
748.9
749.0
749.0
749.0
749.1
749.1
749.1
749.1
749.2
749.2
749.3
749.4
749.4
749.4
749.5
749.7
749.7
749.7
749.7
749.8
749.9
750.0
750.1
750.3
750.3
750.6
750.6
750.9
750.9
751.0
751.2
751.3
751.6
752.1
752.3
752.3
752.6
753.0
753.2
753.3
753.4
753.7
753.7
754.1
754.2
754.2
754.3
754.6
754.7
754.9
754.9
755.0
755.0
755.2
755.2
755.3
755.3
755.5
755.6
755.7
755.8
755.9
755.9
755.9
756.0
756.0
756.0
756.1
756.4
756.4
756.5
756.5
756.7
756.7
756.7
756.7
756.8
756.8
756.8
756.8
756.9
757.0
757.0
757.2
757.2
757.2
757.2
757.2
757.3
757.4
757.4
757.4
757.5
757.5
757.7
757.7
757.8
757.9
757.9
758.0
758.0
758.1
758.2
758.4
758.5
758.5
758.7
758.9
758.9
759.1
759.4
759.5
759.6
759.8
759.8
760.2
760.2
760.3
760.5
760.9
761.0
761.1
761.2
761.3
761.4
761.7
762.1
762.5
762.6
762.8
763.0
763.0
763.2
764.3
765.2
765.7
766.2
766.8
766.9
767.1
767.4
767.6
767.7
767.7
769.8
770.5
771.3
773.1
773.3
773.5
774.4
774.4
774.6
775.1
777.0
777.5
777.6
778.6
778.7
779.8
780.0
780.0
780.6
780.8
781.1
781.8
782.2
782.4
782.7
783.1
783.3
783.4
783.7
783.7
783.9
784.5
785.1
785.5
785.7
786.3
786.7
789.3
789.5
789.7
791.8
794.2
796.9
797.3
802.0
898.6
898.6
898.6
898.6
898.6
898.6
898.6
898.6
898.6
898.6
898.6
898.6
898.6
898.7
898.7
898.7
898.7
898.7
898.7
898.7
898.7
898.7
898.7
898.7
898.7
898.7
898.7
898.7
898.7
898.7
898.7
898.7
898.7
898.7
898.7
898.7
898.7
898.7
898.8
898.8
898.8
898.8
898.8
898.8
898.8
898.8
898.8
898.8
898.8
898.8
898.8
898.9
898.9
898.9
898.9
898.9
899.0
899.0
899.0
899.0
899.0
899.0
899.0
899.1
899.1
899.2
899.2
899.2
899.2
899.2
899.4
899.4
899.4
899.4
899.4
899.6
899.7
899.7
899.7
899.7
899.7
899.8
899.8
900.0
900.1
900.3
900.4
900.5
900.8
900.9
901.0
901.3
901.4
902.0
902.1
902.7
902.7
902.8
903.0
903.0
903.0
903.0
903.0
903.0
903.1
903.1
903.1
903.1
903.1
903.1
903.1
903.2
903.2
903.2
903.2
903.2
903.2
903.3
903.3
903.3
903.3
903.3
903.3
903.3
903.3
903.3
903.4
903.4
903.4
903.4
903.4
903.4
903.4
903.4
903.4
903.5
903.5
903.5
903.5
903.5
903.5
903.6
903.6
903.6
903.6
903.6
903.6
903.6
903.6
903.6
903.6
903.6
903.6
903.6
903.7
903.7
903.7
903.7
903.7
903.8
903.8
903.8
903.8
903.9
903.9
904.0
904.0
904.0
904.0
904.0
904.1
904.1
904.1
904.3
904.3
904.3
904.4
904.4
904.5
904.5
904.8
904.8
904.8
904.9
905.3
905.4
905.7
905.7
906.1
906.6
907.0
907.4
908.0
909.0
909.0
909.8
910.0
910.0
910.1
910.2
910.2
910.3
910.3
910.3
910.3
910.4
910.4
910.4
910.5
910.5
910.5
910.6
910.6
910.7
910.7
910.7
910.7
910.9
911.0
911.0
911.0
911.0
911.0
911.1
911.1
911.1
911.1
911.1
911.1
911.1
911.1
911.2
911.2
911.3
911.3
911.3
911.4
911.4
911.5
911.5
911.6
911.6
911.7
911.7
911.7
911.7
911.8
911.8
911.8
911.8
911.8
911.9
911.9
912.0
912.0
912.0
912.0
912.0
912.0
912.1
912.1
912.1
912.2
912.2
912.2
912.3
912.3
912.4
912.4
912.5
912.5
912.5
912.5
912.6
912.6
912.6
912.8
912.9
912.9
913.0
913.0
913.2
913.7
913.8
913.8
914.0
914.2
914.9
915.2
915.5
916.1
920.2
920.4
921.8
923.4
939.6
939.7
941.1
941.5
941.7
941.7
941.7
941.8
941.8
941.8
941.8
941.8
941.8
941.8
941.8
941.8
941.9
941.9
941.9
941.9
941.9
941.9
941.9
941.9
941.9
941.9
941.9
941.9
941.9
941.9
941.9
941.9
941.9
941.9
941.9
941.9
941.9
941.9
942.0
942.0
942.0
942.0
942.0
942.0
942.0
942.0
942.0
942.0
942.0
942.0
942.0
942.0
942.0
942.0
942.0
942.0
942.1
942.1
942.1
942.1
942.1
942.1
942.2
942.2
942.2
942.2
942.2
942.2
942.2
942.3
942.3
942.3
942.3
942.4
942.4
942.4
942.4
942.4
942.4
942.6
942.6
942.6
942.7
942.8
942.8
942.9
942.9
943.0
943.1
943.1
943.2
943.4
943.4
943.7
943.7
943.8
943.9
944.6
944.7
944.7
946.0
946.1
946.2
946.2
946.2
946.2
946.2
946.3
946.3
946.3
946.3
946.4
946.4
946.4
946.4
946.4
946.4
946.4
946.4
946.4
946.5
946.5
946.5
946.5
946.5
946.5
946.6
946.6
946.6
946.6
946.6
946.6
946.6
946.6
946.6
946.6
946.6
946.7
946.7
946.7
946.7
946.7
946.7
946.7
946.8
946.8
946.8
946.8
946.8
946.8
946.8
946.8
946.8
946.8
946.8
946.9
946.9
946.9
946.9
946.9
946.9
946.9
946.9
947.0
947.0
947.0
947.0
947.0
947.0
947.1
947.1
947.2
947.2
947.2
947.2
947.3
947.3
947.3
947.3
947.4
947.4
947.5
947.5
947.6
947.8
947.9
948.1
948.1
948.2
948.2
948.4
948.5
948.6
949.2
949.5
950.0
950.4
951.3
951.3
951.6
952.2
952.6
952.8
952.9
953.0
953.1
953.1
953.2
953.3
953.4
953.4
953.4
953.4
953.5
953.5
953.5
953.6
953.6
953.6
953.7
953.7
953.7
953.8
953.8
953.8
953.9
953.9
954.0
954.1
954.1
954.1
954.2
954.2
954.2
954.2
954.3
954.3
954.3
954.3
954.3
954.4
954.4
954.4
954.5
954.5
954.6
954.7
954.7
954.7
954.8
954.8
954.8
954.9
954.9
954.9
954.9
954.9
955.0
955.0
955.1
955.1
955.2
955.2
955.2
955.2
955.2
955.2
955.2
955.3
955.3
955.3
955.4
955.4
955.4
955.5
955.5
955.5
955.5
955.5
955.6
955.6
955.7
955.7
955.8
955.9
955.9
956.3
956.4
956.6
957.0
957.0
957.0
957.2
957.2
959.7
961.8
964.3
964.7
965.8
968.1
979.8
1103.2
1103.2
1103.2
1103.2
1103.2
1103.3
1103.3
1103.3
1103.3
1103.3
1103.3
1103.3
1103.3
1103.3
1103.3
1103.3
1103.3
1103.3
1103.3
1103.3
1103.3
1103.3
1103.4
1103.4
1103.4
1103.4
1103.4
1103.4
1103.4
1103.4
1103.4
1103.4
1103.4
1103.4
1103.4
1103.4
1103.4
1103.4
1103.4
1103.4
1103.4
1103.4
1103.4
1103.4
1103.4
1103.4
1103.4
1103.5
1103.5
1103.5
1103.5
1103.5
1103.5
1103.5
1103.5
1103.6
1103.6
1103.6
1103.6
1103.7
1103.7
1103.7
1103.7
1103.7
1103.7
1103.8
1103.8
1103.9
1103.9
1103.9
1103.9
1103.9
1104.0
1104.1
1104.1
1104.2
1104.2
1104.3
1104.4
1104.4
1104.4
1104.5
1104.5
1104.7
1104.7
1104.9
1105.1
1105.2
1105.5
1105.7
1105.7
1106.1
1106.1
1107.0
1107.0
1107.6
1107.6
1107.6
1107.7
1107.7
1107.7
1107.7
1107.7
1107.7
1107.7
1107.8
1107.8
1107.8
1107.8
1107.8
1107.9
1107.9
1107.9
1107.9
1107.9
1107.9
1107.9
1107.9
1107.9
1107.9
1108.0
1108.0
1108.0
1108.0
1108.0
1108.0
1108.0
1108.0
1108.0
1108.1
1108.1
1108.1
1108.1
1108.1
1108.1
1108.1
1108.1
1108.1
1108.2
1108.2
1108.2
1108.2
1108.2
1108.2
1108.2
1108.2
1108.2
1108.2
1108.3
1108.3
1108.3
1108.3
1108.3
1108.3
1108.3
1108.4
1108.4
1108.4
1108.4
1108.4
1108.5
1108.5
1108.6
1108.6
1108.6
1108.7
1108.7
1108.7
1108.7
1108.7
1108.7
1108.7
1108.8
1108.9
1108.9
1109.1
1109.1
1109.1
1109.1
1109.3
1109.6
1109.6
1109.6
1109.6
1110.1
1110.1
1110.4
1110.6
1110.9
1111.5
1111.8
1112.2
1112.8
1113.9
1114.0
1114.3
1114.5
1114.5
1114.6
1114.6
1114.7
1114.8
1114.8
1114.8
1114.8
1114.9
1114.9
1114.9
1115.0
1115.0
1115.1
1115.1
1115.2
1115.2
1115.2
1115.3
1115.3
1115.3
1115.4
1115.4
1115.4
1115.4
1115.5
1115.5
1115.5
1115.6
1115.6
1115.6
1115.6
1115.6
1115.6
1115.6
1115.6
1115.7
1115.7
1115.7
1115.8
1115.8
1115.8
1115.8
1115.9
1116.0
1116.0
1116.0
1116.0
1116.0
1116.1
1116.1
1116.1
1116.2
1116.2
1116.2
1116.3
1116.3
1116.3
1116.3
1116.3
1116.3
1116.4
1116.4
1116.4
1116.4
1116.4
1116.4
1116.5
1116.6
1116.6
1116.7
1116.7
1116.7
1116.8
1116.8
1116.8
1116.8
1116.9
1116.9
1117.0
1117.0
1117.0
1117.2
1117.3
1117.4
1117.8
1117.8
1118.0
1118.1
1118.2
1118.5
1118.8
1118.9
1119.8
1122.8
1123.3
1124.3
1124.7
1130.7
1131.7
1132.7
1133.2
1134.1
1142.7
1145.8
1147.3
1150.2
1150.5
1150.6
1150.6
1150.6
1150.6
1150.6
1150.6
1150.6
1150.6
1150.6
1150.6
1150.7
1150.7
1150.7
1150.7
1150.7
1150.7
1150.7
1150.7
1150.7
1150.7
1150.7
1150.7
1150.7
1150.7
1150.7
1150.7
1150.7
1150.7
1150.8
1150.8
1150.8
1150.8
1150.8
1150.8
1150.8
1150.8
1150.8
1150.8
1150.8
1150.8
1150.8
1150.8
1150.8
1150.8
1150.8
1150.8
1150.8
1150.8
1150.9
1150.9
1150.9
1150.9
1150.9
1150.9
1150.9
1150.9
1151.0
1151.0
1151.0
1151.0
1151.1
1151.1
1151.1
1151.1
1151.1
1151.1
1151.2
1151.2
1151.2
1151.2
1151.3
1151.3
1151.4
1151.4
1151.4
1151.5
1151.5
1151.6
1151.6
1151.7
1151.8
1151.8
1151.9
1151.9
1152.1
1152.1
1152.5
1152.5
1152.6
1152.8
1154.4
1154.4
1154.8
1154.9
1154.9
1155.0
1155.1
1155.1
1155.1
1155.1
1155.1
1155.1
1155.1
1155.2
1155.2
1155.2
1155.2
1155.2
1155.3
1155.3
1155.3
1155.3
1155.3
1155.3
1155.3
1155.3
1155.3
1155.4
1155.4
1155.4
1155.4
1155.4
1155.4
1155.4
1155.4
1155.5
1155.5
1155.5
1155.5
1155.5
1155.5
1155.5
1155.5
1155.6
1155.6
1155.6
1155.6
1155.6
1155.6
1155.6
1155.6
1155.6
1155.7
1155.7
1155.7
1155.7
1155.7
1155.7
1155.7
1155.7
1155.8
1155.8
1155.8
1155.9
1155.9
1155.9
1155.9
1155.9
1156.0
1156.0
1156.1
1156.1
1156.1
1156.1
1156.1
1156.1
1156.1
1156.2
1156.2
1156.3
1156.3
1156.4
1156.4
1156.5
1156.7
1156.7
1156.8
1156.8
1156.9
1157.0
1157.2
1157.3
1157.4
1157.5
1157.8
1157.8
1158.4
1159.0
1159.5
1160.1
1161.5
1161.5
1161.5
1161.7
1162.1
1162.1
1162.2
1162.3
1162.4
1162.4
1162.5
1162.5
1162.5
1162.6
1162.6
1162.6
1162.6
1162.7
1162.8
1162.8
1162.8
1162.9
1162.9
1162.9
1163.0
1163.0
1163.0
1163.1
1163.1
1163.2
1163.3
1163.3
1163.4
1163.4
1163.4
1163.4
1163.4
1163.5
1163.5
1163.6
1163.6
1163.7
1163.7
1163.7
1163.8
1163.8
1163.9
1163.9
1163.9
1163.9
1163.9
1164.0
1164.0
1164.1
1164.1
1164.1
1164.1
1164.2
1164.2
1164.2
1164.3
1164.3
1164.4
1164.4
1164.4
1164.4
1164.4
1164.5
1164.5
1164.5
1164.7
1164.7
1164.7
1164.7
1164.7
1164.7
1164.8
1164.8
1164.9
1165.0
1165.1
1165.2
1165.3
1165.5
1165.5
1165.7
1165.7
1165.8
1165.9
1166.0
1166.0
1166.1
1166.2
1167.8
1168.0
1168.8
1170.6
1176.3
1179.6
1179.7
1181.2
1187.1
1187.3
1207.2
1307.9
1307.9
1307.9
1307.9
1307.9
1307.9
1307.9
1307.9
1308.0
1308.0
1308.0
1308.0
1308.0
1308.0
1308.0
1308.0
1308.0
1308.0
1308.0
1308.0
1308.0
1308.0
1308.0
1308.0
1308.0
1308.0
1308.0
1308.0
1308.1
1308.1
1308.1
1308.1
1308.1
1308.1
1308.1
1308.1
1308.1
1308.1
1308.1
1308.1
1308.1
1308.1
1308.1
1308.1
1308.1
1308.1
1308.2
1308.2
1308.2
1308.2
1308.2
1308.2
1308.2
1308.2
1308.3
1308.3
1308.3
1308.3
1308.3
1308.3
1308.3
1308.3
1308.4
1308.4
1308.4
1308.4
1308.5
1308.5
1308.5
1308.5
1308.6
1308.7
1308.7
1308.7
1308.7
1308.8
1308.9
1308.9
1308.9
1308.9
1309.0
1309.0
1309.0
1309.2
1309.4
1309.5
1309.6
1309.8
1310.1
1310.1
1310.3
1310.6
1310.7
1311.2
1311.2
1311.9
1312.0
1312.0
1312.1
1312.3
1312.3
1312.3
1312.4
1312.4
1312.4
1312.4
1312.4
1312.4
1312.4
1312.4
1312.5
1312.5
1312.5
1312.5
1312.5
1312.5
1312.5
1312.6
1312.6
1312.6
1312.6
1312.6
1312.6
1312.7
1312.7
1312.7
1312.7
1312.7
1312.7
1312.7
1312.7
1312.7
1312.7
1312.7
1312.8
1312.8
1312.8
1312.8
1312.8
1312.8
1312.8
1312.8
1312.8
1312.9
1312.9
1312.9
1312.9
1312.9
1312.9
1312.9
1312.9
1312.9
1313.0
1313.0
1313.0
1313.0
1313.0
1313.0
1313.0
1313.1
1313.1
1313.1
1313.1
1313.1
1313.2
1313.2
1313.2
1313.2
1313.3
1313.3
1313.3
1313.4
1313.4
1313.4
1313.4
1313.5
1313.5
1313.5
1313.6
1313.6
1313.8
1313.9
1313.9
1313.9
1314.3
1314.4
1314.7
1314.7
1314.9
1315.2
1315.7
1316.0
1316.6
1317.0
1317.2
1318.6
1318.7
1318.8
1318.8
1319.1
1319.2
1319.3
1319.3
1319.3
1319.4
1319.4
1319.5
1319.5
1319.6
1319.6
1319.6
1319.6
1319.7
1319.7
1319.7
1319.7
1319.8
1319.9
1319.9
1319.9
1319.9
1319.9
1319.9
1320.0
1320.1
1320.2
1320.2
1320.2
1320.3
1320.3
1320.3
1320.3
1320.3
1320.4
1320.4
1320.4
1320.4
1320.4
1320.6
1320.6
1320.6
1320.6
1320.6
1320.6
1320.7
1320.7
1320.8
1320.8
1320.9
1320.9
1320.9
1320.9
1321.0
1321.0
1321.0
1321.0
1321.0
1321.1
1321.1
1321.1
1321.2
1321.2
1321.2
1321.2
1321.2
1321.2
1321.3
1321.3
1321.3
1321.4
1321.4
1321.4
1321.5
1321.6
1321.6
1321.6
1321.6
1321.7
1321.7
1321.8
1321.8
1321.9
1322.3
1322.4
1322.4
1322.4
1322.5
1322.9
1323.0
1323.1
1323.9
1325.6
1326.7
1328.6
1328.9
1335.0
1337.7
1339.7
1340.2
1356.8
1356.9
1356.9
1356.9
1356.9
1356.9
1357.0
1357.0
1357.0
1357.0
1357.0
1357.0
1357.0
1357.0
1357.1
1357.1
1357.1
1357.1
1357.1
1357.1
1357.1
1357.1
1357.1
1357.1
1357.1
1357.1
1357.1
1357.2
1357.2
1357.2
1357.2
1357.2
1357.2
1357.2
1357.2
1357.2
1357.3
1357.3
1357.3
1357.3
1357.3
1357.3
1357.3
1357.3
1357.4
1357.4
1357.4
1357.4
1357.4
1357.4
1357.4
1357.5
1357.5
1357.5
1357.6
1357.6
1357.6
1357.6
1357.6
1357.7
1357.7
1357.7
1357.8
1357.9
1357.9
1358.0
1358.0
1358.1
1358.1
1358.2
1358.2
1358.2
1358.3
1358.3
1358.4
1358.4
1358.5
1358.5
1358.6
1358.8
1358.8
1358.9
1359.0
1359.1
1359.1
1359.1
1359.2
1359.4
1359.6
1359.9
1360.1
1360.2
1360.3
1360.3
1361.2
1361.3
1361.4
1361.4
1361.5
1361.5
1361.6
1361.6
1361.6
1361.6
1361.7
1361.7
1361.7
1361.7
1361.8
1361.8
1361.8
1361.8
1361.8
1361.8
1361.8
1361.8
1361.8
1361.8
1361.8
1361.9
1361.9
1361.9
1361.9
1361.9
1361.9
1361.9
1362.0
1362.0
1362.0
1362.0
1362.0
1362.0
1362.0
1362.0
1362.0
1362.1
1362.1
1362.1
1362.1
1362.1
1362.1
1362.1
1362.1
1362.2
1362.3
1362.3
1362.3
1362.4
1362.4
1362.4
1362.4
1362.5
1362.5
1362.5
1362.5
1362.6
1362.6
1362.7
1362.7
1362.8
1362.8
1362.8
1362.8
1362.9
1362.9
1362.9
1363.0
1363.0
1363.0
1363.1
1363.1
1363.2
1363.2
1363.2
1363.3
1363.3
1363.4
1363.7
1363.8
1363.8
1363.9
1364.3
1364.5
1364.5
1364.6
1364.9
1365.1
1365.3
1365.9
1366.6
1367.0
1367.2
1367.9
1367.9
1368.0
1368.2
1368.4
1368.4
1368.6
1368.6
1368.6
1368.8
1368.8
1368.8
1368.9
1368.9
1369.0
1369.0
1369.0
1369.0
1369.0
1369.1
1369.2
1369.2
1369.2
1369.2
1369.3
1369.4
1369.5
1369.6
1369.6
1369.6
1369.7
1369.7
1369.7
1369.7
1369.8
1369.8
1369.9
1369.9
1369.9
1370.0
1370.0
1370.0
1370.1
1370.1
1370.1
1370.2
1370.2
1370.2
1370.2
1370.2
1370.2
1370.3
1370.4
1370.4
1370.5
1370.5
1370.5
1370.5
1370.6
1370.6
1370.7
1370.8
1370.8
1370.8
1370.8
1370.9
1370.9
1370.9
1370.9
1371.0
1371.1
1371.1
1371.1
1371.3
1371.3
1371.3
1371.4
1371.6
1371.6
1371.6
1372.1
1372.2
1372.2
1372.4
1372.6
1373.0
1373.2
1373.3
1374.2
1374.3
1374.5
1374.6
1374.9
1375.4
1375.5
1375.6
1376.7
1379.5
1383.1
1399.3
1406.7
1515.2
1515.2
1515.2
1515.2
1515.2
1515.2
1515.2
1515.2
1515.2
1515.2
1515.2
1515.2
1515.2
1515.3
1515.3
1515.3
1515.3
1515.3
1515.3
1515.3
1515.3
1515.3
1515.3
1515.3
1515.3
1515.3
1515.3
1515.3
1515.3
1515.3
1515.3
1515.3
1515.3
1515.3
1515.3
1515.3
1515.3
1515.3
1515.3
1515.3
1515.3
1515.4
1515.4
1515.4
1515.4
1515.4
1515.4
1515.4
1515.4
1515.4
1515.4
1515.4
1515.4
1515.4
1515.5
1515.5
1515.5
1515.5
1515.5
1515.5
1515.6
1515.6
1515.6
1515.6
1515.6
1515.6
1515.7
1515.7
1515.8
1515.8
1515.8
1515.8
1515.9
1515.9
1515.9
1516.0
1516.1
1516.1
1516.2
1516.2
1516.2
1516.3
1516.3
1516.4
1516.5
1516.7
1516.9
1516.9
1517.2
1517.3
1517.4
1517.7
1517.8
1518.5
1518.5
1519.1
1519.1
1519.2
1519.3
1519.5
1519.6
1519.6
1519.6
1519.6
1519.7
1519.7
1519.7
1519.7
1519.7
1519.7
1519.7
1519.7
1519.7
1519.8
1519.8
1519.8
1519.8
1519.8
1519.8
1519.9
1519.9
1519.9
1519.9
1519.9
1519.9
1519.9
1519.9
1519.9
1519.9
1519.9
1520.0
1520.0
1520.0
1520.0
1520.0
1520.0
1520.0
1520.0
1520.0
1520.0
1520.1
1520.1
1520.1
1520.1
1520.1
1520.1
1520.1
1520.1
1520.1
1520.1
1520.1
1520.1
1520.2
1520.2
1520.2
1520.2
1520.3
1520.3
1520.3
1520.3
1520.3
1520.3
1520.4
1520.4
1520.4
1520.4
1520.5
1520.5
1520.5
1520.5
1520.5
1520.5
1520.6
1520.6
1520.7
1520.7
1520.7
1520.7
1520.8
1520.8
1521.0
1521.1
1521.1
1521.1
1521.5
1521.5
1521.8
1521.9
1522.1
1522.3
1522.8
1523.1
1523.7
1524.1
1524.3
1525.6
1525.7
1525.8
1525.9
1526.3
1526.4
1526.4
1526.5
1526.6
1526.7
1526.7
1526.8
1526.8
1526.8
1526.8
1526.9
1526.9
1526.9
1526.9
1526.9
1526.9
1527.0
1527.0
1527.1
1527.1
1527.1
1527.2
1527.2
1527.2
1527.3
1527.3
1527.4
1527.4
1527.5
1527.5
1527.5
1527.6
1527.6
1527.6
1527.7
1527.7
1527.7
1527.7
1527.7
1527.8
1527.8
1527.8
1527.8
1527.8
1527.9
1527.9
1528.0
1528.0
1528.1
1528.1
1528.1
1528.1
1528.2
1528.2
1528.2
1528.3
1528.3
1528.3
1528.3
1528.4
1528.4
1528.4
1528.4
1528.4
1528.5
1528.5
1528.5
1528.5
1528.5
1528.6
1528.6
1528.6
1528.6
1528.7
1528.8
1528.8
1528.8
1528.9
1528.9
1529.0
1529.0
1529.0
1529.1
1529.3
1529.6
1529.6
1529.6
1529.9
1530.2
1530.3
1530.9
1532.3
1533.5
1535.4
1536.0
1544.4
1548.7
1550.2
1553.2
1565.5
1565.6
1565.6
1565.6
1565.6
1565.6
1565.6
1565.7
1565.7
1565.7
1565.7
1565.7
1565.7
1565.7
1565.7
1565.7
1565.7
1565.7
1565.7
1565.8
1565.8
1565.8
1565.8
1565.8
1565.8
1565.8
1565.8
1565.8
1565.8
1565.9
1565.9
1565.9
1565.9
1565.9
1565.9
1565.9
1566.0
1566.0
1566.0
1566.0
1566.0
1566.0
1566.0
1566.1
1566.1
1566.1
1566.1
1566.1
1566.1
1566.1
1566.2
1566.2
1566.2
1566.2
1566.2
1566.2
1566.2
1566.2
1566.2
1566.3
1566.3
1566.3
1566.4
1566.4
1566.5
1566.6
1566.6
1566.6
1566.7
1566.7
1566.8
1566.8
1566.8
1566.9
1566.9
1566.9
1566.9
1567.0
1567.1
1567.2
1567.3
1567.4
1567.5
1567.6
1567.6
1567.7
1567.9
1568.0
1568.3
1568.8
1568.8
1568.8
1569.3
1570.0
1570.1
1570.2
1570.2
1570.3
1570.3
1570.4
1570.4
1570.4
1570.4
1570.4
1570.4
1570.5
1570.5
1570.5
1570.5
1570.5
1570.5
1570.6
1570.6
1570.6
1570.6
1570.6
1570.6
1570.6
1570.6
1570.6
1570.7
1570.7
1570.7
1570.7
1570.7
1570.7
1570.7
1570.7
1570.7
1570.7
1570.7
1570.7
1570.8
1570.8
1570.8
1570.8
1570.9
1570.9
1570.9
1570.9
1570.9
1570.9
1570.9
1571.0
1571.0
1571.0
1571.1
1571.1
1571.2
1571.2
1571.2
1571.2
1571.2
1571.2
1571.2
1571.3
1571.4
1571.5
1571.5
1571.6
1571.7
1571.7
1571.7
1571.7
1571.7
1571.9
1571.9
1572.0
1572.0
1572.0
1572.0
1572.1
1572.1
1572.2
1572.2
1572.2
1572.4
1572.6
1572.7
1572.8
1572.9
1573.4
1573.6
1573.7
1573.8
1573.9
1574.2
1575.1
1575.8
1576.5
1576.8
1576.8
1577.1
1577.2
1577.4
1577.4
1577.5
1577.6
1577.7
1577.7
1577.8
1577.8
1577.9
1577.9
1577.9
1578.0
1578.0
1578.0
1578.1
1578.1
1578.2
1578.2
1578.2
1578.2
1578.2
1578.3
1578.3
1578.5
1578.5
1578.6
1578.7
1578.7
1578.7
1578.7
1578.8
1578.8
1578.9
1578.9
1579.0
1579.0
1579.1
1579.1
1579.1
1579.3
1579.3
1579.3
1579.3
1579.4
1579.5
1579.5
1579.5
1579.6
1579.6
1579.7
1579.7
1579.7
1579.7
1579.8
1579.9
1579.9
1579.9
1580.0
1580.0
1580.0
1580.0
1580.1
1580.2
1580.2
1580.4
1580.4
1580.5
1580.6
1580.7
1580.8
1581.0
1581.1
1581.1
1581.4
1581.5
1581.8
1582.0
1582.0
1582.3
1582.7
1585.6
1585.8
1586.1
1587.0
1588.8
1590.0
1590.0
1593.6
1593.6
1613.9
1621.7
1627.3
1718.5
1718.5
1718.5
1718.5
1718.5
1718.5
1718.5
1718.5
1718.5
1718.5
1718.6
1718.6
1718.6
1718.6
1718.6
1718.6
1718.6
1718.6
1718.6
1718.6
1718.6
1718.6
1718.6
1718.6
1718.6
1718.6
1718.6
1718.6
1718.6
1718.6
1718.6
1718.6
1718.7
1718.7
1718.7
1718.7
1718.7
1718.7
1718.7
1718.7
1718.7
1718.7
1718.7
1718.7
1718.7
1718.7
1718.7
1718.8
1718.8
1718.8
1718.8
1718.8
1718.8
1718.8
1718.9
1718.9
1718.9
1718.9
1718.9
1718.9
1718.9
1719.0
1719.0
1719.0
1719.0
1719.1
1719.1
1719.1
1719.1
1719.1
1719.3
1719.3
1719.3
1719.3
1719.3
1719.4
1719.5
1719.5
1719.6
1719.6
1719.6
1719.6
1719.6
1719.8
1720.0
1720.2
1720.2
1720.4
1720.7
1720.7
1720.9
1721.1
1721.2
1721.7
1721.7
1722.4
1722.4
1722.4
1722.5
1722.9
1722.9
1722.9
1722.9
1723.0
1723.0
1723.0
1723.0
1723.0
1723.0
1723.0
1723.0
1723.0
1723.1
1723.1
1723.1
1723.1
1723.1
1723.1
1723.2
1723.2
1723.2
1723.2
1723.2
1723.2
1723.2
1723.2
1723.3
1723.3
1723.3
1723.3
1723.3
1723.3
1723.3
1723.3
1723.3
1723.3
1723.4
1723.4
1723.4
1723.4
1723.4
1723.4
1723.4
1723.4
1723.5
1723.5
1723.5
1723.5
1723.5
1723.5
1723.5
1723.5
1723.5
1723.6
1723.6
1723.6
1723.6
1723.6
1723.6
1723.7
1723.7
1723.7
1723.7
1723.7
1723.7
1723.8
1723.8
1723.8
1723.9
1723.9
1723.9
1724.0
1724.0
1724.0
1724.0
1724.1
1724.1
1724.1
1724.2
1724.2
1724.4
1724.4
1724.5
1724.6
1724.9
1725.0
1725.3
1725.3
1725.6
1725.7
1726.3
1726.6
1727.1
1727.4
1727.5
1728.9
1729.0
1729.0
1729.1
1729.7
1729.7
1729.9
1729.9
1729.9
1730.0
1730.0
1730.0
1730.1
1730.1
1730.1
1730.2
1730.2
1730.2
1730.2
1730.2
1730.3
1730.3
1730.4
1730.4
1730.4
1730.5
1730.5
1730.5
1730.5
1730.7
1730.7
1730.7
1730.8
1730.8
1730.8
1730.9
1730.9
1730.9
1730.9
1730.9
1731.0
1731.0
1731.0
1731.1
1731.2
1731.2
1731.2
1731.2
1731.3
1731.3
1731.3
1731.3
1731.4
1731.4
1731.4
1731.4
1731.5
1731.5
1731.6
1731.6
1731.6
1731.6
1731.6
1731.7
1731.7
1731.7
1731.8
1731.8
1731.8
1731.8
1731.8
1731.9
1731.9
1731.9
1731.9
1732.0
1732.0
1732.1
1732.2
1732.2
1732.2
1732.2
1732.3
1732.3
1732.3
1732.3
1732.4
1732.7
1732.7
1732.9
1733.0
1733.1
1733.5
1733.5
1733.7
1734.6
1735.8
1737.2
1738.9
1739.6
1747.9
1751.7
1752.9
1755.7
1769.6
1769.6
1769.6
1769.7
1769.7
1769.7
1769.7
1769.7
1769.7
1769.7
1769.7
1769.7
1769.8
1769.8
1769.8
1769.8
1769.8
1769.8
1769.8
1769.8
1769.8
1769.8
1769.8
1769.8
1769.8
1769.9
1769.9
1769.9
1769.9
1769.9
1769.9
1769.9
1769.9
1769.9
1770.0
1770.0
1770.0
1770.0
1770.1
1770.1
1770.1
1770.1
1770.1
1770.1
1770.1
1770.1
1770.2
1770.2
1770.2
1770.2
1770.2
1770.2
1770.2
1770.2
1770.3
1770.3
1770.3
1770.3
1770.3
1770.4
1770.4
1770.4
1770.5
1770.5
1770.6
1770.6
1770.7
1770.7
1770.7
1770.7
1770.9
1770.9
1771.0
1771.0
1771.0
1771.1
1771.1
1771.2
1771.2
1771.4
1771.4
1771.4
1771.5
1771.5
1771.6
1771.6
1771.9
1772.0
1772.2
1772.5
1772.6
1772.6
1772.8
1774.0
1774.1
1774.2
1774.2
1774.2
1774.3
1774.3
1774.3
1774.3
1774.3
1774.4
1774.4
1774.4
1774.4
1774.5
1774.5
1774.5
1774.5
1774.5
1774.5
1774.5
1774.5
1774.6
1774.6
1774.6
1774.6
1774.6
1774.6
1774.6
1774.7
1774.7
1774.7
1774.7
1774.7
1774.7
1774.7
1774.7
1774.7
1774.7
1774.7
1774.7
1774.7
1774.7
1774.8
1774.8
1774.8
1774.8
1774.8
1774.8
1774.8
1774.9
1774.9
1774.9
1774.9
1774.9
1774.9
1775.0
1775.0
1775.0
1775.0
1775.0
1775.0
1775.1
1775.1
1775.1
1775.2
1775.2
1775.2
1775.2
1775.3
1775.3
1775.4
1775.5
1775.5
1775.5
1775.5
1775.6
1775.6
1775.7
1775.8
1775.8
1775.9
1775.9
1776.0
1776.0
1776.2
1776.3
1776.4
1776.6
1776.7
1776.8
1776.8
1776.8
1777.4
1777.4
1777.9
1778.5
1778.7
1778.9
1779.3
1780.5
1780.7
1781.0
1781.1
1781.3
1781.3
1781.3
1781.5
1781.5
1781.6
1781.6
1781.7
1781.7
1781.7
1781.7
1781.8
1781.8
1781.8
1781.8
1781.9
1781.9
1781.9
1782.0
1782.0
1782.0
1782.1
1782.1
1782.2
1782.2
1782.4
1782.4
1782.4
1782.4
1782.5
1782.5
1782.5
1782.6
1782.6
1782.6
1782.6
1782.6
1782.7
1782.7
1782.7
1782.7
1782.7
1782.8
1782.8
1782.9
1782.9
1782.9
1783.0
1783.0
1783.1
1783.1
1783.1
1783.2
1783.2
1783.3
1783.3
1783.3
1783.3
1783.4
1783.4
1783.5
1783.5
1783.5
1783.5
1783.5
1783.5
1783.5
1783.6
1783.6
1783.6
1783.7
1783.7
1783.8
1783.8
1783.8
1783.8
1783.9
1784.0
1784.1
1784.2
1784.2
1784.3
1784.5
1784.6
1784.6
1784.6
1784.7
1784.8
1785.4
1785.7
1787.1
1787.6
1788.5
1789.4
1791.7
1794.8
1803.0
1815.5
1817.6
1926.1
1926.1
1926.1
1926.1
1926.2
1926.2
1926.2
1926.2
1926.2
1926.2
1926.2
1926.2
1926.2
1926.2
1926.2
1926.2
1926.2
1926.3
1926.3
1926.3
1926.3
1926.3
1926.3
1926.3
1926.3
1926.3
1926.3
1926.3
1926.3
1926.3
1926.3
1926.3
1926.3
1926.3
1926.3
1926.3
1926.3
1926.3
1926.3
1926.3
1926.3
1926.3
1926.3
1926.3
1926.3
1926.3
1926.4
1926.4
1926.4
1926.4
1926.4
1926.4
1926.4
1926.4
1926.4
1926.5
1926.5
1926.5
1926.5
1926.5
1926.6
1926.6
1926.6
1926.6
1926.6
1926.7
1926.7
1926.8
1926.8
1926.8
1926.8
1926.8
1926.8
1926.9
1927.0
1927.1
1927.1
1927.1
1927.2
1927.2
1927.2
1927.3
1927.3
1927.5
1927.5
1927.7
1927.9
1927.9
1928.2
1928.3
1928.4
1928.7
1928.8
1929.5
1929.5
1930.1
1930.1
1930.2
1930.3
1930.5
1930.5
1930.6
1930.6
1930.6
1930.6
1930.6
1930.6
1930.7
1930.7
1930.7
1930.7
1930.7
1930.7
1930.7
1930.8
1930.8
1930.8
1930.8
1930.8
1930.9
1930.9
1930.9
1930.9
1930.9
1930.9
1930.9
1930.9
1930.9
1930.9
1930.9
1930.9
1930.9
1931.0
1931.0
1931.0
1931.0
1931.0
1931.0
1931.0
1931.0
1931.0
1931.1
1931.1
1931.1
1931.1
1931.1
1931.1
1931.1
1931.1
1931.1
1931.1
1931.2
1931.2
1931.2
1931.2
1931.2
1931.3
1931.3
1931.3
1931.3
1931.3
1931.3
1931.4
1931.4
1931.4
1931.5
1931.5
1931.5
1931.5
1931.5
1931.6
1931.6
1931.6
1931.7
1931.7
1931.7
1931.8
1931.8
1931.8
1931.9
1932.1
1932.1
1932.2
1932.2
1932.6
1932.6
1932.9
1933.0
1933.2
1933.4
1933.8
1934.1
1934.6
1935.0
1935.2
1936.4
1936.5
1936.6
1936.7
1937.3
1937.4
1937.4
1937.5
1937.5
1937.7
1937.7
1937.7
1937.8
1937.8
1937.8
1937.8
1937.8
1937.9
1937.9
1937.9
1937.9
1938.0
1938.0
1938.1
1938.1
1938.1
1938.1
1938.1
1938.2
1938.3
1938.3
1938.4
1938.4
1938.4
1938.5
1938.5
1938.5
1938.6
1938.6
1938.6
1938.6
1938.7
1938.7
1938.8
1938.8
1938.8
1938.8
1938.8
1938.9
1938.9
1939.0
1939.0
1939.0
1939.0
1939.1
1939.1
1939.1
1939.2
1939.2
1939.3
1939.3
1939.3
1939.3
1939.4
1939.4
1939.4
1939.4
1939.4
1939.4
1939.4
1939.5
1939.5
1939.5
1939.6
1939.6
1939.6
1939.7
1939.7
1939.7
1939.8
1939.8
1939.8
1939.8
1939.9
1939.9
1939.9
1940.0
1940.0
1940.2
1940.5
1940.7
1940.7
1941.0
1941.1
1941.3
1941.7
1943.0
1944.0
1945.6
1946.1
1952.6
1955.1
1955.8
1957.1
1976.7
1977.2
1977.2
1977.2
1977.2
1977.2
1977.2
1977.2
1977.2
1977.3
1977.3
1977.3
1977.3
1977.3
1977.3
1977.3
1977.3
1977.3
1977.3
1977.3
1977.4
1977.4
1977.4
1977.4
1977.4
1977.4
1977.4
1977.4
1977.5
1977.5
1977.5
1977.5
1977.6
1977.6
1977.6
1977.6
1977.6
1977.7
1977.7
1977.7
1977.7
1977.7
1977.7
1977.8
1977.8
1977.8
1977.8
1977.8
1977.8
1977.8
1977.8
1977.9
1977.9
1977.9
1977.9
1977.9
1977.9
1977.9
1978.0
1978.0
1978.1
1978.1
1978.1
1978.1
1978.2
1978.3
1978.3
1978.3
1978.4
1978.4
1978.5
1978.5
1978.5
1978.5
1978.6
1978.7
1978.7
1978.8
1978.9
1978.9
1979.0
1979.1
1979.3
1979.3
1979.4
1979.4
1979.6
1979.8
1980.0
1980.5
1980.5
1980.6
1981.1
1981.6
1981.8
1981.8
1981.8
1981.9
1981.9
1981.9
1982.0
1982.0
1982.0
1982.0
1982.1
1982.1
1982.1
1982.1
1982.1
1982.2
1982.2
1982.2
1982.2
1982.2
1982.2
1982.2
1982.2
1982.3
1982.3
1982.3
1982.3
1982.3
1982.3
1982.4
1982.4
1982.4
1982.4
1982.4
1982.4
1982.4
1982.4
1982.4
1982.4
1982.4
1982.5
1982.5
1982.5
1982.5
1982.5
1982.6
1982.6
1982.6
1982.6
1982.6
1982.6
1982.7
1982.7
1982.8
1982.8
1982.8
1982.8
1982.8
1982.9
1982.9
1983.0
1983.0
1983.1
1983.2
1983.3
1983.3
1983.3
1983.4
1983.4
1983.4
1983.4
1983.6
1983.6
1983.7
1983.8
1983.8
1983.8
1983.8
1983.9
1983.9
1984.0
1984.0
1984.0
1984.4
1984.4
1984.6
1984.7
1985.2
1985.4
1985.5
1985.5
1985.5
1986.0
1986.7
1987.6
1988.3
1988.4
1988.4
1988.7
1988.7
1988.8
1989.1
1989.1
1989.1
1989.3
1989.4
1989.4
1989.4
1989.5
1989.6
1989.6
1989.6
1989.6
1989.7
1989.7
1989.8
1989.8
1989.9
1989.9
1989.9
1989.9
1990.1
1990.1
1990.1
1990.2
1990.2
1990.2
1990.3
1990.4
1990.4
1990.4
1990.5
1990.6
1990.6
1990.6
1990.7
1990.7
1990.7
1990.7
1990.9
1990.9
1991.0
1991.0
1991.1
1991.1
1991.2
1991.2
1991.2
1991.3
1991.3
1991.4
1991.4
1991.4
1991.5
1991.5
1991.5
1991.5
1991.7
1991.7
1991.7
1991.8
1991.8
1991.8
1992.0
1992.0
1992.1
1992.1
1992.2
1992.4
1992.5
1992.6
1992.7
1993.0
1993.0
1993.0
1993.6
1993.8
1993.8
1994.1
1994.6
1997.8
1998.0
1998.0
1998.7
2000.2
2002.1
2002.2
2005.0
2006.4
2008.6
2014.1
2014.8
2015.3
2031.1
2129.8
2129.8
2129.8
2129.8
2129.9
2129.9
2129.9
2129.9
2129.9
2129.9
2129.9
2129.9
2129.9
2129.9
2130.0
2130.0
2130.0
2130.0
2130.0
2130.0
2130.0
2130.0
2130.0
2130.0
2130.0
2130.0
2130.0
2130.0
2130.0
2130.1
2130.1
2130.1
2130.1
2130.1
2130.1
2130.1
2130.1
2130.1
2130.1
2130.1
2130.1
2130.1
2130.1
2130.2
2130.2
2130.2
2130.2
2130.2
2130.2
2130.2
2130.2
2130.2
2130.2
2130.3
2130.3
2130.3
2130.3
2130.4
2130.4
2130.4
2130.4
2130.4
2130.4
2130.5
2130.5
2130.5
2130.6
2130.6
2130.7
2130.7
2130.7
2130.7
2130.8
2130.8
2130.8
2130.9
2131.0
2131.0
2131.1
2131.1
2131.1
2131.2
2131.2
2131.3
2131.4
2131.6
2131.8
2131.8
2132.2
2132.2
2132.3
2132.6
2132.7
2133.2
2133.2
2133.9
2133.9
2133.9
2134.0
2134.2
2134.3
2134.3
2134.3
2134.3
2134.3
2134.3
2134.4
2134.4
2134.4
2134.5
2134.5
2134.5
2134.5
2134.5
2134.5
2134.5
2134.5
2134.5
2134.5
2134.6
2134.6
2134.6
2134.6
2134.6
2134.6
2134.6
2134.7
2134.7
2134.7
2134.7
2134.7
2134.7
2134.7
2134.7
2134.7
2134.7
2134.8
2134.8
2134.8
2134.8
2134.8
2134.8
2134.8
2134.9
2134.9
2134.9
2134.9
2134.9
2134.9
2134.9
2134.9
2135.0
2135.0
2135.0
2135.0
2135.1
2135.1
2135.1
2135.1
2135.1
2135.1
2135.2
2135.2
2135.2
2135.3
2135.3
2135.3
2135.3
2135.3
2135.3
2135.4
2135.4
2135.4
2135.5
2135.5
2135.6
2135.6
2135.6
2135.7
2135.7
2135.9
2136.0
2136.0
2136.0
2136.4
2136.5
2136.8
2136.9
2137.1
2137.3
2137.8
2138.1
2138.6
2139.0
2139.1
2140.4
2140.6
2140.6
2140.6
2141.0
2141.2
2141.2
2141.3
2141.3
2141.5
2141.5
2141.5
2141.5
2141.6
2141.6
2141.6
2141.6
2141.6
2141.6
2141.7
2141.8
2141.8
2141.8
2141.8
2141.9
2141.9
2141.9
2141.9
2142.0
2142.1
2142.2
2142.2
2142.2
2142.2
2142.3
2142.3
2142.3
2142.3
2142.4
2142.4
2142.4
2142.5
2142.5
2142.5
2142.6
2142.6
2142.7
2142.7
2142.7
2142.8
2142.8
2142.8
2142.8
2142.8
2142.8
2142.8
2142.8
2142.9
2142.9
2143.0
2143.1
2143.1
2143.1
2143.2
2143.2
2143.2
2143.2
2143.2
2143.3
2143.3
2143.3
2143.3
2143.3
2143.4
2143.4
2143.4
2143.5
2143.5
2143.5
2143.6
2143.7
2143.7
2143.7
2143.7
2143.8
2143.9
2143.9
2144.3
2144.3
2144.4
2144.6
2144.7
2145.0
2145.1
2145.2
2146.2
2147.3
2148.6
2150.5
2151.2
2159.0
2163.0
2165.1
2166.6
2180.5
2180.5
2180.6
2180.6
2180.6
2180.6
2180.6
2180.6
2180.6
2180.6
2180.6
2180.7
2180.7
2180.7
2180.7
2180.7
2180.7
2180.7
2180.7
2180.7
2180.7
2180.7
2180.7
2180.8
2180.8
2180.8
2180.8
2180.8
2180.8
2180.8
2180.9
2180.9
2180.9
2180.9
2180.9
2181.0
2181.0
2181.0
2181.0
2181.1
2181.1
2181.1
2181.1
2181.1
2181.1
2181.1
2181.1
2181.2
2181.2
2181.2
2181.2
2181.2
2181.2
2181.3
2181.3
2181.3
2181.3
2181.3
2181.3
2181.4
2181.4
2181.4
2181.5
2181.5
2181.6
2181.7
2181.7
2181.7
2181.8
2181.8
2181.9
2181.9
2182.0
2182.0
2182.1
2182.1
2182.1
2182.2
2182.3
2182.4
2182.5
2182.5
2182.7
2182.7
2182.8
2182.8
2183.2
2183.2
2183.4
2184.1
2184.1
2184.1
2184.6
2184.9
2185.1
2185.1
2185.2
2185.2
2185.3
2185.3
2185.3
2185.3
2185.4
2185.4
2185.4
2185.4
2185.5
2185.5
2185.5
2185.5
2185.5
2185.5
2185.6
2185.6
2185.6
2185.6
2185.6
2185.6
2185.6
2185.7
2185.7
2185.7
2185.7
2185.7
2185.7
2185.7
2185.7
2185.7
2185.8
2185.8
2185.8
2185.8
2185.8
2185.8
2185.8
2185.9
2185.9
2185.9
2185.9
2185.9
2186.0
2186.0
2186.0
2186.0
2186.1
2186.1
2186.1
2186.1
2186.2
2186.2
2186.3
2186.3
2186.3
2186.3
2186.3
2186.4
2186.6
2186.6
2186.7
2186.7
2186.8
2186.8
2186.8
2186.8
2186.9
2187.1
2187.1
2187.2
2187.2
2187.3
2187.3
2187.3
2187.4
2187.6
2187.6
2187.7
2187.7
2187.8
2188.0
2188.0
2188.1
2188.7
2188.9
2189.0
2189.1
2189.2
2189.5
2190.7
2191.2
2191.7
2192.0
2192.0
2192.2
2192.4
2192.4
2192.4
2192.5
2192.5
2192.6
2192.7
2192.8
2192.8
2192.8
2192.9
2193.0
2193.0
2193.0
2193.0
2193.1
2193.1
2193.1
2193.2
2193.2
2193.3
2193.4
2193.5
2193.5
2193.5
2193.6
2193.6
2193.7
2193.7
2193.7
2193.8
2193.8
2193.8
2193.8
2193.9
2193.9
2193.9
2194.0
2194.0
2194.1
2194.2
2194.2
2194.4
2194.4
2194.4
2194.4
2194.5
2194.6
2194.6
2194.6
2194.6
2194.6
2194.7
2194.7
2194.7
2194.8
2194.8
2194.8
2195.0
2195.0
2195.0
2195.1
2195.1
2195.2
2195.3
2195.4
2195.4
2195.6
2195.7
2195.7
2196.0
2196.2
2196.2
2196.2
2196.3
2196.7
2196.9
2197.2
2197.3
2197.8
2198.5
2201.2
2201.5
2202.0
2202.9
2204.7
2204.8
2206.2
2210.3
2213.8
2223.7
2234.5
2335.8
2335.8
2335.8
2335.9
2335.9
2335.9
2335.9
2335.9
2335.9
2335.9
2335.9
2335.9
2335.9
2335.9
2335.9
2335.9
2335.9
2335.9
2335.9
2335.9
2335.9
2335.9
2336.0
2336.0
2336.0
2336.0
2336.0
2336.0
2336.0
2336.0
2336.0
2336.0
2336.0
2336.0
2336.0
2336.0
2336.0
2336.0
2336.0
2336.0
2336.0
2336.0
2336.0
2336.0
2336.0
2336.0
2336.0
2336.0
2336.0
2336.0
2336.0
2336.1
2336.1
2336.1
2336.1
2336.1
2336.1
2336.1
2336.2
2336.2
2336.2
2336.2
2336.2
2336.2
2336.3
2336.3
2336.3
2336.4
2336.4
2336.4
2336.5
2336.5
2336.5
2336.5
2336.6
2336.7
2336.7
2336.8
2336.8
2336.8
2336.8
2336.9
2336.9
2337.1
2337.1
2337.3
2337.5
2337.5
2337.8
2337.9
2338.0
2338.3
2338.4
2338.9
2338.9
2339.5
2339.6
2339.6
2339.7
2340.1
2340.2
2340.2
2340.3
2340.3
2340.3
2340.3
2340.3
2340.3
2340.3
2340.4
2340.4
2340.4
2340.4
2340.4
2340.4
2340.4
2340.4
2340.5
2340.5
2340.5
2340.6
2340.6
2340.6
2340.6
2340.6
2340.6
2340.6
2340.6
2340.6
2340.6
2340.6
2340.6
2340.6
2340.7
2340.7
2340.7
2340.7
2340.7
2340.7
2340.7
2340.7
2340.7
2340.7
2340.7
2340.8
2340.8
2340.8
2340.8
2340.8
2340.8
2340.8
2340.8
2340.8
2340.8
2340.8
2340.9
2340.9
2340.9
2340.9
2340.9
2340.9
2341.0
2341.0
2341.0
2341.0
2341.0
2341.1
2341.1
2341.1
2341.1
2341.2
2341.2
2341.2
2341.2
2341.3
2341.3
2341.3
2341.4
2341.4
2341.5
2341.7
2341.7
2341.7
2341.8
2342.1
2342.2
2342.5
2342.6
2342.8
2343.0
2343.5
2343.8
2344.3
2344.6
2344.8
2346.0
2346.2
2346.2
2346.2
2347.0
2347.1
2347.1
2347.2
2347.2
2347.3
2347.3
2347.3
2347.4
2347.5
2347.5
2347.5
2347.5
2347.6
2347.6
2347.6
2347.6
2347.6
2347.7
2347.7
2347.8
2347.8
2347.8
2347.9
2347.9
2348.0
2348.0
2348.0
2348.1
2348.1
2348.1
2348.2
2348.2
2348.2
2348.3
2348.3
2348.3
2348.3
2348.4
2348.4
2348.5
2348.5
2348.5
2348.5
2348.5
2348.6
2348.6
2348.6
2348.7
2348.7
2348.8
2348.8
2348.8
2348.9
2348.9
2348.9
2349.0
2349.0
2349.0
2349.0
2349.1
2349.1
2349.1
2349.1
2349.1
2349.1
2349.1
2349.1
2349.2
2349.2
2349.3
2349.3
2349.3
2349.4
2349.4
2349.5
2349.5
2349.5
2349.5
2349.6
2349.6
2349.6
2349.7
2349.9
2350.0
2350.2
2350.4
2350.5
2350.8
2350.9
2351.0
2351.8
2353.0
2354.2
2356.2
2356.8
2364.4
2368.2
2370.0
2371.8
2385.3
2385.4
2385.4
2385.4
2385.4
2385.4
2385.4
2385.4
2385.5
2385.5
2385.5
2385.5
2385.5
2385.5
2385.5
2385.5
2385.5
2385.5
2385.5
2385.5
2385.5
2385.6
2385.6
2385.6
2385.6
2385.6
2385.6
2385.6
2385.6
2385.6
2385.6
2385.6
2385.6
2385.6
2385.6
2385.7
2385.7
2385.7
2385.7
2385.7
2385.7
2385.7
2385.7
2385.7
2385.7
2385.8
2385.8
2385.8
2385.8
2385.8
2385.8
2385.8
2385.8
2385.8
2385.8
2385.8
2385.9
2385.9
2385.9
2385.9
2385.9
2385.9
2385.9
2386.0
2386.1
2386.1
2386.1
2386.1
2386.2
2386.2
2386.3
2386.3
2386.4
2386.4
2386.4
2386.4
2386.5
2386.6
2386.6
2386.7
2386.8
2386.9
2386.9
2386.9
2386.9
2387.0
2387.2
2387.3
2387.6
2387.7
2388.0
2388.0
2388.0
2389.4
2389.7
2389.7
2389.7
2389.9
2389.9
2389.9
2390.0
2390.0
2390.0
2390.0
2390.0
2390.0
2390.1
2390.1
2390.1
2390.1
2390.1
2390.1
2390.2
2390.2
2390.2
2390.2
2390.2
2390.2
2390.2
2390.3
2390.3
2390.3
2390.3
2390.3
2390.3
2390.3
2390.3
2390.3
2390.3
2390.3
2390.3
2390.4
2390.4
2390.4
2390.4
2390.4
2390.4
2390.4
2390.4
2390.4
2390.5
2390.5
2390.5
2390.5
2390.5
2390.5
2390.5
2390.5
2390.5
2390.6
2390.6
2390.6
2390.6
2390.6
2390.7
2390.7
2390.7
2390.7
2390.7
2390.7
2390.8
2390.8
2390.8
2390.8
2390.9
2390.9
2390.9
2390.9
2391.0
2391.0
2391.0
2391.1
2391.1
2391.2
2391.2
2391.2
2391.3
2391.4
2391.5
2391.6
2391.7
2392.0
2392.1
2392.1
2392.2
2392.2
2392.6
2392.7
2393.1
2393.8
2393.8
2394.2
2394.6
2396.2
2396.5
2396.8
2396.9
2396.9
2397.0
2397.1
2397.2
2397.2
2397.2
2397.2
2397.3
2397.3
2397.3
2397.3
2397.3
2397.4
2397.4
2397.5
2397.5
2397.5
2397.5
2397.6
2397.7
2397.7
2397.7
2397.7
2397.8
2397.9
2397.9
2397.9
2397.9
2398.0
2398.1
2398.1
2398.1
2398.2
2398.2
2398.2
2398.2
2398.2
2398.3
2398.3
2398.3
2398.3
2398.4
2398.4
2398.4
2398.5
2398.5
2398.6
2398.6
2398.6
2398.6
2398.6
2398.7
2398.7
2398.7
2398.8
2398.8
2398.8
2398.9
2399.0
2399.0
2399.0
2399.0
2399.0
2399.0
2399.1
2399.2
2399.2
2399.2
2399.2
2399.2
2399.2
2399.3
2399.3
2399.4
2399.4
2399.4
2399.5
2399.5
2399.5
2399.6
2399.7
2399.9
2400.0
2400.1
2400.2
2400.2
2400.5
2400.6
2400.6
2400.9
2402.3
2402.7
2403.7
2404.2
2407.6
2410.9
2430.0
2437.4
2542.1
2542.1
2542.1
2542.2
2542.2
2542.2
2542.2
2542.2
2542.2
2542.2
2542.2
2542.2
2542.2
2542.2
2542.2
2542.2
2542.2
2542.2
2542.2
2542.2
2542.2
2542.2
2542.2
2542.2
2542.2
2542.2
2542.2
2542.2
2542.2
2542.3
2542.3
2542.3
2542.3
2542.3
2542.3
2542.3
2542.3
2542.3
2542.3
2542.3
2542.3
2542.3
2542.3
2542.3
2542.3
2542.3
2542.3
2542.3
2542.3
2542.3
2542.3
2542.3
2542.4
2542.4
2542.4
2542.4
2542.4
2542.4
2542.4
2542.4
2542.4
2542.5
2542.5
2542.5
2542.5
2542.6
2542.6
2542.6
2542.6
2542.6
2542.7
2542.7
2542.8
2542.8
2542.8
2542.9
2543.0
2543.0
2543.0
2543.0
2543.0
2543.1
2543.1
2543.3
2543.4
2543.6
2543.7
2543.8
2544.1
2544.1
2544.3
2544.6
2544.7
2545.3
2545.3
2545.9
2546.0
2546.1
2546.2
2546.5
2546.5
2546.5
2546.6
2546.6
2546.6
2546.6
2546.6
2546.6
2546.6
2546.6
2546.6
2546.6
2546.7
2546.7
2546.7
2546.7
2546.7
2546.8
2546.8
2546.8
2546.8
2546.8
2546.8
2546.8
2546.8
2546.9
2546.9
2546.9
2546.9
2546.9
2546.9
2546.9
2546.9
2546.9
2547.0
2547.0
2547.0
2547.0
2547.0
2547.0
2547.0
2547.0
2547.0
2547.0
2547.0
2547.0
2547.1
2547.1
2547.1
2547.1
2547.1
2547.1
2547.1
2547.1
2547.1
2547.1
2547.1
2547.2
2547.2
2547.2
2547.2
2547.2
2547.2
2547.3
2547.3
2547.3
2547.3
2547.4
2547.4
2547.4
2547.5
2547.5
2547.5
2547.6
2547.6
2547.6
2547.7
2547.7
2547.7
2547.7
2547.9
2548.0
2548.0
2548.1
2548.4
2548.5
2548.8
2548.8
2549.1
2549.2
2549.7
2550.0
2550.5
2550.9
2551.0
2552.3
2552.4
2552.5
2552.6
2553.3
2553.3
2553.4
2553.5
2553.5
2553.5
2553.6
2553.6
2553.6
2553.7
2553.7
2553.8
2553.8
2553.8
2553.8
2553.8
2553.8
2553.9
2553.9
2554.0
2554.0
2554.0
2554.1
2554.1
2554.2
2554.3
2554.3
2554.3
2554.3
2554.4
2554.4
2554.4
2554.4
2554.5
2554.5
2554.5
2554.6
2554.6
2554.6
2554.6
2554.7
2554.7
2554.7
2554.7
2554.8
2554.8
2554.8
2554.9
2555.0
2555.0
2555.1
2555.1
2555.1
2555.1
2555.2
2555.2
2555.2
2555.2
2555.2
2555.2
2555.3
2555.3
2555.3
2555.3
2555.3
2555.4
2555.4
2555.4
2555.4
2555.4
2555.4
2555.5
2555.6
2555.6
2555.6
2555.7
2555.7
2555.8
2555.8
2555.8
2555.9
2555.9
2555.9
2556.0
2556.0
2556.5
2556.5
2556.5
2556.8
2557.1
2557.2
2557.6
2558.8
2559.8
2561.4
2562.0
2568.4
2570.8
2571.9
2572.0
2593.7
2593.7
2593.8
2593.8
2593.8
2593.8
2593.8
2593.8
2593.8
2593.8
2593.8
2593.9
2593.9
2593.9
2593.9
2593.9
2593.9
2593.9
2593.9
2593.9
2593.9
2593.9
2593.9
2593.9
2594.0
2594.0
2594.0
2594.0
2594.0
2594.0
2594.0
2594.1
2594.1
2594.1
2594.1
2594.1
2594.1
2594.2
2594.2
2594.2
2594.3
2594.3
2594.3
2594.3
2594.3
2594.3
2594.3
2594.3
2594.4
2594.4
2594.4
2594.4
2594.4
2594.4
2594.5
2594.5
2594.5
2594.5
2594.5
2594.6
2594.6
2594.6
2594.7
2594.7
2594.7
2594.9
2594.9
2594.9
2595.0
2595.0
2595.0
2595.1
2595.1
2595.2
2595.2
2595.2
2595.3
2595.4
2595.5
2595.5
2595.6
2595.7
2595.9
2595.9
2596.0
2596.0
2596.2
2596.3
2596.5
2596.9
2597.2
2597.2
2597.5
2597.7
2598.1
2598.3
2598.3
2598.4
2598.5
2598.5
2598.5
2598.5
2598.6
2598.6
2598.6
2598.6
2598.6
2598.7
2598.7
2598.7
2598.7
2598.7
2598.8
2598.8
2598.8
2598.8
2598.8
2598.8
2598.8
2598.8
2598.9
2598.9
2598.9
2598.9
2598.9
2598.9
2598.9
2598.9
2598.9
2598.9
2599.0
2599.0
2599.0
2599.0
2599.0
2599.0
2599.0
2599.0
2599.1
2599.1
2599.1
2599.1
2599.2
2599.2
2599.2
2599.2
2599.2
2599.3
2599.3
2599.3
2599.3
2599.4
2599.5
2599.5
2599.5
2599.6
2599.6
2599.7
2599.9
2599.9
2599.9
2600.0
2600.0
2600.0
2600.0
2600.1
2600.2
2600.2
2600.3
2600.3
2600.4
2600.4
2600.4
2600.4
2600.5
2600.5
2600.6
2600.8
2601.0
2601.1
2601.2
2601.8
2601.9
2602.0
2602.0
2602.1
2602.5
2603.4
2604.1
2604.7
2605.0
2605.2
2605.3
2605.3
2605.6
2605.6
2605.6
2605.8
2605.8
2605.9
2605.9
2606.0
2606.0
2606.1
2606.1
2606.2
2606.2
2606.3
2606.3
2606.3
2606.3
2606.3
2606.4
2606.4
2606.4
2606.5
2606.5
2606.6
2606.7
2606.8
2606.8
2606.8
2606.9
2606.9
2607.0
2607.1
2607.1
2607.1
2607.1
2607.2
2607.3
2607.3
2607.3
2607.3
2607.4
2607.5
2607.5
2607.6
2607.6
2607.6
2607.7
2607.7
2607.7
2607.8
2607.9
2607.9
2608.0
2608.0
2608.0
2608.1
2608.1
2608.1
2608.3
2608.3
2608.3
2608.4
2608.4
2608.4
2608.4
2608.6
2608.6
2608.7
2608.8
2609.0
2609.1
2609.2
2609.4
2609.5
2609.5
2610.0
2610.1
2610.2
2610.4
2610.9
2613.7
2613.8
2614.1
2615.0
2616.6
2617.6
2618.4
2618.8
2620.3
2620.7
2631.1
2632.2
2638.3
2641.2
2745.9
2745.9
2746.0
2746.0
2746.0
2746.0
2746.0
2746.0
2746.0
2746.0
2746.0
2746.0
2746.0
2746.1
2746.1
2746.1
2746.1
2746.1
2746.1
2746.1
2746.1
2746.1
2746.1
2746.1
2746.1
2746.1
2746.2
2746.2
2746.2
2746.2
2746.2
2746.2
2746.2
2746.3
2746.3
2746.3
2746.3
2746.3
2746.4
2746.4
2746.4
2746.4
2746.4
2746.4
2746.4
2746.5
2746.5
2746.5
2746.5
2746.5
2746.5
2746.5
2746.5
2746.5
2746.6
2746.7
2746.7
2746.7
2746.7
2746.8
2746.8
2746.8
2746.8
2746.9
2746.9
2746.9
2747.0
2747.1
2747.1
2747.1
2747.1
2747.1
2747.2
2747.3
2747.3
2747.4
2747.4
2747.5
2747.6
2747.6
2747.6
2747.7
2747.7
2747.9
2747.9
2748.1
2748.3
2748.3
2748.7
2748.8
2748.8
2749.1
2749.2
2749.8
2749.9
2750.3
2750.4
2750.4
2750.4
2750.4
2750.4
2750.4
2750.5
2750.5
2750.5
2750.5
2750.5
2750.5
2750.6
2750.6
2750.6
2750.7
2750.7
2750.7
2750.7
2750.7
2750.7
2750.7
2750.7
2750.7
2750.7
2750.8
2750.8
2750.8
2750.8
2750.8
2750.8
2750.8
2750.9
2750.9
2750.9
2750.9
2750.9
2751.0
2751.0
2751.0
2751.0
2751.0
2751.0
2751.0
2751.1
2751.1
2751.1
2751.1
2751.1
2751.2
2751.2
2751.2
2751.2
2751.2
2751.2
2751.3
2751.3
2751.3
2751.3
2751.4
2751.4
2751.4
2751.5
2751.5
2751.5
2751.5
2751.6
2751.6
2751.6
2751.7
2751.7
2751.7
2751.7
2751.8
2751.8
2751.8
2751.8
2751.9
2751.9
2752.0
2752.1
2752.1
2752.1
2752.2
2752.4
2752.5
2752.5
2752.5
2752.9
2753.0
2753.3
2753.4
2753.6
2753.9
2754.3
2754.5
2755.2
2755.6
2755.7
2757.0
2757.1
2757.1
2757.1
2757.2
2757.3
2757.3
2757.4
2757.6
2757.6
2757.6
2757.7
2757.7
2757.7
2757.7
2757.8
2757.8
2757.9
2757.9
2758.0
2758.0
2758.0
2758.0
2758.1
2758.2
2758.2
2758.2
2758.3
2758.3
2758.4
2758.4
2758.4
2758.4
2758.4
2758.5
2758.5
2758.5
2758.5
2758.6
2758.6
2758.6
2758.6
2758.7
2758.8
2758.8
2758.8
2758.9
2758.9
2759.0
2759.0
2759.0
2759.0
2759.0
2759.1
2759.1
2759.1
2759.1
2759.1
2759.2
2759.2
2759.3
2759.3
2759.3
2759.4
2759.5
2759.5
2759.5
2759.5
2759.5
2759.5
2759.5
2759.6
2759.6
2759.6
2759.7
2759.7
2759.8
2759.8
2759.8
2759.8
2759.8
2759.9
2759.9
2760.1
2760.2
2760.2
2760.4
2760.5
2760.7
2760.9
2761.0
2761.1
2761.2
2761.3
2761.6
2762.6
2763.7
2765.0
2767.1
2767.8
2775.2
2778.9
2781.1
2781.5
2796.3
2796.4
2796.4
2796.5
2796.5
2796.5
2796.5
2796.5
2796.5
2796.6
2796.6
2796.6
2796.6
2796.7
2796.7
2796.7
2796.7
2796.7
2796.7
2796.7
2796.8
2796.8
2796.8
2796.8
2796.8
2796.8
2796.8
2796.8
2796.9
2796.9
2796.9
2796.9
2797.0
2797.0
2797.0
2797.0
2797.0
2797.0
2797.0
2797.1
2797.1
2797.1
2797.1
2797.1
2797.1
2797.3
2797.3
2797.3
2797.3
2797.3
2797.4
2797.4
2797.4
2797.5
2797.5
2797.5
2797.5
2797.5
2797.5
2797.6
2797.6
2797.6
2797.7
2797.8
2797.9
2798.0
2798.0
2798.0
2798.1
2798.1
2798.2
2798.3
2798.3
2798.3
2798.4
2798.4
2798.5
2798.6
2798.7
2798.8
2798.9
2799.0
2799.1
2799.1
2799.2
2799.2
2799.6
2799.6
2799.9
2800.5
2800.6
2800.6
2800.8
2800.9
2801.0
2801.0
2801.1
2801.1
2801.2
2801.2
2801.3
2801.3
2801.3
2801.4
2801.4
2801.4
2801.4
2801.5
2801.5
2801.5
2801.5
2801.5
2801.5
2801.5
2801.5
2801.6
2801.6
2801.6
2801.6
2801.6
2801.6
2801.7
2801.7
2801.7
2801.7
2801.7
2801.8
2801.8
2801.8
2801.8
2801.8
2801.8
2801.9
2801.9
2801.9
2801.9
2802.0
2802.0
2802.0
2802.0
2802.0
2802.0
2802.1
2802.1
2802.2
2802.2
2802.2
2802.2
2802.3
2802.4
2802.4
2802.4
2802.5
2802.5
2802.6
2802.6
2802.8
2802.9
2802.9
2803.0
2803.0
2803.1
2803.1
2803.2
2803.3
2803.4
2803.4
2803.5
2803.6
2803.6
2803.6
2803.7
2803.7
2803.8
2803.9
2803.9
2804.0
2804.2
2804.2
2804.4
2804.5
2805.1
2805.2
2805.4
2805.4
2805.5
2805.8
2806.9
2807.6
2807.6
2807.9
2808.2
2808.2
2808.2
2808.3
2808.4
2808.4
2808.4
2808.5
2808.6
2808.7
2808.8
2808.8
2808.8
2808.9
2809.0
2809.0
2809.0
2809.1
2809.1
2809.1
2809.1
2809.2
2809.2
2809.2
2809.3
2809.4
2809.4
2809.6
2809.7
2809.7
2809.7
2809.7
2809.8
2809.8
2809.8
2809.8
2809.9
2809.9
2809.9
2810.1
2810.2
2810.3
2810.3
2810.3
2810.3
2810.4
2810.5
2810.5
2810.5
2810.5
2810.6
2810.6
2810.7
2810.7
2810.7
2810.8
2810.8
2810.9
2810.9
2810.9
2811.1
2811.1
2811.2
2811.3
2811.4
2811.4
2811.5
2811.5
2811.6
2811.8
2812.0
2812.1
2812.2
2812.3
2812.3
2812.3
2812.4
2812.6
2813.5
2813.5
2813.6
2813.9
2814.2
2817.7
2818.5
2818.5
2818.6
2821.0
2822.0
2823.1
2828.7
2832.7
2856.3
2952.0
2952.0
2952.0
2952.0
2952.0
2952.0
2952.0
2952.0
2952.0
2952.0
2952.0
2952.0
2952.0
2952.1
2952.1
2952.1
2952.1
2952.1
2952.1
2952.1
2952.1
2952.1
2952.1
2952.1
2952.1
2952.1
2952.1
2952.1
2952.1
2952.1
2952.1
2952.1
2952.1
2952.1
2952.1
2952.2
2952.2
2952.2
2952.2
2952.2
2952.2
2952.2
2952.2
2952.2
2952.2
2952.2
2952.3
2952.3
2952.3
2952.3
2952.3
2952.3
2952.3
2952.4
2952.4
2952.4
2952.4
2952.4
2952.4
2952.4
2952.4
2952.4
2952.5
2952.5
2952.5
2952.6
2952.6
2952.7
2952.7
2952.7
2952.8
2952.8
2952.8
2952.8
2952.9
2953.0
2953.1
2953.1
2953.1
2953.1
2953.2
2953.2
2953.2
2953.4
2953.5
2953.7
2953.9
2953.9
2954.3
2954.4
2954.5
2954.8
2954.9
2955.5
2955.5
2956.1
2956.1
2956.2
2956.2
2956.4
2956.4
2956.4
2956.4
2956.4
2956.4
2956.5
2956.5
2956.5
2956.5
2956.5
2956.5
2956.5
2956.6
2956.6
2956.6
2956.6
2956.6
2956.7
2956.7
2956.7
2956.7
2956.7
2956.7
2956.7
2956.7
2956.7
2956.7
2956.8
2956.8
2956.8
2956.8
2956.8
2956.8
2956.8
2956.8
2956.8
2956.8
2956.9
2956.9
2956.9
2956.9
2956.9
2956.9
2956.9
2956.9
2957.0
2957.0
2957.0
2957.0
2957.0
2957.0
2957.0
2957.0
2957.1
2957.1
2957.1
2957.1
2957.1
2957.1
2957.2
2957.2
2957.2
2957.2
2957.3
2957.3
2957.3
2957.3
2957.3
2957.4
2957.4
2957.4
2957.5
2957.5
2957.6
2957.6
2957.6
2957.6
2957.7
2957.7
2957.8
2958.0
2958.1
2958.1
2958.1
2958.5
2958.6
2958.9
2959.0
2959.2
2959.5
2960.0
2960.2
2960.8
2961.3
2961.4
2962.7
2962.8
2962.8
2962.9
2963.1
2963.2
2963.3
2963.3
2963.3
2963.5
2963.5
2963.5
2963.6
2963.6
2963.6
2963.7
2963.7
2963.7
2963.8
2963.8
2963.8
2963.8
2963.9
2963.9
2963.9
2963.9
2964.0
2964.0
2964.0
2964.2
2964.2
2964.3
2964.3
2964.3
2964.3
2964.3
2964.4
2964.4
2964.4
2964.4
2964.4
2964.5
2964.5
2964.6
2964.7
2964.7
2964.7
2964.7
2964.8
2964.8
2964.8
2964.8
2964.8
2964.9
2964.9
2964.9
2964.9
2965.0
2965.0
2965.0
2965.0
2965.1
2965.1
2965.2
2965.2
2965.2
2965.2
2965.2
2965.3
2965.3
2965.3
2965.3
2965.4
2965.4
2965.4
2965.4
2965.5
2965.6
2965.6
2965.6
2965.6
2965.7
2965.8
2965.8
2965.8
2965.8
2965.9
2966.3
2966.4
2966.5
2966.5
2966.6
2967.0
2967.1
2967.2
2968.2
2969.3
2970.5
2972.3
2973.0
2980.2
2983.5
2984.9
2985.3
