257.5
257.5
257.5
257.5
257.6
257.6
257.6
257.6
257.6
257.6
257.6
257.6
257.6
257.6
257.6
257.6
257.6
257.6
257.6
257.7
257.7
257.7
257.7
257.7
257.7
257.7
257.7
257.8
257.8
257.8
257.8
257.9
257.9
257.9
258.0
258.0
258.1
258.1
258.1
258.1
258.1
258.2
258.2
258.2
258.2
258.3
258.3
258.3
258.3
258.3
258.4
258.4
258.4
258.5
258.5
258.6
258.6
258.6
258.7
258.7
258.7
258.7
258.8
258.8
258.8
259.0
259.0
259.0
259.1
259.2
259.2
259.2
259.2
259.4
259.4
259.5
259.5
259.5
259.6
259.7
259.9
260.0
260.0
260.1
260.1
260.1
260.1
260.2
260.4
260.8
261.1
261.1
261.6
261.6
261.7
261.7
261.8
261.8
261.8
261.8
261.8
261.8
261.8
261.8
261.9
261.9
261.9
261.9
261.9
261.9
262.0
262.0
262.0
262.0
262.0
262.0
262.0
262.0
262.1
262.1
262.1
262.1
262.1
262.1
262.2
262.2
262.2
262.2
262.2
262.2
262.3
262.3
262.4
262.4
262.4
262.4
262.4
262.5
262.5
262.5
262.6
262.6
262.6
262.7
262.7
262.7
262.7
262.8
262.8
262.8
262.8
262.9
262.9
262.9
262.9
262.9
263.0
263.0
263.0
263.0
263.1
263.3
263.3
263.4
263.5
263.5
263.5
263.5
263.7
263.8
263.8
263.8
263.9
263.9
263.9
264.1
264.2
264.4
264.5
264.6
264.6
264.6
264.7
264.7
264.7
264.8
265.4
265.7
266.3
266.4
266.9
267.0
267.1
267.2
267.2
267.2
267.2
267.3
267.3
267.3
267.3
267.3
267.3
267.4
267.4
267.5
267.5
267.6
267.6
267.6
267.6
267.6
267.6
267.7
267.7
267.8
267.8
267.8
267.8
267.9
267.9
267.9
268.0
268.0
268.0
268.0
268.1
268.1
268.1
268.1
268.1
268.1
268.2
268.2
268.2
268.2
268.2
268.3
268.3
268.3
268.4
268.4
268.4
268.4
268.5
268.5
268.5
268.5
268.7
268.7
268.8
268.8
268.8
268.8
268.9
268.9
269.0
269.0
269.0
269.2
269.2
269.2
269.3
269.3
269.3
269.3
269.3
269.4
269.5
269.5
270.0
270.1
270.2
270.2
270.3
270.4
270.4
270.4
270.5
270.6
270.6
270.7
270.9
271.2
271.8
271.8
272.0
273.0
273.8
274.0
274.5
274.6
275.8
276.3
277.3
277.6
278.0
278.6
278.7
278.9
279.0
279.7
279.8
279.8
279.8
279.9
280.0
280.1
280.3
280.4
280.4
280.4
280.5
280.8
280.9
280.9
281.0
281.0
281.0
281.1
281.2
281.3
281.7
281.8
282.0
282.0
282.2
282.3
282.3
282.4
282.7
282.8
283.0
283.3
283.5
283.8
283.8
283.9
283.9
284.2
284.2
284.4
284.6
284.7
284.8
285.3
285.3
285.5
285.8
285.9
286.1
286.3
286.4
286.8
287.0
287.2
287.6
287.7
288.1
288.4
290.0
290.5
290.6
290.8
291.1
291.8
291.9
291.9
292.1
292.8
293.4
293.9
294.9
296.1
296.9
297.7
298.6
301.8
311.2
425.7
425.7
425.7
425.7
425.7
425.7
425.7
425.7
425.7
425.7
425.7
425.7
425.8
425.8
425.8
425.8
425.8
425.8
425.8
425.8
425.9
425.9
425.9
425.9
425.9
425.9
425.9
425.9
425.9
425.9
425.9
425.9
426.0
426.0
426.0
426.0
426.0
426.0
426.0
426.1
426.1
426.1
426.1
426.1
426.2
426.2
426.2
426.2
426.2
426.3
426.3
426.3
426.4
426.4
426.4
426.4
426.4
426.5
426.5
426.6
426.6
426.6
426.6
426.7
426.8
426.8
426.8
426.8
426.9
427.0
427.0
427.2
427.3
427.3
427.4
427.5
427.6
427.6
427.7
427.7
427.8
427.9
427.9
427.9
428.0
428.0
428.4
428.7
428.7
429.2
429.4
429.7
429.7
429.7
429.8
429.8
429.8
429.8
429.8
429.8
429.9
429.9
429.9
429.9
429.9
430.0
430.0
430.0
430.0
430.0
430.0
430.1
430.1
430.1
430.1
430.1
430.1
430.1
430.1
430.1
430.1
430.1
430.1
430.2
430.2
430.2
430.2
430.2
430.2
430.2
430.3
430.3
430.3
430.3
430.3
430.3
430.4
430.4
430.4
430.4
430.5
430.5
430.5
430.6
430.6
430.6
430.6
430.6
430.7
430.7
430.7
430.7
430.7
431.0
431.1
431.1
431.2
431.3
431.4
431.4
431.4
431.5
431.5
431.6
431.6
431.7
431.8
431.8
431.8
431.9
431.9
432.0
432.3
432.3
432.8
432.9
432.9
433.1
433.2
433.2
433.2
433.2
433.3
433.4
433.5
433.8
434.1
435.0
435.0
435.0
435.1
435.3
435.3
435.3
435.3
435.4
435.4
435.4
435.4
435.4
435.5
435.5
435.6
435.6
435.6
435.7
435.7
435.7
435.7
435.7
435.7
435.8
435.8
435.8
435.8
435.8
435.9
435.9
435.9
435.9
435.9
436.0
436.0
436.0
436.0
436.1
436.1
436.1
436.2
436.2
436.2
436.2
436.2
436.3
436.4
436.5
436.5
436.5
436.6
436.6
436.6
436.6
436.6
436.7
436.7
436.7
436.8
436.8
436.9
436.9
437.0
437.0
437.1
437.2
437.3
437.4
437.5
437.5
437.5
437.5
437.6
437.6
437.8
437.9
437.9
437.9
438.0
438.2
438.8
439.0
439.8
440.1
440.2
440.2
440.4
440.6
440.9
441.1
441.6
442.1
442.4
443.4
446.0
446.4
446.6
446.8
446.9
448.2
448.7
449.2
449.2
449.3
449.3
449.3
449.3
449.7
449.9
450.1
450.1
450.4
451.3
451.4
451.5
451.6
451.8
451.9
452.3
452.5
452.7
452.8
453.0
453.2
453.3
453.4
453.6
453.8
454.1
454.2
454.4
454.7
454.8
454.9
454.9
455.3
455.5
456.0
456.3
456.4
456.4
456.5
456.5
457.6
458.3
458.6
459.0
459.1
459.4
460.4
460.6
461.1
461.4
462.3
463.1
463.3
463.8
464.2
465.1
465.3
465.8
465.8
468.4
468.6
471.1
472.5
476.9
479.5
484.6
568.5
568.5
568.5
568.5
568.6
568.6
568.6
568.6
568.6
568.6
568.6
568.6
568.6
568.6
568.6
568.6
568.6
568.6
568.6
568.7
568.7
568.7
568.7
568.7
568.7
568.7
568.8
568.8
568.8
568.8
568.8
568.9
568.9
569.0
569.0
569.1
569.1
569.1
569.2
569.2
569.2
569.2
569.2
569.2
569.3
569.3
569.3
569.4
569.4
569.4
569.4
569.5
569.5
569.5
569.5
569.5
569.5
569.5
569.6
569.6
569.6
569.6
569.6
569.7
569.7
569.9
569.9
570.0
570.0
570.1
570.1
570.3
570.3
570.4
570.4
570.4
570.5
570.6
570.7
570.9
570.9
570.9
571.0
571.1
571.1
571.1
571.4
571.6
572.2
572.4
572.4
572.5
572.5
572.5
572.6
572.6
572.6
572.6
572.6
572.7
572.7
572.7
572.7
572.7
572.7
572.7
572.7
572.7
572.7
572.8
572.8
572.8
572.8
572.8
572.9
572.9
572.9
572.9
572.9
572.9
573.0
573.0
573.0
573.1
573.1
573.1
573.1
573.2
573.2
573.2
573.2
573.2
573.3
573.3
573.3
573.3
573.4
573.4
573.4
573.4
573.4
573.5
573.5
573.5
573.6
573.6
573.6
573.7
573.7
573.8
573.8
573.8
573.8
574.1
574.2
574.2
574.2
574.2
574.3
574.4
574.4
574.5
574.7
574.8
574.8
574.9
574.9
575.0
575.0
575.4
575.4
575.7
575.7
575.9
575.9
576.0
576.2
576.3
576.3
576.4
576.5
576.5
577.3
577.3
577.4
577.4
577.6
577.7
578.0
578.0
578.0
578.1
578.1
578.1
578.2
578.2
578.2
578.2
578.3
578.3
578.3
578.3
578.4
578.4
578.4
578.4
578.4
578.5
578.5
578.5
578.5
578.6
578.6
578.6
578.6
578.7
578.7
578.7
578.7
578.8
578.8
578.8
578.8
578.8
578.9
578.9
578.9
579.0
579.0
579.0
579.0
579.1
579.1
579.1
579.1
579.2
579.2
579.2
579.3
579.3
579.4
579.4
579.4
579.4
579.5
579.5
579.5
579.6
579.6
579.7
579.8
579.8
580.0
580.0
580.1
580.1
580.1
580.2
580.3
580.4
580.4
580.6
580.6
580.8
580.9
580.9
581.0
581.1
581.1
581.4
581.5
581.6
581.8
582.1
582.1
582.2
582.2
582.5
582.6
583.5
583.8
583.8
584.0
584.2
584.5
585.0
585.5
585.6
585.6
585.8
585.9
585.9
586.0
586.1
586.4
586.4
586.4
586.4
586.4
586.4
586.5
586.5
586.6
586.6
586.6
586.7
586.7
586.7
586.9
586.9
587.0
587.0
587.0
587.0
587.1
587.2
587.2
587.2
587.3
587.3
587.4
587.5
587.5
587.5
587.5
587.6
587.6
587.7
587.7
587.7
587.7
587.7
587.7
587.7
587.7
587.7
587.8
587.9
587.9
587.9
588.0
588.0
588.0
588.1
588.1
588.2
588.2
588.2
588.3
588.3
588.4
588.4
588.4
588.4
588.4
588.5
588.5
588.5
588.6
588.6
588.6
588.6
588.7
588.7
588.7
588.8
588.8
588.9
588.9
589.0
589.2
589.2
589.3
589.4
589.5
589.6
589.7
589.7
589.8
591.2
591.3
591.6
592.3
592.8
593.7
594.6
594.7
595.6
596.5
596.7
597.7
599.2
600.7
601.4
602.3
604.5
604.7
605.4
605.9
606.8
607.4
607.8
611.2
612.4
614.3
616.6
626.8
632.7
707.2
707.2
707.3
707.3
707.3
707.3
707.3
707.3
707.3
707.3
707.3
707.3
707.3
707.3
707.4
707.4
707.4
707.4
707.4
707.4
707.4
707.4
707.4
707.4
707.4
707.5
707.5
707.5
707.5
707.5
707.6
707.6
707.6
707.6
707.6
707.6
707.7
707.7
707.7
707.7
707.7
707.7
707.9
707.9
707.9
707.9
708.0
708.0
708.0
708.0
708.0
708.1
708.1
708.2
708.2
708.2
708.3
708.3
708.3
708.4
708.4
708.4
708.4
708.4
708.6
708.8
708.9
708.9
709.0
709.0
709.0
709.1
709.2
709.4
709.4
709.4
709.4
709.4
709.6
709.7
709.9
709.9
710.0
710.1
710.1
710.1
710.1
710.3
710.4
710.9
711.0
711.0
711.1
711.1
711.2
711.2
711.2
711.2
711.3
711.3
711.3
711.3
711.3
711.3
711.3
711.3
711.3
711.4
711.4
711.4
711.4
711.4
711.4
711.4
711.4
711.5
711.5
711.5
711.5
711.5
711.5
711.5
711.6
711.6
711.6
711.6
711.6
711.6
711.7
711.7
711.8
711.8
711.8
711.8
711.8
711.8
711.9
711.9
711.9
712.0
712.0
712.0
712.1
712.2
712.2
712.2
712.2
712.3
712.4
712.4
712.4
712.4
712.5
712.5
712.5
712.5
712.6
712.7
712.7
712.9
712.9
713.0
713.0
713.1
713.1
713.1
713.2
713.2
713.5
713.5
713.5
713.6
713.6
713.7
713.7
713.9
713.9
714.2
714.2
714.3
714.3
714.3
714.4
714.5
714.5
714.6
715.1
715.6
716.0
716.0
716.2
716.3
716.5
716.5
716.5
716.6
716.6
716.6
716.7
716.7
716.7
716.7
716.7
716.8
716.8
716.8
716.8
716.9
716.9
716.9
716.9
716.9
717.0
717.0
717.0
717.0
717.0
717.1
717.1
717.1
717.2
717.2
717.2
717.2
717.2
717.2
717.3
717.3
717.3
717.3
717.3
717.4
717.4
717.5
717.5
717.5
717.5
717.6
717.7
717.7
717.7
717.7
717.7
717.7
717.8
717.8
717.8
717.8
717.9
718.0
718.0
718.1
718.1
718.1
718.1
718.1
718.2
718.3
718.4
718.5
718.5
718.6
718.6
718.6
718.7
718.8
718.8
718.8
718.8
718.9
719.1
719.2
719.3
719.4
719.5
719.5
719.5
719.5
719.6
719.7
719.7
719.7
719.8
719.8
719.9
720.5
720.7
720.9
721.6
722.0
722.7
722.7
722.9
723.7
724.2
724.2
724.3
724.3
724.4
724.6
724.7
724.7
724.7
724.8
724.8
724.8
724.8
724.9
724.9
724.9
725.0
725.0
725.1
725.3
725.3
725.3
725.4
725.5
725.5
725.5
725.6
725.6
725.6
725.6
725.7
725.7
725.8
725.9
726.0
726.1
726.1
726.1
726.2
726.2
726.2
726.2
726.2
726.2
726.2
726.3
726.3
726.3
726.3
726.4
726.4
726.5
726.6
726.6
726.6
726.7
726.7
726.8
726.8
726.8
726.8
726.8
726.9
726.9
726.9
727.0
727.0
727.1
727.1
727.2
727.2
727.2
727.3
727.3
727.3
727.3
727.4
727.4
727.4
727.5
727.5
727.5
727.6
727.6
727.6
727.7
727.7
727.8
727.8
727.9
728.4
728.5
728.9
729.7
730.1
731.2
731.3
731.6
732.3
738.8
739.9
740.1
740.3
740.3
740.7
740.8
741.0
741.2
741.4
741.5
742.0
742.5
742.6
742.6
742.6
742.6
742.7
742.7
742.7
742.8
742.8
742.8
742.8
742.8
742.9
742.9
742.9
742.9
742.9
742.9
742.9
742.9
742.9
742.9
743.0
743.0
743.0
743.0
743.0
743.0
743.0
743.1
743.1
743.1
743.1
743.1
743.3
743.3
743.3
743.4
743.5
743.7
743.7
743.8
743.8
743.8
743.9
744.0
744.1
744.1
744.1
744.3
744.3
744.5
744.5
744.6
744.6
744.7
744.8
744.9
744.9
744.9
745.0
745.0
745.0
745.1
745.2
745.3
745.4
745.4
745.5
745.7
745.8
746.1
746.1
746.3
746.3
746.4
746.4
746.4
746.6
746.6
746.7
746.7
746.7
746.8
746.8
746.8
746.8
746.8
746.9
747.0
747.0
747.1
747.1
747.1
747.1
747.1
747.1
747.1
747.1
747.1
747.2
747.2
747.2
747.3
747.3
747.3
747.3
747.3
747.3
747.4
747.4
747.5
747.5
747.5
747.5
747.6
747.6
747.6
747.6
747.7
747.7
747.7
747.8
747.8
747.8
747.8
747.9
748.0
748.0
748.0
748.0
748.1
748.1
748.1
748.2
748.3
748.3
748.4
748.6
748.7
748.7
748.8
748.8
748.9
748.9
749.1
749.2
749.2
749.3
749.5
749.8
749.9
749.9
750.0
750.3
750.5
751.2
751.2
751.6
751.7
751.7
752.0
752.0
752.1
752.1
752.2
752.2
752.2
752.3
752.4
752.6
752.7
752.8
752.8
752.8
752.9
752.9
752.9
753.0
753.0
753.1
753.1
753.1
753.1
753.1
753.2
753.2
753.3
753.3
753.3
753.3
753.4
753.4
753.6
753.6
753.6
753.6
753.6
753.7
753.7
753.7
753.7
753.9
753.9
753.9
753.9
753.9
754.1
754.1
754.1
754.2
754.3
754.3
754.3
754.4
754.4
754.5
754.5
754.5
754.5
754.6
754.7
754.7
754.8
754.8
754.9
754.9
755.0
755.2
755.4
755.8
755.8
756.0
756.2
756.2
756.3
756.3
757.0
757.1
757.3
757.4
757.8
757.8
758.2
758.4
758.7
758.8
759.1
759.3
759.6
759.7
759.9
760.1
760.3
760.5
760.5
760.6
760.8
760.9
761.8
761.8
761.9
762.0
762.0
762.4
763.4
763.6
763.9
764.5
764.6
764.6
764.7
764.8
764.8
765.0
765.0
765.0
765.4
765.6
765.7
765.9
765.9
766.1
766.4
766.5
766.5
766.5
767.4
767.5
767.5
767.7
767.8
767.9
768.0
768.3
768.8
768.8
769.2
769.5
769.9
770.5
770.5
770.6
770.6
770.7
771.0
771.3
771.5
771.8
772.0
772.0
772.1
772.2
772.2
772.3
773.2
773.3
773.9
774.3
774.4
774.8
774.9
775.4
776.4
777.3
777.7
778.2
778.9
779.8
780.1
782.0
783.1
783.9
789.4
794.4
801.0
801.6
872.7
872.7
872.7
872.7
872.7
872.7
872.7
872.7
872.7
872.7
872.7
872.7
872.7
872.7
872.7
872.7
872.8
872.8
872.8
872.8
872.8
872.8
872.8
872.8
872.8
872.8
872.8
872.8
872.8
872.8
872.8
872.8
872.8
872.8
872.8
872.8
872.8
872.8
872.8
872.8
872.8
872.8
872.8
872.9
872.9
872.9
872.9
872.9
872.9
872.9
872.9
872.9
872.9
872.9
872.9
872.9
873.0
873.0
873.0
873.0
873.0
873.0
873.0
873.1
873.1
873.1
873.1
873.1
873.1
873.1
873.2
873.3
873.3
873.3
873.3
873.4
873.4
873.4
873.4
873.4
873.4
873.5
873.6
873.6
873.8
873.9
874.0
874.0
874.3
874.5
874.6
874.9
874.9
875.2
875.3
875.9
875.9
876.2
876.5
876.5
876.5
876.6
876.6
876.6
876.6
876.6
876.6
876.6
876.6
876.6
876.6
876.6
876.6
876.6
876.6
876.7
876.7
876.7
876.7
876.7
876.7
876.7
876.7
876.7
876.8
876.8
876.8
876.8
876.8
876.8
876.8
876.8
876.8
876.8
876.8
876.8
876.8
876.8
876.8
876.8
876.8
876.9
876.9
876.9
876.9
876.9
876.9
876.9
876.9
877.0
877.0
877.0
877.0
877.0
877.0
877.0
877.0
877.0
877.0
877.0
877.1
877.1
877.1
877.1
877.1
877.1
877.1
877.2
877.2
877.2
877.2
877.4
877.4
877.5
877.5
877.5
877.5
877.6
877.6
877.6
877.6
877.6
877.6
878.0
878.1
878.4
878.4
878.5
879.1
879.2
879.7
879.9
880.3
880.9
880.9
881.6
881.7
881.8
881.8
881.8
881.9
881.9
881.9
881.9
881.9
881.9
882.0
882.0
882.0
882.0
882.1
882.1
882.1
882.1
882.1
882.1
882.1
882.2
882.2
882.2
882.2
882.2
882.3
882.3
882.3
882.4
882.4
882.4
882.4
882.4
882.4
882.4
882.5
882.5
882.5
882.5
882.5
882.5
882.5
882.6
882.6
882.6
882.6
882.6
882.6
882.6
882.6
882.6
882.7
882.7
882.7
882.7
882.7
882.7
882.7
882.7
882.8
882.8
882.8
882.8
882.8
882.9
882.9
882.9
882.9
883.0
883.0
883.0
883.0
883.0
883.0
883.1
883.1
883.1
883.1
883.2
883.2
883.3
883.3
883.3
883.3
883.4
883.6
884.2
884.3
884.4
884.5
884.7
885.2
885.9
886.6
887.0
888.6
889.4
890.0
891.2
891.6
891.7
891.8
891.9
892.0
892.0
892.1
892.2
892.2
892.2
892.3
892.4
892.4
892.4
892.5
892.6
892.7
892.7
892.7
892.8
892.8
892.8
892.8
892.9
892.9
893.0
893.0
893.0
893.1
893.1
893.2
893.2
893.3
893.3
893.4
893.5
893.5
893.5
893.5
893.6
893.6
893.7
893.7
893.7
893.7
893.7
893.7
893.7
893.7
893.8
893.9
893.9
893.9
893.9
894.1
894.2
894.2
894.2
894.3
894.4
894.4
894.5
894.5
894.5
894.5
894.5
894.6
894.6
894.6
894.6
894.7
894.8
894.8
894.8
894.8
894.9
895.0
895.0
895.2
895.4
895.6
895.7
895.8
895.9
896.5
896.6
896.6
896.7
896.9
897.3
897.4
897.7
898.2
899.3
899.4
907.5
912.4
914.2
919.1
922.6
922.6
922.6
922.6
922.7
922.7
922.7
922.7
922.7
922.7
922.7
922.7
922.7
922.8
922.8
922.8
922.8
922.8
922.8
922.8
922.8
922.8
922.8
922.8
922.8
922.8
922.8
922.8
922.8
922.8
922.8
922.8
922.9
922.9
922.9
922.9
922.9
922.9
922.9
922.9
922.9
922.9
922.9
922.9
923.0
923.0
923.0
923.0
923.0
923.0
923.0
923.0
923.0
923.0
923.0
923.1
923.1
923.1
923.1
923.1
923.1
923.2
923.2
923.3
923.3
923.3
923.3
923.3
923.4
923.4
923.4
923.4
923.5
923.5
923.5
923.6
923.6
923.7
923.7
923.8
923.8
923.8
923.9
924.0
924.1
924.2
924.3
924.5
924.7
924.9
925.1
925.5
925.7
925.8
925.9
926.0
926.3
926.3
926.4
926.5
926.5
926.6
926.6
926.6
926.6
926.7
926.7
926.7
926.7
926.7
926.7
926.7
926.7
926.8
926.8
926.8
926.8
926.8
926.8
926.8
926.9
926.9
926.9
926.9
926.9
926.9
926.9
926.9
926.9
926.9
926.9
926.9
927.0
927.0
927.0
927.0
927.0
927.0
927.0
927.0
927.1
927.1
927.1
927.1
927.1
927.1
927.1
927.1
927.1
927.2
927.2
927.2
927.2
927.2
927.2
927.2
927.2
927.3
927.4
927.4
927.4
927.5
927.5
927.5
927.5
927.6
927.6
927.6
927.7
927.7
927.7
927.8
927.9
928.0
928.0
928.1
928.1
928.2
928.4
928.4
928.4
928.5
928.7
928.8
929.1
929.2
929.5
930.0
930.2
930.5
931.4
931.5
931.6
931.8
931.9
931.9
932.0
932.0
932.0
932.0
932.0
932.0
932.0
932.1
932.1
932.1
932.1
932.2
932.2
932.2
932.2
932.2
932.3
932.3
932.3
932.4
932.4
932.4
932.4
932.5
932.5
932.5
932.5
932.5
932.5
932.6
932.6
932.7
932.7
932.7
932.7
932.7
932.7
932.8
932.8
932.8
932.9
932.9
932.9
932.9
932.9
932.9
933.0
933.0
933.1
933.1
933.1
933.1
933.2
933.2
933.2
933.2
933.2
933.3
933.3
933.3
933.3
933.3
933.3
933.4
933.4
933.4
933.4
933.4
933.5
933.6
933.6
933.6
933.8
933.8
933.9
934.0
934.1
934.1
934.2
934.4
934.4
934.5
934.6
934.6
934.9
935.0
935.7
935.8
936.2
936.3
936.6
937.6
937.8
938.5
941.1
941.4
942.0
942.3
942.6
942.7
943.4
943.5
943.5
943.8
944.0
944.0
944.4
944.4
944.5
944.5
944.6
944.7
944.8
944.8
945.0
945.2
945.3
945.4
945.5
945.6
945.8
946.1
946.2
946.2
946.3
946.4
946.5
946.7
946.8
946.9
947.3
947.5
947.6
947.6
947.7
948.1
948.1
948.4
948.5
948.5
948.6
948.7
948.8
948.9
949.0
949.2
949.7
949.8
949.9
949.9
950.0
950.1
950.3
950.3
950.4
950.4
950.8
951.0
951.0
951.2
951.2
951.5
952.0
952.2
952.7
953.1
953.2
953.3
953.4
953.9
954.9
955.3
956.0
956.1
957.1
957.5
957.6
958.1
962.4
967.4
971.4
973.5
974.7
1046.8
1046.8
1046.9
1046.9
1046.9
1046.9
1046.9
1046.9
1046.9
1046.9
1046.9
1046.9
1046.9
1046.9
1046.9
1047.0
1047.0
1047.0
1047.0
1047.0
1047.0
1047.0
1047.0
1047.0
1047.1
1047.1
1047.1
1047.1
1047.1
1047.1
1047.2
1047.2
1047.2
1047.2
1047.2
1047.2
1047.2
1047.2
1047.3
1047.3
1047.3
1047.3
1047.3
1047.3
1047.3
1047.3
1047.3
1047.3
1047.3
1047.3
1047.4
1047.4
1047.4
1047.4
1047.4
1047.5
1047.5
1047.6
1047.6
1047.6
1047.6
1047.6
1047.7
1047.7
1047.7
1047.7
1047.9
1047.9
1047.9
1047.9
1047.9
1047.9
1047.9
1048.0
1048.1
1048.1
1048.2
1048.2
1048.2
1048.3
1048.3
1048.3
1048.3
1048.5
1048.5
1048.7
1048.9
1048.9
1049.4
1049.5
1049.6
1049.8
1049.9
1050.5
1050.7
1050.7
1050.7
1050.7
1050.7
1050.8
1050.8
1050.8
1050.8
1050.8
1050.8
1050.8
1050.9
1050.9
1050.9
1050.9
1050.9
1050.9
1050.9
1051.0
1051.0
1051.0
1051.0
1051.0
1051.0
1051.0
1051.0
1051.1
1051.1
1051.1
1051.1
1051.1
1051.1
1051.2
1051.2
1051.2
1051.2
1051.2
1051.2
1051.2
1051.2
1051.3
1051.3
1051.3
1051.3
1051.3
1051.3
1051.3
1051.3
1051.4
1051.4
1051.4
1051.4
1051.4
1051.4
1051.4
1051.5
1051.5
1051.5
1051.5
1051.6
1051.6
1051.6
1051.7
1051.7
1051.7
1051.7
1051.7
1051.7
1051.7
1051.9
1051.9
1051.9
1051.9
1051.9
1051.9
1052.1
1052.1
1052.2
1052.2
1052.2
1052.2
1052.3
1052.3
1052.3
1052.4
1052.4
1052.5
1052.5
1052.7
1052.8
1053.1
1053.2
1053.4
1053.9
1054.2
1054.3
1054.7
1054.9
1055.8
1055.9
1056.0
1056.0
1056.1
1056.1
1056.1
1056.1
1056.2
1056.2
1056.2
1056.2
1056.2
1056.2
1056.3
1056.3
1056.3
1056.4
1056.4
1056.5
1056.5
1056.5
1056.5
1056.5
1056.5
1056.5
1056.5
1056.5
1056.5
1056.6
1056.6
1056.6
1056.7
1056.7
1056.7
1056.7
1056.8
1056.8
1056.8
1056.8
1056.8
1056.9
1056.9
1056.9
1056.9
1057.0
1057.0
1057.0
1057.0
1057.1
1057.1
1057.1
1057.1
1057.2
1057.2
1057.2
1057.2
1057.2
1057.2
1057.2
1057.2
1057.2
1057.2
1057.3
1057.3
1057.3
1057.3
1057.3
1057.3
1057.3
1057.3
1057.3
1057.3
1057.4
1057.5
1057.5
1057.5
1057.5
1057.5
1057.5
1057.7
1057.7
1057.7
1057.7
1057.8
1057.8
1057.9
1057.9
1057.9
1058.2
1058.5
1058.7
1058.8
1059.2
1059.6
1059.7
1060.5
1061.0
1061.2
1063.1
1064.2
1065.4
1065.6
1065.7
1065.8
1066.0
1066.2
1066.5
1066.5
1066.5
1066.6
1066.6
1066.6
1066.8
1066.9
1067.0
1067.0
1067.1
1067.1
1067.1
1067.1
1067.1
1067.2
1067.2
1067.2
1067.2
1067.2
1067.4
1067.5
1067.5
1067.6
1067.8
1067.8
1067.9
1067.9
1067.9
1068.0
1068.0
1068.1
1068.1
1068.1
1068.2
1068.3
1068.3
1068.3
1068.3
1068.3
1068.4
1068.4
1068.4
1068.4
1068.4
1068.5
1068.6
1068.8
1068.8
1068.8
1068.9
1068.9
1068.9
1068.9
1069.1
1069.1
1069.1
1069.1
1069.2
1069.2
1069.2
1069.3
1069.3
1069.4
1069.5
1069.5
1069.6
1069.7
1069.8
1069.8
1069.8
1069.9
1070.0
1070.0
1070.1
1070.1
1070.6
1070.7
1070.8
1070.9
1070.9
1071.4
1071.5
1071.5
1071.9
1072.1
1072.1
1072.2
1076.6
1077.7
1080.0
1094.6
1211.0
1211.0
1211.0
1211.0
1211.0
1211.0
1211.0
1211.0
1211.0
1211.1
1211.1
1211.1
1211.1
1211.1
1211.1
1211.1
1211.1
1211.1
1211.1
1211.1
1211.1
1211.1
1211.1
1211.1
1211.1
1211.1
1211.2
1211.2
1211.2
1211.2
1211.2
1211.2
1211.2
1211.2
1211.2
1211.2
1211.2
1211.2
1211.2
1211.2
1211.2
1211.2
1211.2
1211.3
1211.3
1211.3
1211.3
1211.3
1211.3
1211.3
1211.3
1211.3
1211.3
1211.3
1211.3
1211.4
1211.4
1211.4
1211.4
1211.5
1211.5
1211.5
1211.5
1211.5
1211.5
1211.5
1211.7
1211.7
1211.7
1211.7
1211.7
1211.7
1211.7
1211.8
1211.8
1211.9
1211.9
1211.9
1211.9
1212.0
1212.0
1212.1
1212.1
1212.2
1212.2
1212.4
1212.5
1212.6
1213.0
1213.0
1213.1
1213.3
1213.4
1214.0
1214.2
1214.4
1214.5
1214.8
1214.8
1214.8
1214.8
1214.8
1214.9
1214.9
1214.9
1214.9
1214.9
1214.9
1214.9
1215.0
1215.0
1215.0
1215.0
1215.0
1215.0
1215.0
1215.0
1215.0
1215.0
1215.1
1215.1
1215.1
1215.1
1215.1
1215.1
1215.1
1215.1
1215.1
1215.1
1215.1
1215.1
1215.1
1215.2
1215.2
1215.2
1215.2
1215.2
1215.2
1215.2
1215.2
1215.2
1215.3
1215.3
1215.3
1215.3
1215.3
1215.3
1215.3
1215.3
1215.3
1215.3
1215.3
1215.4
1215.4
1215.4
1215.4
1215.4
1215.4
1215.5
1215.5
1215.5
1215.5
1215.5
1215.5
1215.5
1215.6
1215.7
1215.7
1215.7
1215.7
1215.7
1215.8
1215.8
1215.9
1215.9
1215.9
1216.0
1216.1
1216.1
1216.1
1216.1
1216.2
1216.2
1216.4
1216.7
1216.7
1216.9
1217.1
1217.5
1217.9
1218.0
1218.2
1218.5
1219.3
1219.4
1219.9
1220.0
1220.1
1220.1
1220.2
1220.2
1220.2
1220.2
1220.2
1220.3
1220.3
1220.3
1220.3
1220.3
1220.3
1220.3
1220.3
1220.3
1220.4
1220.4
1220.4
1220.4
1220.4
1220.5
1220.5
1220.6
1220.6
1220.6
1220.6
1220.6
1220.6
1220.6
1220.6
1220.7
1220.7
1220.7
1220.8
1220.8
1220.8
1220.8
1220.8
1220.8
1220.8
1220.8
1220.8
1220.8
1220.8
1220.8
1220.9
1220.9
1220.9
1220.9
1221.0
1221.0
1221.0
1221.0
1221.0
1221.0
1221.0
1221.0
1221.0
1221.1
1221.1
1221.1
1221.1
1221.1
1221.1
1221.2
1221.2
1221.2
1221.2
1221.2
1221.2
1221.3
1221.3
1221.3
1221.3
1221.4
1221.4
1221.4
1221.5
1221.5
1221.5
1221.5
1221.5
1221.5
1221.6
1221.6
1221.6
1221.9
1221.9
1222.1
1222.5
1222.7
1223.0
1223.6
1223.8
1224.6
1225.5
1225.5
1226.9
1227.3
1227.5
1227.6
1227.6
1227.8
1228.0
1228.1
1228.1
1228.3
1228.3
1228.4
1228.4
1228.5
1228.6
1228.6
1228.7
1228.7
1228.7
1228.8
1228.8
1228.8
1228.8
1228.9
1228.9
1229.0
1229.0
1229.0
1229.0
1229.1
1229.1
1229.1
1229.1
1229.1
1229.1
1229.2
1229.2
1229.3
1229.3
1229.4
1229.4
1229.4
1229.4
1229.4
1229.5
1229.5
1229.5
1229.5
1229.6
1229.6
1229.6
1229.6
1229.7
1229.7
1229.8
1229.8
1229.8
1229.9
1229.9
1229.9
1229.9
1230.0
1230.0
1230.0
1230.0
1230.0
1230.1
1230.1
1230.1
1230.2
1230.3
1230.3
1230.3
1230.3
1230.4
1230.4
1230.5
1230.5
1230.5
1230.5
1230.6
1230.6
1230.7
1230.7
1230.7
1230.8
1230.9
1230.9
1231.0
1231.2
1231.4
1231.6
1231.6
1231.7
1231.8
1232.0
1233.3
1234.4
1239.9
1240.4
1261.6
1274.4
1282.9
1283.0
1283.6
1283.7
1283.7
1284.2
1284.3
1285.0
1285.4
1285.6
1285.9
1285.9
1286.1
1286.5
1286.7
1287.1
1287.3
1287.5
1287.9
1288.1
1288.4
1289.0
1289.0
1289.2
1289.8
1289.9
1289.9
1289.9
1290.0
1291.0
1291.3
1291.5
1291.6
1292.6
1297.7
1302.9
1304.1
1313.8
1316.1
1382.4
1382.4
1382.4
1382.4
1382.4
1382.5
1382.5
1382.5
1382.5
1382.5
1382.5
1382.5
1382.5
1382.5
1382.5
1382.5
1382.5
1382.5
1382.5
1382.5
1382.5
1382.5
1382.5
1382.5
1382.5
1382.5
1382.5
1382.5
1382.5
1382.5
1382.5
1382.5
1382.5
1382.5
1382.5
1382.5
1382.6
1382.6
1382.6
1382.6
1382.6
1382.6
1382.6
1382.6
1382.6
1382.6
1382.6
1382.6
1382.6
1382.6
1382.6
1382.6
1382.6
1382.7
1382.7
1382.7
1382.7
1382.7
1382.7
1382.7
1382.8
1382.8
1382.8
1382.8
1382.8
1382.9
1382.9
1383.0
1383.0
1383.0
1383.0
1383.0
1383.1
1383.1
1383.1
1383.2
1383.2
1383.2
1383.2
1383.2
1383.3
1383.3
1383.4
1383.4
1383.7
1383.7
1383.9
1384.0
1384.2
1384.5
1384.5
1384.8
1384.9
1385.1
1385.2
1385.8
1385.8
1386.1
1386.2
1386.2
1386.2
1386.3
1386.3
1386.3
1386.3
1386.3
1386.3
1386.3
1386.3
1386.3
1386.3
1386.3
1386.3
1386.3
1386.4
1386.4
1386.4
1386.4
1386.4
1386.4
1386.4
1386.4
1386.5
1386.5
1386.5
1386.5
1386.5
1386.5
1386.5
1386.5
1386.5
1386.5
1386.5
1386.5
1386.5
1386.5
1386.5
1386.6
1386.6
1386.6
1386.6
1386.6
1386.6
1386.6
1386.6
1386.6
1386.6
1386.6
1386.6
1386.6
1386.6
1386.7
1386.7
1386.7
1386.8
1386.8
1386.8
1386.8
1386.8
1386.8
1386.8
1386.8
1386.8
1386.8
1386.8
1386.8
1386.9
1386.9
1387.0
1387.0
1387.1
1387.1
1387.2
1387.2
1387.2
1387.2
1387.3
1387.3
1387.3
1387.4
1387.4
1387.4
1387.4
1387.8
1387.9
1388.2
1388.2
1388.3
1388.9
1388.9
1389.5
1389.7
1390.0
1390.5
1390.5
1391.3
1391.4
1391.5
1391.5
1391.6
1391.6
1391.6
1391.6
1391.6
1391.6
1391.6
1391.6
1391.7
1391.7
1391.8
1391.8
1391.8
1391.8
1391.9
1391.9
1391.9
1391.9
1391.9
1391.9
1391.9
1392.0
1392.0
1392.0
1392.0
1392.0
1392.0
1392.1
1392.1
1392.1
1392.1
1392.1
1392.1
1392.1
1392.1
1392.1
1392.1
1392.1
1392.1
1392.1
1392.2
1392.2
1392.2
1392.2
1392.2
1392.3
1392.3
1392.3
1392.3
1392.3
1392.4
1392.4
1392.4
1392.4
1392.4
1392.4
1392.4
1392.4
1392.5
1392.5
1392.5
1392.5
1392.5
1392.6
1392.6
1392.6
1392.6
1392.6
1392.6
1392.6
1392.6
1392.7
1392.7
1392.7
1392.8
1392.8
1392.9
1392.9
1392.9
1393.0
1393.1
1393.1
1393.2
1393.3
1393.7
1393.7
1393.9
1393.9
1394.1
1394.8
1394.8
1395.9
1396.4
1397.2
1397.3
1397.6
1399.0
1399.3
1399.4
1399.5
1399.5
1399.6
1399.6
1399.7
1399.8
1399.8
1399.9
1399.9
1399.9
1399.9
1399.9
1400.1
1400.1
1400.1
1400.2
1400.2
1400.3
1400.4
1400.4
1400.4
1400.5
1400.5
1400.6
1400.6
1400.7
1400.7
1400.7
1400.7
1400.8
1400.8
1400.8
1400.8
1400.8
1400.8
1400.9
1400.9
1400.9
1400.9
1401.0
1401.0
1401.0
1401.0
1401.0
1401.1
1401.1
1401.1
1401.1
1401.2
1401.2
1401.2
1401.3
1401.3
1401.4
1401.4
1401.4
1401.5
1401.5
1401.5
1401.5
1401.6
1401.6
1401.7
1401.7
1401.7
1401.7
1401.7
1401.9
1401.9
1401.9
1401.9
1402.1
1402.1
1402.3
1402.4
1402.4
1402.4
1402.5
1402.6
1402.8
1403.0
1403.1
1403.2
1403.3
1403.4
1403.4
1403.6
1403.7
1403.8
1403.9
1404.1
1405.0
1407.4
1411.3
1413.6
1413.6
1421.7
1547.4
1547.5
1547.5
1547.5
1547.5
1547.5
1547.5
1547.5
1547.5
1547.5
1547.5
1547.5
1547.5
1547.5
1547.5
1547.5
1547.5
1547.6
1547.6
1547.6
1547.6
1547.6
1547.6
1547.6
1547.6
1547.6
1547.6
1547.6
1547.6
1547.6
1547.6
1547.6
1547.6
1547.6
1547.6
1547.6
1547.6
1547.6
1547.6
1547.6
1547.7
1547.7
1547.7
1547.7
1547.7
1547.7
1547.7
1547.7
1547.7
1547.7
1547.7
1547.7
1547.7
1547.7
1547.7
1547.8
1547.8
1547.8
1547.8
1547.9
1547.9
1547.9
1547.9
1547.9
1547.9
1547.9
1548.0
1548.1
1548.1
1548.1
1548.1
1548.1
1548.1
1548.2
1548.2
1548.3
1548.3
1548.3
1548.3
1548.4
1548.4
1548.4
1548.4
1548.6
1548.6
1548.8
1548.9
1549.0
1549.4
1549.4
1549.5
1549.7
1549.8
1550.4
1550.5
1550.8
1550.8
1551.1
1551.2
1551.3
1551.3
1551.3
1551.3
1551.3
1551.3
1551.4
1551.4
1551.4
1551.4
1551.4
1551.4
1551.4
1551.4
1551.4
1551.4
1551.4
1551.5
1551.5
1551.5
1551.5
1551.5
1551.5
1551.5
1551.5
1551.5
1551.5
1551.5
1551.6
1551.6
1551.6
1551.6
1551.6
1551.6
1551.6
1551.6
1551.6
1551.6
1551.6
1551.6
1551.6
1551.6
1551.7
1551.7
1551.7
1551.7
1551.7
1551.7
1551.7
1551.7
1551.7
1551.8
1551.8
1551.8
1551.8
1551.8
1551.8
1551.8
1551.8
1551.8
1551.9
1551.9
1551.9
1551.9
1552.0
1552.0
1552.0
1552.0
1552.0
1552.1
1552.1
1552.1
1552.2
1552.2
1552.3
1552.3
1552.3
1552.4
1552.4
1552.4
1552.4
1552.5
1552.6
1552.6
1552.8
1553.0
1553.1
1553.2
1553.5
1553.9
1554.2
1554.4
1554.6
1554.9
1555.8
1555.8
1556.3
1556.4
1556.6
1556.6
1556.6
1556.6
1556.6
1556.7
1556.7
1556.7
1556.7
1556.7
1556.7
1556.7
1556.8
1556.8
1556.8
1556.8
1556.8
1556.8
1556.8
1556.9
1556.9
1556.9
1557.0
1557.0
1557.0
1557.0
1557.1
1557.1
1557.1
1557.1
1557.1
1557.1
1557.2
1557.2
1557.2
1557.2
1557.2
1557.2
1557.2
1557.2
1557.3
1557.3
1557.3
1557.3
1557.3
1557.3
1557.3
1557.3
1557.3
1557.4
1557.4
1557.4
1557.4
1557.4
1557.4
1557.4
1557.4
1557.5
1557.5
1557.5
1557.5
1557.5
1557.5
1557.6
1557.6
1557.6
1557.6
1557.6
1557.6
1557.6
1557.7
1557.7
1557.8
1557.8
1557.8
1557.8
1557.8
1557.9
1557.9
1557.9
1557.9
1557.9
1558.0
1558.0
1558.1
1558.1
1558.5
1558.5
1558.6
1558.8
1559.2
1559.2
1559.7
1560.3
1560.5
1561.3
1562.1
1562.1
1563.7
1564.0
1564.2
1564.3
1564.3
1564.4
1564.4
1564.4
1564.4
1564.5
1564.5
1564.6
1564.6
1564.7
1564.7
1564.8
1564.8
1564.9
1565.0
1565.0
1565.0
1565.0
1565.2
1565.2
1565.2
1565.3
1565.3
1565.4
1565.4
1565.4
1565.4
1565.4
1565.5
1565.5
1565.6
1565.6
1565.7
1565.7
1565.7
1565.8
1565.8
1565.9
1565.9
1565.9
1565.9
1566.0
1566.0
1566.0
1566.0
1566.1
1566.1
1566.1
1566.1
1566.2
1566.2
1566.2
1566.2
1566.3
1566.3
1566.3
1566.3
1566.3
1566.4
1566.4
1566.4
1566.4
1566.5
1566.5
1566.6
1566.7
1566.7
1566.7
1566.7
1566.7
1566.7
1566.9
1566.9
1566.9
1567.0
1567.1
1567.1
1567.1
1567.2
1567.2
1567.3
1567.3
1567.4
1567.7
1568.1
1568.1
1568.2
1568.2
1568.3
1568.4
1568.6
1569.1
1570.7
1571.7
1575.5
1577.6
1585.7
1606.8
1607.2
1618.5
1620.0
1623.6
1624.7
1625.3
1625.5
1626.4
1631.9
1632.4
1633.4
1639.9
1640.6
1650.2
1718.5
1718.5
1718.5
1718.5
1718.5
1718.5
1718.5
1718.5
1718.5
1718.5
1718.5
1718.5
1718.6
1718.6
1718.6
1718.6
1718.6
1718.6
1718.6
1718.6
1718.6
1718.6
1718.6
1718.6
1718.6
1718.6
1718.6
1718.6
1718.6
1718.6
1718.6
1718.6
1718.6
1718.6
1718.6
1718.6
1718.6
1718.6
1718.6
1718.7
1718.7
1718.7
1718.7
1718.7
1718.7
1718.7
1718.7
1718.7
1718.7
1718.7
1718.7
1718.7
1718.8
1718.8
1718.8
1718.8
1718.8
1718.8
1718.8
1718.8
1718.9
1718.9
1718.9
1718.9
1719.0
1719.0
1719.0
1719.0
1719.0
1719.0
1719.1
1719.1
1719.2
1719.2
1719.2
1719.3
1719.3
1719.3
1719.3
1719.3
1719.3
1719.4
1719.5
1719.5
1719.8
1719.9
1719.9
1720.0
1720.4
1720.5
1720.5
1720.8
1720.9
1721.2
1721.3
1721.8
1721.9
1722.2
1722.2
1722.3
1722.3
1722.4
1722.4
1722.4
1722.4
1722.4
1722.4
1722.4
1722.4
1722.4
1722.4
1722.4
1722.4
1722.4
1722.5
1722.5
1722.5
1722.5
1722.5
1722.5
1722.5
1722.5
1722.5
1722.5
1722.6
1722.6
1722.6
1722.6
1722.6
1722.6
1722.6
1722.6
1722.6
1722.6
1722.6
1722.6
1722.6
1722.6
1722.6
1722.7
1722.7
1722.7
1722.7
1722.7
1722.7
1722.7
1722.7
1722.7
1722.7
1722.8
1722.8
1722.8
1722.8
1722.8
1722.8
1722.8
1722.8
1722.9
1722.9
1722.9
1722.9
1722.9
1722.9
1722.9
1722.9
1722.9
1723.0
1723.1
1723.1
1723.1
1723.1
1723.2
1723.3
1723.3
1723.3
1723.3
1723.3
1723.4
1723.4
1723.4
1723.4
1723.5
1723.5
1723.9
1723.9
1724.2
1724.3
1724.3
1725.0
1725.1
1725.5
1725.7
1726.0
1726.6
1726.7
1727.3
1727.5
1727.6
1727.6
1727.6
1727.6
1727.7
1727.7
1727.7
1727.7
1727.7
1727.7
1727.8
1727.8
1727.8
1727.9
1727.9
1727.9
1727.9
1728.0
1728.0
1728.0
1728.0
1728.0
1728.0
1728.0
1728.0
1728.1
1728.1
1728.1
1728.2
1728.2
1728.2
1728.2
1728.2
1728.2
1728.2
1728.2
1728.2
1728.2
1728.2
1728.2
1728.3
1728.3
1728.3
1728.3
1728.3
1728.3
1728.3
1728.4
1728.4
1728.4
1728.4
1728.4
1728.5
1728.5
1728.5
1728.5
1728.5
1728.5
1728.5
1728.5
1728.5
1728.5
1728.5
1728.6
1728.6
1728.6
1728.6
1728.7
1728.7
1728.7
1728.7
1728.7
1728.8
1728.8
1728.8
1728.8
1728.8
1729.0
1729.0
1729.0
1729.0
1729.1
1729.2
1729.2
1729.2
1729.2
1729.7
1729.7
1729.9
1729.9
1730.1
1730.8
1730.9
1732.0
1732.3
1733.4
1733.4
1733.7
1735.0
1735.4
1735.4
1735.5
1735.5
1735.5
1735.6
1735.7
1735.8
1735.8
1735.8
1735.9
1735.9
1735.9
1736.1
1736.1
1736.1
1736.2
1736.3
1736.3
1736.4
1736.4
1736.5
1736.5
1736.5
1736.6
1736.6
1736.6
1736.7
1736.7
1736.7
1736.8
1736.8
1736.8
1736.8
1736.9
1736.9
1736.9
1737.0
1737.1
1737.1
1737.1
1737.1
1737.2
1737.2
1737.2
1737.2
1737.2
1737.3
1737.3
1737.3
1737.4
1737.4
1737.4
1737.4
1737.4
1737.5
1737.5
1737.5
1737.5
1737.5
1737.6
1737.7
1737.7
1737.7
1737.7
1737.7
1737.8
1737.9
1737.9
1737.9
1738.0
1738.0
1738.1
1738.1
1738.2
1738.2
1738.4
1738.5
1738.5
1738.5
1738.6
1739.0
1739.0
1739.3
1739.4
1739.5
1739.5
1739.7
1739.8
1739.9
1740.1
1740.7
1740.9
1741.5
1746.5
1750.0
1760.4
1766.5
1883.9
1883.9
1884.0
1884.0
1884.0
1884.0
1884.0
1884.0
1884.0
1884.0
1884.0
1884.0
1884.0
1884.0
1884.0
1884.0
1884.0
1884.0
1884.0
1884.0
1884.0
1884.0
1884.1
1884.1
1884.1
1884.1
1884.1
1884.1
1884.1
1884.1
1884.1
1884.1
1884.1
1884.1
1884.1
1884.1
1884.1
1884.1
1884.1
1884.1
1884.1
1884.1
1884.1
1884.2
1884.2
1884.2
1884.2
1884.2
1884.2
1884.2
1884.2
1884.2
1884.2
1884.2
1884.2
1884.3
1884.3
1884.3
1884.3
1884.3
1884.3
1884.4
1884.4
1884.4
1884.4
1884.4
1884.5
1884.5
1884.6
1884.6
1884.6
1884.6
1884.6
1884.7
1884.7
1884.8
1884.8
1884.8
1884.8
1884.9
1884.9
1885.0
1885.0
1885.1
1885.2
1885.3
1885.4
1885.5
1886.0
1886.0
1886.0
1886.3
1886.4
1886.9
1887.1
1887.4
1887.5
1887.7
1887.7
1887.8
1887.8
1887.8
1887.8
1887.8
1887.8
1887.8
1887.9
1887.9
1887.9
1887.9
1887.9
1887.9
1887.9
1887.9
1887.9
1887.9
1888.0
1888.0
1888.0
1888.0
1888.0
1888.0
1888.0
1888.0
1888.0
1888.0
1888.0
1888.0
1888.0
1888.0
1888.0
1888.1
1888.1
1888.1
1888.1
1888.1
1888.1
1888.1
1888.1
1888.1
1888.1
1888.1
1888.2
1888.2
1888.2
1888.2
1888.2
1888.2
1888.2
1888.2
1888.2
1888.2
1888.3
1888.3
1888.3
1888.3
1888.3
1888.3
1888.4
1888.4
1888.4
1888.4
1888.4
1888.5
1888.5
1888.5
1888.6
1888.6
1888.6
1888.6
1888.6
1888.7
1888.7
1888.8
1888.8
1888.9
1888.9
1888.9
1889.0
1889.0
1889.1
1889.1
1889.1
1889.4
1889.6
1889.7
1889.9
1890.0
1890.5
1890.8
1891.0
1891.3
1891.6
1892.4
1892.5
1892.8
1892.9
1893.0
1893.1
1893.1
1893.1
1893.1
1893.1
1893.2
1893.2
1893.2
1893.2
1893.2
1893.2
1893.2
1893.3
1893.3
1893.3
1893.3
1893.3
1893.3
1893.3
1893.4
1893.5
1893.5
1893.5
1893.5
1893.5
1893.6
1893.6
1893.6
1893.6
1893.6
1893.6
1893.6
1893.7
1893.7
1893.7
1893.7
1893.7
1893.8
1893.8
1893.8
1893.8
1893.8
1893.8
1893.8
1893.8
1893.8
1893.9
1893.9
1893.9
1893.9
1893.9
1893.9
1893.9
1893.9
1893.9
1893.9
1894.0
1894.0
1894.0
1894.0
1894.0
1894.0
1894.0
1894.1
1894.1
1894.1
1894.1
1894.1
1894.1
1894.2
1894.2
1894.3
1894.3
1894.3
1894.3
1894.3
1894.3
1894.4
1894.4
1894.4
1894.5
1894.5
1894.5
1894.5
1894.6
1895.0
1895.2
1895.2
1895.4
1895.7
1895.8
1896.3
1896.7
1897.0
1897.7
1898.7
1898.7
1900.3
1900.4
1900.6
1900.6
1900.7
1900.8
1900.9
1900.9
1901.0
1901.0
1901.0
1901.0
1901.1
1901.1
1901.2
1901.2
1901.3
1901.3
1901.4
1901.4
1901.4
1901.4
1901.5
1901.6
1901.7
1901.7
1901.7
1901.7
1901.7
1901.7
1901.8
1901.9
1901.9
1901.9
1902.1
1902.1
1902.1
1902.1
1902.2
1902.2
1902.2
1902.2
1902.2
1902.3
1902.3
1902.3
1902.3
1902.4
1902.4
1902.4
1902.5
1902.5
1902.5
1902.6
1902.6
1902.6
1902.7
1902.7
1902.7
1902.7
1902.7
1902.7
1902.8
1902.8
1902.9
1902.9
1902.9
1902.9
1903.0
1903.1
1903.1
1903.1
1903.1
1903.2
1903.2
1903.3
1903.4
1903.4
1903.4
1903.4
1903.5
1903.5
1903.5
1903.6
1903.7
1903.8
1904.0
1904.0
1904.5
1904.6
1904.6
1904.7
1904.7
1904.8
1904.9
1905.0
1906.9
1907.6
1912.1
1912.3
1923.1
1933.3
1933.9
1934.5
1936.4
1945.8
1946.9
1953.7
1953.9
1954.1
1954.1
1955.0
1955.1
1956.2
1956.7
1956.8
1956.9
1957.3
1957.6
1957.6
1958.0
1958.1
1958.9
1959.1
1959.2
1959.4
1960.3
1961.4
1961.8
1961.9
1962.5
1963.0
1964.6
1965.0
1968.7
1970.0
1970.6
1971.0
1973.6
1985.2
2054.8
2054.8
2054.8
2054.8
2054.8
2054.8
2054.8
2054.8
2054.8
2054.8
2054.8
2054.8
2054.8
2054.8
2054.8
2054.8
2054.9
2054.9
2054.9
2054.9
2054.9
2054.9
2054.9
2054.9
2054.9
2054.9
2054.9
2054.9
2054.9
2054.9
2054.9
2054.9
2054.9
2054.9
2054.9
2054.9
2054.9
2054.9
2054.9
2054.9
2054.9
2054.9
2055.0
2055.0
2055.0
2055.0
2055.0
2055.0
2055.0
2055.0
2055.0
2055.0
2055.1
2055.1
2055.1
2055.1
2055.1
2055.1
2055.1
2055.1
2055.1
2055.2
2055.2
2055.2
2055.2
2055.2
2055.3
2055.3
2055.4
2055.4
2055.4
2055.4
2055.5
2055.5
2055.5
2055.6
2055.6
2055.6
2055.6
2055.6
2055.6
2055.8
2055.8
2055.8
2056.1
2056.1
2056.2
2056.3
2056.6
2056.8
2056.8
2057.1
2057.2
2057.5
2057.6
2058.1
2058.2
2058.5
2058.5
2058.6
2058.6
2058.6
2058.6
2058.6
2058.7
2058.7
2058.7
2058.7
2058.7
2058.7
2058.7
2058.7
2058.7
2058.7
2058.8
2058.8
2058.8
2058.8
2058.8
2058.8
2058.8
2058.8
2058.8
2058.8
2058.8
2058.8
2058.9
2058.9
2058.9
2058.9
2058.9
2058.9
2058.9
2058.9
2058.9
2058.9
2058.9
2058.9
2059.0
2059.0
2059.0
2059.0
2059.0
2059.0
2059.0
2059.0
2059.0
2059.0
2059.0
2059.0
2059.1
2059.1
2059.1
2059.1
2059.1
2059.1
2059.2
2059.2
2059.2
2059.2
2059.2
2059.2
2059.2
2059.2
2059.2
2059.2
2059.2
2059.3
2059.4
2059.4
2059.4
2059.5
2059.5
2059.6
2059.6
2059.6
2059.7
2059.7
2059.7
2059.7
2059.8
2059.8
2059.8
2060.2
2060.2
2060.5
2060.6
2060.7
2061.3
2061.3
2061.8
2062.0
2062.3
2062.9
2063.0
2063.6
2063.8
2063.9
2063.9
2063.9
2063.9
2063.9
2063.9
2064.0
2064.0
2064.0
2064.0
2064.0
2064.1
2064.1
2064.1
2064.1
2064.2
2064.3
2064.3
2064.3
2064.3
2064.3
2064.3
2064.3
2064.3
2064.4
2064.4
2064.4
2064.4
2064.4
2064.4
2064.4
2064.4
2064.5
2064.5
2064.5
2064.5
2064.5
2064.5
2064.5
2064.5
2064.6
2064.6
2064.6
2064.6
2064.6
2064.6
2064.6
2064.7
2064.7
2064.7
2064.7
2064.7
2064.7
2064.8
2064.8
2064.8
2064.8
2064.8
2064.8
2064.8
2064.8
2064.8
2064.9
2064.9
2064.9
2064.9
2065.0
2065.0
2065.0
2065.0
2065.0
2065.0
2065.0
2065.1
2065.1
2065.1
2065.1
2065.2
2065.3
2065.3
2065.3
2065.4
2065.4
2065.5
2065.5
2065.6
2066.0
2066.1
2066.2
2066.3
2066.5
2067.1
2067.3
2068.4
2068.8
2069.9
2069.9
2070.3
2071.3
2071.7
2071.7
2071.8
2071.8
2071.8
2071.9
2071.9
2072.0
2072.1
2072.2
2072.2
2072.2
2072.2
2072.4
2072.4
2072.4
2072.5
2072.5
2072.6
2072.7
2072.7
2072.8
2072.9
2072.9
2072.9
2073.0
2073.0
2073.0
2073.0
2073.0
2073.1
2073.1
2073.1
2073.2
2073.2
2073.2
2073.2
2073.3
2073.4
2073.4
2073.4
2073.4
2073.4
2073.4
2073.4
2073.4
2073.5
2073.5
2073.6
2073.6
2073.6
2073.6
2073.7
2073.7
2073.8
2073.8
2073.8
2073.8
2073.8
2073.9
2073.9
2074.0
2074.0
2074.0
2074.0
2074.0
2074.1
2074.1
2074.2
2074.3
2074.3
2074.4
2074.5
2074.5
2074.6
2074.6
2074.7
2074.8
2074.8
2074.9
2075.2
2075.3
2075.4
2075.6
2075.7
2075.8
2075.8
2076.0
2076.2
2076.3
2076.9
2077.1
2077.3
2077.5
2080.7
2085.4
2089.0
2091.4
2220.2
2220.2
2220.2
2220.2
2220.2
2220.2
2220.2
2220.2
2220.2
2220.2
2220.2
2220.2
2220.2
2220.2
2220.3
2220.3
2220.3
2220.3
2220.3
2220.3
2220.3
2220.3
2220.3
2220.3
2220.3
2220.3
2220.3
2220.3
2220.3
2220.3
2220.3
2220.3
2220.3
2220.3
2220.3
2220.3
2220.3
2220.4
2220.4
2220.4
2220.4
2220.4
2220.4
2220.4
2220.4
2220.4
2220.4
2220.4
2220.4
2220.4
2220.4
2220.4
2220.4
2220.4
2220.5
2220.5
2220.5
2220.5
2220.6
2220.6
2220.6
2220.6
2220.6
2220.6
2220.6
2220.6
2220.8
2220.8
2220.8
2220.8
2220.8
2220.8
2220.8
2220.9
2221.0
2221.0
2221.0
2221.0
2221.0
2221.1
2221.1
2221.2
2221.2
2221.3
2221.3
2221.5
2221.6
2221.7
2222.1
2222.1
2222.2
2222.4
2222.5
2223.1
2223.2
2223.5
2223.5
2223.9
2223.9
2224.0
2224.0
2224.0
2224.1
2224.1
2224.1
2224.1
2224.1
2224.1
2224.1
2224.1
2224.1
2224.1
2224.1
2224.1
2224.2
2224.2
2224.2
2224.2
2224.2
2224.2
2224.2
2224.2
2224.2
2224.2
2224.3
2224.3
2224.3
2224.3
2224.3
2224.3
2224.3
2224.3
2224.3
2224.3
2224.3
2224.3
2224.3
2224.3
2224.3
2224.3
2224.4
2224.4
2224.4
2224.4
2224.4
2224.4
2224.4
2224.4
2224.5
2224.5
2224.5
2224.5
2224.5
2224.5
2224.5
2224.6
2224.6
2224.6
2224.6
2224.6
2224.6
2224.6
2224.7
2224.7
2224.7
2224.7
2224.8
2224.8
2224.8
2224.8
2224.8
2224.9
2224.9
2225.0
2225.0
2225.0
2225.1
2225.2
2225.2
2225.2
2225.3
2225.3
2225.3
2225.5
2225.8
2225.8
2226.0
2226.2
2226.6
2226.9
2227.1
2227.3
2227.6
2228.5
2228.6
2229.0
2229.2
2229.2
2229.3
2229.3
2229.3
2229.4
2229.4
2229.4
2229.4
2229.4
2229.4
2229.5
2229.5
2229.5
2229.5
2229.5
2229.5
2229.5
2229.5
2229.5
2229.6
2229.6
2229.6
2229.7
2229.7
2229.7
2229.8
2229.8
2229.8
2229.8
2229.8
2229.8
2229.8
2229.9
2229.9
2229.9
2229.9
2229.9
2230.0
2230.0
2230.0
2230.0
2230.0
2230.0
2230.0
2230.0
2230.0
2230.1
2230.1
2230.1
2230.1
2230.1
2230.1
2230.1
2230.1
2230.2
2230.2
2230.2
2230.2
2230.2
2230.2
2230.2
2230.2
2230.3
2230.3
2230.3
2230.3
2230.3
2230.3
2230.3
2230.4
2230.4
2230.4
2230.5
2230.5
2230.5
2230.5
2230.6
2230.6
2230.6
2230.6
2230.7
2230.7
2230.7
2230.8
2230.8
2230.8
2231.0
2231.1
2231.2
2231.5
2231.8
2231.9
2232.3
2232.9
2233.1
2233.8
2234.7
2234.8
2236.1
2236.6
2236.7
2236.9
2237.0
2237.0
2237.1
2237.1
2237.1
2237.1
2237.2
2237.2
2237.2
2237.4
2237.4
2237.4
2237.5
2237.6
2237.6
2237.6
2237.7
2237.7
2237.9
2237.9
2237.9
2237.9
2238.0
2238.0
2238.0
2238.0
2238.1
2238.1
2238.1
2238.2
2238.3
2238.3
2238.3
2238.3
2238.4
2238.5
2238.5
2238.5
2238.5
2238.6
2238.6
2238.6
2238.7
2238.7
2238.7
2238.7
2238.8
2238.8
2238.8
2238.8
2238.8
2238.9
2238.9
2238.9
2238.9
2239.0
2239.0
2239.0
2239.1
2239.1
2239.1
2239.1
2239.1
2239.2
2239.3
2239.4
2239.4
2239.4
2239.4
2239.4
2239.4
2239.6
2239.6
2239.6
2239.7
2239.7
2239.8
2239.8
2239.8
2239.9
2239.9
2240.0
2240.0
2240.4
2240.4
2240.7
2240.7
2240.9
2240.9
2241.0
2241.3
2241.9
2243.5
2244.6
2248.3
2249.2
2262.4
2275.9
2278.8
2287.7
2288.1
2288.2
2288.6
2288.6
2289.0
2289.1
2289.9
2290.4
2290.5
2290.8
2291.0
2291.2
2291.4
2291.9
2292.2
2292.4
2292.9
2293.5
2293.5
2293.7
2293.8
2294.3
2294.3
2294.4
2294.8
2294.9
2295.2
2295.9
2296.7
2297.0
2297.1
2297.8
2298.4
2299.4
2300.8
2303.0
2304.9
2309.4
2317.4
2331.8
2391.1
2391.2
2391.2
2391.2
2391.2
2391.2
2391.2
2391.2
2391.2
2391.2
2391.2
2391.2
2391.2
2391.2
2391.2
2391.2
2391.2
2391.2
2391.2
2391.2
2391.2
2391.2
2391.2
2391.2
2391.3
2391.3
2391.3
2391.3
2391.3
2391.3
2391.3
2391.3
2391.3
2391.3
2391.3
2391.3
2391.3
2391.3
2391.3
2391.3
2391.3
2391.3
2391.3
2391.4
2391.4
2391.4
2391.4
2391.4
2391.4
2391.4
2391.4
2391.4
2391.4
2391.4
2391.4
2391.4
2391.5
2391.5
2391.5
2391.5
2391.5
2391.6
2391.6
2391.6
2391.6
2391.6
2391.6
2391.7
2391.7
2391.7
2391.8
2391.8
2391.8
2391.8
2391.9
2391.9
2391.9
2391.9
2392.0
2392.0
2392.0
2392.1
2392.2
2392.2
2392.5
2392.5
2392.6
2392.7
2393.0
2393.2
2393.2
2393.5
2393.6
2393.9
2394.0
2394.5
2394.6
2394.9
2394.9
2395.0
2395.0
2395.0
2395.0
2395.0
2395.0
2395.0
2395.0
2395.0
2395.1
2395.1
2395.1
2395.1
2395.1
2395.1
2395.1
2395.1
2395.1
2395.1
2395.2
2395.2
2395.2
2395.2
2395.2
2395.2
2395.2
2395.2
2395.2
2395.2
2395.2
2395.2
2395.2
2395.3
2395.3
2395.3
2395.3
2395.3
2395.3
2395.3
2395.3
2395.3
2395.3
2395.3
2395.4
2395.4
2395.4
2395.4
2395.4
2395.4
2395.4
2395.4
2395.4
2395.4
2395.5
2395.5
2395.5
2395.5
2395.5
2395.5
2395.6
2395.6
2395.6
2395.6
2395.6
2395.6
2395.6
2395.6
2395.6
2395.7
2395.8
2395.8
2395.8
2395.9
2395.9
2395.9
2396.0
2396.0
2396.1
2396.1
2396.1
2396.1
2396.2
2396.2
2396.2
2396.5
2396.6
2396.9
2397.0
2397.0
2397.7
2397.7
2398.2
2398.4
2398.7
2399.2
2399.3
2400.0
2400.2
2400.2
2400.3
2400.3
2400.3
2400.3
2400.3
2400.3
2400.4
2400.4
2400.4
2400.4
2400.5
2400.5
2400.5
2400.5
2400.6
2400.6
2400.6
2400.6
2400.7
2400.7
2400.7
2400.7
2400.7
2400.8
2400.8
2400.8
2400.8
2400.8
2400.8
2400.8
2400.8
2400.8
2400.8
2400.8
2400.9
2400.9
2400.9
2400.9
2400.9
2400.9
2400.9
2400.9
2400.9
2401.0
2401.0
2401.0
2401.0
2401.0
2401.1
2401.1
2401.1
2401.1
2401.1
2401.1
2401.1
2401.1
2401.1
2401.2
2401.2
2401.2
2401.2
2401.2
2401.3
2401.3
2401.3
2401.3
2401.3
2401.4
2401.4
2401.4
2401.4
2401.4
2401.4
2401.4
2401.5
2401.5
2401.6
2401.6
2401.7
2401.7
2401.7
2401.8
2401.9
2401.9
2402.0
2402.4
2402.4
2402.6
2402.6
2402.8
2403.5
2403.6
2404.7
2405.2
2406.2
2406.2
2406.6
2407.6
2408.0
2408.1
2408.1
2408.2
2408.2
2408.2
2408.3
2408.4
2408.4
2408.5
2408.5
2408.5
2408.6
2408.7
2408.7
2408.8
2408.9
2408.9
2408.9
2409.0
2409.1
2409.1
2409.1
2409.2
2409.2
2409.2
2409.3
2409.3
2409.4
2409.4
2409.4
2409.4
2409.4
2409.5
2409.5
2409.5
2409.6
2409.6
2409.6
2409.7
2409.7
2409.7
2409.7
2409.8
2409.8
2409.8
2409.8
2409.9
2410.0
2410.0
2410.0
2410.0
2410.0
2410.0
2410.0
2410.1
2410.1
2410.1
2410.2
2410.2
2410.2
2410.3
2410.3
2410.4
2410.4
2410.4
2410.4
2410.5
2410.5
2410.6
2410.6
2410.7
2410.7
2410.8
2410.8
2411.0
2411.1
2411.1
2411.2
2411.2
2411.3
2411.5
2411.8
2411.9
2412.0
2412.1
2412.1
2412.4
2412.6
2412.7
2413.3
2413.5
2413.6
2414.0
2419.4
2424.0
2427.8
2434.2
2437.3
2556.5
2556.5
2556.5
2556.5
2556.6
2556.6
2556.6
2556.6
2556.6
2556.6
2556.6
2556.6
2556.6
2556.6
2556.6
2556.6
2556.6
2556.6
2556.6
2556.6
2556.6
2556.6
2556.6
2556.6
2556.6
2556.6
2556.6
2556.7
2556.7
2556.7
2556.7
2556.7
2556.7
2556.7
2556.7
2556.7
2556.7
2556.7
2556.7
2556.7
2556.7
2556.7
2556.7
2556.7
2556.7
2556.7
2556.7
2556.7
2556.7
2556.8
2556.8
2556.8
2556.8
2556.8
2556.8
2556.8
2556.9
2556.9
2556.9
2556.9
2556.9
2556.9
2557.0
2557.0
2557.0
2557.0
2557.1
2557.1
2557.1
2557.2
2557.2
2557.2
2557.2
2557.3
2557.3
2557.4
2557.4
2557.4
2557.4
2557.5
2557.5
2557.5
2557.5
2557.7
2557.7
2557.8
2557.9
2558.1
2558.4
2558.5
2558.6
2558.8
2558.9
2559.5
2559.6
2559.8
2559.9
2560.2
2560.3
2560.3
2560.4
2560.4
2560.4
2560.4
2560.4
2560.4
2560.4
2560.4
2560.4
2560.4
2560.5
2560.5
2560.5
2560.5
2560.5
2560.5
2560.5
2560.5
2560.5
2560.5
2560.6
2560.6
2560.6
2560.6
2560.6
2560.6
2560.6
2560.6
2560.6
2560.6
2560.6
2560.6
2560.6
2560.6
2560.7
2560.7
2560.7
2560.7
2560.7
2560.7
2560.7
2560.7
2560.7
2560.7
2560.7
2560.8
2560.8
2560.8
2560.8
2560.8
2560.8
2560.8
2560.8
2560.9
2560.9
2560.9
2560.9
2560.9
2560.9
2561.0
2561.0
2561.0
2561.0
2561.0
2561.0
2561.0
2561.1
2561.1
2561.1
2561.1
2561.2
2561.2
2561.3
2561.4
2561.4
2561.4
2561.4
2561.5
2561.5
2561.5
2561.6
2561.6
2561.7
2561.9
2562.1
2562.2
2562.3
2562.5
2563.0
2563.3
2563.5
2563.7
2564.0
2564.8
2564.9
2565.4
2565.5
2565.6
2565.6
2565.7
2565.7
2565.7
2565.7
2565.7
2565.8
2565.8
2565.8
2565.8
2565.8
2565.8
2565.8
2565.8
2565.9
2565.9
2565.9
2565.9
2565.9
2565.9
2566.0
2566.0
2566.0
2566.1
2566.1
2566.1
2566.1
2566.2
2566.2
2566.2
2566.2
2566.2
2566.2
2566.2
2566.3
2566.3
2566.3
2566.3
2566.3
2566.3
2566.3
2566.3
2566.3
2566.4
2566.4
2566.4
2566.4
2566.4
2566.4
2566.4
2566.4
2566.5
2566.5
2566.5
2566.5
2566.5
2566.5
2566.5
2566.5
2566.5
2566.6
2566.6
2566.6
2566.6
2566.6
2566.7
2566.7
2566.7
2566.7
2566.8
2566.8
2566.8
2566.9
2566.9
2566.9
2566.9
2566.9
2566.9
2567.0
2567.0
2567.0
2567.0
2567.1
2567.1
2567.1
2567.4
2567.5
2567.6
2567.9
2568.2
2568.2
2568.7
2569.1
2569.4
2570.1
2571.1
2571.2
2572.7
2573.0
2573.1
2573.2
2573.3
2573.3
2573.3
2573.4
2573.4
2573.5
2573.5
2573.6
2573.6
2573.7
2573.7
2573.8
2573.8
2573.9
2574.0
2574.0
2574.0
2574.0
2574.1
2574.2
2574.2
2574.2
2574.3
2574.3
2574.4
2574.4
2574.4
2574.4
2574.5
2574.5
2574.6
2574.6
2574.7
2574.7
2574.8
2574.8
2574.8
2574.8
2574.9
2574.9
2574.9
2574.9
2574.9
2575.0
2575.0
2575.0
2575.0
2575.1
2575.1
2575.1
2575.2
2575.2
2575.2
2575.3
2575.3
2575.3
2575.3
2575.3
2575.3
2575.3
2575.4
2575.4
2575.5
2575.5
2575.5
2575.6
2575.7
2575.7
2575.7
2575.7
2575.7
2575.9
2575.9
2576.0
2576.0
2576.0
2576.1
2576.1
2576.2
2576.2
2576.2
2576.4
2576.4
2576.8
2577.1
2577.2
2577.2
2577.2
2577.2
2577.3
2577.5
2577.6
2579.3
2580.1
2585.1
2585.9
2597.0
2605.7
2617.9
2617.9
2623.3
2626.2
2627.2
2627.4
2627.5
2627.5
2628.4
2628.4
2629.7
2630.4
2630.7
2631.1
2631.4
2631.7
2632.0
2632.6
2633.2
2633.6
2635.1
2635.4
2636.1
2636.2
2636.6
2637.0
2637.6
2638.6
2638.8
2644.3
2646.8
2649.4
2661.0
2669.2
2697.7
2727.4
2727.4
2727.5
2727.5
2727.5
2727.5
2727.5
2727.5
2727.5
2727.5
2727.5
2727.5
2727.5
2727.5
2727.5
2727.5
2727.5
2727.5
2727.5
2727.5
2727.5
2727.5
2727.5
2727.5
2727.5
2727.5
2727.5
2727.6
2727.6
2727.6
2727.6
2727.6
2727.6
2727.6
2727.6
2727.6
2727.6
2727.6
2727.6
2727.6
2727.6
2727.6
2727.6
2727.6
2727.6
2727.6
2727.7
2727.7
2727.7
2727.7
2727.7
2727.7
2727.7
2727.7
2727.7
2727.7
2727.8
2727.8
2727.8
2727.8
2727.8
2727.9
2727.9
2727.9
2727.9
2727.9
2727.9
2728.0
2728.0
2728.0
2728.1
2728.1
2728.1
2728.1
2728.2
2728.2
2728.3
2728.3
2728.3
2728.3
2728.3
2728.4
2728.4
2728.4
2728.7
2728.8
2728.9
2729.0
2729.3
2729.4
2729.5
2729.8
2729.9
2730.2
2730.3
2730.8
2730.8
2731.2
2731.2
2731.3
2731.3
2731.3
2731.3
2731.3
2731.3
2731.3
2731.3
2731.3
2731.3
2731.3
2731.3
2731.4
2731.4
2731.4
2731.4
2731.4
2731.4
2731.4
2731.4
2731.5
2731.5
2731.5
2731.5
2731.5
2731.5
2731.5
2731.5
2731.5
2731.5
2731.5
2731.5
2731.5
2731.6
2731.6
2731.6
2731.6
2731.6
2731.6
2731.6
2731.6
2731.6
2731.7
2731.7
2731.7
2731.7
2731.7
2731.7
2731.7
2731.7
2731.7
2731.7
2731.8
2731.8
2731.8
2731.8
2731.8
2731.8
2731.8
2731.8
2731.8
2731.9
2731.9
2731.9
2731.9
2731.9
2731.9
2731.9
2732.0
2732.1
2732.1
2732.1
2732.2
2732.2
2732.2
2732.3
2732.3
2732.3
2732.4
2732.4
2732.4
2732.4
2732.4
2732.4
2732.9
2732.9
2733.2
2733.3
2733.3
2733.9
2734.0
2734.5
2734.7
2735.0
2735.5
2735.6
2736.3
2736.5
2736.5
2736.6
2736.6
2736.6
2736.6
2736.6
2736.6
2736.6
2736.7
2736.7
2736.7
2736.8
2736.8
2736.8
2736.8
2736.9
2736.9
2736.9
2736.9
2736.9
2737.0
2737.0
2737.0
2737.0
2737.0
2737.0
2737.0
2737.1
2737.1
2737.1
2737.1
2737.1
2737.1
2737.1
2737.2
2737.2
2737.2
2737.2
2737.2
2737.2
2737.2
2737.2
2737.2
2737.2
2737.3
2737.3
2737.3
2737.3
2737.3
2737.3
2737.3
2737.4
2737.4
2737.4
2737.4
2737.4
2737.4
2737.4
2737.5
2737.5
2737.5
2737.5
2737.5
2737.5
2737.6
2737.6
2737.6
2737.6
2737.6
2737.6
2737.7
2737.7
2737.7
2737.7
2737.8
2737.8
2737.8
2737.9
2737.9
2737.9
2738.0
2738.0
2738.1
2738.2
2738.2
2738.2
2738.7
2738.7
2738.8
2738.9
2739.0
2739.7
2739.9
2741.0
2741.4
2742.4
2742.4
2742.7
2743.9
2744.2
2744.3
2744.4
2744.4
2744.5
2744.5
2744.6
2744.7
2744.7
2744.8
2744.8
2744.8
2744.8
2745.0
2745.0
2745.1
2745.1
2745.2
2745.2
2745.3
2745.4
2745.4
2745.5
2745.5
2745.5
2745.5
2745.5
2745.6
2745.7
2745.7
2745.7
2745.7
2745.7
2745.7
2745.7
2745.8
2745.8
2745.9
2746.0
2746.0
2746.0
2746.0
2746.1
2746.1
2746.1
2746.1
2746.1
2746.2
2746.2
2746.2
2746.3
2746.3
2746.3
2746.3
2746.3
2746.4
2746.4
2746.4
2746.5
2746.5
2746.5
2746.6
2746.6
2746.6
2746.7
2746.7
2746.7
2746.7
2746.9
2746.9
2746.9
2746.9
2747.1
2747.1
2747.1
2747.3
2747.4
2747.4
2747.4
2747.5
2747.7
2747.8
2748.0
2748.2
2748.3
2748.4
2748.4
2748.5
2748.7
2748.8
2748.9
2749.4
2749.5
2749.8
2752.5
2756.5
2759.2
2760.6
2776.8
2892.9
2892.9
2892.9
2892.9
2893.0
2893.0
2893.0
2893.0
2893.0
2893.0
2893.0
2893.0
2893.0
2893.0
2893.0
2893.0
2893.0
2893.0
2893.0
2893.0
2893.0
2893.0
2893.0
2893.0
2893.0
2893.0
2893.1
2893.1
2893.1
2893.1
2893.1
2893.1
2893.1
2893.1
2893.1
2893.1
2893.1
2893.1
2893.1
2893.1
2893.1
2893.2
2893.2
2893.2
2893.2
2893.2
2893.2
2893.2
2893.2
2893.2
2893.2
2893.2
2893.2
2893.2
2893.2
2893.3
2893.3
2893.3
2893.4
2893.4
2893.4
2893.4
2893.4
2893.4
2893.4
2893.4
2893.6
2893.6
2893.6
2893.6
2893.6
2893.6
2893.7
2893.7
2893.8
2893.8
2893.8
2893.9
2893.9
2893.9
2894.0
2894.0
2894.0
2894.1
2894.2
2894.3
2894.4
2894.5
2895.0
2895.0
2895.1
2895.3
2895.4
2896.0
2896.1
2896.4
2896.4
2896.7
2896.7
2896.8
2896.8
2896.8
2896.8
2896.8
2896.8
2896.8
2896.8
2896.8
2896.9
2896.9
2896.9
2896.9
2896.9
2896.9
2896.9
2896.9
2896.9
2896.9
2896.9
2897.0
2897.0
2897.0
2897.0
2897.0
2897.0
2897.0
2897.0
2897.0
2897.0
2897.1
2897.1
2897.1
2897.1
2897.1
2897.1
2897.1
2897.1
2897.1
2897.1
2897.1
2897.1
2897.2
2897.2
2897.2
2897.2
2897.2
2897.2
2897.2
2897.2
2897.2
2897.2
2897.2
2897.3
2897.3
2897.3
2897.3
2897.3
2897.3
2897.4
2897.4
2897.4
2897.5
2897.5
2897.5
2897.5
2897.5
2897.6
2897.6
2897.6
2897.6
2897.7
2897.7
2897.7
2897.9
2897.9
2897.9
2897.9
2898.0
2898.0
2898.0
2898.1
2898.1
2898.1
2898.4
2898.6
2898.7
2898.9
2899.1
2899.5
2899.8
2900.0
2900.3
2900.6
2901.4
2901.5
2901.8
2901.9
2902.0
2902.1
2902.1
2902.1
2902.1
2902.1
2902.2
2902.2
2902.2
2902.2
2902.2
2902.2
2902.3
2902.3
2902.3
2902.3
2902.3
2902.3
2902.3
2902.4
2902.4
2902.5
2902.5
2902.5
2902.5
2902.5
2902.6
2902.6
2902.6
2902.6
2902.6
2902.6
2902.7
2902.7
2902.7
2902.7
2902.7
2902.7
2902.7
2902.8
2902.8
2902.8
2902.8
2902.9
2902.9
2902.9
2902.9
2902.9
2902.9
2902.9
2902.9
2902.9
2902.9
2902.9
2902.9
2902.9
2903.0
2903.0
2903.0
2903.0
2903.0
2903.0
2903.1
2903.1
2903.1
2903.1
2903.1
2903.1
2903.1
2903.2
2903.2
2903.2
2903.3
2903.3
2903.3
2903.3
2903.4
2903.4
2903.4
2903.4
2903.4
2903.5
2903.5
2903.5
2903.6
2903.7
2904.0
2904.2
2904.3
2904.4
2904.8
2904.9
2905.3
2905.9
2906.2
2907.0
2907.8
2907.8
2909.4
2909.4
2909.7
2909.8
2909.8
2909.9
2909.9
2909.9
2910.0
2910.1
2910.1
2910.1
2910.2
2910.2
2910.2
2910.3
2910.3
2910.3
2910.4
2910.4
2910.4
2910.4
2910.6
2910.6
2910.7
2910.7
2910.8
2910.8
2910.8
2910.8
2910.8
2910.9
2911.0
2911.0
2911.1
2911.1
2911.1
2911.1
2911.2
2911.2
2911.2
2911.3
2911.4
2911.4
2911.4
2911.4
2911.4
2911.5
2911.6
2911.6
2911.6
2911.6
2911.6
2911.6
2911.6
2911.7
2911.7
2911.7
2911.7
2911.7
2911.7
2911.8
2911.8
2911.9
2911.9
2911.9
2911.9
2912.0
2912.1
2912.1
2912.1
2912.2
2912.2
2912.2
2912.4
2912.4
2912.4
2912.4
2912.4
2912.6
2912.6
2912.6
2912.7
2912.7
2912.8
2912.9
2913.1
2913.1
2913.5
2913.5
2913.6
2913.6
2913.8
2913.9
2914.0
2914.8
2916.7
2917.5
2921.6
2921.7
2933.7
2937.0
2945.5
2948.1
2954.1
2957.7
2958.5
2960.3
2960.4
2961.0
2961.0
2961.3
2961.4
2962.1
2962.5
2962.7
2962.7
2963.2
2963.4
2963.8
2963.8
2963.9
2964.6
2964.8
2964.8
2965.1
2965.3
2966.0
2966.1
2966.2
2966.6
2967.4
2967.5
2967.7
2968.0
2969.6
2969.7
2970.1
2970.1
2970.4
2971.3
2973.0
2973.7
2973.8
2974.4
2977.6
2989.2
