509
542
768
832
822
840
494
750
708
890
477
740
764
791
843
452
470
507
808
914
487
493
689
729
736
747
777
788
419
500
696
805
835
869
924
463
492
536
537
559
570
605
615
724
752
755
756
801
819
837
849
871
879
899
436
657
717
761
794
797
800
813
440
454
474
483
514
568
593
644
728
760
762
792
795
825
826
845
918
387
416
459
468
561
667
704
710
722
765
782
790
793
796
811
829
415
455
513
552
589
693
743
749
763
776
798
831
872
903
909
158
398
482
484
498
519
527
541
595
603
642
668
695
739
807
817
841
916
180
426
456
461
469
497
517
529
534
625
701
726
737
746
751
812
833
860
383
400
414
423
447
512
539
551
558
684
705
723
725
733
742
802
818
848
867
880
135
184
389
421
446
481
488
491
496
515
548
556
679
713
758
780
786
814
838
882
345
376
441
448
460
495
502
503
547
564
670
672
707
718
720
741
785
839
847
876
193
198
207
277
397
420
427
443
451
511
520
521
524
565
567
583
590
643
646
652
682
688
727
753
757
783
862
881
884
888
905
110
139
205
223
240
326
449
466
476
480
533
660
769
772
778
816
828
846
853
893
913
102
126
208
210
372
408
478
540
554
626
676
714
744
748
774
775
779
781
789
863
889
891
407
428
430
465
467
499
510
516
525
528
562
606
622
645
692
697
715
732
771
804
809
859
861
898
912
920
921
127
131
140
156
177
339
373
384
444
453
462
486
604
638
640
651
654
656
669
687
709
731
735
827
844
851
883
904
172
181
186
204
220
321
369
385
422
434
464
475
501
530
538
566
572
578
600
608
624
633
665
711
738
754
766
855
856
346
351
374
393
394
546
555
575
587
671
673
734
787
820
842
850
877
896
901
926
950
95
272
279
403
431
550
574
582
614
620
629
678
719
821
857
868
870
873
908
942
100
103
111
142
149
175
185
189
244
254
330
392
418
442
549
661
677
686
691
716
730
759
874
907
919
118
152
155
190
255
303
357
359
361
368
380
382
395
411
425
457
479
485
490
518
523
612
663
712
799
803
834
887
897
910
927
106
161
165
173
217
300
335
375
409
417
432
472
473
522
535
553
569
577
591
598
662
675
685
700
703
767
806
866
906
922
90
107
119
148
160
192
195
230
304
305
340
363
365
433
489
505
526
532
543
545
557
584
641
690
694
810
854
865
878
917
939
85
108
146
150
169
179
233
269
283
293
311
336
338
429
439
508
585
594
599
616
637
836
852
935
940
941
114
134
137
197
226
350
445
580
634
706
745
824
944
93
183
200
214
235
236
250
275
364
367
576
613
630
639
923
83
101
123
138
166
356
362
390
399
405
596
601
611
619
648
650
655
702
721
770
773
830
931
112
153
157
219
261
281
322
353
378
506
588
627
649
823
864
875
886
911
79
104
113
117
133
147
151
163
206
213
225
228
243
247
337
343
381
410
435
458
571
623
659
664
858
902
915
121
141
170
239
282
285
349
370
396
424
602
631
680
956
96
144
154
182
199
201
212
234
252
333
377
386
401
406
681
815
885
892
925
231
307
366
404
621
647
933
87
88
124
178
238
355
560
586
592
699
929
68
136
187
249
262
327
334
371
437
438
471
581
618
674
683
94
145
188
242
246
259
287
289
354
402
573
932
98
194
227
229
253
284
309
317
360
635
128
130
162
241
258
291
306
450
544
563
653
658
59
80
92
120
159
237
257
271
274
313
324
607
784
895
109
116
196
215
251
312
316
329
391
628
636
97
129
143
174
211
222
224
232
248
280
328
348
412
698
943
99
122
218
265
314
323
352
934
203
245
256
296
308
310
413
894
900
949
65
84
270
288
610
632
91
115
132
264
267
319
930
60
78
202
344
388
958
86
105
164
176
936
54
266
268
294
325
928
945
73
74
77
125
278
297
315
504
81
273
295
302
948
953
63
71
209
221
260
276
332
379
609
666
82
89
168
331
342
263
320
617
952
67
531
64
66
216
298
951
959
971
76
191
292
318
946
62
70
579
53
965
61
171
301
75
954
967
286
51
56
45
290
40
72
597
960
937
52
48
963
982
69
41
347
167
938
968
358
57
964
58
975
37
961
966
969
46
50
962
978
957
55
955
970
341
33
36
49
985
31
43
44
981
38
972
27
47
28
42
976
20
39
974
26
24
25
984
21
22
23
989
990
35
973
986
991
15
12
29
7
14
34
983
10
17
9
994
477
509
615
832
414
507
330
351
542
551
570
625
321
326
385
492
500
537
605
644
689
840
387
416
452
494
568
590
729
890
400
419
423
426
440
444
464
466
468
476
498
519
539
559
567
589
593
708
749
822
825
319
345
366
398
415
421
454
455
463
487
491
493
552
556
583
595
657
684
747
750
761
768
793
800
805
812
826
872
175
373
384
420
434
469
484
499
520
538
547
603
608
642
667
695
710
736
752
762
783
788
829
837
849
881
882
368
397
432
436
447
449
461
474
497
510
517
521
525
534
558
612
634
668
692
693
711
725
740
755
756
764
790
791
795
808
813
848
867
884
903
139
158
207
339
350
372
390
418
430
435
441
448
459
470
478
480
482
488
503
524
533
545
550
555
561
591
622
633
645
679
722
724
739
743
758
763
765
772
775
794
802
811
835
869
909
924
180
277
303
304
371
375
388
391
393
403
408
417
427
431
443
451
456
512
513
514
529
554
572
604
606
614
646
651
686
728
748
792
798
819
843
844
871
891
914
181
185
247
279
338
346
362
365
381
383
395
407
442
445
457
462
467
472
473
483
490
501
502
530
535
541
562
574
577
587
620
641
643
654
696
707
713
717
726
727
733
737
746
760
766
777
782
801
816
818
838
845
846
857
861
877
879
918
210
244
255
316
336
360
374
389
401
404
410
411
422
453
460
465
486
495
496
515
536
546
549
565
601
626
627
697
704
706
709
715
741
753
786
814
836
847
880
883
905
916
110
111
126
156
172
184
186
205
225
226
272
281
327
329
333
344
356
363
370
382
386
392
413
446
471
489
518
526
527
592
598
638
650
671
678
687
688
718
744
774
776
780
797
817
821
828
831
833
841
850
851
860
870
874
898
899
95
102
112
135
142
146
161
193
208
214
223
240
285
305
364
378
409
428
433
479
548
569
575
580
581
594
600
613
619
623
640
652
656
660
663
670
672
675
702
742
751
757
804
807
839
856
863
875
920
933
106
133
140
150
173
177
189
195
220
243
253
269
293
300
343
349
357
361
376
405
425
475
481
485
516
528
532
564
602
624
628
629
631
655
662
669
712
719
720
730
734
735
769
796
799
810
859
889
907
149
179
182
187
204
224
250
252
259
274
320
353
359
367
377
380
406
458
508
511
540
584
585
607
618
621
630
635
648
653
659
665
677
681
701
703
705
723
731
732
754
773
806
842
865
873
896
901
83
100
107
119
148
151
163
169
198
218
228
233
239
242
251
254
308
309
311
328
335
429
438
439
506
543
566
576
649
674
676
691
738
785
803
809
820
827
834
862
864
868
876
888
893
931
103
131
159
166
183
194
197
217
230
283
313
340
355
369
394
399
424
450
523
578
582
599
637
639
673
680
685
694
714
745
771
778
855
921
927
932
935
93
98
114
134
137
200
306
437
504
563
571
586
611
616
699
716
721
779
787
815
858
878
910
919
926
79
96
104
124
125
127
138
153
157
178
192
206
219
235
246
262
275
282
284
307
334
337
354
505
588
636
647
661
664
682
683
781
823
852
894
912
929
87
90
108
109
117
144
145
154
160
201
213
231
232
236
261
271
297
301
348
352
396
412
553
557
560
596
784
853
854
892
906
913
941
78
99
101
118
147
155
245
312
314
824
885
887
895
897
68
85
116
123
152
212
229
238
241
258
268
291
298
315
317
324
332
402
544
573
609
658
666
830
902
939
944
113
122
128
165
188
211
215
234
256
270
286
302
331
379
522
597
632
700
759
767
789
866
886
904
908
950
92
168
170
190
222
248
263
264
295
318
579
617
917
923
943
72
74
121
257
260
266
280
287
289
310
322
323
325
341
698
911
88
115
171
174
199
209
227
249
265
292
294
358
770
915
940
77
80
132
136
141
162
237
290
342
690
900
956
66
81
89
120
143
176
202
288
942
86
273
296
610
922
925
59
94
97
130
164
267
347
71
129
930
75
105
191
196
221
278
299
531
73
76
276
948
64
65
70
167
203
928
951
62
69
936
945
60
82
84
934
54
949
952
56
958
63
216
946
51
67
938
965
91
55
57
937
53
52
953
967
45
955
48
61
954
964
971
960
959
966
58
961
968
982
49
947
963
31
40
46
50
969
981
37
44
47
957
962
42
32
970
973
25
985
36
41
33
23
26
983
972
43
22
975
990
20
38
978
24
989
974
27
979
34
984
21
29
977
986
35
39
14
992
988
994
30
995
991
12
7
15
9
509
768
542
832
822
840
494
890
452
708
764
843
477
507
740
750
914
470
777
788
791
808
924
689
696
729
747
869
419
487
493
736
805
899
797
801
813
879
492
500
536
537
570
717
752
755
756
761
837
436
463
474
514
559
568
605
724
760
762
800
819
835
849
871
918
440
454
483
615
644
722
728
794
795
845
387
561
589
657
710
763
782
790
792
826
831
872
415
416
459
593
603
725
751
798
825
903
916
455
513
642
667
704
765
776
796
811
909
158
398
456
468
484
498
668
693
695
739
743
749
793
829
841
383
421
423
482
519
541
552
786
812
833
180
400
414
426
527
558
625
726
746
807
817
848
867
880
389
517
534
595
701
723
733
737
742
758
814
860
135
447
469
481
497
503
720
802
818
882
905
376
446
448
460
461
529
539
670
780
838
277
345
427
441
512
551
556
564
679
684
707
713
718
741
846
876
884
888
198
207
372
491
495
515
548
590
682
705
753
839
847
881
397
443
466
496
502
511
520
533
643
688
727
772
778
785
891
898
126
139
184
193
205
208
210
326
420
451
476
488
547
565
652
714
771
783
828
853
912
913
920
921
156
373
444
583
626
645
646
672
731
732
757
769
816
893
110
240
449
521
524
525
748
774
856
177
223
385
430
478
510
562
567
606
651
665
744
809
862
863
926
950
321
339
369
374
393
403
428
480
516
538
540
554
676
709
850
861
883
102
172
384
422
465
467
486
622
638
656
660
789
804
889
942
140
408
418
462
499
549
624
687
697
711
735
844
851
877
181
407
453
528
578
600
640
677
692
781
827
859
896
904
127
131
186
220
244
351
434
604
608
715
734
775
870
95
272
279
380
392
394
546
555
575
587
654
669
678
779
842
901
908
173
175
204
303
475
485
633
673
719
820
834
919
185
330
368
395
431
479
550
566
572
582
663
671
686
716
754
907
910
927
100
149
464
501
532
691
787
868
873
887
941
165
255
382
417
442
530
584
629
857
874
939
940
161
293
304
346
359
490
614
620
703
730
738
931
111
169
179
217
254
300
305
338
340
357
361
433
457
522
523
545
594
661
766
935
956
106
118
152
375
411
432
505
526
535
591
598
685
694
712
799
803
897
917
922
137
146
190
335
363
612
662
759
836
150
189
200
230
336
350
574
577
580
675
767
855
906
944
90
142
269
275
311
365
806
821
854
866
103
119
155
160
195
233
489
543
616
630
878
85
148
192
405
445
472
655
706
852
915
214
236
399
409
425
473
599
613
650
83
123
219
226
281
362
367
439
553
634
865
107
243
283
390
557
569
585
648
721
212
213
349
356
410
639
641
810
864
923
93
134
138
322
343
364
623
637
690
700
745
101
157
197
235
378
588
649
112
153
206
334
680
702
933
96
114
133
182
247
252
353
386
886
902
929
108
113
147
225
239
250
282
285
333
337
366
424
429
560
659
824
911
166
370
396
435
228
234
377
576
601
773
830
117
518
571
611
88
163
183
602
619
631
925
79
104
508
943
261
699
823
121
144
151
647
875
307
317
327
360
381
401
458
592
596
187
199
231
618
621
932
313
402
627
194
291
664
858
885
249
324
355
406
658
895
934
68
262
309
371
586
681
87
178
237
289
59
253
306
674
949
141
238
506
323
201
229
242
437
170
222
224
271
284
287
94
274
581
635
815
227
259
958
98
573
154
257
258
312
329
563
936
159
251
352
196
265
354
232
314
770
945
136
145
80
218
296
308
683
124
203
241
122
246
344
438
128
143
54
280
310
636
959
116
92
129
270
288
174
202
294
211
948
65
130
132
91
215
267
316
971
73
74
84
256
953
71
268
967
315
325
951
86
99
63
109
164
264
348
115
302
162
965
66
928
81
954
82
653
188
248
328
892
67
76
89
278
952
64
298
609
60
78
75
125
960
968
53
982
331
260
937
617
964
963
319
930
45
56
342
40
62
51
266
969
70
966
52
628
61
975
48
245
297
962
105
292
961
97
221
263
970
209
77
412
37
900
938
978
58
46
946
41
50
579
55
332
69
49
44
31
301
36
972
957
531
38
42
20
974
985
27
607
981
47
984
33
21
43
22
25
26
191
28
989
24
990
973
35
295
632
29
379
986
320
12
955
7
15
318
991
9
17
441
14
765
10
167
455
216
589
363
171
326
992
502
792
377
894
123
597
282
644
675
397
431
572
117
16
390
398
218
512
533
747
161
538
842
247
772
883
244
552
603
197
414
825
848
11
163
4
532
598
920
674
509
542
768
832
840
822
494
890
452
708
740
843
477
507
764
788
914
470
696
750
777
791
808
924
487
689
729
747
805
869
419
493
500
536
568
736
760
801
813
837
879
899
463
474
492
514
537
570
717
752
755
756
761
762
795
797
918
387
436
440
454
483
559
605
792
800
819
831
845
849
871
415
416
459
589
593
615
644
722
724
728
763
782
794
826
835
872
903
916
455
561
642
657
710
725
749
751
765
790
798
825
909
158
414
421
456
468
482
484
513
519
603
667
668
693
704
743
776
793
796
811
812
833
383
398
400
423
426
498
517
541
552
558
625
695
726
739
758
786
829
841
867
180
389
447
481
503
527
551
595
723
737
746
807
814
817
848
880
905
135
345
372
376
427
441
460
461
469
491
497
534
556
701
733
742
780
802
818
838
846
860
882
207
210
277
397
420
446
448
466
495
512
520
529
539
547
564
670
679
684
707
713
718
720
847
881
884
888
898
126
139
193
198
326
373
443
451
476
488
496
502
515
533
548
590
646
741
753
772
783
816
839
876
891
156
184
205
208
321
339
385
393
444
449
511
521
525
565
643
645
652
682
688
705
727
731
732
757
778
785
828
912
920
921
110
177
223
374
428
430
510
524
538
567
583
626
672
714
748
771
774
809
850
853
856
862
889
893
913
102
172
240
351
369
384
403
418
422
434
453
465
467
478
480
486
499
516
549
554
562
606
651
665
692
709
711
744
804
827
844
851
861
863
883
926
950
175
181
244
279
330
407
408
462
464
528
540
608
622
624
638
656
687
697
769
775
870
877
896
95
131
140
185
186
220
303
368
392
431
442
475
485
546
555
575
578
600
640
660
676
677
734
735
842
859
907
942
111
173
272
380
394
395
417
432
479
490
550
572
587
604
633
654
663
669
678
686
715
719
781
789
834
857
873
901
904
919
100
127
149
161
179
204
293
338
382
411
457
501
530
532
535
566
584
594
614
620
673
691
712
716
738
754
766
779
787
820
821
836
868
874
887
910
927
931
146
169
255
300
304
305
346
350
357
359
361
375
433
472
526
545
577
582
591
612
629
662
671
730
855
908
941
106
137
142
150
165
217
254
340
363
365
445
473
489
523
574
598
675
694
703
745
759
799
803
897
906
935
939
940
956
118
119
152
160
189
195
200
214
226
230
269
275
311
335
336
362
390
410
425
505
522
543
613
634
641
650
661
706
767
806
810
865
866
83
85
90
103
148
155
190
192
233
243
281
364
366
399
405
409
435
518
580
585
616
630
648
685
721
852
854
864
878
917
933
944
107
123
182
225
236
343
349
356
367
386
401
439
569
599
623
639
655
702
902
915
922
93
112
114
133
138
153
166
206
219
247
252
283
333
370
378
508
557
601
649
680
773
823
824
875
929
101
134
197
212
213
235
239
285
322
353
371
377
396
424
429
458
553
576
588
602
627
659
886
923
108
117
147
157
163
183
228
250
282
334
381
406
506
560
611
618
619
631
637
681
700
830
96
104
113
144
178
187
234
313
327
337
360
438
571
592
647
664
690
858
895
932
151
194
199
231
242
261
317
388
391
402
404
437
471
581
621
635
699
885
892
911
925
943
79
88
121
145
159
253
274
307
309
324
355
413
586
596
658
815
87
201
262
291
306
329
354
653
674
770
68
98
124
128
154
224
249
251
271
316
319
352
563
573
683
784
170
229
237
238
259
284
308
312
323
344
412
450
628
894
934
116
122
141
211
218
232
258
287
289
328
607
698
59
94
136
188
222
227
241
246
257
265
348
636
80
109
125
143
162
245
302
314
379
92
99
196
202
215
268
270
294
310
544
936
949
78
174
256
264
288
296
332
945
280
331
900
948
74
86
130
132
209
248
930
958
115
120
129
203
295
297
315
325
609
610
617
65
71
77
97
164
267
298
320
342
632
951
54
66
73
84
171
176
221
266
301
579
928
81
168
260
263
292
504
531
666
318
952
965
60
63
89
91
105
273
953
64
72
75
82
278
76
290
286
597
959
967
67
70
341
946
971
216
358
938
191
937
53
62
276
56
954
960
347
51
964
968
69
982
45
955
52
966
61
963
969
48
55
57
961
40
167
957
58
962
981
970
37
46
50
49
975
31
47
44
983
985
41
978
33
36
42
973
972
23
25
43
20
26
32
990
22
27
38
974
24
989
976
39
984
21
14
28
34
35
979
29
986
947
977
15
994
12
30
991
992
7
9
10
988
995
17
19
6
4
11
8
0
1
5
996
2
993
998
16
765
441
455
589
792
502
123
363
326
747
987
218
740
282
117
512
842
377
825
920
397
794
848
568
795
883
603
772
817
552
782
903
764
675
728
768
431
516
536
837
210
487
538
244
704
723
741
796
808
840
111
845
126
729
800
708
755
872
901
532
570
731
737
786
822
876
879
195
197
414
749
907
137
254
398
459
716
724
725
916
247
303
390
644
838
311
732
997
100
184
482
505
598
677
709
746
463
477
564
163
373
527
533
777
835
515
584
674
707
762
832
520
537
551
697
727
846
722
896
918
522
542
687
788
854
187
194
298
466
615
656
658
924
161
549
572
754
834
884
912
179
416
507
594
696
701
742
859
220
574
710
862
202
426
519
689
771
780
882
929
165
217
291
498
513
517
686
819
899
339
393
657
757
156
454
489
492
813
839
908
68
193
475
785
313
329
480
546
625
636
812
830
852
911
941
138
470
623
779
849
871
382
654
684
300
483
511
528
534
718
870
913
132
340
394
478
733
738
833
898
937
400
473
605
816
826
909
509
524
609
621
645
652
663
781
888
222
408
428
447
521
555
600
758
797
827
850
926
243
374
578
643
693
869
880
914
107
234
372
387
452
503
529
841
844
902
905
571
805
820
540
541
560
604
735
856
921
150
158
588
622
669
131
608
640
699
717
730
877
910
922
944
212
241
547
743
750
885
484
559
803
956
370
409
433
694
321
325
406
423
437
439
445
495
523
667
691
172
175
309
479
638
646
720
809
843
189
449
563
583
798
860
891
274
385
453
469
554
626
639
648
739
931
98
142
468
474
630
705
734
112
148
230
557
569
706
793
866
336
535
801
824
829
110
127
206
223
376
465
575
619
688
85
235
305
481
558
814
939
103
196
289
308
345
460
461
462
593
928
383
493
585
602
634
917
205
711
66
229
366
828
71
147
353
418
444
488
647
897
76
149
359
561
665
906
288
352
355
411
417
595
624
791
67
130
140
252
357
494
787
164
472
567
683
935
54
91
458
582
806
865
157
403
550
890
106
166
285
312
586
606
668
799
831
322
389
399
485
659
811
280
384
525
599
651
971
119
133
287
378
415
438
443
451
655
873
893
281
591
596
95
102
115
258
365
371
616
703
490
614
649
761
173
497
548
315
464
116
392
714
855
506
767
919
756
878
267
430
501
936
90
134
213
671
676
745
886
73
257
421
875
145
182
231
293
881
968
275
491
562
631
660
685
744
895
224
283
307
144
346
456
573
802
853
945
207
208
766
155
225
232
304
395
401
419
566
587
160
810
349
611
250
53
87
261
429
476
526
617
774
858
152
190
279
900
277
296
344
368
436
770
198
86
323
531
635
904
963
104
943
925
96
576
633
661
174
969
81
351
369
556
670
823
113
268
748
331
360
424
579
927
199
999
680
343
362
789
219
260
539
874
88
302
337
151
259
629
930
334
386
751
420
83
952
958
75
262
543
726
37
65
264
292
681
932
255
618
672
954
129
350
942
510
59
94
889
249
410
642
951
79
934
214
74
427
448
807
236
949
405
82
63
141
592
673
215
330
407
99
381
628
721
348
314
203
209
320
759
887
319
753
327
310
432
146
338
233
342
239
269
396
56
273
284
653
118
139
324
590
938
177
985
62
306
318
434
486
682
278
263
425
180
286
962
295
851
380
211
679
89
125
109
143
364
114
961
159
271
294
972
967
226
44
185
915
950
678
989
45
266
171
435
765
50
597
857
52
966
607
191
42
64
167
237
441
240
170
354
181
20
974
48
18
41
455
84
246
975
253
580
317
986
589
22
581
102
832
155
351
387
468
559
593
667
788
855
142
183
184
193
330
345
426
464
477
487
496
500
507
509
536
542
551
572
615
646
765
783
110
111
131
135
139
151
161
170
223
226
279
397
407
409
414
431
440
447
449
452
461
463
469
480
492
512
519
547
556
570
605
750
755
757
764
793
805
818
826
837
840
106
108
109
112
117
120
123
127
128
149
154
166
169
172
189
192
240
247
316
319
346
357
361
389
408
416
420
425
427
432
434
441
457
459
483
491
494
525
535
537
548
567
568
625
644
654
708
738
743
749
766
779
796
802
804
812
817
819
825
835
844
857
862
883
890
909
101
103
114
119
126
141
146
150
156
158
173
180
181
185
195
197
205
207
210
214
217
220
230
241
244
255
261
275
321
326
329
359
370
372
384
385
390
398
400
415
417
419
422
430
446
466
471
472
473
475
476
498
499
517
518
520
528
533
538
541
558
566
569
574
577
583
590
595
599
620
640
642
693
729
737
739
742
756
760
767
775
777
791
792
808
811
822
827
829
833
839
843
848
861
865
867
872
874
879
881
897
100
104
116
133
136
137
148
152
153
159
160
179
182
186
190
194
198
204
208
215
218
228
246
250
253
258
260
276
283
355
362
363
364
365
368
373
374
375
376
395
411
421
423
428
439
451
455
458
462
467
482
486
488
489
493
502
510
513
515
521
524
527
529
539
540
550
552
554
555
562
564
575
582
589
594
600
604
606
607
608
612
614
623
627
634
652
657
663
679
684
692
713
718
736
740
762
776
781
782
790
795
798
816
821
828
841
842
849
860
863
871
875
877
884
889
891
894
898
903
85
90
92
93
97
98
107
121
134
144
145
147
163
165
168
174
175
177
188
199
201
206
211
236
238
254
262
266
277
280
282
284
293
303
304
311
328
336
338
343
350
353
366
371
377
378
381
391
392
393
401
406
418
433
445
450
453
460
465
470
484
497
501
516
526
534
553
561
585
598
619
622
628
630
638
639
645
656
660
670
675
686
689
707
709
710
711
724
744
745
747
758
763
768
772
780
784
785
794
800
801
807
813
838
845
847
851
859
882
892
893
899
904
905
914
918
924
83
95
115
118
130
138
167
178
187
200
219
225
231
233
234
235
242
243
245
251
259
264
269
271
272
274
281
300
305
313
320
333
335
339
369
382
383
386
388
399
410
424
429
435
436
443
474
478
479
490
495
503
508
511
514
523
530
532
543
545
549
557
576
578
581
587
591
592
602
603
621
624
629
632
633
641
659
668
669
671
674
678
687
696
701
705
706
715
727
730
752
761
773
786
797
814
820
831
836
846
850
854
869
873
878
880
920
62
68
77
87
94
99
113
124
125
140
157
202
213
224
232
239
252
268
285
297
306
309
332
356
360
404
413
438
442
454
456
481
485
504
505
506
563
565
580
586
601
611
613
616
626
635
643
661
662
672
677
683
695
702
704
712
717
723
726
728
732
733
741
748
754
759
774
787
789
799
803
806
830
834
856
858
866
868
885
896
907
929
65
74
80
81
105
122
129
132
164
176
191
212
227
248
256
257
278
291
292
307
308
312
318
325
327
342
344
354
394
412
444
448
544
546
596
597
631
636
647
648
651
665
673
676
680
681
685
688
690
694
700
716
719
720
721
722
731
734
746
751
753
770
778
809
823
852
870
888
901
902
906
912
916
919
921
927
933
944
75
79
82
91
162
209
221
249
263
270
287
295
298
310
314
324
348
349
352
367
405
437
522
584
609
618
655
664
666
682
703
725
824
853
900
911
926
78
86
89
143
171
196
229
265
273
286
288
301
302
315
317
337
340
380
396
403
571
573
588
637
649
650
653
697
698
699
714
735
810
864
876
886
887
908
910
59
60
64
66
69
70
72
73
84
88
96
237
267
289
290
296
299
322
358
379
617
658
771
913
932
935
63
76
216
222
323
331
347
402
531
560
691
769
815
925
334
610
895
917
922
928
57
71
294
341
579
923
931
939
940
943
950
54
56
930
934
41
45
58
61
67
203
915
942
952
51
50
55
941
951
48
52
53
936
937
948
49
956
46
938
945
946
958
37
949
39
40
955
961
965
42
47
953
947
31
43
966
32
954
960
967
33
959
963
971
982
22
44
964
23
26
34
36
38
957
27
968
20
962
969
970
25
981
24
28
972
975
985
29
973
978
21
30
35
976
14
977
983
990
15
12
6
989
9
7
10
974
19
17
984
18
986
979
992
991
980
994
988
8
0
11
1
4
987
996
995
5
16
2
997
993
999
13
998
765
123
441
117
512
536
397
502
111
184
363
431
455
487
589
792
817
572
883
282
459
568
755
764
788
796
825
832
837
840
244
326
414
463
570
615
644
740
747
777
842
848
903
126
137
155
161
193
197
210
218
377
426
477
542
708
757
782
795
920
100
131
142
195
254
449
527
538
551
564
593
646
675
737
738
749
779
794
808
822
879
102
170
194
217
247
387
390
398
468
475
480
496
507
516
552
598
729
742
772
835
862
872
127
220
241
311
408
409
447
519
528
533
537
654
667
704
723
741
768
918
150
163
172
189
223
329
357
416
466
482
483
492
505
509
515
517
520
532
540
559
574
603
640
709
728
780
819
845
855
103
107
110
156
165
179
187
303
428
439
452
469
470
473
489
547
600
605
652
663
701
724
732
750
781
805
818
826
838
839
901
907
924
108
112
132
230
234
345
373
374
393
411
464
488
498
511
513
535
541
569
594
623
625
656
674
686
707
718
743
762
767
785
786
800
812
833
854
859
876
897
909
912
106
109
116
148
149
151
166
173
202
205
215
275
280
313
359
370
372
376
389
400
430
440
461
500
522
524
548
582
585
599
604
621
657
677
684
687
689
696
716
727
731
793
802
827
844
884
85
119
138
158
182
190
279
300
433
462
521
529
534
549
554
575
595
754
813
830
841
846
849
860
871
896
899
914
916
929
68
91
128
130
139
206
235
258
260
261
291
298
330
346
382
394
415
417
423
434
451
453
472
484
493
494
523
525
555
556
557
563
566
567
578
584
608
620
630
636
638
639
643
693
705
710
722
725
758
880
882
898
90
98
104
115
133
141
152
321
339
351
353
365
385
427
445
465
479
558
561
583
606
609
614
645
669
717
733
739
746
766
797
816
820
866
877
891
905
147
174
180
212
240
243
274
305
325
336
371
406
407
432
438
446
454
458
460
478
491
495
546
562
602
619
622
634
659
697
706
730
756
760
783
791
798
811
829
834
843
852
888
902
911
921
944
62
95
135
136
144
157
160
175
208
226
231
283
293
309
355
378
384
419
422
436
481
497
526
550
624
642
658
744
790
803
804
814
863
865
869
885
889
890
894
904
908
926
65
94
134
145
164
198
264
312
333
352
362
368
383
392
395
418
467
503
506
510
577
660
670
679
720
736
745
776
799
801
828
850
893
81
87
92
114
120
129
140
146
153
183
196
199
207
219
250
257
262
281
340
361
420
421
437
457
501
539
588
590
596
607
616
648
694
711
734
751
771
787
789
806
807
809
853
870
873
906
913
66
76
167
192
214
225
232
277
287
304
308
322
369
399
424
425
443
476
485
486
514
518
571
576
586
611
626
629
665
671
683
685
688
692
735
763
831
851
856
857
867
922
93
101
113
213
236
246
249
252
266
268
284
285
288
307
316
319
366
429
474
490
499
553
587
647
668
699
861
874
875
881
892
910
73
75
79
80
181
224
228
253
267
289
292
315
354
381
401
543
628
632
676
715
759
761
770
784
858
878
928
99
118
154
159
169
222
229
255
278
335
338
343
364
410
435
444
450
456
560
581
591
633
635
651
661
662
691
703
726
752
823
824
917
919
59
63
67
71
82
83
86
177
328
344
350
544
613
649
672
673
678
712
713
721
821
54
74
97
185
186
188
191
204
233
239
259
310
323
386
471
573
627
631
655
682
695
748
753
774
847
868
937
88
124
125
201
211
221
269
302
317
342
375
403
530
580
592
597
681
714
778
925
927
935
941
84
105
121
168
238
320
324
337
349
360
448
504
531
601
612
680
702
773
775
886
887
900
931
933
939
60
77
143
245
263
276
380
405
442
565
96
209
237
251
271
318
348
413
545
617
618
637
641
690
700
719
836
932
122
176
200
248
296
314
332
412
943
64
89
162
216
242
306
391
895
41
53
272
327
396
508
653
810
934
942
270
273
297
402
930
940
956
45
56
178
256
331
388
664
666
769
203
356
367
610
650
698
936
950
286
295
301
334
379
579
951
958
171
952
50
227
915
78
404
815
61
945
971
57
290
938
294
963
37
52
70
358
949
347
923
48
69
265
954
968
42
960
72
864
953
51
965
40
967
58
955
961
966
55
962
957
982
985
948
44
43
946
959
20
975
22
33
969
49
972
46
26
47
981
970
964
989
974
978
29
35
15
341
32
34
977
990
31
38
21
983
947
986
12
14
39
24
7
10
25
23
36
973
984
9
17
27
28
992
19
991
11
30
994
4
6
5
0
995
3
996
998
16
1
993
987
605
509
536
551
559
593
615
646
345
387
468
487
496
500
507
542
556
569
570
572
595
667
351
397
414
426
440
447
449
461
463
464
477
483
492
519
537
547
568
574
330
407
408
409
425
431
432
434
441
446
452
459
466
469
480
494
498
512
518
525
529
533
548
558
567
575
583
590
620
625
634
642
684
708
788
346
357
416
420
422
427
455
467
486
488
493
499
513
517
520
524
528
534
535
541
550
554
555
562
564
577
600
604
619
640
644
654
737
750
755
764
765
779
184
240
279
319
359
361
363
365
372
376
384
385
389
390
398
400
411
417
419
421
428
430
439
451
457
462
473
475
482
491
497
502
538
539
561
566
582
585
594
598
599
602
606
608
614
622
623
627
628
630
638
663
675
693
738
743
757
832
102
155
193
223
230
244
275
316
326
364
368
370
374
375
415
423
450
460
470
471
472
476
484
489
510
511
514
515
516
521
526
527
540
543
545
552
553
578
581
587
589
591
596
603
607
612
616
629
632
639
645
652
656
657
660
670
689
692
707
713
729
736
740
742
749
756
777
783
791
793
796
805
818
826
837
840
855
135
183
198
205
226
241
254
261
283
303
321
328
329
336
338
355
362
373
378
383
392
393
395
401
406
433
436
443
454
465
479
495
501
503
505
506
532
557
565
576
580
586
592
601
613
621
624
633
668
671
676
679
686
687
705
706
710
718
739
760
768
781
782
802
804
808
812
817
819
822
835
127
139
142
172
180
189
190
192
210
214
215
228
247
250
255
277
284
300
304
305
311
313
335
339
350
353
369
371
381
382
418
453
456
458
474
481
485
508
522
523
530
549
563
611
626
631
635
641
643
648
651
659
669
674
678
690
696
701
704
711
724
744
747
758
762
766
767
775
776
785
789
790
811
825
827
833
839
843
862
890
909
108
123
131
149
156
161
166
169
170
173
197
204
207
208
217
220
234
238
246
258
259
260
262
266
269
276
280
282
293
333
343
356
366
377
386
388
391
394
399
410
413
424
435
438
442
445
478
490
544
546
573
584
597
618
636
647
661
662
665
672
673
677
681
683
695
700
702
709
715
717
723
730
759
761
763
772
780
792
794
795
798
801
807
829
841
842
844
848
860
871
872
879
897
110
111
126
148
151
158
165
181
182
195
199
231
235
251
253
264
268
271
272
274
285
306
307
318
327
344
360
404
405
429
437
444
448
504
588
655
680
682
685
694
703
712
716
720
721
722
726
727
728
732
733
741
745
746
751
752
753
754
800
813
816
821
845
857
861
865
867
883
889
903
914
101
103
106
114
117
119
120
128
133
141
146
150
152
153
154
160
179
185
186
206
213
218
219
225
233
236
242
243
245
281
291
309
312
317
320
325
332
337
342
348
354
403
412
571
609
617
637
653
664
666
688
697
719
731
748
784
786
797
799
814
828
831
847
849
859
863
869
874
877
881
884
891
899
904
918
924
100
109
112
136
137
174
177
187
188
194
200
201
211
227
232
239
248
252
257
265
278
292
297
308
310
324
340
349
352
380
396
649
650
658
698
699
714
725
734
770
773
774
778
787
803
820
838
851
854
875
880
893
898
905
85
90
93
104
107
116
118
121
134
144
163
175
249
256
270
287
288
295
314
315
322
358
367
402
531
560
610
691
735
806
809
830
834
846
856
866
873
882
892
894
920
92
94
95
97
138
140
145
147
159
168
191
212
224
263
273
289
296
298
302
379
771
823
836
850
853
858
868
888
912
916
921
87
98
113
129
130
157
167
176
178
202
221
229
237
267
286
290
824
852
870
876
878
885
896
901
906
907
919
944
65
80
83
91
115
124
132
162
164
323
331
334
347
810
887
902
908
911
926
927
929
62
68
77
79
99
105
125
196
216
299
301
579
769
910
913
933
81
84
122
143
222
294
341
864
886
900
922
925
59
60
63
74
82
86
88
171
209
815
917
932
935
64
73
75
78
89
96
203
928
939
940
950
66
70
895
931
942
943
69
72
76
923
934
54
71
915
930
952
57
67
41
45
56
61
936
941
58
951
958
51
53
948
956
48
50
52
937
946
949
40
55
938
945
965
37
49
953
955
46
961
967
959
960
39
42
47
947
954
966
971
982
33
963
43
957
964
31
32
968
36
22
23
27
38
44
962
970
26
34
969
975
20
981
985
976
978
25
28
972
24
973
977
983
21
29
30
35
14
990
15
974
989
12
6
9
984
7
10
19
17
980
986
18
979
991
992
994
988
0
996
11
4
8
1
987
16
995
5
2
997
993
999
998
13
3
509
387
507
542
559
593
615
832
345
351
414
426
440
452
463
468
477
487
492
500
536
551
570
605
667
788
840
330
397
416
447
449
461
464
469
494
496
519
537
547
556
567
568
572
595
625
644
646
708
750
755
764
765
890
102
184
193
279
385
398
400
407
415
419
420
421
427
431
432
434
441
455
459
466
480
483
491
493
498
499
512
517
520
525
533
541
548
558
583
590
642
693
729
743
749
756
783
791
793
805
812
818
822
825
826
837
135
139
142
155
172
180
210
223
226
240
244
319
321
326
346
357
361
372
384
389
390
408
409
417
422
423
425
430
446
451
457
467
470
472
473
476
482
484
486
488
502
510
513
524
528
529
534
535
538
539
552
554
555
561
562
564
569
574
577
589
606
608
620
654
657
679
684
689
736
737
738
739
740
757
760
762
768
777
792
796
802
808
811
817
819
835
843
855
867
872
879
909
110
111
126
131
149
156
158
161
169
181
183
185
189
198
205
207
220
247
255
275
277
303
316
338
359
362
363
365
368
370
373
374
375
376
383
393
395
411
418
428
436
454
460
462
465
471
474
475
489
497
503
514
515
518
521
526
527
540
550
566
575
582
594
598
599
600
603
604
612
614
622
627
634
640
645
652
663
668
670
686
692
696
707
710
713
718
724
742
747
758
761
763
766
772
775
776
779
782
790
794
795
798
800
801
804
813
827
829
833
839
841
844
845
848
849
857
860
861
862
871
881
883
884
903
914
918
924
106
108
112
117
119
123
127
146
150
151
166
170
173
182
186
192
195
197
204
208
214
217
228
230
254
261
283
293
304
329
336
339
350
355
364
366
369
371
391
392
401
433
435
439
443
445
453
456
458
478
479
481
490
495
501
511
516
530
532
545
549
553
565
585
587
591
601
602
607
619
623
624
628
629
630
633
638
639
641
643
656
660
671
675
687
695
701
704
705
706
709
711
717
726
727
728
744
752
767
780
781
785
786
797
807
814
816
821
828
831
838
842
847
863
865
869
874
877
882
889
891
897
898
899
905
100
101
103
109
114
128
133
137
148
152
153
154
160
175
177
179
190
225
233
241
243
246
250
253
262
269
272
281
282
284
300
305
311
313
328
333
335
343
353
356
377
378
381
382
386
388
399
406
410
413
424
442
444
448
450
485
505
506
508
523
543
546
557
576
578
580
581
592
613
616
621
626
648
651
659
662
669
672
676
678
712
715
722
723
725
730
732
733
741
745
746
748
751
753
774
836
846
850
851
859
875
880
893
904
920
85
90
93
95
104
107
116
120
134
138
140
141
144
145
147
159
163
165
187
194
199
200
201
206
213
215
218
219
231
234
235
236
238
239
242
251
252
258
259
260
271
274
280
285
306
309
327
360
394
403
404
405
429
438
563
584
586
596
611
618
631
632
635
661
665
673
674
677
681
682
685
688
694
702
719
720
721
731
734
754
759
773
784
787
789
799
803
806
820
834
854
856
870
873
888
892
894
896
907
916
83
92
98
118
121
136
157
168
174
178
188
211
224
232
245
264
266
268
276
291
307
308
320
332
344
349
354
367
380
412
437
504
522
544
636
647
650
655
664
680
683
690
697
700
703
714
716
778
809
823
830
852
866
868
878
901
912
919
921
929
87
97
113
124
125
212
227
249
256
257
297
312
317
318
324
325
337
340
342
348
352
396
571
573
588
597
637
649
653
666
691
699
735
770
771
810
824
853
858
876
885
902
906
926
927
933
944
68
77
79
80
94
99
115
122
129
130
162
167
176
202
229
248
263
265
270
278
287
288
292
295
298
302
310
314
315
322
379
402
560
609
617
658
698
769
864
886
887
908
910
911
913
935
62
65
74
78
81
96
105
132
143
164
191
196
209
221
237
273
286
289
296
301
323
334
358
900
932
59
75
82
86
88
91
171
222
267
290
331
531
610
815
895
917
922
925
931
939
950
60
64
66
72
73
84
89
216
294
341
347
579
923
940
943
63
69
70
76
299
928
942
71
203
915
930
934
941
54
952
56
57
67
956
45
51
61
936
948
951
58
958
41
48
52
53
55
937
938
945
946
949
50
965
49
953
955
40
46
961
37
947
967
954
959
960
966
971
42
47
963
982
31
39
964
32
33
43
957
968
44
22
23
36
969
26
27
38
962
970
20
34
981
975
985
25
972
24
28
973
976
978
977
983
21
29
30
14
35
990
15
989
974
12
984
6
7
9
19
10
17
979
986
980
18
991
992
994
988
0
8
11
4
996
1
987
995
16
5
2
997
993
999
13
998
3
768
747
840
589
740
792
542
822
455
509
764
765
832
708
777
808
568
487
729
795
441
477
536
728
782
794
825
603
837
903
570
696
725
755
845
879
502
507
704
788
800
924
326
552
644
689
724
848
872
916
452
463
470
722
723
817
920
459
537
762
796
918
749
835
899
398
414
512
615
786
813
914
454
482
494
657
741
746
772
797
876
126
397
416
492
710
737
805
843
849
869
210
483
527
605
717
750
780
819
387
513
731
838
498
519
701
732
846
871
883
890
474
493
538
564
707
801
842
400
426
516
517
533
559
625
826
373
436
551
693
727
742
791
833
912
158
184
363
466
484
520
593
733
812
841
882
909
123
244
423
511
515
534
541
736
771
790
884
561
667
677
684
697
709
751
756
758
880
901
156
303
431
447
468
503
514
718
743
761
798
905
907
193
339
372
419
668
716
839
383
393
529
532
549
558
643
652
656
720
739
760
785
831
888
896
100
111
376
415
440
488
500
584
687
752
898
913
495
645
675
757
763
793
921
137
220
254
389
481
521
595
814
829
850
862
345
374
449
469
478
497
505
524
547
688
705
811
860
428
430
460
461
480
598
646
807
816
856
941
117
161
195
205
282
311
321
394
421
456
522
540
546
572
578
626
642
695
754
802
926
179
377
528
539
583
594
600
622
638
686
818
859
110
165
223
408
444
548
608
665
735
809
834
870
891
131
172
385
390
443
475
554
555
640
654
669
726
908
180
208
382
670
776
853
217
300
340
448
451
604
663
779
781
139
140
175
207
277
403
465
606
651
714
844
197
418
453
479
496
556
567
624
679
691
711
734
956
127
198
247
462
491
562
574
575
590
738
744
753
820
827
852
854
877
893
102
476
489
525
828
863
910
922
95
163
384
427
730
944
523
929
931
173
240
305
433
660
676
694
867
135
149
189
243
357
582
939
942
107
138
142
150
369
446
748
881
935
85
230
279
411
417
510
550
623
392
682
917
177
212
218
293
336
359
588
630
658
774
103
106
187
420
445
473
648
703
919
148
535
587
591
672
803
911
304
351
368
409
560
614
633
634
639
674
685
194
291
313
395
422
434
439
464
486
565
569
571
671
787
897
68
90
234
275
490
501
526
566
585
706
789
851
119
281
485
557
678
902
950
182
235
330
346
365
699
830
866
112
152
206
599
616
692
769
904
252
322
378
399
621
799
873
147
160
190
370
407
629
655
673
804
889
155
157
186
285
366
906
927
181
353
467
806
219
619
659
134
213
222
380
647
767
878
83
309
329
580
602
661
715
824
940
335
133
472
649
783
847
349
855
874
146
185
289
350
406
865
113
166
255
338
362
96
250
283
636
437
98
202
225
229
307
343
887
118
214
224
231
410
543
885
236
272
274
586
861
943
88
104
261
334
405
530
662
54
79
132
144
352
745
269
620
631
333
371
59
204
239
337
577
680
151
233
241
287
308
778
93
196
257
458
563
766
226
312
424
429
432
108
298
360
886
323
355
637
386
249
609
87
262
596
915
936
71
325
721
868
145
153
232
857
199
280
401
650
258
971
94
288
576
937
200
499
592
945
66
611
958
114
259
934
91
317
949
67
73
344
267
683
375
932
164
315
367
364
435
65
76
324
116
130
170
381
115
284
296
823
925
306
713
759
928
327
74
53
81
129
174
968
228
314
203
635
86
268
875
895
192
63
770
438
310
933
80
951
618
237
302
954
573
101
506
963
617
264
99
82
75
141
84
952
271
967
89
959
396
56
960
215
260
121
64
982
246
52
962
253
966
559
102
351
387
551
593
667
832
142
155
184
193
226
240
319
345
468
487
605
615
110
111
112
135
139
149
161
183
247
330
464
469
477
492
507
509
536
542
572
646
783
818
855
151
154
166
170
185
189
207
210
217
223
230
279
316
346
400
407
409
416
425
426
440
441
449
452
461
480
496
498
500
519
525
547
548
556
567
569
570
583
590
750
755
764
779
788
805
819
825
826
840
103
106
109
114
117
119
120
126
127
131
141
169
172
181
186
192
195
197
214
218
228
244
246
253
255
259
321
326
329
357
361
370
390
397
414
430
447
463
473
476
482
483
491
499
512
518
520
537
538
539
555
558
566
574
595
604
619
625
644
654
693
708
739
743
765
766
793
804
812
835
837
843
857
862
881
890
98
100
108
123
128
133
137
146
147
148
150
153
156
158
159
160
173
174
179
180
198
205
208
220
250
260
261
275
276
328
355
372
384
385
389
398
408
417
419
420
427
431
432
455
457
466
472
486
488
494
513
524
529
533
535
541
550
552
554
568
577
594
608
612
623
627
642
657
660
729
737
738
749
756
757
762
775
781
790
791
792
796
802
808
811
817
827
828
833
839
844
848
861
871
872
874
875
877
883
909
90
101
116
134
136
145
152
163
168
177
182
188
190
201
204
215
238
241
251
254
258
262
266
277
280
283
303
343
359
363
364
365
366
373
374
375
378
381
386
395
401
421
423
434
446
450
458
459
467
493
501
502
503
515
517
521
527
528
534
540
553
562
564
582
592
599
606
607
614
620
622
628
630
632
634
638
639
640
645
652
670
679
684
736
740
742
760
776
777
782
795
798
800
822
829
841
842
845
860
865
867
879
884
894
68
83
93
104
107
121
130
138
140
144
165
167
175
178
194
199
200
211
213
219
224
231
236
242
243
245
269
272
274
281
282
284
285
297
304
305
311
335
336
338
350
353
360
362
368
376
388
391
392
399
406
411
415
422
428
439
462
471
474
475
484
489
497
508
510
516
526
530
543
545
561
575
580
585
586
589
591
598
600
601
602
603
624
633
656
663
671
674
678
686
692
707
710
711
713
718
724
727
744
747
763
767
768
772
780
784
785
794
797
807
813
816
821
836
838
849
850
851
859
863
882
893
897
899
903
62
85
92
97
115
118
124
187
206
225
232
233
234
235
252
268
271
293
306
307
313
320
332
339
369
371
377
418
433
435
436
443
451
453
460
465
470
478
511
514
523
532
557
565
576
596
611
616
626
629
641
659
668
669
675
677
687
689
696
701
705
706
728
730
745
748
758
761
786
801
820
846
847
856
873
878
880
889
891
898
904
905
924
74
77
95
99
113
125
129
157
164
191
239
248
257
264
278
300
309
318
382
383
393
404
424
429
445
454
479
481
485
490
495
504
506
549
563
578
581
587
597
618
621
631
635
636
643
662
672
676
681
683
694
695
704
709
712
715
717
723
726
732
733
752
753
759
773
774
787
789
799
806
814
831
834
852
854
858
869
885
892
914
920
929
75
78
80
87
105
143
171
176
202
212
229
256
263
270
291
295
301
308
314
324
325
327
333
344
348
349
356
394
405
410
412
413
442
444
448
456
505
522
546
584
613
637
647
648
651
655
661
664
673
680
685
688
700
702
716
719
722
731
734
741
746
754
770
803
868
870
896
907
916
918
919
65
81
82
86
91
122
162
196
209
221
227
249
265
273
288
292
298
310
312
315
317
342
354
367
403
437
438
544
571
573
588
653
665
666
690
703
714
720
725
751
778
809
810
823
830
866
888
900
901
911
921
927
944
66
73
79
89
94
96
132
222
267
286
287
289
290
296
337
340
352
358
609
617
650
682
697
698
721
824
853
864
902
906
908
59
60
64
69
70
72
84
88
237
299
302
379
380
396
560
649
699
735
769
886
910
912
926
933
935
76
216
331
334
341
347
402
531
658
771
815
876
887
913
63
322
610
691
932
54
56
71
294
323
579
895
917
922
925
928
939
45
203
923
943
950
41
51
57
930
931
940
952
50
58
61
67
934
942
48
55
915
49
53
948
52
936
941
951
937
956
37
46
39
42
938
946
958
945
949
31
40
43
947
955
32
47
953
961
965
954
38
44
959
960
966
967
971
22
23
33
34
963
964
982
26
27
36
20
25
968
969
957
962
24
28
970
972
975
981
21
985
29
973
978
30
35
14
976
977
15
990
6
12
983
989
974
9
10
19
7
17
984
18
979
986
991
980
994
992
8
988
11
1
0
4
5
987
996
995
16
993
2
997
13
999
998
509
832
387
477
507
542
551
559
593
615
330
345
351
414
416
426
440
452
463
468
487
492
494
500
536
570
605
667
750
788
840
890
102
184
193
397
400
419
441
447
449
461
464
469
491
496
519
525
537
547
556
567
568
572
625
644
646
708
743
749
755
764
765
783
793
805
818
819
822
825
826
837
110
135
139
142
155
210
223
226
240
279
321
326
372
385
389
398
407
408
415
420
421
423
427
430
431
432
434
455
459
466
476
480
482
483
493
498
499
512
513
517
520
533
538
541
548
552
558
583
589
590
595
642
657
693
729
736
739
740
756
757
760
762
768
777
791
792
802
808
811
812
835
843
855
872
879
881
909
111
126
131
149
156
158
161
169
172
180
181
183
185
189
205
207
244
247
255
316
319
346
357
361
370
373
374
384
390
409
417
422
425
446
451
457
467
470
472
473
474
484
486
488
497
502
510
515
518
521
524
527
528
529
534
535
539
554
555
561
562
564
569
574
577
604
606
608
612
620
645
654
679
684
689
692
710
713
737
738
742
747
758
763
766
775
776
779
782
790
795
796
798
800
804
813
817
827
829
833
839
844
845
848
849
857
861
862
867
871
883
884
903
924
106
112
117
119
127
146
150
151
166
170
173
179
186
192
195
197
198
204
208
214
217
220
230
253
275
277
303
304
329
338
339
350
359
362
363
364
365
366
368
375
376
383
392
393
395
401
411
418
428
436
443
453
454
460
462
465
471
475
489
501
503
514
516
526
540
545
550
566
575
582
594
598
599
600
603
614
619
622
623
627
634
638
640
652
656
660
663
668
670
686
696
707
711
717
718
724
727
728
744
752
761
772
780
781
786
794
797
801
807
816
821
828
838
841
842
847
851
860
863
865
869
874
877
882
891
898
899
905
914
918
100
101
103
108
109
114
123
128
133
137
148
152
153
154
160
163
175
177
182
190
218
228
241
243
246
250
254
261
269
272
281
283
293
305
311
328
335
336
343
353
355
369
371
377
378
381
382
386
388
391
399
406
433
435
439
442
444
445
450
456
458
478
479
481
485
490
495
508
511
530
532
543
549
553
565
578
585
587
591
592
601
602
607
624
626
628
629
630
633
639
641
643
669
671
675
678
687
695
701
704
705
706
709
715
722
723
726
730
733
741
745
748
753
767
774
785
814
831
836
846
850
856
859
875
880
889
893
897
83
90
93
95
98
104
107
120
134
138
140
141
144
145
147
159
165
187
194
199
200
201
206
215
219
225
231
233
234
235
236
238
239
242
251
252
258
259
260
262
274
282
284
285
300
313
333
356
360
394
404
410
413
424
429
448
506
523
546
557
576
580
581
586
611
613
616
621
635
648
651
659
662
665
672
674
676
677
688
702
712
720
725
731
732
734
746
751
754
759
773
784
787
789
799
806
820
834
870
873
878
894
896
904
907
916
920
85
116
118
121
136
157
168
174
178
188
211
213
224
232
245
264
266
271
276
280
306
307
309
320
327
344
349
403
405
438
505
563
584
596
618
631
632
647
655
661
673
680
681
682
683
685
694
697
703
716
719
721
778
803
809
852
854
858
866
868
888
892
901
912
919
921
929
68
87
92
97
113
124
125
130
212
268
291
297
308
312
324
332
340
348
352
354
367
380
412
437
504
522
544
588
597
636
637
650
664
690
700
714
735
770
810
823
824
830
853
876
885
902
906
926
927
933
944
74
77
79
80
94
99
115
122
129
162
164
167
176
202
227
229
248
249
256
257
263
265
270
278
287
288
292
295
302
310
314
317
318
325
337
342
396
560
571
573
609
649
653
666
691
698
699
769
771
864
886
887
908
910
911
913
935
62
65
78
96
105
132
143
171
191
196
209
221
237
273
289
296
298
301
315
322
334
379
402
617
658
900
932
75
81
82
86
88
91
222
267
286
290
323
331
358
610
815
895
917
925
931
59
60
64
66
72
73
84
89
294
341
347
531
922
923
939
940
943
950
63
69
70
76
216
299
579
928
71
915
930
934
942
54
203
941
952
56
57
67
956
45
51
936
948
951
58
61
41
48
50
52
53
55
937
938
945
946
949
958
49
965
46
953
955
37
40
947
961
954
960
966
967
42
47
959
971
31
39
963
964
982
32
33
43
44
957
968
22
23
36
969
26
38
962
20
27
34
970
981
25
975
985
972
24
973
976
978
28
21
29
30
977
983
35
990
14
15
989
974
12
6
9
19
984
7
10
17
979
986
980
18
991
992
988
994
8
0
11
4
1
987
996
995
16
5
2
997
993
999
13
998
3
768
747
840
740
792
542
589
822
455
509
764
765
832
708
808
568
777
729
795
441
477
487
728
794
536
603
755
782
825
837
903
570
696
800
845
879
502
704
725
788
924
507
552
644
689
724
848
872
326
452
463
470
722
916
459
537
723
762
796
817
918
920
835
899
398
512
615
749
786
914
414
454
482
494
657
741
746
772
797
813
876
126
210
397
416
492
527
710
737
805
843
849
869
605
717
731
750
780
819
387
483
513
701
838
498
519
564
732
801
846
871
883
890
474
493
538
559
842
400
426
516
533
625
707
742
826
436
517
693
727
791
833
158
184
373
466
484
511
520
541
551
593
733
812
841
882
912
244
363
515
534
736
771
790
884
909
123
423
561
667
697
709
751
756
758
880
901
156
303
447
468
503
514
668
677
684
718
743
761
798
907
193
339
372
419
431
739
839
905
383
393
415
529
549
558
656
687
716
720
752
760
785
831
111
376
440
500
532
584
643
652
763
888
896
898
913
100
488
495
645
757
793
811
829
137
220
254
389
449
481
521
595
675
814
862
921
345
374
469
478
497
524
547
598
646
688
705
850
860
428
460
461
505
572
626
642
695
807
816
818
941
205
311
394
421
430
456
480
522
540
546
578
754
856
926
161
179
195
282
321
528
583
594
600
622
638
802
859
110
117
223
377
408
444
539
548
554
686
735
776
809
834
870
165
172
385
390
443
475
555
608
665
726
891
131
180
208
382
640
654
669
670
853
908
217
300
340
448
451
606
663
734
779
139
175
207
277
403
465
496
604
624
651
691
714
844
877
418
453
479
679
711
781
956
140
197
198
247
462
491
525
556
562
567
574
590
738
744
827
852
854
95
102
127
476
489
575
753
820
828
893
910
922
384
427
523
730
863
163
931
944
173
240
305
582
660
694
881
929
135
138
149
243
357
433
676
748
867
942
150
189
369
446
939
107
142
230
279
411
417
623
935
85
293
392
510
550
588
682
774
917
177
336
359
420
630
658
103
106
212
218
445
648
803
919
148
187
473
560
565
587
591
614
672
703
787
304
351
368
409
535
633
634
671
911
291
313
395
422
434
464
485
486
490
501
566
585
639
674
685
706
769
119
194
234
275
439
526
569
571
678
789
830
897
68
90
281
346
557
699
902
950
152
206
235
330
851
866
904
182
365
599
616
692
804
889
112
190
378
399
621
629
873
147
160
252
322
407
655
673
799
906
186
285
366
370
806
927
157
353
467
155
181
219
767
783
878
134
222
619
659
715
824
213
380
580
647
940
133
309
329
335
602
661
847
855
349
472
649
185
83
289
865
874
146
255
338
350
406
96
250
283
362
437
543
887
113
118
229
307
636
861
885
98
166
214
343
202
225
231
236
272
410
766
224
405
662
745
943
274
334
586
204
261
620
79
88
104
269
352
530
144
239
563
680
132
333
337
577
631
868
54
151
226
371
637
196
233
241
778
59
308
287
360
257
312
424
429
432
355
458
93
298
323
886
576
915
386
609
857
199
249
262
87
325
596
71
153
650
145
232
280
936
258
971
721
288
401
200
94
945
259
317
937
91
435
499
934
949
958
114
267
66
73
108
592
611
344
713
375
683
130
164
67
324
76
315
296
364
367
932
759
618
284
306
65
928
116
381
925
115
174
968
129
203
314
53
74
81
327
170
86
192
268
228
954
63
573
875
895
101
963
80
823
951
82
635
75
310
617
141
438
302
237
770
99
959
952
56
351
319
330
387
464
468
551
559
593
615
832
102
155
316
345
414
507
572
646
667
111
139
142
161
183
184
193
226
279
397
409
416
426
431
440
449
461
463
469
477
480
487
492
496
500
509
519
525
536
542
547
556
567
570
605
783
788
855
109
110
112
135
149
151
166
170
189
223
240
247
321
329
346
357
361
370
385
390
407
408
417
420
425
432
434
441
447
452
457
473
476
491
499
512
535
537
538
568
569
574
590
595
625
644
654
749
750
755
765
766
793
805
812
818
825
826
837
840
857
106
108
114
117
119
120
128
131
146
150
154
169
172
181
185
192
195
197
207
210
214
217
230
244
246
253
255
260
326
366
372
384
398
400
427
430
459
466
471
472
494
498
518
520
533
548
555
558
577
583
599
607
608
612
620
634
642
693
708
738
743
757
764
775
779
802
804
819
844
861
872
874
881
883
890
909
100
103
123
126
127
133
137
148
153
156
158
159
173
179
180
182
194
205
215
218
220
228
241
250
259
261
266
275
276
283
303
328
338
350
355
359
362
363
364
365
368
371
373
374
375
388
389
391
395
401
411
415
419
421
422
423
446
455
458
462
467
475
482
483
486
488
489
510
513
517
521
524
528
529
539
541
550
552
554
562
566
575
589
594
604
606
614
619
623
627
628
640
679
684
686
692
729
737
739
756
760
762
791
792
796
808
811
817
821
827
829
833
835
839
843
848
862
865
867
875
877
884
894
98
101
104
107
116
141
145
147
152
160
163
167
168
174
175
186
187
188
190
198
204
208
211
225
238
251
254
258
262
274
277
280
281
282
284
304
311
320
336
343
353
376
377
378
381
386
392
406
418
428
433
435
439
445
450
451
453
465
484
493
497
501
502
515
526
527
534
540
545
553
564
581
582
585
591
592
598
600
601
602
622
630
632
639
641
645
652
657
660
663
675
706
711
713
718
736
742
744
758
767
772
777
782
790
795
798
800
816
822
828
838
842
849
851
860
871
879
882
889
891
897
898
903
83
90
92
93
95
97
121
125
134
136
138
144
177
178
199
201
206
224
231
233
234
235
236
242
243
245
264
268
269
271
272
285
293
297
300
305
309
313
333
335
339
344
360
382
393
399
404
410
413
424
443
460
470
478
479
490
503
508
516
530
532
543
561
563
576
586
587
603
621
624
629
633
635
638
656
659
670
671
674
678
689
707
709
710
724
727
730
740
745
747
763
776
780
781
784
785
794
807
813
836
841
845
847
859
863
892
893
905
918
924
62
77
85
87
99
115
118
124
130
140
165
200
213
219
232
239
252
306
318
327
332
356
369
383
429
436
438
442
474
485
495
504
506
511
514
523
549
557
565
578
580
596
597
611
613
616
636
643
648
662
668
669
681
683
687
696
701
702
705
712
715
726
748
752
761
768
773
786
797
801
814
820
846
850
856
873
878
880
899
904
907
914
920
929
68
74
113
157
164
176
191
202
248
256
263
278
291
292
295
298
301
307
308
312
325
342
348
349
352
354
394
412
437
444
454
456
481
505
546
618
626
631
647
651
661
672
677
680
685
694
695
704
717
721
723
728
732
733
734
741
753
754
759
774
787
799
803
806
830
831
834
852
854
858
866
868
869
870
885
896
901
933
65
75
78
79
80
81
94
105
122
129
132
171
209
212
227
249
257
270
286
299
302
310
314
315
324
367
405
448
544
584
609
653
655
665
666
673
676
688
700
703
716
719
720
722
725
731
746
751
770
789
809
823
888
902
916
919
927
944
72
82
86
89
91
143
162
221
229
265
273
287
288
290
317
337
340
358
379
403
522
571
573
588
617
637
649
650
664
690
697
699
778
810
824
900
906
911
912
921
64
66
69
70
73
196
267
289
296
331
347
380
396
658
682
698
714
735
853
864
886
908
926
932
59
60
76
84
88
96
222
237
322
323
402
531
560
691
876
887
910
935
63
216
334
341
579
610
769
771
815
895
913
925
57
71
294
917
928
931
943
56
922
923
939
54
58
67
930
940
950
41
45
50
51
61
203
934
952
55
915
48
52
941
942
951
49
53
936
937
948
46
938
946
956
958
967
37
39
42
945
949
955
961
965
40
47
947
31
32
953
43
966
33
960
22
44
954
963
23
26
34
36
38
959
964
971
982
27
20
957
968
25
962
969
970
24
29
972
981
28
985
975
973
21
30
14
35
978
976
977
15
990
12
983
6
9
989
7
10
19
974
17
984
18
986
979
992
991
988
994
980
8
11
0
1
4
987
996
5
995
16
2
997
993
13
999
998
832
387
509
542
559
345
351
452
468
477
487
492
507
551
593
605
615
667
840
330
414
416
426
440
463
469
494
500
519
536
570
708
750
755
764
788
805
890
102
135
139
184
193
207
240
279
397
398
400
419
427
441
447
449
455
461
464
480
482
483
491
496
498
525
537
547
548
556
558
567
568
583
590
595
625
642
644
646
693
729
736
743
749
756
760
765
768
783
791
793
808
812
818
819
822
825
826
837
843
110
111
142
149
155
161
181
185
210
223
226
244
321
326
346
372
384
385
389
407
408
409
415
420
421
423
425
430
432
434
459
466
473
474
476
493
499
512
513
517
520
529
533
538
539
541
552
555
572
589
608
654
657
684
737
739
740
757
762
766
777
779
790
792
796
798
800
802
804
811
817
833
835
845
855
862
871
872
879
881
909
112
126
131
156
158
166
169
172
180
183
186
189
192
195
198
205
208
214
217
220
230
247
255
277
316
319
338
357
361
368
370
373
374
375
376
390
417
422
428
431
436
446
457
467
470
472
484
486
488
497
502
503
510
514
515
518
521
524
527
528
534
535
540
550
554
561
562
564
566
569
574
594
603
604
606
612
640
645
652
660
668
670
679
689
696
707
710
713
724
738
742
747
752
758
761
763
772
775
776
782
794
795
797
801
807
813
816
827
828
829
839
841
844
848
849
857
860
861
867
883
884
899
100
103
106
117
119
127
137
148
150
151
170
173
177
179
197
204
228
250
253
254
272
275
283
303
304
305
329
335
336
339
343
350
359
363
364
365
366
381
383
386
392
395
401
411
418
443
451
454
460
462
465
475
489
495
501
516
526
530
543
545
553
565
575
577
582
599
600
614
619
620
622
623
624
627
633
634
638
656
663
671
678
686
692
701
704
705
711
717
718
726
727
728
744
780
781
785
786
821
838
842
847
869
874
877
882
891
898
903
914
924
108
114
123
128
133
140
146
147
152
153
154
159
160
175
182
190
218
233
236
243
246
258
259
261
262
269
281
282
285
293
300
311
328
353
355
362
369
377
378
382
388
391
393
399
406
433
435
439
444
448
453
456
458
471
478
479
481
485
490
508
511
532
549
580
585
587
591
592
598
616
626
628
629
630
639
641
651
669
672
675
676
677
687
688
695
706
709
712
715
722
723
730
732
733
746
748
751
753
767
814
820
831
836
846
850
851
856
859
863
865
875
880
889
893
897
905
918
83
90
93
95
98
101
107
109
120
121
134
138
141
144
145
163
165
174
178
187
188
194
199
200
201
206
213
215
219
224
225
231
234
235
238
239
241
242
251
252
260
271
280
284
306
307
313
333
360
371
394
403
404
410
424
442
445
450
505
506
523
546
557
576
578
586
601
602
607
611
613
632
643
648
659
662
673
674
685
702
716
719
720
725
731
734
741
745
754
759
773
774
784
787
789
799
806
809
834
852
873
894
896
904
916
920
85
104
116
118
136
168
211
232
245
266
274
276
291
297
309
327
349
356
405
413
429
438
522
563
581
584
596
618
621
631
635
637
647
655
661
664
665
680
681
682
683
690
694
697
703
714
721
778
803
854
868
870
878
888
892
907
919
68
92
113
124
130
157
212
249
256
257
264
268
270
278
295
308
312
314
317
320
324
332
340
344
348
354
367
380
412
437
504
544
588
636
650
700
735
769
770
771
810
823
824
830
853
858
864
866
885
901
902
912
921
927
929
87
97
99
115
125
129
162
164
167
176
191
202
227
229
248
263
265
288
289
292
301
310
315
318
325
334
337
396
560
571
573
597
653
666
691
699
876
886
887
908
910
911
913
926
935
944
74
77
78
79
80
94
96
105
122
143
171
196
209
221
222
237
267
273
287
296
298
302
342
352
379
402
609
617
649
698
900
906
933
62
65
86
88
91
132
290
322
358
531
610
658
815
59
66
73
75
81
82
84
89
216
286
294
323
331
341
895
917
922
932
939
950
60
64
70
72
347
579
923
925
931
940
942
63
69
71
76
203
299
928
943
54
915
930
934
56
941
952
45
67
956
51
57
936
948
53
58
61
951
41
48
50
55
958
52
937
945
946
949
49
938
46
953
955
965
37
40
947
954
959
961
42
967
971
31
43
47
960
966
982
39
963
964
32
33
44
968
36
969
22
23
27
38
957
962
25
970
20
26
34
975
981
972
24
985
28
976
21
973
978
30
977
14
29
35
983
15
974
990
989
12
984
6
9
19
10
17
7
979
980
991
18
986
994
988
8
992
11
0
1
4
987
996
5
995
2
993
16
997
999
13
998
3
768
747
589
792
740
840
455
542
765
822
509
764
568
832
708
777
808
441
729
795
903
487
728
794
825
837
477
536
603
782
570
755
845
879
326
502
696
725
800
924
507
552
644
704
788
848
872
689
724
817
916
920
459
463
537
722
723
452
470
512
762
796
918
398
414
741
749
786
835
899
615
772
813
876
914
126
210
397
454
482
657
746
780
797
416
492
494
527
710
731
737
805
849
869
605
717
819
838
883
483
513
701
732
750
842
843
387
498
519
538
564
846
871
426
516
533
625
707
801
890
123
363
400
474
493
517
559
742
826
912
373
436
466
520
551
693
727
833
882
158
184
244
484
511
534
733
791
812
841
907
431
515
541
593
697
709
771
884
901
909
156
303
423
677
684
751
756
758
798
880
339
447
503
561
667
718
736
790
905
111
193
372
393
468
532
549
668
687
716
743
839
100
383
419
514
584
643
656
739
761
785
831
888
896
898
376
415
488
529
558
652
675
720
913
137
254
440
495
500
598
645
752
757
760
763
793
220
449
521
524
547
595
811
814
829
850
921
941
117
374
389
478
481
505
688
860
862
161
195
282
311
377
394
428
460
469
480
497
522
546
572
646
705
754
205
345
430
461
540
578
594
626
686
816
856
926
179
321
421
456
528
583
600
622
638
642
695
807
818
859
870
165
223
390
408
475
608
735
802
834
891
110
131
172
385
444
539
548
554
555
665
669
809
908
382
443
640
654
663
726
175
180
208
217
300
340
604
779
197
403
451
606
624
651
670
691
734
776
844
853
877
956
139
140
247
277
418
448
453
465
479
574
738
781
852
854
163
207
462
489
496
567
679
711
714
820
827
910
127
523
525
556
562
575
744
922
929
944
95
102
198
476
491
590
730
828
863
893
931
384
753
305
427
433
694
107
138
142
173
189
243
357
582
623
660
149
150
218
240
411
676
881
939
942
85
230
279
369
417
658
748
867
917
935
135
446
550
588
187
212
293
336
359
392
445
510
630
774
803
911
106
177
473
560
787
103
148
291
535
648
674
682
703
919
194
313
409
420
569
587
591
634
639
830
902
68
234
304
571
585
614
633
671
706
351
368
395
439
464
490
501
526
672
685
897
90
119
434
486
557
566
699
866
182
206
235
275
281
422
485
565
346
365
599
621
678
789
851
112
152
322
378
399
616
769
904
950
252
330
906
147
190
366
370
629
692
799
873
157
160
285
407
655
804
806
889
155
222
353
619
673
878
927
186
219
824
134
181
213
329
647
659
309
602
767
133
467
472
649
661
855
83
580
940
289
335
349
380
406
715
636
865
885
874
96
146
202
437
847
113
166
185
229
250
350
362
98
255
274
283
307
338
783
132
231
224
225
343
943
118
352
410
586
745
88
104
214
236
887
54
261
79
144
272
334
405
563
861
241
371
662
766
151
196
269
308
543
631
59
298
337
239
257
287
333
577
680
458
312
609
620
886
204
233
360
530
226
323
355
429
325
424
71
93
637
915
87
868
936
937
971
145
262
280
232
249
596
153
199
576
386
94
258
288
432
401
66
91
108
945
67
721
958
73
259
267
857
934
344
650
949
164
683
76
592
114
200
315
130
611
115
317
296
932
65
435
928
53
968
324
925
81
116
284
74
306
367
174
203
314
364
875
129
170
268
86
381
759
954
375
327
618
63
823
963
895
82
75
617
951
635
573
80
438
302
99
310
959
56
952
351
330
387
551
593
832
102
319
345
464
468
507
559
615
667
142
155
184
193
226
316
397
414
426
440
449
469
477
487
496
500
542
556
570
572
605
646
783
788
855
109
110
111
112
135
139
151
161
183
247
279
346
390
407
409
416
431
432
434
441
447
452
461
463
480
491
492
509
519
525
536
547
567
625
644
755
765
793
818
825
826
840
106
117
120
131
149
154
166
169
170
172
181
185
189
192
210
223
240
244
253
321
326
329
357
361
370
384
385
400
408
417
420
425
427
430
457
466
472
473
476
494
498
499
512
520
535
537
538
555
568
569
574
577
583
590
595
608
654
708
738
743
749
750
757
764
766
779
804
805
812
837
844
857
881
883
890
909
103
108
114
119
123
126
127
128
133
146
150
156
159
173
180
182
195
197
205
207
214
217
218
220
228
230
241
246
255
260
261
275
328
355
359
362
363
365
366
368
372
389
391
395
398
401
411
415
419
421
422
423
446
455
459
467
471
482
483
488
489
517
518
521
524
528
533
539
541
548
550
552
554
558
566
594
599
604
606
607
612
614
619
620
623
627
628
634
642
679
684
692
693
729
737
739
756
775
802
817
819
827
835
848
861
862
865
867
872
874
877
98
100
101
104
116
137
141
145
148
153
158
163
168
174
175
179
186
194
198
204
208
215
250
258
259
262
266
276
283
284
303
304
336
338
343
350
364
371
373
374
375
378
381
386
388
392
406
428
435
439
450
451
458
462
475
484
486
493
501
502
510
513
515
526
529
534
540
562
564
575
582
585
589
598
600
639
640
645
652
657
663
686
711
736
742
760
762
767
772
777
790
791
792
795
796
798
808
811
816
821
822
828
829
833
839
842
843
860
875
879
884
891
894
897
903
90
92
93
107
134
136
144
147
152
160
167
177
187
188
190
201
206
211
225
231
236
238
242
243
251
254
269
274
277
280
281
282
285
293
305
311
313
320
333
335
339
353
360
376
377
393
404
410
413
418
424
433
445
453
460
465
490
497
503
508
516
527
530
543
545
553
561
581
586
591
592
601
602
603
621
622
624
629
630
632
633
638
641
656
659
660
670
671
674
675
689
706
707
709
710
713
718
740
744
745
747
758
763
776
780
781
782
794
800
813
836
838
841
845
847
849
851
859
863
871
882
889
898
905
62
83
85
95
97
115
121
124
125
138
165
178
199
200
219
224
232
233
234
235
239
245
252
264
268
271
272
297
300
306
309
327
332
344
356
369
382
383
399
429
436
438
442
443
470
474
478
479
495
504
506
514
523
532
549
557
563
565
576
580
587
613
616
635
636
668
669
678
687
696
705
715
724
727
730
752
761
768
773
784
785
786
801
807
846
850
873
878
880
892
893
899
904
918
920
924
68
74
77
87
99
118
130
140
157
191
202
213
256
278
307
308
318
444
454
456
481
485
505
511
546
578
596
597
611
618
626
631
643
648
662
672
677
681
683
695
701
702
704
712
717
726
728
732
733
741
748
754
759
774
787
797
799
803
806
814
820
831
854
856
858
869
870
885
896
907
914
929
75
80
81
94
105
113
122
129
132
164
171
176
212
227
248
257
263
286
291
292
295
298
299
301
312
314
325
342
348
349
352
354
394
405
412
437
448
544
584
609
647
651
655
661
665
673
676
680
685
688
694
719
721
722
723
731
734
746
753
789
823
830
834
852
866
868
901
902
916
919
933
65
78
79
89
162
209
221
229
249
270
273
288
302
310
315
317
324
337
367
403
522
571
573
588
637
650
653
664
666
690
697
700
703
716
720
725
751
770
778
809
810
824
888
900
906
911
912
921
927
944
64
66
69
72
82
86
91
143
196
265
267
287
290
340
358
379
380
396
617
649
682
698
699
735
853
864
908
926
932
60
70
73
84
88
96
222
237
289
296
331
347
402
560
658
714
876
886
887
910
935
59
76
216
322
323
334
341
531
691
769
771
815
913
63
71
294
579
610
895
925
928
57
917
922
931
939
943
54
56
923
940
950
41
45
51
58
67
203
930
934
952
50
55
61
915
48
942
49
52
936
937
941
948
951
53
46
938
946
956
37
42
945
958
39
949
961
40
47
955
965
31
947
953
32
43
966
967
22
33
954
960
23
26
34
38
44
959
963
964
971
982
27
36
20
957
968
25
962
969
970
24
981
28
29
972
985
975
973
30
21
35
978
14
977
15
976
990
983
12
6
989
7
9
19
10
974
17
984
18
986
979
992
991
980
988
994
8
11
0
1
4
987
996
5
995
16
2
997
993
13
999
998
3
832
387
477
507
509
542
559
593
615
345
351
414
440
452
468
487
492
500
536
551
570
605
667
788
840
330
397
416
426
447
449
461
463
464
469
494
496
519
537
547
556
568
625
644
646
708
750
755
764
765
783
805
826
837
890
102
135
139
184
193
240
279
321
385
398
400
407
415
419
420
421
427
431
434
441
455
459
466
476
480
483
491
493
498
499
512
520
525
538
548
558
567
572
589
590
595
642
693
729
736
743
749
756
760
762
777
791
793
808
812
818
819
822
825
835
843
855
872
909
110
111
142
149
155
158
161
172
180
181
185
205
207
210
223
226
244
319
326
346
357
361
372
373
384
389
390
408
409
417
422
423
425
430
432
446
457
467
470
472
473
482
484
488
513
517
521
524
529
533
534
535
539
541
552
554
555
569
574
577
583
606
608
612
620
654
657
679
684
689
692
737
738
739
740
742
747
757
766
768
775
779
782
790
792
795
796
798
800
802
804
811
813
817
829
833
844
848
857
867
871
879
881
883
903
106
112
119
126
127
131
146
151
156
166
169
173
183
186
189
192
198
208
214
217
220
230
247
255
275
277
303
316
338
350
359
362
363
365
366
368
370
374
375
376
392
393
395
401
411
418
428
436
451
454
460
462
465
471
474
475
486
489
497
501
502
503
510
514
515
518
526
527
528
540
550
561
562
564
566
575
582
594
599
600
603
604
614
622
623
627
634
640
645
652
660
663
668
670
686
696
707
710
711
713
718
724
744
752
758
761
763
772
776
780
794
797
801
807
816
821
827
828
838
839
841
845
849
860
861
862
874
877
882
884
891
898
899
914
918
924
100
103
108
109
114
117
123
133
137
148
150
153
154
170
175
177
179
182
195
197
204
228
250
253
254
261
269
272
283
293
304
305
311
329
336
339
343
355
364
369
371
378
381
383
386
388
391
406
433
435
439
443
445
453
456
458
478
479
481
490
495
511
516
530
532
545
549
553
565
585
587
591
598
601
607
619
624
628
629
630
633
638
639
641
643
656
669
671
675
678
687
695
701
704
705
706
709
717
722
726
727
728
733
767
781
785
786
814
831
836
842
846
847
851
859
863
865
869
875
880
889
893
897
905
90
95
101
104
107
120
128
140
145
152
159
160
163
165
190
194
200
206
215
218
225
233
235
236
241
242
243
246
258
259
262
274
281
282
284
285
300
313
328
333
335
353
356
377
382
399
404
410
413
424
442
444
448
450
485
506
508
523
543
546
557
576
578
580
581
592
602
613
616
621
626
651
659
662
672
674
677
688
712
715
720
723
725
730
731
732
741
745
746
748
751
753
774
784
787
820
850
856
873
894
904
916
920
83
85
93
98
116
118
121
134
136
138
141
144
147
174
178
187
188
199
201
211
213
219
224
231
234
238
239
251
252
260
266
271
280
306
309
327
349
360
394
403
405
429
438
505
563
584
586
596
611
618
631
632
635
648
661
665
673
676
681
683
685
694
697
702
716
719
721
734
754
759
773
778
789
799
803
806
809
834
854
868
870
878
888
892
896
901
907
912
87
92
113
124
125
157
168
212
232
245
264
268
276
291
297
307
308
320
332
340
344
354
367
380
412
437
504
522
544
636
637
647
650
655
664
680
682
690
700
703
714
735
810
823
830
852
853
858
866
885
902
906
919
921
927
929
933
68
97
99
115
130
202
227
229
248
249
256
257
295
312
314
317
318
324
325
337
342
348
352
396
571
573
588
597
649
653
666
691
699
769
770
771
824
864
876
887
908
910
926
944
74
77
79
80
94
122
129
132
143
162
164
167
176
191
209
263
265
270
278
287
288
289
292
298
301
302
310
315
322
379
402
560
609
658
698
886
900
911
913
932
935
62
65
75
78
81
86
88
96
105
171
196
221
222
237
267
273
286
290
296
323
331
334
358
617
815
59
66
72
73
82
89
91
341
347
531
610
895
917
922
925
931
939
940
950
60
64
70
84
216
294
299
579
923
943
63
69
71
76
915
928
942
54
203
930
934
941
56
57
67
952
936
948
951
956
45
51
61
53
58
937
945
958
41
48
50
52
55
938
946
949
49
965
953
955
37
46
961
40
947
967
42
47
954
959
960
966
971
31
963
982
32
39
43
964
33
957
968
44
22
23
36
969
26
27
38
962
970
981
20
34
25
975
972
985
973
24
28
976
978
29
30
977
983
21
14
35
990
15
974
989
12
984
6
7
9
19
10
979
17
986
980
992
18
991
994
988
0
8
11
4
987
996
1
995
16
5
2
997
993
999
13
998
3
768
747
740
792
840
589
455
542
822
765
509
764
708
808
832
568
777
441
487
729
795
477
536
728
782
794
825
903
603
755
837
879
502
570
725
800
845
552
696
704
848
924
326
507
644
724
788
872
916
689
722
723
796
817
920
452
459
463
470
537
762
512
749
918
398
414
786
835
899
454
482
615
657
741
746
772
813
876
914
126
210
397
416
494
737
797
849
869
492
527
710
731
780
805
819
843
483
513
605
701
717
750
838
883
387
564
732
842
846
871
498
519
538
426
493
516
517
533
559
625
707
801
890
363
373
400
474
727
742
812
826
123
184
244
436
466
520
551
693
833
841
882
912
158
484
511
534
541
593
733
771
791
884
907
423
515
677
684
697
709
758
901
909
156
303
431
503
561
667
736
751
756
790
839
880
905
339
372
447
468
514
532
716
718
798
111
193
393
549
643
668
687
743
761
785
888
100
383
419
529
558
584
652
656
720
739
752
831
896
376
415
488
645
675
757
760
793
898
913
137
220
254
440
481
495
500
521
595
763
850
862
389
449
478
505
524
547
598
814
829
921
117
345
374
469
480
497
688
705
754
811
860
941
161
195
282
311
377
394
428
430
460
522
546
572
578
646
816
856
859
926
205
321
456
461
528
540
583
594
600
622
626
638
642
807
179
421
608
686
695
735
802
818
834
870
110
165
223
390
408
475
548
554
555
669
809
131
172
382
385
443
444
539
640
654
665
779
853
891
908
217
300
340
604
180
208
663
670
726
734
776
175
197
207
247
403
451
465
606
624
651
691
781
877
956
139
140
277
418
448
453
479
496
567
714
844
852
854
462
489
525
562
574
575
679
711
738
820
827
893
95
127
163
198
491
523
556
730
744
910
922
102
476
590
753
828
863
929
944
305
384
931
243
427
433
660
694
138
149
173
189
240
357
582
676
881
939
107
142
150
623
942
85
135
218
230
279
369
411
417
588
658
748
867
935
446
510
550
917
187
212
293
336
359
392
630
803
103
106
177
445
473
648
682
774
911
148
291
535
560
587
674
703
830
919
194
304
313
409
420
569
571
591
614
634
639
897
68
234
368
633
671
672
685
787
351
395
439
464
490
501
557
585
706
90
119
275
281
486
526
566
699
866
235
346
422
434
485
565
678
902
182
206
616
621
789
112
152
252
365
378
399
599
851
950
322
330
889
904
147
160
190
285
366
370
629
655
692
769
799
804
906
157
353
407
619
673
806
222
873
878
927
155
186
219
329
647
659
134
181
213
309
580
767
824
602
661
133
83
289
380
467
649
715
940
335
349
472
855
874
406
636
865
96
98
146
202
350
362
437
113
185
229
250
255
283
338
783
166
307
885
224
225
231
274
343
88
118
214
410
586
847
132
236
334
352
543
887
943
54
104
261
79
272
405
631
745
144
662
59
196
241
308
151
239
269
298
563
257
337
371
530
680
287
333
458
577
620
861
312
204
233
360
609
766
226
323
355
424
429
637
325
386
886
71
87
93
249
262
936
280
971
145
199
232
937
596
153
258
288
915
401
94
868
432
945
91
259
267
576
934
958
66
67
592
73
949
317
344
857
164
650
683
721
76
315
114
200
611
130
108
296
932
324
115
65
53
925
968
435
928
74
284
174
306
367
875
81
116
129
203
314
364
618
268
381
375
170
327
86
954
63
963
617
82
75
951
823
506
759
302
310
635
573
99
959
770
56
80
438
952
351
832
330
345
387
468
551
559
593
102
155
316
319
414
464
487
507
615
667
111
135
139
142
161
183
184
193
226
279
346
416
426
440
449
452
461
469
477
492
496
519
525
536
542
556
567
570
572
605
646
788
825
855
109
110
112
117
149
150
151
166
170
172
185
189
223
240
244
247
321
329
357
361
370
390
397
400
407
409
427
430
431
432
434
441
447
463
473
480
491
500
509
512
537
547
583
590
595
743
749
750
755
764
765
779
783
793
805
812
818
826
840
103
106
114
120
123
128
131
154
169
181
192
195
207
210
214
217
228
230
246
253
255
326
328
366
372
384
385
389
398
408
417
420
425
455
457
459
466
472
476
483
494
498
499
518
520
535
538
548
555
558
568
569
574
608
625
642
644
654
693
708
757
766
802
804
819
837
843
844
857
861
862
867
872
874
881
883
890
909
98
100
108
119
126
127
133
137
141
146
148
156
158
159
160
173
174
182
186
197
205
208
215
218
220
250
258
259
260
261
262
275
283
338
343
350
353
359
362
363
364
365
368
373
375
381
391
395
401
411
415
419
422
423
439
446
467
471
475
482
486
488
489
493
502
510
513
517
524
528
529
533
539
541
550
552
554
566
577
594
599
604
606
607
612
614
619
620
623
627
628
634
652
684
729
736
737
738
739
756
760
762
775
790
791
792
808
811
816
817
827
833
835
839
842
848
865
871
875
877
884
894
903
83
90
93
101
104
107
116
121
136
145
147
152
153
163
168
179
180
187
190
194
198
204
241
254
266
276
277
281
282
284
303
304
305
311
336
355
360
371
374
376
377
378
386
388
392
406
421
428
450
451
453
458
462
484
497
501
503
515
521
526
527
534
540
543
545
553
562
564
575
582
585
589
592
598
600
638
640
645
657
660
671
674
679
686
692
707
713
740
742
758
767
772
776
777
781
782
796
798
800
821
822
828
829
836
841
845
849
851
860
879
882
891
897
898
85
92
95
97
124
130
134
138
144
167
175
177
178
188
199
201
206
211
225
231
233
234
235
236
238
242
243
245
251
269
271
272
280
285
293
297
300
313
320
333
335
339
382
383
404
410
418
424
433
435
443
445
460
465
470
474
479
490
495
508
514
516
530
532
561
580
581
586
591
601
602
603
622
624
629
630
632
633
639
641
656
659
663
668
669
670
675
689
706
710
711
718
724
727
730
744
745
747
761
763
768
773
780
784
785
794
795
797
801
807
813
838
847
850
859
863
873
889
892
893
899
905
62
68
77
99
115
118
125
140
165
200
213
219
224
232
239
252
264
268
274
306
307
309
327
332
344
369
393
399
413
436
438
442
478
481
485
504
505
506
511
523
549
557
563
565
576
587
596
616
621
626
635
648
677
678
683
687
696
701
704
705
709
712
715
726
728
752
786
814
820
846
856
869
880
914
918
920
924
74
75
87
105
113
129
157
176
191
202
256
257
263
278
291
292
295
308
312
318
348
349
354
356
394
429
444
454
456
546
578
597
611
613
618
631
636
643
647
651
655
662
672
673
676
681
685
694
702
717
721
731
732
733
741
748
753
754
759
774
787
789
799
806
831
834
852
854
858
868
878
885
896
904
907
929
65
78
79
80
81
89
94
122
132
162
164
171
212
227
248
249
270
288
298
301
310
314
315
325
342
367
403
405
412
437
448
544
584
637
661
680
688
690
695
703
716
719
720
722
723
734
746
770
803
823
824
830
866
870
900
901
902
911
916
919
921
927
64
66
82
86
91
143
209
221
229
265
273
286
299
302
317
324
337
340
352
379
380
522
571
573
588
609
650
653
664
665
666
700
714
725
751
778
809
810
853
864
888
906
912
933
944
69
70
72
73
84
88
96
196
237
267
287
289
290
296
347
358
396
560
617
649
682
697
699
735
876
886
908
926
59
60
222
331
334
402
698
769
887
910
913
932
935
63
76
216
322
323
341
531
610
658
691
771
815
71
294
579
895
917
922
925
928
54
56
57
931
939
943
950
45
58
67
203
923
930
940
952
41
50
51
61
934
48
55
915
942
49
52
948
53
941
951
46
936
937
37
945
956
39
40
42
938
946
958
949
961
43
47
955
965
31
32
947
966
953
22
954
967
26
33
44
960
23
27
36
38
959
963
964
971
982
34
20
968
25
957
969
962
24
28
970
981
972
975
29
985
21
973
30
35
978
14
976
15
977
990
12
6
983
9
989
10
19
7
974
17
18
984
979
986
980
991
988
994
992
8
1
11
0
4
987
5
996
16
995
2
993
997
13
999
998
3
387
507
509
542
832
351
452
468
477
487
500
551
559
593
615
667
788
840
330
345
414
416
426
440
463
464
469
492
494
519
536
537
556
570
605
644
708
750
755
764
805
890
102
184
193
397
400
419
427
441
447
449
459
461
480
483
491
496
498
512
525
547
558
567
568
572
590
595
625
642
646
729
743
749
756
765
783
791
793
812
818
819
822
825
826
837
843
110
135
139
142
155
180
207
210
223
226
240
244
279
321
326
346
372
384
385
389
398
407
408
409
415
417
420
421
423
430
431
432
434
446
455
457
466
476
482
488
493
499
513
517
520
529
533
535
538
539
541
548
552
583
589
608
654
657
684
689
693
736
737
739
740
757
760
762
766
768
777
790
792
795
796
802
808
811
817
835
855
867
872
879
881
909
111
126
131
149
156
158
161
169
172
181
183
185
189
198
205
208
220
247
255
277
316
319
357
359
361
365
368
370
373
374
376
390
395
411
422
425
428
436
451
462
467
470
472
473
474
475
484
486
497
502
503
510
514
515
518
521
524
527
528
534
540
550
554
555
561
562
564
566
569
574
577
594
603
604
606
612
614
620
634
640
645
652
679
692
696
710
713
724
738
742
747
758
761
763
772
775
776
779
782
794
798
800
801
804
813
827
829
833
839
844
845
848
849
857
860
861
862
871
877
883
884
903
924
106
112
117
119
123
127
146
150
151
166
170
173
175
177
179
186
192
195
197
204
214
217
228
230
253
254
275
283
303
304
329
336
338
339
343
350
362
363
364
366
375
383
392
393
401
418
435
439
443
453
454
460
465
471
478
489
495
501
516
526
530
545
565
575
582
585
598
599
600
619
622
623
624
627
633
638
656
660
663
668
670
675
686
695
701
705
707
709
711
717
718
726
727
728
744
752
780
781
785
786
797
807
816
821
828
831
838
841
842
847
851
863
865
869
874
882
889
891
898
899
905
914
918
100
101
103
108
109
114
128
133
137
148
152
153
154
159
160
163
182
190
218
225
233
241
243
246
250
261
262
269
272
281
282
293
300
305
311
328
335
353
355
369
371
377
378
381
382
386
388
391
399
406
410
433
442
444
445
448
450
456
458
479
481
485
490
508
511
523
532
543
549
553
578
580
581
587
591
592
601
602
607
626
628
629
630
639
641
643
669
671
672
678
687
704
706
712
715
722
723
725
730
732
733
741
745
746
748
751
753
767
774
814
836
846
850
856
859
873
875
880
893
897
920
83
85
90
93
95
98
104
107
120
134
138
140
141
144
145
147
165
187
194
199
200
201
206
211
213
215
219
231
234
235
236
238
239
242
251
252
258
259
260
271
274
280
284
285
313
333
356
360
394
403
404
413
424
429
438
505
506
546
557
563
576
584
586
611
613
616
621
632
635
648
651
659
661
662
665
673
674
676
677
685
688
694
702
719
720
731
734
754
759
773
784
787
789
799
803
806
809
820
834
854
868
870
878
892
894
896
904
907
916
116
118
121
136
157
168
174
178
188
224
232
245
264
266
268
276
306
307
309
320
327
332
344
349
367
380
405
437
504
522
596
618
631
636
647
650
655
680
681
682
683
690
697
703
714
716
721
778
823
830
852
858
866
888
901
912
919
921
929
68
87
92
97
113
124
125
130
212
249
256
257
291
297
308
312
317
318
324
337
340
348
352
354
396
412
544
571
573
588
597
637
649
653
664
700
735
770
771
810
824
853
864
876
885
902
906
926
927
933
944
74
77
79
80
94
99
115
122
129
162
164
167
176
191
202
227
229
248
263
265
270
278
287
288
292
295
298
301
302
310
314
315
325
342
379
560
609
666
691
698
699
769
886
887
908
910
911
913
935
62
65
78
96
105
132
143
171
196
209
221
237
273
289
296
322
323
334
402
617
658
900
932
75
81
82
86
88
91
222
267
286
290
331
358
531
610
815
895
917
925
931
950
59
60
64
66
72
73
84
89
294
341
347
579
922
923
939
940
943
63
69
70
76
216
299
928
942
71
203
915
930
934
54
941
952
56
57
67
956
45
51
936
948
951
58
61
41
48
52
53
55
937
945
946
949
958
50
938
49
955
965
46
953
37
40
947
961
954
966
967
42
47
959
960
971
31
39
963
964
982
32
43
33
44
957
968
22
23
36
969
26
38
962
20
27
34
970
981
25
975
985
972
24
973
976
978
28
21
29
30
977
983
35
990
14
15
989
974
12
6
9
19
984
7
10
17
979
986
980
991
992
18
988
994
8
0
11
1
4
987
996
995
16
5
2
997
993
999
13
998
3
768
747
740
792
840
589
542
822
455
509
764
765
832
708
808
568
777
729
795
903
441
477
487
728
794
825
837
536
603
755
782
879
570
800
845
502
696
704
725
848
924
326
507
552
644
724
788
872
916
920
689
722
723
817
452
459
463
470
537
762
796
918
835
899
398
512
749
786
914
414
454
482
615
657
741
746
772
797
813
876
126
210
397
416
492
494
710
737
780
805
849
869
527
717
731
819
843
483
513
605
701
750
838
387
519
732
842
846
871
883
498
538
564
801
890
426
474
493
516
533
559
625
707
826
400
436
517
693
727
742
882
912
123
158
184
363
373
466
520
551
733
791
812
833
841
244
484
511
534
541
593
771
909
423
515
667
697
709
736
751
756
758
790
798
884
901
907
156
303
503
561
677
684
880
339
372
431
447
468
514
668
716
718
743
761
839
905
193
383
393
419
532
549
687
739
785
831
888
100
111
415
529
558
584
643
652
656
720
752
760
896
898
913
376
440
488
500
645
757
763
793
137
220
254
481
495
595
675
811
814
829
921
389
449
478
521
524
547
598
688
850
860
862
941
345
374
428
460
469
497
505
646
705
926
161
195
205
282
311
394
430
461
480
522
540
546
572
626
642
754
807
816
856
117
321
377
421
456
528
578
583
594
600
622
638
695
802
818
859
179
223
408
548
686
735
870
891
110
165
390
444
475
539
554
608
665
809
834
131
172
382
385
443
555
640
654
669
726
776
908
180
208
217
300
340
663
670
779
853
175
403
448
451
604
606
651
734
844
139
197
207
277
465
624
691
714
781
877
956
140
247
418
453
479
496
567
574
679
711
738
820
827
852
854
198
462
489
491
525
556
562
575
744
893
910
944
95
127
163
476
590
730
753
828
863
922
929
931
102
384
427
523
305
694
867
942
173
189
240
433
582
660
676
881
939
135
138
149
243
357
748
935
107
142
150
230
279
369
411
446
623
417
550
917
85
218
293
359
392
510
588
658
774
919
177
212
336
445
630
682
787
803
911
103
106
187
420
473
648
148
304
409
535
560
587
591
634
703
68
194
291
313
368
614
633
639
671
672
674
119
234
351
395
439
464
501
569
571
585
685
706
830
897
902
950
90
275
422
434
486
490
526
557
565
566
281
346
485
678
699
769
789
866
182
206
235
851
873
889
904
152
330
365
378
599
616
621
112
252
322
399
692
804
906
160
190
370
407
629
655
673
799
147
157
285
366
806
186
353
927
155
181
219
222
467
619
878
134
213
647
659
767
824
309
329
580
380
602
661
715
855
940
133
335
472
649
874
83
349
783
847
289
406
865
185
96
146
250
255
338
350
362
636
113
283
437
885
943
166
202
229
307
98
118
224
231
343
543
887
214
225
236
274
410
861
272
334
405
586
745
104
261
352
662
79
88
132
144
269
766
54
631
151
196
204
239
241
333
337
371
563
620
680
59
308
530
93
257
577
915
226
233
287
298
360
458
886
312
637
355
424
429
323
609
868
87
936
249
262
325
386
971
71
432
596
199
145
232
280
937
576
258
857
153
288
958
945
94
401
949
650
934
259
91
721
66
267
592
73
200
317
611
67
76
344
683
114
164
130
315
925
932
108
435
296
116
324
375
928
53
367
968
65
284
74
306
364
115
81
174
129
895
314
203
381
954
618
170
327
759
86
268
63
875
951
963
823
82
75
573
228
617
635
310
80
438
302
141
959
56
952
99
967
351
319
330
387
551
593
832
102
345
414
464
468
507
559
572
615
667
111
139
142
155
183
184
193
226
279
316
397
426
440
449
469
477
487
496
500
542
547
556
567
570
605
646
783
788
855
109
110
112
135
149
151
161
170
240
247
329
346
385
390
407
409
416
431
432
434
441
447
452
461
463
480
491
492
499
509
512
519
525
535
536
537
590
625
644
749
750
755
765
793
805
818
825
826
840
857
106
108
117
119
120
128
131
150
154
166
169
172
181
185
189
192
210
214
223
244
246
253
260
321
326
357
361
370
372
384
400
408
417
420
425
427
430
457
466
471
472
473
476
494
498
518
520
533
538
548
555
558
568
569
574
577
583
595
608
612
620
634
642
654
708
738
743
757
764
766
779
804
812
819
837
844
881
883
890
909
103
114
123
126
127
133
146
148
156
158
159
173
180
182
195
197
205
207
215
217
218
220
228
230
241
255
261
275
328
355
359
362
363
364
365
366
368
371
373
375
389
391
395
398
401
411
415
419
421
422
423
446
455
458
459
462
467
475
482
483
486
488
489
510
517
521
524
528
529
539
541
550
552
554
566
589
594
599
604
606
607
614
619
623
627
628
640
679
684
692
693
729
737
739
756
760
775
791
796
802
811
817
827
829
833
835
848
861
862
865
867
872
874
875
877
884
98
100
101
104
116
137
141
145
153
160
163
168
174
175
179
186
188
194
198
204
208
250
254
258
259
262
266
274
276
277
280
283
284
303
304
320
336
338
343
350
353
374
378
381
386
388
392
406
428
435
439
445
450
451
484
493
501
502
513
515
526
527
534
540
545
562
564
575
581
582
585
592
598
600
601
622
630
639
645
652
657
663
675
686
711
713
736
742
758
762
767
772
777
782
790
792
795
798
808
816
821
822
828
839
842
843
860
871
879
891
894
897
898
903
83
90
92
93
107
121
134
136
138
144
147
152
167
177
178
187
190
201
206
211
224
225
231
235
236
238
242
243
251
269
272
281
282
285
293
305
311
313
333
335
339
360
376
377
393
404
410
413
418
424
433
453
460
465
479
490
497
503
508
516
530
532
543
553
561
586
591
602
603
621
624
629
632
633
638
641
656
659
660
670
671
674
689
706
707
709
710
718
740
744
745
747
763
776
780
781
784
794
800
813
836
838
841
845
847
849
851
859
863
882
889
905
924
62
85
95
97
115
118
124
125
165
199
200
213
219
232
233
234
239
245
252
264
268
271
297
300
306
309
327
332
344
356
369
382
383
399
429
436
438
442
443
470
474
478
495
504
506
514
523
549
557
563
565
576
580
587
597
611
613
616
635
636
643
668
669
678
683
687
696
701
705
715
724
727
730
752
761
768
773
785
786
801
807
814
846
850
873
878
880
892
893
899
904
907
914
918
920
68
74
77
87
99
113
130
140
157
164
176
191
202
256
278
292
307
308
318
348
412
444
454
456
481
485
505
511
546
578
596
618
626
631
647
648
662
672
677
681
685
695
702
704
712
717
723
726
728
732
733
741
748
753
754
759
774
787
797
799
803
806
820
831
834
852
854
856
858
868
869
870
885
896
929
65
75
78
80
81
94
105
122
129
132
171
209
212
227
248
257
263
286
291
295
298
299
301
312
314
315
325
342
349
352
354
394
405
437
448
544
584
609
651
655
661
665
666
673
676
680
688
694
716
719
721
722
725
731
734
746
751
770
789
823
830
866
901
902
916
919
927
933
79
82
86
89
143
162
221
229
249
265
270
273
287
288
290
302
310
317
324
337
358
367
403
522
571
573
588
637
649
650
653
664
690
697
699
700
703
720
778
809
810
824
888
900
906
911
912
921
944
64
66
69
72
91
196
267
289
340
347
379
380
396
617
682
698
714
735
853
864
886
908
926
932
60
70
73
84
88
96
222
237
296
323
331
402
560
658
691
876
887
910
935
59
63
76
216
322
334
341
531
579
610
769
771
815
913
71
294
895
925
928
56
57
917
922
931
939
943
54
67
923
940
950
41
45
51
58
203
930
934
952
50
55
61
915
48
941
942
49
52
936
937
948
951
53
46
938
946
956
37
42
945
958
39
949
961
965
40
47
955
31
947
953
32
43
966
960
967
22
33
954
963
23
26
34
38
44
959
964
971
982
27
36
20
957
968
25
962
969
970
24
29
981
28
972
985
975
973
21
30
35
978
14
976
977
15
990
983
12
6
9
989
7
10
19
974
17
984
18
986
979
992
991
988
994
980
8
11
0
1
4
987
996
5
995
16
2
997
993
13
999
998
3
832
387
507
509
542
559
345
414
452
468
477
487
492
551
593
605
615
667
330
351
416
426
440
463
464
494
500
519
536
537
556
567
570
708
750
755
764
788
840
193
397
400
419
427
441
447
449
455
459
461
469
480
483
491
493
496
498
525
547
548
558
568
590
595
625
642
644
646
693
729
736
743
749
760
765
768
783
791
793
805
808
812
819
822
825
826
843
890
102
135
139
184
185
207
223
226
240
244
279
321
326
346
372
373
384
385
389
398
407
408
409
415
420
421
423
430
431
432
434
466
473
476
482
484
499
512
513
517
520
529
533
538
539
541
552
555
572
583
589
608
654
657
684
689
737
739
740
756
757
762
777
790
792
802
811
818
835
837
855
872
110
111
142
155
158
161
172
180
181
183
189
205
210
247
255
277
316
319
338
357
361
368
370
374
375
376
383
390
395
411
417
422
425
428
436
446
451
457
460
467
470
472
474
475
486
488
497
502
503
510
514
515
518
521
524
527
528
534
535
540
550
554
561
562
564
566
569
574
577
603
604
606
612
614
620
640
645
652
660
668
679
686
696
707
710
713
724
738
742
747
758
761
763
766
772
775
776
779
782
794
795
796
797
798
800
804
813
817
829
833
839
844
845
848
849
861
862
867
871
879
881
903
909
112
126
131
149
150
156
166
169
173
186
192
195
198
204
208
214
217
220
230
254
272
275
303
304
329
336
339
343
350
353
359
362
363
364
365
366
381
386
392
401
418
439
443
453
454
456
462
465
481
489
495
501
516
526
530
543
545
553
565
575
582
594
598
599
600
619
622
623
624
627
633
634
638
656
663
670
671
692
701
704
711
717
718
722
726
727
728
744
752
753
780
781
786
801
807
816
821
827
828
841
847
857
860
869
874
877
882
883
884
899
905
914
103
106
114
117
119
123
127
133
137
146
148
151
170
177
179
182
190
197
218
228
246
250
253
261
262
269
281
283
293
300
305
311
328
335
355
360
369
371
377
378
382
388
391
393
406
410
433
435
442
444
445
458
471
478
479
485
490
508
511
523
532
549
578
580
585
587
591
592
601
602
607
616
626
628
629
630
639
641
643
651
669
672
675
678
687
688
695
705
706
709
712
715
723
730
732
733
741
746
748
767
774
785
814
831
836
838
842
846
850
851
856
859
863
865
875
880
889
891
898
918
924
95
100
108
109
128
140
145
147
152
153
154
159
160
163
165
175
187
194
200
215
219
225
231
233
234
235
236
241
242
243
258
259
282
284
285
313
333
356
394
399
403
404
413
424
429
438
448
450
505
506
546
557
576
581
584
586
613
631
632
648
659
662
665
673
674
676
677
685
702
719
720
725
731
734
745
751
754
759
773
784
787
799
820
834
873
893
894
897
920
83
90
93
98
101
107
121
134
136
138
141
144
174
178
199
201
206
211
213
224
238
239
245
251
252
260
266
271
274
280
306
307
309
327
349
367
380
405
563
596
611
618
621
635
637
647
650
655
661
680
681
682
683
690
694
697
703
714
716
721
778
789
803
806
809
830
852
854
868
870
878
892
896
907
916
85
104
113
116
118
120
124
157
168
188
212
232
257
264
268
276
291
297
308
312
314
320
332
337
340
344
348
354
412
437
504
522
544
571
588
636
653
664
700
735
770
810
823
824
853
866
876
885
888
901
904
912
919
921
927
68
92
125
130
202
227
229
248
249
256
263
270
278
288
292
295
310
315
317
318
324
325
334
352
396
560
573
597
649
666
691
699
769
771
858
864
902
906
926
929
74
77
79
87
97
99
115
122
129
143
162
164
167
171
176
191
222
237
265
287
289
296
298
301
302
342
379
402
609
617
698
886
887
900
908
910
913
933
944
78
80
94
96
105
132
196
209
221
267
273
286
290
322
323
331
610
658
815
911
935
62
65
73
75
81
86
88
341
347
358
531
579
917
922
932
950
59
64
66
72
82
84
89
91
294
895
923
925
931
939
60
70
71
76
203
216
299
940
942
943
63
69
915
928
54
930
934
941
56
67
952
45
57
948
956
51
61
936
951
53
58
41
48
50
52
55
937
945
949
958
938
946
49
965
37
40
46
955
953
947
961
967
42
954
959
960
966
971
31
32
43
47
963
964
982
39
44
22
23
33
36
968
969
26
957
20
25
27
981
34
38
962
970
975
24
28
985
972
973
976
978
21
30
35
14
29
977
983
15
990
989
12
974
19
6
984
7
9
10
17
979
980
986
18
991
994
988
8
992
11
0
1
4
987
996
16
995
2
5
993
997
13
999
998
3
768
747
792
589
740
840
822
455
765
542
509
764
832
568
708
808
441
729
777
795
487
728
794
825
903
477
536
603
782
837
879
570
755
845
326
502
725
800
848
552
696
704
872
920
924
507
644
724
788
817
916
689
722
723
796
452
459
463
470
537
762
918
398
512
749
786
835
899
126
414
741
772
876
914
210
397
454
482
615
657
746
813
869
416
492
494
527
710
737
780
797
805
819
849
731
838
883
483
513
605
701
717
750
842
843
846
387
498
519
538
564
732
871
123
363
426
493
516
517
533
559
625
707
742
801
890
400
466
474
520
693
727
812
826
882
912
184
244
373
436
511
551
733
833
907
158
484
515
534
541
593
697
709
771
791
841
884
901
303
423
431
677
909
156
503
561
667
684
718
736
751
756
758
790
798
839
880
905
111
193
339
372
447
468
549
687
716
888
100
393
514
532
584
643
656
668
743
761
785
896
898
383
419
529
558
652
675
720
739
831
137
220
254
376
415
488
645
752
757
793
862
913
440
449
495
500
521
598
760
763
814
829
850
921
117
282
374
478
481
505
524
547
595
811
941
161
195
311
389
469
480
522
572
646
688
705
754
860
205
345
377
394
428
430
460
497
540
546
578
816
856
859
926
179
321
461
594
600
622
626
638
642
686
834
870
165
390
408
421
456
528
583
695
735
802
807
818
110
131
223
444
475
548
608
809
891
908
172
217
382
385
443
539
554
555
640
654
665
669
779
853
300
340
604
663
175
180
197
208
670
726
781
877
956
139
140
247
403
448
451
465
606
624
651
691
734
738
776
844
852
163
207
277
418
453
479
574
711
827
854
893
127
462
489
496
562
567
575
679
714
744
929
95
198
525
556
820
863
910
922
931
944
102
476
491
523
590
730
753
828
384
138
173
189
243
305
427
433
694
939
107
142
149
218
240
357
582
623
660
881
85
150
230
411
676
867
935
942
279
369
417
588
658
748
917
135
187
212
446
550
803
911
106
293
336
359
392
445
510
630
103
177
291
473
560
674
774
68
148
194
409
535
648
682
703
830
897
919
234
304
313
420
569
587
591
634
639
787
351
368
439
571
585
614
633
671
685
706
902
90
395
464
490
501
526
557
672
699
866
119
182
275
281
486
566
206
235
422
434
485
621
112
346
365
565
599
616
678
789
851
152
252
322
378
399
950
285
330
370
769
873
904
147
157
190
366
692
804
889
906
160
222
407
629
655
673
799
353
619
878
927
155
186
219
329
806
134
213
309
647
659
824
181
767
133
602
649
661
855
472
580
874
940
83
289
335
349
406
467
380
636
715
865
202
96
229
250
437
98
113
146
166
274
283
307
350
362
885
185
255
338
132
224
943
225
231
343
104
118
352
410
586
847
54
88
214
236
745
144
261
783
887
79
241
334
371
405
662
196
272
308
563
631
151
298
59
269
287
337
543
239
257
333
680
458
312
609
360
530
766
886
226
323
325
355
429
620
204
233
424
577
71
637
936
937
93
280
861
87
262
971
145
232
249
596
199
915
153
288
258
386
576
94
868
91
401
66
67
945
958
259
267
934
73
432
683
164
344
949
76
108
592
721
130
315
611
114
115
200
317
932
65
296
857
928
53
324
650
925
968
116
81
284
435
74
875
306
174
129
314
367
203
268
364
954
86
170
823
63
327
375
963
381
82
759
75
617
618
951
635
573
302
56
99
959
438
