840
542
750
832
899
890
483
536
509
419
761
452
593
463
494
470
519
822
825
387
500
559
764
768
794
797
914
441
477
763
420
454
507
708
788
835
482
728
807
514
615
755
826
811
843
158
515
829
723
736
756
796
102
416
459
729
795
474
695
110
792
800
871
468
487
746
753
801
882
791
837
193
326
529
752
782
802
831
223
469
492
537
582
749
804
277
415
548
567
689
717
828
184
408
528
605
625
667
701
758
762
570
705
743
776
793
872
904
180
279
449
644
710
869
152
204
440
589
622
733
833
856
346
351
400
558
568
692
740
781
849
373
392
446
497
540
696
813
867
493
510
512
616
860
135
156
384
431
462
547
777
805
818
819
913
150
414
476
481
562
576
657
711
722
747
785
539
551
645
646
798
893
389
436
552
555
642
682
765
839
841
155
475
480
909
670
718
786
852
918
106
197
460
502
517
524
687
704
783
812
127
146
153
205
407
498
513
520
541
556
656
672
816
879
921
368
372
427
428
506
516
538
564
572
690
767
848
853
160
177
426
496
569
614
686
697
846
851
397
461
489
575
599
678
684
693
774
808
924
183
198
220
240
335
394
521
522
557
724
730
827
838
855
101
131
136
149
330
409
421
488
585
669
731
845
908
453
455
486
527
654
769
814
107
181
210
423
434
443
518
709
766
817
876
889
907
376
395
511
566
103
142
179
361
467
491
594
714
757
778
787
790
842
942
119
126
207
283
422
499
535
587
604
606
668
897
523
525
659
760
779
854
355
383
398
425
456
652
660
748
771
877
903
189
359
465
565
590
661
725
734
145
339
447
561
574
611
629
633
651
688
700
737
772
862
906
138
154
190
246
357
399
478
577
603
639
739
773
873
93
108
139
151
215
252
269
282
285
337
457
550
679
713
738
896
123
141
235
250
533
624
640
662
850
865
927
161
192
363
451
543
608
671
677
863
905
922
148
261
304
450
484
530
554
583
612
663
820
912
917
940
111
147
165
173
233
254
385
393
424
553
620
780
880
118
134
182
534
549
859
950
95
200
255
336
490
623
630
675
676
770
884
888
117
170
186
345
380
673
727
920
100
169
244
272
369
643
874
935
113
208
321
377
417
505
584
595
694
716
751
883
94
185
214
234
322
588
598
638
735
741
898
236
258
362
364
411
445
485
619
707
721
742
744
759
881
375
382
626
665
847
90
175
305
370
501
885
916
166
265
293
311
350
806
834
121
217
262
406
439
448
664
821
187
230
374
442
466
578
666
685
754
857
157
178
242
288
586
621
858
911
933
268
334
600
809
919
939
60
133
430
532
596
85
112
291
405
531
607
745
866
231
270
275
464
799
137
144
226
227
239
281
300
546
581
636
284
340
365
699
706
901
80
88
253
437
658
176
195
241
274
353
390
444
720
910
120
327
571
878
926
273
287
303
655
861
98
172
174
196
213
301
325
647
168
297
495
601
789
803
115
249
280
388
433
256
316
404
702
251
306
338
356
224
229
243
266
267
352
931
237
609
124
130
276
432
309
367
635
649
99
129
211
386
592
631
674
228
329
128
472
732
59
163
247
260
313
333
188
201
314
328
618
202
381
681
683
929
109
140
371
79
199
232
312
613
162
307
259
296
354
503
634
836
73
691
278
902
72
96
318
206
429
726
315
271
295
74
82
164
396
923
104
324
563
591
143
680
870
289
320
317
323
68
132
418
319
83
218
895
219
91
391
941
248
212
222
298
63
86
438
479
308
302
342
54
344
959
64
366
203
221
641
703
943
378
225
191
84
263
360
473
67
944
65
934
76
194
53
264
526
824
71
343
648
310
958
58
45
937
410
81
116
945
712
954
66
51
840
542
890
387
832
615
326
385
519
593
793
825
463
476
477
567
750
351
416
500
570
373
414
492
499
507
509
625
794
330
420
537
729
763
419
449
608
872
400
547
562
725
761
867
368
559
590
736
749
788
899
277
454
644
689
158
468
568
605
710
812
384
408
474
538
552
558
589
642
711
758
762
795
802
822
826
279
321
421
441
470
482
633
695
752
792
156
423
443
444
452
498
539
551
556
692
755
871
346
483
494
510
555
622
728
743
786
801
805
807
829
836
372
415
432
435
459
480
645
667
709
768
800
821
856
175
426
497
525
529
651
717
723
740
746
783
828
848
110
319
395
427
462
469
484
513
577
678
722
756
790
933
146
397
434
440
491
501
514
524
530
536
612
614
697
708
730
764
837
843
102
150
252
362
388
515
646
668
813
882
350
490
493
603
733
811
846
180
197
281
391
407
417
446
587
753
765
774
791
818
833
849
851
903
907
914
193
210
214
269
272
431
453
455
701
747
772
782
799
842
869
924
181
304
392
393
456
478
517
545
576
776
798
852
918
142
336
364
371
436
445
464
486
489
506
548
550
585
657
831
841
850
207
466
467
481
485
520
521
687
796
797
808
285
365
404
405
569
572
583
616
693
713
721
734
737
748
777
819
860
145
242
316
339
398
442
461
465
528
533
594
630
686
696
785
816
877
909
282
327
374
382
383
418
428
460
487
502
546
565
604
704
727
773
838
839
95
177
345
349
406
422
475
512
549
557
684
804
810
814
870
884
103
126
187
410
488
535
581
670
672
675
677
739
771
835
847
865
895
920
921
927
133
135
152
173
205
247
255
306
386
516
518
654
659
707
718
766
820
853
881
916
182
223
300
329
333
335
424
448
472
599
663
688
754
769
806
864
896
153
179
251
366
430
433
451
574
575
582
591
623
664
669
671
889
935
107
119
184
220
270
305
411
561
613
931
283
353
390
437
495
511
621
627
639
640
641
726
742
817
855
875
883
112
151
208
224
244
370
377
606
629
652
863
885
134
226
309
360
375
425
429
523
592
624
634
712
719
757
834
106
154
172
186
215
236
250
307
328
338
399
450
457
527
534
679
705
731
803
906
913
108
147
189
204
235
261
268
313
355
361
376
439
447
526
541
601
650
714
857
893
96
139
149
166
185
225
356
554
706
735
775
844
862
98
240
291
308
363
396
543
586
649
660
724
854
161
233
254
334
337
389
401
403
496
564
584
619
665
699
702
716
861
125
157
183
228
234
246
301
357
479
571
598
638
643
647
661
741
874
101
200
340
394
503
505
540
760
780
898
912
929
100
143
169
195
217
258
288
303
352
720
744
845
858
879
892
901
905
919
117
138
160
229
262
274
297
611
680
715
778
784
891
904
83
93
136
178
198
256
271
343
380
402
595
618
626
656
673
694
745
123
155
266
320
359
473
588
628
676
751
908
99
111
213
293
381
522
580
880
79
243
566
631
732
787
824
239
532
636
662
767
873
940
87
232
409
438
471
666
876
211
267
311
607
658
685
72
148
275
508
635
648
127
192
259
602
637
655
682
683
868
942
137
140
318
354
412
922
94
578
609
917
78
231
249
331
703
781
939
141
144
218
253
265
738
950
104
131
202
302
888
113
190
504
600
911
923
932
124
314
369
809
926
956
378
681
165
691
122
176
194
322
344
894
902
74
237
290
887
163
201
620
60
73
206
878
941
59
230
323
943
88
90
245
284
325
531
700
315
859
109
241
298
596
68
544
212
222
897
174
280
563
64
674
910
128
164
294
159
55
312
317
82
75
560
324
129
260
115
219
80
54
553
779
85
86
63
130
66
196
286
948
188
120
209
263
936
579
938
71
118
132
278
56
77
770
332
827
959
965
287
944
264
292
296
289
76
954
759
62
945
51
81
58
257
968
951
934
937
89
966
53
958
65
45
953
961
116
967
50
67
840
542
890
899
509
419
761
832
750
483
536
452
763
914
514
797
822
463
500
593
768
470
477
494
794
825
519
559
387
801
788
441
615
764
826
843
728
507
752
695
795
729
746
454
482
755
872
717
723
871
882
420
689
807
110
158
416
708
736
762
796
800
829
831
326
570
474
753
756
811
835
758
710
792
102
782
856
156
277
468
793
837
400
786
833
193
408
459
696
701
722
869
537
582
828
351
515
743
791
813
223
279
492
562
747
802
152
373
415
589
625
849
867
487
568
642
667
740
776
904
150
497
733
777
392
414
749
918
135
436
440
446
469
528
605
616
804
645
860
449
657
731
812
848
924
384
476
622
705
798
841
921
180
184
389
548
558
644
846
204
805
808
431
913
547
839
146
765
852
853
372
498
538
567
909
368
421
428
493
540
682
711
818
876
460
480
646
692
718
790
819
346
512
555
767
781
814
155
197
462
539
205
383
510
513
686
456
879
502
656
771
101
177
220
397
407
127
516
556
670
817
893
106
599
136
524
552
576
704
942
160
210
426
427
541
672
769
481
520
527
572
687
725
851
126
376
394
423
511
529
564
153
659
760
778
207
330
395
398
614
183
475
488
522
585
603
652
730
119
669
684
774
108
561
575
678
896
907
149
240
335
569
590
693
151
198
434
443
486
489
690
697
838
877
920
409
850
903
169
179
182
551
606
654
677
709
739
908
103
455
461
587
651
107
173
208
283
399
424
506
566
594
668
724
785
816
927
123
142
604
131
145
181
282
393
422
517
535
355
361
478
820
863
905
165
192
252
496
772
940
139
200
215
525
557
842
855
147
233
254
269
272
385
611
757
138
357
359
550
624
640
663
161
639
660
662
748
912
95
100
235
255
345
448
465
608
738
888
189
553
865
950
217
304
484
523
577
583
688
742
244
451
499
305
533
845
141
214
630
185
190
380
534
543
549
623
779
236
250
258
362
629
643
234
261
417
633
671
694
933
154
505
744
883
917
922
133
322
363
370
584
935
113
137
270
339
661
230
336
375
382
737
741
898
916
111
285
321
364
638
897
93
117
291
377
714
880
157
265
337
453
554
565
574
716
727
90
112
170
262
268
334
369
425
676
679
439
445
521
94
148
186
187
246
450
780
884
350
466
926
144
175
275
288
300
598
911
311
619
787
854
118
253
281
365
595
906
910
134
293
675
685
174
242
327
447
581
620
665
168
196
325
699
338
600
621
901
172
700
98
770
773
88
195
353
405
85
274
939
241
578
706
374
881
306
313
532
588
707
734
919
931
80
121
130
166
249
280
340
411
115
129
231
247
316
329
636
803
213
260
406
120
239
284
783
243
256
309
626
546
658
874
301
857
60
199
226
490
673
885
99
303
609
751
836
352
649
799
59
96
227
433
634
635
878
109
211
858
202
224
251
266
367
432
735
237
607
806
859
889
929
273
571
356
390
674
287
479
83
297
526
229
312
314
79
437
72
259
267
647
754
82
232
278
732
318
333
323
206
315
495
721
73
501
219
128
307
68
132
218
664
74
163
319
601
296
302
591
86
164
563
212
655
188
308
91
63
360
943
366
596
861
902
531
586
104
62
64
194
378
222
410
371
720
870
941
54
298
344
894
342
203
289
84
92
631
324
959
76
895
228
683
65
317
81
944
381
430
67
58
191
264
691
703
75
71
53
320
70
66
143
934
354
862
617
937
418
809
271
89
592
45
958
680
263
51
343
56
50
961
46
954
48
116
951
473
966
968
840
542
890
832
899
509
419
761
387
463
593
750
763
477
500
519
825
483
615
794
452
514
420
507
536
822
326
416
470
494
793
872
559
570
729
788
826
914
158
441
482
736
752
768
795
801
867
351
373
414
454
537
476
625
689
695
728
755
400
474
492
589
710
723
746
758
762
797
156
567
717
792
871
277
385
408
449
547
568
642
743
749
756
764
786
800
807
829
843
882
368
468
562
725
831
856
110
279
499
708
812
837
330
384
415
421
459
644
711
722
802
813
828
372
515
558
605
753
782
805
811
833
869
510
538
733
740
102
150
193
440
469
497
498
552
608
622
645
692
696
701
747
774
791
796
848
849
918
933
392
423
446
462
529
555
556
667
790
836
846
924
146
321
443
444
456
480
493
513
539
551
590
777
808
180
397
427
524
528
548
646
657
709
776
783
798
851
852
152
346
383
395
426
431
434
436
481
484
651
765
818
821
835
841
907
197
393
487
525
616
633
678
697
730
860
903
921
175
223
252
428
432
453
460
577
582
603
614
668
804
207
210
506
520
530
576
585
748
771
819
842
850
853
909
126
135
177
272
407
435
455
489
502
517
612
731
816
181
269
362
417
465
478
485
486
488
490
491
512
587
686
687
704
718
737
785
814
839
877
913
95
398
422
467
516
521
565
572
594
670
772
799
838
896
142
145
184
205
214
281
282
339
350
389
445
475
533
550
569
575
684
693
705
721
760
893
916
927
173
182
204
220
304
336
364
388
405
442
448
461
466
501
535
549
557
669
672
677
734
769
817
865
906
920
119
153
179
335
541
545
599
652
659
727
773
904
103
106
208
242
244
255
285
345
365
374
376
382
424
511
546
663
739
820
847
855
879
884
889
931
133
187
371
411
451
464
527
540
561
564
583
606
630
654
688
713
726
766
895
912
935
107
151
283
305
319
391
394
399
406
430
518
604
613
624
629
640
675
707
724
742
754
757
845
863
881
883
108
147
155
235
270
327
361
425
523
623
639
682
714
767
806
876
885
905
101
160
169
183
185
189
233
300
377
380
386
410
433
447
472
496
566
581
665
671
679
778
810
834
854
870
112
134
136
139
149
154
215
236
240
306
316
349
355
370
375
404
418
437
457
543
574
641
656
662
664
712
716
745
751
787
864
873
940
100
123
138
161
172
186
198
200
234
250
254
261
291
338
353
479
495
505
522
534
554
584
643
660
694
719
720
781
857
862
898
942
93
117
127
157
268
313
334
337
357
363
390
396
439
450
598
611
621
638
735
744
780
803
861
908
919
166
178
217
226
247
251
309
329
356
359
409
586
592
626
627
661
699
706
874
96
98
143
258
288
333
366
403
526
591
619
650
673
676
702
738
741
880
192
224
225
246
262
274
293
340
369
401
532
601
634
647
858
901
922
929
950
111
131
137
190
195
213
239
265
301
303
352
503
571
588
649
658
892
83
144
148
165
243
275
307
308
311
328
429
595
618
666
680
690
888
917
94
113
141
228
256
322
360
438
580
620
631
635
636
685
700
732
824
827
844
891
926
229
266
271
297
343
402
607
628
655
715
809
897
939
99
125
211
249
473
553
578
600
648
759
775
868
875
911
79
140
176
231
232
253
267
381
681
894
902
72
87
88
104
118
202
230
318
354
412
508
531
602
609
779
887
90
237
302
320
471
637
683
703
859
878
956
174
206
325
691
770
784
910
923
59
60
122
124
201
259
331
596
73
109
120
128
163
241
245
314
866
932
74
194
218
280
284
378
544
563
943
80
159
188
317
323
324
674
941
78
85
115
129
168
196
227
260
290
315
82
130
164
170
344
504
64
68
199
212
312
332
367
632
273
458
936
86
219
287
298
222
264
276
294
823
238
278
379
77
54
63
132
263
286
295
296
348
573
610
292
75
97
121
167
221
579
945
191
62
209
162
289
597
55
66
71
92
116
342
560
76
257
358
934
938
944
698
948
81
84
105
959
65
89
617
965
57
58
310
70
53
56
830
951
928
69
203
248
925
67
91
653
51
937
45
789
953
958
954
171
900
347
915
50
815
961
966
952
968
61
48
114
52
46
216
967
40
946
949
960
42
963
964
23
37
27
49
34
26
982
22
31
985
20
39
972
24
975
957
971
47
43
969
38
973
14
962
21
44
41
974
29
977
989
35
990
978
986
32
7
15
441
792
326
33
589
825
794
765
840
747
992
728
795
502
723
740
455
782
842
848
920
463
536
768
800
603
786
282
414
552
729
746
397
538
373
568
903
907
772
377
431
512
731
796
872
482
515
725
755
876
883
697
363
837
459
709
644
477
704
764
4
537
570
516
822
519
929
817
123
542
749
708
197
615
675
716
846
687
722
416
210
489
754
762
532
564
598
741
677
710
658
117
454
737
505
594
244
393
398
625
899
408
882
724
390
584
832
311
551
520
838
475
527
788
487
498
528
549
686
727
808
187
470
771
507
852
984
622
623
126
901
777
492
529
701
480
291
970
449
533
218
645
707
785
522
916
621
758
572
689
513
298
254
812
896
426
483
478
636
247
608
385
854
300
400
339
469
663
699
220
609
780
437
524
845
156
303
813
329
387
547
374
555
321
517
567
733
856
730
252
593
313
382
406
445
571
711
546
466
309
585
605
150
453
411
750
657
370
179
193
394
100
732
372
743
696
195
535
423
384
340
994
175
202
285
468
918
336
403
352
630
643
717
694
835
288
158
654
646
656
884
12
569
600
137
588
639
184
829
574
578
834
718
793
633
274
604
325
417
428
474
138
667
859
619
111
606
735
912
163
355
308
674
501
826
981
234
525
107
433
652
235
473
879
366
738
362
870
161
217
839
554
429
418
315
241
243
279
229
684
586
824
145
937
147
647
521
640
479
224
102
387
832
346
463
468
519
542
559
593
750
279
351
420
449
500
507
788
825
840
890
110
416
615
667
783
142
155
158
330
407
492
536
567
646
793
802
812
146
150
160
197
414
431
452
469
477
483
512
538
547
551
558
562
570
599
625
729
749
818
101
151
169
183
193
223
277
319
326
345
397
441
459
464
476
491
525
556
569
590
755
756
765
794
804
855
135
145
149
156
184
214
215
368
373
392
400
419
427
440
457
470
482
499
509
576
605
644
654
743
757
758
767
805
826
865
867
872
899
909
103
107
180
182
226
250
316
329
408
417
421
426
428
432
434
446
480
515
517
537
539
548
640
642
692
708
762
763
764
782
807
828
837
842
856
860
108
112
136
152
153
166
172
179
192
198
210
240
246
247
269
355
370
384
395
415
423
425
450
461
462
471
487
489
506
513
528
529
555
572
577
585
606
614
645
736
761
772
776
791
792
796
822
833
848
889
897
117
127
131
139
154
161
170
204
220
268
283
362
372
374
385
389
435
496
518
535
568
582
607
608
616
623
701
723
728
738
777
781
811
821
829
838
839
843
852
100
106
109
119
120
123
133
173
176
177
181
252
255
258
261
282
388
391
406
409
422
447
453
454
475
486
494
498
510
524
581
583
594
604
639
659
678
689
709
710
711
730
740
766
779
798
813
819
827
835
849
851
861
862
871
128
141
168
186
187
189
230
233
254
280
336
361
371
376
398
424
439
455
467
472
478
497
501
511
514
520
545
550
552
557
575
611
622
630
663
671
675
686
687
718
737
752
753
795
801
816
817
820
857
877
882
885
892
898
903
905
907
920
90
98
111
126
147
185
244
260
262
272
281
304
321
328
335
353
357
364
365
382
390
404
436
443
445
451
460
465
484
485
490
521
526
533
540
543
587
589
612
619
633
656
660
670
684
695
704
713
733
742
785
786
790
800
836
841
854
874
881
883
904
914
924
93
115
138
144
148
175
190
205
206
207
211
217
224
274
285
306
327
338
350
359
411
444
466
473
474
481
488
508
516
601
638
669
677
685
693
717
725
734
739
746
768
773
775
797
831
834
846
850
884
894
921
94
95
118
167
174
195
200
228
234
242
251
266
271
275
305
309
318
333
339
356
363
377
386
393
399
405
418
430
433
493
502
527
541
554
565
574
613
627
629
679
688
706
721
722
744
745
760
770
774
808
814
844
879
893
906
918
927
129
137
159
201
231
236
245
253
293
300
307
313
320
332
354
375
437
438
442
523
530
549
553
564
566
591
595
620
624
634
641
652
661
664
668
697
702
726
727
806
847
858
866
868
869
875
878
99
124
134
165
188
208
235
256
284
288
291
297
343
349
352
381
383
394
401
429
458
503
522
532
561
586
598
603
632
636
651
666
672
705
707
759
784
799
803
845
863
933
935
113
125
164
191
225
241
249
259
270
276
295
325
366
412
495
504
505
534
588
724
747
810
859
864
880
913
72
83
97
114
116
121
143
163
194
202
213
218
229
232
239
265
302
337
396
410
448
456
479
544
592
621
628
635
643
649
657
665
673
674
676
694
700
748
778
787
873
908
912
919
60
73
74
82
104
199
264
301
308
311
314
360
369
596
602
609
631
647
690
696
699
714
716
731
754
771
809
824
853
888
891
895
896
901
59
62
68
86
96
122
130
178
237
322
340
531
563
584
600
650
662
680
683
715
769
780
870
902
911
929
64
79
80
85
88
105
132
157
196
219
227
238
278
287
303
315
324
334
380
402
413
546
571
578
597
618
626
655
681
682
712
719
720
741
751
77
78
92
162
221
243
267
273
290
378
637
735
789
823
916
942
87
312
331
648
658
703
732
876
887
917
932
950
70
75
84
286
317
403
573
698
922
925
943
81
263
292
323
344
931
57
63
140
212
348
691
830
910
296
342
580
939
58
209
222
248
289
294
298
379
610
900
926
940
76
89
358
65
69
91
347
923
944
53
66
171
257
299
310
367
886
928
934
936
71
815
54
67
945
51
55
45
341
938
951
56
216
560
579
653
50
948
956
941
61
952
203
937
961
965
915
48
617
930
46
958
946
954
959
966
52
953
40
34
42
49
949
23
960
37
39
41
27
32
967
968
47
22
963
26
31
964
20
43
33
982
976
955
971
24
36
985
38
957
14
973
30
962
970
972
975
977
969
978
21
44
25
947
29
974
35
989
990
981
986
7
12
15
10
994
983
4
992
979
991
11
17
993
5
441
765
512
536
463
825
840
326
431
782
794
832
519
397
123
542
792
459
984
197
589
723
729
282
414
538
728
796
117
387
755
837
920
483
502
615
842
150
449
708
764
788
184
455
644
749
777
795
848
482
507
568
570
593
772
817
872
193
416
452
477
701
704
740
750
822
907
102
363
373
468
470
487
559
210
377
515
747
903
220
428
489
528
646
835
854
899
107
158
408
516
572
686
757
883
100
110
244
599
625
126
156
187
223
254
551
552
709
876
179
475
537
640
675
687
768
155
426
500
527
547
564
585
731
746
758
767
781
786
882
279
393
400
454
522
532
598
659
667
677
689
738
800
812
137
142
182
215
398
462
469
492
509
513
540
582
594
623
656
710
737
826
838
852
480
505
506
511
520
524
569
645
654
722
762
802
808
846
329
390
392
517
562
576
603
697
718
797
839
111
346
370
372
389
409
529
533
725
733
779
833
879
912
131
138
291
453
555
663
743
127
145
151
161
374
394
622
785
849
897
152
160
195
247
325
357
420
478
488
498
548
584
605
724
742
813
845
856
860
901
909
914
313
351
521
558
567
616
717
730
793
890
918
924
149
368
411
419
423
447
557
614
684
756
761
906
921
103
165
170
382
384
417
465
535
549
575
604
606
636
652
711
716
763
771
820
862
115
136
217
234
311
376
445
741
834
913
300
406
434
439
514
574
639
669
811
866
106
148
241
252
336
339
355
415
436
630
801
816
818
841
865
871
885
189
258
277
371
407
446
464
473
497
523
539
608
643
658
696
705
707
754
807
108
112
146
268
274
330
345
437
460
466
541
621
657
727
805
819
829
855
884
896
905
132
359
395
525
556
609
611
783
827
828
180
202
230
235
309
322
461
476
481
491
674
692
699
804
831
119
133
147
163
172
288
305
321
438
479
484
510
588
694
695
706
734
877
174
175
205
250
261
424
433
494
642
753
130
218
280
283
352
365
383
385
430
534
798
911
98
173
421
432
440
485
550
619
770
850
898
916
144
153
196
287
353
474
493
554
583
587
638
732
752
814
859
166
285
340
427
496
600
670
766
889
194
281
362
399
490
624
745
791
799
880
908
94
101
190
206
451
693
780
803
843
888
893
904
95
157
231
246
303
443
472
577
578
590
736
869
129
293
546
563
571
665
685
744
90
304
566
586
660
735
809
68
141
224
243
249
260
418
422
444
543
620
688
902
929
85
164
198
233
262
298
581
633
647
671
691
739
806
894
917
922
275
308
312
561
634
651
662
668
853
335
435
486
495
501
531
607
649
851
935
135
139
240
315
450
596
629
635
776
910
113
134
214
302
337
678
721
774
787
59
73
109
229
526
602
931
128
824
62
88
183
207
208
255
267
269
319
354
425
429
676
892
76
626
858
873
167
169
232
307
333
648
661
679
870
176
236
239
266
316
410
863
177
213
364
503
926
67
99
289
301
323
595
683
720
937
82
93
116
225
264
405
456
941
53
54
237
702
714
748
759
760
71
80
86
168
192
199
212
222
320
334
350
631
844
939
81
104
284
366
591
655
681
773
830
867
895
933
60
91
318
369
380
448
457
919
79
96
703
878
19
204
361
467
927
226
242
278
401
672
682
18
66
84
396
936
942
63
118
124
154
253
360
458
928
997
186
259
273
504
891
306
328
338
666
857
83
185
317
690
726
74
327
378
673
874
219
270
381
943
956
181
314
553
790
87
200
386
618
680
944
245
324
945
191
343
403
664
700
64
256
272
292
344
613
65
159
251
331
349
925
932
143
188
211
296
601
375
75
940
120
391
751
271
518
140
881
105
628
868
125
297
295
861
201
823
203
789
836
92
573
968
988
934
951
45
263
950
9
402
342
938
952
72
89
56
592
769
348
37
954
50
257
579
959
55
560
821
961
209
958
963
900
966
58
617
42
995
20
52
46
985
875
971
51
969
967
48
1
960
953
22
974
310
972
41
982
26
962
989
998
16
44
519
387
463
542
559
420
468
500
536
615
483
507
562
593
667
346
407
416
431
449
452
551
569
570
625
646
750
832
279
351
414
441
492
509
512
547
558
567
599
605
102
440
469
477
537
556
576
590
788
840
345
397
419
434
446
459
529
538
539
548
640
642
708
890
223
326
330
368
400
408
421
470
476
482
487
506
513
525
555
568
582
616
644
645
729
755
756
783
277
373
426
427
428
450
461
462
464
471
480
489
491
499
515
517
528
577
585
606
614
654
689
692
749
758
765
794
802
825
155
158
193
197
215
319
355
372
392
417
425
432
447
457
486
494
496
498
518
535
572
583
594
604
619
622
623
659
757
764
767
782
793
796
804
812
110
150
156
160
183
184
370
384
415
422
454
467
475
497
510
514
520
557
575
587
607
608
630
639
656
675
684
701
710
723
736
743
761
763
791
807
811
818
837
101
135
142
146
151
169
214
246
250
329
359
385
389
395
406
423
424
455
488
511
524
533
550
552
581
595
611
686
738
762
776
777
781
822
826
860
872
899
180
182
198
240
269
283
316
335
361
362
364
374
376
388
409
435
436
439
451
453
460
466
516
521
543
545
574
589
613
629
634
638
660
670
678
687
695
711
730
737
740
753
779
805
835
842
855
856
909
136
145
149
152
192
204
210
220
226
254
258
261
268
336
365
371
382
390
391
411
443
465
472
478
485
501
526
540
553
564
627
633
663
671
677
693
704
709
713
718
728
772
801
829
833
839
843
848
865
867
889
897
107
108
127
153
230
244
247
252
255
306
327
357
363
375
393
404
405
430
481
484
490
493
502
522
527
532
541
554
565
601
603
612
733
746
752
766
785
792
828
871
139
166
172
233
272
282
300
305
318
328
338
350
356
398
399
444
445
473
474
505
508
534
549
586
620
636
651
652
661
666
668
669
685
697
705
706
717
721
742
768
795
797
798
821
827
849
852
904
914
103
123
131
133
154
173
176
177
179
205
262
274
280
285
304
307
325
339
383
437
438
523
561
566
591
598
621
624
632
664
679
722
786
790
813
817
819
820
838
854
862
882
106
112
117
148
161
170
181
186
187
190
217
234
260
266
281
293
313
321
333
353
377
394
418
433
495
503
530
588
596
602
628
641
672
676
688
690
700
702
725
734
739
745
759
760
770
773
800
808
816
831
834
841
851
861
877
905
920
100
119
120
126
168
189
207
242
251
253
271
275
291
309
332
337
352
354
386
401
429
442
456
479
544
592
600
631
635
643
657
665
682
707
724
726
727
744
775
814
857
879
885
892
893
898
903
906
907
924
90
128
138
141
165
174
175
185
200
224
228
231
241
256
284
288
381
396
410
412
504
531
563
609
662
673
674
694
716
731
747
771
774
799
836
846
866
869
874
883
884
918
921
93
109
111
115
118
144
147
195
206
211
235
236
245
259
265
270
297
302
311
320
343
369
448
578
584
647
655
680
699
714
754
803
850
881
894
927
94
129
201
208
225
237
239
249
276
295
349
458
546
571
597
618
626
649
650
683
696
748
778
784
806
844
847
858
863
913
95
98
137
167
188
213
264
303
322
334
360
366
380
402
648
658
681
703
751
787
789
845
880
121
134
199
227
232
287
308
314
317
324
340
403
413
573
712
715
720
809
853
859
868
873
912
919
935
113
124
159
191
229
273
301
312
315
378
637
698
719
735
741
769
824
875
876
878
888
908
911
933
99
143
202
218
238
243
278
290
780
864
896
901
60
72
85
88
104
130
162
163
164
196
219
331
580
732
810
870
942
59
80
82
83
97
114
116
157
267
344
358
691
891
895
902
917
950
62
73
79
86
96
105
125
178
194
221
348
610
823
887
916
922
929
64
68
74
92
122
132
263
286
296
323
342
910
77
84
289
292
925
932
943
248
310
367
379
931
63
87
140
830
939
940
70
78
81
212
298
900
926
257
57
222
294
347
934
58
65
75
76
91
653
928
936
944
53
89
923
71
815
54
67
209
560
579
886
945
66
69
341
216
299
171
203
617
938
951
45
956
50
51
55
941
948
952
56
958
915
937
961
965
46
48
61
959
930
946
953
954
966
40
52
949
960
34
23
49
967
968
27
42
37
41
22
39
963
47
32
964
31
976
20
26
33
43
982
957
955
971
985
36
24
38
975
973
978
14
962
969
977
970
972
30
21
25
947
44
974
29
989
35
990
986
981
12
7
15
10
983
4
992
994
6
991
979
984
11
997
993
17
18
5
387
542
832
463
519
593
500
507
559
750
840
890
102
351
416
420
449
468
615
788
825
279
346
452
477
483
492
536
567
667
326
330
414
419
509
547
551
558
562
570
625
646
729
793
110
158
373
400
407
431
441
459
469
476
537
538
556
749
755
756
783
794
802
812
146
150
156
193
197
277
368
397
408
440
470
482
499
512
525
569
576
590
599
605
642
644
743
758
763
818
872
899
142
155
223
345
421
426
427
434
446
464
480
491
515
529
539
548
555
568
645
692
708
736
761
762
764
765
782
804
805
807
826
867
101
135
145
151
160
169
183
184
214
319
372
384
385
392
395
415
417
423
428
432
454
457
461
462
487
489
494
498
506
513
514
517
528
577
582
585
608
614
616
640
654
689
701
710
723
776
791
792
796
822
828
837
856
909
149
152
180
182
210
215
250
269
389
425
486
497
510
518
524
535
572
606
622
711
728
740
757
767
777
811
829
833
842
843
848
855
860
865
871
103
107
108
136
153
179
220
226
240
246
252
283
316
329
355
362
370
374
388
391
422
435
447
450
453
455
467
471
475
496
520
552
557
583
589
594
604
623
639
659
678
686
695
709
730
752
753
772
781
795
798
801
813
821
835
839
849
852
889
112
139
154
166
172
177
181
192
198
204
247
255
258
261
268
282
335
336
361
364
376
398
406
424
436
443
460
465
472
474
478
490
501
511
521
533
545
550
575
581
587
607
611
612
630
633
670
675
684
687
704
718
733
737
738
746
766
768
786
790
797
800
819
827
838
851
882
897
914
106
117
119
127
131
133
161
173
187
233
244
254
272
304
321
357
365
371
382
390
404
439
444
445
451
466
481
484
485
488
493
516
540
543
619
656
660
663
671
677
693
713
717
725
779
785
816
817
820
831
836
841
862
877
903
907
920
924
100
123
126
175
176
186
189
205
207
262
281
285
306
327
338
339
350
353
359
393
399
405
409
411
430
502
508
526
541
565
574
601
613
627
638
668
669
697
721
722
734
739
742
773
774
808
834
846
850
854
857
861
883
885
892
904
905
918
921
111
120
138
141
147
148
170
185
217
224
230
234
242
274
300
305
328
356
363
375
377
383
386
418
433
437
442
473
523
527
530
549
554
564
603
629
641
651
652
664
679
685
688
706
727
745
760
775
814
869
874
881
884
893
898
906
927
93
95
98
109
128
144
168
190
195
200
211
236
251
266
275
280
293
307
309
313
318
333
394
429
438
456
503
522
532
553
561
566
586
591
595
620
624
634
657
661
666
672
702
705
707
726
744
747
770
799
806
844
847
879
894
90
94
118
137
174
206
208
228
235
253
260
270
271
288
291
297
349
352
354
396
401
448
495
505
534
598
621
632
636
696
724
748
759
784
803
845
858
863
868
875
913
933
935
115
134
165
201
225
231
239
245
249
256
284
320
325
332
337
343
366
381
410
412
479
504
588
592
628
643
665
673
676
690
694
700
714
731
771
778
810
853
864
866
880
99
113
124
129
143
159
167
188
213
241
259
265
276
301
311
369
458
544
546
584
596
602
631
635
647
650
662
699
716
754
769
787
859
873
878
895
896
908
912
919
83
125
229
232
237
295
302
308
322
334
340
360
380
531
571
600
609
618
626
649
674
680
682
683
712
715
720
751
780
809
824
870
888
901
72
96
104
163
164
178
191
199
202
218
303
314
402
563
578
637
655
681
719
735
741
891
911
59
60
73
74
82
88
97
116
121
130
157
194
227
243
264
287
315
324
403
413
597
648
658
703
876
902
916
929
942
68
79
80
85
122
196
219
238
267
273
278
290
317
331
378
732
789
823
917
950
62
64
86
87
114
162
312
573
887
922
931
77
78
105
132
140
221
323
580
691
698
910
932
92
263
286
344
925
943
84
212
292
296
348
379
610
939
940
63
75
81
342
367
830
926
70
222
248
289
294
298
358
900
923
57
209
310
58
65
76
257
347
815
934
936
944
89
91
886
928
53
54
66
69
71
171
560
945
67
341
579
653
55
299
938
951
45
51
216
956
56
941
948
203
50
617
915
965
937
952
61
958
961
930
959
48
46
946
954
953
966
52
40
949
34
960
23
42
49
968
967
32
27
37
41
39
47
22
963
964
26
31
33
20
43
976
982
955
957
971
985
24
36
38
947
973
14
962
975
977
30
969
970
972
978
21
25
44
974
29
35
989
990
981
986
7
12
15
983
10
6
979
18
994
4
992
988
991
19
984
17
997
11
993
1
5
9
840
441
542
794
326
536
825
792
589
795
899
728
768
463
723
832
747
822
746
477
729
483
519
482
872
800
509
755
765
615
782
764
470
568
570
786
502
837
708
373
796
722
387
102
559
750
832
452
542
593
667
110
346
351
416
468
507
519
788
825
890
279
420
492
500
558
567
142
155
160
197
330
407
449
463
477
551
615
812
158
193
226
319
326
414
431
483
536
538
562
569
570
590
625
783
802
804
840
146
149
151
156
183
184
214
223
246
277
345
400
419
469
476
547
599
605
646
654
729
749
755
756
793
794
818
101
103
112
135
145
150
169
179
210
240
247
250
329
440
457
459
480
482
499
509
515
525
537
556
576
743
762
764
805
842
856
872
899
107
153
161
166
182
192
215
269
355
368
373
397
425
426
427
441
450
461
464
487
491
517
539
548
555
582
583
604
616
642
644
645
708
758
792
807
826
843
848
855
867
909
108
117
136
154
177
181
198
220
258
408
417
421
454
470
498
512
513
518
529
572
577
607
608
623
692
761
763
765
767
776
781
828
839
852
865
100
119
120
127
139
152
170
172
173
180
186
204
252
255
268
280
316
372
384
395
415
423
428
432
434
486
489
494
506
535
606
611
614
622
639
640
656
678
740
757
766
772
782
791
796
798
819
822
838
860
871
106
109
111
123
131
133
141
147
168
224
254
261
262
283
370
374
385
392
446
455
462
471
496
501
520
524
528
545
550
552
557
568
585
594
630
633
660
671
689
701
710
723
728
736
811
820
827
829
833
835
837
851
862
882
897
98
128
176
185
189
217
230
260
272
282
285
306
335
362
388
389
391
398
406
435
447
467
472
474
475
497
511
514
543
612
619
659
670
675
687
693
709
711
718
730
738
739
753
777
779
801
813
821
861
874
889
90
126
138
187
200
205
207
211
228
233
244
251
274
304
327
328
336
376
382
386
390
404
424
439
443
451
453
460
478
508
521
526
533
540
575
581
638
669
677
684
686
713
737
790
795
800
816
817
836
841
849
877
881
885
904
920
93
148
174
175
195
234
236
253
266
275
281
297
318
353
357
359
361
364
365
399
422
436
466
484
510
516
541
553
574
587
601
627
685
688
695
704
733
742
752
768
773
775
785
786
797
850
857
883
884
892
903
905
914
115
118
129
144
167
190
242
259
271
305
307
321
332
338
339
350
363
375
377
405
409
430
437
444
465
481
485
488
490
503
522
554
565
566
586
589
591
595
603
613
663
668
672
717
725
727
746
774
784
814
834
844
846
854
869
875
893
898
907
921
924
99
124
134
137
191
201
206
208
245
276
288
293
309
356
371
381
418
445
458
473
493
502
527
530
564
624
632
634
652
661
664
666
679
697
734
745
770
831
858
878
927
94
95
113
143
159
164
165
188
213
218
229
231
270
284
291
295
300
313
320
325
333
343
349
354
394
411
433
442
523
532
549
561
592
620
629
636
641
651
674
702
706
721
722
726
744
760
806
808
810
845
847
863
864
879
894
918
68
74
116
121
125
199
232
235
256
311
352
366
383
401
412
429
534
588
628
705
707
714
724
747
759
803
859
868
908
935
73
82
83
163
225
239
241
249
278
314
337
393
438
456
495
504
505
544
598
609
621
631
647
657
673
676
683
700
716
731
748
787
799
913
933
60
72
96
97
104
114
178
202
238
265
301
334
360
369
396
448
531
571
596
602
635
643
655
665
680
690
694
769
778
780
866
873
880
906
929
78
86
130
194
196
219
227
237
243
264
302
303
308
324
584
597
618
626
637
650
682
696
699
741
754
771
824
853
870
888
891
895
896
919
59
62
80
105
122
221
267
290
315
340
378
479
546
563
578
600
649
662
715
720
809
901
911
75
85
88
162
273
286
322
402
410
573
681
712
789
942
64
79
84
87
132
140
157
287
380
703
719
735
751
823
902
912
916
70
77
92
212
263
296
312
403
413
648
658
732
876
917
922
950
248
317
331
580
698
943
81
292
344
348
887
910
925
63
209
222
323
358
379
900
932
939
57
76
171
257
289
294
298
342
610
830
53
58
91
310
931
89
347
691
815
923
926
940
65
69
299
367
54
66
341
934
944
51
67
71
886
928
936
45
55
560
56
216
579
653
945
938
951
50
203
948
952
956
61
617
937
941
48
915
46
930
961
965
954
958
959
966
946
52
34
42
953
40
49
39
23
41
949
37
32
27
960
967
968
22
47
963
31
43
26
964
20
33
976
971
24
38
982
14
36
955
973
985
962
972
30
969
975
947
970
44
957
978
21
977
25
974
29
35
990
989
981
986
7
12
15
10
983
994
18
4
992
979
991
984
988
17
11
993
5
1
387
832
542
463
519
593
750
840
102
351
420
468
500
507
559
788
825
890
279
416
449
615
667
346
452
477
483
492
536
567
793
110
158
326
330
407
414
419
476
509
538
547
551
558
562
570
625
646
729
749
783
794
802
812
146
150
156
193
197
277
368
373
400
431
441
459
469
470
482
537
556
590
605
644
755
756
763
818
872
899
142
155
223
397
408
421
427
440
480
491
499
512
525
569
576
599
642
692
708
743
758
761
762
764
765
804
805
807
826
867
135
145
151
160
183
184
214
319
345
384
415
423
426
432
434
446
464
513
515
517
529
539
548
555
568
608
645
654
736
776
782
792
822
828
837
848
855
856
909
101
149
169
180
182
210
215
226
269
372
385
392
395
417
425
428
454
457
461
462
487
489
494
498
506
514
528
572
577
582
585
614
616
640
689
701
710
723
728
757
767
791
796
811
829
833
842
843
860
865
871
103
107
136
152
153
177
179
220
240
246
247
250
252
316
329
355
362
374
389
435
450
453
475
486
497
510
518
524
535
552
583
604
606
622
623
678
709
711
730
740
752
753
772
777
795
798
801
813
821
839
851
852
889
108
112
119
154
166
172
173
181
192
198
204
255
282
283
370
388
391
406
422
443
447
455
467
471
474
478
496
501
520
550
557
589
594
607
630
633
639
659
686
687
695
718
737
766
781
786
790
800
819
827
835
836
838
849
862
882
897
100
106
117
127
133
139
161
187
254
258
261
268
272
321
335
336
361
364
365
376
398
424
436
444
451
460
465
472
481
484
485
490
511
521
533
545
575
581
587
611
612
656
670
671
675
684
693
704
713
717
725
733
738
746
768
785
797
816
817
820
831
841
877
885
903
907
914
920
924
123
126
131
147
175
176
186
189
205
207
233
244
262
281
285
304
306
350
357
371
382
390
404
439
445
466
488
493
502
516
540
543
619
660
663
669
677
722
734
739
742
773
774
779
808
834
846
850
854
857
861
869
874
881
883
892
904
905
109
111
120
138
141
170
185
217
224
230
234
236
242
274
305
327
328
338
339
353
356
359
375
377
386
393
399
405
409
411
430
442
473
508
526
527
530
541
565
574
601
603
613
627
629
638
652
668
688
697
721
727
745
760
775
814
884
893
898
918
921
927
93
95
98
128
144
148
168
190
195
200
211
228
251
266
275
280
293
300
309
318
333
363
383
418
433
437
503
523
549
553
554
564
566
624
641
651
661
664
672
679
685
702
706
726
744
747
784
799
806
844
847
879
906
90
94
118
137
174
206
208
235
253
260
270
271
288
291
297
307
313
349
354
394
429
438
456
522
532
561
586
591
595
620
634
657
666
705
707
724
748
759
770
803
845
858
863
868
875
894
913
933
935
115
134
165
201
231
256
320
332
337
343
352
366
381
396
401
412
448
495
505
534
588
592
598
621
632
636
665
673
696
714
731
771
810
864
866
878
99
113
124
125
129
143
159
167
188
213
225
229
239
245
249
259
265
276
284
325
369
410
458
479
504
628
635
643
647
676
690
694
699
700
716
754
769
778
787
853
859
873
880
895
896
908
919
83
232
241
301
302
308
311
334
360
544
546
584
596
602
609
631
649
650
662
674
680
682
712
780
809
824
870
888
901
912
72
96
104
163
164
178
191
199
202
218
237
295
303
314
322
340
380
402
531
571
578
600
618
626
655
683
715
719
720
741
751
891
929
60
73
74
82
97
116
121
122
130
157
194
227
243
264
324
403
563
637
681
735
876
902
911
916
942
59
68
79
80
85
88
196
219
238
267
273
278
287
290
315
378
413
597
648
658
703
732
789
823
62
64
78
86
87
114
162
221
317
331
887
917
922
950
77
105
132
140
312
573
580
931
932
92
212
263
286
323
344
691
698
910
925
943
75
84
292
296
348
379
610
939
940
63
70
81
342
830
926
209
222
248
289
294
298
358
367
900
923
57
815
58
76
257
310
347
936
65
89
91
171
886
928
934
944
53
54
66
69
71
67
341
560
945
55
579
653
51
299
938
951
45
216
956
56
941
948
203
50
915
617
937
952
965
61
930
958
961
48
959
46
946
954
953
966
52
40
949
34
23
42
49
960
967
968
32
27
37
41
39
47
22
963
964
26
31
33
43
20
976
982
955
971
957
985
24
36
947
38
973
14
962
30
975
969
970
972
977
978
21
44
25
974
29
35
989
990
981
986
7
12
15
983
10
6
979
18
994
4
992
988
991
19
984
17
997
11
1
993
5
9
840
441
542
794
825
326
536
792
899
768
795
728
589
723
747
832
463
822
746
477
483
387
102
832
351
468
519
593
279
346
416
420
449
463
500
507
542
559
667
750
788
825
319
330
567
615
783
890
110
142
407
414
492
551
558
562
625
646
793
812
840
146
155
158
160
197
326
431
464
469
476
477
525
538
547
556
569
570
590
599
729
749
802
145
150
151
169
183
193
214
226
277
316
329
345
368
373
397
400
452
459
483
491
499
512
536
644
654
755
765
794
804
818
872
101
149
156
184
215
223
246
247
250
417
421
426
427
432
440
441
457
482
537
576
605
640
642
692
743
756
757
758
805
855
865
909
103
107
112
135
179
182
210
269
355
408
419
423
434
446
461
470
471
480
489
509
539
555
608
614
623
708
764
767
826
842
867
108
136
153
166
172
180
192
240
362
370
374
384
385
392
395
415
425
428
435
450
462
506
513
515
517
529
535
548
572
577
583
585
604
606
607
645
762
763
772
776
782
792
807
828
837
848
856
860
899
117
120
133
139
152
154
161
177
181
198
220
252
258
261
268
283
372
388
391
475
487
496
498
518
528
568
581
582
594
616
639
701
709
736
738
761
777
791
796
821
822
833
838
839
852
889
897
100
109
119
127
131
170
173
176
187
204
255
282
328
371
389
390
406
422
424
439
453
454
455
467
486
501
520
524
545
552
611
619
622
630
633
659
671
675
678
689
710
711
723
728
730
740
766
779
781
798
811
827
829
843
851
861
871
106
123
128
168
186
224
233
254
260
262
280
281
306
336
361
364
365
382
398
404
443
445
447
451
472
478
490
494
497
510
511
521
526
533
550
557
575
612
660
663
686
687
713
718
737
813
819
820
835
836
849
857
862
877
903
907
920
98
111
126
141
147
175
185
189
211
230
244
251
266
272
274
285
304
318
321
327
335
338
350
353
357
376
386
460
465
466
484
485
508
514
543
587
589
601
627
656
670
684
685
693
704
739
752
753
773
775
785
786
790
795
800
801
816
817
841
874
881
882
883
885
892
898
905
90
115
138
148
167
195
205
206
207
217
228
234
242
275
309
333
339
356
359
377
405
409
411
418
430
436
444
473
474
488
516
540
554
574
591
613
634
638
669
677
695
706
725
733
734
742
834
854
875
884
894
904
924
93
94
144
174
190
200
236
253
271
297
300
305
307
320
332
352
354
363
375
381
393
399
429
433
437
442
481
493
502
541
586
629
641
664
668
679
688
702
717
721
727
746
774
831
844
846
847
850
914
921
927
95
118
124
129
137
159
201
231
245
259
293
313
343
349
366
412
438
503
523
527
530
549
553
564
565
595
603
620
624
632
636
652
661
666
697
722
726
744
745
760
768
770
797
806
808
814
858
868
869
878
879
893
918
99
125
134
188
191
208
218
256
270
276
284
288
291
325
383
401
458
495
504
522
532
566
588
598
628
651
672
707
784
799
803
863
864
866
906
933
935
83
143
164
165
225
229
235
239
241
249
295
302
360
394
410
505
534
544
561
592
602
621
674
705
759
810
845
859
72
97
113
114
116
163
194
202
213
232
264
301
308
311
314
337
396
456
479
596
609
631
635
643
647
649
665
673
694
699
700
724
747
748
880
913
919
60
62
73
74
82
104
121
199
265
315
369
413
448
563
597
600
618
650
657
676
680
683
714
716
754
771
778
787
824
870
873
891
895
901
908
68
86
96
122
227
237
238
278
290
340
378
402
531
546
571
578
584
637
655
690
696
715
731
780
809
853
888
896
902
912
929
59
64
78
79
92
105
130
132
178
219
221
243
303
322
324
334
626
662
681
712
720
741
769
911
75
77
80
85
88
157
162
196
267
273
286
287
331
380
682
703
719
735
751
823
87
263
312
344
403
573
648
658
698
732
789
916
932
70
81
84
292
317
876
887
917
925
942
943
57
212
323
348
922
950
140
296
298
299
379
580
691
910
931
63
209
248
294
342
358
830
58
171
222
289
347
610
900
939
69
76
89
257
65
91
310
886
923
926
940
944
53
66
367
815
67
71
928
934
936
54
341
51
55
653
56
216
560
579
945
45
938
951
50
948
61
956
203
617
937
952
941
961
48
930
965
46
915
946
958
966
954
52
959
34
40
953
42
49
23
32
39
949
41
960
37
27
47
967
968
22
963
26
31
43
964
20
33
955
982
36
976
24
38
971
985
14
957
973
30
962
970
972
975
977
969
978
44
21
947
25
29
974
35
990
989
981
986
7
12
15
10
983
994
4
992
979
18
991
988
17
11
984
993
6
19
5
997
387
542
832
750
468
507
559
593
825
840
890
102
346
351
416
420
463
500
519
667
788
279
452
477
483
492
536
558
567
615
110
326
419
449
509
570
794
812
158
277
330
373
400
407
476
482
537
538
551
562
590
729
749
755
756
763
764
793
802
899
156
193
197
345
368
414
427
431
440
441
459
469
470
525
547
605
625
646
743
762
783
792
804
805
807
818
872
135
142
146
150
155
160
184
214
223
397
408
480
491
499
515
529
548
555
556
569
582
616
642
708
736
758
761
826
843
856
867
151
183
210
226
319
372
384
415
421
426
428
487
494
513
514
517
539
576
599
644
645
654
689
710
728
765
767
776
791
822
828
839
842
848
871
101
145
149
152
169
177
179
181
240
246
250
269
385
392
395
423
425
432
434
454
457
461
462
464
474
489
498
506
528
583
608
614
622
692
701
723
757
781
782
796
811
829
833
837
852
855
860
909
103
136
153
180
182
192
204
215
220
247
252
255
258
283
329
355
370
388
389
417
446
450
455
467
486
497
512
518
520
550
552
568
572
577
585
604
606
640
678
711
740
752
753
766
768
772
777
790
795
797
798
800
801
813
819
835
865
882
107
108
112
119
139
154
161
166
173
198
207
261
262
272
282
304
316
335
362
374
391
398
406
447
453
475
496
501
510
511
524
535
557
594
607
611
623
633
639
656
671
686
687
693
709
718
730
737
746
786
820
821
827
836
838
841
851
862
100
106
117
127
147
186
254
268
285
306
321
336
376
382
422
424
435
436
443
444
460
471
472
478
481
485
502
543
545
575
589
630
659
660
670
677
684
695
704
713
717
738
739
773
779
785
816
849
861
897
914
111
123
126
131
133
172
176
185
187
189
205
217
233
244
281
327
338
350
361
364
399
404
439
451
465
484
488
490
508
516
521
533
540
541
587
603
612
619
638
652
669
672
675
688
722
725
733
817
834
850
869
874
877
881
884
885
889
904
920
98
120
138
141
170
190
200
224
228
230
234
236
242
280
305
307
328
339
353
357
359
363
365
371
375
377
386
390
405
430
437
466
473
493
503
527
530
565
566
574
581
613
651
663
668
697
721
727
734
742
774
775
784
808
814
831
846
854
857
883
893
903
921
924
93
109
148
168
174
175
195
208
211
251
253
260
266
270
271
274
275
293
297
300
383
394
409
442
456
522
526
553
554
564
624
627
661
664
679
685
705
745
747
760
806
847
879
892
898
905
918
927
90
118
128
144
235
288
291
309
313
318
333
354
356
381
411
418
433
445
532
549
561
586
595
601
629
632
657
666
696
702
707
714
724
726
731
744
769
844
845
907
95
129
134
137
143
165
206
213
256
259
325
332
337
343
349
393
401
438
505
523
534
591
592
620
628
634
636
641
673
676
690
706
716
748
759
770
771
799
810
858
863
864
868
913
935
94
113
115
178
188
201
225
229
231
239
245
249
265
276
284
311
334
366
396
429
448
458
495
598
621
631
647
674
682
754
778
787
803
853
859
873
875
894
908
99
124
159
199
218
232
295
301
320
352
369
412
479
504
531
544
588
643
665
683
694
700
809
824
878
880
896
906
933
104
121
125
167
191
237
241
243
278
303
308
314
340
360
410
546
571
584
596
609
626
635
637
650
655
662
680
699
712
719
720
741
780
866
888
895
919
60
68
72
73
74
83
96
163
164
202
267
302
324
380
600
602
618
715
735
751
870
891
929
88
97
116
130
157
194
196
219
227
238
290
315
322
402
403
649
703
901
902
911
912
942
59
78
80
82
86
105
140
162
221
264
273
378
563
578
648
681
789
876
916
922
950
79
85
114
122
287
312
317
573
580
597
732
823
917
286
292
658
887
62
84
87
132
263
296
331
610
910
64
77
212
323
344
348
379
939
943
75
92
222
342
413
698
830
900
925
931
932
63
209
248
257
289
294
298
367
691
815
926
940
70
310
358
923
58
76
81
91
53
54
171
57
65
89
347
934
936
66
67
560
886
928
55
71
341
579
944
945
51
69
203
45
216
653
956
56
299
948
938
951
952
617
50
941
915
959
61
48
937
965
46
930
958
954
961
946
953
966
52
40
949
42
49
23
34
967
968
37
41
39
27
960
22
32
963
47
31
976
964
43
20
26
33
982
24
971
947
38
36
972
973
14
962
975
969
978
955
985
30
21
44
970
977
957
25
974
35
989
29
990
981
12
986
7
15
10
18
6
4
994
979
988
984
991
992
983
1
17
993
11
19
5
997
9
840
441
794
326
542
825
536
792
899
589
728
795
768
747
723
832
822
463
746
477
387
102
832
519
593
346
351
449
463
468
542
559
750
279
416
420
500
507
567
615
667
788
825
890
110
142
319
330
407
492
551
646
783
812
840
155
158
197
414
431
476
538
547
558
562
570
590
599
625
729
793
802
146
150
151
160
183
226
326
329
345
368
452
464
469
477
483
491
499
512
525
536
556
569
749
755
794
818
101
145
149
156
169
193
214
246
250
277
316
373
397
400
427
432
440
441
457
459
576
605
644
654
756
765
804
855
872
107
112
135
184
210
215
223
247
269
408
417
419
421
426
434
480
482
509
517
537
539
608
640
642
692
743
757
758
764
805
826
842
865
867
909
103
108
153
166
172
179
180
182
355
370
384
385
395
423
425
428
446
450
461
462
470
471
489
506
513
515
529
535
548
555
572
577
585
606
614
623
645
708
762
763
767
772
782
792
807
828
837
848
856
899
117
136
139
152
154
192
198
220
240
268
362
372
374
388
391
392
415
435
487
496
498
518
528
568
582
583
604
607
616
639
736
776
791
796
821
833
860
889
897
109
119
120
131
133
161
170
176
177
181
252
255
258
261
282
283
389
406
447
453
454
455
475
486
501
524
545
552
581
594
622
630
659
675
678
689
701
709
710
711
723
728
730
738
740
761
766
777
781
798
811
822
829
838
839
843
851
852
100
106
123
127
128
168
173
186
187
204
224
254
280
328
336
361
365
371
390
404
422
424
439
445
467
472
478
490
494
497
510
520
533
550
557
611
619
633
671
686
687
718
737
779
813
819
820
827
849
861
862
871
877
907
920
111
141
147
189
211
230
233
244
260
262
266
272
281
285
304
306
318
321
327
335
350
353
357
364
376
382
398
443
451
460
465
511
514
521
526
543
575
587
589
601
612
656
660
663
670
684
704
713
752
753
775
785
786
795
800
801
816
817
835
836
857
874
881
882
883
885
892
898
903
905
90
98
115
126
148
167
175
185
195
206
207
217
228
242
251
274
309
333
338
356
359
377
386
411
430
436
444
466
473
474
484
485
488
508
516
540
574
613
627
634
638
677
685
693
695
725
733
734
739
742
773
790
841
854
884
924
93
138
144
174
190
205
234
236
253
271
275
300
305
307
320
332
339
354
363
375
399
405
409
418
433
437
481
502
541
554
591
629
641
664
669
679
688
706
717
721
746
831
834
844
846
850
875
894
904
914
921
927
94
95
118
124
137
159
200
231
245
259
293
297
313
343
349
352
366
381
393
429
438
442
493
503
523
527
530
549
553
565
586
595
603
620
624
636
652
661
666
668
697
702
722
726
727
744
745
760
768
770
774
797
806
808
814
847
858
868
869
878
879
893
918
99
125
129
188
191
201
208
256
276
284
288
291
325
401
412
458
495
532
564
566
632
651
672
707
784
799
803
863
864
906
935
134
164
165
218
225
229
235
239
241
249
270
295
302
360
383
394
504
522
534
561
588
592
598
621
628
674
759
810
845
859
866
933
72
83
97
113
114
116
143
163
194
202
213
232
301
308
337
396
410
456
479
505
544
596
602
609
631
635
643
647
665
673
694
700
705
724
747
748
880
913
62
73
74
82
104
121
264
265
311
314
369
448
649
650
657
676
680
683
699
714
716
754
787
870
873
891
895
901
908
919
60
68
86
96
122
199
227
237
238
278
290
315
340
402
413
531
546
563
571
578
584
597
600
618
637
655
690
696
715
731
771
778
780
809
824
853
888
896
912
929
59
64
78
130
178
219
221
303
322
324
334
378
626
662
681
712
741
769
902
911
75
77
79
80
85
88
92
105
132
157
162
196
243
267
286
287
380
703
719
720
735
751
823
87
273
312
331
573
648
658
682
732
916
70
81
84
263
292
317
344
403
698
789
876
887
932
942
323
348
917
922
925
943
950
57
140
212
296
299
580
931
63
209
248
294
298
342
358
379
691
830
910
58
222
289
347
610
900
939
69
76
89
171
257
65
91
310
886
923
926
940
944
66
367
815
53
71
928
934
936
67
341
51
54
55
653
216
560
579
945
45
56
938
951
50
948
61
956
203
617
937
952
941
961
48
965
930
46
915
946
958
966
954
52
959
34
40
953
42
49
23
32
39
949
41
960
37
27
47
967
968
22
963
26
31
43
964
20
33
955
976
982
36
971
24
38
985
14
30
957
973
962
970
972
975
977
969
978
44
947
21
25
29
974
35
990
989
981
986
7
12
15
10
983
994
4
992
979
18
991
988
17
11
984
6
993
19
997
5
1
387
542
832
593
840
463
500
507
519
559
750
890
102
351
416
420
449
468
615
788
825
279
346
477
483
492
536
567
667
110
158
326
330
414
419
452
476
509
547
558
562
570
625
646
729
783
793
794
802
812
277
373
400
407
431
441
459
469
537
538
551
556
590
749
755
756
872
899
142
146
150
156
193
197
368
397
440
470
482
491
499
512
525
569
599
605
642
644
743
758
763
764
765
804
818
826
867
151
155
160
184
223
319
345
408
421
426
427
434
446
464
480
515
529
539
548
555
576
645
654
692
708
736
761
762
782
792
805
807
822
856
101
135
145
169
180
183
210
214
269
372
384
385
392
395
415
417
423
428
432
454
457
461
462
487
489
494
498
506
513
514
517
528
568
577
582
585
608
614
616
640
689
701
710
723
728
757
767
776
791
796
811
828
833
837
842
843
848
855
860
865
909
103
149
152
153
179
182
215
226
246
250
329
355
362
425
435
510
518
524
535
572
604
606
622
623
678
709
711
740
752
772
777
795
798
801
821
829
839
852
871
107
108
112
136
166
177
181
198
204
220
240
247
252
283
316
370
374
388
389
391
422
450
453
455
467
471
474
475
486
496
497
520
552
557
583
589
594
633
639
659
686
687
695
718
730
753
766
781
786
813
819
835
838
849
851
882
889
897
106
119
127
133
139
154
161
172
173
192
255
258
261
268
272
282
321
335
336
361
376
398
406
424
436
443
447
460
465
472
478
484
490
501
511
521
533
545
550
575
581
587
607
611
612
630
670
671
675
684
704
713
717
725
733
737
738
746
768
785
790
797
800
816
820
827
836
841
862
877
907
914
100
117
123
126
131
175
186
187
189
205
207
233
244
254
281
285
304
350
357
364
365
371
382
390
404
439
444
445
451
466
481
485
488
493
516
540
543
619
656
660
663
669
677
693
722
739
742
773
774
779
817
831
846
854
857
861
885
903
904
920
924
111
141
147
170
176
185
217
242
262
306
327
328
338
339
353
359
386
393
399
405
409
411
430
502
508
526
530
541
565
574
601
613
627
638
668
697
721
734
760
775
808
814
834
850
869
874
881
883
884
892
893
898
905
918
921
93
95
98
109
120
128
138
148
168
190
200
211
224
230
234
236
251
274
280
300
305
309
333
356
363
375
377
383
418
433
437
442
473
523
527
549
554
564
603
624
629
641
651
652
664
672
679
685
688
702
706
726
727
745
799
847
879
906
927
90
144
195
208
228
235
253
260
266
271
275
291
293
307
313
318
394
429
456
503
522
532
553
561
566
586
591
595
620
634
657
661
666
705
707
744
747
770
784
803
806
844
845
858
863
875
894
933
94
115
118
134
137
165
174
206
231
256
270
288
297
332
343
349
352
354
381
396
401
438
448
495
505
534
588
592
598
621
632
636
696
724
731
748
759
810
864
866
868
913
935
99
124
143
159
201
225
239
245
249
284
320
325
337
366
369
410
412
458
479
504
628
643
665
673
676
694
700
714
716
754
771
778
787
853
859
873
878
880
896
113
125
129
167
188
213
229
232
241
259
265
276
301
308
311
360
544
546
584
596
602
631
635
647
649
650
662
690
699
769
780
870
895
901
908
912
919
72
83
96
104
163
164
178
202
218
237
295
302
322
334
340
380
531
571
600
609
618
626
655
674
680
682
683
712
715
719
720
741
751
809
824
888
891
60
73
74
82
121
157
191
194
199
227
243
303
314
324
402
563
578
637
681
735
902
911
916
929
59
68
79
88
97
116
122
130
196
238
264
267
287
290
315
378
403
413
597
658
703
876
942
64
78
80
85
86
114
162
219
273
278
317
331
648
732
789
823
887
917
922
950
62
77
87
105
132
140
221
312
573
931
932
92
286
323
344
580
698
910
925
943
212
263
292
691
939
63
75
84
296
348
379
610
830
926
940
70
81
222
294
298
342
358
900
923
57
209
248
289
367
76
257
310
347
815
936
58
65
89
171
934
944
53
54
66
71
91
886
928
69
341
560
945
67
579
653
55
938
45
51
299
951
956
56
216
948
203
941
50
617
915
952
965
61
937
930
958
961
959
48
946
954
46
966
953
52
40
949
34
42
960
23
49
968
32
967
27
37
41
39
47
22
963
964
26
31
33
20
43
976
955
982
971
957
985
24
36
947
38
973
14
962
30
969
970
972
975
977
978
21
44
25
974
29
35
989
990
981
986
7
12
15
983
10
979
6
18
994
4
992
988
991
19
984
17
997
11
993
1
5
9
840
441
542
794
326
536
825
792
589
795
899
768
728
723
747
822
832
463
746
477
729
483
387
832
102
346
351
468
519
559
825
279
416
507
542
567
593
667
750
788
330
420
449
463
492
500
890
110
319
407
551
558
615
802
812
840
142
146
150
155
158
160
197
326
345
414
431
452
476
477
536
538
562
570
590
625
749
783
793
800
145
151
169
183
193
226
277
329
368
373
400
427
459
464
469
491
525
547
556
569
646
755
794
804
818
872
101
103
135
149
156
184
214
215
223
246
247
250
316
397
419
432
440
457
480
482
483
499
512
537
599
605
654
729
743
756
764
765
855
867
107
112
117
179
210
269
408
417
421
426
428
434
441
461
470
509
539
548
555
576
608
642
644
757
758
762
763
767
792
805
826
842
848
856
865
899
108
136
153
166
172
182
192
240
355
370
384
385
388
392
395
415
423
450
471
487
489
506
513
515
517
528
529
535
577
582
583
606
607
614
616
623
640
645
708
736
772
776
807
828
839
843
860
909
109
120
133
139
152
154
161
177
181
198
220
258
261
283
362
372
374
391
425
446
455
462
498
518
568
572
585
604
692
761
781
782
791
796
821
852
871
106
123
127
131
170
173
176
180
186
204
252
255
262
268
328
389
406
422
435
439
453
467
475
486
496
501
524
543
545
550
552
594
611
619
633
639
660
671
689
701
709
710
728
730
740
766
777
779
798
811
820
829
833
837
838
851
861
862
889
897
98
100
111
119
128
147
185
187
189
224
230
254
260
272
282
306
335
336
353
361
364
382
390
398
404
424
443
447
454
478
494
497
510
511
514
520
581
622
630
656
659
675
678
686
687
693
711
723
737
738
753
801
813
816
819
822
827
835
836
849
874
882
885
903
920
90
126
141
148
168
211
217
233
244
266
280
281
285
304
321
327
338
350
357
359
365
371
376
430
451
460
474
485
490
508
521
526
533
557
574
575
587
612
638
670
684
704
713
718
739
752
773
775
786
790
817
841
857
877
881
883
892
898
905
93
115
138
174
207
228
234
236
242
251
271
274
275
300
305
307
318
354
377
386
436
444
445
465
466
472
473
481
484
488
502
516
540
589
613
627
663
669
677
685
721
733
785
795
875
884
894
907
914
124
129
137
144
159
175
190
195
200
205
206
253
297
309
332
333
339
356
363
375
381
399
405
409
411
418
437
442
503
527
530
553
554
595
601
634
652
668
688
695
706
717
725
734
742
746
768
797
834
844
846
847
850
854
868
904
918
921
924
927
94
95
118
167
208
245
259
288
293
313
343
349
366
433
438
493
532
541
565
566
586
591
603
624
629
632
641
651
661
664
672
679
702
722
727
745
760
770
774
784
806
808
814
831
858
869
879
893
99
188
201
218
225
231
235
249
256
276
284
291
295
320
352
360
383
394
412
429
458
495
522
549
561
564
620
628
636
666
674
697
707
726
744
845
864
906
83
97
113
125
134
143
165
191
229
270
325
393
401
456
504
505
523
534
544
592
598
631
673
705
714
803
859
863
866
878
935
73
74
114
116
121
163
164
213
239
241
265
301
302
308
311
314
337
410
588
621
647
683
700
724
747
748
759
799
810
824
873
891
913
933
60
68
72
82
194
199
202
232
237
278
340
396
448
479
531
596
600
602
609
635
637
643
650
657
665
676
690
694
696
716
731
787
853
880
895
908
919
62
64
78
86
96
104
105
130
178
219
227
238
264
290
315
334
369
546
563
571
618
649
655
680
699
712
754
769
771
778
780
870
888
896
902
929
59
79
85
88
122
132
162
196
221
243
286
303
324
378
380
402
578
584
597
626
682
715
809
901
911
912
75
77
80
84
92
157
267
287
322
413
648
662
681
703
719
720
741
823
70
87
273
292
312
331
403
573
735
751
789
876
916
950
81
140
263
317
344
732
917
922
942
63
212
348
580
658
887
57
296
323
379
698
925
932
943
248
289
298
299
342
358
610
830
900
910
931
58
89
222
257
294
691
939
69
171
209
310
347
926
53
76
91
815
923
940
65
66
67
367
886
51
54
71
928
934
944
936
55
341
945
45
56
560
579
216
653
938
50
951
61
203
948
952
956
617
937
46
48
930
941
961
965
915
958
966
52
954
40
946
959
34
42
953
49
32
949
23
37
39
41
27
22
47
960
967
968
963
26
43
31
20
33
964
976
24
36
982
38
955
14
971
30
985
957
973
962
972
970
975
969
977
978
44
21
25
947
974
29
35
989
990
981
7
12
986
15
10
983
18
994
4
979
992
6
991
988
984
17
11
993
19
1
997
5
387
832
542
463
519
559
593
750
840
890
102
351
416
420
468
500
507
615
788
825
279
449
477
667
326
330
346
414
452
483
492
536
558
562
567
570
625
729
793
110
158
400
407
419
431
441
469
476
509
538
547
551
646
749
755
783
794
802
812
146
150
156
193
197
277
368
373
440
459
470
482
499
525
537
556
590
599
605
642
644
743
756
758
763
818
826
867
872
899
142
155
223
345
397
408
421
426
427
480
491
512
515
539
548
569
576
692
708
736
761
762
764
765
804
805
807
856
135
145
151
160
169
183
184
210
214
319
372
384
385
392
395
415
417
423
428
432
434
446
457
462
464
494
506
513
517
529
555
568
608
614
645
654
689
723
728
776
782
791
792
796
822
828
837
842
843
848
855
909
101
149
152
180
182
215
226
269
425
454
461
487
489
498
514
524
528
572
577
582
585
616
622
640
701
710
711
740
757
767
777
811
829
833
860
865
871
103
107
136
153
177
179
220
240
246
247
250
252
316
329
355
362
370
374
388
389
435
450
453
475
486
496
497
510
518
535
552
583
589
594
604
606
623
678
695
709
730
752
753
772
781
795
798
801
813
819
821
835
839
849
851
852
882
889
108
112
119
154
166
172
173
181
192
198
204
255
261
268
282
283
336
391
398
406
422
424
443
447
455
460
467
471
472
474
478
501
520
533
545
550
557
575
607
612
630
633
639
659
670
686
687
718
733
737
738
746
766
768
786
790
797
800
827
836
838
862
897
106
117
127
133
139
161
187
233
254
258
272
304
321
335
361
364
365
371
376
382
404
436
439
444
445
451
465
481
484
485
488
490
511
516
521
540
581
587
611
656
660
663
671
675
684
693
704
713
717
725
739
785
816
817
820
831
841
861
877
885
903
907
914
920
924
100
123
126
131
147
175
176
185
186
189
205
207
244
262
281
285
306
327
339
350
353
357
390
405
430
466
493
502
541
543
565
613
619
627
668
669
677
722
734
742
773
774
775
779
808
834
846
850
854
857
869
874
881
883
892
904
905
918
921
109
111
120
138
141
148
170
217
224
230
234
236
242
274
305
328
338
356
359
375
377
383
386
393
399
409
411
418
442
473
508
526
527
530
549
554
564
574
601
603
629
638
651
652
679
688
697
721
727
745
760
814
884
893
898
927
93
95
98
128
144
168
190
195
200
208
211
228
251
266
275
280
293
300
307
309
318
333
363
433
437
456
503
522
523
532
553
561
566
586
591
620
624
634
641
661
664
672
685
702
705
706
707
726
744
747
784
799
806
844
847
879
906
90
94
118
137
174
206
235
253
260
270
271
288
291
297
313
343
349
354
381
394
401
429
438
495
534
595
598
636
657
666
696
724
748
759
770
803
845
858
863
868
875
894
913
933
935
115
134
143
165
201
231
239
245
256
320
325
332
337
352
366
396
412
448
505
588
592
621
628
632
643
665
673
676
694
700
714
731
771
778
787
810
853
864
866
878
99
113
124
125
129
159
167
188
213
225
229
241
249
259
265
276
284
301
311
369
410
458
479
504
544
546
584
631
635
647
690
699
716
754
769
859
873
880
895
896
908
919
83
232
295
302
308
334
340
360
380
571
596
600
602
609
626
649
650
662
674
680
682
712
720
751
780
809
824
870
888
901
912
72
96
104
163
164
178
191
199
202
218
237
303
314
322
402
531
578
618
637
655
683
715
719
741
891
929
60
73
74
82
97
116
121
122
130
157
194
227
243
264
324
403
563
597
681
735
876
902
911
916
942
59
68
79
80
85
88
196
219
238
267
273
278
287
290
315
378
413
648
658
703
732
789
823
62
64
78
86
87
114
162
221
312
317
331
887
917
922
950
77
105
132
140
286
573
580
931
932
92
212
263
323
344
691
698
910
925
943
75
84
292
296
348
379
610
939
940
63
294
298
342
830
900
926
70
81
209
222
248
289
358
367
923
57
815
58
76
257
310
347
936
65
89
91
171
928
934
944
53
54
66
69
71
560
886
67
341
579
945
653
55
299
938
951
45
51
216
956
56
941
948
203
50
617
915
937
952
965
61
930
958
961
48
959
46
946
954
953
966
52
40
949
34
23
42
49
960
967
968
32
37
27
41
39
47
22
963
964
26
31
33
20
43
976
982
955
971
957
985
24
36
38
947
973
14
30
962
975
969
970
972
977
978
21
44
25
974
29
35
989
990
981
986
7
12
15
983
10
6
979
18
994
4
992
988
991
19
984
17
997
11
993
1
5
9
840
441
542
794
825
326
536
792
899
768
728
795
589
723
747
832
822
463
746
477
387
102
832
351
468
519
593
346
416
420
449
463
507
542
559
750
800
825
279
330
500
567
615
667
783
788
890
110
142
319
407
492
551
646
793
812
840
146
155
158
197
414
431
464
469
476
477
483
538
547
558
562
569
570
590
599
625
729
749
802
145
150
151
160
183
193
226
277
326
329
345
368
397
400
452
459
491
499
512
525
536
556
644
654
755
794
818
872
101
149
156
169
184
214
215
223
246
247
250
316
373
417
426
427
432
440
441
457
537
576
605
640
642
692
743
756
765
804
805
855
107
112
135
182
210
269
408
419
421
423
434
461
470
480
482
509
517
539
555
608
708
757
758
764
826
842
865
867
909
103
108
136
153
166
172
179
180
355
362
370
384
385
395
425
428
435
446
450
462
471
489
506
513
515
529
535
548
572
577
585
604
606
607
614
623
645
762
763
767
772
776
782
792
807
828
837
848
856
860
899
117
139
152
154
181
192
198
220
240
252
258
268
372
374
388
391
392
415
487
496
498
518
528
568
582
583
616
639
736
791
796
821
833
839
889
897
100
109
119
120
127
131
133
161
170
173
176
177
255
261
282
283
389
406
447
453
454
455
475
486
501
524
545
552
581
594
611
622
630
659
675
678
689
701
709
710
711
723
728
730
738
740
761
766
777
779
781
798
811
822
827
829
838
843
851
852
106
123
128
168
186
187
204
224
233
254
260
280
328
336
361
364
365
371
390
404
422
424
439
443
445
467
472
478
490
494
497
510
511
520
526
533
550
557
575
619
633
663
671
686
687
713
718
737
813
819
820
836
849
861
862
871
877
907
920
98
111
126
141
147
175
189
211
230
244
262
266
272
274
281
285
304
306
318
321
327
335
350
353
357
376
382
386
398
451
460
465
484
485
514
521
543
587
589
601
612
627
656
660
670
684
693
704
752
753
775
785
786
790
795
801
816
817
835
857
874
881
882
883
885
892
898
903
905
90
115
138
148
167
185
195
205
206
207
217
228
242
251
309
333
338
356
359
377
411
430
436
444
466
473
474
488
508
516
540
574
591
613
634
638
669
677
685
695
725
733
734
739
742
773
841
854
884
894
924
93
144
174
190
234
236
253
271
275
297
300
305
307
320
332
339
354
363
375
399
405
409
418
433
437
481
502
541
554
629
641
664
668
679
688
706
717
721
746
831
834
844
846
850
875
904
914
921
927
94
95
118
124
137
159
200
201
231
245
259
293
313
343
349
352
366
381
393
412
429
438
442
493
503
523
527
530
549
553
564
565
586
595
603
620
624
632
636
652
661
666
697
702
722
726
727
744
745
760
768
770
774
797
806
808
814
847
858
868
869
878
879
893
918
99
125
129
134
188
191
208
256
270
276
284
288
291
325
383
401
458
495
522
532
566
598
628
651
672
707
784
799
803
863
864
906
935
164
165
218
225
229
235
239
241
249
295
302
360
394
410
504
505
534
561
588
592
602
621
674
759
810
845
859
866
933
72
83
97
113
114
116
143
163
194
202
213
232
301
308
311
337
396
456
479
544
596
609
631
635
643
647
649
665
673
694
700
705
724
747
748
880
913
919
60
62
73
74
82
104
121
199
264
265
314
369
413
448
563
600
618
650
657
676
680
683
699
714
716
754
778
787
870
873
891
895
901
908
68
86
96
122
227
237
238
278
290
315
340
378
402
531
546
571
578
584
597
637
655
690
696
715
731
771
780
809
824
853
888
896
912
929
59
64
78
79
92
105
130
132
178
219
221
243
303
322
324
334
626
662
681
712
720
741
769
902
911
75
77
80
85
88
157
162
196
267
286
287
331
380
703
719
735
751
823
87
263
273
312
344
573
648
658
682
698
732
789
916
932
70
81
84
292
317
403
876
887
917
925
942
212
323
348
922
943
950
57
140
296
299
379
580
691
910
931
63
209
248
294
298
342
358
830
58
222
289
347
610
900
939
69
76
89
171
257
65
91
310
886
923
926
940
944
66
367
815
53
71
928
934
936
67
341
51
54
55
653
216
560
579
945
45
56
938
951
50
948
61
956
203
617
937
952
941
961
48
930
965
46
915
946
958
966
954
52
959
34
40
953
42
49
23
39
949
32
37
41
960
27
47
967
968
22
963
26
31
43
964
20
33
955
976
982
24
36
971
38
985
14
30
957
973
962
970
972
975
977
969
978
44
947
21
25
29
974
35
990
989
981
986
7
12
15
983
10
994
4
992
979
18
991
988
17
6
11
984
993
19
5
997
1
387
542
832
593
750
463
468
507
519
559
840
890
102
346
351
416
420
477
492
500
567
615
667
788
825
279
449
452
483
536
570
326
330
400
414
419
459
476
509
551
558
625
729
793
794
812
110
158
277
368
373
407
431
441
482
537
547
556
562
590
743
749
755
756
762
763
783
802
156
193
197
345
408
427
440
469
470
499
525
538
569
605
642
646
736
758
764
818
867
872
899
135
142
146
150
155
223
384
397
415
421
428
480
491
512
515
529
539
548
555
599
608
644
708
728
761
765
792
804
805
807
826
848
856
145
160
183
210
319
372
385
392
395
417
423
426
432
434
446
457
461
464
487
489
494
498
513
514
517
528
568
576
577
582
614
616
645
654
689
692
710
767
776
782
791
811
822
843
103
151
152
169
181
184
214
226
269
388
425
454
462
475
497
506
510
518
524
535
552
585
640
701
723
730
740
753
757
796
821
828
829
833
839
842
852
855
871
101
149
153
177
179
182
192
215
246
247
250
316
329
355
362
370
374
389
391
422
435
450
453
455
467
474
486
501
520
550
572
583
594
606
622
623
633
678
686
709
711
746
752
766
768
772
777
781
786
790
795
798
801
813
819
837
851
860
865
882
107
136
166
173
180
198
204
220
240
252
255
261
272
283
335
336
364
376
382
398
406
424
439
443
444
447
460
471
478
481
485
496
511
521
543
545
557
575
587
589
604
607
639
656
659
660
670
671
687
695
717
737
797
800
820
835
836
849
862
889
909
106
108
112
117
119
139
154
161
172
187
207
254
258
262
268
282
285
304
321
350
353
361
365
404
430
436
451
472
484
490
493
502
516
533
540
581
611
612
619
630
677
684
693
704
713
718
722
733
739
773
775
816
827
838
841
861
885
897
903
914
123
133
147
185
186
189
205
230
233
242
244
281
306
327
328
338
357
359
371
377
390
405
445
465
473
488
508
530
565
574
603
613
638
651
652
663
668
669
672
675
688
721
725
727
738
742
760
774
779
785
808
817
831
846
850
854
877
905
93
98
100
126
127
131
234
236
300
305
339
375
383
386
394
399
409
411
437
442
456
466
503
526
527
541
554
624
627
734
806
814
834
857
869
874
883
884
892
907
918
920
921
95
109
111
141
148
170
175
176
190
200
208
211
217
224
266
271
288
293
307
309
313
356
363
418
522
523
532
549
553
561
564
566
586
595
601
629
641
661
679
685
697
702
705
706
707
726
745
747
784
847
879
881
893
904
924
927
128
137
138
168
174
195
228
251
253
260
274
275
280
291
297
318
333
349
354
381
393
429
433
438
505
534
591
592
620
632
634
657
664
666
696
714
724
731
744
748
770
799
803
844
845
875
898
906
90
120
143
144
165
235
249
270
332
337
343
366
401
458
495
598
628
636
665
673
676
716
754
759
769
771
787
810
858
863
864
868
894
94
113
118
124
134
159
201
206
213
225
231
239
245
256
259
265
284
295
311
334
360
369
396
410
412
448
504
544
546
588
621
631
647
674
682
690
694
700
712
778
780
824
853
873
896
913
933
935
99
115
125
129
188
218
229
276
301
314
325
352
380
479
531
571
584
596
600
626
635
643
650
655
683
699
720
809
859
866
878
83
167
178
199
202
232
237
241
303
308
320
340
402
602
609
618
637
649
662
680
715
741
751
870
880
895
908
73
74
96
121
157
163
164
191
227
243
302
403
578
703
719
735
876
888
891
919
72
104
122
194
219
278
290
315
322
324
378
563
648
681
901
902
912
916
929
60
64
68
79
80
82
88
97
105
116
130
140
196
264
267
273
287
317
573
580
597
732
789
823
911
917
922
942
950
59
78
86
162
221
238
286
292
312
331
413
62
77
85
114
296
658
887
87
132
212
263
344
379
610
698
910
931
92
222
323
348
367
691
830
939
75
84
289
298
342
900
926
932
943
63
70
248
294
358
923
925
81
257
310
815
940
57
76
171
209
347
53
58
66
89
54
71
91
560
579
934
936
65
67
341
69
886
928
55
203
653
945
45
51
56
944
938
951
299
948
956
50
216
617
61
941
915
965
48
937
952
959
46
930
958
954
961
40
52
966
946
949
953
32
34
23
42
37
49
41
967
968
22
39
27
960
963
47
26
964
976
43
31
20
33
982
24
955
971
975
36
985
14
957
978
969
972
30
38
973
21
25
962
970
44
977
947
35
974
989
29
990
981
986
7
12
15
10
6
18
4
983
994
979
988
992
991
19
17
984
11
997
993
1
5
840
441
794
326
825
542
536
792
899
589
728
795
768
747
723
822
832
463
746
