246.6
246.6
246.7
246.7
246.7
246.7
246.7
246.7
246.7
246.7
246.7
246.7
246.7
246.7
246.7
246.7
246.7
246.7
246.7
246.7
246.7
246.7
246.7
246.7
246.7
246.7
246.7
246.7
246.7
246.7
246.7
246.7
246.7
246.7
246.8
246.8
246.8
246.8
246.8
246.8
246.8
246.8
246.8
246.8
246.8
246.8
246.8
246.8
246.8
246.8
246.8
246.8
246.9
246.9
246.9
246.9
246.9
246.9
246.9
246.9
246.9
246.9
246.9
246.9
246.9
246.9
246.9
246.9
246.9
247.0
247.0
247.0
247.0
247.0
247.0
247.0
247.1
247.1
247.2
247.4
247.4
247.4
247.4
247.6
247.6
247.6
247.6
247.6
247.7
247.7
247.7
247.8
247.9
248.0
248.0
248.2
248.2
248.2
248.2
248.6
252.6
252.6
252.6
252.7
252.7
252.7
252.7
252.7
252.7
252.7
252.7
252.7
252.7
252.8
252.8
252.8
252.8
252.8
252.8
252.8
252.8
252.8
252.8
252.8
252.8
252.8
252.8
252.8
252.8
252.9
252.9
252.9
252.9
252.9
253.0
253.0
253.0
253.0
253.0
253.1
253.1
253.1
253.1
253.1
253.1
253.1
253.1
253.1
253.1
253.1
253.2
253.2
253.2
253.2
253.2
253.2
253.2
253.2
253.2
253.3
253.3
253.3
253.3
253.3
253.4
253.4
253.4
253.5
253.6
253.6
253.7
253.7
253.8
253.8
253.9
253.9
254.0
254.2
254.2
255.0
255.0
255.1
255.3
255.5
255.5
255.6
255.8
255.8
255.9
255.9
256.1
256.6
256.7
256.7
257.1
257.1
257.2
257.2
257.2
257.2
257.2
257.2
257.2
257.2
257.2
257.2
257.2
257.2
257.2
257.3
257.3
257.3
257.3
257.3
257.3
257.3
257.3
257.4
257.4
257.4
257.4
257.4
257.4
257.4
257.5
257.5
257.5
257.5
257.5
257.5
257.5
257.5
257.5
257.5
257.5
257.6
257.6
257.6
257.6
257.7
257.7
257.7
257.7
257.7
257.7
257.8
257.8
257.8
257.9
257.9
257.9
257.9
258.0
258.0
258.0
258.0
258.0
258.1
258.1
258.1
258.1
258.2
258.3
258.3
258.3
258.4
258.4
258.5
258.5
258.6
258.7
258.8
258.8
258.8
258.9
258.9
259.2
259.3
259.4
260.3
260.4
260.5
260.6
260.7
260.8
261.0
261.3
261.5
261.7
261.7
261.7
261.7
261.8
261.8
261.8
261.8
261.9
261.9
261.9
262.0
262.0
262.0
262.0
262.0
262.1
262.1
262.1
262.1
262.1
262.2
262.2
262.2
262.3
262.3
262.3
262.3
262.3
262.3
262.3
262.3
262.4
262.4
262.4
262.4
262.4
262.4
262.4
262.4
262.5
262.5
262.6
262.6
262.6
262.6
262.7
262.7
262.7
262.7
262.7
262.8
262.8
262.8
262.8
262.9
262.9
262.9
263.1
263.2
263.2
263.3
263.3
263.3
263.3
263.4
263.4
263.5
263.6
263.9
264.0
264.0
264.0
264.0
264.0
264.1
264.1
264.1
264.1
264.2
264.4
264.5
264.6
264.8
264.9
265.1
265.2
265.3
265.4
265.6
266.4
266.8
266.8
266.9
267.1
267.4
267.8
267.9
268.2
268.3
268.5
268.6
268.6
268.6
268.6
268.7
268.8
268.9
268.9
269.0
269.0
269.0
269.1
269.1
269.1
269.2
269.3
269.4
269.4
269.4
269.5
269.5
269.5
269.5
269.5
269.5
269.5
269.6
269.6
269.6
269.7
269.8
269.8
269.8
269.8
269.9
269.9
269.9
270.0
270.0
270.0
270.1
270.1
270.2
270.2
270.2
270.2
270.2
270.3
270.4
270.4
270.4
270.5
270.6
270.7
270.8
270.8
270.9
270.9
271.1
271.2
271.3
271.6
271.7
271.9
272.0
272.1
272.2
272.4
272.5
272.6
272.7
273.0
273.2
273.6
273.9
274.1
274.8
275.0
275.1
275.1
275.2
275.2
276.3
276.3
276.4
276.7
277.1
277.8
278.2
278.3
278.6
279.3
280.6
281.4
286.2
286.9
287.0
290.7
291.5
293.2
293.5
297.1
299.2
300.4
304.7
334.8
416.4
416.5
416.5
416.5
416.5
416.5
416.5
416.5
416.5
416.5
416.5
416.5
416.5
416.5
416.5
416.5
416.5
416.5
416.5
416.5
416.5
416.5
416.5
416.5
416.5
416.5
416.5
416.5
416.5
416.5
416.5
416.5
416.5
416.5
416.5
416.5
416.5
416.5
416.5
416.5
416.5
416.5
416.5
416.5
416.6
416.6
416.6
416.6
416.6
416.6
416.6
416.6
416.6
416.6
416.6
416.6
416.6
416.6
416.6
416.6
416.6
416.6
416.6
416.6
416.6
416.7
416.7
416.7
416.7
416.8
416.8
416.8
416.8
416.9
416.9
416.9
416.9
416.9
417.0
417.1
417.1
417.2
417.2
417.2
417.2
417.2
417.3
417.3
417.4
417.4
417.5
417.5
417.5
417.6
417.8
417.9
417.9
417.9
417.9
418.0
421.3
421.3
421.3
421.3
421.3
421.3
421.3
421.4
421.4
421.4
421.4
421.4
421.4
421.4
421.4
421.4
421.4
421.4
421.4
421.4
421.4
421.4
421.4
421.4
421.4
421.4
421.4
421.4
421.4
421.4
421.4
421.5
421.5
421.5
421.5
421.5
421.5
421.5
421.5
421.5
421.5
421.5
421.5
421.5
421.5
421.5
421.5
421.5
421.5
421.5
421.5
421.5
421.5
421.5
421.5
421.5
421.5
421.5
421.6
421.6
421.6
421.6
421.6
421.7
421.7
421.7
421.7
421.7
421.9
421.9
422.0
422.1
422.2
422.2
422.3
422.3
422.3
422.4
422.6
422.8
422.8
423.1
423.1
423.2
423.2
423.3
423.5
423.5
423.7
423.7
423.9
424.2
424.4
424.4
425.0
425.2
425.3
425.3
425.4
425.5
425.5
425.5
425.5
425.6
425.6
425.6
425.6
425.6
425.6
425.6
425.6
425.6
425.7
425.7
425.7
425.7
425.7
425.7
425.7
425.7
425.7
425.7
425.7
425.7
425.8
425.8
425.8
425.8
425.8
425.8
425.8
425.8
425.9
425.9
425.9
425.9
425.9
425.9
425.9
426.0
426.0
426.0
426.0
426.0
426.0
426.0
426.0
426.0
426.1
426.1
426.1
426.1
426.1
426.1
426.1
426.2
426.2
426.2
426.3
426.3
426.4
426.4
426.4
426.7
426.7
426.7
426.7
426.8
426.9
427.0
427.0
427.0
427.0
427.0
427.3
427.4
427.4
427.6
428.0
428.5
428.5
428.7
428.7
428.8
428.9
429.1
429.4
429.7
429.9
430.0
430.2
430.3
430.3
430.3
430.3
430.3
430.4
430.4
430.5
430.5
430.5
430.6
430.6
430.6
430.6
430.6
430.7
430.7
430.7
430.8
430.8
430.8
430.8
430.8
430.8
430.9
430.9
430.9
430.9
431.0
431.0
431.1
431.1
431.2
431.2
431.2
431.2
431.2
431.2
431.2
431.3
431.3
431.3
431.4
431.4
431.4
431.5
431.5
431.5
431.6
431.6
431.6
431.6
431.8
431.9
431.9
431.9
431.9
432.0
432.0
432.0
432.1
432.1
432.2
432.5
432.5
432.7
432.7
432.9
432.9
433.1
433.2
433.3
433.3
433.4
433.4
433.8
433.8
434.0
434.2
434.3
434.3
434.3
434.5
434.8
435.0
435.1
435.3
436.7
437.1
437.7
437.8
438.1
438.2
438.5
438.6
438.8
438.9
439.1
439.4
439.5
439.7
439.7
439.7
439.8
439.9
440.0
440.0
440.0
440.2
440.5
440.7
440.8
440.8
440.9
441.0
441.0
441.0
441.1
441.1
441.1
441.2
441.8
441.9
442.0
442.0
442.2
442.2
442.3
442.3
442.4
442.4
442.6
442.6
442.8
442.9
443.0
443.0
443.1
443.4
443.4
443.7
443.9
444.0
444.1
444.5
444.8
444.8
444.9
445.1
445.4
446.1
446.4
447.0
447.5
447.6
447.6
447.7
447.7
447.9
448.5
450.1
450.6
452.3
453.3
454.5
455.3
455.5
456.4
458.7
467.2
545.9
545.9
545.9
545.9
545.9
545.9
545.9
545.9
545.9
546.0
546.0
546.0
546.0
546.0
546.0
546.0
546.0
546.0
546.0
546.0
546.0
546.0
546.0
546.0
546.0
546.0
546.0
546.0
546.0
546.0
546.0
546.0
546.0
546.0
546.0
546.0
546.0
546.0
546.0
546.0
546.0
546.0
546.0
546.0
546.1
546.1
546.1
546.1
546.1
546.1
546.1
546.1
546.1
546.1
546.1
546.1
546.1
546.1
546.1
546.1
546.1
546.1
546.1
546.1
546.1
546.1
546.1
546.1
546.2
546.2
546.2
546.2
546.2
546.2
546.2
546.2
546.2
546.3
546.3
546.5
546.5
546.5
546.5
546.6
546.6
546.6
546.7
546.7
546.7
546.7
546.7
546.9
546.9
546.9
547.0
547.1
547.1
547.1
547.1
547.4
552.4
552.4
552.5
552.5
552.5
552.5
552.5
552.5
552.5
552.5
552.6
552.6
552.6
552.6
552.6
552.6
552.6
552.6
552.6
552.6
552.6
552.6
552.6
552.6
552.7
552.7
552.7
552.7
552.7
552.7
552.7
552.7
552.8
552.8
552.8
552.9
552.9
552.9
552.9
552.9
553.0
553.0
553.0
553.0
553.0
553.0
553.0
553.0
553.0
553.0
553.1
553.1
553.1
553.1
553.1
553.1
553.1
553.2
553.2
553.2
553.3
553.3
553.3
553.4
553.4
553.4
553.4
553.5
553.7
553.7
553.7
553.8
553.9
553.9
554.0
554.1
554.1
554.5
554.6
555.8
555.9
555.9
556.1
556.8
556.8
557.0
557.3
557.4
557.5
557.7
558.1
559.8
559.9
560.3
561.8
563.1
563.3
563.7
563.7
564.5
564.5
564.5
564.5
564.5
564.5
564.5
564.5
564.6
564.6
564.6
564.6
564.6
564.6
564.6
564.6
564.6
564.6
564.6
564.6
564.6
564.6
564.6
564.6
564.6
564.6
564.6
564.6
564.6
564.6
564.6
564.6
564.6
564.6
564.6
564.6
564.6
564.6
564.6
564.6
564.6
564.6
564.6
564.6
564.6
564.6
564.6
564.6
564.6
564.6
564.6
564.6
564.7
564.7
564.7
564.7
564.7
564.7
564.7
564.7
564.7
564.7
564.7
564.7
564.7
564.7
564.7
564.7
564.8
564.8
564.8
564.8
564.9
565.1
565.4
565.4
565.5
565.5
565.5
565.6
565.6
565.8
565.9
566.0
566.1
566.3
566.4
566.4
566.4
566.8
566.8
567.0
567.5
567.7
567.8
568.6
568.6
568.6
568.6
568.7
568.7
568.7
568.7
568.7
568.8
568.8
568.8
568.8
568.8
568.8
568.8
568.8
568.8
568.8
568.8
568.9
568.9
568.9
568.9
568.9
568.9
568.9
568.9
568.9
568.9
569.0
569.0
569.0
569.0
569.0
569.0
569.1
569.1
569.1
569.1
569.1
569.1
569.1
569.1
569.2
569.2
569.2
569.2
569.2
569.3
569.3
569.3
569.4
569.4
569.4
569.4
569.4
569.5
569.5
569.5
569.6
569.7
569.8
569.8
569.9
569.9
570.0
570.0
570.2
570.2
570.4
570.4
570.4
570.6
570.6
570.8
570.9
570.9
571.3
571.4
571.6
571.6
571.7
571.8
571.8
571.9
572.0
572.2
572.5
572.8
573.0
573.1
573.1
573.6
573.6
573.7
573.7
573.8
573.9
573.9
573.9
573.9
573.9
573.9
573.9
574.0
574.1
574.1
574.1
574.1
574.1
574.1
574.2
574.2
574.2
574.2
574.2
574.3
574.3
574.3
574.4
574.4
574.4
574.4
574.4
574.4
574.6
574.6
574.6
574.6
574.6
574.6
574.7
574.7
574.7
574.8
574.8
574.8
574.8
574.9
574.9
575.0
575.1
575.1
575.1
575.2
575.2
575.2
575.4
575.4
575.4
575.4
575.6
575.8
575.8
575.9
575.9
575.9
576.2
576.2
576.3
576.3
576.4
576.6
576.7
576.8
576.8
577.0
577.0
577.3
577.3
577.9
577.9
578.0
578.1
578.3
578.5
578.6
578.6
578.7
578.7
578.7
579.0
579.2
579.3
579.3
579.3
579.5
579.5
579.6
579.8
579.8
579.8
579.9
579.9
579.9
579.9
580.0
580.0
580.0
580.0
580.0
580.1
580.1
580.1
580.1
580.1
580.1
580.2
580.2
580.2
580.2
580.2
580.3
580.3
580.3
580.4
580.4
580.4
580.4
580.5
580.5
580.5
580.5
580.5
580.5
580.6
580.6
580.6
580.7
580.8
580.8
580.8
580.8
580.9
580.9
581.1
581.2
581.2
581.2
581.3
581.3
581.4
581.4
581.5
581.6
581.6
581.7
581.7
581.7
581.9
582.1
582.5
582.6
582.7
582.7
582.7
582.8
582.9
583.3
583.3
583.5
583.7
583.8
584.0
584.5
584.8
585.2
585.2
585.9
586.6
587.0
587.1
587.1
587.2
587.4
587.6
587.7
587.9
588.5
588.7
588.9
589.2
590.1
590.5
590.7
590.8
591.2
591.5
591.8
592.2
592.4
592.5
592.6
592.7
592.8
592.8
592.9
593.0
593.1
593.2
593.3
593.3
593.4
593.7
593.8
594.1
594.3
594.5
594.6
594.7
594.7
594.9
594.9
595.0
595.0
595.2
595.4
595.5
595.6
595.9
595.9
596.1
596.3
596.5
597.2
597.8
597.9
598.2
598.9
599.3
599.3
599.5
599.6
599.6
599.6
599.7
600.4
600.6
600.7
601.5
601.7
601.8
602.0
602.3
602.4
603.1
603.3
603.7
604.6
606.9
608.3
608.7
609.4
609.4
619.2
620.0
693.0
693.0
693.1
693.1
693.1
693.1
693.1
693.1
693.1
693.1
693.1
693.1
693.1
693.1
693.1
693.1
693.1
693.1
693.1
693.1
693.1
693.1
693.1
693.1
693.1
693.1
693.1
693.1
693.1
693.1
693.1
693.1
693.1
693.1
693.1
693.1
693.1
693.1
693.1
693.1
693.1
693.1
693.1
693.1
693.1
693.1
693.1
693.1
693.1
693.1
693.1
693.2
693.2
693.2
693.2
693.2
693.2
693.2
693.2
693.2
693.2
693.2
693.2
693.2
693.2
693.2
693.2
693.2
693.3
693.3
693.3
693.3
693.3
693.3
693.3
693.3
693.3
693.4
693.4
693.5
693.5
693.5
693.6
693.6
693.6
693.7
693.7
693.7
693.7
693.7
693.8
693.9
693.9
693.9
694.0
694.1
694.1
694.2
694.2
694.5
699.7
699.7
699.7
699.7
699.7
699.7
699.7
699.8
699.8
699.8
699.8
699.8
699.8
699.8
699.8
699.9
699.9
699.9
699.9
699.9
699.9
699.9
699.9
699.9
699.9
699.9
699.9
699.9
699.9
700.0
700.0
700.0
700.0
700.1
700.1
700.1
700.1
700.1
700.1
700.1
700.1
700.2
700.2
700.2
700.2
700.2
700.2
700.2
700.2
700.2
700.3
700.3
700.3
700.3
700.3
700.3
700.3
700.3
700.4
700.4
700.4
700.4
700.4
700.5
700.5
700.6
700.6
700.7
700.8
700.8
700.9
700.9
701.0
701.0
701.1
701.1
701.2
701.4
701.4
702.0
702.0
702.1
702.2
702.3
702.3
702.4
702.6
702.6
702.6
702.6
702.8
703.1
703.2
703.3
703.7
703.9
704.0
704.1
704.2
704.6
705.6
705.6
705.7
705.7
705.7
705.7
705.7
705.7
705.7
705.7
705.8
705.8
705.8
705.8
705.8
705.8
705.8
705.8
705.8
705.8
705.8
705.8
705.8
705.8
705.8
705.8
705.9
705.9
705.9
706.0
706.0
706.0
706.0
706.0
706.0
706.1
706.1
706.1
706.1
706.1
706.1
706.1
706.1
706.2
706.2
706.2
706.2
706.2
706.2
706.3
706.3
706.3
706.3
706.3
706.4
706.4
706.4
706.4
706.5
706.5
706.5
706.6
706.6
706.7
706.8
706.9
706.9
706.9
707.0
707.1
707.2
707.2
707.2
707.3
707.4
707.4
707.5
707.6
707.8
708.2
708.5
708.5
708.5
708.5
708.6
708.6
708.8
708.8
708.8
708.8
708.9
709.3
709.3
709.4
709.5
709.5
709.5
709.5
709.5
709.5
709.6
709.6
709.6
709.6
709.6
709.6
709.6
709.6
709.7
709.7
709.7
709.7
709.7
709.8
709.8
709.8
709.8
709.8
709.8
709.8
709.8
709.8
709.9
709.9
709.9
709.9
709.9
709.9
709.9
709.9
709.9
710.0
710.0
710.0
710.0
710.0
710.0
710.0
710.0
710.1
710.1
710.2
710.2
710.3
710.3
710.3
710.3
710.3
710.3
710.3
710.4
710.4
710.4
710.4
710.5
710.5
710.5
710.5
710.6
710.7
710.7
710.8
710.8
710.9
710.9
711.2
711.3
711.6
711.6
711.7
711.7
711.9
711.9
712.0
712.2
712.3
712.7
712.7
713.2
713.8
713.9
714.0
714.0
714.1
714.1
714.3
714.3
714.4
714.4
714.5
714.5
714.6
714.6
714.6
714.7
714.7
714.7
714.7
714.7
714.8
714.8
714.8
714.8
714.9
714.9
714.9
714.9
714.9
714.9
715.0
715.0
715.0
715.0
715.1
715.1
715.1
715.1
715.1
715.1
715.1
715.2
715.2
715.2
715.2
715.2
715.3
715.3
715.3
715.4
715.4
715.4
715.4
715.4
715.4
715.5
715.5
715.5
715.5
715.5
715.5
715.6
715.7
715.7
715.8
715.8
715.9
716.0
716.0
716.1
716.3
716.3
716.4
716.4
716.4
716.5
716.6
716.7
717.0
717.2
717.2
717.3
717.6
717.6
717.7
717.7
717.9
718.1
718.1
718.2
718.3
718.4
718.6
719.0
719.4
719.6
719.7
719.9
720.1
721.6
721.6
721.9
721.9
722.2
722.3
722.7
723.6
723.8
723.9
724.1
724.3
724.5
724.5
724.7
724.7
724.8
724.8
724.8
725.1
725.2
725.3
725.3
725.4
725.5
725.5
725.6
725.6
725.7
726.0
726.1
726.1
726.2
726.2
726.2
726.3
726.3
726.4
726.4
726.6
726.6
726.6
726.8
727.0
727.2
727.2
727.2
727.3
727.3
727.4
727.4
727.5
727.6
727.6
727.6
727.6
728.0
728.0
728.2
728.3
728.5
728.5
728.5
728.7
728.8
729.2
729.3
729.7
729.8
729.8
730.0
730.2
730.5
730.7
731.1
731.3
732.2
733.9
734.0
734.2
734.3
734.3
734.4
734.4
734.5
734.5
734.6
734.6
734.6
734.6
734.6
734.8
734.8
734.8
734.9
734.9
735.0
735.0
735.0
735.0
735.0
735.0
735.0
735.0
735.0
735.0
735.0
735.0
735.1
735.1
735.1
735.1
735.1
735.1
735.1
735.1
735.1
735.1
735.1
735.1
735.1
735.1
735.1
735.1
735.1
735.1
735.1
735.1
735.1
735.1
735.1
735.2
735.2
735.2
735.2
735.2
735.2
735.2
735.2
735.2
735.2
735.2
735.2
735.2
735.2
735.2
735.2
735.2
735.2
735.2
735.2
735.2
735.3
735.3
735.3
735.3
735.3
735.3
735.3
735.3
735.4
735.4
735.4
735.4
735.4
735.5
735.6
735.6
735.6
735.7
735.7
735.7
735.7
735.7
736.0
736.3
736.9
739.3
739.8
740.2
740.2
740.3
740.5
740.7
740.8
740.9
741.0
741.0
741.0
741.0
741.0
741.0
741.0
741.1
741.1
741.1
741.1
741.1
741.1
741.1
741.1
741.1
741.1
741.1
741.1
741.1
741.1
741.1
741.1
741.2
741.2
741.2
741.2
741.2
741.2
741.2
741.2
741.2
741.2
741.2
741.3
741.3
741.3
741.3
741.3
741.3
741.3
741.3
741.3
741.3
741.3
741.3
741.3
741.3
741.4
741.4
741.4
741.5
741.5
741.5
741.5
741.5
741.6
741.6
741.6
741.6
741.6
741.6
741.7
741.7
741.7
741.8
741.8
741.8
741.9
741.9
742.2
742.2
742.2
742.5
742.5
742.6
742.7
742.7
742.7
742.7
742.8
742.8
743.0
743.1
743.1
743.2
743.2
743.2
743.8
743.9
744.0
744.4
745.2
745.5
745.7
745.7
745.7
745.8
745.8
745.8
745.9
745.9
745.9
745.9
745.9
746.0
746.0
746.0
746.1
746.1
746.1
746.1
746.1
746.2
746.2
746.3
746.3
746.3
746.3
746.3
746.3
746.4
746.4
746.4
746.4
746.4
746.4
746.4
746.5
746.5
746.5
746.5
746.5
746.5
746.6
746.6
746.7
746.7
746.7
746.8
746.8
746.8
746.8
746.8
746.8
746.8
746.9
746.9
746.9
747.0
747.0
747.0
747.0
747.1
747.1
747.3
747.4
747.4
747.4
747.5
747.5
747.7
747.7
747.8
747.8
748.2
748.3
748.6
749.2
749.7
750.1
750.2
750.3
750.3
750.9
751.1
751.3
751.4
751.7
751.7
752.0
752.1
752.1
752.2
752.3
752.3
752.3
752.4
752.4
752.4
752.5
752.5
752.6
752.7
752.7
752.7
752.8
752.8
752.8
752.9
752.9
752.9
752.9
752.9
752.9
753.0
753.0
753.1
753.1
753.1
753.2
753.2
753.2
753.2
753.2
753.2
753.2
753.3
753.3
753.4
753.4
753.4
753.5
753.5
753.6
753.6
753.6
753.6
753.6
753.6
753.7
753.7
753.7
753.8
753.8
753.8
753.8
753.9
753.9
753.9
754.1
754.1
754.1
754.1
754.2
754.2
754.2
754.2
754.3
754.3
754.3
754.3
754.4
754.4
754.5
754.5
754.5
754.6
754.7
754.8
754.9
754.9
754.9
755.1
755.7
755.7
756.0
756.2
756.4
757.2
758.3
758.6
759.2
759.4
760.5
760.7
760.8
760.9
761.0
761.2
761.4
761.6
761.7
762.0
762.3
762.4
762.5
762.5
762.6
762.9
762.9
763.1
763.1
763.4
763.5
763.6
763.8
763.8
764.1
764.1
764.1
764.2
764.2
764.3
764.3
764.4
764.4
764.5
764.6
764.6
764.7
764.8
765.0
765.0
765.8
765.9
766.0
766.0
766.0
766.1
766.3
766.6
767.0
767.1
767.1
767.2
767.5
768.0
768.2
768.3
768.4
768.6
768.9
769.1
769.1
769.4
769.4
769.8
770.4
770.7
770.7
771.6
771.6
772.1
773.1
773.4
774.1
774.3
776.2
777.5
797.4
803.1
863.4
863.5
863.5
863.5
863.5
863.5
863.5
863.5
863.5
863.5
863.5
863.5
863.5
863.5
863.5
863.5
863.5
863.5
863.5
863.5
863.5
863.5
863.6
863.6
863.6
863.6
863.6
863.6
863.6
863.6
863.6
863.6
863.6
863.6
863.6
863.6
863.6
863.6
863.6
863.6
863.6
863.6
863.6
863.6
863.6
863.6
863.6
863.6
863.6
863.6
863.6
863.6
863.6
863.6
863.6
863.6
863.7
863.7
863.7
863.7
863.7
863.7
863.7
863.7
863.7
863.7
863.8
863.8
863.8
863.9
863.9
863.9
863.9
863.9
864.0
864.1
864.2
864.3
864.3
864.3
864.4
864.4
864.4
864.4
864.4
864.6
864.7
864.9
865.0
865.2
865.3
865.5
865.6
865.7
865.8
866.0
866.1
866.3
866.3
866.3
868.0
868.0
868.0
868.0
868.0
868.0
868.0
868.0
868.0
868.0
868.0
868.1
868.1
868.1
868.1
868.1
868.1
868.1
868.1
868.1
868.1
868.1
868.1
868.1
868.1
868.1
868.1
868.1
868.1
868.1
868.1
868.1
868.1
868.1
868.1
868.1
868.1
868.1
868.1
868.1
868.1
868.1
868.1
868.1
868.1
868.1
868.1
868.1
868.1
868.1
868.1
868.1
868.1
868.1
868.1
868.1
868.1
868.1
868.1
868.1
868.1
868.1
868.1
868.1
868.2
868.2
868.2
868.2
868.2
868.2
868.2
868.3
868.3
868.5
868.5
868.5
868.5
868.6
868.6
868.6
868.7
868.7
868.8
868.8
868.9
868.9
869.2
869.2
869.3
869.6
869.6
869.9
870.4
870.5
870.6
871.0
871.3
871.5
871.5
871.6
872.2
872.2
872.2
872.2
872.2
872.2
872.2
872.2
872.2
872.2
872.2
872.2
872.2
872.2
872.2
872.2
872.2
872.2
872.2
872.2
872.2
872.2
872.2
872.2
872.2
872.2
872.2
872.2
872.2
872.2
872.3
872.3
872.3
872.3
872.3
872.3
872.3
872.3
872.3
872.3
872.3
872.3
872.3
872.3
872.3
872.3
872.3
872.3
872.3
872.3
872.3
872.3
872.3
872.3
872.3
872.3
872.3
872.4
872.4
872.4
872.4
872.4
872.5
872.5
872.5
872.5
872.6
872.6
872.6
872.6
872.6
872.7
872.8
872.9
872.9
873.1
873.1
873.2
873.2
873.2
873.3
873.3
873.3
873.4
873.6
873.7
873.8
873.9
874.3
874.4
874.4
874.7
875.5
875.5
875.8
876.2
876.2
876.2
876.2
876.2
876.2
876.3
876.3
876.3
876.3
876.3
876.3
876.3
876.3
876.3
876.4
876.4
876.4
876.4
876.4
876.4
876.4
876.4
876.4
876.4
876.4
876.4
876.4
876.4
876.4
876.4
876.4
876.5
876.5
876.5
876.5
876.5
876.5
876.5
876.5
876.5
876.6
876.6
876.6
876.6
876.6
876.6
876.6
876.6
876.7
876.7
876.7
876.7
876.7
876.7
876.7
876.7
876.8
876.8
876.8
876.8
876.8
876.8
877.0
877.1
877.1
877.1
877.1
877.1
877.2
877.3
877.4
877.4
877.4
877.6
877.6
877.6
877.7
877.7
877.7
878.1
878.1
878.3
878.4
878.5
878.6
878.6
878.6
878.9
878.9
879.4
879.8
880.1
880.5
880.8
881.2
881.5
881.9
882.1
882.1
882.1
882.3
882.3
882.3
882.3
882.3
882.4
882.4
882.4
882.4
882.5
882.6
882.6
882.6
882.7
882.7
882.7
882.7
882.8
882.8
882.8
882.8
882.8
882.9
882.9
883.0
883.0
883.0
883.1
883.1
883.1
883.1
883.1
883.1
883.1
883.2
883.2
883.2
883.2
883.2
883.2
883.3
883.4
883.4
883.4
883.5
883.5
883.5
883.5
883.6
883.6
883.6
883.7
883.8
883.8
883.9
883.9
884.0
884.0
884.1
884.1
884.3
884.3
884.5
884.8
884.9
884.9
885.0
885.0
885.3
885.5
885.7
885.8
886.2
886.3
886.5
886.6
887.0
887.1
887.6
887.7
888.1
888.2
888.4
888.5
889.3
890.4
890.5
890.7
891.8
892.0
895.2
896.1
897.4
898.7
907.1
907.6
907.8
908.0
908.0
908.1
908.1
908.1
908.2
908.2
908.2
908.2
908.2
908.2
908.2
908.3
908.3
908.3
908.3
908.3
908.3
908.3
908.3
908.3
908.3
908.3
908.3
908.4
908.4
908.4
908.4
908.4
908.4
908.4
908.5
908.5
908.5
908.5
908.5
908.5
908.5
908.5
908.5
908.5
908.5
908.5
908.5
908.5
908.5
908.5
908.5
908.5
908.6
908.6
908.6
908.6
908.6
908.6
908.6
908.6
908.6
908.6
908.6
908.6
908.6
908.7
908.7
908.7
908.7
908.7
908.9
908.9
909.0
909.0
909.0
909.1
909.1
909.2
909.3
909.3
909.4
909.4
909.4
909.5
909.6
909.6
909.8
909.8
910.1
910.2
910.2
910.5
910.7
910.9
910.9
911.0
911.0
911.0
911.8
911.8
916.5
917.1
917.2
917.2
917.2
917.3
917.3
917.3
917.3
917.3
917.3
917.3
917.3
917.3
917.3
917.3
917.3
917.3
917.3
917.3
917.3
917.3
917.3
917.4
917.4
917.4
917.4
917.4
917.4
917.4
917.4
917.4
917.4
917.4
917.4
917.4
917.4
917.4
917.4
917.4
917.4
917.4
917.4
917.4
917.4
917.4
917.4
917.4
917.4
917.4
917.4
917.4
917.4
917.4
917.4
917.4
917.4
917.4
917.4
917.4
917.4
917.5
917.5
917.5
917.5
917.5
917.5
917.5
917.5
917.5
917.5
917.6
917.7
917.8
917.8
917.8
917.8
917.9
917.9
917.9
917.9
918.0
918.0
918.1
918.1
918.2
918.2
918.3
918.3
918.3
918.4
918.5
918.5
918.5
918.8
918.8
918.9
918.9
919.0
919.1
921.2
921.8
921.8
921.9
921.9
921.9
921.9
921.9
922.0
922.0
922.0
922.0
922.0
922.0
922.0
922.0
922.0
922.0
922.0
922.0
922.0
922.0
922.0
922.0
922.0
922.0
922.0
922.0
922.0
922.0
922.1
922.1
922.1
922.1
922.1
922.1
922.1
922.1
922.1
922.1
922.1
922.1
922.1
922.1
922.1
922.1
922.1
922.2
922.2
922.2
922.2
922.2
922.2
922.2
922.2
922.2
922.2
922.2
922.2
922.2
922.3
922.3
922.3
922.4
922.4
922.4
922.5
922.5
922.5
922.5
922.6
922.6
922.7
922.7
922.9
922.9
922.9
923.0
923.2
923.4
923.4
923.4
923.4
923.5
923.6
923.8
923.9
923.9
923.9
924.0
924.1
924.4
924.4
924.7
925.0
925.0
925.2
925.2
925.6
925.7
925.7
926.0
926.2
926.2
926.2
926.2
926.3
926.3
926.4
926.4
926.4
926.4
926.4
926.4
926.4
926.5
926.5
926.5
926.5
926.5
926.5
926.5
926.5
926.6
926.6
926.6
926.6
926.6
926.6
926.6
926.6
926.7
926.7
926.7
926.7
926.8
926.8
926.8
926.8
926.8
926.8
926.8
926.8
926.9
926.9
926.9
927.0
927.0
927.0
927.0
927.0
927.0
927.1
927.1
927.1
927.1
927.1
927.2
927.2
927.3
927.3
927.5
927.6
927.6
927.7
927.7
927.8
928.0
928.1
928.1
928.1
928.2
928.2
928.4
928.5
928.6
928.7
929.0
929.4
929.6
929.6
929.7
929.8
929.8
930.1
930.2
930.6
930.6
930.7
930.7
930.9
931.1
931.8
931.9
932.0
932.3
932.4
932.4
932.5
932.5
932.5
932.5
932.6
932.6
932.7
932.7
932.7
932.7
932.7
932.8
932.8
932.8
932.9
933.0
933.0
933.0
933.1
933.2
933.2
933.2
933.2
933.3
933.3
933.3
933.3
933.3
933.4
933.4
933.4
933.4
933.4
933.5
933.5
933.5
933.5
933.5
933.5
933.5
933.6
933.6
933.6
933.7
933.7
933.7
933.8
933.8
933.8
933.9
933.9
934.0
934.0
934.1
934.2
934.2
934.2
934.4
934.4
934.4
934.5
934.6
934.6
934.7
934.7
935.0
935.0
935.1
935.1
935.4
935.5
935.5
935.9
936.2
936.3
936.6
936.7
936.8
936.8
937.8
938.7
939.0
939.5
939.7
939.9
939.9
940.2
940.5
940.8
942.9
943.4
943.7
943.8
944.5
944.7
944.8
945.1
945.3
945.7
946.6
946.7
946.9
947.1
947.4
947.5
947.6
947.8
948.0
948.1
948.2
948.2
948.3
948.5
948.5
948.6
948.6
948.6
948.7
948.9
949.0
949.1
949.2
949.4
949.8
949.9
950.2
950.2
950.2
950.3
950.4
951.9
952.0
952.1
952.2
952.6
953.1
953.3
953.7
954.3
954.9
955.1
955.2
955.2
955.3
955.5
956.0
956.0
956.4
957.3
957.4
957.4
958.4
958.7
958.7
960.8
961.7
962.8
963.3
966.8
972.5
972.6
1039.0
1039.0
1039.0
1039.1
1039.1
1039.1
1039.1
1039.1
1039.1
1039.1
1039.1
1039.1
1039.1
1039.1
1039.1
1039.1
1039.1
1039.1
1039.2
1039.2
1039.2
1039.2
1039.2
1039.2
1039.2
1039.2
1039.2
1039.2
1039.2
1039.2
1039.2
1039.2
1039.2
1039.2
1039.2
1039.2
1039.2
1039.2
1039.2
1039.3
1039.3
1039.3
1039.3
1039.3
1039.3
1039.3
1039.3
1039.3
1039.3
1039.3
1039.3
1039.3
1039.3
1039.3
1039.3
1039.4
1039.4
1039.4
1039.4
1039.4
1039.5
1039.5
1039.6
1039.6
1039.6
1039.7
1039.7
1039.7
1039.7
1039.8
1039.8
1039.8
1039.9
1040.0
1040.0
1040.2
1040.2
1040.2
1040.2
1040.3
1040.3
1040.3
1040.3
1040.4
1040.4
1040.4
1040.6
1040.7
1040.7
1040.8
1040.8
1040.9
1041.0
1041.0
1041.1
1041.2
1041.2
1041.3
1041.3
1041.3
1042.9
1042.9
1042.9
1042.9
1043.0
1043.0
1043.0
1043.0
1043.0
1043.0
1043.0
1043.0
1043.0
1043.0
1043.0
1043.0
1043.1
1043.1
1043.1
1043.1
1043.1
1043.1
1043.1
1043.1
1043.1
1043.1
1043.1
1043.1
1043.1
1043.1
1043.2
1043.2
1043.2
1043.2
1043.2
1043.2
1043.2
1043.2
1043.2
1043.2
1043.2
1043.2
1043.2
1043.3
1043.3
1043.3
1043.3
1043.3
1043.3
1043.3
1043.3
1043.3
1043.4
1043.4
1043.4
1043.4
1043.5
1043.5
1043.5
1043.5
1043.6
1043.8
1043.8
1043.8
1043.8
1043.8
1043.9
1043.9
1044.0
1044.0
1044.0
1044.1
1044.1
1044.6
1044.7
1044.7
1044.7
1044.8
1044.9
1044.9
1045.0
1045.0
1045.1
1045.2
1045.4
1045.4
1045.6
1045.7
1045.9
1046.0
1046.0
1046.2
1046.5
1046.5
1046.7
1046.7
1046.7
1046.7
1046.7
1046.7
1046.7
1046.7
1046.8
1046.8
1046.8
1046.8
1046.8
1046.8
1046.8
1046.8
1046.8
1046.8
1046.8
1046.8
1046.9
1046.9
1046.9
1046.9
1046.9
1046.9
1046.9
1046.9
1046.9
1046.9
1046.9
1046.9
1047.0
1047.0
1047.0
1047.0
1047.0
1047.0
1047.0
1047.0
1047.0
1047.0
1047.0
1047.0
1047.1
1047.1
1047.1
1047.1
1047.1
1047.1
1047.1
1047.1
1047.1
1047.1
1047.2
1047.2
1047.2
1047.2
1047.2
1047.2
1047.3
1047.3
1047.3
1047.4
1047.5
1047.6
1047.6
1047.6
1047.7
1047.7
1047.8
1047.9
1047.9
1047.9
1047.9
1048.0
1048.1
1048.2
1048.3
1048.8
1048.8
1049.2
1049.2
1049.2
1049.2
1049.4
1049.5
1049.6
1049.6
1049.7
1050.1
1050.3
1050.5
1050.6
1050.8
1050.8
1050.8
1050.9
1050.9
1050.9
1050.9
1050.9
1050.9
1050.9
1051.0
1051.0
1051.0
1051.0
1051.1
1051.1
1051.1
1051.1
1051.1
1051.1
1051.1
1051.1
1051.1
1051.1
1051.1
1051.2
1051.2
1051.2
1051.2
1051.2
1051.3
1051.3
1051.3
1051.3
1051.4
1051.4
1051.4
1051.4
1051.4
1051.4
1051.4
1051.4
1051.4
1051.5
1051.5
1051.5
1051.5
1051.5
1051.5
1051.5
1051.5
1051.6
1051.6
1051.6
1051.6
1051.7
1051.7
1051.8
1051.8
1051.8
1051.9
1051.9
1052.2
1052.2
1052.3
1052.3
1052.3
1052.3
1052.5
1052.5
1052.6
1052.7
1052.7
1052.8
1052.8
1052.8
1052.8
1052.8
1052.9
1052.9
1053.3
1053.4
1053.6
1053.6
1053.8
1053.9
1054.0
1054.7
1054.8
1054.9
1054.9
1055.0
1055.1
1055.3
1055.3
1055.9
1056.2
1056.7
1056.9
1056.9
1057.0
1057.1
1057.2
1057.2
1057.2
1057.2
1057.2
1057.3
1057.3
1057.3
1057.3
1057.4
1057.5
1057.6
1057.6
1057.6
1057.6
1057.6
1057.7
1057.8
1057.8
1057.8
1057.8
1057.9
1057.9
1057.9
1057.9
1058.0
1058.1
1058.1
1058.1
1058.1
1058.2
1058.2
1058.2
1058.2
1058.3
1058.3
1058.4
1058.4
1058.4
1058.4
1058.5
1058.6
1058.6
1058.6
1058.7
1058.8
1058.9
1058.9
1059.0
1059.0
1059.0
1059.2
1059.2
1059.3
1059.3
1059.4
1059.5
1059.5
1059.6
1059.6
1059.9
1060.1
1060.2
1060.3
1060.4
1060.6
1060.6
1060.9
1061.1
1061.6
1061.8
1061.9
1062.6
1062.8
1063.2
1063.2
1063.6
1064.0
1064.0
1064.4
1064.9
1066.0
1066.7
1067.3
1068.9
1069.3
1069.4
1069.7
1070.0
1071.0
1072.1
1073.3
1074.7
1079.7
1205.5
1205.5
1205.5
1205.5
1205.5
1205.5
1205.5
1205.5
1205.5
1205.5
1205.5
1205.5
1205.5
1205.5
1205.5
1205.5
1205.5
1205.5
1205.5
1205.5
1205.5
1205.5
1205.5
1205.5
1205.5
1205.5
1205.5
1205.5
1205.5
1205.5
1205.5
1205.5
1205.5
1205.5
1205.5
1205.5
1205.5
1205.5
1205.5
1205.5
1205.5
1205.5
1205.5
1205.5
1205.5
1205.5
1205.5
1205.5
1205.5
1205.5
1205.5
1205.5
1205.5
1205.5
1205.5
1205.6
1205.6
1205.6
1205.6
1205.6
1205.6
1205.6
1205.6
1205.6
1205.6
1205.6
1205.6
1205.6
1205.6
1205.6
1205.7
1205.7
1205.7
1205.7
1205.7
1205.7
1205.7
1205.7
1205.8
1205.8
1205.8
1205.9
1205.9
1205.9
1205.9
1205.9
1205.9
1205.9
1206.0
1206.0
1206.0
1206.1
1206.1
1206.1
1206.2
1206.2
1206.3
1206.3
1206.3
1206.3
1209.5
1209.5
1209.6
1209.6
1209.6
1209.6
1209.6
1209.6
1209.6
1209.6
1209.6
1209.6
1209.6
1209.6
1209.6
1209.6
1209.6
1209.6
1209.6
1209.6
1209.6
1209.6
1209.6
1209.6
1209.6
1209.6
1209.6
1209.6
1209.6
1209.6
1209.6
1209.6
1209.6
1209.6
1209.6
1209.6
1209.6
1209.6
1209.6
1209.6
1209.6
1209.6
1209.6
1209.6
1209.6
1209.6
1209.6
1209.6
1209.7
1209.7
1209.7
1209.7
1209.7
1209.7
1209.7
1209.7
1209.7
1209.7
1209.7
1209.7
1209.7
1209.7
1209.7
1209.7
1209.8
1209.8
1209.8
1209.8
1209.9
1209.9
1209.9
1210.0
1210.1
1210.2
1210.2
1210.2
1210.3
1210.3
1210.4
1210.4
1210.4
1210.6
1210.6
1210.7
1210.7
1210.8
1210.8
1210.8
1211.0
1211.0
1211.1
1211.2
1211.3
1211.4
1211.7
1211.7
1211.8
1211.9
1211.9
1212.0
1213.2
1213.2
1213.2
1213.2
1213.2
1213.2
1213.2
1213.2
1213.3
1213.3
1213.3
1213.3
1213.3
1213.3
1213.3
1213.3
1213.3
1213.3
1213.3
1213.3
1213.3
1213.3
1213.4
1213.4
1213.4
1213.4
1213.4
1213.4
1213.4
1213.4
1213.4
1213.4
1213.4
1213.4
1213.4
1213.4
1213.4
1213.4
1213.4
1213.4
1213.5
1213.5
1213.5
1213.5
1213.5
1213.5
1213.5
1213.5
1213.5
1213.5
1213.5
1213.5
1213.5
1213.6
1213.6
1213.6
1213.6
1213.6
1213.6
1213.6
1213.8
1213.8
1213.8
1213.9
1213.9
1214.0
1214.0
1214.1
1214.1
1214.1
1214.1
1214.2
1214.4
1214.4
1214.5
1214.7
1214.8
1215.0
1215.1
1215.1
1215.1
1215.2
1215.3
1215.3
1215.6
1215.7
1215.9
1216.0
1216.2
1216.4
1216.7
1216.9
1217.3
1217.3
1217.5
1217.8
1218.0
1218.0
1218.0
1218.1
1218.1
1218.1
1218.1
1218.1
1218.1
1218.2
1218.2
1218.2
1218.2
1218.2
1218.2
1218.3
1218.3
1218.3
1218.3
1218.3
1218.3
1218.3
1218.3
1218.4
1218.4
1218.4
1218.4
1218.4
1218.5
1218.5
1218.5
1218.5
1218.5
1218.5
1218.6
1218.6
1218.6
1218.6
1218.6
1218.6
1218.6
1218.6
1218.6
1218.6
1218.7
1218.7
1218.7
1218.7
1218.7
1218.8
1218.8
1218.8
1218.8
1218.8
1218.9
1218.9
1219.0
1219.0
1219.0
1219.0
1219.0
1219.1
1219.1
1219.1
1219.2
1219.4
1219.4
1219.5
1219.5
1219.5
1219.6
1219.8
1219.9
1220.0
1220.3
1220.3
1220.6
1220.6
1220.7
1221.0
1221.3
1221.6
1221.6
1221.7
1221.9
1221.9
1222.1
1222.5
1222.7
1223.6
1224.0
1224.2
1224.8
1224.9
1226.5
1226.8
1227.1
1227.4
1227.5
1227.7
1227.8
1228.0
1228.1
1228.3
1228.4
1228.4
1228.5
1228.6
1228.7
1228.8
1228.8
1228.8
1228.8
1228.8
1228.8
1228.9
1228.9
1229.2
1229.3
1229.5
1229.7
1229.7
1229.7
1229.8
1229.9
1229.9
1229.9
1229.9
1230.0
1230.1
1230.3
1230.4
1230.4
1230.4
1230.5
1230.6
1230.6
1230.6
1230.8
1230.9
1231.1
1231.1
1231.2
1231.3
1231.4
1231.6
1231.7
1231.7
1231.9
1231.9
1232.3
1232.5
1232.5
1232.6
1232.8
1233.0
1233.1
1233.4
1234.3
1235.4
1235.7
1235.8
1235.8
1235.8
1235.9
1236.1
1236.3
1236.6
1237.3
1239.8
1240.5
1242.9
1254.8
1258.1
1258.6
1258.6
1258.8
1258.8
1258.8
1258.8
1258.8
1258.8
1258.8
1258.8
1258.8
1258.8
1258.8
1258.8
1258.9
1258.9
1258.9
1258.9
1258.9
1258.9
1258.9
1258.9
1258.9
1258.9
1258.9
1258.9
1258.9
1258.9
1258.9
1258.9
1258.9
1258.9
1258.9
1258.9
1258.9
1258.9
1258.9
1258.9
1258.9
1258.9
1258.9
1258.9
1258.9
1258.9
1258.9
1258.9
1258.9
1258.9
1258.9
1258.9
1258.9
1258.9
1258.9
1258.9
1258.9
1258.9
1258.9
1258.9
1258.9
1258.9
1258.9
1259.0
1259.0
1259.0
1259.0
1259.0
1259.0
1259.0
1259.0
1259.0
1259.0
1259.0
1259.0
1259.0
1259.1
1259.1
1259.1
1259.1
1259.1
1259.1
1259.2
1259.2
1259.2
1259.2
1259.3
1259.3
1259.3
1259.4
1259.4
1259.4
1259.4
1259.5
1259.7
1259.7
1259.7
1259.9
1259.9
1260.0
1260.3
1263.8
1265.5
1265.5
1265.5
1265.5
1265.5
1265.5
1265.5
1265.6
1265.6
1265.6
1265.6
1265.6
1265.6
1265.6
1265.6
1265.6
1265.6
1265.6
1265.7
1265.7
1265.7
1265.7
1265.7
1265.7
1265.7
1265.7
1265.7
1265.7
1265.7
1265.7
1265.7
1265.8
1265.8
1265.8
1265.8
1265.9
1265.9
1265.9
1265.9
1265.9
1266.0
1266.0
1266.0
1266.0
1266.0
1266.0
1266.0
1266.1
1266.1
1266.1
1266.1
1266.1
1266.1
1266.1
1266.1
1266.1
1266.1
1266.2
1266.2
1266.2
1266.2
1266.3
1266.3
1266.3
1266.4
1266.4
1266.4
1266.4
1266.5
1266.5
1266.6
1266.7
1266.7
1266.9
1266.9
1267.0
1267.0
1267.1
1268.0
1268.3
1268.7
1268.8
1268.9
1269.0
1269.1
1269.9
1270.0
1270.0
1270.2
1270.6
1270.7
1270.8
1271.7
1272.0
1272.4
1272.5
1272.5
1272.5
1272.6
1272.6
1272.6
1272.7
1272.7
1272.8
1272.8
1272.8
1272.8
1272.8
1272.9
1272.9
1272.9
1272.9
1272.9
1272.9
1272.9
1272.9
1272.9
1273.0
1273.0
1273.0
1273.0
1273.0
1273.1
1273.1
1273.1
1273.1
1273.1
1273.2
1273.3
1273.4
1273.4
1273.6
1273.7
1274.0
1274.0
1274.1
1274.2
1274.2
1274.3
1274.4
1274.4
1274.5
1274.6
1274.6
1274.9
1275.0
1275.1
1275.1
1275.3
1275.4
1275.5
1275.6
1275.6
1275.6
1275.9
1276.0
1276.0
1276.0
1276.1
1276.3
1276.6
1276.6
1276.8
1276.8
1276.9
1276.9
1277.1
1277.1
1277.2
1277.3
1277.5
1278.2
1278.2
1278.3
1278.3
1278.4
1278.5
1278.5
1278.6
1278.6
1278.8
1278.8
1278.8
1278.8
1278.8
1278.8
1278.9
1278.9
1278.9
1279.0
1279.1
1279.1
1279.1
1279.1
1279.2
1279.4
1279.5
1279.6
1279.7
1279.9
1279.9
1279.9
1280.0
1280.0
1280.0
1280.1
1280.2
1280.2
1280.3
1280.3
1280.5
1280.5
1280.6
1280.7
1280.7
1281.1
1281.4
1281.4
1281.5
1281.6
1281.7
1281.8
1282.2
1282.3
1282.6
1282.8
1282.9
1282.9
1283.0
1283.1
1283.4
1284.2
1284.3
1284.3
1284.5
1284.7
1284.8
1284.8
1285.0
1285.1
1285.3
1285.5
1285.6
1285.6
1285.7
1285.8
1285.8
1286.2
1286.3
1286.4
1286.8
1287.1
1287.5
1287.7
1288.6
1289.2
1289.3
1289.5
1290.6
1290.8
1291.0
1291.2
1291.3
1291.4
1291.5
1291.8
1292.4
1292.7
1293.5
1293.8
1294.2
1294.3
1294.8
1295.6
1297.0
1297.4
1297.6
1297.8
1298.4
1298.5
1300.3
1300.4
1303.4
1305.0
1305.0
1313.0
1313.7
1374.9
1374.9
1374.9
1374.9
1374.9
1374.9
1374.9
1374.9
1374.9
1374.9
1374.9
1374.9
1374.9
1374.9
1374.9
1374.9
1374.9
1374.9
1374.9
1374.9
1374.9
1374.9
1374.9
1374.9
1374.9
1374.9
1374.9
1374.9
1374.9
1374.9
1374.9
1374.9
1374.9
1374.9
1374.9
1374.9
1374.9
1374.9
1374.9
1374.9
1374.9
1374.9
1374.9
1374.9
1374.9
1374.9
1374.9
1374.9
1374.9
1374.9
1374.9
1374.9
1374.9
1375.0
1375.0
1375.0
1375.0
1375.0
1375.0
1375.0
1375.0
1375.0
1375.0
1375.0
1375.0
1375.1
1375.1
1375.1
1375.1
1375.1
1375.1
1375.2
1375.2
1375.2
1375.2
1375.3
1375.4
1375.4
1375.4
1375.4
1375.4
1375.5
1375.5
1375.5
1375.5
1375.6
1375.7
1375.7
1375.8
1375.9
1376.0
1376.0
1376.2
1376.2
1376.2
1376.4
1376.5
1376.6
1376.6
1376.6
1379.0
1379.0
1379.0
1379.0
1379.0
1379.0
1379.0
1379.0
1379.0
1379.0
1379.0
1379.0
1379.0
1379.0
1379.0
1379.0
1379.0
1379.0
1379.0
1379.0
1379.0
1379.0
1379.0
1379.0
1379.0
1379.0
1379.0
1379.0
1379.0
1379.0
1379.0
1379.0
1379.0
1379.0
1379.0
1379.0
1379.0
1379.0
1379.0
1379.0
1379.0
1379.0
1379.0
1379.0
1379.0
1379.0
1379.0
1379.0
1379.0
1379.0
1379.0
1379.0
1379.0
1379.0
1379.0
1379.0
1379.0
1379.0
1379.0
1379.0
1379.0
1379.1
1379.1
1379.1
1379.1
1379.1
1379.2
1379.2
1379.2
1379.2
1379.2
1379.2
1379.3
1379.5
1379.6
1379.6
1379.6
1379.6
1379.7
1379.7
1379.8
1379.8
1379.8
1379.9
1380.0
1380.0
1380.2
1380.3
1380.4
1380.6
1380.7
1380.8
1381.2
1381.3
1381.7
1381.7
1381.9
1382.0
1382.1
1382.2
1382.7
1382.7
1382.7
1382.8
1382.8
1382.8
1382.8
1382.8
1382.8
1382.8
1382.8
1382.8
1382.8
1382.8
1382.8
1382.8
1382.8
1382.8
1382.8
1382.8
1382.8
1382.8
1382.8
1382.8
1382.8
1382.8
1382.8
1382.8
1382.8
1382.8
1382.8
1382.8
1382.9
1382.9
1382.9
1382.9
1382.9
1382.9
1382.9
1382.9
1382.9
1382.9
1382.9
1382.9
1382.9
1382.9
1382.9
1382.9
1383.0
1383.0
1383.0
1383.0
1383.0
1383.0
1383.0
1383.0
1383.0
1383.0
1383.1
1383.1
1383.1
1383.1
1383.1
1383.2
1383.2
1383.2
1383.2
1383.2
1383.3
1383.3
1383.4
1383.4
1383.4
1383.6
1383.7
1383.8
1383.8
1383.9
1384.0
1384.0
1384.0
1384.1
1384.1
1384.1
1384.4
1384.6
1384.7
1384.8
1385.2
1385.4
1385.4
1385.6
1386.3
1386.4
1386.8
1386.8
1386.8
1386.9
1386.9
1386.9
1386.9
1386.9
1386.9
1387.0
1387.0
1387.0
1387.0
1387.0
1387.0
1387.0
1387.0
1387.0
1387.0
1387.0
1387.0
1387.0
1387.1
1387.1
1387.1
1387.1
1387.1
1387.1
1387.1
1387.1
1387.1
1387.1
1387.1
1387.2
1387.2
1387.2
1387.2
1387.2
1387.2
1387.2
1387.2
1387.2
1387.3
1387.3
1387.3
1387.3
1387.3
1387.3
1387.4
1387.4
1387.4
1387.4
1387.4
1387.4
1387.4
1387.4
1387.5
1387.5
1387.5
1387.5
1387.5
1387.6
1387.6
1387.6
1387.7
1387.7
1387.8
1387.8
1387.8
1387.9
1387.9
1388.0
1388.0
1388.1
1388.1
1388.1
1388.4
1388.4
1388.4
1388.5
1388.5
1388.9
1389.0
1389.2
1389.2
1389.4
1389.4
1389.4
1389.4
1389.8
1389.9
1390.5
1390.8
1391.3
1391.5
1391.9
1392.6
1392.7
1392.7
1393.0
1393.0
1393.1
1393.2
1393.2
1393.3
1393.3
1393.3
1393.3
1393.3
1393.3
1393.4
1393.4
1393.4
1393.5
1393.6
1393.6
1393.6
1393.6
1393.7
1393.7
1393.7
1393.7
1393.8
1393.8
1393.9
1393.9
1393.9
1393.9
1394.0
1394.1
1394.1
1394.1
1394.1
1394.2
1394.2
1394.2
1394.2
1394.2
1394.2
1394.2
1394.2
1394.4
1394.4
1394.4
1394.4
1394.5
1394.5
1394.5
1394.5
1394.5
1394.5
1394.6
1394.6
1394.8
1394.8
1395.0
1395.0
1395.1
1395.1
1395.2
1395.3
1395.3
1395.4
1395.6
1395.7
1395.8
1395.9
1395.9
1396.1
1396.2
1396.5
1396.6
1396.7
1397.1
1397.3
1397.4
1397.5
1397.6
1397.7
1398.5
1398.8
1398.9
1399.4
1399.6
1399.8
1399.9
1400.6
1400.8
1401.4
1401.6
1402.5
1404.6
1409.8
1411.5
1411.6
1430.0
1542.0
1542.0
1542.0
1542.0
1542.0
1542.0
1542.0
1542.0
1542.0
1542.0
1542.0
1542.0
1542.0
1542.0
1542.0
1542.0
1542.0
1542.0
1542.0
1542.0
1542.0
1542.0
1542.0
1542.0
1542.0
1542.0
1542.0
1542.0
1542.0
1542.0
1542.0
1542.0
1542.0
1542.0
1542.0
1542.0
1542.0
1542.0
1542.0
1542.0
1542.0
1542.0
1542.0
1542.0
1542.0
1542.0
1542.0
1542.0
1542.0
1542.0
1542.0
1542.0
1542.0
1542.0
1542.0
1542.0
1542.1
1542.1
1542.1
1542.1
1542.1
1542.1
1542.1
1542.1
1542.1
1542.1
1542.1
1542.1
1542.1
1542.1
1542.1
1542.1
1542.2
1542.2
1542.2
1542.2
1542.2
1542.2
1542.2
1542.3
1542.3
1542.3
1542.3
1542.3
1542.4
1542.4
1542.4
1542.4
1542.4
1542.5
1542.5
1542.5
1542.6
1542.6
1542.6
1542.7
1542.7
1542.7
1542.7
1542.8
1546.1
1546.1
1546.1
1546.1
1546.1
1546.1
1546.1
1546.1
1546.1
1546.1
1546.1
1546.1
1546.1
1546.1
1546.1
1546.1
1546.1
1546.1
1546.1
1546.1
1546.1
1546.1
1546.1
1546.1
1546.1
1546.1
1546.1
1546.1
1546.1
1546.1
1546.2
1546.2
1546.2
1546.2
1546.2
1546.2
1546.2
1546.2
1546.2
1546.2
1546.2
1546.2
1546.2
1546.2
1546.2
1546.2
1546.2
1546.2
1546.2
1546.2
1546.2
1546.2
1546.2
1546.2
1546.2
1546.2
1546.2
1546.2
1546.2
1546.2
1546.2
1546.2
1546.3
1546.3
1546.3
1546.3
1546.3
1546.4
1546.4
1546.4
1546.4
1546.5
1546.6
1546.7
1546.7
1546.7
1546.8
1546.8
1546.9
1546.9
1546.9
1547.1
1547.1
1547.1
1547.2
1547.2
1547.3
1547.3
1547.5
1547.5
1547.6
1547.7
1547.8
1547.9
1548.1
1548.2
1548.2
1548.3
1548.4
1548.4
1549.7
1549.8
1549.8
1549.8
1549.8
1549.8
1549.8
1549.8
1549.8
1549.8
1549.8
1549.9
1549.9
1549.9
1549.9
1549.9
1549.9
1549.9
1549.9
1549.9
1549.9
1549.9
1549.9
1549.9
1549.9
1549.9
1549.9
1549.9
1549.9
1549.9
1549.9
1550.0
1550.0
1550.0
1550.0
1550.0
1550.0
1550.0
1550.0
1550.0
1550.0
1550.0
1550.0
1550.0
1550.0
1550.0
1550.0
1550.1
1550.1
1550.1
1550.1
1550.1
1550.1
1550.1
1550.1
1550.2
1550.2
1550.2
1550.2
1550.2
1550.3
1550.4
1550.4
1550.4
1550.4
1550.5
1550.5
1550.6
1550.6
1550.6
1550.6
1550.8
1550.9
1551.0
1551.0
1551.2
1551.3
1551.5
1551.6
1551.6
1551.7
1551.7
1551.8
1551.8
1552.0
1552.2
1552.4
1552.5
1552.7
1552.9
1553.1
1553.3
1553.8
1553.8
1554.0
1554.3
1554.5
1554.5
1554.6
1554.6
1554.7
1554.7
1554.7
1554.7
1554.8
1554.8
1554.8
1554.8
1554.8
1554.8
1554.9
1554.9
1554.9
1554.9
1554.9
1555.0
1555.0
1555.0
1555.0
1555.0
1555.0
1555.0
1555.0
1555.1
1555.1
1555.1
1555.1
1555.2
1555.2
1555.2
1555.2
1555.2
1555.2
1555.2
1555.2
1555.2
1555.2
1555.2
1555.2
1555.3
1555.3
1555.3
1555.3
1555.3
1555.3
1555.4
1555.4
1555.4
1555.4
1555.5
1555.5
1555.5
1555.6
1555.6
1555.6
1555.6
1555.7
1555.7
1555.7
1555.7
1555.9
1556.0
1556.1
1556.1
1556.1
1556.2
1556.3
1556.4
1556.6
1556.6
1557.0
1557.0
1557.3
1557.3
1557.4
1557.8
1558.0
1558.3
1558.4
1558.6
1558.6
1558.6
1559.0
1559.1
1559.8
1560.4
1561.1
1561.3
1561.8
1562.0
1563.9
1564.1
1564.1
1564.4
1564.9
1565.1
1565.1
1565.1
1565.3
1565.4
1565.7
1565.8
1565.9
1565.9
1566.0
1566.0
1566.0
1566.0
1566.1
1566.1
1566.3
1566.3
1566.3
1566.5
1566.6
1566.6
1566.9
1567.2
1567.3
1567.3
1567.5
1567.5
1567.6
1567.6
1567.6
1567.7
1567.7
1567.7
1567.8
1567.8
1567.9
1568.1
1568.1
1568.2
1568.4
1568.5
1568.6
1568.6
1568.7
1568.8
1568.8
1568.9
1568.9
1569.1
1569.3
1569.7
1569.8
1570.1
1570.2
1570.2
1570.3
1570.4
1570.9
1570.9
1572.2
1573.0
1573.3
1574.0
1574.0
1574.4
1574.5
1575.3
1575.4
1575.4
1575.9
1575.9
1577.0
1586.3
1592.5
1595.0
1595.2
1595.3
1595.5
1595.5
1595.6
1595.6
1595.6
1595.6
1595.6
1595.6
1595.6
1595.6
1595.6
1595.6
1595.6
1595.6
1595.6
1595.6
1595.6
1595.6
1595.6
1595.6
1595.6
1595.6
1595.6
1595.6
1595.6
1595.6
1595.6
1595.6
1595.6
1595.6
1595.6
1595.6
1595.6
1595.6
1595.6
1595.6
1595.6
1595.6
1595.6
1595.6
1595.6
1595.6
1595.6
1595.6
1595.6
1595.6
1595.6
1595.6
1595.7
1595.7
1595.7
1595.7
1595.7
1595.7
1595.7
1595.7
1595.7
1595.7
1595.7
1595.7
1595.7
1595.7
1595.7
1595.7
1595.7
1595.7
1595.7
1595.7
1595.8
1595.8
1595.8
1595.8
1595.8
1595.8
1595.8
1595.8
1595.8
1595.8
1595.9
1595.9
1595.9
1595.9
1596.0
1596.0
1596.1
1596.1
1596.1
1596.1
1596.3
1596.4
1596.4
1596.4
1596.6
1596.6
1596.7
1597.0
1598.2
1601.1
1601.4
1602.2
1602.2
1602.2
1602.2
1602.3
1602.3
1602.3
1602.3
1602.3
1602.3
1602.3
1602.3
1602.4
1602.4
1602.4
1602.4
1602.4
1602.4
1602.4
1602.4
1602.4
1602.4
1602.5
1602.5
1602.5
1602.5
1602.5
1602.5
1602.5
1602.5
1602.5
1602.5
1602.5
1602.5
1602.6
1602.6
1602.6
1602.6
1602.7
1602.7
1602.7
1602.7
1602.7
1602.7
1602.7
1602.8
1602.8
1602.8
1602.8
1602.8
1602.8
1602.8
1602.8
1602.8
1602.8
1602.9
1602.9
1603.0
1603.0
1603.0
1603.0
1603.0
1603.0
1603.1
1603.1
1603.1
1603.2
1603.2
1603.3
1603.3
1603.4
1603.5
1603.5
1603.6
1603.7
1603.8
1603.8
1604.7
1605.0
1605.4
1605.5
1605.5
1605.6
1605.8
1606.6
1606.6
1606.7
1606.8
1607.4
1607.5
1608.4
1608.7
1609.1
1609.1
1609.2
1609.2
1609.2
1609.2
1609.2
1609.3
1609.3
1609.4
1609.4
1609.4
1609.5
1609.5
1609.5
1609.5
1609.6
1609.6
1609.6
1609.6
1609.6
1609.6
1609.6
1609.6
1609.7
1609.7
1609.7
1609.7
1609.7
1609.7
1609.7
1609.8
1609.8
1609.9
1609.9
1610.1
1610.1
1610.2
1610.4
1610.4
1610.7
1610.8
1611.0
1611.0
1611.1
1611.2
1611.2
1611.2
1611.3
1611.4
1611.5
1611.8
1611.8
1612.0
1612.0
1612.2
1612.4
1612.5
1612.6
1612.7
1612.8
1613.0
1613.1
1613.1
1613.2
1613.2
1613.5
1613.9
1613.9
1614.2
1614.3
1614.3
1614.4
1614.5
1614.7
1614.8
1614.8
1615.3
1615.4
1615.4
1615.7
1615.7
1615.7
1615.8
1616.0
1616.0
1616.1
1616.1
1616.1
1616.1
1616.2
1616.3
1616.3
1616.4
1616.4
1616.6
1616.7
1616.8
1616.9
1617.2
1617.2
1617.3
1617.4
1617.4
1617.6
1617.7
1617.7
1617.7
1617.7
1617.8
1618.0
1618.0
1618.1
1618.1
1618.1
1618.4
1618.9
1619.0
1619.0
1619.2
1619.3
1619.3
1619.6
1619.6
1619.9
1620.0
1620.3
1620.5
1620.6
1620.7
1620.8
1621.2
1621.2
1621.7
1621.8
1622.6
1623.3
1623.8
1623.9
1624.5
1624.6
1624.7
1625.6
1626.4
1626.5
1627.5
1627.6
1630.1
1630.9
1631.9
1633.3
1633.7
1634.0
1634.2
1634.2
1637.7
1638.9
1639.6
1640.8
1641.6
1642.5
1711.2
1711.2
1711.2
1711.2
1711.2
1711.2
1711.2
1711.2
1711.2
1711.2
1711.2
1711.2
1711.2
1711.2
1711.2
1711.2
1711.2
1711.2
1711.2
1711.2
1711.2
1711.2
1711.2
1711.2
1711.2
1711.2
1711.2
1711.2
1711.2
1711.2
1711.2
1711.2
1711.2
1711.2
1711.2
1711.3
1711.3
1711.3
1711.3
1711.3
1711.3
1711.3
1711.3
1711.3
1711.3
1711.3
1711.3
1711.3
1711.3
1711.3
1711.3
1711.3
1711.3
1711.3
1711.3
1711.3
1711.3
1711.3
1711.3
1711.3
1711.3
1711.3
1711.3
1711.3
1711.3
1711.4
1711.4
1711.4
1711.4
1711.4
1711.4
1711.5
1711.5
1711.5
1711.5
1711.6
1711.6
1711.7
1711.7
1711.7
1711.7
1711.7
1711.7
1711.8
1711.8
1711.8
1711.9
1712.0
1712.0
1712.2
1712.2
1712.2
1712.3
1712.4
1712.4
1712.6
1712.6
1712.7
1712.7
1712.7
1715.3
1715.3
1715.4
1715.4
1715.4
1715.4
1715.4
1715.4
1715.4
1715.4
1715.4
1715.4
1715.4
1715.4
1715.4
1715.4
1715.4
1715.4
1715.4
1715.4
1715.4
1715.4
1715.4
1715.4
1715.4
1715.4
1715.4
1715.4
1715.4
1715.4
1715.4
1715.4
1715.4
1715.4
1715.4
1715.4
1715.4
1715.4
1715.4
1715.4
1715.4
1715.4
1715.4
1715.4
1715.4
1715.4
1715.4
1715.4
1715.4
1715.4
1715.4
1715.4
1715.4
1715.4
1715.4
1715.4
1715.4
1715.4
1715.4
1715.4
1715.4
1715.4
1715.5
1715.5
1715.5
1715.5
1715.5
1715.5
1715.5
1715.5
1715.6
1715.6
1715.7
1715.8
1715.9
1715.9
1715.9
1715.9
1715.9
1715.9
1716.1
1716.1
1716.1
1716.2
1716.3
1716.3
1716.4
1716.4
1716.7
1716.7
1716.8
1716.9
1717.2
1717.2
1717.6
1717.7
1717.8
1717.9
1718.0
1718.0
1719.0
1719.0
1719.0
1719.0
1719.0
1719.0
1719.0
1719.0
1719.0
1719.1
1719.1
1719.1
1719.1
1719.1
1719.1
1719.1
1719.1
1719.1
1719.1
1719.1
1719.1
1719.1
1719.1
1719.1
1719.1
1719.1
1719.1
1719.1
1719.1
1719.1
1719.1
1719.1
1719.1
1719.1
1719.1
1719.1
1719.1
1719.2
1719.2
1719.2
1719.2
1719.2
1719.2
1719.2
1719.2
1719.2
1719.2
1719.2
1719.2
1719.2
1719.2
1719.3
1719.3
1719.3
1719.3
1719.3
1719.3
1719.3
1719.4
1719.4
1719.4
1719.4
1719.4
1719.5
1719.5
1719.5
1719.6
1719.6
1719.6
1719.6
1719.7
1719.7
1719.8
1719.9
1719.9
1720.1
1720.1
1720.3
1720.3
1720.3
1720.3
1720.4
1720.4
1720.5
1720.7
1720.8
1720.9
1721.0
1721.3
1721.5
1721.6
1721.7
1722.3
1722.3
1722.9
1723.0
1723.1
1723.1
1723.1
1723.1
1723.2
1723.2
1723.2
1723.2
1723.3
1723.3
1723.3
1723.3
1723.3
1723.3
1723.3
1723.3
1723.3
1723.4
1723.4
1723.4
1723.4
1723.4
1723.4
1723.4
1723.4
1723.4
1723.4
1723.4
1723.5
1723.5
1723.5
1723.5
1723.5
1723.5
1723.5
1723.5
1723.5
1723.5
1723.5
1723.5
1723.6
1723.6
1723.6
1723.7
1723.7
1723.7
1723.7
1723.7
1723.7
1723.7
1723.7
1723.7
1723.8
1723.8
1723.8
1723.8
1723.8
1723.9
1723.9
1723.9
1723.9
1723.9
1723.9
1724.0
1724.1
1724.1
1724.2
1724.2
1724.2
1724.2
1724.4
1724.4
1724.5
1724.6
1724.8
1724.8
1724.9
1724.9
1725.0
1725.2
1725.4
1725.5
1725.7
1725.8
1725.8
1725.9
1725.9
1726.3
1726.4
1726.7
1727.2
1727.6
1727.6
1728.0
1728.7
1729.1
1729.2
1729.5
1729.6
1729.6
1729.7
1729.7
1729.8
1729.8
1729.8
1729.9
1729.9
1729.9
1729.9
1730.0
1730.0
1730.0
1730.1
1730.1
1730.2
1730.2
1730.2
1730.3
1730.3
1730.3
1730.3
1730.3
1730.4
1730.5
1730.5
1730.5
1730.5
1730.6
1730.6
1730.7
1730.8
1730.8
1730.8
1730.8
1730.8
1730.8
1730.8
1730.8
1730.8
1730.9
1730.9
1731.0
1731.1
1731.1
1731.1
1731.2
1731.2
1731.2
1731.2
1731.3
1731.3
1731.4
1731.5
1731.5
1731.6
1731.8
1731.8
1731.8
1731.9
1732.0
1732.1
1732.1
1732.1
1732.3
1732.5
1732.5
1732.7
1732.9
1732.9
1733.1
1733.3
1733.5
1734.3
1734.5
1734.5
1734.7
1734.8
1735.5
1735.6
1735.9
1735.9
1736.0
1736.7
1736.8
1737.0
1737.5
1739.2
1739.2
1741.4
1742.9
1748.7
1751.9
1763.0
1878.3
1878.3
1878.3
1878.3
1878.3
1878.3
1878.3
1878.3
1878.3
1878.3
1878.3
1878.3
1878.3
1878.3
1878.3
1878.3
1878.3
1878.3
1878.3
1878.3
1878.3
1878.3
1878.3
1878.3
1878.3
1878.3
1878.3
1878.3
1878.3
1878.3
1878.3
1878.3
1878.3
1878.3
1878.3
1878.3
1878.3
1878.3
1878.3
1878.3
1878.3
1878.3
1878.3
1878.3
1878.3
1878.3
1878.3
1878.3
1878.3
1878.4
1878.4
1878.4
1878.4
1878.4
1878.4
1878.4
1878.4
1878.4
1878.4
1878.4
1878.4
1878.4
1878.4
1878.4
1878.4
1878.4
1878.4
1878.4
1878.4
1878.4
1878.5
1878.5
1878.5
1878.5
1878.5
1878.5
1878.5
1878.5
1878.6
1878.6
1878.6
1878.7
1878.7
1878.7
1878.7
1878.7
1878.7
1878.7
1878.8
1878.8
1878.8
1878.9
1878.9
1878.9
1879.0
1879.0
1879.1
1879.1
1879.1
1879.2
1882.4
1882.4
1882.5
1882.5
1882.5
1882.5
1882.5
1882.5
1882.5
1882.5
1882.5
1882.5
1882.5
1882.5
1882.5
1882.5
1882.5
1882.5
1882.5
1882.5
1882.5
1882.5
1882.5
1882.5
1882.5
1882.5
1882.5
1882.5
1882.5
1882.5
1882.5
1882.5
1882.5
1882.5
1882.5
1882.5
1882.5
1882.5
1882.5
1882.5
1882.5
1882.5
1882.5
1882.5
1882.5
1882.5
1882.5
1882.5
1882.5
1882.5
1882.5
1882.5
1882.6
1882.6
1882.6
1882.6
1882.6
1882.6
1882.6
1882.6
1882.6
1882.6
1882.6
1882.6
1882.6
1882.6
1882.7
1882.7
1882.7
1882.7
1882.8
1882.9
1883.0
1883.1
1883.1
1883.1
1883.2
1883.2
1883.3
1883.3
1883.3
1883.5
1883.5
1883.6
1883.7
1883.7
1883.7
1883.7
1883.9
1883.9
1884.0
1884.1
1884.3
1884.4
1884.6
1884.7
1884.7
1884.8
1884.9
1884.9
1886.1
1886.1
1886.1
1886.1
1886.1
1886.2
1886.2
1886.2
1886.2
1886.2
1886.2
1886.2
1886.2
1886.2
1886.2
1886.2
1886.2
1886.2
1886.2
1886.3
1886.3
1886.3
1886.3
1886.3
1886.3
1886.3
1886.3
1886.3
1886.3
1886.3
1886.3
1886.3
1886.3
1886.3
1886.3
1886.3
1886.4
1886.4
1886.4
1886.4
1886.4
1886.4
1886.4
1886.4
1886.4
1886.4
1886.4
1886.4
1886.4
1886.4
1886.4
1886.4
1886.5
1886.5
1886.5
1886.5
1886.5
1886.5
1886.6
1886.6
1886.7
1886.7
1886.7
1886.8
1886.8
1886.9
1886.9
1887.0
1887.0
1887.0
1887.0
1887.1
1887.3
1887.3
1887.4
1887.6
1887.7
1887.9
1888.0
1888.0
1888.0
1888.1
1888.2
1888.2
1888.5
1888.6
1888.8
1888.8
1889.1
1889.3
1889.5
1889.8
1890.2
1890.2
1890.4
1890.7
1890.8
1890.9
1890.9
1890.9
1890.9
1890.9
1890.9
1891.0
1891.0
1891.0
1891.0
1891.0
1891.0
1891.0
1891.1
1891.1
1891.2
1891.2
1891.2
1891.2
1891.2
1891.2
1891.2
1891.2
1891.2
1891.3
1891.3
1891.3
1891.3
1891.3
1891.4
1891.4
1891.4
1891.4
1891.4
1891.4
1891.4
1891.4
1891.4
1891.5
1891.5
1891.5
1891.5
1891.5
1891.5
1891.5
1891.5
1891.6
1891.6
1891.6
1891.6
1891.6
1891.6
1891.7
1891.7
1891.8
1891.8
1891.8
1891.8
1891.8
1891.9
1891.9
1891.9
1892.0
1892.0
1892.2
1892.3
1892.3
1892.4
1892.4
1892.4
1892.7
1892.8
1892.8
1893.1
1893.2
1893.5
1893.5
1893.5
1893.9
1894.2
1894.5
1894.6
1894.8
1894.8
1894.9
1895.1
1895.4
1895.6
1896.5
1897.1
1897.3
1897.6
1897.9
1899.6
1899.6
1899.7
1900.0
1900.1
1900.1
1900.3
1900.4
1900.6
1900.7
1900.8
1900.8
1900.9
1901.0
1901.0
1901.1
1901.1
1901.1
1901.2
1901.3
1901.4
1901.4
1901.5
1901.5
1901.7
1901.7
1901.8
1901.9
1901.9
1902.0
1902.0
1902.0
1902.1
1902.2
1902.3
1902.4
1902.5
1902.6
1902.6
1902.6
1902.7
1902.7
1902.8
1902.8
1902.9
1903.0
1903.0
1903.1
1903.2
1903.2
1903.2
1903.3
1903.5
1904.0
1904.0
1904.1
1904.1
1904.2
1904.2
1904.4
1904.6
1904.7
1904.7
1904.8
1905.4
1906.3
1906.6
1906.8
1906.9
1907.4
1907.4
1907.4
1907.4
1907.8
1907.9
1908.7
1909.0
1911.4
1914.5
1915.2
1916.8
1917.2
1918.5
1921.2
1924.9
1928.0
1930.7
1930.8
1930.8
1930.8
1930.8
1930.8
1930.8
1930.8
1930.8
1930.9
1930.9
1930.9
1930.9
1930.9
1930.9
1930.9
1930.9
1930.9
1930.9
1930.9
1930.9
1930.9
1930.9
1930.9
1930.9
1930.9
1930.9
1930.9
1930.9
1930.9
1930.9
1930.9
1930.9
1930.9
1930.9
1930.9
1930.9
1930.9
1930.9
1930.9
1930.9
1930.9
1930.9
1930.9
1930.9
1930.9
1930.9
1930.9
1930.9
1930.9
1930.9
1930.9
1930.9
1930.9
1930.9
1931.0
1931.0
1931.0
1931.0
1931.0
1931.0
1931.0
1931.0
1931.0
1931.0
1931.0
1931.0
1931.0
1931.0
1931.0
1931.0
1931.0
1931.1
1931.1
1931.1
1931.1
1931.1
1931.1
1931.1
1931.2
1931.2
1931.2
1931.2
1931.3
1931.3
1931.4
1931.4
1931.4
1931.5
1931.5
1931.7
1931.7
1931.7
1931.9
1931.9
1932.0
1932.1
1932.2
1932.3
1932.7
1937.4
1937.5
1937.5
1937.5
1937.5
1937.5
1937.6
1937.6
1937.6
1937.6
1937.6
1937.6
1937.6
1937.6
1937.6
1937.6
1937.7
1937.7
1937.7
1937.7
1937.7
1937.7
1937.7
1937.7
1937.7
1937.7
1937.7
1937.7
1937.7
1937.8
1937.8
1937.8
1937.8
1937.8
1937.9
1937.9
1937.9
1937.9
1937.9
1938.0
1938.0
1938.0
1938.0
1938.0
1938.0
1938.0
1938.0
1938.0
1938.0
1938.1
1938.1
1938.1
1938.1
1938.1
1938.1
1938.1
1938.1
1938.1
1938.2
1938.2
1938.2
1938.2
1938.2
1938.3
1938.3
1938.4
1938.4
1938.5
1938.5
1938.6
1938.7
1938.8
1938.9
1938.9
1939.0
1939.1
1939.1
1939.6
1940.1
1940.1
1940.2
1940.6
1940.6
1940.7
1940.7
1941.7
1941.7
1941.7
1941.8
1942.1
1942.4
1943.3
1943.6
1943.8
1943.9
1943.9
1943.9
1943.9
1944.0
1944.0
1944.0
1944.1
1944.1
1944.2
1944.2
1944.2
1944.2
1944.3
1944.3
1944.3
1944.3
1944.3
1944.3
1944.3
1944.3
1944.4
1944.4
1944.4
1944.4
1944.4
1944.4
1944.4
1944.5
1944.5
1944.7
1944.7
1944.7
1944.7
1944.8
1944.9
1945.0
1945.0
1945.3
1945.4
1945.4
1945.4
1945.5
1945.6
1945.6
1945.8
1945.8
1945.8
1945.9
1945.9
1946.1
1946.1
1946.3
1946.3
1946.4
1946.6
1946.6
1946.7
1946.7
1947.0
1947.1
1947.1
1947.2
1947.2
1947.7
1947.8
1947.8
1948.0
1948.1
1948.1
1948.2
1948.4
1948.5
1948.7
1948.7
1948.7
1949.7
1949.8
1949.9
1950.1
1950.1
1950.2
1950.3
1950.3
1950.4
1950.4
1950.7
1950.7
1950.7
1950.7
1950.8
1950.8
1950.9
1950.9
1950.9
1951.0
1951.1
1951.1
1951.5
1951.5
1951.5
1951.8
1951.9
1952.0
1952.0
1952.0
1952.2
1952.2
1952.3
1952.3
1952.5
1952.6
1952.8
1952.9
1953.0
1953.3
1953.4
1953.5
1953.5
1953.6
1953.6
1953.6
1953.8
1953.9
1954.7
1954.9
1954.9
1955.1
1955.2
1955.4
1955.4
1955.5
1955.6
1955.7
1955.8
1956.7
1957.6
1957.7
1957.7
1957.8
1957.9
1958.1
1959.3
1959.9
1961.2
1961.9
1962.0
1962.1
1963.3
1963.6
1964.1
1965.1
1965.2
1965.5
1966.3
1968.0
1968.7
1969.5
1970.8
1971.0
1972.8
1975.3
1975.4
1975.9
1983.0
1983.9
1985.9
2047.6
2047.6
2047.6
2047.6
2047.6
2047.6
2047.6
2047.6
2047.6
2047.6
2047.6
2047.6
2047.6
2047.6
2047.6
2047.6
2047.6
2047.6
2047.6
2047.6
2047.6
2047.6
2047.6
2047.6
2047.6
2047.6
2047.6
2047.6
2047.6
2047.6
2047.6
2047.6
2047.6
2047.6
2047.6
2047.7
2047.7
2047.7
2047.7
2047.7
2047.7
2047.7
2047.7
2047.7
2047.7
2047.7
2047.7
2047.7
2047.7
2047.7
2047.7
2047.7
2047.7
2047.7
2047.7
2047.7
2047.7
2047.7
2047.7
2047.7
2047.7
2047.7
2047.7
2047.7
2047.7
2047.8
2047.8
2047.8
2047.8
2047.8
2047.8
2047.9
2047.9
2047.9
2047.9
2048.0
2048.0
2048.0
2048.1
2048.1
2048.1
2048.1
2048.1
2048.2
2048.2
2048.2
2048.3
2048.4
2048.4
2048.6
2048.6
2048.6
2048.7
2048.8
2048.8
2049.0
2049.0
2049.1
2049.1
2049.1
2051.6
2051.6
2051.6
2051.6
2051.6
2051.6
2051.6
2051.6
2051.6
2051.7
2051.7
2051.7
2051.7
2051.7
2051.7
2051.7
2051.7
2051.7
2051.7
2051.7
2051.7
2051.7
2051.7
2051.7
2051.7
2051.7
2051.7
2051.7
2051.7
2051.7
2051.7
2051.7
2051.7
2051.7
2051.7
2051.7
2051.7
2051.7
2051.7
2051.7
2051.7
2051.7
2051.7
2051.7
2051.7
2051.7
2051.7
2051.7
2051.7
2051.7
2051.7
2051.7
2051.7
2051.7
2051.7
2051.7
2051.7
2051.7
2051.7
2051.7
2051.7
2051.7
2051.8
2051.8
2051.8
2051.8
2051.8
2051.8
2051.8
2051.8
2051.9
2051.9
2052.0
2052.1
2052.2
2052.2
2052.2
2052.3
2052.3
2052.3
2052.4
2052.4
2052.4
2052.5
2052.6
2052.6
2052.7
2052.8
2053.0
2053.1
2053.2
2053.3
2053.6
2053.7
2054.1
2054.2
2054.3
2054.4
2054.5
2054.5
2055.3
2055.3
2055.3
2055.3
2055.3
2055.3
2055.3
2055.3
2055.3
2055.3
2055.3
2055.3
2055.3
2055.3
2055.3
2055.3
2055.3
2055.4
2055.4
2055.4
2055.4
2055.4
2055.4
2055.4
2055.4
2055.4
2055.4
2055.4
2055.4
2055.4
2055.4
2055.4
2055.4
2055.4
2055.4
2055.4
2055.4
2055.4
2055.4
2055.5
2055.5
2055.5
2055.5
2055.5
2055.5
2055.5
2055.5
2055.5
2055.5
2055.5
2055.5
2055.5
2055.5
2055.6
2055.6
2055.6
2055.6
2055.6
2055.7
2055.7
2055.7
2055.7
2055.7
2055.8
2055.8
2055.8
2055.8
2055.8
2055.8
2055.8
2056.0
2056.0
2056.0
2056.2
2056.2
2056.4
2056.4
2056.6
2056.6
2056.6
2056.6
2056.7
2056.8
2056.8
2057.0
2057.2
2057.2
2057.3
2057.7
2057.9
2058.1
2058.1
2058.7
2058.8
2059.4
2059.4
2059.4
2059.4
2059.5
2059.5
2059.5
2059.5
2059.5
2059.5
2059.5
2059.5
2059.6
2059.6
2059.6
2059.6
2059.6
2059.6
2059.6
2059.6
2059.6
2059.6
2059.6
2059.7
2059.7
2059.7
2059.7
2059.7
2059.7
2059.7
2059.7
2059.8
2059.8
2059.8
2059.8
2059.8
2059.8
2059.8
2059.8
2059.8
2059.8
2059.8
2059.9
2059.9
2059.9
2059.9
2059.9
2060.0
2060.0
2060.0
2060.0
2060.0
2060.0
2060.0
2060.1
2060.1
2060.1
2060.1
2060.1
2060.2
2060.2
2060.2
2060.2
2060.2
2060.3
2060.3
2060.4
2060.5
2060.5
2060.5
2060.5
2060.5
2060.7
2060.7
2060.8
2060.8
2061.1
2061.1
2061.1
2061.2
2061.2
2061.5
2061.7
2061.9
2062.0
2062.1
2062.1
2062.2
2062.2
2062.6
2062.7
2063.1
2063.6
2064.0
2064.1
2064.5
2065.3
2065.4
2065.5
2065.8
2065.8
2065.8
2066.0
2066.0
2066.0
2066.1
2066.1
2066.1
2066.1
2066.2
2066.2
2066.2
2066.3
2066.3
2066.4
2066.4
2066.5
2066.5
2066.5
2066.5
2066.5
2066.6
2066.7
2066.7
2066.7
2066.8
2066.8
2066.8
2066.8
2066.9
2067.0
2067.0
2067.0
2067.0
2067.0
2067.1
2067.1
2067.1
2067.1
2067.1
2067.1
2067.2
2067.2
2067.3
2067.3
2067.3
2067.4
2067.4
2067.4
2067.5
2067.5
2067.6
2067.6
2067.8
2067.8
2068.0
2068.0
2068.0
2068.1
2068.1
2068.3
2068.4
2068.4
2068.4
2068.6
2068.8
2068.9
2069.1
2069.2
2069.2
2069.4
2069.7
2069.7
2069.8
2070.7
2070.8
2070.8
2071.0
2071.1
2072.0
2072.4
2072.4
2073.1
2073.2
2073.4
2073.4
2073.7
2073.9
2075.7
2075.7
2077.0
2080.8
2086.4
2096.1
2105.4
2214.7
2214.7
2214.7
2214.7
2214.7
2214.7
2214.7
2214.7
2214.7
2214.7
2214.7
2214.7
2214.7
2214.7
2214.7
2214.7
2214.7
2214.7
2214.7
2214.7
2214.7
2214.7
2214.7
2214.7
2214.7
2214.7
2214.7
2214.7
2214.7
2214.7
2214.7
2214.7
2214.7
2214.7
2214.8
2214.8
2214.8
2214.8
2214.8
2214.8
2214.8
2214.8
2214.8
2214.8
2214.8
2214.8
2214.8
2214.8
2214.8
2214.8
2214.8
2214.8
2214.8
2214.8
2214.8
2214.8
2214.8
2214.8
2214.8
2214.8
2214.8
2214.8
2214.8
2214.8
2214.8
2214.8
2214.8
2214.8
2214.9
2214.9
2214.9
2214.9
2214.9
2214.9
2214.9
2214.9
2214.9
2214.9
2215.0
2215.0
2215.0
2215.1
2215.1
2215.1
2215.1
2215.1
2215.1
2215.1
2215.2
2215.2
2215.2
2215.3
2215.3
2215.3
2215.4
2215.4
2215.4
2215.5
2215.5
2215.5
2218.8
2218.8
2218.8
2218.8
2218.8
2218.8
2218.8
2218.8
2218.8
2218.8
2218.8
2218.8
2218.9
2218.9
2218.9
2218.9
2218.9
2218.9
2218.9
2218.9
2218.9
2218.9
2218.9
2218.9
2218.9
2218.9
2218.9
2218.9
2218.9
2218.9
2218.9
2218.9
2218.9
2218.9
2218.9
2218.9
2218.9
2218.9
2218.9
2218.9
2218.9
2218.9
2218.9
2218.9
2218.9
2218.9
2218.9
2218.9
2218.9
2218.9
2218.9
2218.9
2218.9
2218.9
2218.9
2218.9
2218.9
2218.9
2218.9
2219.0
2219.0
2219.0
2219.0
2219.0
2219.0
2219.0
2219.0
2219.1
2219.1
2219.1
2219.2
2219.2
2219.3
2219.4
2219.4
2219.5
2219.5
2219.5
2219.6
2219.7
2219.7
2219.8
2219.8
2219.9
2220.0
2220.0
2220.0
2220.0
2220.2
2220.2
2220.3
2220.4
2220.5
2220.6
2220.9
2220.9
2220.9
2221.1
2221.1
2221.2
2222.5
2222.5
2222.5
2222.5
2222.5
2222.5
2222.5
2222.5
2222.6
2222.6
2222.6
2222.6
2222.6
2222.6
2222.6
2222.6
2222.6
2222.6
2222.6
2222.6
2222.6
2222.6
2222.6
2222.6
2222.7
2222.7
2222.7
2222.7
2222.7
2222.7
2222.7
2222.7
2222.7
2222.7
2222.7
2222.7
2222.7
2222.7
2222.7
2222.7
2222.7
2222.7
2222.7
2222.7
2222.8
2222.8
2222.8
2222.8
2222.8
2222.8
2222.8
2222.8
2222.8
2222.8
2222.9
2222.9
2222.9
2222.9
2222.9
2222.9
2223.1
2223.1
2223.1
2223.2
2223.2
2223.2
2223.3
2223.3
2223.3
2223.4
2223.4
2223.5
2223.7
2223.7
2223.7
2223.9
2224.0
2224.2
2224.4
2224.4
2224.4
2224.4
2224.5
2224.5
2224.8
2224.9
2225.2
2225.2
2225.4
2225.6
2225.9
2226.1
2226.5
2226.5
2226.7
2227.0
2227.2
2227.3
2227.3
2227.4
2227.4
2227.4
2227.4
2227.5
2227.5
2227.5
2227.5
2227.5
2227.5
2227.5
2227.6
2227.6
2227.6
2227.7
2227.7
2227.7
2227.7
2227.7
2227.7
2227.7
2227.8
2227.8
2227.8
2227.8
2227.8
2227.8
2227.9
2227.9
2227.9
2227.9
2227.9
2227.9
2227.9
2228.0
2228.0
2228.0
2228.0
2228.0
2228.0
2228.0
2228.0
2228.0
2228.0
2228.0
2228.1
2228.1
2228.1
2228.2
2228.2
2228.2
2228.2
2228.3
2228.3
2228.3
2228.3
2228.3
2228.4
2228.4
2228.4
2228.5
2228.6
2228.7
2228.8
2228.8
2228.9
2228.9
2229.0
2229.1
2229.3
2229.4
2229.7
2229.7
2230.0
2230.0
2230.1
2230.5
2230.7
2231.0
2231.1
2231.3
2231.3
2231.4
2231.7
2231.8
2232.5
2233.1
2233.8
2234.1
2234.5
2234.5
2236.5
2236.8
2236.9
2237.2
2237.7
2237.7
2237.7
2237.9
2238.1
2238.2
2238.4
2238.4
2238.5
2238.7
2238.7
2238.7
2238.7
2238.8
2238.9
2239.0
2239.0
2239.0
2239.2
2239.2
2239.3
2239.4
2239.7
2239.9
2240.0
2240.1
2240.2
2240.3
2240.3
2240.4
2240.5
2240.5
2240.6
2240.6
2240.6
2240.8
2240.9
2240.9
2241.0
2241.2
2241.2
2241.3
2241.3
2241.4
2241.4
2241.6
2241.6
2241.7
2241.8
2241.9
2242.0
2242.5
2242.6
2242.9
2243.0
2243.0
2243.1
2243.2
2243.6
2243.8
2244.9
2246.0
2246.5
2246.9
2247.2
2247.3
2247.3
2247.3
2248.1
2248.2
2248.3
2250.0
2250.3
2259.4
2264.5
2266.5
2266.7
2266.8
2266.8
2266.8
2266.9
2266.9
2266.9
2267.0
2267.0
2267.0
2267.0
2267.0
2267.0
2267.0
2267.0
2267.0
2267.0
2267.0
2267.0
2267.0
2267.0
2267.0
2267.0
2267.0
2267.0
2267.0
2267.0
2267.0
2267.0
2267.0
2267.0
2267.0
2267.0
2267.0
2267.0
2267.0
2267.0
2267.0
2267.0
2267.0
2267.0
2267.0
2267.0
2267.0
2267.0
2267.0
2267.0
2267.0
2267.0
2267.0
2267.0
2267.0
2267.0
2267.0
2267.1
2267.1
2267.1
2267.1
2267.1
2267.1
2267.1
2267.1
2267.1
2267.1
2267.1
2267.1
2267.1
2267.1
2267.1
2267.1
2267.1
2267.1
2267.2
2267.2
2267.2
2267.2
2267.2
2267.2
2267.2
2267.2
2267.3
2267.3
2267.3
2267.3
2267.3
2267.4
2267.5
2267.5
2267.5
2267.5
2267.6
2267.8
2267.8
2267.8
2268.0
2268.0
2268.1
2268.4
2270.7
2272.6
2273.0
2273.6
2273.6
2273.6
2273.6
2273.7
2273.7
2273.7
2273.7
2273.7
2273.7
2273.7
2273.8
2273.8
2273.8
2273.8
2273.8
2273.8
2273.8
2273.8
2273.8
2273.8
2273.8
2273.8
2273.9
2273.9
2273.9
2273.9
2273.9
2273.9
2273.9
2273.9
2273.9
2273.9
2273.9
2274.0
2274.0
2274.0
2274.0
2274.0
2274.1
2274.1
2274.1
2274.1
2274.1
2274.1
2274.2
2274.2
2274.2
2274.2
2274.2
2274.2
2274.2
2274.2
2274.2
2274.2
2274.3
2274.3
2274.3
2274.4
2274.4
2274.4
2274.4
2274.4
2274.5
2274.5
2274.5
2274.5
2274.6
2274.7
2274.7
2274.7
2274.9
2274.9
2275.0
2275.1
2275.2
2275.2
2276.1
2276.3
2276.8
2276.8
2276.8
2277.0
2277.0
2277.1
2277.9
2277.9
2278.0
2278.2
2278.5
2279.3
2279.7
2279.9
2279.9
2279.9
2279.9
2280.0
2280.0
2280.0
2280.1
2280.1
2280.2
2280.2
2280.2
2280.2
2280.2
2280.3
2280.3
2280.3
2280.3
2280.3
2280.4
2280.4
2280.4
2280.4
2280.4
2280.4
2280.4
2280.4
2280.5
2280.5
2280.5
2280.5
2280.6
2280.7
2280.7
2280.7
2280.7
2281.0
2281.0
2281.0
2281.3
2281.3
2281.4
2281.4
2281.5
2281.6
2281.7
2281.8
2281.9
2282.0
2282.0
2282.0
2282.2
2282.2
2282.2
2282.3
2282.5
2282.5
2282.5
2282.6
2282.6
2282.8
2282.9
2282.9
2283.0
2283.0
2283.5
2283.6
2283.7
2283.7
2283.8
2283.8
2283.9
2284.0
2284.2
2284.3
2284.3
2284.9
2285.3
2285.8
2285.8
2285.9
2286.0
2286.0
2286.2
2286.3
2286.3
2286.3
2286.4
2286.5
2286.6
2286.6
2286.6
2286.6
2286.6
2286.8
2286.8
2286.9
2286.9
2287.0
2287.3
2287.3
2287.3
2287.4
2287.5
2287.6
2287.7
2287.8
2287.8
2287.9
2288.0
2288.0
2288.1
2288.1
2288.6
2288.6
2288.6
2289.0
2289.1
2289.1
2289.2
2289.2
2289.2
2289.5
2289.7
2290.1
2290.2
2290.2
2290.4
2290.6
2290.6
2290.7
2290.9
2290.9
2291.1
2291.2
2292.1
2292.4
2292.5
2292.6
2292.6
2292.9
2293.1
2293.9
2294.7
2295.0
2295.1
2295.1
2295.3
2295.5
2296.2
2296.4
2296.5
2297.0
2297.3
2297.5
2297.6
2298.1
2298.4
2298.7
2298.8
2300.3
2303.7
2304.3
2305.2
2305.2
2306.8
2307.1
2307.6
2307.9
2310.1
2312.3
2315.6
2318.8
2384.0
2384.0
2384.0
2384.0
2384.0
2384.0
2384.0
2384.0
2384.0
2384.0
2384.1
2384.1
2384.1
2384.1
2384.1
2384.1
2384.1
2384.1
2384.1
2384.1
2384.1
2384.1
2384.1
2384.1
2384.1
2384.1
2384.1
2384.1
2384.1
2384.1
2384.1
2384.1
2384.1
2384.1
2384.1
2384.1
2384.1
2384.1
2384.1
2384.1
2384.1
2384.1
2384.1
2384.1
2384.1
2384.1
2384.1
2384.1
2384.1
2384.1
2384.1
2384.1
2384.1
2384.1
2384.1
2384.1
2384.1
2384.1
2384.1
2384.1
2384.1
2384.1
2384.1
2384.2
2384.2
2384.2
2384.2
2384.2
2384.3
2384.3
2384.3
2384.3
2384.3
2384.4
2384.4
2384.5
2384.5
2384.5
2384.5
2384.5
2384.6
2384.6
2384.6
2384.6
2384.6
2384.7
2384.8
2384.8
2384.9
2385.0
2385.0
2385.1
2385.2
2385.3
2385.3
2385.4
2385.5
2385.6
2385.6
2385.6
2388.0
2388.0
2388.0
2388.0
2388.0
2388.0
2388.0
2388.0
2388.0
2388.0
2388.0
2388.0
2388.0
2388.0
2388.0
2388.0
2388.0
2388.0
2388.0
2388.0
2388.0
2388.0
2388.0
2388.0
2388.0
2388.0
2388.0
2388.0
2388.0
2388.0
2388.0
2388.0
2388.0
2388.0
2388.0
2388.0
2388.0
2388.0
2388.0
2388.0
2388.0
2388.0
2388.0
2388.0
2388.0
2388.0
2388.0
2388.0
2388.0
2388.0
2388.0
2388.0
2388.0
2388.0
2388.0
2388.0
2388.0
2388.0
2388.0
2388.0
2388.0
2388.1
2388.1
2388.1
2388.1
2388.2
2388.2
2388.2
2388.2
2388.2
2388.2
2388.3
2388.3
2388.6
2388.6
2388.6
2388.6
2388.6
2388.7
2388.7
2388.8
2388.8
2388.9
2388.9
2389.1
2389.1
2389.2
2389.3
2389.5
2389.7
2389.7
2389.9
2390.2
2390.3
2390.7
2390.7
2390.9
2391.0
2391.1
2391.1
2391.6
2391.6
2391.6
2391.7
2391.7
2391.7
2391.7
2391.7
2391.7
2391.7
2391.7
2391.7
2391.7
2391.7
2391.7
2391.7
2391.7
2391.7
2391.7
2391.7
2391.7
2391.7
2391.7
2391.7
2391.7
2391.7
2391.7
2391.7
2391.7
2391.7
2391.7
2391.7
2391.7
2391.8
2391.8
2391.8
2391.8
2391.8
2391.8
2391.8
2391.8
2391.8
2391.8
2391.8
2391.8
2391.8
2391.8
2391.8
2391.9
2391.9
2391.9
2391.9
2391.9
2391.9
2391.9
2391.9
2391.9
2392.0
2392.0
2392.0
2392.0
2392.0
2392.1
2392.1
2392.1
2392.1
2392.2
2392.2
2392.2
2392.2
2392.3
2392.4
2392.4
2392.6
2392.6
2392.8
2392.8
2392.9
2393.0
2393.0
2393.0
2393.1
2393.1
2393.2
2393.4
2393.6
2393.7
2393.8
2394.3
2394.5
2394.5
2394.7
2395.4
2395.5
2395.7
2395.7
2395.7
2395.8
2395.8
2395.8
2395.8
2395.9
2395.9
2395.9
2395.9
2395.9
2395.9
2395.9
2395.9
2396.0
2396.0
2396.0
2396.0
2396.0
2396.0
2396.0
2396.0
2396.0
2396.0
2396.0
2396.1
2396.1
2396.1
2396.1
2396.1
2396.1
2396.1
2396.1
2396.1
2396.1
2396.1
2396.1
2396.1
2396.1
2396.2
2396.2
2396.2
2396.3
2396.3
2396.3
2396.3
2396.3
2396.3
2396.3
2396.3
2396.3
2396.3
2396.4
2396.4
2396.4
2396.4
2396.5
2396.5
2396.5
2396.5
2396.5
2396.5
2396.6
2396.7
2396.7
2396.8
2396.8
2396.8
2396.9
2397.0
2397.0
2397.0
2397.1
2397.1
2397.2
2397.4
2397.5
2397.5
2397.5
2397.6
2397.9
2398.1
2398.3
2398.4
2398.5
2398.5
2398.5
2398.6
2399.0
2399.1
2399.7
2400.0
2400.5
2400.8
2401.2
2401.7
2402.0
2402.0
2402.1
2402.1
2402.1
2402.2
2402.2
2402.3
2402.4
2402.4
2402.4
2402.4
2402.4
2402.4
2402.5
2402.5
2402.5
2402.6
2402.7
2402.7
2402.7
2402.8
2402.8
2402.8
2402.8
2403.0
2403.0
2403.0
2403.0
2403.1
2403.1
2403.1
2403.2
2403.2
2403.3
2403.3
2403.3
2403.3
2403.3
2403.3
2403.3
2403.4
2403.4
2403.4
2403.5
2403.6
2403.6
2403.6
2403.7
2403.7
2403.7
2403.8
2403.8
2403.8
2403.9
2403.9
2404.0
2404.1
2404.2
2404.2
2404.3
2404.3
2404.4
2404.6
2404.6
2404.6
2405.0
2405.1
2405.2
2405.3
2405.3
2405.5
2405.6
2406.0
2406.0
2406.5
2406.9
2406.9
2407.0
2407.0
2407.1
2407.2
2408.3
2408.6
2408.7
2409.6
2409.6
2410.0
2410.2
2410.9
2411.4
2411.9
2412.2
2414.2
2418.5
2437.5
2439.1
2551.0
2551.1
2551.1
2551.1
2551.1
2551.1
2551.1
2551.1
2551.1
2551.1
2551.1
2551.1
2551.1
2551.1
2551.1
2551.1
2551.1
2551.1
2551.1
2551.1
2551.1
2551.1
2551.1
2551.1
2551.1
2551.1
2551.1
2551.1
2551.1
2551.1
2551.1
2551.1
2551.1
2551.1
2551.1
2551.1
2551.1
2551.1
2551.1
2551.1
2551.1
2551.1
2551.1
2551.1
2551.1
2551.1
2551.1
2551.1
2551.1
2551.1
2551.1
2551.1
2551.1
2551.1
2551.1
2551.1
2551.1
2551.1
2551.1
2551.1
2551.1
2551.1
2551.1
2551.2
2551.2
2551.2
2551.2
2551.2
2551.2
2551.2
2551.2
2551.2
2551.2
2551.3
2551.3
2551.3
2551.3
2551.3
2551.3
2551.4
2551.4
2551.4
2551.4
2551.4
2551.4
2551.4
2551.5
2551.5
2551.5
2551.5
2551.6
2551.6
2551.6
2551.7
2551.7
2551.8
2551.8
2551.8
2551.8
2551.9
2555.1
2555.1
2555.2
2555.2
2555.2
2555.2
2555.2
2555.2
2555.2
2555.2
2555.2
2555.2
2555.2
2555.2
2555.2
2555.2
2555.2
2555.2
2555.2
2555.2
2555.2
2555.2
2555.2
2555.2
2555.2
2555.2
2555.2
2555.2
2555.2
2555.2
2555.2
2555.2
2555.2
2555.2
2555.2
2555.2
2555.2
2555.2
2555.2
2555.2
2555.2
2555.2
2555.2
2555.2
2555.2
2555.2
2555.2
2555.2
2555.2
2555.2
2555.3
2555.3
2555.3
2555.3
2555.3
2555.3
2555.3
2555.3
2555.3
2555.3
2555.3
2555.3
2555.3
2555.3
2555.3
2555.4
2555.4
2555.4
2555.4
2555.4
2555.5
2555.6
2555.7
2555.7
2555.7
2555.8
2555.8
2555.8
2556.0
2556.0
2556.0
2556.2
2556.2
2556.2
2556.3
2556.3
2556.3
2556.3
2556.6
2556.6
2556.6
2556.8
2556.9
2557.0
2557.2
2557.3
2557.3
2557.4
2557.4
2557.5
2558.8
2558.8
2558.8
2558.8
2558.8
2558.9
2558.9
2558.9
2558.9
2558.9
2558.9
2558.9
2558.9
2558.9
2558.9
2558.9
2558.9
2558.9
2559.0
2559.0
2559.0
2559.0
2559.0
2559.0
2559.0
2559.0
2559.0
2559.0
2559.0
2559.0
2559.0
2559.0
2559.0
2559.0
2559.0
2559.0
2559.1
2559.1
2559.1
2559.1
2559.1
2559.1
2559.1
2559.1
2559.1
2559.1
2559.1
2559.1
2559.1
2559.1
2559.1
2559.2
2559.2
2559.2
2559.2
2559.2
2559.2
2559.2
2559.2
2559.3
2559.4
2559.4
2559.4
2559.5
2559.5
2559.6
2559.6
2559.6
2559.7
2559.7
2559.7
2559.8
2560.0
2560.0
2560.0
2560.3
2560.3
2560.5
2560.7
2560.7
2560.7
2560.8
2560.9
2560.9
2561.1
2561.3
2561.5
2561.5
2561.8
2562.0
2562.2
2562.4
2562.9
2562.9
2563.1
2563.4
2563.6
2563.6
2563.6
2563.7
2563.7
2563.7
2563.7
2563.8
2563.8
2563.8
2563.8
2563.8
2563.9
2563.9
2563.9
2563.9
2564.0
2564.0
2564.0
2564.0
2564.0
2564.0
2564.0
2564.1
2564.1
2564.1
2564.1
2564.1
2564.1
2564.1
2564.2
2564.2
2564.2
2564.2
2564.2
2564.2
2564.3
2564.3
2564.3
2564.3
2564.3
2564.3
2564.3
2564.3
2564.3
2564.3
2564.4
2564.4
2564.4
2564.4
2564.5
2564.5
2564.5
2564.5
2564.5
2564.6
2564.6
2564.6
2564.6
2564.7
2564.7
2564.7
2564.8
2564.8
2564.9
2565.0
2565.1
2565.2
2565.2
2565.2
2565.3
2565.5
2565.6
2565.7
2566.0
2566.0
2566.3
2566.4
2566.4
2566.8
2567.0
2567.3
2567.4
2567.6
2567.6
2567.7
2568.0
2568.2
2568.5
2569.3
2570.0
2570.1
2570.6
2570.9
2572.8
2572.8
2573.1
2573.5
2573.7
2573.8
2574.0
2574.1
2574.4
2574.4
2574.6
2574.7
2574.7
2574.8
2574.9
2575.0
2575.0
2575.0
2575.0
2575.1
2575.1
2575.2
2575.2
2575.4
2575.5
2575.6
2575.6
2575.7
2576.0
2576.0
2576.1
2576.2
2576.3
2576.4
2576.5
2576.5
2576.7
2576.8
2576.8
2576.8
2576.8
2576.9
2576.9
2577.0
2577.1
2577.2
2577.2
2577.5
2577.5
2577.6
2577.8
2577.8
2577.9
2578.1
2578.2
2578.7
2578.8
2578.9
2579.1
2579.2
2579.3
2579.3
2579.8
2579.8
2581.0
2581.7
2582.2
2583.0
2583.2
2583.2
2583.3
2583.4
2583.4
2583.5
2584.3
2584.5
2585.1
2593.9
2594.6
2603.6
2603.6
2603.7
2603.8
2603.9
2604.0
2604.0
2604.0
2604.0
2604.0
2604.0
2604.0
2604.0
2604.0
2604.0
2604.0
2604.0
2604.0
2604.0
2604.0
2604.0
2604.0
2604.0
2604.0
2604.0
2604.0
2604.0
2604.0
2604.0
2604.0
2604.0
2604.0
2604.0
2604.0
2604.0
2604.0
2604.0
2604.0
2604.0
2604.0
2604.0
2604.0
2604.0
2604.0
2604.0
2604.0
2604.0
2604.0
2604.0
2604.0
2604.0
2604.0
2604.1
2604.1
2604.1
2604.1
2604.1
2604.1
2604.1
2604.1
2604.1
2604.1
2604.1
2604.1
2604.1
2604.1
2604.1
2604.1
2604.1
2604.1
2604.1
2604.2
2604.2
2604.2
2604.2
2604.2
2604.2
2604.2
2604.2
2604.2
2604.3
2604.3
2604.3
2604.3
2604.4
2604.4
2604.4
2604.5
2604.5
2604.5
2604.5
2604.7
2604.8
2604.8
2604.8
2605.0
2605.0
2605.1
2605.3
2605.4
2609.8
2610.0
2610.6
2610.6
2610.6
2610.6
2610.6
2610.7
2610.7
2610.7
2610.7
2610.7
2610.7
2610.8
2610.8
2610.8
2610.8
2610.8
2610.8
2610.8
2610.8
2610.8
2610.8
2610.8
2610.8
2610.9
2610.9
2610.9
2610.9
2610.9
2610.9
2610.9
2610.9
2610.9
2610.9
2610.9
2611.0
2611.0
2611.0
2611.0
2611.1
2611.1
2611.1
2611.1
2611.1
2611.1
2611.1
2611.2
2611.2
2611.2
2611.2
2611.2
2611.2
2611.2
2611.2
2611.2
2611.2
2611.2
2611.3
2611.4
2611.4
2611.4
2611.4
2611.4
2611.4
2611.5
2611.5
2611.5
2611.5
2611.6
2611.7
2611.7
2611.8
2611.9
2611.9
2612.0
2612.1
2612.2
2612.2
2613.1
2613.4
2613.8
2613.9
2613.9
2614.0
2614.2
2615.0
2615.0
2615.1
2615.2
2615.7
2616.1
2616.5
2616.9
2617.1
2617.1
2617.2
2617.2
2617.2
2617.2
2617.3
2617.3
2617.3
2617.4
2617.4
2617.4
2617.5
2617.5
2617.5
2617.5
2617.6
2617.6
2617.6
2617.6
2617.6
2617.6
2617.6
2617.7
2617.7
2617.7
2617.7
2617.7
2617.8
2617.8
2617.8
2617.9
2618.0
2618.0
2618.0
2618.0
2618.1
2618.2
2618.3
2618.4
2618.4
2618.7
2618.8
2618.8
2618.8
2619.0
2619.1
2619.1
2619.2
2619.3
2619.4
2619.4
2619.5
2619.7
2619.7
2619.8
2620.0
2620.0
2620.1
2620.1
2620.5
2620.5
2620.6
2620.6
2620.6
2621.0
2621.2
2621.3
2621.4
2621.5
2621.6
2621.7
2621.8
2621.9
2622.0
2622.1
2622.1
2623.2
2623.2
2623.3
2623.4
2623.6
2623.6
2623.7
2623.7
2623.8
2623.9
2623.9
2623.9
2624.0
2624.0
2624.1
2624.1
2624.2
2624.2
2624.3
2624.4
2624.4
2624.7
2624.8
2624.8
2624.8
2625.1
2625.2
2625.2
2625.2
2625.4
2625.5
2625.5
2625.5
2625.6
2625.7
2625.7
2626.1
2626.2
2626.3
2626.6
2626.8
2626.9
2626.9
2627.0
2627.1
2627.1
2627.1
2627.9
2628.2
2628.2
2628.3
2628.5
2628.7
2628.7
2628.7
2628.8
2628.8
2628.9
2630.0
2630.8
2631.0
2631.1
2631.2
2631.2
2631.4
2633.0
2633.3
2634.1
2634.6
2635.5
2635.7
2635.9
2636.3
2636.6
2638.0
2638.9
2639.2
2639.3
2640.8
2641.1
2642.9
2643.7
2643.8
2646.8
2647.1
2648.0
2651.6
2652.2
2655.3
2669.6
2720.2
2720.2
2720.2
2720.2
2720.2
2720.2
2720.2
2720.2
2720.2
2720.2
2720.2
2720.2
2720.2
2720.2
2720.2
2720.3
2720.3
2720.3
2720.3
2720.3
2720.3
2720.3
2720.3
2720.3
2720.3
2720.3
2720.3
2720.3
2720.3
2720.3
2720.3
2720.3
2720.3
2720.3
2720.3
2720.3
2720.3
2720.3
2720.3
2720.3
2720.3
2720.3
2720.3
2720.3
2720.3
2720.3
2720.3
2720.3
2720.3
2720.3
2720.3
2720.3
2720.3
2720.3
2720.3
2720.3
2720.3
2720.3
2720.3
2720.3
2720.3
2720.3
2720.3
2720.3
2720.4
2720.4
2720.4
2720.4
2720.4
2720.5
2720.5
2720.5
2720.5
2720.6
2720.6
2720.7
2720.7
2720.7
2720.7
2720.7
2720.7
2720.7
2720.8
2720.8
2720.8
2720.8
2721.0
2721.0
2721.0
2721.2
2721.2
2721.3
2721.4
2721.4
2721.5
2721.6
2721.7
2721.7
2721.7
2721.8
2724.3
2724.3
2724.3
2724.3
2724.3
2724.3
2724.3
2724.3
2724.3
2724.3
2724.3
2724.3
2724.3
2724.3
2724.3
2724.3
2724.3
2724.3
2724.3
2724.3
2724.3
2724.3
2724.3
2724.3
2724.3
2724.3
2724.3
2724.3
2724.3
2724.3
2724.3
2724.3
2724.3
2724.3
2724.3
2724.3
2724.3
2724.3
2724.3
2724.3
2724.3
2724.3
2724.3
2724.3
2724.3
2724.3
2724.3
2724.3
2724.3
2724.3
2724.3
2724.3
2724.3
2724.4
2724.4
2724.4
2724.4
2724.4
2724.4
2724.4
2724.4
2724.4
2724.4
2724.4
2724.5
2724.5
2724.5
2724.5
2724.5
2724.5
2724.5
2724.5
2724.6
2724.8
2724.8
2724.9
2724.9
2724.9
2724.9
2724.9
2725.1
2725.1
2725.1
2725.2
2725.3
2725.3
2725.4
2725.5
2725.7
2725.8
2725.8
2725.9
2726.2
2726.3
2726.7
2726.8
2726.9
2727.0
2727.1
2727.1
2727.9
2727.9
2727.9
2728.0
2728.0
2728.0
2728.0
2728.0
2728.0
2728.0
2728.0
2728.0
2728.0
2728.0
2728.0
2728.0
2728.0
2728.0
2728.0
2728.0
2728.0
2728.0
2728.0
2728.0
2728.0
2728.0
2728.1
2728.1
2728.1
2728.1
2728.1
2728.1
2728.1
2728.1
2728.1
2728.1
2728.1
2728.1
2728.1
2728.1
2728.1
2728.1
2728.1
2728.1
2728.1
2728.2
2728.2
2728.2
2728.2
2728.2
2728.2
2728.2
2728.2
2728.2
2728.2
2728.2
2728.3
2728.3
2728.3
2728.3
2728.3
2728.4
2728.4
2728.4
2728.5
2728.5
2728.5
2728.5
2728.5
2728.5
2728.6
2728.7
2728.7
2728.9
2728.9
2729.1
2729.1
2729.3
2729.3
2729.3
2729.3
2729.4
2729.4
2729.5
2729.7
2729.8
2729.9
2730.0
2730.4
2730.5
2730.7
2730.7
2731.3
2731.4
2732.0
2732.0
2732.1
2732.1
2732.1
2732.1
2732.2
2732.2
2732.2
2732.2
2732.2
2732.2
2732.2
2732.2
2732.3
2732.3
2732.3
2732.3
2732.3
2732.3
2732.3
2732.3
2732.3
2732.3
2732.3
2732.4
2732.4
2732.4
2732.4
2732.4
2732.4
2732.4
2732.4
2732.4
2732.4
2732.4
2732.5
2732.5
2732.5
2732.5
2732.5
2732.5
2732.5
2732.5
2732.6
2732.6
2732.6
2732.6
2732.6
2732.7
2732.7
2732.7
2732.7
2732.7
2732.7
2732.7
2732.8
2732.8
2732.8
2732.8
2732.8
2732.9
2732.9
2732.9
2732.9
2733.0
2733.1
2733.1
2733.1
2733.1
2733.2
2733.2
2733.3
2733.4
2733.5
2733.5
2733.7
2733.8
2733.8
2733.8
2733.9
2734.2
2734.4
2734.5
2734.7
2734.8
2734.8
2734.8
2734.9
2735.3
2735.4
2735.8
2736.3
2736.6
2736.7
2737.1
2737.9
2738.1
2738.2
2738.5
2738.5
2738.5
2738.7
2738.7
2738.7
2738.7
2738.8
2738.8
2738.8
2738.8
2738.8
2738.9
2739.0
2739.0
2739.1
2739.1
2739.2
2739.2
2739.2
2739.2
2739.2
2739.2
2739.4
2739.4
2739.4
2739.4
2739.4
2739.5
2739.5
2739.5
2739.5
2739.7
2739.7
2739.7
2739.7
2739.7
2739.7
2739.7
2739.8
2739.8
2739.8
2739.8
2739.9
2740.0
2740.0
2740.0
2740.0
2740.1
2740.1
2740.1
2740.2
2740.3
2740.3
2740.4
2740.5
2740.5
2740.6
2740.7
2740.8
2740.8
2740.9
2741.0
2741.0
2741.1
2741.1
2741.5
2741.7
2741.7
2741.8
2741.9
2741.9
2742.1
2742.3
2742.4
2743.3
2743.5
2743.5
2743.6
2743.7
2744.6
2745.0
2745.0
2745.4
2745.6
2745.9
2745.9
2745.9
2746.5
2748.2
2748.3
2749.6
2752.2
2756.7
2760.9
2771.7
2887.3
2887.3
2887.3
2887.3
2887.3
2887.3
2887.3
2887.3
2887.3
2887.3
2887.3
2887.3
2887.3
2887.4
2887.4
2887.4
2887.4
2887.4
2887.4
2887.4
2887.4
2887.4
2887.4
2887.4
2887.4
2887.4
2887.4
2887.4
2887.4
2887.4
2887.4
2887.4
2887.4
2887.4
2887.4
2887.4
2887.4
2887.4
2887.4
2887.4
2887.4
2887.4
2887.4
2887.4
2887.4
2887.4
2887.4
2887.4
2887.4
2887.4
2887.4
2887.4
2887.4
2887.4
2887.4
2887.4
2887.4
2887.4
2887.4
2887.4
2887.4
2887.4
2887.4
2887.4
2887.4
2887.4
2887.4
2887.5
2887.5
2887.5
2887.5
2887.5
2887.5
2887.5
2887.6
2887.6
2887.6
2887.6
2887.6
2887.7
2887.7
2887.7
2887.7
2887.7
2887.8
2887.8
2887.8
2887.8
2887.8
2887.8
2887.9
2887.9
2888.0
2888.0
2888.1
2888.1
2888.1
2888.2
2888.2
2888.2
2891.4
2891.4
2891.5
2891.5
2891.5
2891.5
2891.5
2891.5
2891.5
2891.5
2891.5
2891.5
2891.5
2891.5
2891.5
2891.5
2891.5
2891.5
2891.5
2891.5
2891.5
2891.5
2891.5
2891.5
2891.5
2891.5
2891.5
2891.5
2891.5
2891.5
2891.5
2891.5
2891.5
2891.5
2891.5
2891.5
2891.5
2891.5
2891.5
2891.5
2891.5
2891.5
2891.5
2891.5
2891.5
2891.5
2891.5
2891.5
2891.6
2891.6
2891.6
2891.6
2891.6
2891.6
2891.6
2891.6
2891.6
2891.6
2891.6
2891.6
2891.6
2891.6
2891.6
2891.6
2891.6
2891.7
2891.7
2891.7
2891.8
2891.8
2891.8
2891.9
2892.0
2892.1
2892.1
2892.1
2892.2
2892.2
2892.3
2892.3
2892.3
2892.5
2892.5
2892.6
2892.7
2892.7
2892.7
2892.7
2892.9
2893.0
2893.0
2893.1
2893.3
2893.4
2893.6
2893.7
2893.7
2893.8
2893.9
2893.9
2895.1
2895.1
2895.1
2895.1
2895.1
2895.1
2895.2
2895.2
2895.2
2895.2
2895.2
2895.2
2895.2
2895.2
2895.2
2895.2
2895.2
2895.2
2895.2
2895.2
2895.2
2895.3
2895.3
2895.3
2895.3
2895.3
2895.3
2895.3
2895.3
2895.3
2895.3
2895.3
2895.3
2895.3
2895.3
2895.3
2895.3
2895.4
2895.4
2895.4
2895.4
2895.4
2895.4
2895.4
2895.4
2895.4
2895.4
2895.4
2895.4
2895.4
2895.4
2895.5
2895.5
2895.5
2895.5
2895.5
2895.5
2895.5
2895.5
2895.6
2895.7
2895.7
2895.7
2895.8
2895.8
2895.9
2895.9
2896.0
2896.0
2896.0
2896.0
2896.1
2896.3
2896.3
2896.4
2896.6
2896.7
2896.9
2897.0
2897.0
2897.0
2897.1
2897.2
2897.2
2897.5
2897.6
2897.8
2897.9
2898.1
2898.3
2898.6
2898.8
2899.2
2899.2
2899.4
2899.7
2899.8
2899.9
2899.9
2899.9
2899.9
2899.9
2900.0
2900.0
2900.0
2900.0
2900.0
2900.0
2900.0
2900.1
2900.1
2900.1
2900.2
2900.2
2900.2
2900.2
2900.2
2900.2
2900.2
2900.2
2900.3
2900.3
2900.3
2900.3
2900.3
2900.3
2900.4
2900.4
2900.4
2900.4
2900.4
2900.4
2900.4
2900.4
2900.4
2900.5
2900.5
2900.5
2900.5
2900.5
2900.5
2900.5
2900.6
2900.6
2900.6
2900.6
2900.6
2900.7
2900.7
2900.7
2900.7
2900.8
2900.8
2900.8
2900.8
2900.8
2900.9
2900.9
2900.9
2901.0
2901.1
2901.2
2901.3
2901.3
2901.4
2901.4
2901.5
2901.7
2901.8
2901.8
2902.1
2902.2
2902.5
2902.5
2902.5
2903.0
2903.2
2903.6
2903.6
2903.8
2903.8
2903.9
2904.1
2904.4
2904.9
2905.6
2906.1
2906.5
2906.8
2907.1
2908.7
2908.7
2909.0
2909.1
2909.4
2909.5
2909.6
2909.6
2909.8
2909.8
2910.0
2910.1
2910.1
2910.3
2910.3
2910.3
2910.3
2910.4
2910.4
2910.5
2910.7
2910.7
2910.8
2910.9
2911.0
2911.1
2911.2
2911.2
2911.3
2911.4
2911.5
2911.5
2911.6
2911.6
2911.8
2911.8
2911.8
2911.8
2911.9
2911.9
2912.1
2912.1
2912.1
2912.1
2912.2
2912.4
2912.4
2912.5
2912.5
2912.5
2912.6
2912.8
2912.9
2913.3
2913.3
2913.5
2913.5
2913.6
2913.6
2913.6
2913.7
2913.9
2914.1
2914.2
2915.1
2915.7
2916.0
2916.2
2916.8
2917.0
2917.0
2917.0
2917.2
2918.0
2918.1
2918.5
2919.2
2921.6
2925.2
2926.6
2926.7
2929.3
2930.2
2931.3
2934.9
2939.4
2939.5
2939.5
2939.5
2939.5
2939.5
2939.5
2939.5
2939.5
2939.6
2939.6
2939.6
2939.6
2939.6
2939.6
2939.6
2939.6
2939.6
2939.6
2939.6
2939.6
2939.6
2939.6
2939.6
2939.6
2939.6
2939.6
2939.6
2939.6
2939.6
2939.6
2939.6
2939.6
2939.6
2939.6
2939.6
2939.6
2939.6
2939.6
2939.6
2939.6
2939.6
2939.6
2939.6
2939.6
2939.6
2939.6
2939.6
2939.6
2939.6
2939.6
2939.6
2939.6
2939.6
2939.7
2939.7
2939.7
2939.7
2939.7
2939.7
2939.7
2939.7
2939.7
2939.7
2939.7
2939.7
2939.7
2939.7
2939.7
2939.7
2939.7
2939.7
2939.7
2939.8
2939.8
2939.8
2939.8
2939.8
2939.8
2939.8
2939.8
2939.9
2939.9
2939.9
2940.0
2940.0
2940.1
2940.1
2940.1
2940.2
2940.3
2940.4
2940.4
2940.4
2940.6
2940.6
2940.7
2940.8
2941.0
2941.0
2946.2
2946.2
2946.2
2946.2
2946.2
2946.3
2946.3
2946.3
2946.3
2946.3
2946.3
2946.3
2946.3
2946.3
2946.3
2946.3
2946.4
2946.4
2946.4
2946.4
2946.4
2946.4
2946.4
2946.4
2946.4
2946.4
2946.4
2946.5
2946.5
2946.5
2946.5
2946.5
2946.6
2946.6
2946.6
2946.6
2946.6
2946.6
2946.6
2946.6
2946.7
2946.7
2946.7
2946.7
2946.7
2946.7
2946.7
2946.7
2946.8
2946.8
2946.8
2946.8
2946.8
2946.8
2946.8
2946.8
2946.8
2946.8
2946.8
2946.9
2946.9
2946.9
2946.9
2946.9
2947.0
2947.0
2947.1
2947.1
2947.2
2947.2
2947.3
2947.4
2947.5
2947.6
2947.6
2947.7
2947.8
2947.8
2948.2
2948.8
2948.9
2948.9
2949.3
2949.3
2949.4
2949.4
2950.4
2950.4
2950.5
2950.7
2951.0
2951.8
2952.2
2952.4
2952.4
2952.5
2952.5
2952.5
2952.5
2952.5
2952.6
2952.6
2952.7
2952.7
2952.7
2952.7
2952.8
2952.8
2952.8
2952.8
2952.8
2952.9
2952.9
2952.9
2952.9
2952.9
2952.9
2952.9
2953.0
2953.0
2953.0
2953.0
2953.0
2953.0
2953.2
2953.2
2953.3
2953.3
2953.4
2953.6
2953.6
2953.6
2953.8
2953.9
2953.9
2954.0
2954.1
2954.1
2954.2
2954.2
2954.2
2954.4
2954.4
2954.4
2954.5
2954.5
2954.5
2954.7
2954.7
2954.8
2955.0
2955.0
2955.1
2955.1
2955.4
2955.4
2955.5
2955.5
2955.5
2956.1
2956.1
2956.2
2956.3
2956.3
2956.4
2956.5
2956.6
2956.8
2956.9
2956.9
2957.5
2957.9
2958.4
2958.5
2958.5
2958.6
2958.6
2958.8
2958.9
2958.9
2959.0
2959.1
2959.1
2959.2
2959.2
2959.3
2959.3
2959.3
2959.5
2959.6
2959.6
2959.7
2959.9
2960.0
2960.0
2960.1
2960.3
2960.5
2960.5
2960.6
2960.6
2960.6
2960.7
2960.7
2960.7
2960.8
2961.3
2961.4
2961.4
2961.4
2961.7
2961.9
2961.9
2962.0
2962.1
2962.1
2962.3
2962.3
2963.0
2963.1
2963.2
2963.3
2963.4
2963.7
2963.8
2963.8
2963.9
2963.9
2964.1
2965.2
2965.8
2965.9
2966.0
2966.1
2966.1
2966.1
2967.0
2968.1
2968.7
2968.8
2969.1
2969.2
2970.1
2971.0
2971.2
2971.2
2971.4
2971.9
2972.7
2974.1
2974.4
2974.7
2977.3
2981.8
2984.5
2987.0
2991.0
2991.9
2992.7
