251.1
251.2
251.2
251.3
251.3
251.4
251.5
251.5
251.6
251.6
251.6
251.6
251.6
251.6
251.6
251.6
251.7
251.7
251.7
251.7
251.7
251.7
251.7
251.7
251.7
251.7
251.8
251.8
251.8
251.8
251.8
251.9
251.9
251.9
251.9
251.9
251.9
251.9
251.9
251.9
251.9
252.0
252.0
252.0
252.0
252.0
252.1
252.1
252.1
252.2
252.2
252.2
252.3
252.3
252.3
252.3
252.3
252.3
252.3
252.4
252.4
252.4
252.5
252.5
252.5
252.5
252.5
252.5
252.5
252.6
252.6
252.6
252.6
252.7
252.8
252.8
252.8
252.8
252.8
252.8
252.9
252.9
253.0
253.0
253.0
253.0
253.0
253.1
253.1
253.2
253.2
253.3
253.3
253.5
254.4
255.0
256.3
256.5
256.8
257.0
257.0
257.0
257.0
257.0
257.0
257.0
257.0
257.0
257.0
257.0
257.0
257.0
257.0
257.0
257.0
257.0
257.0
257.0
257.0
257.1
257.1
257.1
257.1
257.1
257.1
257.1
257.1
257.1
257.2
257.2
257.2
257.3
257.3
257.3
257.3
257.3
257.4
257.5
257.5
257.6
257.6
257.6
257.6
257.6
257.6
257.6
257.6
257.7
257.7
257.7
257.8
257.8
257.8
257.8
257.9
258.0
258.0
258.0
258.0
258.0
258.0
258.1
258.1
258.1
258.1
258.1
258.2
258.3
258.3
258.4
258.4
258.5
258.5
258.5
258.6
258.7
258.7
258.7
258.8
258.8
258.9
258.9
258.9
259.0
259.1
259.1
259.1
259.3
259.3
259.5
259.7
259.7
260.0
260.0
260.0
260.0
260.0
260.0
260.0
260.0
260.0
260.0
260.0
260.0
260.0
260.0
260.0
260.0
260.0
260.0
260.0
260.0
260.1
260.1
260.1
260.1
260.1
260.1
260.1
260.1
260.1
260.2
260.2
260.3
260.3
260.3
260.3
260.3
260.3
260.4
260.5
260.5
260.5
260.6
260.6
260.6
260.6
260.6
260.6
260.6
260.6
260.7
260.7
260.7
260.8
260.8
260.8
260.8
261.0
261.0
261.0
261.0
261.0
261.0
261.1
261.1
261.1
261.1
261.1
261.2
261.3
261.3
261.4
261.4
261.4
261.5
261.5
261.5
261.5
261.6
261.7
261.7
261.7
261.8
261.9
261.9
261.9
262.0
262.0
262.1
262.1
262.1
262.1
262.4
262.4
262.5
262.5
262.5
262.8
262.9
263.0
263.0
263.0
263.0
263.0
263.0
263.0
263.0
263.0
263.0
263.0
263.0
263.0
263.0
263.0
263.0
263.0
263.1
263.1
263.1
263.1
263.1
263.1
263.3
263.3
263.3
263.3
263.4
263.4
263.5
263.5
263.6
263.7
263.7
263.8
263.8
264.0
264.0
264.0
264.0
264.1
264.2
264.3
264.3
264.4
264.4
264.5
264.5
264.5
264.5
264.6
264.6
264.7
264.7
264.7
264.8
264.8
264.9
264.9
265.0
265.1
265.2
265.2
265.5
265.6
265.7
265.9
265.9
265.9
266.0
266.0
266.0
266.0
266.1
266.1
266.1
266.1
266.1
266.1
266.1
266.1
266.1
266.1
266.1
266.1
266.1
266.1
266.1
266.2
266.2
266.2
266.2
266.2
266.2
266.2
266.2
266.2
266.2
266.2
266.2
266.3
266.3
266.3
266.4
266.5
266.5
266.5
266.5
266.5
266.6
266.6
266.6
266.6
266.6
266.6
266.7
266.7
266.7
266.7
266.8
266.8
266.8
266.9
266.9
267.0
267.0
267.0
267.0
267.0
267.1
267.1
267.1
267.1
267.1
267.1
267.2
267.2
267.3
267.3
267.3
267.3
267.5
267.5
267.5
267.5
267.6
267.6
267.6
267.7
267.7
267.7
267.8
267.9
268.0
268.1
268.1
268.2
268.2
268.3
268.4
268.5
268.5
268.6
268.9
268.9
269.6
269.7
269.8
269.8
269.9
270.0
270.0
270.0
270.0
270.0
270.0
270.1
270.2
270.2
270.2
270.2
270.2
270.2
270.3
270.3
270.3
270.3
270.3
270.3
270.4
270.4
270.4
270.4
270.4
270.4
270.5
270.5
270.5
270.5
270.5
270.5
270.5
270.5
270.6
270.6
270.6
270.6
270.6
270.6
270.6
270.6
270.6
270.7
270.7
270.7
270.8
270.8
270.8
270.9
270.9
270.9
270.9
271.0
271.1
271.1
271.1
271.2
271.2
271.2
271.2
271.2
271.2
271.2
271.3
271.3
271.3
271.3
271.3
271.4
271.4
271.5
271.5
271.5
271.5
271.6
271.6
271.6
271.6
271.6
271.7
271.8
271.8
271.8
271.9
271.9
271.9
272.0
272.1
272.2
272.2
272.3
272.3
272.6
272.7
273.1
273.4
274.0
274.3
274.4
274.6
274.8
275.1
275.1
275.2
275.2
275.3
275.3
275.4
275.5
275.6
275.6
275.6
275.6
275.7
275.8
275.9
275.9
276.0
276.0
276.1
276.2
276.2
276.3
276.3
276.3
276.4
276.4
276.4
276.4
276.5
276.5
276.5
276.5
276.6
276.6
276.6
276.6
276.6
276.7
276.7
276.7
276.7
276.7
276.7
276.8
276.8
276.8
276.8
276.8
276.9
276.9
276.9
276.9
276.9
276.9
276.9
276.9
277.0
277.0
277.0
277.0
277.0
277.1
277.1
277.1
277.1
277.2
277.2
277.2
277.2
277.3
277.3
277.3
277.3
277.3
277.4
277.4
277.4
277.4
277.4
277.5
277.5
277.6
277.7
277.7
277.7
277.8
277.8
277.9
277.9
278.0
278.0
278.0
278.1
278.4
278.6
279.4
279.9
280.1
280.2
281.2
282.1
282.3
282.5
283.0
283.6
283.7
283.8
284.0
284.1
284.2
284.3
284.3
284.4
284.5
284.6
284.7
284.7
284.8
284.9
285.1
285.6
285.6
285.6
285.8
286.1
287.2
287.3
287.7
288.2
288.7
288.8
289.0
289.2
290.1
290.1
290.9
291.3
292.4
292.5
294.7
296.3
298.9
299.2
300.5
303.2
303.4
319.4
326.3
420.0
420.1
420.2
420.2
420.2
420.2
420.2
420.3
420.3
420.3
420.3
420.3
420.3
420.3
420.3
420.4
420.4
420.4
420.4
420.4
420.4
420.4
420.4
420.4
420.4
420.4
420.5
420.5
420.5
420.5
420.5
420.5
420.5
420.5
420.5
420.5
420.5
420.6
420.6
420.6
420.6
420.6
420.6
420.6
420.6
420.6
420.6
420.6
420.7
420.7
420.7
420.7
420.7
420.7
420.7
420.7
420.8
420.8
420.8
420.8
420.8
420.8
420.8
420.8
420.8
420.9
420.9
420.9
420.9
420.9
420.9
420.9
420.9
420.9
420.9
421.0
421.0
421.0
421.0
421.0
421.0
421.0
421.0
421.1
421.1
421.2
421.2
421.4
421.4
421.4
421.4
421.6
421.6
422.2
422.4
422.8
423.0
423.9
424.1
424.2
425.2
425.2
425.2
425.2
425.2
425.2
425.2
425.2
425.2
425.3
425.3
425.3
425.3
425.3
425.3
425.3
425.3
425.3
425.3
425.4
425.4
425.4
425.4
425.4
425.4
425.4
425.4
425.4
425.4
425.4
425.4
425.4
425.4
425.4
425.5
425.5
425.5
425.5
425.5
425.6
425.6
425.6
425.6
425.6
425.6
425.6
425.7
425.7
425.7
425.8
425.8
425.8
425.8
425.9
425.9
425.9
425.9
425.9
425.9
425.9
425.9
425.9
426.0
426.1
426.2
426.2
426.2
426.2
426.3
426.3
426.3
426.5
426.5
426.5
426.6
426.6
426.7
426.7
426.8
426.9
426.9
426.9
427.1
427.1
427.1
427.3
427.4
427.5
427.6
427.7
428.2
428.2
428.2
428.2
428.2
428.2
428.2
428.2
428.2
428.2
428.3
428.3
428.3
428.3
428.3
428.3
428.3
428.3
428.3
428.3
428.3
428.4
428.4
428.4
428.4
428.4
428.4
428.4
428.4
428.4
428.4
428.4
428.4
428.4
428.4
428.4
428.5
428.5
428.5
428.5
428.5
428.6
428.6
428.6
428.6
428.6
428.6
428.6
428.7
428.7
428.7
428.7
428.8
428.8
428.8
428.8
428.9
428.9
428.9
428.9
428.9
428.9
428.9
428.9
428.9
429.0
429.0
429.2
429.2
429.2
429.2
429.3
429.3
429.3
429.3
429.5
429.5
429.5
429.6
429.7
429.9
429.9
429.9
430.0
430.0
430.2
430.2
430.2
430.3
430.3
430.4
430.4
430.7
430.7
430.8
430.9
430.9
431.2
431.2
431.2
431.3
431.3
431.3
431.3
431.3
431.3
431.3
431.4
431.4
431.4
431.4
431.4
431.4
431.4
431.4
431.4
431.4
431.4
431.5
431.5
431.5
431.5
431.6
431.6
431.6
431.6
431.7
431.7
431.9
431.9
431.9
431.9
431.9
432.0
432.2
432.2
432.2
432.3
432.3
432.3
432.4
432.4
432.5
432.5
432.5
432.5
432.6
432.7
432.8
432.9
433.1
433.1
433.3
433.4
433.6
433.7
433.7
433.8
433.8
433.9
434.1
434.1
434.2
434.2
434.3
434.3
434.3
434.3
434.3
434.3
434.3
434.3
434.4
434.4
434.4
434.4
434.4
434.4
434.4
434.4
434.5
434.5
434.5
434.5
434.5
434.5
434.5
434.5
434.5
434.5
434.5
434.5
434.5
434.5
434.6
434.6
434.6
434.6
434.6
434.6
434.6
434.6
434.7
434.7
434.7
434.7
434.8
434.8
434.8
434.8
434.8
434.8
434.9
434.9
434.9
434.9
434.9
434.9
435.0
435.1
435.1
435.2
435.3
435.3
435.4
435.4
435.4
435.4
435.4
435.4
435.5
435.5
435.6
435.6
435.6
435.9
435.9
435.9
436.0
436.0
436.0
436.1
436.1
436.3
436.5
436.6
436.7
436.8
436.8
437.0
437.0
437.1
437.3
437.4
437.5
437.5
437.6
437.8
437.9
437.9
438.0
438.1
438.2
438.3
438.3
438.4
438.4
438.4
438.4
438.4
438.4
438.4
438.4
438.4
438.5
438.5
438.5
438.5
438.5
438.5
438.6
438.6
438.6
438.6
438.6
438.6
438.6
438.7
438.7
438.7
438.7
438.7
438.7
438.7
438.7
438.7
438.7
438.7
438.8
438.8
438.8
438.8
438.9
438.9
438.9
438.9
438.9
438.9
439.0
439.0
439.0
439.0
439.0
439.1
439.1
439.1
439.1
439.1
439.1
439.3
439.4
439.5
439.6
439.6
439.6
439.7
439.7
439.7
439.7
439.8
439.9
439.9
440.1
440.2
440.2
440.2
440.3
440.5
440.5
440.7
441.0
441.1
441.3
441.4
441.9
441.9
442.0
442.1
442.2
442.7
442.7
442.8
442.9
442.9
443.0
443.1
443.1
443.2
443.2
443.8
444.1
444.3
444.4
444.4
444.4
444.5
444.5
444.5
444.6
444.7
444.7
444.8
444.8
444.8
444.9
444.9
445.0
445.0
445.0
445.0
445.1
445.1
445.1
445.1
445.1
445.2
445.2
445.2
445.3
445.3
445.4
445.4
445.5
445.5
445.5
445.5
445.6
445.6
445.6
445.6
445.6
445.7
445.7
445.7
445.7
445.7
445.8
445.8
445.8
445.8
445.8
445.9
445.9
445.9
446.0
446.0
446.0
446.0
446.1
446.1
446.1
446.2
446.2
446.2
446.3
446.3
446.3
446.3
446.4
446.5
446.6
446.7
446.7
446.8
447.0
447.1
447.2
447.2
447.6
447.7
447.9
447.9
448.0
448.5
448.8
448.8
449.3
449.9
451.0
451.3
451.5
452.8
452.9
453.4
454.0
457.4
457.5
457.7
458.2
458.2
458.6
459.4
460.2
461.4
462.0
462.5
463.1
463.7
464.1
464.1
464.1
464.5
464.7
464.7
464.8
465.5
466.4
467.7
467.8
467.9
468.2
468.3
468.8
469.0
469.0
469.2
469.8
470.9
472.1
472.4
472.5
474.8
475.3
475.3
476.5
476.9
477.2
482.0
483.9
484.5
485.9
488.6
490.1
500.7
508.6
549.7
549.8
549.9
549.9
550.0
550.1
550.1
550.1
550.1
550.1
550.2
550.2
550.2
550.2
550.2
550.2
550.3
550.3
550.3
550.3
550.3
550.3
550.3
550.3
550.3
550.3
550.4
550.4
550.4
550.4
550.4
550.4
550.4
550.4
550.5
550.5
550.5
550.5
550.5
550.5
550.5
550.5
550.5
550.5
550.5
550.6
550.6
550.7
550.7
550.7
550.7
550.8
550.8
550.8
550.8
550.8
550.9
550.9
550.9
550.9
550.9
551.0
551.0
551.0
551.0
551.0
551.0
551.1
551.1
551.1
551.1
551.1
551.1
551.1
551.1
551.3
551.3
551.3
551.3
551.3
551.4
551.4
551.4
551.4
551.4
551.5
551.5
551.5
551.6
551.7
551.7
551.8
551.8
552.0
553.0
553.6
555.1
555.3
555.5
556.0
567.8
567.8
567.8
567.8
567.8
567.8
567.9
567.9
567.9
567.9
567.9
567.9
567.9
567.9
567.9
567.9
567.9
567.9
567.9
567.9
567.9
567.9
567.9
567.9
567.9
567.9
568.0
568.0
568.0
568.0
568.0
568.0
568.0
568.0
568.2
568.2
568.2
568.3
568.3
568.4
568.5
568.5
568.5
568.5
568.5
568.5
568.5
568.5
568.6
568.6
568.6
568.6
568.7
568.7
568.7
568.7
568.8
568.8
568.8
568.8
568.8
568.8
568.8
568.9
568.9
568.9
568.9
569.0
569.1
569.1
569.1
569.2
569.2
569.2
569.3
569.3
569.3
569.4
569.4
569.4
569.5
569.6
569.6
569.6
569.7
569.7
569.7
569.9
569.9
570.1
570.1
570.2
570.8
570.8
570.8
570.8
570.8
570.8
570.8
570.9
570.9
570.9
570.9
570.9
570.9
570.9
570.9
570.9
570.9
570.9
570.9
570.9
570.9
570.9
570.9
570.9
570.9
570.9
570.9
571.0
571.0
571.0
571.0
571.0
571.1
571.1
571.1
571.2
571.2
571.2
571.3
571.4
571.5
571.5
571.5
571.5
571.5
571.5
571.5
571.6
571.6
571.6
571.6
571.6
571.7
571.7
571.7
571.7
571.8
571.8
571.8
571.8
571.8
571.8
571.8
571.9
571.9
571.9
572.0
572.1
572.1
572.1
572.1
572.2
572.2
572.2
572.2
572.3
572.3
572.3
572.3
572.4
572.4
572.4
572.5
572.6
572.7
572.7
572.8
572.8
572.9
573.0
573.0
573.0
573.3
573.3
573.5
573.8
573.8
573.8
573.8
573.8
573.8
573.9
573.9
573.9
573.9
573.9
573.9
573.9
573.9
573.9
573.9
574.0
574.1
574.3
574.3
574.3
574.4
574.5
574.6
574.6
574.7
574.8
574.9
574.9
575.0
575.0
575.1
575.1
575.1
575.1
575.2
575.2
575.2
575.3
575.3
575.3
575.4
575.4
575.5
575.6
575.8
575.8
575.9
576.1
576.2
576.2
576.2
576.4
576.6
576.7
576.7
576.8
576.8
576.8
576.8
576.8
576.8
576.8
576.8
576.9
576.9
576.9
576.9
576.9
576.9
576.9
576.9
576.9
576.9
577.0
577.0
577.0
577.0
577.0
577.0
577.0
577.0
577.1
577.1
577.1
577.1
577.1
577.2
577.2
577.3
577.4
577.4
577.4
577.4
577.4
577.5
577.5
577.5
577.5
577.5
577.6
577.6
577.6
577.7
577.7
577.7
577.7
577.7
577.8
577.8
577.8
577.8
577.8
577.8
577.8
577.9
577.9
578.0
578.0
578.0
578.2
578.2
578.2
578.2
578.3
578.3
578.3
578.4
578.4
578.5
578.5
578.5
578.6
578.6
578.7
578.8
578.8
578.8
579.0
579.1
579.1
579.2
579.3
579.6
579.6
579.7
579.7
579.9
580.0
580.0
580.1
580.3
580.4
580.5
580.6
580.6
580.6
580.6
580.6
580.6
580.6
580.7
580.7
580.7
580.7
580.7
580.7
580.7
580.8
580.8
580.8
580.8
580.8
580.9
580.9
580.9
580.9
580.9
580.9
580.9
580.9
581.0
581.0
581.0
581.0
581.0
581.0
581.1
581.1
581.1
581.1
581.1
581.2
581.2
581.2
581.2
581.2
581.3
581.3
581.4
581.4
581.4
581.5
581.5
581.5
581.6
581.6
581.6
581.7
581.7
581.7
581.7
581.7
581.7
581.7
581.7
581.7
581.8
581.9
581.9
582.0
582.0
582.0
582.1
582.1
582.2
582.2
582.2
582.2
582.2
582.3
582.4
582.5
582.5
582.5
582.6
582.6
582.7
582.7
582.9
582.9
583.0
583.1
583.2
583.4
583.6
583.6
583.6
583.7
583.9
584.1
584.1
584.3
584.5
584.6
585.0
585.3
585.4
585.4
585.4
585.5
585.6
585.6
585.7
585.7
585.8
585.8
585.9
585.9
585.9
586.0
586.0
586.0
586.1
586.1
586.1
586.1
586.2
586.2
586.2
586.3
586.3
586.3
586.3
586.4
586.4
586.4
586.4
586.4
586.5
586.5
586.5
586.5
586.5
586.5
586.5
586.5
586.5
586.5
586.5
586.6
586.6
586.6
586.7
586.7
586.7
586.7
586.7
586.8
586.8
586.8
586.8
586.8
586.8
586.8
586.8
586.8
586.9
586.9
586.9
586.9
586.9
587.0
587.0
587.1
587.1
587.1
587.1
587.1
587.1
587.1
587.1
587.2
587.2
587.3
587.3
587.4
587.4
587.5
587.5
587.6
587.6
587.6
587.7
587.7
587.8
587.8
587.9
588.0
588.1
588.4
588.5
588.5
589.1
589.1
589.5
590.3
590.5
590.5
590.9
590.9
591.1
591.2
591.5
591.6
591.6
591.6
591.7
591.7
591.9
592.0
592.1
592.1
592.2
592.3
592.4
592.4
592.6
592.7
592.8
592.9
593.0
593.0
593.1
593.1
593.1
593.3
593.4
593.5
593.5
593.5
593.5
594.3
594.5
594.6
594.7
594.9
595.1
595.2
596.0
596.0
596.1
596.6
596.7
596.7
596.9
597.1
597.3
597.4
597.5
597.6
597.6
597.7
597.7
598.1
598.1
598.5
598.5
598.6
598.8
599.0
599.2
599.2
599.9
600.0
600.0
600.0
600.1
600.2
600.3
600.4
600.4
600.5
600.5
600.6
600.7
600.8
600.8
600.9
601.0
601.3
601.3
601.3
601.4
601.5
601.5
601.6
601.9
601.9
601.9
602.1
602.2
602.2
602.4
602.4
602.7
602.9
603.0
603.1
603.2
603.4
604.0
604.0
604.1
604.1
604.2
604.3
604.3
605.1
605.2
605.4
605.9
606.4
606.4
606.7
606.8
606.8
607.1
607.2
607.2
607.7
608.3
609.1
610.7
611.5
611.7
612.0
615.1
616.9
617.3
624.6
625.1
629.8
646.1
696.7
696.8
697.0
697.1
697.1
697.1
697.1
697.1
697.1
697.1
697.2
697.2
697.2
697.2
697.2
697.2
697.3
697.3
697.3
697.3
697.3
697.3
697.3
697.4
697.4
697.4
697.4
697.4
697.4
697.4
697.4
697.4
697.5
697.5
697.5
697.5
697.5
697.5
697.5
697.5
697.6
697.6
697.6
697.6
697.6
697.6
697.7
697.7
697.7
697.7
697.7
697.8
697.8
697.8
697.8
697.8
697.9
697.9
697.9
697.9
697.9
697.9
698.0
698.0
698.0
698.0
698.0
698.0
698.1
698.1
698.1
698.1
698.1
698.2
698.2
698.3
698.3
698.3
698.3
698.3
698.4
698.4
698.4
698.4
698.4
698.4
698.5
698.5
698.5
698.6
698.7
698.8
698.8
698.8
699.9
700.5
702.0
702.0
702.1
702.7
706.6
706.7
706.7
706.7
706.7
706.7
706.7
706.7
706.7
706.7
706.7
706.7
706.7
706.7
706.7
706.7
706.7
706.7
706.7
706.7
706.7
706.8
706.8
706.8
706.8
706.8
706.8
706.8
706.8
706.8
706.8
706.8
706.9
706.9
707.0
707.0
707.0
707.0
707.0
707.1
707.1
707.1
707.1
707.1
707.1
707.2
707.2
707.2
707.3
707.3
707.3
707.3
707.4
707.4
707.5
707.6
707.6
707.6
707.6
707.6
707.6
707.7
707.7
707.7
707.7
707.7
707.9
707.9
708.0
708.1
708.1
708.2
708.2
708.2
708.4
708.4
708.4
708.4
708.5
708.5
708.6
708.7
708.8
708.8
708.9
708.9
709.0
709.1
709.1
709.2
709.2
709.5
709.6
709.7
709.7
709.7
709.7
709.7
709.7
709.7
709.7
709.7
709.7
709.7
709.7
709.7
709.7
709.7
709.7
709.7
709.7
709.7
709.7
709.8
709.8
709.8
709.8
709.8
709.8
709.8
709.8
709.8
709.8
709.8
709.9
709.9
709.9
710.0
710.0
710.0
710.0
710.0
710.1
710.1
710.1
710.1
710.1
710.1
710.1
710.2
710.2
710.3
710.3
710.3
710.4
710.4
710.4
710.5
710.5
710.6
710.6
710.6
710.6
710.6
710.7
710.7
710.7
710.7
710.9
710.9
711.0
711.0
711.1
711.1
711.1
711.2
711.2
711.2
711.3
711.4
711.4
711.4
711.4
711.4
711.5
711.5
711.6
711.6
711.7
711.8
711.8
711.8
711.9
711.9
712.0
712.2
712.2
712.3
712.3
712.7
712.7
712.7
712.7
712.7
712.8
712.8
712.8
712.8
712.9
713.0
713.0
713.0
713.0
713.1
713.4
713.5
713.6
714.0
714.1
714.2
714.2
714.4
714.4
714.4
714.5
714.5
714.6
714.6
714.7
714.8
714.8
714.9
714.9
715.0
715.2
715.2
715.2
715.3
715.3
715.5
715.6
715.6
715.6
715.6
715.6
715.6
715.7
715.7
715.7
715.7
715.7
715.7
715.7
715.7
715.7
715.7
715.7
715.7
715.7
715.7
715.7
715.7
715.8
715.8
715.8
715.8
715.8
715.8
715.8
715.8
715.8
715.8
715.9
715.9
715.9
715.9
716.0
716.0
716.0
716.0
716.0
716.0
716.0
716.1
716.2
716.2
716.2
716.2
716.2
716.3
716.3
716.4
716.4
716.5
716.5
716.5
716.5
716.5
716.6
716.6
716.6
716.6
716.7
716.7
716.7
716.8
716.9
717.0
717.0
717.1
717.1
717.1
717.2
717.4
717.4
717.4
717.4
717.5
717.6
717.7
717.7
717.8
717.8
717.8
717.8
718.0
718.1
718.1
718.4
718.4
718.8
718.9
718.9
718.9
718.9
719.1
719.2
719.2
719.2
719.2
719.3
719.3
719.3
719.4
719.4
719.4
719.5
719.5
719.5
719.5
719.5
719.5
719.5
719.6
719.6
719.6
719.6
719.6
719.6
719.6
719.6
719.7
719.7
719.7
719.7
719.7
719.7
719.7
719.8
719.8
719.8
719.8
719.8
719.8
719.8
719.8
719.8
719.8
719.8
719.8
719.8
719.9
719.9
719.9
719.9
719.9
719.9
720.0
720.0
720.0
720.1
720.1
720.1
720.2
720.2
720.2
720.3
720.3
720.3
720.3
720.4
720.4
720.4
720.4
720.6
720.6
720.7
720.7
720.7
720.8
720.8
720.8
720.9
720.9
720.9
720.9
721.0
721.1
721.1
721.2
721.2
721.3
721.3
721.3
721.4
721.6
721.6
721.6
721.8
722.0
722.4
722.5
722.5
722.6
722.8
722.9
723.2
723.7
723.8
723.8
723.8
723.9
723.9
724.0
724.1
724.1
724.2
724.3
724.3
724.3
724.5
724.6
724.6
724.6
724.7
724.9
724.9
725.0
725.1
725.1
725.1
725.1
725.2
725.2
725.3
725.3
725.3
725.3
725.4
725.4
725.4
725.4
725.4
725.5
725.5
725.5
725.5
725.6
725.6
725.6
725.6
725.6
725.6
725.6
725.6
725.6
725.7
725.7
725.7
725.7
725.7
725.8
725.8
725.8
725.8
725.8
725.8
725.8
725.9
725.9
726.0
726.0
726.0
726.0
726.0
726.0
726.0
726.1
726.1
726.1
726.1
726.1
726.2
726.2
726.2
726.2
726.2
726.2
726.3
726.4
726.4
726.5
726.5
726.5
726.6
726.6
726.6
726.7
726.7
726.7
726.8
727.0
727.0
727.0
727.5
727.6
728.1
728.4
728.6
728.8
728.8
729.4
729.6
730.9
731.1
731.2
731.2
731.4
731.5
731.6
731.8
731.8
732.1
732.4
732.5
732.5
732.6
732.7
732.9
733.0
733.1
733.2
733.2
733.3
733.4
733.4
733.6
734.0
734.2
734.2
734.6
734.6
734.6
734.8
734.9
734.9
735.0
735.0
735.1
735.1
735.3
735.3
735.5
735.6
735.8
735.9
735.9
736.0
736.0
736.0
736.0
736.1
736.1
736.2
736.2
736.2
736.2
736.3
736.3
736.3
736.3
736.4
736.5
736.5
736.5
736.6
736.6
736.6
736.6
736.6
736.6
736.6
736.7
736.7
736.7
736.7
736.7
736.7
736.7
736.7
736.8
736.8
736.8
736.8
736.9
736.9
736.9
737.0
737.0
737.0
737.0
737.0
737.0
737.3
737.3
737.3
737.3
737.4
737.5
737.5
737.6
737.6
737.7
737.9
738.3
738.4
738.6
738.7
738.7
738.9
739.5
739.9
740.1
740.4
740.4
740.6
740.6
740.7
741.0
741.1
741.6
741.6
741.6
741.7
741.7
742.2
742.2
742.2
742.2
742.2
742.2
742.2
742.3
742.3
742.3
742.3
742.3
742.3
742.3
742.3
742.3
742.3
742.3
742.3
742.3
742.3
742.3
742.3
742.3
742.3
742.4
742.4
742.4
742.4
742.4
742.4
742.5
742.5
742.6
742.6
742.6
742.7
742.7
742.8
742.8
742.9
743.0
743.0
743.0
743.1
743.2
743.2
743.2
743.2
743.2
743.2
743.3
743.3
743.4
743.5
743.5
743.5
743.5
743.5
743.6
743.6
743.6
743.6
743.7
743.7
743.9
744.1
744.2
744.2
744.2
744.3
744.3
744.3
744.4
744.5
744.5
744.5
744.5
744.9
745.2
745.2
745.2
745.2
745.2
745.2
745.3
745.3
745.3
745.3
745.3
745.3
745.3
745.3
745.3
745.3
745.3
745.3
745.3
745.3
745.3
745.3
745.3
745.3
745.4
745.4
745.4
745.4
745.4
745.4
745.4
745.4
745.4
745.4
745.5
745.5
745.5
745.6
745.6
745.7
745.7
745.8
745.9
746.0
746.1
746.2
746.2
746.2
746.2
746.2
746.2
746.2
746.3
746.4
746.4
746.5
746.5
746.5
746.6
746.6
746.6
746.6
746.7
746.7
746.7
746.9
747.1
747.2
747.2
747.2
747.2
747.3
747.3
747.4
747.4
747.4
747.5
747.5
747.5
747.6
747.7
747.7
747.7
747.8
747.8
747.9
747.9
747.9
748.0
748.2
748.2
748.3
748.3
748.3
748.3
748.3
748.3
748.3
748.3
748.3
748.3
748.3
748.3
748.3
748.3
748.3
748.3
748.3
748.3
748.3
748.3
748.3
748.4
748.4
748.4
748.5
748.5
748.5
748.5
748.6
748.6
748.6
748.7
748.7
748.7
748.8
748.9
748.9
749.0
749.1
749.2
749.2
749.2
749.2
749.2
749.2
749.2
749.2
749.2
749.5
749.5
749.6
749.7
749.7
749.8
749.9
750.0
750.0
750.1
750.2
750.2
750.2
750.2
750.3
750.3
750.4
750.4
750.5
750.5
750.5
750.5
750.7
750.7
750.9
750.9
751.1
751.2
751.3
751.3
751.4
751.4
751.4
751.4
751.5
751.5
751.5
751.6
751.6
751.6
751.6
751.6
751.6
751.7
751.7
751.7
751.7
751.7
751.7
751.7
751.8
751.8
751.8
751.8
751.8
751.8
751.8
751.8
751.8
751.8
751.9
752.0
752.0
752.0
752.0
752.0
752.1
752.2
752.2
752.2
752.2
752.3
752.3
752.3
752.3
752.3
752.3
752.4
752.4
752.4
752.4
752.5
752.5
752.5
752.5
752.5
752.7
752.8
752.8
752.9
752.9
752.9
752.9
752.9
753.1
753.1
753.3
753.4
753.4
753.4
753.4
753.4
753.6
753.6
753.6
753.7
753.8
753.8
753.8
753.9
754.0
754.0
754.4
754.4
754.4
754.5
754.8
754.9
755.0
755.2
755.2
755.3
755.4
755.5
755.5
755.6
755.6
755.7
755.7
755.7
755.7
755.8
755.8
755.8
755.9
755.9
755.9
756.0
756.0
756.0
756.0
756.0
756.1
756.1
756.1
756.1
756.1
756.1
756.1
756.1
756.2
756.2
756.2
756.2
756.2
756.3
756.3
756.3
756.3
756.4
756.4
756.4
756.5
756.5
756.5
756.5
756.5
756.5
756.6
756.6
756.6
756.8
756.8
756.8
756.8
757.0
757.0
757.0
757.0
757.1
757.2
757.2
757.2
757.3
757.3
757.3
757.4
757.4
757.6
757.6
757.6
757.7
757.8
757.8
757.8
757.9
758.2
758.2
758.3
758.5
758.7
758.7
759.1
759.1
759.5
759.7
759.7
759.8
759.8
760.0
760.2
760.3
760.5
760.5
760.6
760.6
760.6
761.1
761.1
761.2
761.3
761.4
761.4
761.4
761.5
761.6
761.6
761.6
761.7
761.7
761.7
761.9
761.9
761.9
762.0
762.0
762.0
762.1
762.2
762.2
762.3
762.3
762.4
762.4
762.4
762.4
762.5
762.5
762.5
762.5
762.5
762.5
762.6
762.6
762.7
762.7
762.7
762.7
762.8
762.8
762.8
762.9
762.9
763.0
763.0
763.0
763.0
763.0
763.1
763.1
763.1
763.1
763.3
763.3
763.4
763.5
763.5
763.6
763.6
763.6
763.8
763.8
763.9
763.9
763.9
764.0
764.2
764.2
764.2
764.2
764.3
764.9
764.9
765.1
765.2
765.5
765.9
766.1
766.4
766.5
766.6
766.7
767.9
768.0
768.0
768.0
768.2
768.4
768.7
769.7
769.9
772.8
772.9
773.1
773.5
773.6
773.6
774.4
774.9
775.1
775.9
776.1
777.4
778.0
778.7
779.7
779.7
779.7
779.9
780.1
780.6
780.7
780.7
781.2
781.3
781.6
785.1
785.2
786.6
787.6
788.0
792.2
794.6
794.7
797.3
805.8
868.6
868.6
868.6
868.6
868.7
868.7
868.7
868.7
868.7
868.7
868.7
868.7
868.8
868.8
868.8
868.8
868.8
868.8
868.8
868.8
868.8
868.8
868.8
868.8
868.8
868.8
868.8
868.8
868.8
868.8
868.8
868.9
868.9
868.9
868.9
868.9
868.9
868.9
868.9
868.9
868.9
868.9
868.9
868.9
868.9
868.9
868.9
868.9
868.9
868.9
868.9
868.9
868.9
869.0
869.0
869.0
869.0
869.0
869.0
869.0
869.0
869.0
869.0
869.0
869.0
869.0
869.0
869.0
869.0
869.0
869.0
869.0
869.1
869.1
869.1
869.1
869.1
869.1
869.1
869.1
869.1
869.1
869.1
869.1
869.2
869.2
869.2
869.3
869.3
869.5
869.6
869.6
869.6
869.6
869.8
870.3
870.5
871.1
871.2
871.5
872.4
872.4
872.4
872.4
872.4
872.4
872.4
872.4
872.4
872.4
872.4
872.4
872.4
872.4
872.4
872.4
872.4
872.4
872.4
872.4
872.4
872.4
872.4
872.4
872.4
872.4
872.4
872.4
872.4
872.4
872.4
872.4
872.4
872.4
872.4
872.5
872.5
872.5
872.5
872.5
872.5
872.5
872.5
872.5
872.5
872.5
872.5
872.5
872.5
872.5
872.5
872.5
872.5
872.5
872.6
872.6
872.6
872.6
872.6
872.6
872.6
872.6
872.7
872.7
872.7
872.7
872.7
872.7
872.7
872.8
872.8
872.8
872.9
872.9
872.9
872.9
872.9
873.0
873.0
873.0
873.1
873.1
873.1
873.2
873.3
873.4
873.5
873.6
873.7
874.0
874.0
874.3
874.4
874.5
874.6
874.9
875.3
875.4
875.4
875.4
875.4
875.4
875.4
875.4
875.4
875.4
875.4
875.4
875.4
875.4
875.4
875.4
875.4
875.4
875.4
875.4
875.4
875.4
875.4
875.4
875.4
875.4
875.4
875.4
875.4
875.4
875.4
875.4
875.4
875.4
875.4
875.4
875.5
875.5
875.5
875.5
875.5
875.5
875.5
875.5
875.5
875.5
875.5
875.5
875.5
875.5
875.5
875.5
875.5
875.5
875.5
875.6
875.6
875.6
875.6
875.6
875.6
875.6
875.6
875.6
875.7
875.7
875.7
875.7
875.7
875.7
875.7
875.8
875.8
875.8
875.9
875.9
875.9
875.9
875.9
875.9
876.0
876.0
876.0
876.1
876.1
876.1
876.1
876.2
876.3
876.4
876.5
876.6
876.8
877.1
877.2
877.6
877.7
878.0
878.1
878.4
878.4
878.4
878.4
878.4
878.4
878.4
878.4
878.4
878.5
878.5
878.5
878.5
878.5
878.5
878.6
878.6
878.6
878.7
878.8
878.8
878.9
878.9
878.9
878.9
879.0
879.0
879.0
879.0
879.1
879.1
879.1
879.2
879.3
879.4
879.4
879.5
879.6
879.7
880.0
880.1
880.4
880.5
881.1
881.2
881.3
881.3
881.4
881.4
881.4
881.4
881.4
881.4
881.4
881.4
881.4
881.4
881.4
881.4
881.4
881.4
881.4
881.5
881.5
881.5
881.5
881.5
881.5
881.5
881.5
881.5
881.5
881.5
881.5
881.5
881.5
881.5
881.5
881.5
881.6
881.6
881.6
881.6
881.6
881.6
881.6
881.6
881.6
881.6
881.6
881.6
881.6
881.6
881.6
881.6
881.6
881.6
881.6
881.6
881.6
881.7
881.7
881.7
881.7
881.7
881.7
881.7
881.7
881.7
881.7
881.7
881.7
881.7
881.8
881.8
881.8
881.8
881.8
881.9
881.9
881.9
881.9
882.0
882.0
882.0
882.1
882.1
882.2
882.2
882.3
882.3
882.4
882.6
882.8
883.0
883.1
883.2
883.7
883.8
884.1
884.1
884.3
884.4
885.0
885.0
885.1
885.1
885.2
885.2
885.2
885.2
885.2
885.2
885.3
885.3
885.3
885.3
885.4
885.4
885.4
885.4
885.4
885.4
885.4
885.4
885.5
885.5
885.5
885.5
885.5
885.5
885.5
885.5
885.5
885.5
885.5
885.5
885.5
885.5
885.5
885.6
885.6
885.6
885.6
885.6
885.6
885.6
885.6
885.6
885.7
885.7
885.7
885.7
885.7
885.7
885.7
885.7
885.7
885.7
885.7
885.8
885.8
885.8
885.8
885.8
885.8
885.8
885.8
885.8
885.8
885.8
885.8
885.9
885.9
885.9
885.9
885.9
885.9
885.9
885.9
885.9
886.0
886.0
886.0
886.0
886.0
886.1
886.1
886.2
886.3
886.3
886.6
886.7
886.9
887.2
887.3
888.2
888.4
888.6
888.8
889.0
889.5
889.8
890.0
890.3
890.7
890.7
890.8
890.9
891.0
891.0
891.1
891.1
891.1
891.1
891.1
891.2
891.2
891.2
891.2
891.2
891.3
891.3
891.3
891.4
891.4
891.5
891.5
891.5
891.6
891.6
891.6
891.6
891.7
891.7
891.7
891.7
891.7
891.7
891.7
891.7
891.8
891.8
891.8
891.8
891.9
891.9
891.9
891.9
891.9
891.9
891.9
892.0
892.0
892.0
892.0
892.1
892.1
892.1
892.1
892.1
892.1
892.1
892.1
892.1
892.2
892.2
892.2
892.2
892.3
892.3
892.3
892.3
892.4
892.4
892.5
892.6
892.6
892.6
892.6
892.7
892.7
892.7
892.7
892.7
892.7
892.8
892.8
892.8
892.9
893.1
893.1
893.1
893.2
893.3
893.3
895.2
895.3
895.8
896.8
896.9
898.2
898.5
899.1
899.5
902.3
902.6
903.5
904.0
904.2
904.9
905.4
906.4
907.0
908.0
908.0
908.0
908.1
908.3
908.4
908.4
909.2
909.6
909.8
909.9
910.0
910.3
910.9
910.9
911.0
911.2
911.4
911.6
911.7
911.8
911.8
911.9
911.9
912.0
912.1
912.3
912.3
912.3
912.3
912.3
912.4
912.4
912.4
912.5
912.8
913.0
913.1
913.1
913.2
913.2
913.2
913.3
913.4
913.4
913.4
913.4
913.5
913.6
913.6
913.7
913.7
913.8
913.9
913.9
914.0
914.0
914.0
914.0
914.1
914.1
914.2
914.2
914.2
914.4
914.5
914.5
914.6
914.7
914.7
914.7
914.9
915.0
915.3
915.6
915.6
915.7
915.7
915.8
915.9
916.0
916.5
916.7
917.0
917.8
918.5
918.6
918.8
918.9
919.0
919.2
919.4
919.5
919.8
919.8
919.9
920.5
920.6
921.0
921.2
921.2
921.3
921.3
921.3
921.4
921.4
921.7
921.7
921.7
921.8
921.9
921.9
921.9
922.0
922.0
922.0
922.0
922.0
922.0
922.1
922.1
922.1
922.1
922.1
922.1
922.1
922.1
922.1
922.1
922.1
922.1
922.1
922.1
922.1
922.1
922.1
922.1
922.1
922.1
922.2
922.2
922.2
922.2
922.2
922.2
922.2
922.2
922.2
922.2
922.2
922.2
922.2
922.2
922.3
922.3
922.3
922.3
922.3
922.3
922.3
922.3
922.3
922.3
922.3
922.3
922.3
922.4
922.4
922.4
922.4
922.4
922.4
922.4
922.4
922.4
922.5
922.5
922.5
922.5
922.5
922.5
922.6
922.8
923.0
923.3
923.3
923.5
923.6
923.6
923.7
923.8
924.0
924.2
924.2
924.3
924.3
924.4
924.4
924.4
924.4
924.5
924.6
924.7
924.7
924.7
924.9
924.9
924.9
925.0
925.0
925.0
925.0
925.1
925.1
925.1
925.1
925.1
925.1
925.1
925.1
925.1
925.1
925.1
925.1
925.1
925.1
925.1
925.1
925.1
925.1
925.1
925.2
925.2
925.2
925.2
925.2
925.2
925.2
925.2
925.2
925.2
925.3
925.3
925.3
925.3
925.3
925.3
925.3
925.3
925.3
925.3
925.3
925.3
925.3
925.4
925.4
925.4
925.4
925.4
925.4
925.4
925.4
925.4
925.4
925.4
925.4
925.5
925.5
925.5
925.5
925.5
925.6
926.1
926.3
926.3
926.4
926.4
926.4
926.5
926.6
926.7
926.9
927.0
927.2
927.3
927.3
927.5
927.5
927.7
927.9
928.0
928.0
928.1
928.1
928.2
928.2
928.3
928.3
928.4
928.4
928.4
928.5
928.5
928.5
928.6
928.6
928.7
928.8
928.8
929.0
929.3
929.4
929.6
929.7
929.7
929.8
929.9
930.0
930.0
930.2
930.3
930.3
930.4
930.4
930.6
930.7
930.8
930.8
930.9
931.0
931.0
931.1
931.1
931.1
931.1
931.1
931.1
931.1
931.1
931.1
931.1
931.1
931.1
931.1
931.2
931.2
931.2
931.2
931.2
931.2
931.2
931.2
931.2
931.3
931.3
931.3
931.3
931.3
931.3
931.3
931.3
931.3
931.3
931.3
931.4
931.4
931.4
931.4
931.5
931.5
931.5
931.5
931.5
931.5
931.5
931.5
931.5
931.6
931.7
931.8
932.0
932.0
932.1
932.1
932.3
932.9
933.1
933.2
933.3
933.4
933.4
933.4
933.4
933.6
933.7
933.7
933.8
933.9
933.9
934.0
934.0
934.0
934.1
934.1
934.2
934.3
934.3
934.3
934.3
934.5
934.5
934.5
934.5
934.5
934.6
934.6
934.6
934.6
934.7
934.7
934.7
934.7
934.8
934.8
934.8
934.8
934.8
934.9
934.9
934.9
934.9
934.9
934.9
934.9
934.9
934.9
935.0
935.0
935.0
935.0
935.0
935.0
935.0
935.0
935.0
935.0
935.1
935.1
935.1
935.1
935.1
935.1
935.1
935.1
935.1
935.2
935.2
935.2
935.3
935.3
935.3
935.3
935.4
935.4
935.4
935.4
935.4
935.4
935.4
935.5
935.5
935.5
935.5
935.6
935.7
935.7
935.7
935.7
935.8
936.0
936.1
936.3
936.4
936.7
936.7
937.1
937.3
937.3
937.4
937.5
937.7
937.8
938.0
938.1
938.3
938.4
938.4
938.8
938.9
938.9
939.0
939.0
939.0
939.0
939.1
939.2
939.2
939.2
939.2
939.3
939.3
939.5
939.5
939.5
939.6
939.7
939.9
940.0
940.0
940.0
940.1
940.1
940.1
940.1
940.1
940.1
940.2
940.2
940.3
940.4
940.4
940.4
940.4
940.4
940.4
940.5
940.5
940.5
940.5
940.6
940.6
940.7
940.7
940.8
940.8
940.8
940.8
940.8
940.8
940.9
940.9
940.9
940.9
941.0
941.0
941.0
941.0
941.0
941.0
941.1
941.2
941.2
941.3
941.3
941.4
941.5
941.7
941.7
941.7
941.8
941.8
941.8
941.9
941.9
941.9
941.9
941.9
941.9
942.1
942.2
942.2
942.5
942.8
943.1
943.1
943.1
943.1
943.4
943.7
943.9
944.1
944.4
944.5
944.7
945.0
945.3
946.0
946.3
946.4
946.9
947.0
947.0
947.1
947.7
948.0
948.7
949.4
949.9
949.9
950.0
950.4
950.4
950.9
951.3
951.3
951.3
951.8
952.0
952.1
952.3
953.2
953.5
953.7
953.8
953.8
954.5
954.6
954.6
955.0
955.5
956.3
956.9
957.3
958.0
958.5
959.2
959.5
959.8
960.7
961.5
962.6
963.0
963.4
965.5
966.9
967.8
968.6
970.9
973.3
973.8
977.4
977.5
980.2
984.7
988.4
1042.3
1042.3
1042.4
1042.4
1042.5
1042.5
1042.5
1042.5
1042.5
1042.5
1042.5
1042.5
1042.5
1042.5
1042.6
1042.6
1042.6
1042.6
1042.6
1042.6
1042.6
1042.6
1042.7
1042.7
1042.7
1042.7
1042.7
1042.7
1042.7
1042.7
1042.7
1042.7
1042.7
1042.7
1042.7
1042.7
1042.7
1042.7
1042.8
1042.8
1042.8
1042.8
1042.8
1042.8
1042.8
1042.8
1042.8
1042.8
1042.8
1042.8
1042.8
1042.8
1042.8
1042.9
1042.9
1042.9
1042.9
1042.9
1042.9
1042.9
1042.9
1042.9
1042.9
1042.9
1042.9
1043.0
1043.0
1043.0
1043.0
1043.0
1043.0
1043.0
1043.1
1043.1
1043.1
1043.1
1043.1
1043.1
1043.1
1043.1
1043.2
1043.2
1043.2
1043.2
1043.3
1043.3
1043.3
1043.4
1043.5
1043.8
1043.9
1043.9
1043.9
1044.1
1044.2
1044.5
1044.9
1045.5
1045.5
1045.8
1046.5
1046.5
1046.5
1046.5
1046.5
1046.5
1046.5
1046.5
1046.5
1046.5
1046.5
1046.5
1046.6
1046.6
1046.6
1046.6
1046.6
1046.6
1046.6
1046.6
1046.6
1046.6
1046.6
1046.6
1046.6
1046.6
1046.7
1046.7
1046.7
1046.7
1046.7
1046.8
1046.8
1046.8
1046.8
1046.8
1046.8
1046.8
1046.8
1046.8
1046.9
1046.9
1046.9
1046.9
1046.9
1046.9
1046.9
1046.9
1046.9
1047.0
1047.0
1047.0
1047.0
1047.0
1047.0
1047.0
1047.1
1047.1
1047.1
1047.2
1047.2
1047.2
1047.2
1047.2
1047.3
1047.3
1047.4
1047.4
1047.4
1047.4
1047.4
1047.4
1047.4
1047.5
1047.6
1047.6
1047.7
1047.7
1047.7
1047.8
1047.8
1047.8
1047.9
1048.0
1048.0
1048.2
1048.2
1048.3
1048.8
1048.9
1048.9
1049.3
1049.4
1049.5
1049.5
1049.5
1049.5
1049.5
1049.5
1049.5
1049.5
1049.5
1049.5
1049.5
1049.5
1049.6
1049.6
1049.6
1049.6
1049.6
1049.6
1049.6
1049.6
1049.6
1049.6
1049.6
1049.6
1049.6
1049.6
1049.7
1049.7
1049.7
1049.7
1049.7
1049.7
1049.8
1049.8
1049.8
1049.8
1049.8
1049.8
1049.8
1049.8
1049.8
1049.9
1049.9
1049.9
1049.9
1049.9
1049.9
1049.9
1049.9
1049.9
1050.0
1050.0
1050.0
1050.0
1050.0
1050.0
1050.0
1050.0
1050.0
1050.1
1050.1
1050.1
1050.2
1050.2
1050.2
1050.2
1050.2
1050.3
1050.3
1050.4
1050.4
1050.4
1050.4
1050.4
1050.4
1050.4
1050.5
1050.5
1050.6
1050.6
1050.7
1050.7
1050.7
1050.8
1050.8
1050.8
1050.8
1050.9
1051.0
1051.0
1051.1
1051.2
1051.2
1051.2
1051.3
1051.9
1051.9
1051.9
1052.5
1052.5
1052.5
1052.5
1052.5
1052.6
1052.6
1052.6
1052.6
1052.6
1052.6
1052.6
1052.7
1052.7
1052.7
1052.8
1052.8
1052.8
1052.8
1052.8
1052.8
1052.9
1053.0
1053.0
1053.0
1053.0
1053.1
1053.2
1053.2
1053.3
1053.4
1053.4
1053.4
1053.4
1053.4
1053.5
1053.6
1053.6
1053.7
1053.7
1053.7
1053.8
1053.8
1053.8
1053.9
1054.0
1054.0
1054.1
1054.2
1054.2
1054.3
1054.4
1054.8
1055.0
1055.1
1055.1
1055.2
1055.4
1055.4
1055.4
1055.5
1055.5
1055.5
1055.6
1055.6
1055.6
1055.6
1055.6
1055.6
1055.6
1055.6
1055.6
1055.6
1055.6
1055.7
1055.7
1055.7
1055.7
1055.7
1055.7
1055.7
1055.7
1055.7
1055.7
1055.8
1055.8
1055.8
1055.8
1055.8
1055.9
1055.9
1055.9
1055.9
1055.9
1055.9
1055.9
1055.9
1055.9
1055.9
1055.9
1055.9
1055.9
1055.9
1055.9
1055.9
1056.0
1056.0
1056.0
1056.0
1056.0
1056.0
1056.0
1056.0
1056.1
1056.1
1056.1
1056.1
1056.1
1056.1
1056.2
1056.2
1056.2
1056.2
1056.3
1056.3
1056.3
1056.3
1056.3
1056.4
1056.4
1056.4
1056.5
1056.6
1056.6
1056.6
1056.6
1056.7
1056.7
1056.8
1056.8
1056.8
1056.8
1056.9
1057.0
1057.0
1057.1
1057.3
1057.4
1057.6
1057.7
1058.1
1058.6
1058.7
1058.7
1058.8
1059.1
1059.2
1059.2
1059.3
1059.3
1059.4
1059.4
1059.5
1059.5
1059.5
1059.5
1059.5
1059.6
1059.6
1059.6
1059.6
1059.6
1059.6
1059.6
1059.6
1059.7
1059.7
1059.7
1059.7
1059.7
1059.7
1059.7
1059.7
1059.8
1059.8
1059.8
1059.8
1059.8
1059.8
1059.8
1059.8
1059.8
1059.8
1059.9
1059.9
1059.9
1059.9
1059.9
1059.9
1059.9
1060.0
1060.0
1060.0
1060.0
1060.0
1060.0
1060.0
1060.0
1060.0
1060.0
1060.0
1060.1
1060.1
1060.1
1060.1
1060.1
1060.1
1060.2
1060.2
1060.2
1060.2
1060.2
1060.2
1060.2
1060.2
1060.2
1060.3
1060.3
1060.3
1060.3
1060.3
1060.3
1060.4
1060.4
1060.4
1060.4
1060.5
1060.5
1060.6
1060.6
1060.6
1060.8
1060.8
1060.9
1061.1
1061.3
1061.3
1061.4
1061.6
1061.8
1063.2
1063.2
1063.2
1063.5
1064.0
1064.7
1064.8
1064.8
1064.9
1065.0
1065.0
1065.1
1065.1
1065.1
1065.2
1065.2
1065.3
1065.3
1065.3
1065.3
1065.3
1065.4
1065.4
1065.5
1065.5
1065.5
1065.5
1065.5
1065.5
1065.6
1065.7
1065.7
1065.8
1065.8
1065.8
1065.8
1065.8
1065.8
1065.9
1065.9
1065.9
1065.9
1065.9
1065.9
1065.9
1065.9
1066.0
1066.0
1066.0
1066.0
1066.0
1066.0
1066.1
1066.1
1066.1
1066.1
1066.2
1066.2
1066.2
1066.3
1066.3
1066.3
1066.3
1066.3
1066.3
1066.3
1066.4
1066.4
1066.4
1066.5
1066.5
1066.5
1066.5
1066.5
1066.5
1066.7
1066.7
1066.7
1066.7
1066.7
1066.8
1066.8
1066.8
1066.9
1066.9
1066.9
1066.9
1066.9
1067.0
1067.0
1067.0
1067.1
1067.1
1067.3
1067.3
1067.4
1067.5
1067.6
1067.8
1068.1
1070.6
1070.9
1072.1
1073.3
1074.6
1075.4
1076.5
1077.4
1077.9
1078.6
1079.3
1079.8
1080.2
1080.3
1080.6
1080.7
1081.4
1081.4
1081.5
1082.0
1082.3
1082.6
1082.8
1082.9
1085.7
1087.3
1087.6
1087.9
1091.1
1091.6
1095.0
1095.6
1096.2
1100.1
1207.4
1207.5
1207.5
1207.5
1207.5
1207.5
1207.6
1207.6
1207.6
1207.6
1207.6
1207.6
1207.6
1207.6
1207.6
1207.6
1207.6
1207.6
1207.7
1207.7
1207.7
1207.7
1207.7
1207.7
1207.7
1207.7
1207.7
1207.7
1207.7
1207.7
1207.7
1207.7
1207.7
1207.7
1207.7
1207.7
1207.7
1207.7
1207.7
1207.7
1207.8
1207.8
1207.8
1207.8
1207.8
1207.8
1207.8
1207.8
1207.8
1207.8
1207.8
1207.8
1207.8
1207.8
1207.8
1207.8
1207.8
1207.8
1207.8
1207.8
1207.8
1207.8
1207.8
1207.8
1207.8
1207.8
1207.9
1207.9
1207.9
1207.9
1207.9
1207.9
1207.9
1207.9
1207.9
1207.9
1207.9
1207.9
1207.9
1207.9
1207.9
1207.9
1207.9
1207.9
1208.0
1208.0
1208.0
1208.0
1208.2
1208.3
1208.3
1208.4
1208.4
1208.7
1208.8
1208.8
1209.1
1209.7
1209.8
1209.9
1210.7
1210.7
1210.7
1210.7
1210.7
1210.8
1210.8
1210.8
1210.8
1210.8
1210.8
1210.8
1210.8
1210.8
1210.8
1210.8
1210.8
1210.8
1210.8
1210.8
1210.8
1210.8
1210.8
1210.8
1210.8
1210.8
1210.8
1210.8
1210.8
1210.9
1210.9
1210.9
1210.9
1210.9
1210.9
1210.9
1210.9
1210.9
1210.9
1210.9
1210.9
1210.9
1210.9
1210.9
1210.9
1210.9
1210.9
1210.9
1211.0
1211.0
1211.0
1211.0
1211.0
1211.0
1211.0
1211.0
1211.1
1211.1
1211.1
1211.1
1211.1
1211.1
1211.2
1211.2
1211.2
1211.2
1211.3
1211.3
1211.3
1211.3
1211.3
1211.3
1211.4
1211.4
1211.5
1211.5
1211.5
1211.6
1211.6
1211.7
1211.7
1211.7
1211.8
1211.8
1211.9
1212.0
1212.1
1212.1
1212.6
1212.6
1212.6
1212.9
1213.0
1213.5
1213.5
1213.6
1213.7
1213.7
1213.7
1213.7
1213.7
1213.8
1213.8
1213.8
1213.8
1213.8
1213.8
1213.8
1213.8
1213.8
1213.8
1213.8
1213.8
1213.8
1213.8
1213.8
1213.8
1213.8
1213.8
1213.8
1213.8
1213.8
1213.8
1213.8
1213.8
1213.9
1213.9
1213.9
1213.9
1213.9
1213.9
1213.9
1213.9
1213.9
1213.9
1213.9
1213.9
1213.9
1213.9
1213.9
1213.9
1213.9
1213.9
1213.9
1214.0
1214.0
1214.0
1214.0
1214.0
1214.0
1214.0
1214.0
1214.0
1214.1
1214.1
1214.1
1214.1
1214.1
1214.1
1214.2
1214.2
1214.2
1214.2
1214.3
1214.3
1214.3
1214.3
1214.3
1214.3
1214.3
1214.4
1214.4
1214.5
1214.5
1214.5
1214.5
1214.6
1214.6
1214.7
1214.7
1214.7
1214.7
1214.8
1214.8
1214.9
1215.0
1215.1
1215.1
1215.6
1215.7
1215.7
1216.2
1216.3
1216.8
1216.8
1216.8
1216.8
1216.9
1216.9
1216.9
1217.0
1217.0
1217.1
1217.3
1217.3
1217.3
1217.4
1217.5
1217.6
1217.6
1217.7
1217.7
1217.7
1217.8
1217.8
1217.9
1217.9
1218.0
1218.1
1218.1
1218.3
1218.4
1218.8
1218.8
1218.9
1219.4
1219.5
1219.7
1219.7
1219.7
1219.8
1219.8
1219.8
1219.8
1219.8
1219.8
1219.8
1219.8
1219.8
1219.8
1219.8
1219.8
1219.8
1219.8
1219.8
1219.8
1219.9
1219.9
1219.9
1219.9
1219.9
1219.9
1219.9
1219.9
1219.9
1219.9
1219.9
1219.9
1219.9
1219.9
1220.0
1220.0
1220.0
1220.0
1220.0
1220.0
1220.0
1220.0
1220.0
1220.0
1220.0
1220.0
1220.0
1220.0
1220.0
1220.0
1220.0
1220.1
1220.1
1220.1
1220.1
1220.1
1220.1
1220.1
1220.1
1220.2
1220.2
1220.2
1220.2
1220.2
1220.2
1220.2
1220.2
1220.2
1220.3
1220.3
1220.3
1220.3
1220.3
1220.3
1220.4
1220.4
1220.4
1220.4
1220.5
1220.5
1220.6
1220.7
1220.7
1220.7
1220.8
1220.8
1221.0
1221.1
1221.1
1221.2
1221.3
1221.5
1221.8
1222.0
1222.0
1222.0
1222.2
1222.8
1222.9
1223.3
1223.4
1223.5
1223.5
1223.6
1223.6
1223.6
1223.6
1223.6
1223.6
1223.7
1223.7
1223.7
1223.7
1223.7
1223.7
1223.7
1223.7
1223.8
1223.8
1223.8
1223.8
1223.8
1223.8
1223.8
1223.8
1223.8
1223.8
1223.9
1223.9
1223.9
1223.9
1223.9
1223.9
1223.9
1223.9
1223.9
1224.0
1224.0
1224.0
1224.0
1224.0
1224.0
1224.0
1224.0
1224.0
1224.0
1224.0
1224.0
1224.1
1224.1
1224.1
1224.1
1224.1
1224.1
1224.1
1224.1
1224.1
1224.1
1224.1
1224.1
1224.1
1224.1
1224.2
1224.2
1224.2
1224.2
1224.2
1224.2
1224.2
1224.2
1224.2
1224.2
1224.3
1224.3
1224.3
1224.3
1224.3
1224.3
1224.3
1224.4
1224.4
1224.4
1224.4
1224.5
1224.5
1224.5
1224.7
1224.7
1225.0
1225.0
1225.1
1225.4
1225.7
1225.8
1225.9
1226.0
1226.2
1226.8
1227.0
1228.0
1228.0
1228.3
1228.7
1228.9
1229.0
1229.0
1229.0
1229.0
1229.2
1229.2
1229.2
1229.2
1229.2
1229.2
1229.3
1229.3
1229.3
1229.4
1229.4
1229.4
1229.4
1229.4
1229.5
1229.5
1229.5
1229.6
1229.6
1229.6
1229.7
1229.7
1229.7
1229.8
1229.8
1229.9
1229.9
1229.9
1229.9
1230.0
1230.0
1230.1
1230.1
1230.1
1230.1
1230.1
1230.1
1230.1
1230.1
1230.1
1230.2
1230.2
1230.2
1230.2
1230.3
1230.3
1230.3
1230.4
1230.4
1230.4
1230.4
1230.5
1230.5
1230.5
1230.5
1230.5
1230.6
1230.6
1230.6
1230.6
1230.6
1230.6
1230.7
1230.7
1230.7
1230.7
1230.7
1230.8
1230.9
1231.0
1231.1
1231.1
1231.1
1231.1
1231.1
1231.1
1231.2
1231.2
1231.2
1231.2
1231.2
1231.3
1231.4
1231.4
1231.5
1231.6
1231.7
1231.8
1231.8
1232.6
1232.8
1234.8
1235.0
1235.4
1237.6
1238.2
1238.4
1238.4
1239.4
1239.6
1239.7
1239.9
1239.9
1240.0
1240.3
1240.5
1240.6
1240.6
1240.7
1240.7
1241.1
1241.5
1242.0
1242.6
1242.7
1242.9
1243.0
1243.7
1243.8
1244.4
1245.7
1246.8
1246.9
1247.0
1248.0
1249.1
1249.9
1250.3
1251.7
1251.9
1252.1
1253.4
1253.9
1253.9
1257.9
1258.8
1259.0
1259.4
1259.5
1259.6
1260.0
1260.0
1260.2
1260.2
1260.4
1260.7
1260.7
1260.9
1260.9
1260.9
1261.0
1261.1
1261.2
1261.2
1261.2
1261.3
1261.3
1261.3
1261.3
1261.3
1261.3
1261.4
1261.4
1261.4
1261.5
1261.5
1261.5
1261.5
1261.5
1261.6
1261.6
1261.6
1261.7
1261.7
1261.8
1261.8
1261.8
1261.8
1261.9
1262.0
1262.0
1262.0
1262.0
1262.1
1262.1
1262.1
1262.2
1262.3
1262.4
1262.5
1262.7
1262.8
1262.8
1262.9
1263.0
1263.1
1263.2
1263.2
1263.2
1263.3
1263.3
1263.4
1263.4
1263.4
1263.4
1263.5
1263.6
1263.6
1263.6
1263.6
1263.7
1263.8
1263.8
1263.9
1263.9
1264.1
1264.2
1264.2
1264.3
1264.5
1264.5
1264.6
1264.6
1264.7
1264.8
1265.0
1265.0
1265.1
1266.0
1266.8
1266.9
1268.1
1269.7
1271.1
1281.5
1281.7
1281.7
1281.8
1281.9
1281.9
1282.0
1282.0
1282.0
1282.2
1282.3
1282.3
1282.5
1282.5
1282.7
1282.9
1283.0
1283.1
1283.2
1283.8
1284.1
1284.3
1284.3
1284.7
1284.8
1284.9
1284.9
1284.9
1285.2
1285.3
1285.4
1285.4
1285.7
1286.2
1286.4
1286.4
1286.7
1286.9
1287.1
1288.5
1289.0
1289.2
1289.2
1289.2
1289.4
1289.4
1290.1
1290.2
1290.2
1290.5
1290.6
1290.7
1290.8
1290.9
1292.0
1292.1
1292.1
1293.4
1294.1
1294.4
1295.1
1295.9
1296.3
1296.3
1296.8
1297.4
1299.5
1299.9
1300.4
1300.7
1301.8
1302.7
1302.9
1304.3
1305.2
1305.7
1306.8
1306.9
1308.4
1321.2
1333.8
1378.5
1378.6
1378.7
1378.8
1378.8
1378.8
1378.8
1378.8
1378.8
1378.8
1378.8
1378.9
1378.9
1378.9
1378.9
1378.9
1378.9
1378.9
1378.9
1378.9
1378.9
1378.9
1378.9
1378.9
1378.9
1378.9
1378.9
1378.9
1378.9
1378.9
1379.0
1379.0
1379.0
1379.0
1379.0
1379.0
1379.0
1379.0
1379.0
1379.0
1379.0
1379.0
1379.0
1379.0
1379.0
1379.0
1379.0
1379.0
1379.0
1379.0
1379.1
1379.1
1379.1
1379.1
1379.1
1379.1
1379.1
1379.1
1379.1
1379.1
1379.1
1379.1
1379.1
1379.1
1379.1
1379.1
1379.1
1379.1
1379.1
1379.1
1379.1
1379.1
1379.2
1379.2
1379.2
1379.2
1379.2
1379.2
1379.2
1379.2
1379.3
1379.3
1379.3
1379.3
1379.4
1379.4
1379.5
1379.5
1379.5
1379.7
1379.7
1379.9
1379.9
1380.0
1380.0
1380.7
1380.8
1381.6
1381.6
1382.0
1382.1
1382.1
1382.1
1382.1
1382.1
1382.1
1382.1
1382.1
1382.1
1382.1
1382.1
1382.1
1382.1
1382.1
1382.1
1382.1
1382.1
1382.1
1382.1
1382.1
1382.2
1382.2
1382.2
1382.2
1382.2
1382.2
1382.2
1382.2
1382.2
1382.2
1382.2
1382.2
1382.2
1382.2
1382.2
1382.2
1382.2
1382.2
1382.2
1382.2
1382.2
1382.2
1382.2
1382.2
1382.2
1382.3
1382.3
1382.3
1382.3
1382.3
1382.3
1382.3
1382.3
1382.3
1382.3
1382.3
1382.3
1382.3
1382.3
1382.4
1382.4
1382.4
1382.4
1382.4
1382.4
1382.5
1382.5
1382.5
1382.5
1382.5
1382.6
1382.6
1382.6
1382.7
1382.7
1382.7
1382.7
1382.8
1382.8
1382.8
1382.9
1382.9
1383.1
1383.1
1383.1
1383.4
1383.5
1383.5
1383.6
1384.0
1384.0
1384.3
1384.4
1384.4
1384.6
1385.0
1385.1
1385.1
1385.1
1385.1
1385.1
1385.1
1385.1
1385.1
1385.1
1385.1
1385.1
1385.1
1385.1
1385.1
1385.1
1385.1
1385.1
1385.1
1385.1
1385.1
1385.2
1385.2
1385.2
1385.2
1385.2
1385.2
1385.2
1385.2
1385.2
1385.2
1385.2
1385.2
1385.2
1385.2
1385.2
1385.2
1385.2
1385.2
1385.2
1385.2
1385.2
1385.2
1385.2
1385.3
1385.3
1385.3
1385.3
1385.3
1385.3
1385.3
1385.3
1385.3
1385.3
1385.3
1385.3
1385.3
1385.4
1385.4
1385.4
1385.4
1385.4
1385.4
1385.4
1385.5
1385.5
1385.5
1385.5
1385.5
1385.6
1385.6
1385.6
1385.7
1385.7
1385.7
1385.7
1385.8
1385.8
1385.8
1385.8
1385.9
1385.9
1386.0
1386.1
1386.1
1386.1
1386.3
1386.4
1386.5
1386.5
1386.7
1387.0
1387.1
1387.5
1387.6
1387.8
1387.9
1388.2
1388.4
1388.4
1388.5
1388.5
1388.7
1388.7
1388.7
1388.9
1388.9
1388.9
1389.1
1389.1
1389.4
1389.4
1389.5
1389.5
1389.6
1389.8
1390.0
1390.2
1390.3
1390.8
1391.0
1391.1
1391.1
1391.1
1391.1
1391.1
1391.1
1391.1
1391.1
1391.1
1391.1
1391.1
1391.1
1391.2
1391.2
1391.2
1391.2
1391.2
1391.2
1391.2
1391.2
1391.2
1391.2
1391.2
1391.2
1391.2
1391.2
1391.2
1391.2
1391.3
1391.3
1391.3
1391.3
1391.3
1391.3
1391.3
1391.3
1391.3
1391.3
1391.3
1391.3
1391.3
1391.3
1391.3
1391.3
1391.3
1391.3
1391.3
1391.3
1391.3
1391.3
1391.4
1391.4
1391.4
1391.4
1391.4
1391.4
1391.4
1391.4
1391.4
1391.4
1391.4
1391.5
1391.5
1391.5
1391.5
1391.5
1391.5
1391.6
1391.6
1391.6
1391.6
1391.7
1391.7
1391.7
1391.8
1391.8
1391.8
1391.9
1391.9
1392.0
1392.0
1392.2
1392.2
1392.6
1392.8
1392.9
1392.9
1393.3
1393.5
1393.8
1393.8
1394.0
1394.1
1394.6
1394.7
1394.7
1394.8
1394.8
1394.8
1394.8
1394.9
1394.9
1394.9
1394.9
1394.9
1395.0
1395.0
1395.0
1395.0
1395.0
1395.0
1395.1
1395.1
1395.1
1395.1
1395.1
1395.1
1395.1
1395.1
1395.1
1395.2
1395.2
1395.2
1395.2
1395.2
1395.2
1395.2
1395.2
1395.2
1395.2
1395.2
1395.2
1395.2
1395.2
1395.2
1395.2
1395.2
1395.3
1395.3
1395.3
1395.3
1395.3
1395.3
1395.3
1395.3
1395.3
1395.3
1395.3
1395.3
1395.3
1395.4
1395.4
1395.4
1395.4
1395.4
1395.4
1395.4
1395.4
1395.4
1395.5
1395.5
1395.5
1395.5
1395.5
1395.5
1395.5
1395.5
1395.6
1395.6
1395.6
1395.6
1395.6
1395.6
1395.6
1395.7
1395.7
1395.7
1395.7
1395.7
1395.8
1395.9
1396.1
1396.1
1396.6
1396.8
1396.9
1397.4
1397.4
1398.0
1398.2
1398.5
1398.6
1399.2
1399.4
1399.5
1400.1
1400.1
1400.2
1400.2
1400.2
1400.3
1400.4
1400.4
1400.5
1400.5
1400.5
1400.6
1400.6
1400.7
1400.7
1400.7
1400.7
1400.8
1400.8
1400.8
1400.8
1400.8
1400.9
1400.9
1400.9
1400.9
1401.0
1401.0
1401.0
1401.1
1401.1
1401.2
1401.2
1401.2
1401.3
1401.3
1401.3
1401.3
1401.3
1401.3
1401.3
1401.4
1401.4
1401.4
1401.5
1401.5
1401.5
1401.5
1401.6
1401.6
1401.6
1401.6
1401.6
1401.7
1401.7
1401.7
1401.7
1401.7
1401.7
1401.7
1401.7
1401.8
1401.8
1401.8
1401.8
1401.8
1401.9
1401.9
1401.9
1401.9
1401.9
1402.0
1402.1
1402.2
1402.3
1402.3
1402.3
1402.3
1402.3
1402.3
1402.4
1402.4
1402.4
1402.5
1402.6
1402.6
1402.7
1402.7
1402.8
1402.8
1403.0
1403.4
1403.9
1404.3
1405.3
1405.6
1406.3
1406.7
1407.1
1407.2
1408.0
1408.7
1409.8
1409.9
1410.6
1410.7
1411.5
1411.7
1411.8
1412.1
1412.2
1412.3
1412.9
1413.4
1414.9
1415.0
1415.7
1416.9
1417.3
1417.4
1417.4
1417.7
1418.3
1418.6
1418.8
1420.3
1421.0
1421.7
1424.1
1425.2
1425.4
1426.4
1426.6
1426.7
1426.8
1427.0
1428.3
1428.5
1429.0
1430.2
1430.3
1433.3
1434.1
1439.7
1440.5
1442.2
1452.4
1543.9
1544.0
1544.0
1544.0
1544.0
1544.0
1544.0
1544.0
1544.1
1544.1
1544.1
1544.1
1544.1
1544.1
1544.1
1544.1
1544.1
1544.1
1544.1
1544.1
1544.1
1544.1
1544.1
1544.1
1544.1
1544.1
1544.1
1544.1
1544.1
1544.1
1544.2
1544.2
1544.2
1544.2
1544.2
1544.2
1544.2
1544.2
1544.2
1544.2
1544.2
1544.2
1544.2
1544.2
1544.2
1544.2
1544.2
1544.2
1544.2
1544.2
1544.2
1544.2
1544.2
1544.2
1544.2
1544.2
1544.2
1544.2
1544.3
1544.3
1544.3
1544.3
1544.3
1544.3
1544.3
1544.3
1544.3
1544.3
1544.3
1544.3
1544.3
1544.3
1544.3
1544.3
1544.3
1544.3
1544.3
1544.3
1544.3
1544.3
1544.3
1544.3
1544.4
1544.4
1544.4
1544.4
1544.5
1544.5
1544.6
1544.7
1544.7
1544.8
1544.8
1545.1
1545.2
1545.3
1545.5
1546.2
1546.3
1546.4
1547.2
1547.2
1547.2
1547.2
1547.2
1547.2
1547.2
1547.2
1547.2
1547.2
1547.2
1547.2
1547.2
1547.2
1547.2
1547.2
1547.2
1547.2
1547.2
1547.2
1547.2
1547.2
1547.3
1547.3
1547.3
1547.3
1547.3
1547.3
1547.3
1547.3
1547.3
1547.3
1547.3
1547.3
1547.3
1547.3
1547.3
1547.3
1547.3
1547.3
1547.3
1547.3
1547.3
1547.3
1547.3
1547.4
1547.4
1547.4
1547.4
1547.4
1547.4
1547.4
1547.4
1547.4
1547.4
1547.4
1547.5
1547.5
1547.5
1547.5
1547.5
1547.5
1547.6
1547.6
1547.6
1547.6
1547.7
1547.7
1547.7
1547.7
1547.7
1547.7
1547.7
1547.8
1547.9
1547.9
1547.9
1548.0
1548.0
1548.0
1548.0
1548.1
1548.2
1548.2
1548.3
1548.4
1548.5
1548.5
1548.9
1549.0
1549.0
1549.3
1549.4
1549.8
1549.9
1549.9
1550.2
1550.2
1550.2
1550.2
1550.2
1550.2
1550.2
1550.2
1550.2
1550.2
1550.2
1550.2
1550.2
1550.2
1550.2
1550.2
1550.2
1550.2
1550.2
1550.2
1550.2
1550.2
1550.3
1550.3
1550.3
1550.3
1550.3
1550.3
1550.3
1550.3
1550.3
1550.3
1550.3
1550.3
1550.3
1550.3
1550.3
1550.3
1550.3
1550.3
1550.3
1550.3
1550.3
1550.3
1550.3
1550.3
1550.4
1550.4
1550.4
1550.4
1550.4
1550.4
1550.4
1550.4
1550.4
1550.4
1550.4
1550.5
1550.5
1550.5
1550.5
1550.5
1550.5
1550.6
1550.6
1550.6
1550.6
1550.7
1550.7
1550.7
1550.7
1550.7
1550.7
1550.7
1550.7
1550.8
1550.9
1550.9
1550.9
1550.9
1551.0
1551.0
1551.0
1551.0
1551.0
1551.1
1551.2
1551.2
1551.3
1551.4
1551.5
1551.5
1552.0
1552.0
1552.1
1552.5
1552.6
1553.2
1553.2
1553.3
1553.3
1553.3
1553.3
1553.3
1553.3
1553.4
1553.5
1553.7
1553.7
1553.7
1553.7
1553.8
1553.9
1553.9
1554.0
1554.0
1554.0
1554.1
1554.2
1554.2
1554.3
1554.3
1554.4
1554.5
1554.5
1554.6
1554.8
1555.2
1555.2
1555.3
1555.8
1556.0
1556.1
1556.1
1556.2
1556.2
1556.2
1556.2
1556.2
1556.2
1556.2
1556.3
1556.3
1556.3
1556.3
1556.3
1556.3
1556.3
1556.3
1556.3
1556.3
1556.3
1556.3
1556.3
1556.3
1556.3
1556.3
1556.3
1556.3
1556.3
1556.4
1556.4
1556.4
1556.4
1556.4
1556.4
1556.4
1556.4
1556.4
1556.4
1556.4
1556.4
1556.4
1556.4
1556.4
1556.4
1556.4
1556.4
1556.4
1556.4
1556.5
1556.5
1556.5
1556.5
1556.5
1556.5
1556.5
1556.5
1556.6
1556.6
1556.6
1556.6
1556.6
1556.6
1556.6
1556.6
1556.6
1556.7
1556.7
1556.7
1556.7
1556.7
1556.7
1556.8
1556.8
1556.8
1556.9
1556.9
1556.9
1556.9
1557.0
1557.0
1557.1
1557.1
1557.2
1557.3
1557.5
1557.6
1557.6
1557.6
1557.8
1558.0
1558.3
1558.5
1558.6
1558.6
1558.7
1559.4
1559.6
1559.8
1559.9
1559.9
1560.0
1560.0
1560.0
1560.0
1560.1
1560.1
1560.1
1560.1
1560.2
1560.2
1560.2
1560.2
1560.2
1560.2
1560.2
1560.2
1560.2
1560.2
1560.3
1560.3
1560.3
1560.3
1560.3
1560.3
1560.3
1560.3
1560.3
1560.3
1560.3
1560.4
1560.4
1560.4
1560.4
1560.4
1560.4
1560.4
1560.4
1560.4
1560.4
1560.4
1560.5
1560.5
1560.5
1560.5
1560.5
1560.5
1560.5
1560.5
1560.5
1560.5
1560.5
1560.5
1560.5
1560.5
1560.6
1560.6
1560.6
1560.6
1560.6
1560.6
1560.6
1560.6
1560.6
1560.6
1560.6
1560.6
1560.6
1560.6
1560.6
1560.7
1560.7
1560.7
1560.7
1560.7
1560.8
1560.8
1560.8
1560.8
1560.8
1560.8
1560.8
1560.9
1560.9
1561.0
1561.2
1561.3
1561.5
1561.5
1561.7
1562.1
1562.3
1562.4
1562.5
1562.7
1562.8
1563.5
1563.7
1564.8
1564.8
1565.1
1565.3
1565.4
1565.4
1565.5
1565.5
1565.5
1565.7
1565.7
1565.7
1565.7
1565.7
1565.7
1565.8
1565.8
1565.9
1565.9
1565.9
1565.9
1566.0
1566.0
1566.0
1566.0
1566.1
1566.1
1566.1
1566.1
1566.2
1566.2
1566.3
1566.3
1566.3
1566.3
1566.4
1566.4
1566.4
1566.5
1566.5
1566.5
1566.5
1566.5
1566.6
1566.6
1566.6
1566.6
1566.6
1566.7
1566.7
1566.7
1566.7
1566.8
1566.8
1566.8
1566.8
1566.8
1566.8
1566.9
1566.9
1566.9
1567.0
1567.0
1567.0
1567.0
1567.0
1567.0
1567.1
1567.1
1567.1
1567.1
1567.2
1567.2
1567.2
1567.2
1567.3
1567.4
1567.4
1567.5
1567.5
1567.5
1567.6
1567.6
1567.6
1567.6
1567.7
1567.7
1567.7
1567.7
1567.7
1567.8
1567.9
1567.9
1568.0
1568.1
1568.1
1568.4
1568.4
1569.5
1569.6
1571.3
1571.6
1572.2
1574.2
1574.3
1574.6
1574.7
1575.1
1575.6
1575.7
1575.8
1576.1
1576.4
1576.4
1576.5
1576.7
1576.8
1576.8
1577.0
1577.5
1577.7
1577.8
1578.3
1578.5
1578.6
1578.8
1579.0
1579.9
1580.0
1581.1
1581.4
1581.4
1582.1
1582.7
1583.1
1583.3
1584.4
1584.5
1584.5
1585.0
1585.9
1586.6
1586.9
1588.6
1588.6
1588.6
1589.6
1590.2
1590.6
1591.0
1591.5
1591.6
1592.9
1594.9
1595.1
1596.2
1596.3
1596.5
1596.5
1596.9
1596.9
1597.0
1597.1
1597.1
1597.2
1597.3
1597.3
1597.3
1597.3
1597.4
1597.5
1597.5
1597.5
1597.6
1597.6
1597.6
1597.8
1597.8
1597.8
1597.8
1597.9
1597.9
1597.9
1598.0
1598.0
1598.1
1598.1
1598.1
1598.2
1598.3
1598.3
1598.4
1598.4
1598.4
1598.5
1598.6
1598.6
1598.7
1598.7
1598.7
1599.0
1599.0
1599.4
1599.4
1599.7
1599.7
1599.7
1599.8
1599.8
1599.8
1599.9
1599.9
1599.9
1599.9
1600.0
1600.0
1600.0
1600.1
1600.2
1600.3
1600.3
1600.4
1600.5
1600.6
1600.6
1600.7
1600.7
1600.7
1600.7
1600.7
1600.9
1601.0
1601.0
1601.0
1601.1
1601.1
1601.3
1601.4
1601.5
1601.6
1601.9
1602.1
1602.2
1602.2
1602.2
1602.5
1602.5
1602.9
1603.1
1604.2
1604.3
1605.0
1605.8
1619.1
1621.6
1621.9
1622.0
1622.6
1622.8
1623.0
1623.5
1623.8
1623.9
1624.1
1624.2
1624.2
1624.3
1624.6
1626.6
1626.6
1626.8
1627.7
1628.3
1628.8
1636.8
1640.7
1648.3
1714.8
1714.8
1714.9
1715.0
1715.0
1715.0
1715.0
1715.0
1715.0
1715.0
1715.0
1715.1
1715.1
1715.1
1715.1
1715.1
1715.1
1715.1
1715.1
1715.1
1715.1
1715.1
1715.1
1715.1
1715.1
1715.2
1715.2
1715.2
1715.2
1715.2
1715.2
1715.2
1715.2
1715.2
1715.2
1715.2
1715.2
1715.2
1715.2
1715.2
1715.2
1715.2
1715.2
1715.2
1715.2
1715.2
1715.2
1715.3
1715.3
1715.3
1715.3
1715.3
1715.3
1715.3
1715.3
1715.3
1715.3
1715.3
1715.3
1715.3
1715.3
1715.3
1715.3
1715.3
1715.3
1715.3
1715.3
1715.3
1715.3
1715.4
1715.4
1715.4
1715.4
1715.4
1715.4
1715.4
1715.4
1715.4
1715.4
1715.4
1715.5
1715.5
1715.5
1715.5
1715.6
1715.6
1715.7
1715.7
1715.8
1715.9
1716.0
1716.1
1716.1
1716.1
1716.3
1716.9
1717.0
1717.7
1717.7
1718.1
1718.2
1718.2
1718.2
1718.2
1718.2
1718.2
1718.2
1718.2
1718.2
1718.2
1718.2
1718.2
1718.2
1718.2
1718.2
1718.2
1718.2
1718.2
1718.2
1718.2
1718.3
1718.3
1718.3
1718.3
1718.3
1718.3
1718.3
1718.3
1718.3
1718.3
1718.3
1718.3
1718.3
1718.3
1718.3
1718.3
1718.3
1718.3
1718.3
1718.4
1718.4
1718.4
1718.4
1718.4
1718.4
1718.4
1718.4
1718.4
1718.4
1718.4
1718.4
1718.4
1718.4
1718.4
1718.4
1718.4
1718.4
1718.5
1718.5
1718.5
1718.5
1718.5
1718.5
1718.6
1718.6
1718.6
1718.6
1718.6
1718.6
1718.7
1718.7
1718.8
1718.8
1718.8
1718.8
1718.8
1718.8
1718.9
1718.9
1718.9
1719.0
1719.1
1719.1
1719.1
1719.3
1719.4
1719.5
1719.6
1719.8
1720.1
1720.1
1720.4
1720.5
1720.6
1720.8
1721.1
1721.2
1721.2
1721.2
1721.2
1721.2
1721.2
1721.2
1721.2
1721.2
1721.2
1721.2
1721.2
1721.2
1721.2
1721.2
1721.2
1721.2
1721.2
1721.2
1721.2
1721.3
1721.3
1721.3
1721.3
1721.3
1721.3
1721.3
1721.3
1721.3
1721.3
1721.3
1721.3
1721.3
1721.3
1721.3
1721.3
1721.3
1721.4
1721.4
1721.4
1721.4
1721.4
1721.4
1721.4
1721.4
1721.4
1721.4
1721.4
1721.4
1721.4
1721.4
1721.4
1721.4
1721.4
1721.5
1721.5
1721.5
1721.5
1721.5
1721.5
1721.5
1721.6
1721.6
1721.6
1721.6
1721.6
1721.6
1721.7
1721.7
1721.8
1721.8
1721.8
1721.8
1721.8
1721.9
1721.9
1721.9
1721.9
1722.0
1722.1
1722.1
1722.1
1722.1
1722.3
1722.3
1722.4
1722.5
1722.6
1722.8
1723.1
1723.1
1723.6
1723.7
1723.9
1724.1
1724.3
1724.4
1724.5
1724.6
1724.8
1724.8
1724.9
1724.9
1724.9
1725.0
1725.0
1725.1
1725.1
1725.3
1725.4
1725.5
1725.5
1725.6
1725.7
1726.0
1726.0
1726.3
1726.4
1726.9
1727.0
1727.2
1727.2
1727.2
1727.2
1727.2
1727.2
1727.2
1727.2
1727.2
1727.2
1727.2
1727.2
1727.3
1727.3
1727.3
1727.3
1727.3
1727.3
1727.3
1727.3
1727.3
1727.3
1727.3
1727.3
1727.3
1727.3
1727.3
1727.4
1727.4
1727.4
1727.4
1727.4
1727.4
1727.4
1727.4
1727.4
1727.4
1727.4
1727.4
1727.4
1727.4
1727.4
1727.4
1727.4
1727.4
1727.4
1727.5
1727.5
1727.5
1727.5
1727.5
1727.5
1727.5
1727.5
1727.5
1727.5
1727.5
1727.5
1727.5
1727.6
1727.6
1727.6
1727.6
1727.6
1727.6
1727.6
1727.7
1727.7
1727.7
1727.7
1727.8
1727.8
1727.8
1727.9
1727.9
1727.9
1728.0
1728.0
1728.1
1728.1
1728.2
1728.4
1728.6
1728.8
1728.9
1728.9
1729.4
1729.5
1729.8
1729.9
1730.0
1730.2
1730.7
1730.8
1730.8
1730.9
1730.9
1730.9
1731.0
1731.0
1731.0
1731.0
1731.0
1731.0
1731.1
1731.1
1731.1
1731.1
1731.1
1731.2
1731.2
1731.2
1731.2
1731.2
1731.2
1731.2
1731.2
1731.2
1731.2
1731.3
1731.3
1731.3
1731.3
1731.3
1731.3
1731.3
1731.3
1731.3
1731.3
1731.3
1731.3
1731.3
1731.3
1731.4
1731.4
1731.4
1731.4
1731.4
1731.4
1731.4
1731.4
1731.4
1731.4
1731.4
1731.5
1731.5
1731.5
1731.5
1731.5
1731.5
1731.5
1731.5
1731.5
1731.5
1731.5
1731.5
1731.6
1731.6
1731.6
1731.6
1731.6
1731.6
1731.6
1731.6
1731.6
1731.7
1731.7
1731.7
1731.7
1731.7
1731.7
1731.7
1731.8
1731.8
1731.8
1731.8
1731.8
1731.9
1731.9
1732.1
1732.1
1732.4
1732.6
1733.0
1733.0
1733.7
1733.7
1734.2
1734.4
1734.7
1735.0
1735.5
1735.6
1735.9
1736.2
1736.3
1736.4
1736.4
1736.5
1736.5
1736.6
1736.6
1736.6
1736.7
1736.7
1736.7
1736.7
1736.8
1736.9
1736.9
1736.9
1736.9
1736.9
1736.9
1736.9
1737.0
1737.0
1737.0
1737.1
1737.2
1737.2
1737.2
1737.2
1737.2
1737.2
1737.3
1737.3
1737.4
1737.4
1737.4
1737.4
1737.5
1737.5
1737.5
1737.5
1737.5
1737.5
1737.6
1737.6
1737.6
1737.6
1737.7
1737.7
1737.7
1737.7
1737.8
1737.8
1737.8
1737.8
1737.8
1737.9
1737.9
1737.9
1737.9
1737.9
1737.9
1738.0
1738.0
1738.0
1738.1
1738.1
1738.1
1738.1
1738.1
1738.1
1738.3
1738.3
1738.4
1738.4
1738.5
1738.5
1738.5
1738.5
1738.5
1738.6
1738.6
1738.6
1738.6
1738.8
1738.8
1738.8
1738.9
1738.9
1739.0
1739.3
1739.9
1740.9
1741.0
1742.2
1742.6
1744.1
1744.5
1744.8
1745.5
1745.7
1746.1
1746.7
1747.2
1747.3
1747.7
1748.4
1748.5
1748.7
1749.1
1749.4
1749.6
1749.8
1750.7
1751.4
1753.9
1754.0
1754.0
1754.5
1754.6
1754.8
1756.4
1756.8
1757.4
1758.8
1759.3
1759.7
1759.9
1761.3
1762.0
1762.5
1763.4
1763.7
1763.8
1764.7
1766.8
1767.0
1768.3
1768.4
1769.9
1771.8
1772.1
1784.1
1880.3
1880.3
1880.4
1880.4
1880.4
1880.4
1880.4
1880.4
1880.5
1880.5
1880.5
1880.5
1880.5
1880.5
1880.5
1880.5
1880.5
1880.5
1880.5
1880.5
1880.5
1880.5
1880.5
1880.5
1880.5
1880.5
1880.5
1880.5
1880.5
1880.5
1880.6
1880.6
1880.6
1880.6
1880.6
1880.6
1880.6
1880.6
1880.6
1880.6
1880.6
1880.6
1880.6
1880.6
1880.6
1880.6
1880.6
1880.6
1880.6
1880.6
1880.6
1880.6
1880.6
1880.6
1880.6
1880.6
1880.7
1880.7
1880.7
1880.7
1880.7
1880.7
1880.7
1880.7
1880.7
1880.7
1880.7
1880.7
1880.7
1880.7
1880.7
1880.7
1880.7
1880.7
1880.7
1880.7
1880.7
1880.7
1880.7
1880.7
1880.8
1880.8
1880.8
1880.8
1880.8
1880.9
1880.9
1880.9
1881.0
1881.2
1881.2
1881.3
1881.3
1881.6
1881.7
1881.8
1882.0
1882.7
1882.8
1883.0
1883.6
1883.6
1883.7
1883.7
1883.7
1883.7
1883.7
1883.7
1883.7
1883.7
1883.7
1883.7
1883.7
1883.7
1883.7
1883.7
1883.7
1883.7
1883.7
1883.7
1883.7
1883.7
1883.7
1883.7
1883.7
1883.7
1883.7
1883.7
1883.7
1883.8
1883.8
1883.8
1883.8
1883.8
1883.8
1883.8
1883.8
1883.8
1883.8
1883.8
1883.8
1883.8
1883.8
1883.8
1883.8
1883.8
1883.8
1883.8
1883.8
1883.8
1883.8
1883.8
1883.9
1883.9
1883.9
1883.9
1883.9
1883.9
1884.0
1884.0
1884.0
1884.0
1884.0
1884.0
1884.0
1884.1
1884.1
1884.2
1884.2
1884.2
1884.2
1884.2
1884.2
1884.3
1884.4
1884.4
1884.4
1884.5
1884.5
1884.5
1884.5
1884.5
1884.7
1884.7
1884.8
1884.9
1885.0
1885.0
1885.5
1885.5
1885.5
1885.9
1886.0
1886.4
1886.5
1886.5
1886.6
1886.6
1886.7
1886.7
1886.7
1886.7
1886.7
1886.7
1886.7
1886.7
1886.7
1886.7
1886.7
1886.7
1886.7
1886.7
1886.7
1886.7
1886.7
1886.7
1886.7
1886.7
1886.7
1886.7
1886.7
1886.7
1886.7
1886.7
1886.7
1886.8
1886.8
1886.8
1886.8
1886.8
1886.8
1886.8
1886.8
1886.8
1886.8
1886.8
1886.8
1886.8
1886.8
1886.8
1886.8
1886.8
1886.8
1886.8
1886.8
1886.8
1886.8
1886.8
1886.9
1886.9
1886.9
1886.9
1886.9
1886.9
1886.9
1887.0
1887.0
1887.0
1887.0
1887.0
1887.0
1887.0
1887.1
1887.1
1887.2
1887.2
1887.2
1887.2
1887.2
1887.2
1887.3
1887.3
1887.4
1887.4
1887.4
1887.5
1887.5
1887.5
1887.5
1887.5
1887.6
1887.7
1887.7
1887.7
1887.8
1887.9
1888.0
1888.0
1888.6
1888.6
1888.6
1889.1
1889.2
1889.7
1889.7
1889.7
1889.8
1889.8
1889.9
1889.9
1889.9
1889.9
1890.0
1890.2
1890.2
1890.2
1890.2
1890.3
1890.4
1890.5
1890.5
1890.5
1890.5
1890.5
1890.6
1890.7
1890.7
1890.8
1890.9
1891.0
1891.0
1891.0
1891.3
1891.4
1891.8
1891.8
1891.9
1892.4
1892.6
1892.6
1892.6
1892.7
1892.7
1892.7
1892.7
1892.7
1892.7
1892.7
1892.7
1892.7
1892.7
1892.7
1892.7
1892.7
1892.7
1892.8
1892.8
1892.8
1892.8
1892.8
1892.8
1892.8
1892.8
1892.8
1892.8
1892.8
1892.8
1892.8
1892.8
1892.8
1892.8
1892.8
1892.8
1892.8
1892.8
1892.8
1892.9
1892.9
1892.9
1892.9
1892.9
1892.9
1892.9
1892.9
1892.9
1892.9
1892.9
1892.9
1892.9
1892.9
1893.0
1893.0
1893.0
1893.0
1893.0
1893.0
1893.0
1893.0
1893.0
1893.1
1893.1
1893.1
1893.1
1893.1
1893.1
1893.1
1893.2
1893.2
1893.2
1893.2
1893.2
1893.3
1893.3
1893.3
1893.3
1893.4
1893.4
1893.5
1893.5
1893.5
1893.5
1893.5
1893.5
1893.7
1893.8
1894.0
1894.1
1894.2
1894.2
1894.3
1894.7
1894.9
1895.1
1895.1
1895.1
1895.3
1895.9
1896.1
1896.3
1896.3
1896.4
1896.5
1896.5
1896.5
1896.5
1896.5
1896.5
1896.6
1896.6
1896.6
1896.6
1896.7
1896.7
1896.7
1896.7
1896.7
1896.7
1896.7
1896.7
1896.7
1896.7
1896.7
1896.7
1896.7
1896.7
1896.7
1896.7
1896.8
1896.8
1896.8
1896.8
1896.8
1896.8
1896.8
1896.9
1896.9
1896.9
1896.9
1896.9
1896.9
1896.9
1896.9
1896.9
1896.9
1896.9
1896.9
1896.9
1897.0
1897.0
1897.0
1897.0
1897.0
1897.0
1897.0
1897.0
1897.0
1897.0
1897.0
1897.0
1897.0
1897.0
1897.1
1897.1
1897.1
1897.1
1897.1
1897.1
1897.1
1897.1
1897.1
1897.1
1897.1
1897.1
1897.2
1897.2
1897.2
1897.2
1897.2
1897.3
1897.3
1897.3
1897.3
1897.4
1897.4
1897.5
1897.7
1897.7
1897.9
1898.0
1898.2
1898.6
1898.9
1898.9
1899.0
1899.2
1899.2
1899.9
1900.2
1901.2
1901.2
1901.6
1901.7
1901.8
1901.9
1901.9
1901.9
1901.9
1902.1
1902.1
1902.1
1902.1
1902.1
1902.1
1902.2
1902.2
1902.2
1902.2
1902.3
1902.3
1902.4
1902.4
1902.5
1902.5
1902.5
1902.5
1902.5
1902.5
1902.5
1902.6
1902.6
1902.7
1902.7
1902.7
1902.8
1902.8
1902.8
1902.8
1902.9
1902.9
1903.0
1903.0
1903.0
1903.0
1903.0
1903.0
1903.1
1903.1
1903.1
1903.1
1903.1
1903.2
1903.2
1903.2
1903.3
1903.3
1903.3
1903.3
1903.3
1903.4
1903.4
1903.4
1903.4
1903.4
1903.4
1903.4
1903.4
1903.5
1903.5
1903.6
1903.6
1903.6
1903.6
1903.6
1903.7
1903.8
1903.8
1903.9
1904.0
1904.0
1904.0
1904.0
1904.0
1904.0
1904.0
1904.1
1904.1
1904.1
1904.2
1904.2
1904.2
1904.3
1904.4
1904.5
1904.5
1904.6
1904.7
1905.5
1905.8
1907.7
1907.9
1908.3
1909.9
1909.9
1910.3
1910.4
1911.4
1911.5
1911.5
1911.6
1911.6
1912.0
1912.0
1912.1
1912.3
1912.3
1912.5
1912.6
1912.8
1912.9
1913.0
1913.2
1913.5
1913.9
1914.3
1914.4
1914.6
1915.3
1915.4
1915.7
1916.0
1916.7
1917.4
1917.8
1918.2
1918.6
1918.9
1919.3
1919.8
1919.9
1920.0
1921.5
1921.8
1921.8
1922.6
1923.1
1923.3
1923.9
1924.2
1924.5
1925.1
1926.4
1927.2
1927.4
1927.4
1928.1
1928.2
1930.0
1930.5
1931.0
1931.2
1931.4
1931.4
1931.5
1931.6
1931.8
1931.8
1931.9
1932.0
1932.0
1932.2
1932.3
1932.4
1932.4
1932.5
1932.6
1932.6
1932.7
1932.7
1932.7
1932.7
1932.8
1932.9
1932.9
1933.0
1933.0
1933.0
1933.1
1933.1
1933.1
1933.2
1933.2
1933.3
1933.3
1933.4
1933.4
1933.6
1933.7
1933.7
1933.8
1933.9
1934.1
1934.2
1934.3
1934.4
1934.5
1934.5
1934.7
1934.8
1934.8
1934.9
1935.0
1935.0
1935.0
1935.1
1935.1
1935.1
1935.1
1935.2
1935.4
1935.4
1935.4
1935.5
1935.5
1935.6
1935.6
1935.7
1935.8
1935.8
1935.9
1936.0
1936.1
1936.2
1936.2
1936.2
1936.2
1936.3
1936.3
1936.4
1936.6
1936.6
1936.7
1936.7
1936.9
1936.9
1937.1
1937.1
1937.3
1937.7
1938.3
1939.3
1939.4
1939.7
1939.9
1939.9
1942.7
1948.2
1952.3
1952.4
1952.5
1952.5
1952.6
1952.7
1952.7
1952.8
1952.8
1952.9
1953.1
1953.2
1953.3
1953.4
1953.8
1953.8
1954.0
1954.1
1954.1
1954.6
1954.9
1955.1
1956.0
1956.2
1956.3
1956.4
1956.9
1957.1
1957.1
1957.1
1957.3
1957.3
1957.7
1958.0
1958.4
1958.9
1960.6
1961.0
1961.1
1961.7
1961.8
1961.8
1961.9
1962.0
1962.3
1962.4
1962.6
1963.1
1963.2
1964.2
1964.5
1964.6
1964.9
1966.1
1967.3
1972.5
1973.3
1974.7
1979.7
1981.0
1995.5
2051.1
2051.1
2051.2
2051.3
2051.3
2051.3
2051.3
2051.3
2051.3
2051.3
2051.3
2051.4
2051.4
2051.4
2051.4
2051.4
2051.4
2051.4
2051.4
2051.4
2051.4
2051.4
2051.4
2051.4
2051.4
2051.5
2051.5
2051.5
2051.5
2051.5
2051.5
2051.5
2051.5
2051.5
2051.5
2051.5
2051.5
2051.5
2051.5
2051.5
2051.5
2051.5
2051.5
2051.5
2051.5
2051.5
2051.5
2051.5
2051.5
2051.5
2051.6
2051.6
2051.6
2051.6
2051.6
2051.6
2051.6
2051.6
2051.6
2051.6
2051.6
2051.6
2051.6
2051.6
2051.6
2051.6
2051.6
2051.6
2051.6
2051.6
2051.6
2051.6
2051.6
2051.6
2051.6
2051.7
2051.7
2051.7
2051.7
2051.7
2051.7
2051.7
2051.8
2051.8
2051.9
2051.9
2052.0
2052.0
2052.0
2052.2
2052.3
2052.3
2052.4
2052.4
2052.5
2053.1
2053.2
2053.9
2053.9
2054.3
2054.5
2054.5
2054.5
2054.5
2054.5
2054.5
2054.5
2054.5
2054.5
2054.5
2054.5
2054.5
2054.5
2054.5
2054.5
2054.5
2054.5
2054.5
2054.5
2054.5
2054.5
2054.5
2054.5
2054.6
2054.6
2054.6
2054.6
2054.6
2054.6
2054.6
2054.6
2054.6
2054.6
2054.6
2054.6
2054.6
2054.6
2054.6
2054.6
2054.6
2054.6
2054.6
2054.6
2054.7
2054.7
2054.7
2054.7
2054.7
2054.7
2054.7
2054.7
2054.7
2054.7
2054.7
2054.7
2054.7
2054.7
2054.7
2054.7
2054.8
2054.8
2054.8
2054.8
2054.9
2054.9
2054.9
2054.9
2054.9
2055.0
2055.0
2055.0
2055.1
2055.1
2055.1
2055.2
2055.2
2055.2
2055.2
2055.2
2055.2
2055.3
2055.3
2055.4
2055.5
2055.6
2055.7
2055.8
2055.9
2056.1
2056.4
2056.4
2056.7
2056.8
2056.9
2057.1
2057.4
2057.5
2057.5
2057.5
2057.5
2057.5
2057.5
2057.5
2057.5
2057.5
2057.5
2057.5
2057.5
2057.5
2057.5
2057.5
2057.5
2057.5
2057.5
2057.5
2057.5
2057.5
2057.5
2057.5
2057.6
2057.6
2057.6
2057.6
2057.6
2057.6
2057.6
2057.6
2057.6
2057.6
2057.6
2057.6
2057.6
2057.6
2057.6
2057.6
2057.6
2057.6
2057.7
2057.7
2057.7
2057.7
2057.7
2057.7
2057.7
2057.7
2057.7
2057.7
2057.7
2057.7
2057.7
2057.7
2057.7
2057.7
2057.7
2057.8
2057.8
2057.8
2057.8
2057.9
2057.9
2057.9
2057.9
2057.9
2058.0
2058.0
2058.0
2058.1
2058.1
2058.1
2058.2
2058.2
2058.2
2058.2
2058.2
2058.2
2058.2
2058.3
2058.3
2058.3
2058.4
2058.5
2058.6
2058.6
2058.7
2058.8
2058.9
2059.1
2059.4
2059.5
2059.9
2060.0
2060.2
2060.4
2060.5
2060.5
2060.6
2060.7
2060.8
2060.9
2061.2
2061.2
2061.2
2061.3
2061.3
2061.3
2061.4
2061.5
2061.6
2061.7
2061.8
2061.8
2061.9
2062.0
2062.3
2062.3
2062.6
2062.7
2063.2
2063.4
2063.5
2063.5
2063.5
2063.5
2063.5
2063.5
2063.5
2063.5
2063.5
2063.5
2063.5
2063.5
2063.5
2063.6
2063.6
2063.6
2063.6
2063.6
2063.6
2063.6
2063.6
2063.6
2063.6
2063.6
2063.6
2063.6
2063.6
2063.6
2063.7
2063.7
2063.7
2063.7
2063.7
2063.7
2063.7
2063.7
2063.7
2063.7
2063.7
2063.7
2063.7
2063.7
2063.7
2063.7
2063.7
2063.7
2063.8
2063.8
2063.8
2063.8
2063.8
2063.8
2063.8
2063.8
2063.8
2063.8
2063.8
2063.9
2063.9
2063.9
2063.9
2063.9
2063.9
2063.9
2063.9
2064.0
2064.0
2064.0
2064.0
2064.0
2064.1
2064.2
2064.2
2064.2
2064.2
2064.2
2064.2
2064.3
2064.4
2064.4
2064.4
2064.6
2064.7
2065.0
2065.2
2065.3
2065.3
2065.8
2065.9
2066.2
2066.2
2066.4
2066.5
2067.1
2067.1
2067.1
2067.2
2067.2
2067.3
2067.3
2067.3
2067.3
2067.3
2067.3
2067.3
2067.3
2067.4
2067.4
2067.4
2067.5
2067.5
2067.5
2067.5
2067.5
2067.5
2067.5
2067.5
2067.5
2067.5
2067.6
2067.6
2067.6
2067.6
2067.6
2067.6
2067.6
2067.6
2067.6
2067.6
2067.6
2067.6
2067.6
2067.6
2067.7
2067.7
2067.7
2067.7
2067.7
2067.7
2067.7
2067.7
2067.7
2067.7
2067.7
2067.7
2067.7
2067.8
2067.8
2067.8
2067.8
2067.8
2067.8
2067.8
2067.8
2067.8
2067.8
2067.8
2067.8
2067.9
2067.9
2067.9
2067.9
2067.9
2067.9
2067.9
2068.0
2068.0
2068.0
2068.0
2068.0
2068.0
2068.1
2068.1
2068.1
2068.1
2068.1
2068.1
2068.2
2068.2
2068.2
2068.5
2068.5
2068.7
2069.0
2069.3
2069.3
2070.0
2070.1
2070.6
2070.9
2071.2
2071.4
2072.0
2072.0
2072.3
2072.5
2072.7
2072.7
2072.8
2072.8
2072.8
2072.9
2072.9
2072.9
2073.0
2073.0
2073.1
2073.1
2073.1
2073.2
2073.2
2073.2
2073.2
2073.2
2073.2
2073.3
2073.3
2073.3
2073.4
2073.4
2073.5
2073.5
2073.5
2073.5
2073.6
2073.6
2073.6
2073.6
2073.7
2073.7
2073.7
2073.8
2073.8
2073.8
2073.8
2073.8
2073.8
2073.8
2073.8
2073.9
2073.9
2073.9
2074.0
2074.0
2074.0
2074.1
2074.1
2074.1
2074.1
2074.1
2074.1
2074.2
2074.2
2074.2
2074.2
2074.2
2074.2
2074.3
2074.3
2074.3
2074.3
2074.4
2074.4
2074.4
2074.4
2074.4
2074.6
2074.6
2074.7
2074.7
2074.7
2074.7
2074.7
2074.8
2074.8
2074.8
2074.9
2074.9
2074.9
2075.0
2075.1
2075.2
2075.2
2075.3
2075.3
2075.7
2076.2
2077.2
2077.2
2078.6
2078.6
2079.6
2079.7
2080.3
2080.8
2081.7
2082.7
2082.9
2083.3
2083.4
2084.2
2084.4
2084.4
2084.5
2084.6
2084.9
2085.2
2085.4
2086.7
2087.0
2087.7
2089.5
2090.3
2090.4
2090.8
2090.8
2090.8
2091.0
2092.0
2093.6
2093.9
2094.5
2094.6
2096.5
2096.8
2098.5
2098.7
2099.0
2099.1
2099.8
2100.4
2101.8
2103.0
2103.5
2103.9
2104.8
2105.6
2107.7
2108.3
2110.2
2216.6
2216.7
2216.7
2216.7
2216.8
2216.8
2216.8
2216.8
2216.8
2216.8
2216.8
2216.8
2216.8
2216.8
2216.8
2216.8
2216.8
2216.8
2216.8
2216.8
2216.8
2216.8
2216.8
2216.9
2216.9
2216.9
2216.9
2216.9
2216.9
2216.9
2216.9
2216.9
2216.9
2216.9
2216.9
2216.9
2216.9
2216.9
2216.9
2216.9
2216.9
2216.9
2216.9
2216.9
2216.9
2217.0
2217.0
2217.0
2217.0
2217.0
2217.0
2217.0
2217.0
2217.0
2217.0
2217.0
2217.0
2217.0
2217.0
2217.0
2217.0
2217.0
2217.0
2217.0
2217.0
2217.0
2217.0
2217.0
2217.0
2217.0
2217.0
2217.0
2217.0
2217.1
2217.1
2217.1
2217.1
2217.1
2217.1
2217.1
2217.1
2217.1
2217.1
2217.1
2217.1
2217.2
2217.2
2217.2
2217.3
2217.4
2217.5
2217.6
2217.6
2217.8
2218.0
2218.0
2218.3
2218.9
2219.0
2219.1
2219.9
2219.9
2219.9
2219.9
2219.9
2219.9
2219.9
2219.9
2219.9
2219.9
2219.9
2219.9
2219.9
2220.0
2220.0
2220.0
2220.0
2220.0
2220.0
2220.0
2220.0
2220.0
2220.0
2220.0
2220.0
2220.0
2220.0
2220.0
2220.0
2220.0
2220.0
2220.0
2220.0
2220.0
2220.0
2220.0
2220.0
2220.0
2220.0
2220.0
2220.1
2220.1
2220.1
2220.1
2220.1
2220.1
2220.1
2220.1
2220.1
2220.1
2220.1
2220.1
2220.1
2220.1
2220.1
2220.1
2220.2
2220.2
2220.2
2220.2
2220.2
2220.3
2220.3
2220.3
2220.3
2220.3
2220.4
2220.4
2220.4
2220.4
2220.4
2220.5
2220.5
2220.5
2220.6
2220.6
2220.7
2220.7
2220.7
2220.8
2220.8
2220.8
2220.9
2221.0
2221.0
2221.1
2221.2
2221.2
2221.7
2221.7
2221.7
2222.0
2222.1
2222.6
2222.6
2222.6
2222.9
2222.9
2222.9
2222.9
2222.9
2222.9
2222.9
2222.9
2222.9
2222.9
2222.9
2222.9
2222.9
2223.0
2223.0
2223.0
2223.0
2223.0
2223.0
2223.0
2223.0
2223.0
2223.0
2223.0
2223.0
2223.0
2223.0
2223.0
2223.0
2223.0
2223.0
2223.0
2223.0
2223.0
2223.0
2223.0
2223.0
2223.0
2223.0
2223.1
2223.1
2223.1
2223.1
2223.1
2223.1
2223.1
2223.1
2223.1
2223.1
2223.1
2223.1
2223.1
2223.1
2223.1
2223.1
2223.1
2223.2
2223.2
2223.2
2223.2
2223.2
2223.3
2223.3
2223.3
2223.3
2223.3
2223.4
2223.4
2223.4
2223.4
2223.4
2223.4
2223.5
2223.5
2223.5
2223.6
2223.6
2223.6
2223.7
2223.7
2223.7
2223.7
2223.8
2223.8
2223.8
2223.9
2224.0
2224.0
2224.1
2224.2
2224.2
2224.7
2224.8
2224.8
2225.2
2225.3
2225.9
2225.9
2226.0
2226.0
2226.0
2226.0
2226.0
2226.0
2226.1
2226.1
2226.2
2226.4
2226.4
2226.5
2226.7
2226.7
2226.7
2226.8
2226.8
2226.8
2226.9
2227.0
2227.0
2227.0
2227.1
2227.2
2227.2
2227.3
2227.5
2227.9
2227.9
2228.0
2228.6
2228.7
2228.8
2228.9
2228.9
2228.9
2228.9
2229.0
2229.0
2229.0
2229.0
2229.0
2229.0
2229.0
2229.0
2229.0
2229.0
2229.0
2229.0
2229.0
2229.0
2229.0
2229.0
2229.0
2229.0
2229.0
2229.0
2229.1
2229.1
2229.1
2229.1
2229.1
2229.1
2229.1
2229.1
2229.1
2229.1
2229.1
2229.1
2229.1
2229.1
2229.1
2229.1
2229.1
2229.1
2229.1
2229.2
2229.2
2229.2
2229.2
2229.2
2229.2
2229.2
2229.2
2229.2
2229.2
2229.2
2229.2
2229.3
2229.3
2229.3
2229.3
2229.3
2229.3
2229.3
2229.3
2229.3
2229.3
2229.4
2229.4
2229.4
2229.4
2229.4
2229.5
2229.5
2229.5
2229.5
2229.5
2229.6
2229.6
2229.7
2229.8
2229.8
2229.8
2229.8
2229.9
2230.0
2230.2
2230.3
2230.3
2230.4
2230.5
2230.7
2230.9
2231.2
2231.2
2231.3
2231.4
2232.0
2232.2
2232.5
2232.6
2232.7
2232.7
2232.7
2232.8
2232.8
2232.8
2232.8
2232.8
2232.8
2232.9
2232.9
2232.9
2232.9
2232.9
2232.9
2232.9
2232.9
2233.0
2233.0
2233.0
2233.0
2233.0
2233.0
2233.0
2233.0
2233.0
2233.0
2233.0
2233.0
2233.0
2233.1
2233.1
2233.1
2233.1
2233.1
2233.1
2233.1
2233.1
2233.1
2233.1
2233.2
2233.2
2233.2
2233.2
2233.2
2233.2
2233.2
2233.2
2233.2
2233.2
2233.2
2233.2
2233.2
2233.2
2233.2
2233.2
2233.3
2233.3
2233.3
2233.3
2233.3
2233.3
2233.3
2233.3
2233.3
2233.3
2233.3
2233.3
2233.4
2233.4
2233.4
2233.4
2233.4
2233.4
2233.5
2233.5
2233.5
2233.5
2233.5
2233.5
2233.5
2233.6
2233.6
2233.6
2233.7
2233.9
2234.0
2234.2
2234.2
2234.3
2234.7
2235.0
2235.1
2235.1
2235.4
2235.5
2236.2
2236.3
2237.2
2237.3
2237.8
2238.1
2238.1
2238.1
2238.2
2238.2
2238.3
2238.4
2238.4
2238.4
2238.4
2238.4
2238.4
2238.5
2238.5
2238.6
2238.6
2238.6
2238.7
2238.7
2238.7
2238.7
2238.7
2238.7
2238.8
2238.8
2238.9
2238.9
2238.9
2239.0
2239.0
2239.1
2239.1
2239.1
2239.1
2239.1
2239.2
2239.2
2239.2
2239.3
2239.3
2239.3
2239.3
2239.3
2239.3
2239.4
2239.4
2239.4
2239.4
2239.5
2239.5
2239.5
2239.5
2239.5
2239.5
2239.6
2239.6
2239.7
2239.7
2239.7
2239.7
2239.7
2239.8
2239.8
2239.8
2239.8
2239.8
2239.8
2239.9
2239.9
2239.9
2239.9
2239.9
2240.0
2240.1
2240.2
2240.2
2240.3
2240.3
2240.3
2240.3
2240.3
2240.4
2240.4
2240.4
2240.5
2240.5
2240.5
2240.5
2240.6
2240.6
2240.7
2240.8
2240.8
2241.2
2241.4
2242.3
2242.4
2243.8
2243.9
2245.1
2246.8
2247.0
2247.0
2247.0
2247.7
2248.1
2248.1
2248.6
2248.6
2248.9
2249.1
2249.2
2249.3
2249.5
2249.8
2249.9
2250.7
2250.8
2250.9
2251.3
2251.3
2251.4
2251.9
2252.6
2252.8
2252.9
2253.6
2253.7
2254.7
2254.9
2255.3
2255.4
2256.4
2256.4
2257.2
2257.3
2258.1
2258.4
2259.4
2259.4
2259.6
2259.9
2260.0
2260.7
2261.1
2262.2
2262.7
2262.9
2263.0
2265.2
2265.9
2266.3
2266.7
2267.0
2267.4
2267.7
2267.8
2267.9
2268.0
2268.1
2268.1
2268.2
2268.2
2268.2
2268.3
2268.5
2268.6
2268.6
2268.6
2268.7
2268.7
2268.8
2268.9
2268.9
2268.9
2269.0
2269.0
2269.0
2269.0
2269.1
2269.1
2269.2
2269.2
2269.2
2269.3
2269.3
2269.5
2269.5
2269.6
2269.6
2269.6
2269.6
2269.8
2269.8
2269.9
2269.9
2269.9
2270.2
2270.8
2270.8
2270.8
2271.0
2271.1
2271.1
2271.2
2271.2
2271.2
2271.2
2271.2
2271.3
2271.3
2271.3
2271.4
2271.4
2271.5
2271.5
2271.6
2271.7
2271.7
2271.8
2271.9
2272.0
2272.1
2272.1
2272.1
2272.1
2272.2
2272.2
2272.3
2272.4
2272.4
2272.4
2272.4
2272.5
2272.6
2272.9
2273.0
2273.0
2273.1
2273.2
2273.3
2273.5
2273.6
2273.9
2274.0
2275.5
2275.9
2277.1
2278.3
2285.8
2286.4
2286.8
2286.8
2286.8
2286.9
2286.9
2287.0
2287.0
2287.0
2287.1
2287.2
2287.3
2287.3
2287.4
2287.4
2287.6
2287.7
2288.0
2288.1
2288.1
2288.6
2288.7
2289.2
2289.5
2289.8
2289.9
2290.1
2290.1
2290.3
2290.3
2290.4
2290.5
2290.5
2291.0
2291.1
2291.3
2291.9
2292.2
2292.8
2292.9
2293.9
2294.1
2294.3
2294.5
2294.9
2295.0
2295.1
2295.2
2295.3
2295.3
2296.1
2296.2
2296.6
2296.6
2296.7
2296.8
2297.1
2297.3
2299.4
2299.6
2299.7
2301.0
2301.2
2301.5
2301.6
2301.7
2303.8
2304.2
2306.2
2306.7
2306.8
2308.6
2309.6
2311.7
2313.2
2314.2
2314.5
2314.5
2317.1
2364.3
2387.5
2387.5
2387.6
2387.7
2387.7
2387.7
2387.7
2387.7
2387.7
2387.7
2387.7
2387.7
2387.8
2387.8
2387.8
2387.8
2387.8
2387.8
2387.8
2387.8
2387.8
2387.8
2387.8
2387.8
2387.8
2387.8
2387.8
2387.8
2387.8
2387.8
2387.8
2387.8
2387.8
2387.8
2387.8
2387.9
2387.9
2387.9
2387.9
2387.9
2387.9
2387.9
2387.9
2387.9
2387.9
2387.9
2387.9
2387.9
2387.9
2387.9
2387.9
2387.9
2387.9
2388.0
2388.0
2388.0
2388.0
2388.0
2388.0
2388.0
2388.0
2388.0
2388.0
2388.0
2388.0
2388.0
2388.0
2388.0
2388.0
2388.0
2388.0
2388.0
2388.0
2388.0
2388.1
2388.1
2388.1
2388.1
2388.1
2388.1
2388.1
2388.1
2388.1
2388.2
2388.2
2388.3
2388.3
2388.3
2388.3
2388.6
2388.6
2388.7
2388.7
2388.8
2388.8
2389.5
2389.5
2390.3
2390.3
2390.7
2390.9
2390.9
2390.9
2390.9
2390.9
2390.9
2390.9
2390.9
2390.9
2390.9
2390.9
2390.9
2390.9
2390.9
2390.9
2390.9
2390.9
2390.9
2390.9
2390.9
2390.9
2390.9
2390.9
2390.9
2390.9
2390.9
2390.9
2391.0
2391.0
2391.0
2391.0
2391.0
2391.0
2391.0
2391.0
2391.0
2391.0
2391.0
2391.0
2391.0
2391.0
2391.0
2391.0
2391.0
2391.1
2391.1
2391.1
2391.1
2391.1
2391.1
2391.1
2391.1
2391.1
2391.1
2391.1
2391.1
2391.1
2391.1
2391.1
2391.2
2391.2
2391.2
2391.2
2391.2
2391.2
2391.3
2391.3
2391.3
2391.3
2391.3
2391.4
2391.4
2391.4
2391.4
2391.5
2391.5
2391.5
2391.6
2391.6
2391.6
2391.6
2391.7
2391.8
2391.8
2391.9
2392.1
2392.2
2392.3
2392.4
2392.7
2392.8
2393.1
2393.2
2393.2
2393.4
2393.7
2393.9
2393.9
2393.9
2393.9
2393.9
2393.9
2393.9
2393.9
2393.9
2393.9
2393.9
2393.9
2393.9
2393.9
2393.9
2393.9
2393.9
2393.9
2393.9
2393.9
2393.9
2393.9
2393.9
2393.9
2393.9
2393.9
2393.9
2394.0
2394.0
2394.0
2394.0
2394.0
2394.0
2394.0
2394.0
2394.0
2394.0
2394.0
2394.0
2394.0
2394.0
2394.0
2394.1
2394.1
2394.1
2394.1
2394.1
2394.1
2394.1
2394.1
2394.1
2394.1
2394.1
2394.1
2394.1
2394.1
2394.1
2394.2
2394.2
2394.2
2394.2
2394.2
2394.2
2394.3
2394.3
2394.3
2394.3
2394.3
2394.4
2394.4
2394.4
2394.4
2394.5
2394.5
2394.5
2394.5
2394.6
2394.6
2394.6
2394.6
2394.7
2394.7
2394.8
2394.8
2394.9
2395.0
2395.1
2395.2
2395.3
2395.5
2395.8
2395.8
2396.3
2396.4
2396.6
2396.7
2396.9
2397.0
2397.1
2397.2
2397.3
2397.5
2397.5
2397.5
2397.6
2397.7
2397.7
2397.8
2397.8
2397.9
2398.1
2398.1
2398.2
2398.3
2398.4
2398.6
2398.7
2399.0
2399.1
2399.6
2399.7
2399.9
2399.9
2399.9
2399.9
2399.9
2399.9
2399.9
2399.9
2399.9
2399.9
2399.9
2399.9
2399.9
2399.9
2399.9
2399.9
2399.9
2400.0
2400.0
2400.0
2400.0
2400.0
2400.0
2400.0
2400.0
2400.0
2400.0
2400.0
2400.0
2400.0
2400.0
2400.1
2400.1
2400.1
2400.1
2400.1
2400.1
2400.1
2400.1
2400.1
2400.1
2400.1
2400.1
2400.1
2400.1
2400.1
2400.1
2400.1
2400.1
2400.1
2400.1
2400.1
2400.1
2400.2
2400.2
2400.2
2400.2
2400.2
2400.2
2400.2
2400.2
2400.3
2400.3
2400.3
2400.3
2400.3
2400.3
2400.3
2400.4
2400.4
2400.4
2400.5
2400.5
2400.5
2400.6
2400.6
2400.6
2400.7
2400.7
2400.8
2400.8
2400.9
2401.0
2401.4
2401.6
2401.6
2401.6
2402.1
2402.2
2402.5
2402.5
2402.8
2402.9
2403.4
2403.5
2403.5
2403.5
2403.6
2403.6
2403.6
2403.6
2403.6
2403.6
2403.6
2403.7
2403.7
2403.7
2403.8
2403.8
2403.8
2403.8
2403.9
2403.9
2403.9
2403.9
2403.9
2403.9
2403.9
2403.9
2403.9
2403.9
2403.9
2404.0
2404.0
2404.0
2404.0
2404.0
2404.0
2404.0
2404.0
2404.0
2404.0
2404.0
2404.0
2404.0
2404.0
2404.0
2404.0
2404.1
2404.1
2404.1
2404.1
2404.1
2404.1
2404.1
2404.1
2404.1
2404.1
2404.1
2404.1
2404.2
2404.2
2404.2
2404.2
2404.2
2404.2
2404.2
2404.2
2404.2
2404.2
2404.3
2404.3
2404.3
2404.3
2404.3
2404.3
2404.3
2404.4
2404.4
2404.4
2404.4
2404.4
2404.4
2404.4
2404.5
2404.5
2404.5
2404.5
2404.6
2404.6
2404.8
2404.8
2405.1
2405.4
2405.7
2405.7
2406.3
2406.4
2406.9
2407.1
2407.4
2407.6
2408.1
2408.3
2408.4
2408.9
2409.0
2409.1
2409.2
2409.2
2409.2
2409.3
2409.3
2409.3
2409.3
2409.4
2409.4
2409.5
2409.5
2409.5
2409.5
2409.5
2409.6
2409.6
2409.6
2409.6
2409.7
2409.7
2409.7
2409.8
2409.8
2409.8
2409.9
2409.9
2410.0
2410.0
2410.0
2410.0
2410.1
2410.1
2410.1
2410.1
2410.1
2410.1
2410.1
2410.2
2410.2
2410.2
2410.2
2410.3
2410.3
2410.3
2410.3
2410.4
2410.4
2410.4
2410.4
2410.5
2410.5
2410.5
2410.5
2410.5
2410.5
2410.6
2410.6
2410.6
2410.6
2410.6
2410.7
2410.7
2410.7
2410.7
2410.7
2410.8
2410.8
2410.8
2410.9
2411.0
2411.0
2411.0
2411.1
2411.1
2411.1
2411.1
2411.2
2411.2
2411.3
2411.3
2411.3
2411.4
2411.5
2411.6
2411.6
2411.6
2411.6
2412.0
2412.7
2413.7
2413.8
2415.2
2415.4
2416.7
2417.1
2417.4
2418.1
2418.2
2418.6
2418.8
2419.7
2419.7
2420.1
2421.0
2421.2
2421.3
2421.3
2421.5
2422.2
2423.5
2424.3
2424.9
2425.9
2427.4
2427.7
2428.1
2428.4
2429.3
2430.1
2430.9
2431.1
2431.8
2431.8
2432.4
2433.1
2434.1
2435.5
2435.7
2436.4
2439.6
2440.1
2440.9
2443.1
2443.7
2444.1
2446.9
2460.1
2553.0
2553.0
2553.0
2553.1
2553.1
2553.1
2553.1
2553.1
2553.1
2553.1
2553.1
2553.1
2553.2
2553.2
2553.2
2553.2
2553.2
2553.2
2553.2
2553.2
2553.2
2553.2
2553.2
2553.2
2553.2
2553.2
2553.2
2553.2
2553.2
2553.2
2553.2
2553.2
2553.2
2553.2
2553.2
2553.2
2553.2
2553.2
2553.3
2553.3
2553.3
2553.3
2553.3
2553.3
2553.3
2553.3
2553.3
2553.3
2553.3
2553.3
2553.3
2553.3
2553.3
2553.3
2553.3
2553.3
2553.3
2553.3
2553.3
2553.3
2553.4
2553.4
2553.4
2553.4
2553.4
2553.4
2553.4
2553.4
2553.4
2553.4
2553.4
2553.4
2553.4
2553.4
2553.4
2553.4
2553.4
2553.4
2553.4
2553.4
2553.4
2553.4
2553.4
2553.5
2553.5
2553.5
2553.5
2553.6
2553.7
2553.8
2553.8
2553.9
2553.9
2554.2
2554.3
2554.4
2554.6
2555.3
2555.4
2555.5
2556.2
2556.2
2556.3
2556.3
2556.3
2556.3
2556.3
2556.3
2556.3
2556.3
2556.3
2556.3
2556.3
2556.3
2556.3
2556.3
2556.3
2556.3
2556.3
2556.3
2556.3
2556.3
2556.3
2556.3
2556.3
2556.3
2556.3
2556.4
2556.4
2556.4
2556.4
2556.4
2556.4
2556.4
2556.4
2556.4
2556.4
2556.4
2556.4
2556.4
2556.4
2556.4
2556.4
2556.4
2556.4
2556.4
2556.4
2556.4
2556.4
2556.4
2556.4
2556.5
2556.5
2556.5
2556.5
2556.5
2556.5
2556.5
2556.6
2556.6
2556.6
2556.6
2556.6
2556.6
2556.6
2556.7
2556.8
2556.8
2556.8
2556.8
2556.8
2556.8
2556.8
2556.9
2556.9
2557.0
2557.0
2557.0
2557.1
2557.1
2557.1
2557.1
2557.3
2557.3
2557.4
2557.5
2557.5
2557.6
2558.0
2558.0
2558.1
2558.4
2558.5
2558.9
2559.0
2559.0
2559.2
2559.2
2559.3
2559.3
2559.3
2559.3
2559.3
2559.3
2559.3
2559.3
2559.3
2559.3
2559.3
2559.3
2559.3
2559.3
2559.3
2559.3
2559.3
2559.3
2559.3
2559.3
2559.3
2559.3
2559.3
2559.3
2559.3
2559.4
2559.4
2559.4
2559.4
2559.4
2559.4
2559.4
2559.4
2559.4
2559.4
2559.4
2559.4
2559.4
2559.4
2559.4
2559.4
2559.4
2559.4
2559.4
2559.4
2559.4
2559.4
2559.4
2559.4
2559.4
2559.5
2559.5
2559.5
2559.5
2559.5
2559.5
2559.5
2559.6
2559.6
2559.6
2559.6
2559.6
2559.6
2559.6
2559.7
2559.7
2559.8
2559.8
2559.8
2559.8
2559.8
2559.8
2559.8
2559.9
2559.9
2560.0
2560.0
2560.0
2560.0
2560.1
2560.1
2560.1
2560.1
2560.1
2560.3
2560.3
2560.4
2560.5
2560.5
2560.6
2561.1
2561.1
2561.1
2561.6
2561.7
2562.3
2562.3
2562.3
2562.3
2562.4
2562.4
2562.4
2562.6
2562.8
2562.8
2562.8
2562.8
2562.9
2562.9
2563.0
2563.0
2563.1
2563.1
2563.1
2563.1
2563.3
2563.3
2563.4
2563.4
2563.5
2563.5
2563.6
2563.7
2563.8
2564.3
2564.3
2564.4
2564.9
2565.0
2565.2
2565.2
2565.3
2565.3
2565.3
2565.3
2565.3
2565.3
2565.3
2565.3
2565.3
2565.3
2565.3
2565.3
2565.3
2565.3
2565.3
2565.3
2565.4
2565.4
2565.4
2565.4
2565.4
2565.4
2565.4
2565.4
2565.4
2565.4
2565.4
2565.4
2565.4
2565.4
2565.4
2565.4
2565.4
2565.5
2565.5
2565.5
2565.5
2565.5
2565.5
2565.5
2565.5
2565.5
2565.5
2565.5
2565.5
2565.5
2565.5
2565.5
2565.5
2565.6
2565.6
2565.6
2565.6
2565.6
2565.6
2565.6
2565.6
2565.6
2565.7
2565.7
2565.7
2565.7
2565.7
2565.7
2565.7
2565.8
2565.8
2565.8
2565.8
2565.8
2565.8
2565.8
2565.9
2565.9
2565.9
2566.0
2566.0
2566.1
2566.1
2566.1
2566.1
2566.3
2566.3
2566.5
2566.6
2566.6
2566.7
2566.8
2567.0
2567.3
2567.5
2567.6
2567.6
2567.8
2568.3
2568.5
2568.9
2568.9
2569.0
2569.1
2569.1
2569.1
2569.1
2569.1
2569.1
2569.2
2569.2
2569.2
2569.2
2569.2
2569.3
2569.3
2569.3
2569.3
2569.3
2569.3
2569.3
2569.3
2569.3
2569.3
2569.3
2569.3
2569.3
2569.4
2569.4
2569.4
2569.4
2569.4
2569.4
2569.4
2569.4
2569.4
2569.5
2569.5
2569.5
2569.5
2569.5
2569.5
2569.5
2569.5
2569.5
2569.5
2569.5
2569.5
2569.5
2569.5
2569.5
2569.5
2569.6
2569.6
2569.6
2569.6
2569.6
2569.6
2569.6
2569.6
2569.6
2569.6
2569.7
2569.7
2569.7
2569.7
2569.7
2569.7
2569.7
2569.7
2569.7
2569.7
2569.7
2569.7
2569.7
2569.8
2569.8
2569.8
2569.8
2569.8
2569.8
2569.9
2569.9
2569.9
2570.0
2570.0
2570.1
2570.3
2570.3
2570.5
2570.6
2570.6
2571.0
2571.2
2571.4
2571.5
2571.6
2571.8
2572.5
2572.7
2573.7
2573.7
2574.0
2574.3
2574.4
2574.5
2574.5
2574.5
2574.5
2574.7
2574.7
2574.8
2574.8
2574.8
2574.8
2574.8
2574.9
2574.9
2574.9
2574.9
2575.0
2575.0
2575.0
2575.1
2575.1
2575.1
2575.1
2575.1
2575.2
2575.2
2575.2
2575.3
2575.4
2575.4
2575.4
2575.4
2575.4
2575.4
2575.5
2575.5
2575.6
2575.6
2575.6
2575.6
2575.6
2575.6
2575.7
2575.7
2575.7
2575.7
2575.7
2575.7
2575.7
2575.8
2575.9
2575.9
2575.9
2575.9
2575.9
2576.0
2576.0
2576.0
2576.1
2576.1
2576.1
2576.1
2576.1
2576.1
2576.1
2576.1
2576.2
2576.2
2576.2
2576.2
2576.3
2576.3
2576.3
2576.4
2576.4
2576.6
2576.6
2576.6
2576.6
2576.6
2576.7
2576.7
2576.7
2576.7
2576.8
2576.8
2576.9
2576.9
2577.0
2577.0
2577.1
2577.2
2577.2
2577.3
2578.2
2578.4
2580.3
2580.7
2580.8
2583.0
2583.2
2583.7
2583.7
2584.0
2584.7
2584.7
2584.7
2584.7
2585.0
2585.1
2585.4
2585.4
2585.6
2585.8
2585.8
2585.9
2586.3
2586.6
2586.9
2587.0
2587.8
2587.9
2588.0
2588.2
2588.8
2589.9
2589.9
2590.2
2590.8
2590.9
2591.2
2591.5
2592.9
2593.6
2593.8
2594.0
2594.5
2594.5
2595.4
2595.6
2596.0
2596.2
2596.8
2597.6
2597.9
2598.2
2598.6
2599.3
2599.4
2601.7
2602.1
2603.9
2604.2
2604.6
2604.7
2604.8
2604.9
2605.1
2605.1
2605.1
2605.2
2605.2
2605.2
2605.3
2605.6
2605.6
2605.7
2605.7
2605.7
2605.9
2606.0
2606.0
2606.0
2606.0
2606.0
2606.0
2606.1
2606.2
2606.2
2606.2
2606.2
2606.3
2606.3
2606.3
2606.5
2606.5
2606.6
2606.6
2606.6
2606.7
2606.8
2606.9
2606.9
2607.0
2607.0
2607.3
2607.5
2607.5
2607.8
2607.8
2608.0
2608.1
2608.1
2608.2
2608.2
2608.2
2608.3
2608.3
2608.4
2608.4
2608.4
2608.4
2608.4
2608.6
2608.6
2608.6
2608.7
2608.8
2608.8
2608.9
2609.0
2609.1
2609.1
2609.1
2609.2
2609.2
2609.2
2609.3
2609.3
2609.3
2609.3
2609.3
2609.4
2609.6
2609.7
2609.8
2609.9
2609.9
2610.0
2610.2
2610.5
2610.5
2610.9
2610.9
2610.9
2611.0
2612.6
2613.6
2614.3
2615.3
2622.8
2625.1
2625.4
2625.6
2625.7
2625.7
2625.8
2625.9
2625.9
2626.0
2626.1
2626.2
2626.3
2626.6
2626.6
2626.7
2627.2
2627.4
2627.4
2627.4
2628.5
2628.7
2629.0
2629.7
2629.9
2630.1
2630.2
2630.8
2630.8
2630.9
2631.1
2631.2
2631.3
2632.2
2632.9
2633.0
2633.4
2634.7
2636.2
2636.3
2636.5
2636.6
2636.7
2636.9
2637.0
2637.3
2637.5
2638.1
2639.5
2639.8
2639.8
2640.9
2640.9
2641.7
2642.7
2647.8
2723.8
2723.8
2723.9
2723.9
2723.9
2724.0
2724.0
2724.0
2724.0
2724.0
2724.0
2724.0
2724.0
2724.0
2724.0
2724.0
2724.0
2724.1
2724.1
2724.1
2724.1
2724.1
2724.1
2724.1
2724.1
2724.1
2724.1
2724.1
2724.1
2724.1
2724.1
2724.1
2724.1
2724.1
2724.1
2724.1
2724.2
2724.2
2724.2
2724.2
2724.2
2724.2
2724.2
2724.2
2724.2
2724.2
2724.2
2724.2
2724.2
2724.2
2724.2
2724.2
2724.2
2724.2
2724.2
2724.2
2724.2
2724.3
2724.3
2724.3
2724.3
2724.3
2724.3
2724.3
2724.3
2724.3
2724.3
2724.3
2724.3
2724.3
2724.3
2724.3
2724.3
2724.3
2724.3
2724.3
2724.4
2724.4
2724.4
2724.4
2724.4
2724.4
2724.4
2724.5
2724.5
2724.6
2724.6
2724.7
2724.7
2724.9
2724.9
2725.0
2725.0
2725.0
2725.2
2725.8
2725.9
2726.6
2726.6
2727.0
2727.1
2727.1
2727.1
2727.2
2727.2
2727.2
2727.2
2727.2
2727.2
2727.2
2727.2
2727.2
2727.2
2727.2
2727.2
2727.2
2727.2
2727.2
2727.2
2727.2
2727.2
2727.2
2727.2
2727.2
2727.2
2727.2
2727.2
2727.2
2727.2
2727.3
2727.3
2727.3
2727.3
2727.3
2727.3
2727.3
2727.3
2727.3
2727.3
2727.3
2727.3
2727.3
2727.3
2727.3
2727.3
2727.3
2727.3
2727.3
2727.3
2727.4
2727.4
2727.4
2727.4
2727.4
2727.4
2727.4
2727.4
2727.4
2727.4
2727.4
2727.5
2727.5
2727.5
2727.5
2727.5
2727.6
2727.6
2727.6
2727.6
2727.6
2727.7
2727.7
2727.7
2727.7
2727.8
2727.8
2727.8
2727.8
2727.8
2727.8
2728.0
2728.0
2728.1
2728.1
2728.2
2728.4
2728.5
2728.5
2728.8
2729.0
2729.0
2729.4
2729.4
2729.5
2729.7
2730.0
2730.1
2730.1
2730.1
2730.2
2730.2
2730.2
2730.2
2730.2
2730.2
2730.2
2730.2
2730.2
2730.2
2730.2
2730.2
2730.2
2730.2
2730.2
2730.2
2730.2
2730.2
2730.2
2730.2
2730.2
2730.2
2730.2
2730.2
2730.2
2730.2
2730.3
2730.3
2730.3
2730.3
2730.3
2730.3
2730.3
2730.3
2730.3
2730.3
2730.3
2730.3
2730.3
2730.3
2730.3
2730.3
2730.3
2730.3
2730.4
2730.4
2730.4
2730.4
2730.4
2730.4
2730.4
2730.4
2730.4
2730.4
2730.5
2730.5
2730.5
2730.5
2730.5
2730.6
2730.6
2730.6
2730.6
2730.6
2730.7
2730.7
2730.7
2730.8
2730.8
2730.8
2730.8
2730.8
2730.8
2730.8
2731.0
2731.0
2731.0
2731.1
2731.1
2731.2
2731.3
2731.4
2731.5
2731.5
2731.8
2732.1
2732.1
2732.5
2732.6
2732.9
2733.1
2733.1
2733.2
2733.3
2733.4
2733.5
2733.6
2733.6
2733.8
2733.8
2733.8
2733.8
2733.8
2734.0
2734.0
2734.0
2734.1
2734.2
2734.4
2734.4
2734.5
2734.5
2734.7
2734.9
2735.0
2735.2
2735.3
2735.9
2736.0
2736.1
2736.2
2736.2
2736.2
2736.2
2736.2
2736.2
2736.2
2736.2
2736.2
2736.2
2736.2
2736.2
2736.2
2736.2
2736.2
2736.2
2736.2
2736.2
2736.2
2736.3
2736.3
2736.3
2736.3
2736.3
2736.3
2736.3
2736.3
2736.3
2736.3
2736.3
2736.3
2736.3
2736.4
2736.4
2736.4
2736.4
2736.4
2736.4
2736.4
2736.4
2736.4
2736.4
2736.4
2736.4
2736.4
2736.4
2736.4
2736.4
2736.4
2736.4
2736.4
2736.4
2736.4
2736.5
2736.5
2736.5
2736.5
2736.5
2736.5
2736.5
2736.5
2736.6
2736.6
2736.6
2736.6
2736.7
2736.7
2736.7
2736.8
2736.8
2736.8
2736.8
2736.8
2736.9
2737.0
2737.0
2737.1
2737.1
2737.2
2737.3
2737.6
2737.8
2737.9
2737.9
2738.4
2738.5
2738.8
2738.8
2739.0
2739.2
2739.7
2739.8
2739.8
2739.8
2739.9
2739.9
2739.9
2739.9
2739.9
2739.9
2739.9
2740.0
2740.0
2740.0
2740.1
2740.1
2740.1
2740.1
2740.1
2740.1
2740.1
2740.2
2740.2
2740.2
2740.2
2740.2
2740.2
2740.2
2740.2
2740.2
2740.2
2740.3
2740.3
2740.3
2740.3
2740.3
2740.3
2740.3
2740.3
2740.3
2740.3
2740.3
2740.3
2740.3
2740.3
2740.3
2740.3
2740.4
2740.4
2740.4
2740.4
2740.4
2740.4
2740.4
2740.4
2740.4
2740.4
2740.4
2740.4
2740.5
2740.5
2740.5
2740.5
2740.5
2740.5
2740.5
2740.5
2740.5
2740.5
2740.6
2740.6
2740.6
2740.6
2740.6
2740.6
2740.6
2740.7
2740.7
2740.7
2740.7
2740.7
2740.7
2740.7
2740.8
2740.8
2740.9
2740.9
2741.1
2741.1
2741.3
2741.6
2742.0
2742.0
2742.6
2742.7
2743.2
2743.4
2743.7
2744.0
2744.5
2744.6
2744.8
2745.2
2745.2
2745.3
2745.3
2745.4
2745.4
2745.5
2745.6
2745.6
2745.6
2745.7
2745.7
2745.7
2745.8
2745.8
2745.8
2745.8
2745.8
2745.8
2745.9
2745.9
2745.9
2745.9
2746.0
2746.0
2746.1
2746.1
2746.1
2746.2
2746.2
2746.2
2746.3
2746.3
2746.3
2746.3
2746.4
2746.4
2746.4
2746.4
2746.4
2746.4
2746.5
2746.5
2746.5
2746.5
2746.6
2746.6
2746.6
2746.6
2746.6
2746.7
2746.7
2746.7
2746.8
2746.8
2746.8
2746.8
2746.8
2746.8
2746.8
2746.9
2746.9
2746.9
2746.9
2746.9
2747.0
2747.0
2747.0
2747.0
2747.1
2747.1
2747.1
2747.2
2747.3
2747.3
2747.4
2747.4
2747.4
2747.4
2747.5
2747.5
2747.5
2747.5
2747.6
2747.7
2747.8
2747.8
2747.8
2747.9
2747.9
2748.2
2748.6
2749.2
2749.4
2750.5
2750.6
2751.5
2751.6
2752.3
2752.4
2753.3
2754.1
2755.0
2755.0
2755.6
2755.8
2756.8
2757.0
2757.0
2757.2
2757.3
2757.4
2757.7
2758.1
2759.2
2759.9
2760.3
2761.5
2762.0
2762.1
2762.3
2762.7
2763.3
2763.4
2764.1
2765.3
2766.2
2766.9
2767.0
2767.7
2768.7
2770.1
2770.9
2771.4
2771.6
2771.8
2772.4
2773.1
2773.1
2773.5
2773.8
2773.9
2774.4
2775.2
2775.6
2778.5
2889.3
2889.4
2889.4
2889.4
2889.4
2889.4
2889.5
2889.5
2889.5
2889.5
2889.5
2889.5
2889.5
2889.5
2889.5
2889.5
2889.5
2889.5
2889.5
2889.5
2889.5
2889.5
2889.5
2889.5
2889.6
2889.6
2889.6
2889.6
2889.6
2889.6
2889.6
2889.6
2889.6
2889.6
2889.6
2889.6
2889.6
2889.6
2889.6
2889.6
2889.6
2889.6
2889.6
2889.6
2889.7
2889.7
2889.7
2889.7
2889.7
2889.7
2889.7
2889.7
2889.7
2889.7
2889.7
2889.7
2889.7
2889.7
2889.7
2889.7
2889.7
2889.7
2889.7
2889.7
2889.8
2889.8
2889.8
2889.8
2889.8
2889.8
2889.8
2889.8
2889.8
2889.8
2889.8
2889.8
2889.8
2889.8
2889.8
2889.8
2889.8
2889.8
2889.8
2889.8
2889.9
2889.9
2890.0
2890.0
2890.1
2890.2
2890.3
2890.4
2890.4
2890.7
2890.8
2890.9
2891.1
2891.8
2891.9
2892.1
2892.6
2892.6
2892.7
2892.7
2892.7
2892.7
2892.7
2892.7
2892.7
2892.7
2892.7
2892.7
2892.7
2892.7
2892.7
2892.7
2892.7
2892.7
2892.7
2892.7
2892.7
2892.7
2892.7
2892.7
2892.7
2892.7
2892.7
2892.7
2892.7
2892.8
2892.8
2892.8
2892.8
2892.8
2892.8
2892.8
2892.8
2892.8
2892.8
2892.8
2892.8
2892.8
2892.8
2892.8
2892.8
2892.8
2892.8
2892.8
2892.9
2892.9
2892.9
2892.9
2892.9
2892.9
2892.9
2892.9
2893.0
2893.0
2893.0
2893.0
2893.0
2893.0
2893.1
2893.1
2893.1
2893.1
2893.2
2893.2
2893.2
2893.2
2893.2
2893.3
2893.3
2893.3
2893.4
2893.4
2893.5
2893.5
2893.5
2893.6
2893.6
2893.6
2893.7
2893.8
2893.8
2893.9
2894.0
2894.0
2894.5
2894.5
2894.6
2894.9
2895.0
2895.4
2895.5
2895.5
2895.6
2895.6
2895.7
2895.7
2895.7
2895.7
2895.7
2895.7
2895.7
2895.7
2895.7
2895.7
2895.7
2895.7
2895.7
2895.7
2895.7
2895.7
2895.7
2895.7
2895.7
2895.7
2895.7
2895.7
2895.7
2895.7
2895.7
2895.7
2895.7
2895.8
2895.8
2895.8
2895.8
2895.8
2895.8
2895.8
2895.8
2895.8
2895.8
2895.8
2895.8
2895.8
2895.8
2895.8
2895.8
2895.8
2895.8
2895.8
2895.9
2895.9
2895.9
2895.9
2895.9
2895.9
2895.9
2895.9
2896.0
2896.0
2896.0
2896.0
2896.0
2896.0
2896.0
2896.1
2896.1
2896.1
2896.1
2896.2
2896.2
2896.2
2896.2
2896.2
2896.3
2896.3
2896.3
2896.3
2896.4
2896.4
2896.5
2896.5
2896.5
2896.6
2896.6
2896.6
2896.6
2896.7
2896.7
2896.8
2896.8
2896.9
2897.0
2897.0
2897.6
2897.6
2897.7
2898.1
2898.2
2898.7
2898.7
2898.7
2898.8
2898.8
2898.9
2898.9
2898.9
2899.0
2899.2
2899.2
2899.3
2899.5
2899.5
2899.6
2899.6
2899.6
2899.6
2899.7
2899.8
2899.8
2899.9
2900.0
2900.0
2900.0
2900.3
2900.5
2900.8
2900.8
2900.9
2901.5
2901.6
2901.6
2901.6
2901.7
2901.7
2901.7
2901.7
2901.7
2901.7
2901.7
2901.7
2901.7
2901.7
2901.7
2901.7
2901.7
2901.7
2901.7
2901.7
2901.8
2901.8
2901.8
2901.8
2901.8
2901.8
2901.8
2901.8
2901.8
2901.8
2901.8
2901.8
2901.8
2901.9
2901.9
2901.9
2901.9
2901.9
2901.9
2901.9
2901.9
2901.9
2901.9
2901.9
2901.9
2901.9
2901.9
2901.9
2901.9
2901.9
2901.9
2901.9
2902.0
2902.0
2902.0
2902.0
2902.0
2902.0
2902.0
2902.1
2902.1
2902.1
2902.1
2902.1
2902.1
2902.1
2902.1
2902.1
2902.2
2902.2
2902.2
2902.2
2902.3
2902.3
2902.3
2902.3
2902.3
2902.4
2902.4
2902.4
2902.5
2902.5
2902.6
2902.6
2902.6
2902.6
2902.7
2902.8
2903.0
2903.1
2903.2
2903.3
2903.3
2903.8
2904.0
2904.1
2904.2
2904.2
2904.3
2905.0
2905.2
2905.3
2905.3
2905.4
2905.4
2905.5
2905.5
2905.5
2905.5
2905.5
2905.6
2905.6
2905.7
2905.7
2905.7
2905.7
2905.7
2905.7
2905.7
2905.7
2905.7
2905.7
2905.7
2905.7
2905.7
2905.7
2905.8
2905.8
2905.8
2905.8
2905.8
2905.8
2905.8
2905.8
2905.8
2905.9
2905.9
2905.9
2905.9
2905.9
2905.9
2905.9
2905.9
2905.9
2905.9
2905.9
2906.0
2906.0
2906.0
2906.0
2906.0
2906.0
2906.0
2906.0
2906.0
2906.0
2906.0
2906.0
2906.0
2906.0
2906.0
2906.1
2906.1
2906.1
2906.1
2906.1
2906.1
2906.1
2906.1
2906.1
2906.1
2906.1
2906.1
2906.1
2906.2
2906.2
2906.2
2906.2
2906.3
2906.3
2906.3
2906.3
2906.3
2906.3
2906.4
2906.4
2906.4
2906.5
2906.8
2906.8
2907.0
2907.1
2907.4
2907.8
2908.0
2908.1
2908.1
2908.4
2908.4
2909.1
2909.3
2910.3
2910.4
2910.8
2910.9
2910.9
2910.9
2910.9
2911.0
2911.0
2911.1
2911.1
2911.2
2911.2
2911.2
2911.2
2911.2
2911.3
2911.3
2911.4
2911.4
2911.4
2911.5
2911.5
2911.5
2911.5
2911.6
2911.6
2911.6
2911.6
2911.6
2911.7
2911.7
2911.8
2911.8
2911.8
2911.8
2911.8
2911.9
2911.9
2912.0
2912.0
2912.0
2912.0
2912.0
2912.1
2912.1
2912.1
2912.1
2912.1
2912.1
2912.2
2912.2
2912.2
2912.2
2912.3
2912.3
2912.3
2912.3
2912.4
2912.4
2912.4
2912.5
2912.5
2912.5
2912.5
2912.5
2912.5
2912.5
2912.6
2912.6
2912.6
2912.6
2912.6
2912.7
2912.7
2912.7
2912.8
2912.9
2913.0
2913.0
2913.0
2913.0
2913.1
2913.1
2913.1
2913.2
2913.2
2913.2
2913.2
2913.3
2913.4
2913.4
2913.4
2913.5
2913.5
2913.6
2914.0
2914.3
2915.1
2915.3
2916.9
2916.9
2918.0
2919.1
2919.3
2919.4
2919.6
2920.3
2920.3
2920.4
2920.8
2920.9
2921.0
2921.5
2921.5
2921.8
2921.8
2921.9
2921.9
2922.3
2922.4
2922.5
2922.8
2922.9
2923.5
2923.8
2923.8
2924.5
2924.8
2924.8
2924.8
2925.8
2926.7
2927.2
2927.4
2927.4
2928.4
2928.5
2928.5
2928.6
2928.9
2929.1
2930.5
2930.7
2930.9
2931.5
2931.9
2931.9
2932.8
2933.6
2933.7
2934.1
2935.0
2935.2
2936.3
2937.4
2937.5
2939.4
2939.7
2939.8
2939.9
2940.0
2940.1
2940.3
2940.4
2940.5
2940.5
2940.5
2940.7
2940.7
2940.7
2941.0
2941.0
2941.1
2941.2
2941.3
2941.4
2941.4
2941.4
2941.4
2941.5
2941.5
2941.6
2941.6
2941.6
2941.7
2941.8
2941.8
2941.8
2941.9
2941.9
2942.0
2942.0
2942.1
2942.1
2942.1
2942.3
2942.3
2942.4
2942.5
2942.5
2942.5
2942.8
2943.0
2943.1
2943.2
2943.2
2943.3
2943.3
2943.5
2943.5
2943.7
2943.7
2943.7
2943.8
2943.8
2943.9
2943.9
2943.9
2944.0
2944.1
2944.2
2944.2
2944.3
2944.3
2944.3
2944.4
2944.4
2944.5
2944.6
2944.6
2944.6
2944.9
2944.9
2944.9
2945.0
2945.0
2945.0
2945.0
2945.3
2945.3
2945.5
2945.5
2945.6
2945.6
2945.8
2945.8
2945.8
2946.2
2946.4
2947.4
2948.1
2948.8
2949.1
2949.6
2950.4
2952.0
2959.1
2959.2
2959.2
2959.3
2959.3
2959.3
2959.4
2959.4
2959.5
2959.6
2959.6
2959.8
2959.8
2959.8
2959.9
2960.4
2960.4
2960.5
2960.5
2960.6
2960.7
2961.4
2962.1
2962.3
2962.4
2962.6
2962.7
2962.8
2962.9
2962.9
2963.1
2963.1
2963.2
2963.7
2963.7
2964.6
2964.7
2965.2
2965.6
2965.7
2966.0
2966.1
2966.6
2966.7
2966.9
2966.9
2967.0
2967.0
2967.1
2967.4
2967.8
2968.0
2968.1
2968.1
2968.1
2968.2
2968.9
2969.5
2969.8
2970.3
2970.6
2970.6
2972.4
2973.3
2973.7
2974.3
2975.6
2976.3
2976.4
2977.6
2978.2
2978.4
2978.7
2982.6
2982.8
2983.8
2984.2
2984.4
2991.1
2991.1
