426.4
426.4
426.4
426.4
426.4
426.4
426.4
426.4
426.4
426.4
426.5
426.5
426.5
426.5
426.5
426.5
426.5
426.5
426.5
426.5
426.5
426.5
426.5
426.5
426.5
426.5
426.5
426.5
426.5
426.5
426.5
426.5
426.5
426.5
426.5
426.5
426.5
426.6
426.6
426.6
426.6
426.6
426.6
426.6
426.6
426.6
426.6
426.6
426.6
426.6
426.6
426.6
426.6
426.6
426.6
426.6
426.7
426.7
426.7
426.7
426.7
426.7
426.7
426.7
426.7
426.7
426.7
426.7
426.7
426.7
426.7
426.7
426.7
426.7
426.7
426.7
426.7
426.8
426.8
427.0
427.0
427.0
427.0
427.1
427.1
427.1
427.2
427.2
427.2
427.3
427.3
427.4
427.5
427.5
427.6
427.7
427.8
427.8
427.8
428.1
433.7
433.8
433.8
433.8
433.8
433.8
433.9
433.9
433.9
434.0
434.0
434.1
434.1
434.1
434.1
434.2
434.2
434.2
434.2
434.2
434.2
434.2
434.2
434.3
434.3
434.3
434.3
434.3
434.3
434.3
434.3
434.3
434.4
434.4
434.4
434.4
434.5
434.5
434.6
434.6
434.6
434.6
434.6
434.6
434.7
434.7
434.7
434.7
434.8
434.8
434.9
434.9
434.9
434.9
435.0
435.0
435.0
435.0
435.0
435.1
435.1
435.1
435.2
435.2
435.2
435.2
435.2
435.2
435.2
435.3
435.3
435.3
435.3
435.4
435.5
435.5
435.7
435.7
436.0
437.3
437.5
438.1
438.4
438.4
438.7
439.3
440.1
440.3
440.8
440.9
441.1
442.4
442.4
443.0
443.0
443.0
443.1
443.1
443.1
443.2
443.2
443.2
443.2
443.2
443.2
443.3
443.3
443.3
443.4
443.4
443.4
443.4
443.4
443.4
443.4
443.4
443.5
443.5
443.5
443.5
443.5
443.6
443.6
443.7
443.7
443.7
443.8
443.8
443.8
443.9
443.9
444.1
444.1
444.2
444.2
444.4
444.6
444.6
444.6
444.7
444.7
445.0
445.1
445.2
445.4
445.4
445.5
445.6
445.7
445.7
445.8
445.9
446.1
446.2
446.2
446.5
446.7
446.7
446.7
446.9
446.9
446.9
447.7
448.0
448.1
448.1
448.1
448.1
448.4
449.0
449.1
449.3
449.4
449.5
449.6
449.7
449.8
449.8
449.9
450.0
450.1
450.1
450.2
450.3
450.3
450.3
450.4
450.7
450.8
450.8
450.9
450.9
450.9
450.9
451.0
451.0
451.0
451.3
451.3
451.4
451.4
451.5
451.6
451.7
451.9
451.9
451.9
451.9
452.0
452.3
452.3
452.4
452.4
452.9
453.1
453.1
453.2
453.4
453.5
453.7
453.7
453.9
454.0
454.1
454.2
454.4
454.8
454.9
455.2
455.3
455.6
455.8
456.2
456.6
456.7
456.9
456.9
457.4
457.4
457.8
458.2
458.2
458.3
458.3
458.8
459.3
459.4
459.6
460.5
460.7
460.9
461.1
461.2
461.8
461.9
462.6
462.8
462.9
464.5
465.1
465.2
466.2
466.5
466.7
467.1
468.0
468.1
468.3
468.5
469.8
470.3
470.8
471.1
471.3
471.9
473.4
473.7
474.0
474.2
474.7
475.8
476.3
476.7
476.9
478.7
480.4
482.2
483.5
486.5
496.2
498.1
586.2
586.3
586.3
586.3
586.3
586.3
586.3
586.3
586.3
586.3
586.3
586.3
586.3
586.3
586.3
586.3
586.3
586.3
586.3
586.3
586.3
586.3
586.3
586.3
586.3
586.3
586.3
586.3
586.3
586.4
586.4
586.4
586.4
586.4
586.4
586.4
586.4
586.4
586.4
586.4
586.4
586.4
586.4
586.4
586.4
586.4
586.4
586.5
586.5
586.5
586.5
586.5
586.5
586.5
586.5
586.5
586.5
586.5
586.5
586.5
586.5
586.5
586.5
586.5
586.5
586.5
586.5
586.5
586.5
586.5
586.6
586.6
586.6
586.6
586.6
586.6
586.6
586.6
586.6
586.8
586.9
586.9
586.9
587.0
587.0
587.0
587.1
587.1
587.1
587.2
587.2
587.4
587.4
587.4
587.6
587.6
587.7
587.7
587.8
588.1
593.4
593.5
593.5
593.5
593.5
593.5
593.6
593.6
593.6
593.7
593.7
593.8
593.8
593.8
593.8
593.8
593.8
593.9
593.9
593.9
593.9
593.9
593.9
593.9
594.0
594.0
594.0
594.0
594.0
594.0
594.0
594.0
594.0
594.1
594.1
594.1
594.2
594.2
594.3
594.3
594.3
594.3
594.3
594.3
594.4
594.4
594.4
594.4
594.5
594.5
594.5
594.5
594.6
594.6
594.7
594.7
594.7
594.7
594.7
594.8
594.8
594.8
594.8
594.9
594.9
594.9
594.9
594.9
594.9
594.9
594.9
595.0
595.0
595.1
595.2
595.2
595.3
595.4
595.6
597.0
597.2
597.7
598.0
598.0
598.3
598.9
599.8
599.9
600.4
600.7
601.0
604.3
604.7
605.0
610.9
613.4
619.8
705.2
705.2
705.2
705.2
705.2
705.2
705.2
705.2
705.2
705.2
705.2
705.2
705.2
705.2
705.2
705.2
705.2
705.3
705.3
705.3
705.3
705.3
705.3
705.3
705.3
705.3
705.3
705.3
705.3
705.3
705.3
705.3
705.3
705.3
705.3
705.3
705.3
705.3
705.3
705.3
705.3
705.3
705.3
705.3
705.3
705.3
705.3
705.3
705.3
705.3
705.4
705.4
705.4
705.4
705.4
705.4
705.4
705.4
705.4
705.4
705.4
705.4
705.4
705.4
705.4
705.4
705.4
705.4
705.4
705.4
705.4
705.4
705.4
705.4
705.4
705.4
705.5
705.5
705.5
705.7
705.7
705.7
705.8
705.8
705.8
705.8
705.9
705.9
705.9
706.0
706.0
706.1
706.2
706.2
706.3
706.4
706.4
706.4
706.5
706.8
712.7
712.8
712.8
712.8
712.9
712.9
712.9
713.0
713.0
713.0
713.1
713.1
713.1
713.1
713.2
713.2
713.2
713.2
713.2
713.2
713.2
713.2
713.2
713.3
713.3
713.3
713.3
713.3
713.3
713.3
713.3
713.4
713.4
713.4
713.4
713.4
713.5
713.5
713.6
713.6
713.6
713.6
713.6
713.6
713.6
713.6
713.7
713.7
713.7
713.8
713.9
713.9
713.9
713.9
713.9
714.0
714.0
714.0
714.0
714.1
714.1
714.1
714.1
714.2
714.2
714.2
714.2
714.2
714.2
714.3
714.3
714.3
714.3
714.4
714.5
714.5
714.7
714.7
715.0
716.3
716.5
717.1
717.5
717.5
717.7
718.4
719.1
719.4
719.8
719.9
720.0
721.2
721.2
722.0
722.0
722.1
722.1
722.1
722.2
722.2
722.2
722.2
722.2
722.2
722.2
722.2
722.3
722.4
722.4
722.4
722.4
722.4
722.4
722.5
722.5
722.5
722.5
722.6
722.6
722.6
722.6
722.7
722.7
722.7
722.8
722.8
722.8
722.9
722.9
722.9
723.0
723.2
723.4
723.4
723.5
723.5
723.7
723.7
724.1
724.2
724.3
724.7
724.8
724.8
724.8
724.9
725.2
725.2
725.4
725.4
725.7
726.0
726.2
726.3
726.4
726.4
726.9
727.1
727.1
727.3
727.4
727.5
728.3
728.6
728.7
728.9
728.9
729.0
729.2
729.2
729.2
729.3
729.3
729.3
729.3
729.4
729.5
729.5
729.5
729.6
729.8
729.8
729.9
730.0
730.0
730.1
730.1
730.2
730.2
730.5
730.6
730.6
730.8
730.8
731.0
731.2
731.3
731.3
731.3
731.5
731.5
731.6
731.7
732.1
732.2
732.2
732.2
732.2
732.5
732.9
733.4
733.4
734.0
734.0
734.0
734.2
734.2
734.3
734.6
735.1
735.3
735.3
735.9
736.3
737.3
737.7
738.7
739.0
739.9
740.5
740.9
743.2
743.9
744.3
744.5
745.5
746.4
746.4
747.0
750.5
750.7
753.8
754.4
754.7
755.4
755.5
755.6
755.6
755.6
755.6
755.7
755.7
755.8
755.8
755.8
755.8
755.8
755.8
755.9
755.9
755.9
755.9
755.9
755.9
756.0
756.0
756.0
756.0
756.0
756.0
756.0
756.0
756.0
756.0
756.1
756.1
756.1
756.1
756.1
756.1
756.1
756.1
756.1
756.1
756.1
756.1
756.2
756.2
756.2
756.2
756.2
756.2
756.2
756.2
756.2
756.2
756.2
756.2
756.3
756.3
756.3
756.3
756.3
756.3
756.4
756.4
756.4
756.4
756.4
756.4
756.4
756.4
756.5
756.5
756.5
756.5
756.5
756.5
756.6
756.6
756.6
756.6
756.6
756.6
756.7
756.7
756.7
756.8
756.8
756.9
756.9
757.0
757.0
757.0
757.0
757.0
757.1
757.2
757.3
757.4
757.5
758.9
760.0
760.5
761.7
762.1
762.1
762.1
762.2
762.3
762.4
762.5
762.5
762.6
762.6
762.6
762.6
762.7
762.7
762.7
762.7
762.7
762.7
762.7
762.7
762.8
762.8
762.8
762.9
762.9
762.9
762.9
762.9
763.0
763.0
763.0
763.0
763.0
763.0
763.0
763.1
763.1
763.1
763.1
763.1
763.1
763.1
763.2
763.2
763.2
763.2
763.2
763.2
763.2
763.2
763.3
763.3
763.3
763.3
763.3
763.3
763.3
763.3
763.4
763.4
763.4
763.4
763.4
763.4
763.5
763.5
763.6
763.6
763.6
763.6
763.7
763.8
763.9
763.9
763.9
764.0
764.1
764.1
764.2
764.5
764.6
765.0
765.3
765.6
765.7
765.9
766.1
766.1
766.3
766.7
766.9
767.0
767.0
767.1
767.2
767.3
768.8
768.8
768.8
769.0
769.2
769.3
769.3
769.5
769.9
770.0
770.0
770.2
770.2
770.4
770.5
770.5
770.5
770.7
770.8
770.9
770.9
770.9
770.9
771.0
771.0
771.1
771.1
771.1
771.2
771.2
771.4
771.6
771.7
771.8
771.8
772.0
772.2
772.2
772.2
772.5
772.6
772.8
772.9
772.9
773.0
773.0
773.2
773.4
773.6
773.7
773.7
774.1
774.1
774.7
775.0
775.2
775.4
775.5
775.5
775.8
775.9
776.0
776.2
777.3
777.3
777.5
777.5
778.0
778.2
778.3
778.9
778.9
779.1
779.2
779.2
780.1
780.6
780.6
780.9
781.2
781.4
781.7
781.8
782.1
782.3
783.6
784.2
784.9
785.2
786.6
789.2
789.8
794.5
795.4
802.0
807.4
869.6
869.6
869.6
869.6
869.6
869.6
869.6
869.6
869.6
869.6
869.6
869.6
869.6
869.6
869.6
869.6
869.6
869.6
869.6
869.6
869.6
869.6
869.7
869.7
869.7
869.7
869.7
869.7
869.7
869.7
869.7
869.7
869.7
869.7
869.7
869.7
869.7
869.7
869.7
869.7
869.7
869.7
869.7
869.7
869.7
869.7
869.7
869.7
869.7
869.7
869.7
869.7
869.7
869.7
869.7
869.8
869.8
869.8
869.8
869.8
869.8
869.8
869.8
869.8
869.8
869.8
869.8
869.8
869.8
869.8
869.8
869.8
869.8
869.8
869.8
869.8
869.8
869.8
869.9
870.0
870.0
870.1
870.1
870.1
870.1
870.2
870.3
870.3
870.3
870.3
870.3
870.5
870.5
870.5
870.7
870.7
870.8
870.8
870.9
871.1
877.1
877.2
877.2
877.2
877.3
877.3
877.3
877.4
877.4
877.4
877.5
877.5
877.5
877.6
877.6
877.6
877.6
877.6
877.6
877.6
877.6
877.7
877.7
877.7
877.7
877.7
877.7
877.7
877.7
877.7
877.8
877.8
877.8
877.8
877.8
877.8
877.9
877.9
878.0
878.0
878.0
878.0
878.0
878.1
878.1
878.1
878.1
878.1
878.1
878.2
878.3
878.3
878.3
878.3
878.3
878.4
878.4
878.4
878.4
878.5
878.5
878.5
878.5
878.6
878.6
878.6
878.6
878.6
878.6
878.7
878.7
878.7
878.7
878.8
878.9
878.9
879.1
879.1
879.4
880.7
880.9
881.5
881.8
881.9
882.1
882.8
883.7
883.8
884.3
884.7
885.1
888.7
889.2
889.4
896.8
901.1
916.4
934.2
934.2
934.2
934.2
934.2
934.2
934.2
934.2
934.2
934.2
934.2
934.2
934.2
934.2
934.2
934.2
934.2
934.2
934.3
934.3
934.3
934.3
934.3
934.3
934.3
934.3
934.3
934.3
934.3
934.3
934.3
934.3
934.3
934.3
934.3
934.3
934.3
934.3
934.3
934.3
934.3
934.3
934.3
934.3
934.3
934.3
934.3
934.3
934.3
934.4
934.4
934.4
934.4
934.4
934.4
934.4
934.4
934.4
934.4
934.4
934.4
934.4
934.4
934.4
934.4
934.4
934.4
934.4
934.4
934.4
934.4
934.4
934.4
934.5
934.5
934.5
934.5
934.5
934.5
934.7
934.7
934.8
934.8
934.8
934.8
934.9
934.9
935.0
935.0
935.0
935.0
935.2
935.2
935.2
935.3
935.3
935.4
935.5
935.7
935.7
941.6
941.6
941.6
941.7
941.7
941.7
941.8
941.8
941.8
941.8
941.9
941.9
942.0
942.0
942.0
942.0
942.0
942.0
942.1
942.1
942.1
942.1
942.1
942.1
942.1
942.1
942.1
942.2
942.2
942.2
942.2
942.2
942.2
942.2
942.2
942.3
942.3
942.3
942.4
942.4
942.4
942.5
942.5
942.5
942.5
942.5
942.5
942.5
942.6
942.6
942.7
942.7
942.8
942.8
942.8
942.8
942.8
942.8
942.9
942.9
942.9
943.0
943.0
943.0
943.0
943.0
943.0
943.1
943.1
943.1
943.1
943.1
943.1
943.3
943.3
943.4
943.5
943.6
943.8
945.2
945.2
945.2
945.4
945.8
945.9
946.0
946.3
946.5
946.6
946.7
946.8
946.9
947.0
947.0
947.0
947.0
947.0
947.1
947.1
947.1
947.1
947.1
947.1
947.2
947.2
947.2
947.2
947.2
947.2
947.2
947.2
947.3
947.3
947.3
947.3
947.4
947.4
947.4
947.4
947.4
947.4
947.5
947.5
947.6
947.6
947.6
947.7
947.8
947.9
948.0
948.0
948.0
948.0
948.1
948.2
948.2
948.3
948.4
948.4
948.5
948.5
948.6
948.6
948.9
949.0
949.0
949.2
949.4
949.4
949.5
949.7
949.7
949.8
949.8
949.9
950.0
950.3
950.4
950.7
950.9
951.0
951.1
951.1
951.1
951.2
951.3
951.4
951.7
952.0
952.0
952.8
952.8
952.9
952.9
953.1
953.1
953.2
953.3
953.3
953.4
953.4
953.4
953.4
953.5
953.5
953.7
953.8
953.8
953.8
953.8
954.0
954.0
954.1
954.2
954.2
954.2
954.3
954.3
954.5
954.5
954.5
954.6
954.6
954.6
954.8
954.8
954.8
954.9
955.1
955.1
955.2
955.3
955.3
955.7
955.7
955.8
955.9
956.0
956.0
956.1
956.1
956.2
956.3
956.5
956.6
956.7
957.1
957.1
957.1
957.2
957.3
957.5
957.5
957.5
957.7
957.7
958.0
958.1
958.3
958.6
958.7
958.8
959.1
959.2
959.6
959.8
959.8
960.0
960.0
960.2
960.7
960.9
961.1
961.2
961.4
961.6
963.6
964.8
965.8
965.9
966.1
966.3
967.0
967.3
967.3
968.4
968.8
969.9
971.2
971.9
972.0
972.4
972.4
974.5
974.7
974.9
975.0
975.5
975.6
978.2
979.3
985.4
986.3
987.3
990.6
993.9
1004.2
1047.2
1047.2
1047.2
1047.2
1047.2
1047.2
1047.2
1047.2
1047.2
1047.2
1047.2
1047.3
1047.3
1047.3
1047.3
1047.3
1047.3
1047.3
1047.3
1047.3
1047.3
1047.3
1047.3
1047.3
1047.3
1047.3
1047.3
1047.3
1047.3
1047.3
1047.3
1047.3
1047.3
1047.3
1047.3
1047.3
1047.3
1047.3
1047.3
1047.3
1047.3
1047.3
1047.3
1047.3
1047.3
1047.3
1047.3
1047.3
1047.4
1047.4
1047.4
1047.4
1047.4
1047.4
1047.4
1047.4
1047.4
1047.4
1047.4
1047.4
1047.4
1047.4
1047.4
1047.4
1047.4
1047.4
1047.4
1047.4
1047.4
1047.4
1047.4
1047.4
1047.4
1047.4
1047.4
1047.5
1047.5
1047.5
1047.5
1047.7
1047.7
1047.7
1047.8
1047.8
1047.8
1047.8
1047.9
1047.9
1047.9
1048.0
1048.0
1048.1
1048.2
1048.2
1048.3
1048.4
1048.4
1048.5
1048.5
1048.8
1054.8
1054.8
1054.8
1054.9
1054.9
1054.9
1055.0
1055.0
1055.0
1055.0
1055.1
1055.2
1055.2
1055.2
1055.2
1055.2
1055.2
1055.2
1055.2
1055.3
1055.3
1055.3
1055.3
1055.3
1055.3
1055.3
1055.3
1055.4
1055.4
1055.4
1055.4
1055.4
1055.4
1055.4
1055.5
1055.5
1055.5
1055.6
1055.6
1055.6
1055.6
1055.7
1055.7
1055.7
1055.7
1055.7
1055.7
1055.7
1055.8
1055.8
1055.9
1055.9
1056.0
1056.0
1056.0
1056.0
1056.0
1056.0
1056.1
1056.1
1056.1
1056.2
1056.2
1056.2
1056.2
1056.2
1056.2
1056.3
1056.3
1056.3
1056.3
1056.3
1056.3
1056.4
1056.5
1056.6
1056.6
1056.7
1057.0
1058.4
1058.6
1059.1
1059.5
1059.5
1059.7
1060.4
1061.3
1061.5
1062.0
1062.3
1062.8
1066.1
1066.8
1067.0
1074.0
1077.5
1093.2
1208.8
1208.8
1208.8
1208.8
1208.8
1208.8
1208.9
1208.9
1208.9
1208.9
1208.9
1208.9
1208.9
1208.9
1208.9
1208.9
1208.9
1208.9
1208.9
1208.9
1208.9
1208.9
1208.9
1208.9
1208.9
1208.9
1208.9
1208.9
1208.9
1208.9
1208.9
1208.9
1208.9
1208.9
1208.9
1208.9
1208.9
1208.9
1208.9
1208.9
1208.9
1209.0
1209.0
1209.0
1209.0
1209.0
1209.0
1209.0
1209.0
1209.0
1209.0
1209.0
1209.0
1209.0
1209.0
1209.0
1209.0
1209.0
1209.0
1209.0
1209.0
1209.0
1209.0
1209.0
1209.0
1209.0
1209.0
1209.0
1209.0
1209.0
1209.0
1209.0
1209.0
1209.1
1209.1
1209.1
1209.1
1209.1
1209.1
1209.3
1209.3
1209.3
1209.4
1209.4
1209.4
1209.4
1209.5
1209.5
1209.6
1209.6
1209.6
1209.8
1209.8
1209.8
1209.9
1210.0
1210.0
1210.1
1210.1
1210.4
1216.4
1216.5
1216.5
1216.5
1216.5
1216.5
1216.6
1216.6
1216.6
1216.6
1216.7
1216.8
1216.8
1216.8
1216.8
1216.8
1216.8
1216.9
1216.9
1216.9
1216.9
1216.9
1216.9
1216.9
1216.9
1217.0
1217.0
1217.0
1217.0
1217.0
1217.0
1217.0
1217.0
1217.0
1217.1
1217.1
1217.1
1217.2
1217.2
1217.2
1217.2
1217.3
1217.3
1217.3
1217.3
1217.3
1217.3
1217.3
1217.4
1217.4
1217.5
1217.5
1217.6
1217.6
1217.6
1217.6
1217.7
1217.7
1217.7
1217.8
1217.8
1217.8
1217.8
1217.8
1217.8
1217.8
1217.8
1217.9
1217.9
1217.9
1217.9
1217.9
1218.0
1218.1
1218.1
1218.2
1218.3
1218.4
1218.7
1220.0
1220.2
1220.8
1221.1
1221.1
1221.4
1222.0
1222.9
1223.1
1223.6
1224.0
1224.4
1227.9
1228.4
1228.7
1236.1
1239.9
1257.1
1376.1
1376.1
1376.1
1376.1
1376.1
1376.2
1376.2
1376.2
1376.2
1376.2
1376.2
1376.2
1376.2
1376.2
1376.2
1376.2
1376.2
1376.2
1376.2
1376.2
1376.2
1376.2
1376.2
1376.2
1376.2
1376.2
1376.2
1376.2
1376.2
1376.2
1376.2
1376.2
1376.2
1376.2
1376.2
1376.2
1376.2
1376.2
1376.3
1376.3
1376.3
1376.3
1376.3
1376.3
1376.3
1376.3
1376.3
1376.3
1376.3
1376.3
1376.3
1376.3
1376.3
1376.3
1376.3
1376.3
1376.3
1376.3
1376.3
1376.3
1376.3
1376.3
1376.3
1376.3
1376.3
1376.3
1376.3
1376.3
1376.3
1376.3
1376.3
1376.3
1376.4
1376.4
1376.4
1376.4
1376.4
1376.4
1376.4
1376.6
1376.6
1376.7
1376.7
1376.7
1376.7
1376.8
1376.8
1376.8
1376.9
1376.9
1376.9
1377.1
1377.1
1377.1
1377.3
1377.3
1377.4
1377.4
1377.4
1377.7
1383.7
1383.8
1383.8
1383.8
1383.8
1383.8
1383.9
1383.9
1384.0
1384.0
1384.0
1384.1
1384.1
1384.1
1384.1
1384.1
1384.2
1384.2
1384.2
1384.2
1384.2
1384.2
1384.2
1384.2
1384.3
1384.3
1384.3
1384.3
1384.3
1384.3
1384.3
1384.3
1384.3
1384.3
1384.4
1384.4
1384.4
1384.5
1384.5
1384.5
1384.5
1384.6
1384.6
1384.6
1384.6
1384.6
1384.6
1384.7
1384.7
1384.7
1384.8
1384.9
1384.9
1384.9
1384.9
1384.9
1385.0
1385.0
1385.0
1385.1
1385.1
1385.1
1385.1
1385.1
1385.1
1385.1
1385.1
1385.2
1385.2
1385.2
1385.2
1385.3
1385.3
1385.4
1385.4
1385.5
1385.6
1385.7
1386.0
1387.3
1387.5
1388.1
1388.4
1388.4
1388.7
1389.3
1390.2
1390.4
1390.9
1391.3
1391.7
1395.2
1395.7
1396.0
1399.9
1400.2
1401.0
1401.3
1401.4
1402.2
1402.3
1402.3
1402.3
1402.4
1402.6
1402.7
1402.8
1403.1
1403.1
1403.1
1403.2
1403.2
1403.4
1403.4
1403.4
1403.5
1403.8
1403.9
1403.9
1403.9
1404.0
1404.1
1404.4
1404.4
1404.6
1405.0
1405.0
1405.1
1405.2
1405.7
1405.8
1406.2
1406.3
1406.4
1406.5
1406.9
1407.0
1407.4
1407.9
1408.2
1408.6
1408.8
1409.0
1409.6
1410.0
1411.9
1412.4
1414.6
1415.3
1417.6
1417.8
1417.9
1419.1
1419.6
1420.1
1421.4
1421.4
1421.7
1423.0
1423.5
1425.0
1425.6
1427.1
1427.7
1430.3
1430.6
1434.7
1435.6
1439.2
1440.1
1449.3
1544.5
1544.5
1544.5
1544.5
1544.5
1544.6
1544.6
1544.6
1544.6
1544.6
1544.6
1544.6
1544.6
1544.6
1544.6
1544.6
1544.6
1544.6
1544.6
1544.6
1544.6
1544.6
1544.6
1544.6
1544.6
1544.6
1544.6
1544.6
1544.6
1544.6
1544.6
1544.6
1544.6
1544.6
1544.6
1544.6
1544.6
1544.6
1544.7
1544.7
1544.7
1544.7
1544.7
1544.7
1544.7
1544.7
1544.7
1544.7
1544.7
1544.7
1544.7
1544.7
1544.7
1544.7
1544.7
1544.7
1544.7
1544.7
1544.7
1544.7
1544.7
1544.7
1544.7
1544.7
1544.7
1544.7
1544.7
1544.7
1544.7
1544.7
1544.7
1544.7
1544.8
1544.8
1544.8
1544.8
1544.8
1544.8
1544.8
1545.0
1545.0
1545.1
1545.1
1545.1
1545.1
1545.2
1545.2
1545.2
1545.3
1545.3
1545.3
1545.5
1545.5
1545.5
1545.7
1545.7
1545.8
1545.8
1545.8
1546.1
1552.1
1552.2
1552.2
1552.2
1552.2
1552.2
1552.3
1552.3
1552.4
1552.4
1552.4
1552.5
1552.5
1552.5
1552.5
1552.5
1552.6
1552.6
1552.6
1552.6
1552.6
1552.6
1552.6
1552.6
1552.7
1552.7
1552.7
1552.7
1552.7
1552.7
1552.7
1552.7
1552.7
1552.7
1552.8
1552.8
1552.8
1552.9
1552.9
1552.9
1552.9
1553.0
1553.0
1553.0
1553.0
1553.0
1553.0
1553.1
1553.1
1553.1
1553.2
1553.3
1553.3
1553.3
1553.3
1553.3
1553.4
1553.4
1553.4
1553.5
1553.5
1553.5
1553.5
1553.5
1553.5
1553.5
1553.5
1553.6
1553.6
1553.6
1553.6
1553.7
1553.7
1553.8
1553.8
1553.9
1554.0
1554.1
1554.4
1555.7
1555.9
1556.5
1556.8
1556.8
1557.1
1557.7
1558.6
1558.8
1559.3
1559.7
1560.1
1563.6
1564.2
1564.4
1571.8
1575.6
1592.6
1712.8
1712.8
1712.8
1712.8
1712.8
1712.9
1712.9
1712.9
1712.9
1712.9
1712.9
1712.9
1712.9
1712.9
1712.9
1712.9
1712.9
1712.9
1712.9
1712.9
1712.9
1712.9
1712.9
1712.9
1712.9
1712.9
1712.9
1712.9
1712.9
1712.9
1712.9
1712.9
1712.9
1712.9
1712.9
1712.9
1712.9
1712.9
1713.0
1713.0
1713.0
1713.0
1713.0
1713.0
1713.0
1713.0
1713.0
1713.0
1713.0
1713.0
1713.0
1713.0
1713.0
1713.0
1713.0
1713.0
1713.0
1713.0
1713.0
1713.0
1713.0
1713.0
1713.0
1713.0
1713.0
1713.0
1713.0
1713.0
1713.0
1713.0
1713.0
1713.0
1713.1
1713.1
1713.1
1713.1
1713.1
1713.1
1713.1
1713.3
1713.3
1713.4
1713.4
1713.4
1713.4
1713.5
1713.5
1713.5
1713.6
1713.6
1713.6
1713.8
1713.8
1713.8
1714.0
1714.0
1714.1
1714.1
1714.1
1714.4
1720.4
1720.5
1720.5
1720.5
1720.5
1720.5
1720.6
1720.6
1720.7
1720.7
1720.7
1720.8
1720.8
1720.8
1720.8
1720.8
1720.9
1720.9
1720.9
1720.9
1720.9
1720.9
1720.9
1720.9
1721.0
1721.0
1721.0
1721.0
1721.0
1721.0
1721.0
1721.0
1721.0
1721.0
1721.1
1721.1
1721.1
1721.2
1721.2
1721.2
1721.2
1721.3
1721.3
1721.3
1721.3
1721.3
1721.3
1721.4
1721.4
1721.4
1721.5
1721.6
1721.6
1721.6
1721.6
1721.6
1721.7
1721.7
1721.7
1721.8
1721.8
1721.8
1721.8
1721.8
1721.8
1721.8
1721.8
1721.9
1721.9
1721.9
1721.9
1722.0
1722.0
1722.1
1722.1
1722.2
1722.3
1722.4
1722.7
1724.0
1724.2
1724.8
1725.1
1725.1
1725.4
1726.0
1726.9
1727.1
1727.6
1728.0
1728.4
1731.8
1732.3
1732.7
1735.8
1736.1
1736.8
1737.1
1737.3
1738.2
1738.2
1738.3
1738.4
1738.4
1738.6
1738.7
1738.9
1739.3
1739.4
1739.4
1739.4
1739.4
1739.5
1739.5
1739.7
1739.8
1739.8
1740.0
1740.3
1740.3
1740.3
1740.5
1740.9
1741.0
1741.1
1741.5
1741.5
1741.6
1741.7
1742.5
1742.5
1742.9
1743.4
1743.5
1743.6
1743.9
1744.2
1744.5
1744.8
1746.2
1747.1
1747.3
1747.5
1747.6
1748.7
1753.7
1753.9
1760.2
1765.0
1770.8
1773.0
1880.8
1880.8
1880.8
1880.8
1880.8
1880.9
1880.9
1880.9
1880.9
1880.9
1880.9
1880.9
1880.9
1880.9
1880.9
1880.9
1880.9
1880.9
1880.9
1880.9
1880.9
1880.9
1880.9
1880.9
1880.9
1880.9
1880.9
1880.9
1880.9
1880.9
1880.9
1880.9
1880.9
1880.9
1880.9
1880.9
1880.9
1880.9
1881.0
1881.0
1881.0
1881.0
1881.0
1881.0
1881.0
1881.0
1881.0
1881.0
1881.0
1881.0
1881.0
1881.0
1881.0
1881.0
1881.0
1881.0
1881.0
1881.0
1881.0
1881.0
1881.0
1881.0
1881.0
1881.0
1881.0
1881.0
1881.0
1881.0
1881.0
1881.0
1881.0
1881.0
1881.1
1881.1
1881.1
1881.1
1881.1
1881.1
1881.1
1881.3
1881.3
1881.4
1881.4
1881.4
1881.4
1881.5
1881.5
1881.5
1881.6
1881.6
1881.6
1881.8
1881.8
1881.8
1882.0
1882.0
1882.1
1882.1
1882.1
1882.4
1888.4
1888.5
1888.5
1888.5
1888.5
1888.5
1888.6
1888.6
1888.7
1888.7
1888.7
1888.8
1888.8
1888.8
1888.8
1888.8
1888.8
1888.9
1888.9
1888.9
1888.9
1888.9
1888.9
1888.9
1889.0
1889.0
1889.0
1889.0
1889.0
1889.0
1889.0
1889.0
1889.0
1889.0
1889.1
1889.1
1889.1
1889.2
1889.2
1889.2
1889.2
1889.3
1889.3
1889.3
1889.3
1889.3
1889.3
1889.4
1889.4
1889.4
1889.5
1889.6
1889.6
1889.6
1889.6
1889.6
1889.7
1889.7
1889.7
1889.8
1889.8
1889.8
1889.8
1889.8
1889.8
1889.8
1889.8
1889.9
1889.9
1889.9
1889.9
1890.0
1890.0
1890.1
1890.1
1890.2
1890.3
1890.4
1890.7
1892.0
1892.2
1892.8
1893.1
1893.1
1893.4
1894.0
1894.9
1895.1
1895.6
1896.0
1896.4
1899.9
1900.5
1900.7
1908.1
1911.9
1927.0
2049.1
2049.1
2049.1
2049.1
2049.1
2049.2
2049.2
2049.2
2049.2
2049.2
2049.2
2049.2
2049.2
2049.2
2049.2
2049.2
2049.2
2049.2
2049.2
2049.2
2049.2
2049.2
2049.2
2049.2
2049.2
2049.2
2049.2
2049.2
2049.2
2049.2
2049.2
2049.2
2049.2
2049.2
2049.2
2049.2
2049.2
2049.2
2049.3
2049.3
2049.3
2049.3
2049.3
2049.3
2049.3
2049.3
2049.3
2049.3
2049.3
2049.3
2049.3
2049.3
2049.3
2049.3
2049.3
2049.3
2049.3
2049.3
2049.3
2049.3
2049.3
2049.3
2049.3
2049.3
2049.3
2049.3
2049.3
2049.3
2049.3
2049.3
2049.3
2049.3
2049.4
2049.4
2049.4
2049.4
2049.4
2049.4
2049.4
2049.6
2049.6
2049.7
2049.7
2049.7
2049.7
2049.8
2049.8
2049.8
2049.9
2049.9
2049.9
2050.1
2050.1
2050.1
2050.3
2050.3
2050.4
2050.4
2050.4
2050.7
2056.7
2056.8
2056.8
2056.8
2056.8
2056.8
2056.9
2056.9
2057.0
2057.0
2057.0
2057.1
2057.1
2057.1
2057.1
2057.1
2057.1
2057.2
2057.2
2057.2
2057.2
2057.2
2057.2
2057.2
2057.3
2057.3
2057.3
2057.3
2057.3
2057.3
2057.3
2057.3
2057.3
2057.3
2057.4
2057.4
2057.4
2057.5
2057.5
2057.5
2057.5
2057.6
2057.6
2057.6
2057.6
2057.6
2057.6
2057.7
2057.7
2057.7
2057.8
2057.9
2057.9
2057.9
2057.9
2057.9
2058.0
2058.0
2058.0
2058.1
2058.1
2058.1
2058.1
2058.1
2058.1
2058.1
2058.1
2058.2
2058.2
2058.2
2058.2
2058.3
2058.3
2058.4
2058.4
2058.5
2058.6
2058.7
2059.0
2060.3
2060.5
2061.1
2061.4
2061.4
2061.7
2062.3
2063.2
2063.4
2063.9
2064.3
2064.7
2068.1
2068.6
2069.0
2072.0
2072.4
2073.0
2073.4
2073.6
2074.5
2074.5
2074.6
2074.7
2074.7
2074.9
2075.0
2075.2
2075.6
2075.7
2075.7
2075.7
2075.7
2075.8
2075.8
2076.1
2076.2
2076.2
2076.3
2076.7
2076.7
2076.7
2076.9
2077.3
2077.4
2077.5
2077.9
2078.0
2078.1
2078.3
2078.9
2079.0
2079.4
2079.9
2080.1
2080.3
2080.6
2081.0
2081.2
2081.4
2083.4
2084.1
2084.5
2084.7
2085.2
2086.1
2092.0
2098.4
2217.3
2217.3
2217.3
2217.3
2217.3
2217.4
2217.4
2217.4
2217.4
2217.4
2217.4
2217.4
2217.4
2217.4
2217.4
2217.4
2217.4
2217.4
2217.4
2217.4
2217.4
2217.4
2217.4
2217.4
2217.4
2217.4
2217.4
2217.4
2217.4
2217.4
2217.4
2217.4
2217.4
2217.4
2217.4
2217.4
2217.4
2217.4
2217.5
2217.5
2217.5
2217.5
2217.5
2217.5
2217.5
2217.5
2217.5
2217.5
2217.5
2217.5
2217.5
2217.5
2217.5
2217.5
2217.5
2217.5
2217.5
2217.5
2217.5
2217.5
2217.5
2217.5
2217.5
2217.5
2217.5
2217.5
2217.5
2217.5
2217.5
2217.5
2217.5
2217.5
2217.6
2217.6
2217.6
2217.6
2217.6
2217.6
2217.6
2217.8
2217.8
2217.9
2217.9
2217.9
2217.9
2218.0
2218.0
2218.0
2218.1
2218.1
2218.1
2218.3
2218.3
2218.3
2218.5
2218.5
2218.6
2218.6
2218.6
2218.9
2224.9
2225.0
2225.0
2225.0
2225.0
2225.0
2225.1
2225.1
2225.2
2225.2
2225.2
2225.3
2225.3
2225.3
2225.3
2225.3
2225.3
2225.4
2225.4
2225.4
2225.4
2225.4
2225.4
2225.4
2225.5
2225.5
2225.5
2225.5
2225.5
2225.5
2225.5
2225.5
2225.5
2225.5
2225.6
2225.6
2225.6
2225.7
2225.7
2225.7
2225.7
2225.8
2225.8
2225.8
2225.8
2225.8
2225.8
2225.9
2225.9
2225.9
2226.0
2226.1
2226.1
2226.1
2226.1
2226.1
2226.2
2226.2
2226.2
2226.3
2226.3
2226.3
2226.3
2226.3
2226.3
2226.3
2226.3
2226.4
2226.4
2226.4
2226.4
2226.5
2226.5
2226.6
2226.6
2226.7
2226.8
2226.9
2227.2
2228.5
2228.7
2229.3
2229.6
2229.6
2229.9
2230.5
2231.4
2231.6
2232.1
2232.5
2232.9
2236.4
2237.0
2237.2
2244.6
2248.4
2265.5
2385.4
2385.4
2385.4
2385.4
2385.4
2385.5
2385.5
2385.5
2385.5
2385.5
2385.5
2385.5
2385.5
2385.5
2385.5
2385.5
2385.5
2385.5
2385.5
2385.5
2385.5
2385.5
2385.5
2385.5
2385.5
2385.5
2385.5
2385.5
2385.5
2385.5
2385.5
2385.5
2385.5
2385.5
2385.5
2385.5
2385.5
2385.5
2385.6
2385.6
2385.6
2385.6
2385.6
2385.6
2385.6
2385.6
2385.6
2385.6
2385.6
2385.6
2385.6
2385.6
2385.6
2385.6
2385.6
2385.6
2385.6
2385.6
2385.6
2385.6
2385.6
2385.6
2385.6
2385.6
2385.6
2385.6
2385.6
2385.6
2385.6
2385.6
2385.6
2385.6
2385.7
2385.7
2385.7
2385.7
2385.7
2385.7
2385.7
2385.9
2385.9
2386.0
2386.0
2386.0
2386.0
2386.1
2386.1
2386.1
2386.2
2386.2
2386.2
2386.4
2386.4
2386.4
2386.6
2386.6
2386.7
2386.7
2386.7
2387.0
2393.0
2393.1
2393.1
2393.1
2393.1
2393.1
2393.2
2393.2
2393.3
2393.3
2393.3
2393.4
2393.4
2393.4
2393.4
2393.4
2393.5
2393.5
2393.5
2393.5
2393.5
2393.5
2393.5
2393.5
2393.6
2393.6
2393.6
2393.6
2393.6
2393.6
2393.6
2393.6
2393.6
2393.6
2393.7
2393.7
2393.7
2393.8
2393.8
2393.8
2393.8
2393.9
2393.9
2393.9
2393.9
2393.9
2393.9
2394.0
2394.0
2394.0
2394.1
2394.2
2394.2
2394.2
2394.2
2394.2
2394.3
2394.3
2394.3
2394.4
2394.4
2394.4
2394.4
2394.4
2394.4
2394.4
2394.4
2394.5
2394.5
2394.5
2394.5
2394.6
2394.6
2394.7
2394.7
2394.8
2394.9
2395.0
2395.3
2396.6
2396.8
2397.4
2397.7
2397.7
2398.0
2398.6
2399.5
2399.7
2400.2
2400.6
2401.0
2404.3
2404.9
2405.3
2408.3
2408.7
2409.3
2409.7
2409.9
2410.8
2410.8
2410.9
2411.0
2411.0
2411.2
2411.3
2411.6
2412.0
2412.0
2412.0
2412.1
2412.1
2412.1
2412.1
2412.5
2412.5
2412.6
2412.7
2413.0
2413.0
2413.1
2413.3
2413.7
2413.8
2413.9
2414.3
2414.3
2414.5
2414.7
2415.3
2415.4
2415.7
2416.4
2416.6
2416.7
2417.0
2417.5
2417.6
2417.7
2420.0
2420.5
2420.7
2420.8
2421.7
2422.3
2431.8
2445.3
2553.7
2553.7
2553.7
2553.7
2553.7
2553.8
2553.8
2553.8
2553.8
2553.8
2553.8
2553.8
2553.8
2553.8
2553.8
2553.8
2553.8
2553.8
2553.8
2553.8
2553.8
2553.8
2553.8
2553.8
2553.8
2553.8
2553.8
2553.8
2553.8
2553.8
2553.8
2553.8
2553.8
2553.8
2553.8
2553.8
2553.8
2553.8
2553.9
2553.9
2553.9
2553.9
2553.9
2553.9
2553.9
2553.9
2553.9
2553.9
2553.9
2553.9
2553.9
2553.9
2553.9
2553.9
2553.9
2553.9
2553.9
2553.9
2553.9
2553.9
2553.9
2553.9
2553.9
2553.9
2553.9
2553.9
2553.9
2553.9
2553.9
2553.9
2553.9
2553.9
2554.0
2554.0
2554.0
2554.0
2554.0
2554.0
2554.0
2554.2
2554.2
2554.3
2554.3
2554.3
2554.3
2554.4
2554.4
2554.4
2554.5
2554.5
2554.5
2554.7
2554.7
2554.7
2554.9
2554.9
2555.0
2555.0
2555.0
2555.3
2561.3
2561.4
2561.4
2561.4
2561.4
2561.4
2561.5
2561.5
2561.6
2561.6
2561.6
2561.7
2561.7
2561.7
2561.7
2561.7
2561.7
2561.8
2561.8
2561.8
2561.8
2561.8
2561.8
2561.8
2561.9
2561.9
2561.9
2561.9
2561.9
2561.9
2561.9
2561.9
2561.9
2561.9
2562.0
2562.0
2562.0
2562.1
2562.1
2562.1
2562.1
2562.2
2562.2
2562.2
2562.2
2562.2
2562.2
2562.3
2562.3
2562.3
2562.4
2562.5
2562.5
2562.5
2562.5
2562.5
2562.6
2562.6
2562.6
2562.7
2562.7
2562.7
2562.7
2562.7
2562.7
2562.7
2562.7
2562.8
2562.8
2562.8
2562.8
2562.9
2562.9
2563.0
2563.0
2563.1
2563.2
2563.3
2563.6
2564.9
2565.1
2565.7
2566.0
2566.0
2566.3
2566.9
2567.8
2568.0
2568.5
2568.9
2569.3
2572.8
2573.4
2573.6
2581.0
2584.8
2601.9
2721.8
2721.8
2721.8
2721.8
2721.8
2721.9
2721.9
2721.9
2721.9
2721.9
2721.9
2721.9
2721.9
2721.9
2721.9
2721.9
2721.9
2721.9
2721.9
2721.9
2721.9
2721.9
2721.9
2721.9
2721.9
2721.9
2721.9
2721.9
2721.9
2721.9
2721.9
2721.9
2721.9
2721.9
2721.9
2721.9
2721.9
2721.9
2722.0
2722.0
2722.0
2722.0
2722.0
2722.0
2722.0
2722.0
2722.0
2722.0
2722.0
2722.0
2722.0
2722.0
2722.0
2722.0
2722.0
2722.0
2722.0
2722.0
2722.0
2722.0
2722.0
2722.0
2722.0
2722.0
2722.0
2722.0
2722.0
2722.0
2722.0
2722.0
2722.0
2722.0
2722.1
2722.1
2722.1
2722.1
2722.1
2722.1
2722.1
2722.3
2722.3
2722.4
2722.4
2722.4
2722.4
2722.5
2722.5
2722.5
2722.6
2722.6
2722.6
2722.8
2722.8
2722.8
2723.0
2723.0
2723.1
2723.1
2723.1
2723.4
2729.4
2729.5
2729.5
2729.5
2729.5
2729.5
2729.6
2729.6
2729.7
2729.7
2729.7
2729.8
2729.8
2729.8
2729.8
2729.8
2729.9
2729.9
2729.9
2729.9
2729.9
2729.9
2729.9
2729.9
2730.0
2730.0
2730.0
2730.0
2730.0
2730.0
2730.0
2730.0
2730.0
2730.0
2730.1
2730.1
2730.1
2730.2
2730.2
2730.2
2730.2
2730.3
2730.3
2730.3
2730.3
2730.3
2730.3
2730.4
2730.4
2730.4
2730.5
2730.6
2730.6
2730.6
2730.6
2730.6
2730.7
2730.7
2730.7
2730.8
2730.8
2730.8
2730.8
2730.8
2730.8
2730.8
2730.8
2730.9
2730.9
2730.9
2730.9
2731.0
2731.0
2731.1
2731.1
2731.2
2731.3
2731.4
2731.7
2733.0
2733.2
2733.8
2734.1
2734.1
2734.4
2735.0
2735.9
2736.1
2736.6
2737.0
2737.4
2740.8
2741.3
2741.7
2744.7
2745.1
2745.7
2746.1
2746.3
2747.2
2747.2
2747.3
2747.4
2747.5
2747.6
2747.8
2748.0
2748.4
2748.4
2748.4
2748.5
2748.5
2748.5
2748.5
2748.9
2748.9
2749.0
2749.1
2749.4
2749.5
2749.5
2749.7
2750.1
2750.2
2750.3
2750.7
2750.8
2750.9
2751.2
2751.7
2751.8
2752.3
2752.9
2753.1
2753.4
2753.7
2754.1
2754.2
2754.4
2757.2
2757.8
2758.0
2758.4
2759.2
2759.8
2771.1
2889.9
2889.9
2889.9
2889.9
2889.9
2890.0
2890.0
2890.0
2890.0
2890.0
2890.0
2890.0
2890.0
2890.0
2890.0
2890.0
2890.0
2890.0
2890.0
2890.0
2890.0
2890.0
2890.0
2890.0
2890.0
2890.0
2890.0
2890.0
2890.0
2890.0
2890.0
2890.0
2890.0
2890.0
2890.0
2890.0
2890.0
2890.0
2890.1
2890.1
2890.1
2890.1
2890.1
2890.1
2890.1
2890.1
2890.1
2890.1
2890.1
2890.1
2890.1
2890.1
2890.1
2890.1
2890.1
2890.1
2890.1
2890.1
2890.1
2890.1
2890.1
2890.1
2890.1
2890.1
2890.1
2890.1
2890.1
2890.1
2890.1
2890.1
2890.1
2890.1
2890.2
2890.2
2890.2
2890.2
2890.2
2890.2
2890.2
2890.4
2890.4
2890.5
2890.5
2890.5
2890.5
2890.6
2890.6
2890.6
2890.7
2890.7
2890.7
2890.9
2890.9
2890.9
2891.1
2891.1
2891.2
2891.2
2891.2
2891.5
2897.5
2897.6
2897.6
2897.6
2897.6
2897.6
2897.7
2897.7
2897.8
2897.8
2897.8
2897.9
2897.9
2897.9
2897.9
2897.9
2898.0
2898.0
2898.0
2898.0
2898.0
2898.0
2898.0
2898.0
2898.1
2898.1
2898.1
2898.1
2898.1
2898.1
2898.1
2898.1
2898.1
2898.1
2898.2
2898.2
2898.2
2898.3
2898.3
2898.3
2898.3
2898.4
2898.4
2898.4
2898.4
2898.4
2898.4
2898.5
2898.5
2898.5
2898.6
2898.7
2898.7
2898.7
2898.7
2898.7
2898.8
2898.8
2898.8
2898.9
2898.9
2898.9
2898.9
2898.9
2898.9
2898.9
2898.9
2899.0
2899.0
2899.0
2899.0
2899.1
2899.1
2899.2
2899.2
2899.3
2899.4
2899.5
2899.8
2901.1
2901.3
2901.9
2902.2
2902.2
2902.5
2903.1
2904.0
2904.2
2904.7
2905.1
2905.5
2909.0
2909.6
2909.8
2917.2
2921.0
2938.1
