55
56
57
75
76
77
78
79
80
81
42
46
47
48
49
50
51
52
53
54
58
59
60
61
62
63
64
65
66
67
68
69
70
71
72
73
74
27
28
31
32
33
34
35
36
37
38
39
40
41
43
44
45
82
83
84
10
11
12
13
14
15
16
17
18
19
20
21
22
23
24
25
26
29
30
85
86
9
87
7
8
88
89
4
5
6
3
90
91
2
92
93
1
94
95
96
97
98
99
0
78
75
76
77
79
81
55
57
80
56
74
59
67
72
73
51
52
53
54
61
62
66
71
47
49
50
58
63
64
68
69
70
46
48
60
65
37
42
33
35
36
38
41
44
39
40
43
45
32
34
27
31
82
83
23
28
29
30
84
20
22
26
14
15
18
19
21
24
25
13
17
85
86
12
11
16
9
10
87
7
8
88
6
89
5
4
90
3
2
91
92
93
94
59
63
73
62
65
70
58
66
71
74
79
96
55
67
76
51
60
68
69
75
78
80
98
52
53
56
64
83
57
72
50
54
61
82
95
99
81
97
48
49
47
86
77
46
84
87
43
45
44
41
42
39
40
1
35
38
85
89
37
33
31
34
30
28
32
36
27
29
88
26
23
19
22
24
25
21
18
59
20
63
17
65
55
52
58
51
62
56
90
60
50
53
73
48
71
57
70
10
15
54
66
16
49
64
13
91
45
67
12
47
68
43
46
74
92
44
61
69
42
75
39
76
79
40
72
11
41
80
78
9
35
38
14
33
37
83
30
31
34
32
29
82
27
28
26
36
23
5
22
4
19
24
81
21
6
18
7
25
86
8
94
84
87
17
2
3
45
48
51
20
0
50
10
49
55
77
93
98
39
59
13
16
58
42
44
52
11
47
35
12
33
43
15
53
41
40
37
63
81
47
52
53
54
55
56
57
58
59
61
62
63
64
66
67
68
69
70
71
72
73
74
75
76
77
78
79
80
33
35
37
38
39
41
42
43
44
45
46
48
49
50
51
60
65
83
14
15
18
19
20
21
22
23
25
26
27
28
29
30
31
32
34
36
40
82
84
85
86
9
10
11
12
13
16
17
24
87
7
8
88
89
4
5
6
3
90
91
2
92
1
93
94
95
96
97
99
98
0
78
75
76
77
79
81
55
57
80
56
74
59
66
67
71
72
73
51
52
53
54
58
61
62
47
49
50
63
64
65
68
69
70
46
48
60
37
42
33
35
36
38
41
44
39
40
43
45
32
34
82
83
27
31
23
28
29
30
84
20
22
25
26
14
15
18
19
21
24
85
86
13
17
12
11
16
10
9
87
7
8
88
6
89
5
4
90
3
2
91
92
93
94
1
95
96
97
55
56
57
59
66
67
71
72
73
74
75
76
77
78
79
80
81
32
33
34
35
36
37
38
39
40
41
42
43
44
45
46
47
48
49
50
51
52
53
54
58
60
61
62
63
64
65
68
69
70
11
12
13
14
15
16
17
18
19
20
21
22
23
24
25
26
27
28
29
30
31
82
83
84
85
86
9
10
87
7
8
88
4
5
6
89
2
3
90
91
92
93
1
94
95
96
97
99
98
0
78
76
77
79
55
75
81
57
74
80
56
59
67
72
51
52
53
54
61
62
66
71
73
47
49
50
58
63
64
69
70
46
48
60
65
68
37
42
33
35
36
38
39
41
44
45
34
40
43
32
27
28
31
82
83
23
29
30
84
20
22
25
26
14
15
18
19
21
24
13
17
85
86
12
11
16
9
10
87
7
8
88
6
89
5
4
90
3
91
2
92
93
94
63
73
59
65
96
58
62
70
71
74
76
79
98
66
60
67
68
69
78
80
51
55
75
83
56
64
72
99
52
53
95
57
82
97
50
54
61
81
86
48
49
47
77
84
87
46
43
45
44
41
42
85
1
40
89
35
39
38
37
34
33
31
88
30
32
36
28
27
29
59
26
63
23
65
55
19
24
25
22
52
58
62
60
51
56
73
21
53
70
50
54
66
57
71
48
90
49
64
67
18
20
68
91
17
47
74
61
69
92
45
43
44
46
75
76
79
72
42
78
10
15
80
13
40
39
16
41
12
83
35
82
37
38
33
31
14
81
30
9
34
28
36
87
86
94
27
32
11
59
48
29
77
52
50
51
55
63
56
58
26
49
53
57
62
65
44
45
46
54
60
84
23
42
43
47
64
66
67
70
71
73
22
24
25
39
61
68
69
74
75
76
78
79
18
19
20
21
35
38
40
41
72
80
81
85
17
33
37
83
89
93
7
12
13
15
16
30
31
82
8
10
14
28
34
36
4
6
9
27
86
88
2
5
87
3
32
11
90
91
92
95
96
98
97
1
99
0
94
59
48
29
77
51
52
55
50
63
56
26
58
23
45
53
65
19
22
24
42
44
46
49
57
39
47
62
18
21
43
54
60
20
25
33
35
37
38
40
17
31
41
71
73
75
84
27
30
32
34
64
66
74
79
10
12
15
16
28
67
76
78
13
61
68
70
72
80
36
69
9
11
14
81
5
7
4
6
8
85
82
83
3
2
86
89
87
88
1
90
29
93
0
59
98
48
92
91
96
95
19
24
94
26
97
22
23
99
18
21
39
17
20
10
25
30
33
12
42
11
16
27
40
5
35
31
32
37
15
45
38
28
9
13
14
4
6
7
41
34
8
43
51
77
3
44
55
84
52
36
58
46
50
47
76
63
75
49
79
73
74
53
2
72
80
65
83
71
54
29
62
69
78
0
56
85
82
86
70
1
87
66
67
64
81
57
89
68
61
60
19
93
88
24
90
96
51
52
53
55
56
57
59
61
62
66
67
71
72
73
74
75
76
77
78
79
80
81
27
28
31
32
33
34
35
36
37
38
39
40
41
42
43
44
45
46
47
48
49
50
54
58
60
63
64
65
68
69
70
82
83
9
10
11
12
13
14
15
16
17
18
19
20
21
22
23
24
25
26
29
30
84
85
86
87
7
8
5
6
88
89
4
2
3
90
91
92
1
93
94
95
96
97
99
98
0
78
76
77
79
55
75
81
57
74
80
56
59
67
51
52
53
62
66
71
72
73
47
50
54
58
61
63
64
69
70
46
48
49
60
65
68
37
42
33
35
36
38
39
34
40
41
43
44
45
32
27
28
31
82
83
23
29
30
84
20
22
25
26
14
15
18
19
21
24
13
17
85
86
12
11
16
9
10
87
7
8
88
6
89
5
4
90
3
2
91
92
93
94
1
95
96
97
55
56
57
59
62
66
67
71
72
73
74
75
76
77
78
79
80
81
32
33
35
36
37
38
39
40
41
42
43
44
45
46
47
48
49
50
51
52
53
54
58
60
61
63
64
65
68
69
70
13
14
15
17
18
19
20
21
22
23
24
25
26
27
28
29
30
31
34
82
83
84
85
86
9
10
11
12
16
87
7
8
5
6
88
89
4
90
2
3
91
92
93
94
99
1
98
95
96
0
97
77
78
79
75
76
81
55
57
74
80
56
67
59
62
66
71
72
73
50
51
52
53
54
58
61
69
70
46
47
48
49
63
64
65
68
37
42
60
33
36
38
35
39
40
41
43
44
45
32
34
82
83
27
28
29
30
31
84
20
23
26
14
19
21
22
24
25
13
15
17
18
85
86
12
16
11
10
9
87
7
88
89
8
90
92
91
6
94
5
93
59
98
55
62
63
65
73
4
56
58
66
70
96
51
52
57
60
67
71
76
79
53
74
78
99
50
54
64
68
75
80
61
69
48
49
72
95
47
97
3
45
46
81
43
2
44
83
77
82
41
42
39
40
35
37
38
33
31
86
84
30
34
32
36
28
27
29
87
26
23
22
19
21
25
24
1
85
18
17
20
16
59
10
15
13
55
12
50
51
52
58
63
65
48
56
62
11
45
49
53
54
89
60
47
71
73
14
57
9
43
44
46
64
66
39
42
70
67
68
74
41
35
40
37
61
33
79
69
75
38
76
88
31
5
7
72
30
32
80
28
4
0
27
34
6
29
90
8
78
23
36
24
26
22
19
82
83
91
92
3
25
2
81
21
18
17
98
20
77
84
94
86
10
12
45
48
15
59
39
51
50
44
49
31
42
55
37
16
52
13
33
41
11
47
43
35
58
55
56
57
74
75
76
77
78
79
80
81
33
35
36
37
38
39
40
41
42
43
44
45
46
47
48
49
50
51
52
53
54
58
59
60
61
62
63
64
65
66
67
68
69
70
71
72
73
9
12
13
14
15
17
18
19
20
21
22
23
24
25
26
27
28
29
30
31
32
34
82
83
84
85
86
10
11
16
87
7
8
88
4
5
6
89
2
3
90
91
92
93
1
94
95
96
97
98
99
0
77
78
79
75
76
81
55
57
74
80
56
53
59
62
66
67
71
72
73
50
51
52
54
61
63
69
70
46
47
49
58
64
65
68
37
48
60
33
36
38
42
35
39
40
41
43
44
45
32
34
82
83
23
27
28
29
30
31
20
26
84
14
19
21
22
24
25
13
15
17
18
85
86
12
16
9
11
10
87
7
8
88
6
89
5
4
90
3
2
91
92
93
94
1
95
96
97
75
76
77
78
79
81
33
36
37
38
42
46
47
48
49
50
51
52
53
54
55
56
57
58
59
60
61
62
63
64
65
66
67
68
69
70
71
72
73
74
80
13
14
15
17
18
19
20
21
22
23
24
25
26
27
28
29
30
31
32
34
35
39
40
41
43
44
45
82
83
84
85
86
9
10
11
12
16
87
7
8
88
4
5
6
89
3
90
2
91
92
1
93
94
95
96
97
98
99
0
78
75
76
77
79
81
55
57
74
80
56
59
66
67
71
72
73
50
51
52
53
54
58
61
62
46
47
49
63
64
65
68
69
70
37
48
60
33
36
38
42
35
39
40
41
43
44
45
32
34
82
83
27
28
29
31
23
30
84
14
19
20
21
22
24
25
26
13
15
17
18
85
86
12
16
11
10
9
87
7
8
88
6
89
5
4
90
3
2
91
92
93
94
1
95
96
97
75
76
77
78
79
37
42
46
47
48
49
50
51
52
53
54
55
56
57
58
59
60
61
62
63
64
65
66
67
68
69
70
71
72
73
74
80
81
13
14
15
17
18
19
20
21
22
23
24
25
26
27
28
29
30
31
32
33
34
35
36
38
39
40
41
43
44
45
82
83
84
85
9
10
11
12
16
86
87
7
8
5
6
88
89
3
4
90
2
91
92
1
93
94
95
96
97
98
99
0
78
75
76
77
79
81
55
80
56
57
74
59
66
67
72
73
50
51
52
53
54
61
62
71
46
47
49
58
63
64
65
68
69
70
37
48
60
33
36
38
42
35
39
41
43
44
45
32
34
40
82
27
28
29
31
83
23
30
84
14
19
20
21
22
24
25
26
13
15
17
18
85
86
12
16
11
10
9
87
7
8
88
6
89
5
4
90
3
2
91
92
93
94
1
96
95
98
99
97
63
73
79
80
76
83
78
74
65
66
70
68
75
62
72
82
59
67
58
71
81
69
86
60
64
51
55
61
52
77
56
57
87
53
84
50
54
89
85
92
49
48
47
90
88
91
46
94
45
41
44
42
43
63
59
73
65
74
62
71
70
67
66
60
68
58
76
34
79
69
80
83
75
76
77
78
79
37
42
46
47
48
49
50
51
52
53
54
55
56
57
58
59
60
61
62
63
64
65
66
67
68
69
70
71
72
73
74
80
81
13
14
15
17
18
19
20
21
22
23
24
25
26
27
28
29
30
31
32
33
34
35
36
38
39
40
41
43
44
45
82
83
84
85
9
10
11
12
16
86
87
7
8
5
6
88
89
3
4
90
2
91
92
1
93
94
95
96
97
98
99
0
78
75
76
77
79
81
55
80
56
57
74
59
66
67
72
73
50
51
52
53
54
61
62
71
46
47
49
58
63
64
65
68
69
70
37
48
60
33
36
38
42
35
39
41
43
44
45
32
34
40
82
27
28
29
31
83
23
30
84
14
19
20
21
22
24
25
26
13
15
17
18
85
86
12
16
11
10
9
87
7
8
88
6
89
5
4
90
3
2
91
92
93
94
1
95
96
97
75
76
77
78
79
37
42
46
47
48
49
50
51
52
53
54
55
56
57
58
59
60
61
62
63
64
65
66
67
68
69
70
71
72
73
74
80
81
13
14
15
17
18
19
20
21
22
23
24
25
26
27
28
29
30
31
32
33
34
35
36
38
39
40
41
43
44
45
82
83
84
85
9
10
11
12
16
86
87
7
8
5
6
88
89
3
4
90
2
91
92
1
93
94
95
96
97
98
99
0
78
75
76
77
79
81
55
80
56
57
74
59
66
67
72
73
50
51
52
53
54
61
62
71
46
47
49
58
63
64
65
68
69
70
37
48
60
33
36
38
42
35
39
41
43
44
45
32
34
40
82
27
28
29
31
83
23
30
84
14
19
20
21
22
24
25
26
13
15
17
18
85
86
12
16
11
10
9
87
7
8
88
6
89
5
4
90
3
2
91
92
93
94
1
96
95
98
99
97
79
80
63
73
76
83
78
74
70
65
66
68
75
72
82
62
59
67
81
58
71
86
69
64
60
51
52
61
77
55
56
57
87
53
84
50
89
54
85
92
49
48
90
47
88
91
94
46
41
42
45
63
75
76
77
78
79
37
42
46
47
48
49
50
51
52
53
54
55
56
57
58
59
60
61
62
63
64
65
66
67
68
69
70
71
72
73
74
80
81
13
14
15
17
18
19
20
21
22
23
24
25
26
27
28
29
30
31
32
33
34
35
36
38
39
40
41
43
44
45
82
83
84
85
9
10
11
12
16
86
87
7
8
5
6
88
89
3
4
90
2
91
92
1
93
94
95
96
97
98
99
0
78
75
76
77
79
81
55
80
56
57
74
59
66
67
71
72
73
50
51
52
53
54
61
62
46
47
49
58
63
64
65
68
69
70
37
48
60
33
36
38
42
35
39
41
43
44
45
32
34
40
82
27
28
29
31
83
23
30
84
14
19
20
21
22
24
25
26
13
15
17
18
85
86
12
16
11
10
9
87
7
8
88
6
89
5
4
90
3
2
91
92
93
94
1
95
96
97
75
76
77
78
79
37
42
46
47
48
49
50
51
52
53
54
55
56
57
58
59
60
61
62
63
64
65
66
67
68
69
70
71
72
73
74
80
81
13
14
15
17
18
19
20
21
22
23
24
25
26
27
28
29
30
31
32
33
34
35
36
38
39
40
41
43
44
45
82
83
84
85
9
10
11
12
16
86
87
7
8
5
6
88
89
3
4
90
2
91
92
1
93
94
95
96
97
98
99
0
78
75
76
77
79
81
55
80
56
57
74
59
66
67
71
72
73
50
51
52
53
54
61
62
46
47
49
58
63
64
65
68
69
70
37
48
60
33
36
38
42
35
39
41
43
44
45
32
34
40
82
27
28
29
31
83
23
30
84
14
19
20
21
22
24
25
26
13
15
17
18
85
86
12
16
11
10
9
87
7
8
88
6
89
5
4
90
3
2
91
92
93
94
1
96
95
98
99
97
79
80
63
73
76
83
78
74
70
65
66
68
75
72
82
62
59
67
81
58
71
86
69
64
60
51
52
61
77
55
56
57
87
53
84
50
89
54
85
92
49
48
88
90
47
91
94
46
75
76
77
78
79
37
42
46
47
48
49
50
51
52
53
54
55
56
57
58
59
60
61
62
63
64
65
66
67
68
69
70
71
72
73
74
80
81
13
14
15
17
18
19
20
21
22
23
24
25
26
27
28
29
30
31
32
33
34
35
36
38
39
40
41
43
44
45
82
83
84
85
9
10
11
12
16
86
87
7
8
5
6
88
89
3
4
90
2
91
92
1
93
94
95
96
97
98
99
0
78
75
76
77
79
81
55
80
56
57
74
59
66
67
71
72
73
50
51
52
53
54
61
62
46
47
49
58
63
64
65
68
69
70
37
48
60
33
36
38
42
35
39
41
43
44
45
32
34
40
82
27
28
29
31
83
23
30
84
14
19
20
21
22
24
25
26
13
15
17
18
85
86
12
16
11
10
9
87
7
8
88
6
89
5
4
90
3
2
91
92
93
94
1
95
96
97
75
76
77
78
79
37
42
46
47
48
49
50
51
52
53
54
55
56
57
58
59
60
61
62
63
64
65
66
67
68
69
70
71
72
73
74
80
81
13
14
15
17
18
19
20
21
22
23
24
25
26
27
28
29
30
31
32
33
34
35
36
38
39
40
41
43
44
45
82
83
84
85
9
10
11
12
16
86
87
7
8
5
6
88
89
3
4
90
2
91
92
1
93
94
95
96
97
98
99
0
78
75
76
77
79
81
55
80
56
57
74
59
66
67
72
73
50
51
52
53
54
61
62
71
46
47
49
58
63
64
65
68
69
70
37
48
60
33
36
38
42
35
39
41
43
44
45
32
34
40
82
27
28
29
31
83
23
30
84
14
19
20
21
22
24
25
26
13
15
17
18
85
86
12
16
11
10
9
87
7
8
88
6
89
5
4
90
3
2
91
92
93
94
1
96
95
98
99
97
79
80
63
73
76
83
78
74
66
70
75
65
68
72
82
62
67
59
81
71
86
58
69
64
60
51
52
61
77
55
56
57
87
53
84
50
89
54
85
92
49
47
48
88
90
91
94
46
75
76
77
78
79
37
42
46
47
48
49
50
51
52
53
54
55
56
57
58
59
60
61
62
63
64
65
66
67
68
69
70
71
72
73
74
80
81
13
14
15
17
18
19
20
21
22
23
24
25
26
27
28
29
30
31
32
33
34
35
36
38
39
40
41
43
44
45
82
83
84
85
9
10
11
12
16
86
87
7
8
5
6
88
89
3
4
90
2
91
92
1
93
94
95
96
97
98
99
0
78
75
76
77
79
81
55
80
56
57
74
59
66
67
71
72
73
50
51
52
53
54
61
62
46
47
49
58
63
64
65
68
69
70
37
48
60
33
36
38
42
35
39
41
43
44
45
32
34
40
82
27
28
29
31
83
23
30
84
14
19
20
21
22
24
25
26
13
15
17
18
85
86
12
16
11
10
9
87
7
8
88
6
89
5
4
90
3
2
91
92
93
94
1
95
96
97
75
76
77
78
79
37
42
46
47
48
49
50
51
52
53
54
55
56
57
58
59
60
61
62
63
64
65
66
67
68
69
70
71
72
73
74
80
81
13
14
15
17
18
19
20
21
22
23
24
25
26
27
28
29
30
31
32
33
34
35
36
38
39
40
41
43
44
45
82
83
84
85
9
10
11
12
16
86
87
7
8
5
6
88
89
3
4
90
2
91
92
1
93
94
95
96
97
98
99
0
78
75
76
77
79
81
55
80
56
57
74
59
66
67
72
73
50
51
52
53
54
61
62
71
46
47
49
58
63
64
65
68
69
70
37
48
60
33
36
38
42
35
39
41
43
44
45
32
34
40
82
27
28
29
31
83
23
30
84
14
19
20
21
22
24
25
26
13
15
17
18
85
86
12
16
11
10
9
87
7
8
88
6
89
5
4
90
3
2
91
92
93
94
1
96
95
98
99
97
79
80
63
76
73
83
78
74
66
70
75
65
68
72
82
62
67
59
81
86
58
71
69
64
60
51
52
61
77
55
56
57
87
53
84
50
89
54
85
92
49
48
88
90
47
91
94
75
76
77
78
79
37
42
46
47
48
49
50
51
52
53
54
55
56
57
58
59
60
61
62
63
64
65
66
67
68
69
70
71
72
73
74
80
81
13
14
15
17
18
19
20
21
22
23
24
25
26
27
28
29
30
31
32
33
34
35
36
38
39
40
41
43
44
45
82
83
84
85
9
10
11
12
16
86
87
7
8
5
6
88
89
3
4
90
2
91
92
1
93
94
95
96
97
98
99
0
78
75
76
77
79
81
55
80
56
57
74
59
66
67
72
73
50
51
52
53
54
61
62
71
46
47
49
58
63
64
65
68
69
70
37
48
60
33
36
38
42
35
39
41
43
44
45
32
34
40
82
27
28
29
31
83
23
30
84
14
19
20
21
22
24
25
26
13
15
17
18
85
86
12
16
11
10
9
87
7
8
88
6
89
5
4
90
3
2
91
92
93
94
1
95
96
97
