426.2
426.2
426.2
426.2
426.2
426.2
426.2
426.2
426.2
426.2
426.2
426.2
426.2
426.2
426.2
426.2
426.2
426.2
426.2
426.2
426.2
426.2
426.2
426.2
426.2
426.2
426.2
426.2
426.2
426.3
426.3
426.3
426.3
426.3
426.3
426.3
426.3
426.3
426.3
426.3
426.3
426.3
426.3
426.3
426.3
426.3
426.4
426.4
426.4
426.4
426.4
426.4
426.4
426.4
426.4
426.4
426.4
426.4
426.4
426.4
426.4
426.4
426.4
426.4
426.4
426.4
426.4
426.4
426.4
426.4
426.5
426.5
426.5
426.5
426.5
426.5
426.5
426.6
426.6
426.8
426.8
426.8
426.8
426.9
426.9
426.9
427.0
427.0
427.0
427.0
427.1
427.2
427.2
427.3
427.4
427.4
427.5
427.5
427.5
427.8
432.7
432.7
432.7
432.8
432.8
432.8
432.8
432.8
432.8
432.8
432.8
432.8
432.8
432.9
432.9
432.9
432.9
432.9
432.9
432.9
432.9
432.9
432.9
432.9
432.9
432.9
432.9
432.9
433.0
433.0
433.0
433.0
433.0
433.1
433.2
433.2
433.2
433.2
433.2
433.2
433.3
433.3
433.3
433.3
433.3
433.3
433.3
433.4
433.4
433.4
433.4
433.4
433.4
433.4
433.4
433.4
433.5
433.5
433.5
433.5
433.6
433.6
433.6
433.7
433.7
433.7
433.8
433.8
434.0
434.0
434.0
434.0
434.1
434.2
434.3
434.4
434.4
434.7
434.9
436.1
436.1
436.1
436.3
437.1
437.1
437.1
437.1
437.2
437.3
437.8
437.9
437.9
438.0
438.1
438.1
438.1
438.1
438.1
438.1
438.2
438.2
438.2
438.2
438.2
438.2
438.2
438.3
438.3
438.3
438.3
438.3
438.4
438.4
438.4
438.4
438.4
438.4
438.5
438.5
438.5
438.5
438.6
438.6
438.6
438.6
438.7
438.7
438.7
438.7
438.7
438.8
438.8
438.8
438.8
438.9
439.0
439.0
439.0
439.1
439.1
439.1
439.2
439.2
439.3
439.3
439.3
439.4
439.5
439.5
439.5
439.5
439.5
439.6
439.6
439.7
439.8
439.8
439.8
439.8
439.9
439.9
440.1
440.1
440.2
440.2
440.3
440.3
440.4
440.7
440.9
441.0
441.1
441.1
441.3
441.3
441.6
441.7
442.1
442.7
443.7
443.7
443.8
443.8
443.9
443.9
443.9
444.0
444.0
444.0
444.0
444.0
444.2
444.2
444.3
444.3
444.3
444.4
444.4
444.5
444.6
444.6
444.6
444.6
444.8
444.8
444.8
444.8
444.9
444.9
445.0
445.1
445.1
445.1
445.2
445.2
445.2
445.3
445.3
445.3
445.4
445.4
445.5
445.5
445.6
445.6
445.9
446.1
446.2
446.2
446.2
446.3
446.3
446.4
446.4
446.4
446.6
446.6
446.7
446.8
446.8
447.0
447.0
447.0
447.3
447.5
447.6
447.7
447.8
448.2
448.2
448.2
448.3
448.3
448.8
448.9
449.9
450.5
450.9
451.2
451.2
451.4
452.1
452.3
452.4
452.7
452.7
453.6
454.1
455.0
455.2
455.3
456.1
457.3
457.5
458.0
458.0
458.1
458.3
460.9
460.9
462.0
462.4
462.6
463.1
463.1
464.0
464.6
464.7
465.3
466.1
467.6
468.2
469.3
471.2
474.8
476.1
481.0
481.8
483.1
586.0
586.0
586.0
586.0
586.0
586.0
586.0
586.0
586.0
586.0
586.1
586.1
586.1
586.1
586.1
586.1
586.1
586.1
586.1
586.1
586.1
586.1
586.1
586.1
586.1
586.1
586.1
586.1
586.1
586.1
586.1
586.1
586.1
586.1
586.1
586.2
586.2
586.2
586.2
586.2
586.2
586.2
586.2
586.2
586.2
586.2
586.2
586.2
586.2
586.2
586.2
586.2
586.2
586.2
586.2
586.2
586.2
586.2
586.2
586.2
586.2
586.2
586.2
586.2
586.3
586.3
586.3
586.3
586.3
586.3
586.3
586.3
586.3
586.3
586.4
586.4
586.4
586.4
586.5
586.6
586.7
586.7
586.7
586.8
586.8
586.8
586.9
586.9
586.9
586.9
587.0
587.1
587.1
587.2
587.3
587.4
587.4
587.4
587.4
587.7
592.4
592.4
592.4
592.5
592.5
592.5
592.5
592.5
592.5
592.5
592.5
592.5
592.5
592.6
592.6
592.6
592.6
592.6
592.6
592.6
592.6
592.6
592.6
592.6
592.6
592.6
592.6
592.6
592.7
592.7
592.7
592.7
592.7
592.8
592.9
592.9
592.9
592.9
592.9
592.9
593.0
593.0
593.0
593.0
593.0
593.0
593.0
593.1
593.1
593.1
593.1
593.1
593.1
593.1
593.1
593.1
593.2
593.2
593.2
593.2
593.3
593.3
593.3
593.4
593.4
593.4
593.5
593.5
593.7
593.7
593.7
593.7
593.8
593.9
594.0
594.0
594.1
594.4
594.5
595.8
595.8
595.8
596.1
596.7
596.8
596.9
597.4
597.5
597.6
597.7
598.2
600.0
600.0
600.5
602.3
603.7
604.1
604.8
604.9
606.0
606.1
606.3
606.4
606.4
606.5
606.6
606.6
606.6
606.6
606.7
606.7
606.7
606.7
606.8
606.8
606.8
606.8
606.8
606.8
606.9
606.9
607.0
607.0
607.0
607.0
607.1
607.3
607.3
607.4
607.5
607.7
607.7
608.0
608.0
608.1
608.4
608.7
608.9
609.1
609.4
609.5
609.6
609.7
609.7
609.8
609.9
610.1
610.7
611.0
611.2
611.4
611.6
611.8
611.8
611.9
612.1
612.9
612.9
613.6
613.7
613.8
613.9
614.1
614.1
614.4
614.6
614.7
614.9
615.0
615.1
615.3
615.3
615.6
615.6
615.8
615.8
615.8
615.9
616.1
616.2
616.2
616.3
616.3
616.3
616.9
617.1
617.2
617.3
617.3
617.4
617.5
617.5
617.9
618.1
618.4
619.2
619.5
620.3
620.9
621.1
621.9
622.4
622.6
624.2
624.5
625.8
627.7
629.4
630.6
633.9
634.2
637.6
640.0
642.7
705.0
705.0
705.0
705.0
705.0
705.0
705.0
705.0
705.0
705.0
705.0
705.0
705.0
705.0
705.0
705.0
705.0
705.0
705.0
705.0
705.0
705.0
705.0
705.0
705.1
705.1
705.1
705.1
705.1
705.1
705.1
705.1
705.1
705.1
705.1
705.1
705.1
705.1
705.1
705.1
705.1
705.1
705.1
705.1
705.1
705.1
705.1
705.1
705.1
705.1
705.1
705.1
705.1
705.1
705.1
705.1
705.2
705.2
705.2
705.2
705.2
705.2
705.2
705.2
705.2
705.2
705.2
705.2
705.2
705.2
705.2
705.2
705.2
705.3
705.3
705.3
705.3
705.3
705.4
705.5
705.5
705.5
705.6
705.6
705.6
705.6
705.7
705.7
705.7
705.7
705.8
705.9
705.9
706.0
706.1
706.1
706.1
706.2
706.2
706.5
711.7
711.7
711.8
711.8
711.8
711.8
711.8
711.8
711.8
711.8
711.9
711.9
711.9
711.9
711.9
711.9
711.9
711.9
711.9
711.9
711.9
711.9
711.9
711.9
712.0
712.0
712.0
712.0
712.0
712.0
712.1
712.1
712.1
712.1
712.2
712.2
712.2
712.2
712.2
712.2
712.3
712.3
712.3
712.3
712.3
712.3
712.3
712.3
712.4
712.4
712.4
712.4
712.4
712.4
712.4
712.4
712.5
712.5
712.5
712.5
712.6
712.6
712.6
712.7
712.7
712.7
712.8
712.8
713.0
713.0
713.0
713.1
713.2
713.2
713.3
713.4
713.4
713.8
713.9
715.1
715.1
715.2
715.5
716.1
716.1
716.2
716.7
716.8
716.9
716.9
717.5
718.0
718.1
718.3
718.3
718.3
718.3
718.3
718.4
718.4
718.4
718.4
718.4
718.4
718.5
718.5
718.5
718.5
718.5
718.6
718.6
718.7
718.7
718.7
718.7
718.8
718.8
718.8
718.8
718.8
718.9
718.9
719.0
719.0
719.1
719.1
719.1
719.2
719.3
719.4
719.5
719.6
719.7
719.7
719.9
719.9
720.0
720.0
720.0
720.1
720.2
720.2
720.3
720.3
720.4
720.4
720.4
720.6
720.7
720.9
720.9
721.2
721.2
721.3
721.4
721.8
722.0
722.0
722.2
722.6
722.6
723.0
723.0
723.1
723.2
723.2
723.6
723.7
723.8
724.2
724.4
724.5
724.6
724.6
725.1
725.2
725.4
725.8
725.9
725.9
725.9
726.0
726.1
726.2
726.2
726.3
726.3
726.5
726.5
726.6
726.7
726.7
726.7
726.7
726.7
726.8
726.8
726.9
727.0
727.0
727.2
727.2
727.3
727.6
727.6
727.9
727.9
728.2
728.5
728.5
728.6
728.7
729.7
729.9
730.5
730.8
730.9
731.5
731.6
733.5
733.6
734.4
735.1
735.2
735.5
740.4
741.6
741.7
746.4
746.8
754.9
755.3
755.5
755.6
755.7
755.7
755.8
755.8
755.8
755.8
755.8
755.8
755.8
755.8
755.8
755.9
755.9
755.9
755.9
755.9
755.9
755.9
755.9
755.9
755.9
755.9
755.9
755.9
755.9
755.9
755.9
755.9
755.9
755.9
755.9
756.0
756.0
756.0
756.0
756.0
756.0
756.0
756.0
756.0
756.0
756.0
756.0
756.0
756.0
756.0
756.0
756.0
756.0
756.0
756.0
756.0
756.0
756.0
756.0
756.1
756.1
756.1
756.1
756.1
756.1
756.1
756.2
756.2
756.2
756.2
756.2
756.2
756.2
756.2
756.2
756.3
756.3
756.3
756.3
756.4
756.4
756.4
756.4
756.4
756.5
756.5
756.5
756.5
756.6
756.7
756.7
756.7
756.7
756.8
756.9
756.9
757.0
757.1
757.2
757.3
760.2
761.4
761.5
761.5
761.6
761.6
761.7
761.7
761.7
761.7
761.7
761.7
761.7
761.7
761.7
761.7
761.7
761.7
761.7
761.8
761.8
761.8
761.8
761.8
761.8
761.8
761.8
761.8
761.9
761.9
762.0
762.0
762.0
762.0
762.0
762.0
762.2
762.2
762.2
762.2
762.2
762.2
762.2
762.3
762.3
762.3
762.3
762.3
762.3
762.3
762.4
762.4
762.4
762.4
762.4
762.5
762.5
762.5
762.5
762.5
762.6
762.6
762.6
762.6
762.7
762.7
762.7
762.7
762.9
762.9
762.9
762.9
763.0
763.2
763.2
763.2
763.2
763.3
763.4
763.6
763.6
763.7
763.7
763.8
764.2
764.3
764.3
764.3
764.4
764.5
764.6
764.6
764.8
764.9
764.9
765.0
765.1
765.4
765.8
766.0
766.7
766.7
766.9
767.0
767.0
767.1
767.1
767.1
767.3
767.3
767.4
767.4
767.4
767.4
767.4
767.4
767.5
767.5
767.5
767.6
767.6
767.6
767.7
767.7
767.7
767.8
767.9
767.9
768.1
768.4
768.6
768.8
768.8
769.0
769.0
769.1
769.5
769.5
769.5
769.5
769.7
769.9
770.2
770.2
770.3
770.5
770.8
770.8
771.0
771.4
771.5
771.5
771.6
771.7
772.0
772.1
772.2
772.4
772.4
772.5
772.9
773.0
773.1
773.2
773.2
773.5
773.7
773.7
773.7
773.7
774.0
774.0
774.1
774.1
774.2
774.2
774.5
774.7
774.7
775.1
775.2
775.5
775.5
775.6
776.4
776.6
777.1
777.3
777.4
777.4
777.6
777.9
778.1
778.7
778.9
778.9
779.1
779.1
779.5
779.5
779.5
779.8
779.9
780.0
780.1
780.7
781.7
782.5
782.6
783.2
783.3
784.1
784.4
784.9
785.6
785.6
786.2
786.6
787.8
790.5
790.9
790.9
792.7
793.3
794.1
799.3
869.4
869.4
869.4
869.4
869.4
869.4
869.4
869.4
869.4
869.4
869.4
869.4
869.4
869.4
869.4
869.4
869.4
869.4
869.4
869.4
869.4
869.4
869.4
869.4
869.4
869.4
869.4
869.4
869.5
869.5
869.5
869.5
869.5
869.5
869.5
869.5
869.5
869.5
869.5
869.5
869.5
869.5
869.5
869.5
869.5
869.5
869.5
869.5
869.5
869.5
869.5
869.5
869.5
869.5
869.5
869.5
869.5
869.5
869.5
869.5
869.5
869.5
869.6
869.6
869.6
869.6
869.6
869.6
869.6
869.6
869.6
869.6
869.6
869.6
869.7
869.7
869.7
869.7
869.7
869.9
869.9
869.9
869.9
870.0
870.0
870.0
870.1
870.1
870.1
870.1
870.1
870.3
870.3
870.3
870.4
870.5
870.5
870.6
870.6
870.8
876.1
876.1
876.2
876.2
876.2
876.2
876.2
876.2
876.3
876.3
876.3
876.3
876.3
876.3
876.3
876.3
876.3
876.3
876.4
876.4
876.4
876.4
876.4
876.4
876.4
876.4
876.4
876.4
876.4
876.4
876.5
876.5
876.5
876.5
876.6
876.6
876.6
876.6
876.6
876.6
876.7
876.7
876.7
876.7
876.7
876.7
876.7
876.8
876.8
876.8
876.8
876.8
876.8
876.8
876.8
876.8
876.9
876.9
876.9
877.0
877.0
877.0
877.0
877.1
877.1
877.1
877.2
877.2
877.4
877.4
877.4
877.5
877.6
877.6
877.7
877.8
877.8
878.2
878.3
879.5
879.5
879.6
879.9
880.5
880.5
880.7
881.2
881.3
881.4
881.5
882.0
884.0
884.0
884.5
886.4
888.1
888.7
890.1
890.3
934.0
934.0
934.0
934.0
934.0
934.0
934.0
934.0
934.0
934.0
934.0
934.0
934.0
934.0
934.0
934.0
934.0
934.0
934.0
934.0
934.0
934.0
934.0
934.0
934.0
934.0
934.0
934.0
934.0
934.0
934.0
934.0
934.0
934.0
934.1
934.1
934.1
934.1
934.1
934.1
934.1
934.1
934.1
934.1
934.1
934.1
934.1
934.1
934.1
934.1
934.1
934.1
934.1
934.1
934.1
934.1
934.1
934.1
934.1
934.1
934.1
934.1
934.1
934.2
934.2
934.2
934.2
934.2
934.2
934.2
934.2
934.2
934.2
934.3
934.3
934.3
934.3
934.3
934.4
934.5
934.6
934.6
934.6
934.7
934.7
934.7
934.7
934.7
934.8
934.8
934.8
934.9
935.0
935.0
935.1
935.1
935.2
935.2
935.3
935.3
940.5
940.5
940.6
940.6
940.6
940.6
940.6
940.6
940.6
940.6
940.6
940.7
940.7
940.7
940.7
940.7
940.7
940.7
940.7
940.7
940.8
940.8
940.8
940.8
940.8
940.8
940.8
940.8
940.8
940.8
940.9
940.9
940.9
940.9
941.0
941.0
941.0
941.0
941.0
941.0
941.1
941.1
941.1
941.1
941.1
941.1
941.1
941.2
941.2
941.2
941.2
941.2
941.2
941.2
941.2
941.2
941.3
941.3
941.3
941.4
941.4
941.4
941.4
941.5
941.5
941.5
941.6
941.7
941.7
941.7
941.8
941.8
941.8
941.9
941.9
942.0
942.1
942.1
942.5
942.7
942.8
943.2
943.2
943.2
943.4
943.5
943.6
943.8
943.8
943.8
944.1
944.1
944.2
944.2
944.3
944.5
944.7
944.8
944.8
944.8
944.9
944.9
945.0
945.0
945.0
945.0
945.1
945.1
945.1
945.2
945.2
945.2
945.2
945.2
945.3
945.3
945.3
945.3
945.3
945.4
945.4
945.4
945.4
945.4
945.4
945.5
945.5
945.5
945.5
945.5
945.5
945.5
945.5
945.5
945.5
945.6
945.6
945.6
945.6
945.6
945.6
945.7
945.8
945.8
945.8
945.9
945.9
945.9
945.9
945.9
945.9
946.0
946.0
946.0
946.1
946.2
946.2
946.4
946.4
946.6
946.6
946.7
946.7
946.7
946.8
947.4
947.4
947.6
947.6
947.6
948.0
948.2
948.3
948.3
948.5
948.6
949.1
949.3
950.1
950.8
951.0
951.1
951.2
951.3
951.4
951.5
951.5
951.6
951.7
951.7
951.8
951.9
951.9
952.0
952.0
952.0
952.2
952.2
952.3
952.4
952.4
952.4
952.5
952.5
952.6
952.6
952.6
952.7
952.8
952.8
952.9
952.9
952.9
953.0
953.0
953.0
953.1
953.3
953.3
953.3
953.3
953.5
953.5
953.5
953.6
953.6
953.7
953.8
953.8
953.9
953.9
954.0
954.1
954.1
954.1
954.1
954.2
954.3
954.3
954.4
954.4
954.9
954.9
955.2
955.4
955.4
955.5
955.7
956.0
956.2
956.3
956.6
956.9
957.0
957.0
958.1
959.1
960.4
960.5
961.0
961.3
962.1
962.2
962.6
963.3
963.4
964.1
969.0
973.2
973.5
973.9
974.3
980.4
982.6
1047.0
1047.0
1047.0
1047.0
1047.1
1047.1
1047.1
1047.1
1047.1
1047.1
1047.1
1047.1
1047.1
1047.1
1047.1
1047.1
1047.1
1047.1
1047.1
1047.1
1047.1
1047.1
1047.1
1047.1
1047.1
1047.1
1047.1
1047.1
1047.1
1047.1
1047.1
1047.1
1047.1
1047.1
1047.1
1047.1
1047.1
1047.1
1047.1
1047.1
1047.1
1047.1
1047.1
1047.1
1047.1
1047.1
1047.1
1047.1
1047.1
1047.1
1047.1
1047.2
1047.2
1047.2
1047.2
1047.2
1047.2
1047.2
1047.2
1047.2
1047.2
1047.2
1047.2
1047.2
1047.2
1047.2
1047.2
1047.2
1047.2
1047.3
1047.3
1047.3
1047.3
1047.3
1047.3
1047.3
1047.3
1047.3
1047.4
1047.5
1047.5
1047.5
1047.6
1047.6
1047.6
1047.7
1047.7
1047.7
1047.7
1047.7
1047.8
1047.9
1047.9
1047.9
1048.1
1048.1
1048.2
1048.2
1048.2
1048.5
1053.8
1053.8
1053.8
1053.8
1053.9
1053.9
1053.9
1053.9
1053.9
1053.9
1053.9
1053.9
1053.9
1054.0
1054.0
1054.0
1054.0
1054.0
1054.0
1054.0
1054.0
1054.0
1054.0
1054.0
1054.0
1054.0
1054.0
1054.0
1054.0
1054.1
1054.1
1054.1
1054.1
1054.1
1054.2
1054.2
1054.2
1054.2
1054.3
1054.3
1054.3
1054.3
1054.3
1054.4
1054.4
1054.4
1054.4
1054.4
1054.4
1054.4
1054.4
1054.4
1054.5
1054.5
1054.5
1054.5
1054.5
1054.5
1054.6
1054.6
1054.6
1054.6
1054.6
1054.7
1054.7
1054.8
1054.8
1054.9
1055.1
1055.1
1055.1
1055.1
1055.2
1055.2
1055.4
1055.4
1055.5
1055.8
1055.8
1057.2
1057.2
1057.2
1057.6
1058.1
1058.2
1058.3
1058.9
1059.0
1059.1
1059.1
1059.7
1061.6
1061.6
1062.0
1064.1
1065.8
1066.3
1067.7
1067.9
1208.6
1208.7
1208.7
1208.7
1208.7
1208.7
1208.7
1208.7
1208.7
1208.7
1208.7
1208.7
1208.7
1208.7
1208.7
1208.7
1208.7
1208.7
1208.7
1208.7
1208.7
1208.7
1208.7
1208.7
1208.7
1208.7
1208.7
1208.7
1208.7
1208.7
1208.7
1208.7
1208.7
1208.7
1208.7
1208.7
1208.7
1208.7
1208.7
1208.7
1208.7
1208.7
1208.8
1208.8
1208.8
1208.8
1208.8
1208.8
1208.8
1208.8
1208.8
1208.8
1208.8
1208.8
1208.8
1208.8
1208.8
1208.8
1208.8
1208.8
1208.8
1208.8
1208.8
1208.8
1208.8
1208.8
1208.8
1208.8
1208.9
1208.9
1208.9
1208.9
1208.9
1208.9
1208.9
1208.9
1208.9
1209.0
1209.0
1209.1
1209.1
1209.1
1209.2
1209.2
1209.3
1209.3
1209.3
1209.3
1209.3
1209.3
1209.4
1209.5
1209.5
1209.6
1209.7
1209.7
1209.8
1209.8
1209.8
1210.1
1215.4
1215.4
1215.4
1215.5
1215.5
1215.5
1215.5
1215.5
1215.5
1215.5
1215.5
1215.5
1215.5
1215.6
1215.6
1215.6
1215.6
1215.6
1215.6
1215.6
1215.6
1215.6
1215.6
1215.6
1215.6
1215.6
1215.6
1215.6
1215.7
1215.7
1215.7
1215.7
1215.7
1215.8
1215.8
1215.8
1215.8
1215.9
1215.9
1215.9
1215.9
1215.9
1216.0
1216.0
1216.0
1216.0
1216.0
1216.0
1216.0
1216.0
1216.0
1216.1
1216.1
1216.1
1216.1
1216.1
1216.1
1216.1
1216.2
1216.2
1216.2
1216.2
1216.3
1216.3
1216.4
1216.4
1216.4
1216.5
1216.7
1216.7
1216.7
1216.7
1216.8
1216.8
1217.0
1217.0
1217.1
1217.5
1217.5
1218.8
1218.8
1218.8
1219.2
1219.7
1219.8
1219.9
1220.5
1220.6
1220.7
1220.7
1221.3
1223.0
1223.1
1223.8
1224.5
1224.6
1224.7
1224.7
1224.7
1224.7
1224.8
1224.8
1224.8
1224.9
1224.9
1224.9
1224.9
1224.9
1225.0
1225.0
1225.0
1225.0
1225.0
1225.0
1225.1
1225.1
1225.1
1225.1
1225.1
1225.2
1225.2
1225.2
1225.2
1225.2
1225.2
1225.3
1225.3
1225.3
1225.3
1225.6
1225.6
1225.8
1225.8
1225.9
1226.0
1226.3
1226.3
1226.5
1226.5
1226.5
1226.6
1226.6
1226.7
1226.8
1226.9
1227.3
1227.3
1227.4
1227.4
1227.6
1227.6
1227.8
1227.9
1228.0
1228.0
1228.0
1228.4
1228.4
1228.4
1228.5
1228.5
1228.9
1229.1
1229.2
1229.4
1229.4
1229.5
1229.5
1229.7
1229.7
1229.9
1230.0
1230.1
1230.1
1230.2
1230.6
1230.6
1230.9
1230.9
1231.0
1231.0
1231.1
1231.1
1231.1
1231.3
1231.3
1231.3
1231.4
1231.5
1231.5
1231.6
1231.6
1231.6
1231.7
1231.8
1231.9
1232.0
1232.1
1232.1
1232.2
1232.4
1232.5
1232.6
1232.8
1232.8
1232.9
1233.0
1233.0
1233.1
1233.3
1233.4
1233.5
1233.5
1233.7
1233.9
1234.0
1234.1
1234.4
1234.4
1234.4
1234.6
1234.7
1234.9
1235.1
1235.3
1235.4
1235.6
1235.7
1235.8
1236.2
1236.5
1236.5
1236.7
1237.7
1237.8
1237.8
1237.9
1238.2
1238.5
1239.0
1239.7
1239.8
1240.0
1240.5
1241.0
1241.3
1241.3
1241.6
1241.8
1242.4
1242.5
1242.9
1243.0
1243.2
1243.2
1243.4
1244.0
1244.5
1245.5
1245.7
1246.9
1247.1
1247.1
1247.6
1248.2
1248.2
1248.5
1249.9
1251.3
1254.4
1255.9
1256.5
1257.3
1259.9
1261.1
1261.5
1262.2
1265.6
1271.8
1272.2
1274.0
1274.8
1376.0
1376.0
1376.0
1376.0
1376.0
1376.0
1376.0
1376.0
1376.0
1376.0
1376.0
1376.0
1376.0
1376.0
1376.0
1376.0
1376.0
1376.0
1376.0
1376.0
1376.0
1376.0
1376.0
1376.0
1376.0
1376.0
1376.0
1376.0
1376.0
1376.0
1376.0
1376.0
1376.0
1376.0
1376.0
1376.0
1376.0
1376.0
1376.0
1376.0
1376.1
1376.1
1376.1
1376.1
1376.1
1376.1
1376.1
1376.1
1376.1
1376.1
1376.1
1376.1
1376.1
1376.1
1376.1
1376.1
1376.1
1376.1
1376.1
1376.1
1376.1
1376.1
1376.1
1376.1
1376.1
1376.1
1376.1
1376.1
1376.2
1376.2
1376.2
1376.2
1376.2
1376.2
1376.2
1376.2
1376.2
1376.3
1376.3
1376.5
1376.5
1376.5
1376.5
1376.6
1376.6
1376.6
1376.6
1376.6
1376.6
1376.7
1376.7
1376.8
1376.8
1376.9
1377.0
1377.1
1377.1
1377.1
1377.1
1377.4
1382.7
1382.7
1382.7
1382.8
1382.8
1382.8
1382.8
1382.8
1382.8
1382.8
1382.8
1382.8
1382.8
1382.9
1382.9
1382.9
1382.9
1382.9
1382.9
1382.9
1382.9
1382.9
1382.9
1382.9
1382.9
1382.9
1383.0
1383.0
1383.0
1383.0
1383.0
1383.0
1383.1
1383.1
1383.1
1383.1
1383.1
1383.2
1383.2
1383.2
1383.2
1383.2
1383.3
1383.3
1383.3
1383.3
1383.3
1383.3
1383.3
1383.3
1383.3
1383.4
1383.4
1383.4
1383.4
1383.4
1383.4
1383.4
1383.5
1383.5
1383.5
1383.6
1383.6
1383.6
1383.7
1383.7
1383.7
1383.8
1384.0
1384.0
1384.0
1384.0
1384.1
1384.2
1384.3
1384.3
1384.4
1384.8
1384.8
1386.1
1386.1
1386.1
1386.5
1387.0
1387.1
1387.3
1387.8
1387.9
1388.0
1388.0
1388.6
1390.5
1390.6
1391.1
1393.0
1394.6
1395.0
1396.1
1396.2
1398.7
1398.7
1398.9
1399.1
1399.1
1399.2
1399.3
1399.3
1399.4
1399.4
1399.5
1399.5
1399.5
1399.6
1399.7
1399.8
1399.8
1399.8
1399.9
1399.9
1399.9
1399.9
1400.0
1400.0
1400.0
1400.0
1400.0
1400.0
1400.0
1400.0
1400.0
1400.0
1400.0
1400.1
1400.1
1400.2
1400.2
1400.4
1400.4
1400.5
1400.5
1400.5
1400.6
1400.6
1400.7
1400.7
1400.8
1400.9
1401.0
1401.0
1401.1
1401.1
1401.2
1401.2
1401.3
1401.3
1401.3
1401.4
1401.5
1401.5
1401.6
1401.7
1401.7
1401.7
1401.8
1401.9
1402.1
1402.3
1402.7
1402.8
1403.2
1403.2
1403.4
1403.4
1403.4
1403.6
1403.9
1404.0
1404.5
1404.7
1404.8
1405.1
1405.5
1405.6
1406.3
1406.6
1406.8
1406.9
1407.0
1408.2
1408.3
1409.3
1410.1
1410.2
1410.5
1410.7
1410.9
1410.9
1411.0
1411.5
1411.9
1411.9
1412.3
1413.2
1413.3
1413.3
1413.7
1414.1
1414.4
1414.4
1414.5
1415.2
1415.3
1416.2
1416.4
1416.4
1416.8
1417.2
1417.7
1417.9
1419.2
1419.2
1422.2
1422.8
1423.3
1426.6
1428.4
1429.3
1433.7
1438.9
1544.4
1544.4
1544.4
1544.4
1544.4
1544.4
1544.4
1544.4
1544.4
1544.4
1544.4
1544.4
1544.4
1544.4
1544.4
1544.4
1544.4
1544.4
1544.4
1544.4
1544.4
1544.4
1544.4
1544.4
1544.4
1544.4
1544.4
1544.4
1544.4
1544.4
1544.4
1544.4
1544.4
1544.4
1544.4
1544.4
1544.4
1544.4
1544.4
1544.4
1544.5
1544.5
1544.5
1544.5
1544.5
1544.5
1544.5
1544.5
1544.5
1544.5
1544.5
1544.5
1544.5
1544.5
1544.5
1544.5
1544.5
1544.5
1544.5
1544.5
1544.5
1544.5
1544.5
1544.5
1544.5
1544.5
1544.5
1544.5
1544.6
1544.6
1544.6
1544.6
1544.6
1544.6
1544.6
1544.6
1544.6
1544.7
1544.7
1544.9
1544.9
1544.9
1544.9
1545.0
1545.0
1545.0
1545.0
1545.0
1545.0
1545.1
1545.1
1545.2
1545.2
1545.3
1545.4
1545.5
1545.5
1545.5
1545.5
1545.8
1551.1
1551.1
1551.1
1551.2
1551.2
1551.2
1551.2
1551.2
1551.2
1551.2
1551.2
1551.2
1551.2
1551.3
1551.3
1551.3
1551.3
1551.3
1551.3
1551.3
1551.3
1551.3
1551.3
1551.3
1551.3
1551.3
1551.4
1551.4
1551.4
1551.4
1551.4
1551.4
1551.4
1551.5
1551.5
1551.5
1551.5
1551.6
1551.6
1551.6
1551.6
1551.6
1551.7
1551.7
1551.7
1551.7
1551.7
1551.7
1551.7
1551.7
1551.7
1551.8
1551.8
1551.8
1551.8
1551.8
1551.8
1551.8
1551.9
1551.9
1551.9
1552.0
1552.0
1552.0
1552.1
1552.1
1552.1
1552.2
1552.4
1552.4
1552.4
1552.4
1552.5
1552.6
1552.7
1552.7
1552.8
1553.2
1553.2
1554.5
1554.5
1554.5
1554.9
1555.4
1555.5
1555.7
1556.2
1556.3
1556.4
1556.4
1557.0
1558.6
1558.7
1559.3
1559.7
1559.7
1559.7
1559.8
1559.8
1559.8
1559.8
1559.8
1559.9
1559.9
1559.9
1559.9
1559.9
1560.0
1560.0
1560.0
1560.1
1560.1
1560.1
1560.1
1560.2
1560.2
1560.3
1560.3
1560.3
1560.3
1560.3
1560.3
1560.3
1560.4
1560.4
1560.5
1560.5
1560.5
1560.5
1560.5
1560.5
1560.6
1560.7
1560.7
1560.8
1560.8
1560.8
1560.9
1560.9
1560.9
1561.0
1561.0
1561.0
1561.1
1561.1
1561.2
1561.2
1561.2
1561.4
1561.4
1561.5
1561.5
1561.6
1561.7
1561.7
1561.7
1561.7
1561.7
1561.8
1562.0
1562.0
1562.3
1562.4
1562.8
1562.8
1563.0
1563.0
1563.1
1563.2
1563.3
1563.3
1563.5
1563.6
1563.8
1563.9
1564.8
1565.2
1566.4
1566.7
1567.2
1567.4
1567.7
1567.8
1567.8
1567.9
1568.1
1568.1
1568.1
1568.1
1568.2
1568.3
1568.3
1568.4
1568.4
1568.4
1568.5
1569.0
1569.0
1569.1
1569.2
1569.2
1569.2
1569.3
1569.4
1569.4
1569.4
1569.5
1569.5
1569.8
1569.8
1569.8
1569.9
1570.2
1570.3
1570.4
1570.4
1570.6
1570.7
1570.7
1570.8
1570.9
1571.1
1571.1
1571.2
1571.3
1571.4
1571.4
1571.5
1571.7
1571.9
1571.9
1572.0
1572.1
1572.2
1572.4
1572.5
1572.6
1573.1
1573.2
1573.2
1573.2
1573.3
1573.5
1574.0
1574.2
1574.4
1574.6
1575.1
1575.5
1575.9
1576.6
1577.2
1578.2
1578.6
1578.8
1582.3
1582.6
1583.5
1585.2
1585.7
1585.9
1586.0
1587.7
1588.8
1589.9
1590.8
1592.3
1594.5
1596.1
1597.2
1712.7
1712.7
1712.7
1712.7
1712.7
1712.7
1712.7
1712.7
1712.7
1712.7
1712.7
1712.7
1712.7
1712.7
1712.7
1712.7
1712.7
1712.7
1712.7
1712.7
1712.7
1712.7
1712.7
1712.7
1712.7
1712.7
1712.7
1712.7
1712.7
1712.7
1712.7
1712.7
1712.7
1712.7
1712.7
1712.7
1712.7
1712.7
1712.7
1712.7
1712.8
1712.8
1712.8
1712.8
1712.8
1712.8
1712.8
1712.8
1712.8
1712.8
1712.8
1712.8
1712.8
1712.8
1712.8
1712.8
1712.8
1712.8
1712.8
1712.8
1712.8
1712.8
1712.8
1712.8
1712.8
1712.8
1712.8
1712.8
1712.9
1712.9
1712.9
1712.9
1712.9
1712.9
1712.9
1712.9
1712.9
1713.0
1713.0
1713.2
1713.2
1713.2
1713.2
1713.3
1713.3
1713.3
1713.3
1713.3
1713.3
1713.4
1713.4
1713.5
1713.5
1713.6
1713.7
1713.8
1713.8
1713.8
1713.8
1714.1
1719.4
1719.4
1719.4
1719.5
1719.5
1719.5
1719.5
1719.5
1719.5
1719.5
1719.5
1719.5
1719.5
1719.6
1719.6
1719.6
1719.6
1719.6
1719.6
1719.6
1719.6
1719.6
1719.6
1719.6
1719.6
1719.6
1719.7
1719.7
1719.7
1719.7
1719.7
1719.7
1719.8
1719.8
1719.8
1719.8
1719.8
1719.9
1719.9
1719.9
1719.9
1719.9
1720.0
1720.0
1720.0
1720.0
1720.0
1720.0
1720.0
1720.0
1720.0
1720.1
1720.1
1720.1
1720.1
1720.1
1720.1
1720.1
1720.2
1720.2
1720.2
1720.3
1720.3
1720.3
1720.4
1720.4
1720.4
1720.5
1720.7
1720.7
1720.7
1720.7
1720.8
1720.9
1721.0
1721.0
1721.1
1721.5
1721.5
1722.8
1722.8
1722.8
1723.2
1723.7
1723.8
1724.0
1724.5
1724.6
1724.7
1724.7
1725.3
1726.9
1727.0
1727.8
1728.8
1729.3
1729.6
1729.9
1730.1
1730.4
1730.5
1730.7
1730.8
1730.9
1731.0
1731.0
1731.0
1731.1
1731.3
1731.3
1731.3
1731.3
1731.3
1731.4
1731.4
1731.4
1731.5
1731.5
1731.7
1731.7
1731.9
1732.0
1732.2
1732.3
1732.5
1732.8
1732.9
1733.2
1733.3
1733.4
1733.4
1733.8
1733.9
1734.0
1734.1
1734.5
1734.6
1734.7
1734.8
1735.0
1735.1
1735.3
1735.4
1735.5
1735.6
1735.6
1735.7
1735.7
1735.7
1735.8
1735.9
1735.9
1736.0
1736.0
1736.1
1736.2
1736.2
1736.2
1736.3
1736.4
1736.6
1736.8
1736.8
1737.0
1737.3
1737.6
1738.1
1738.6
1738.6
1738.8
1738.8
1738.9
1738.9
1739.4
1740.0
1740.0
1740.2
1740.5
1740.7
1741.5
1741.6
1741.8
1742.3
1742.7
1742.9
1742.9
1743.0
1743.2
1743.2
1743.3
1743.4
1743.5
1744.3
1744.4
1744.5
1744.7
1745.0
1745.1
1745.5
1745.6
1745.7
1745.8
1745.8
1746.1
1746.2
1746.9
1747.4
1747.6
1747.7
1748.0
1748.0
1748.3
1748.6
1749.0
1749.0
1750.3
1750.7
1750.8
1752.0
1752.4
1752.9
1753.6
1753.9
1756.9
1758.9
1759.3
1759.4
1760.1
1777.3
1880.7
1880.7
1880.7
1880.7
1880.7
1880.7
1880.7
1880.7
1880.7
1880.7
1880.7
1880.7
1880.7
1880.7
1880.7
1880.7
1880.7
1880.7
1880.7
1880.7
1880.7
1880.7
1880.7
1880.7
1880.7
1880.7
1880.7
1880.7
1880.7
1880.7
1880.7
1880.7
1880.7
1880.7
1880.7
1880.7
1880.7
1880.7
1880.7
1880.7
1880.8
1880.8
1880.8
1880.8
1880.8
1880.8
1880.8
1880.8
1880.8
1880.8
1880.8
1880.8
1880.8
1880.8
1880.8
1880.8
1880.8
1880.8
1880.8
1880.8
1880.8
1880.8
1880.8
1880.8
1880.8
1880.8
1880.8
1880.8
1880.9
1880.9
1880.9
1880.9
1880.9
1880.9
1880.9
1880.9
1880.9
1881.0
1881.0
1881.2
1881.2
1881.2
1881.2
1881.3
1881.3
1881.3
1881.3
1881.3
1881.3
1881.3
1881.4
1881.5
1881.5
1881.6
1881.7
1881.8
1881.8
1881.8
1881.8
1882.1
1887.4
1887.4
1887.4
1887.5
1887.5
1887.5
1887.5
1887.5
1887.5
1887.5
1887.5
1887.5
1887.5
1887.6
1887.6
1887.6
1887.6
1887.6
1887.6
1887.6
1887.6
1887.6
1887.6
1887.6
1887.6
1887.6
1887.7
1887.7
1887.7
1887.7
1887.7
1887.7
1887.8
1887.8
1887.8
1887.8
1887.8
1887.9
1887.9
1887.9
1887.9
1887.9
1888.0
1888.0
1888.0
1888.0
1888.0
1888.0
1888.0
1888.0
1888.0
1888.1
1888.1
1888.1
1888.1
1888.1
1888.1
1888.1
1888.2
1888.2
1888.2
1888.3
1888.3
1888.3
1888.4
1888.4
1888.4
1888.5
1888.7
1888.7
1888.7
1888.7
1888.8
1888.9
1889.0
1889.0
1889.1
1889.5
1889.5
1890.8
1890.8
1890.8
1891.2
1891.7
1891.8
1892.0
1892.5
1892.6
1892.7
1892.7
1893.3
1894.7
1894.9
1895.6
1895.9
1895.9
1895.9
1896.0
1896.0
1896.1
1896.1
1896.1
1896.1
1896.1
1896.1
1896.1
1896.1
1896.2
1896.2
1896.2
1896.2
1896.2
1896.2
1896.3
1896.3
1896.3
1896.4
1896.4
1896.4
1896.4
1896.5
1896.5
1896.5
1896.6
1896.6
1896.6
1896.7
1896.7
1896.7
1896.7
1896.7
1896.8
1896.8
1896.8
1896.8
1897.0
1897.0
1897.1
1897.1
1897.2
1897.2
1897.2
1897.3
1897.4
1897.4
1897.4
1897.4
1897.4
1897.5
1897.5
1897.6
1897.6
1897.6
1897.6
1897.7
1897.7
1897.9
1897.9
1898.0
1898.0
1898.3
1898.3
1898.6
1898.8
1899.0
1899.0
1899.2
1899.2
1899.5
1899.7
1899.8
1899.8
1900.3
1900.4
1900.4
1900.8
1901.4
1902.5
1903.6
1903.7
1903.8
1903.8
1904.3
1904.3
1904.3
1904.3
1904.4
1904.6
1904.7
1904.8
1905.1
1905.2
1905.3
1905.3
1905.4
1905.4
1905.5
1905.6
1905.6
1905.6
1905.7
1905.7
1905.8
1906.0
1906.0
1906.1
1906.1
1906.2
1906.2
1906.2
1906.4
1906.5
1906.5
1906.6
1906.6
1907.0
1907.0
1907.0
1907.1
1907.3
1907.5
1907.6
1907.6
1907.6
1907.6
1907.7
1907.8
1908.1
1908.1
1908.3
1908.6
1908.7
1908.7
1909.1
1909.1
1909.3
1909.3
1909.4
1909.5
1909.6
1909.7
1909.7
1910.3
1910.5
1910.5
1910.5
1910.7
1911.2
1911.3
1911.8
1911.9
1913.4
1913.9
1914.4
1915.5
1915.5
1917.6
1917.7
1917.8
1919.3
1919.7
1920.1
1921.4
1922.4
1923.0
1924.4
1925.4
1926.2
1926.6
1926.6
1927.5
1930.6
1932.1
1933.4
1942.0
1943.3
2049.0
2049.0
2049.0
2049.0
2049.0
2049.0
2049.0
2049.0
2049.0
2049.0
2049.0
2049.0
2049.0
2049.0
2049.0
2049.0
2049.0
2049.0
2049.0
2049.0
2049.0
2049.0
2049.0
2049.0
2049.0
2049.0
2049.0
2049.0
2049.0
2049.0
2049.0
2049.0
2049.0
2049.0
2049.0
2049.0
2049.0
2049.0
2049.0
2049.0
2049.1
2049.1
2049.1
2049.1
2049.1
2049.1
2049.1
2049.1
2049.1
2049.1
2049.1
2049.1
2049.1
2049.1
2049.1
2049.1
2049.1
2049.1
2049.1
2049.1
2049.1
2049.1
2049.1
2049.1
2049.1
2049.1
2049.1
2049.1
2049.2
2049.2
2049.2
2049.2
2049.2
2049.2
2049.2
2049.2
2049.2
2049.3
2049.3
2049.5
2049.5
2049.5
2049.5
2049.6
2049.6
2049.6
2049.6
2049.6
2049.6
2049.7
2049.7
2049.8
2049.8
2049.9
2050.0
2050.1
2050.1
2050.1
2050.1
2050.4
2055.7
2055.7
2055.7
2055.8
2055.8
2055.8
2055.8
2055.8
2055.8
2055.8
2055.8
2055.8
2055.8
2055.9
2055.9
2055.9
2055.9
2055.9
2055.9
2055.9
2055.9
2055.9
2055.9
2055.9
2055.9
2055.9
2056.0
2056.0
2056.0
2056.0
2056.0
2056.0
2056.1
2056.1
2056.1
2056.1
2056.1
2056.2
2056.2
2056.2
2056.2
2056.2
2056.3
2056.3
2056.3
2056.3
2056.3
2056.3
2056.3
2056.3
2056.3
2056.4
2056.4
2056.4
2056.4
2056.4
2056.4
2056.4
2056.5
2056.5
2056.5
2056.6
2056.6
2056.6
2056.7
2056.7
2056.7
2056.8
2057.0
2057.0
2057.0
2057.0
2057.1
2057.2
2057.3
2057.3
2057.4
2057.8
2057.8
2059.1
2059.1
2059.1
2059.5
2060.0
2060.1
2060.3
2060.8
2060.9
2061.0
2061.0
2061.6
2063.4
2063.4
2064.1
2065.6
2066.1
2066.1
2066.6
2066.8
2067.3
2067.8
2067.8
2067.8
2068.2
2068.3
2068.5
2068.5
2068.6
2069.0
2069.1
2069.3
2069.4
2069.4
2069.5
2069.6
2069.6
2069.7
2069.7
2069.7
2069.9
2069.9
2070.0
2070.1
2070.2
2070.4
2070.4
2070.9
2071.0
2071.1
2071.1
2071.2
2071.2
2071.2
2071.4
2071.4
2071.4
2071.6
2071.6
2071.7
2071.8
2071.9
2072.2
2072.3
2072.4
2072.4
2072.5
2072.5
2072.6
2072.6
2072.6
2072.7
2072.8
2072.8
2072.8
2072.9
2073.0
2073.1
2073.1
2073.2
2073.3
2073.3
2073.3
2073.4
2073.5
2073.6
2073.7
2073.9
2074.6
2074.6
2075.2
2075.2
2075.4
2075.5
2075.6
2075.6
2075.6
2076.0
2076.4
2076.8
2077.8
2078.1
2078.2
2078.2
2078.5
2079.6
2079.8
2080.1
2080.3
2080.5
2080.6
2080.8
2081.0
2081.1
2081.5
2082.3
2082.5
2084.0
2084.0
2084.7
2084.8
2085.2
2085.2
2085.3
2085.9
2087.0
2087.2
2088.2
2089.0
2090.1
2091.7
2092.6
2093.8
2094.9
2104.4
2217.2
2217.2
2217.2
2217.2
2217.2
2217.2
2217.2
2217.2
2217.2
2217.2
2217.2
2217.2
2217.2
2217.2
2217.2
2217.2
2217.2
2217.2
2217.2
2217.2
2217.2
2217.2
2217.2
2217.2
2217.2
2217.2
2217.2
2217.2
2217.2
2217.2
2217.2
2217.2
2217.2
2217.2
2217.2
2217.2
2217.2
2217.2
2217.2
2217.2
2217.3
2217.3
2217.3
2217.3
2217.3
2217.3
2217.3
2217.3
2217.3
2217.3
2217.3
2217.3
2217.3
2217.3
2217.3
2217.3
2217.3
2217.3
2217.3
2217.3
2217.3
2217.3
2217.3
2217.3
2217.3
2217.3
2217.3
2217.3
2217.4
2217.4
2217.4
2217.4
2217.4
2217.4
2217.4
2217.4
2217.4
2217.5
2217.5
2217.7
2217.7
2217.7
2217.7
2217.8
2217.8
2217.8
2217.8
2217.8
2217.8
2217.8
2217.9
2218.0
2218.0
2218.1
2218.2
2218.3
2218.3
2218.3
2218.3
2218.6
2223.9
2223.9
2223.9
2224.0
2224.0
2224.0
2224.0
2224.0
2224.0
2224.0
2224.0
2224.0
2224.0
2224.1
2224.1
2224.1
2224.1
2224.1
2224.1
2224.1
2224.1
2224.1
2224.1
2224.1
2224.1
2224.1
2224.2
2224.2
2224.2
2224.2
2224.2
2224.2
2224.3
2224.3
2224.3
2224.3
2224.3
2224.4
2224.4
2224.4
2224.4
2224.4
2224.5
2224.5
2224.5
2224.5
2224.5
2224.5
2224.5
2224.5
2224.5
2224.6
2224.6
2224.6
2224.6
2224.6
2224.6
2224.6
2224.7
2224.7
2224.7
2224.8
2224.8
2224.8
2224.9
2224.9
2224.9
2225.0
2225.2
2225.2
2225.2
2225.2
2225.3
2225.4
2225.5
2225.5
2225.6
2226.0
2226.0
2227.3
2227.3
2227.3
2227.7
2228.2
2228.3
2228.5
2229.0
2229.1
2229.2
2229.2
2229.8
2231.2
2231.3
2232.0
2232.0
2232.1
2232.1
2232.1
2232.1
2232.1
2232.2
2232.2
2232.2
2232.3
2232.3
2232.3
2232.3
2232.3
2232.4
2232.4
2232.4
2232.4
2232.4
2232.4
2232.4
2232.5
2232.5
2232.5
2232.5
2232.6
2232.6
2232.7
2232.7
2232.7
2232.7
2232.7
2232.8
2232.8
2232.8
2232.9
2232.9
2232.9
2232.9
2232.9
2232.9
2233.0
2233.1
2233.1
2233.1
2233.1
2233.1
2233.1
2233.2
2233.2
2233.2
2233.2
2233.2
2233.5
2233.5
2233.6
2233.7
2233.7
2233.7
2233.7
2233.7
2233.8
2233.8
2233.8
2233.9
2233.9
2234.0
2234.2
2234.2
2234.3
2234.4
2234.8
2235.2
2235.3
2235.3
2235.3
2235.4
2235.5
2235.7
2235.7
2235.8
2236.3
2237.1
2238.7
2239.0
2239.3
2239.5
2239.6
2239.6
2239.6
2239.7
2239.9
2240.0
2240.1
2240.1
2240.1
2240.3
2240.4
2240.5
2240.6
2240.8
2240.8
2240.8
2240.9
2240.9
2240.9
2241.1
2241.2
2241.2
2241.3
2241.3
2241.4
2241.6
2241.6
2241.6
2241.8
2242.0
2242.1
2242.1
2242.2
2242.3
2242.3
2242.5
2242.6
2242.9
2242.9
2243.0
2243.1
2243.3
2243.4
2243.5
2243.6
2243.6
2243.9
2244.1
2244.1
2244.2
2244.2
2244.3
2244.4
2245.0
2245.1
2245.1
2245.1
2245.1
2245.2
2245.3
2245.4
2245.6
2246.5
2246.6
2246.7
2247.0
2247.3
2247.9
2248.3
2248.4
2249.0
2249.5
2250.9
2250.9
2251.3
2251.3
2251.8
2251.9
2252.0
2252.0
2252.6
2253.1
2253.2
2253.3
2253.3
2253.7
2254.0
2254.0
2254.0
2254.2
2254.4
2254.7
2255.0
2255.7
2255.9
2255.9
2256.2
2257.6
2258.3
2258.7
2259.1
2259.2
2261.0
2261.3
2262.8
2263.0
2263.7
2263.8
2264.5
2266.0
2267.5
2270.4
2274.7
2278.9
2385.3
2385.3
2385.3
2385.3
2385.3
2385.3
2385.3
2385.3
2385.3
2385.3
2385.3
2385.3
2385.3
2385.3
2385.3
2385.3
2385.3
2385.3
2385.3
2385.3
2385.3
2385.3
2385.3
2385.3
2385.3
2385.3
2385.3
2385.3
2385.3
2385.3
2385.3
2385.3
2385.3
2385.3
2385.3
2385.3
2385.3
2385.3
2385.3
2385.3
2385.4
2385.4
2385.4
2385.4
2385.4
2385.4
2385.4
2385.4
2385.4
2385.4
2385.4
2385.4
2385.4
2385.4
2385.4
2385.4
2385.4
2385.4
2385.4
2385.4
2385.4
2385.4
2385.4
2385.4
2385.4
2385.4
2385.4
2385.4
2385.5
2385.5
2385.5
2385.5
2385.5
2385.5
2385.5
2385.5
2385.5
2385.6
2385.6
2385.8
2385.8
2385.8
2385.8
2385.9
2385.9
2385.9
2385.9
2385.9
2385.9
2386.0
2386.0
2386.1
2386.1
2386.2
2386.3
2386.4
2386.4
2386.4
2386.4
2386.7
2392.0
2392.0
2392.0
2392.1
2392.1
2392.1
2392.1
2392.1
2392.1
2392.1
2392.1
2392.1
2392.1
2392.2
2392.2
2392.2
2392.2
2392.2
2392.2
2392.2
2392.2
2392.2
2392.2
2392.2
2392.2
2392.2
2392.3
2392.3
2392.3
2392.3
2392.3
2392.3
2392.4
2392.4
2392.4
2392.4
2392.4
2392.5
2392.5
2392.5
2392.5
2392.5
2392.6
2392.6
2392.6
2392.6
2392.6
2392.6
2392.6
2392.6
2392.6
2392.7
2392.7
2392.7
2392.7
2392.7
2392.7
2392.7
2392.8
2392.8
2392.8
2392.9
2392.9
2392.9
2393.0
2393.0
2393.0
2393.1
2393.3
2393.3
2393.3
2393.3
2393.4
2393.5
2393.6
2393.6
2393.7
2394.1
2394.1
2395.4
2395.4
2395.4
2395.8
2396.3
2396.4
2396.6
2397.1
2397.2
2397.3
2397.3
2397.9
2399.8
2399.8
2400.4
2401.7
2402.9
2403.3
2404.7
2404.7
2408.1
2408.4
2408.4
2408.5
2408.8
2408.9
2408.9
2409.0
2409.1
2409.2
2409.3
2409.5
2409.5
2409.5
2409.7
2409.9
2409.9
2409.9
2410.0
2410.0
2410.0
2410.1
2410.2
2410.3
2410.3
2410.3
2410.4
2410.4
2410.4
2410.5
2410.5
2410.5
2410.6
2410.6
2410.6
2410.6
2410.6
2410.6
2410.7
2410.7
2410.7
2410.8
2410.9
2410.9
2411.0
2411.0
2411.0
2411.1
2411.1
2411.1
2411.2
2411.2
2411.2
2411.2
2411.2
2411.5
2411.6
2411.6
2411.6
2411.6
2411.6
2411.7
2411.8
2411.8
2411.8
2411.9
2412.0
2412.1
2412.2
2412.4
2412.6
2412.7
2412.8
2413.1
2413.2
2413.8
2414.1
2414.3
2414.3
2414.5
2414.9
2415.3
2415.6
2416.0
2416.2
2416.2
2416.3
2416.6
2417.3
2417.5
2418.8
2421.7
2422.0
2423.6
2424.6
2424.8
2425.2
2427.1
2427.5
2427.9
2432.8
2433.2
2434.4
2434.8
2441.6
2442.7
2443.8
2444.8
2448.4
2553.6
2553.6
2553.6
2553.6
2553.6
2553.6
2553.6
2553.6
2553.6
2553.6
2553.6
2553.6
2553.6
2553.6
2553.6
2553.6
2553.6
2553.6
2553.6
2553.6
2553.6
2553.6
2553.6
2553.6
2553.6
2553.6
2553.6
2553.6
2553.6
2553.6
2553.6
2553.6
2553.6
2553.6
2553.6
2553.6
2553.6
2553.6
2553.6
2553.6
2553.7
2553.7
2553.7
2553.7
2553.7
2553.7
2553.7
2553.7
2553.7
2553.7
2553.7
2553.7
2553.7
2553.7
2553.7
2553.7
2553.7
2553.7
2553.7
2553.7
2553.7
2553.7
2553.7
2553.7
2553.7
2553.7
2553.7
2553.7
2553.8
2553.8
2553.8
2553.8
2553.8
2553.8
2553.8
2553.8
2553.8
2553.9
2553.9
2554.1
2554.1
2554.1
2554.1
2554.2
2554.2
2554.2
2554.2
2554.2
2554.2
2554.2
2554.3
2554.4
2554.4
2554.5
2554.6
2554.7
2554.7
2554.7
2554.7
2555.0
2560.3
2560.3
2560.3
2560.4
2560.4
2560.4
2560.4
2560.4
2560.4
2560.4
2560.4
2560.4
2560.4
2560.5
2560.5
2560.5
2560.5
2560.5
2560.5
2560.5
2560.5
2560.5
2560.5
2560.5
2560.5
2560.5
2560.6
2560.6
2560.6
2560.6
2560.6
2560.6
2560.7
2560.7
2560.7
2560.7
2560.7
2560.8
2560.8
2560.8
2560.8
2560.8
2560.9
2560.9
2560.9
2560.9
2560.9
2560.9
2560.9
2560.9
2560.9
2561.0
2561.0
2561.0
2561.0
2561.0
2561.0
2561.0
2561.1
2561.1
2561.1
2561.2
2561.2
2561.2
2561.3
2561.3
2561.3
2561.4
2561.6
2561.6
2561.6
2561.6
2561.7
2561.8
2561.9
2561.9
2562.0
2562.4
2562.4
2563.7
2563.7
2563.7
2564.1
2564.6
2564.7
2564.9
2565.4
2565.5
2565.6
2565.6
2566.2
2567.5
2567.7
2568.5
2568.5
2568.6
2568.6
2568.6
2568.6
2568.6
2568.7
2568.7
2568.7
2568.7
2568.8
2568.8
2568.8
2568.8
2568.9
2568.9
2568.9
2568.9
2568.9
2568.9
2568.9
2568.9
2569.0
2569.0
2569.0
2569.1
2569.1
2569.1
2569.2
2569.2
2569.2
2569.2
2569.2
2569.3
2569.3
2569.3
2569.4
2569.4
2569.4
2569.4
2569.5
2569.5
2569.6
2569.6
2569.7
2569.7
2569.8
2569.8
2569.8
2569.8
2569.8
2569.8
2569.9
2569.9
2569.9
2570.0
2570.0
2570.1
2570.1
2570.1
2570.2
2570.2
2570.2
2570.3
2570.4
2570.5
2570.5
2570.6
2570.9
2571.2
2571.2
2571.5
2571.5
2571.6
2571.7
2571.8
2571.8
2571.9
2572.0
2572.1
2572.4
2572.7
2573.7
2575.0
2575.4
2575.4
2575.8
2576.1
2576.3
2576.5
2576.6
2576.8
2576.9
2576.9
2576.9
2577.0
2577.1
2577.2
2577.2
2577.2
2577.3
2577.5
2577.5
2577.8
2577.8
2578.0
2578.0
2578.0
2578.0
2578.1
2578.1
2578.4
2578.6
2578.7
2578.8
2578.8
2578.8
2578.9
2579.1
2579.3
2579.4
2579.4
2579.5
2579.5
2580.0
2580.2
2580.2
2580.4
2580.5
2580.5
2580.8
2580.8
2580.8
2580.9
2581.0
2581.0
2581.4
2581.5
2581.8
2582.0
2582.0
2582.5
2582.8
2582.8
2583.0
2583.4
2583.8
2584.2
2584.4
2584.4
2584.6
2584.7
2584.8
2586.0
2586.1
2586.8
2587.8
2588.0
2590.2
2590.6
2593.9
2595.0
2596.2
2596.2
2599.1
2600.2
2608.8
2609.8
2612.1
2620.1
2628.3
2721.7
2721.7
2721.7
2721.7
2721.7
2721.7
2721.7
2721.7
2721.7
2721.7
2721.7
2721.7
2721.7
2721.7
2721.7
2721.7
2721.7
2721.7
2721.7
2721.7
2721.7
2721.7
2721.7
2721.7
2721.7
2721.7
2721.7
2721.7
2721.7
2721.7
2721.7
2721.7
2721.7
2721.7
2721.7
2721.7
2721.7
2721.7
2721.7
2721.7
2721.8
2721.8
2721.8
2721.8
2721.8
2721.8
2721.8
2721.8
2721.8
2721.8
2721.8
2721.8
2721.8
2721.8
2721.8
2721.8
2721.8
2721.8
2721.8
2721.8
2721.8
2721.8
2721.8
2721.8
2721.8
2721.8
2721.8
2721.8
2721.9
2721.9
2721.9
2721.9
2721.9
2721.9
2721.9
2721.9
2721.9
2722.0
2722.0
2722.2
2722.2
2722.2
2722.2
2722.3
2722.3
2722.3
2722.3
2722.3
2722.3
2722.4
2722.4
2722.5
2722.5
2722.6
2722.7
2722.8
2722.8
2722.8
2722.8
2723.1
2728.4
2728.4
2728.4
2728.5
2728.5
2728.5
2728.5
2728.5
2728.5
2728.5
2728.5
2728.5
2728.5
2728.6
2728.6
2728.6
2728.6
2728.6
2728.6
2728.6
2728.6
2728.6
2728.6
2728.6
2728.6
2728.6
2728.7
2728.7
2728.7
2728.7
2728.7
2728.7
2728.8
2728.8
2728.8
2728.8
2728.8
2728.9
2728.9
2728.9
2728.9
2728.9
2729.0
2729.0
2729.0
2729.0
2729.0
2729.0
2729.0
2729.0
2729.0
2729.1
2729.1
2729.1
2729.1
2729.1
2729.1
2729.1
2729.2
2729.2
2729.2
2729.3
2729.3
2729.3
2729.4
2729.4
2729.4
2729.5
2729.7
2729.7
2729.7
2729.7
2729.8
2729.9
2730.0
2730.0
2730.1
2730.5
2730.5
2731.8
2731.8
2731.8
2732.2
2732.7
2732.8
2733.0
2733.5
2733.6
2733.7
2733.7
2734.3
2735.9
2736.0
2736.8
2737.8
2738.3
2738.6
2738.7
2738.7
2739.0
2739.3
2739.4
2739.5
2739.7
2739.7
2739.8
2739.8
2739.9
2739.9
2740.0
2740.0
2740.1
2740.1
2740.1
2740.1
2740.2
2740.3
2740.3
2740.3
2740.4
2740.5
2740.7
2740.9
2741.0
2741.1
2741.4
2741.5
2741.9
2742.0
2742.4
2742.4
2742.4
2742.5
2742.8
2743.0
2743.4
2743.5
2743.6
2743.8
2743.8
2744.0
2744.0
2744.2
2744.4
2744.4
2744.6
2744.6
2744.6
2744.7
2744.8
2744.8
2744.8
2744.8
2744.8
2744.9
2745.0
2745.1
2745.1
2745.2
2745.3
2745.3
2745.5
2745.6
2745.7
2745.8
2746.3
2746.6
2747.1
2747.4
2747.5
2747.6
2747.7
2747.9
2748.0
2748.3
2749.1
2749.2
2749.2
2749.5
2749.5
2749.5
2749.6
2750.0
2750.3
2750.3
2750.4
2750.6
2751.1
2751.3
2751.4
2751.4
2751.6
2751.7
2751.7
2751.7
2752.0
2752.2
2752.2
2752.2
2752.3
2752.4
2752.4
2752.6
2752.7
2752.8
2753.0
2753.3
2753.5
2753.7
2753.8
2753.9
2753.9
2754.6
2754.7
2754.9
2755.2
2755.5
2755.8
2755.9
2757.1
2758.7
2758.7
2759.0
2759.6
2761.2
2761.5
2762.6
2765.6
2769.1
2769.9
2889.8
2889.8
2889.8
2889.8
2889.8
2889.8
2889.8
2889.8
2889.8
2889.8
2889.8
2889.8
2889.8
2889.8
2889.8
2889.8
2889.8
2889.8
2889.8
2889.8
2889.8
2889.8
2889.8
2889.8
2889.8
2889.8
2889.8
2889.8
2889.8
2889.8
2889.8
2889.8
2889.8
2889.8
2889.8
2889.8
2889.8
2889.8
2889.8
2889.8
2889.9
2889.9
2889.9
2889.9
2889.9
2889.9
2889.9
2889.9
2889.9
2889.9
2889.9
2889.9
2889.9
2889.9
2889.9
2889.9
2889.9
2889.9
2889.9
2889.9
2889.9
2889.9
2889.9
2889.9
2889.9
2889.9
2889.9
2889.9
2890.0
2890.0
2890.0
2890.0
2890.0
2890.0
2890.0
2890.0
2890.0
2890.1
2890.1
2890.3
2890.3
2890.3
2890.3
2890.4
2890.4
2890.4
2890.4
2890.4
2890.4
2890.4
2890.5
2890.6
2890.6
2890.7
2890.8
2890.9
2890.9
2890.9
2890.9
2891.2
2896.5
2896.5
2896.5
2896.6
2896.6
2896.6
2896.6
2896.6
2896.6
2896.6
2896.6
2896.6
2896.6
2896.7
2896.7
2896.7
2896.7
2896.7
2896.7
2896.7
2896.7
2896.7
2896.7
2896.7
2896.7
2896.7
2896.8
2896.8
2896.8
2896.8
2896.8
2896.8
2896.9
2896.9
2896.9
2896.9
2896.9
2897.0
2897.0
2897.0
2897.0
2897.0
2897.1
2897.1
2897.1
2897.1
2897.1
2897.1
2897.1
2897.1
2897.1
2897.2
2897.2
2897.2
2897.2
2897.2
2897.2
2897.2
2897.3
2897.3
2897.3
2897.4
2897.4
2897.4
2897.5
2897.5
2897.5
2897.6
2897.8
2897.8
2897.8
2897.8
2897.9
2898.0
2898.1
2898.1
2898.2
2898.6
2898.6
2899.9
2899.9
2899.9
2900.3
2900.8
2900.9
2901.1
2901.6
2901.7
2901.8
2901.8
2902.4
2904.0
2904.1
2904.7
2905.0
2905.1
2905.1
2905.2
2905.2
2905.2
2905.3
2905.3
2905.3
2905.3
2905.3
2905.3
2905.4
2905.4
2905.4
2905.4
2905.5
2905.5
2905.5
2905.5
2905.5
2905.6
2905.6
2905.6
2905.6
2905.6
2905.7
2905.7
2905.7
2905.8
2905.8
2905.8
2905.9
2905.9
2905.9
2905.9
2905.9
2906.0
2906.0
2906.1
2906.2
2906.2
2906.2
2906.2
2906.3
2906.3
2906.3
2906.4
2906.4
2906.5
2906.5
2906.5
2906.5
2906.6
2906.6
2906.6
2906.7
2906.7
2906.7
2906.8
2906.8
2906.8
2906.8
2907.1
2907.4
2907.4
2907.5
2907.5
2908.0
2908.0
2908.1
2908.2
2908.3
2908.3
2908.8
2908.9
2908.9
2909.1
2909.1
2909.2
2909.7
2909.9
2911.4
2911.6
2912.7
2912.7
2913.0
2913.4
2913.5
2913.5
2913.8
2913.8
2914.0
2914.1
2914.2
2914.3
2914.4
2914.6
2914.7
2914.7
2914.8
2914.9
2914.9
2914.9
2914.9
2915.0
2915.1
2915.1
2915.3
2915.4
2915.6
2915.6
2915.7
2915.7
2915.7
2915.8
2915.9
2916.1
2916.2
2916.3
2916.3
2916.4
2916.4
2916.5
2916.6
2916.7
2916.7
2916.8
2916.8
2917.1
2917.2
2917.2
2917.5
2917.6
2917.6
2917.6
2917.9
2918.1
2918.1
2918.2
2918.3
2918.3
2918.4
2918.6
2918.6
2918.9
2918.9
2919.2
2919.3
2919.5
2919.5
2919.7
2919.7
2919.9
2920.3
2920.5
2920.9
2921.9
2922.7
2923.5
2923.8
2924.4
2924.8
2925.3
2925.6
2925.7
2926.9
2927.0
2927.1
2927.9
2928.1
2928.4
2928.5
2928.6
2928.9
2928.9
2930.0
2930.0
2930.1
2930.8
2931.3
2931.5
2931.7
2932.5
2933.4
2935.0
2936.7
2937.6
2937.7
2938.3
2939.5
2940.5
2941.2
2943.3
2951.6
2956.4
