247.0
247.0
247.0
247.0
247.0
247.0
247.0
247.0
247.0
247.0
247.0
247.1
247.1
247.1
247.1
247.1
247.1
247.1
247.1
247.1
247.1
247.1
247.1
247.1
247.1
247.1
247.1
247.1
247.1
247.1
247.1
247.1
247.1
247.1
247.2
247.2
247.2
247.2
247.2
247.2
247.2
247.2
247.2
247.2
247.2
247.2
247.2
247.2
247.2
247.2
247.2
247.3
247.3
247.3
247.3
247.3
247.3
247.3
247.3
247.3
247.3
247.3
247.3
247.3
247.3
247.3
247.3
247.3
247.3
247.4
247.4
247.4
247.4
247.4
247.4
247.4
247.4
247.4
247.4
247.6
247.7
247.7
247.8
247.8
247.8
247.9
248.0
248.0
248.0
248.0
248.1
248.3
248.3
248.4
248.5
248.6
248.6
248.7
248.8
249.1
253.8
253.8
253.8
253.8
253.8
253.9
253.9
253.9
253.9
254.0
254.0
254.1
254.1
254.1
254.1
254.1
254.1
254.1
254.1
254.1
254.1
254.2
254.2
254.2
254.2
254.2
254.2
254.2
254.2
254.2
254.2
254.2
254.2
254.3
254.3
254.3
254.3
254.3
254.4
254.4
254.4
254.4
254.4
254.4
254.5
254.5
254.5
254.5
254.5
254.5
254.5
254.5
254.5
254.6
254.6
254.6
254.7
254.7
254.7
254.7
254.7
254.8
254.8
254.8
254.8
254.8
254.8
254.8
254.8
254.8
254.8
254.8
254.8
254.9
254.9
254.9
254.9
255.0
255.3
255.8
255.8
256.3
256.4
256.4
256.4
256.6
256.9
257.0
257.3
257.5
257.7
258.0
258.4
258.5
259.3
259.4
259.5
259.6
259.6
259.7
259.8
259.8
259.8
259.8
259.8
259.9
259.9
259.9
259.9
259.9
259.9
259.9
259.9
259.9
259.9
259.9
259.9
259.9
259.9
260.0
260.0
260.0
260.0
260.0
260.0
260.0
260.0
260.0
260.0
260.1
260.1
260.1
260.1
260.2
260.2
260.2
260.2
260.2
260.3
260.3
260.3
260.4
260.4
260.4
260.4
260.4
260.4
260.5
260.6
260.6
260.6
260.6
260.6
260.6
260.7
260.7
260.7
260.7
260.8
260.8
260.8
260.8
260.8
260.8
260.9
260.9
261.0
261.0
261.0
261.1
261.2
261.2
261.2
261.3
261.3
261.3
261.4
261.5
261.5
261.9
262.3
262.3
262.4
262.4
262.5
262.6
262.9
263.2
263.4
263.7
263.9
264.5
264.6
264.7
264.7
264.7
264.8
264.8
264.8
264.8
264.9
264.9
265.0
265.0
265.0
265.0
265.0
265.0
265.1
265.1
265.1
265.1
265.1
265.2
265.2
265.2
265.2
265.3
265.3
265.3
265.4
265.4
265.4
265.4
265.4
265.4
265.5
265.5
265.5
265.5
265.6
265.6
265.7
265.7
265.7
265.7
265.7
265.7
265.8
265.8
265.8
265.9
265.9
265.9
265.9
265.9
265.9
266.0
266.0
266.1
266.1
266.3
266.4
266.4
266.5
266.5
266.5
266.6
266.8
266.8
266.9
267.1
267.1
267.1
267.2
267.2
267.2
267.3
267.3
267.4
267.4
267.6
267.8
268.1
268.1
268.2
268.6
269.1
269.2
269.2
269.5
269.5
269.7
269.9
270.2
270.3
271.4
271.9
272.0
272.2
272.3
272.4
272.5
272.7
272.7
272.7
272.8
272.9
273.0
273.0
273.1
273.1
273.4
273.5
273.6
273.6
273.7
273.7
273.8
274.0
274.0
274.0
274.1
274.2
274.2
274.2
274.3
274.3
274.3
274.4
274.5
274.5
274.6
274.6
274.7
274.7
274.7
274.8
274.9
274.9
275.0
275.1
275.1
275.2
275.2
275.3
275.3
275.3
275.5
275.7
275.8
275.9
276.0
276.1
276.2
276.3
276.4
276.5
276.5
276.6
276.8
276.9
277.5
277.7
277.7
277.7
277.9
277.9
279.1
279.2
279.3
279.9
280.0
280.1
280.5
282.0
282.7
282.8
282.9
283.0
283.0
283.6
285.3
285.8
286.0
286.4
287.5
288.8
289.5
290.1
292.4
416.7
416.7
416.7
416.8
416.8
416.8
416.8
416.8
416.8
416.8
416.8
416.8
416.8
416.8
416.8
416.8
416.8
416.8
416.8
416.8
416.8
416.8
416.8
416.8
416.8
416.8
416.8
416.8
416.8
416.8
416.9
416.9
416.9
416.9
416.9
416.9
416.9
416.9
416.9
416.9
416.9
416.9
416.9
416.9
416.9
416.9
416.9
416.9
416.9
416.9
416.9
416.9
416.9
416.9
416.9
416.9
416.9
416.9
416.9
416.9
416.9
416.9
416.9
416.9
416.9
417.0
417.0
417.0
417.0
417.0
417.0
417.0
417.1
417.1
417.1
417.1
417.1
417.2
417.2
417.3
417.3
417.4
417.4
417.5
417.5
417.5
417.5
417.6
417.8
417.8
417.8
417.8
418.0
418.0
418.2
418.3
418.3
418.3
418.3
418.5
422.0
422.1
422.1
422.1
422.1
422.2
422.2
422.2
422.2
422.2
422.2
422.2
422.2
422.2
422.2
422.2
422.2
422.2
422.2
422.2
422.2
422.2
422.2
422.2
422.2
422.2
422.3
422.3
422.3
422.3
422.3
422.3
422.3
422.3
422.3
422.3
422.3
422.3
422.3
422.3
422.3
422.3
422.3
422.3
422.3
422.3
422.3
422.3
422.3
422.3
422.3
422.3
422.3
422.3
422.4
422.4
422.4
422.4
422.4
422.4
422.5
422.5
422.5
422.5
422.5
422.6
422.6
422.6
422.6
422.7
422.7
422.7
422.7
422.7
422.8
422.8
422.9
423.0
423.2
423.4
423.5
423.8
423.9
424.0
424.1
424.1
424.4
424.5
425.0
425.1
425.2
425.5
426.0
426.1
426.9
427.3
427.4
427.5
427.6
428.0
428.0
428.0
428.0
428.0
428.1
428.1
428.1
428.1
428.1
428.1
428.1
428.1
428.1
428.1
428.1
428.2
428.2
428.2
428.2
428.2
428.2
428.2
428.2
428.2
428.2
428.3
428.3
428.3
428.3
428.3
428.3
428.3
428.4
428.4
428.4
428.4
428.4
428.4
428.5
428.5
428.5
428.5
428.5
428.6
428.6
428.6
428.6
428.6
428.6
428.7
428.7
428.7
428.7
428.8
428.8
428.9
428.9
428.9
428.9
428.9
428.9
429.0
429.0
429.0
429.1
429.2
429.2
429.2
429.3
429.4
429.5
429.5
429.5
429.6
429.7
429.7
429.9
429.9
430.0
430.3
430.9
430.9
430.9
431.0
431.1
431.2
431.6
431.6
431.8
431.9
431.9
433.0
433.1
433.2
433.2
433.3
433.3
433.3
433.4
433.4
433.4
433.4
433.4
433.5
433.5
433.5
433.6
433.6
433.6
433.7
433.7
433.7
433.8
433.8
433.8
433.8
433.9
433.9
434.0
434.0
434.0
434.1
434.1
434.2
434.2
434.2
434.3
434.3
434.3
434.3
434.4
434.5
434.5
434.5
434.5
434.6
434.6
434.6
434.6
434.7
434.7
434.7
434.8
434.9
434.9
434.9
435.0
435.2
435.3
435.3
435.3
435.5
435.6
435.6
435.7
435.9
436.0
436.1
436.2
436.3
436.3
436.5
436.7
437.0
437.2
437.2
437.5
437.6
437.8
437.9
437.9
438.0
438.3
438.4
438.7
439.1
439.3
440.5
440.7
442.1
442.4
442.4
442.6
442.8
442.9
443.0
443.2
443.3
444.3
444.4
444.6
444.7
444.8
445.0
445.1
445.2
445.4
445.4
445.5
445.8
446.1
446.2
446.5
446.6
446.7
447.1
447.4
447.8
448.0
448.3
448.4
448.5
448.7
448.7
448.8
449.0
449.1
449.9
450.3
450.8
451.4
451.6
451.7
451.8
451.8
451.9
451.9
452.8
453.1
453.7
454.8
455.0
456.0
456.2
458.2
468.6
478.2
546.2
546.2
546.2
546.2
546.2
546.2
546.2
546.2
546.2
546.2
546.2
546.2
546.2
546.2
546.2
546.3
546.3
546.3
546.3
546.3
546.3
546.3
546.3
546.3
546.3
546.3
546.3
546.3
546.3
546.3
546.3
546.3
546.3
546.3
546.3
546.3
546.3
546.3
546.3
546.3
546.3
546.3
546.3
546.3
546.3
546.3
546.4
546.4
546.4
546.4
546.4
546.4
546.4
546.4
546.4
546.4
546.4
546.4
546.4
546.4
546.4
546.4
546.4
546.4
546.4
546.4
546.4
546.4
546.4
546.4
546.4
546.4
546.5
546.5
546.5
546.5
546.5
546.5
546.5
546.7
546.7
546.7
546.8
546.8
546.8
546.9
546.9
546.9
547.0
547.0
547.0
547.2
547.2
547.2
547.4
547.4
547.5
547.5
547.6
547.9
553.8
553.9
553.9
553.9
553.9
554.0
554.0
554.0
554.1
554.1
554.2
554.2
554.3
554.3
554.3
554.3
554.3
554.3
554.4
554.4
554.4
554.4
554.4
554.4
554.4
554.4
554.4
554.4
554.5
554.5
554.5
554.5
554.5
554.5
554.6
554.6
554.6
554.6
554.7
554.7
554.7
554.8
554.8
554.8
554.8
554.8
554.9
554.9
554.9
554.9
554.9
555.0
555.0
555.0
555.1
555.1
555.2
555.2
555.2
555.3
555.3
555.3
555.3
555.4
555.4
555.4
555.4
555.4
555.4
555.4
555.4
555.5
555.5
555.7
555.7
555.7
555.7
555.8
556.1
557.4
557.6
558.3
558.6
558.8
559.0
559.7
560.8
560.9
561.4
561.6
562.3
564.0
564.0
564.2
565.0
565.3
565.4
565.4
565.4
565.4
565.4
565.4
565.5
565.5
565.5
565.5
565.5
565.5
565.5
565.5
565.5
565.5
565.5
565.5
565.5
565.5
565.5
565.5
565.5
565.5
565.5
565.5
565.5
565.5
565.5
565.5
565.5
565.5
565.5
565.5
565.5
565.5
565.5
565.5
565.5
565.5
565.5
565.5
565.5
565.5
565.5
565.6
565.6
565.6
565.6
565.6
565.6
565.6
565.6
565.6
565.6
565.6
565.6
565.6
565.6
565.6
565.6
565.6
565.6
565.6
565.6
565.6
565.6
565.6
565.6
565.6
565.6
565.6
565.7
565.7
565.7
565.7
565.9
566.0
566.1
566.1
566.3
566.3
566.3
566.3
566.8
566.8
567.0
567.2
567.9
568.1
568.7
570.1
570.8
572.1
572.6
572.6
572.6
572.7
572.7
572.7
572.7
572.7
572.7
572.7
572.7
572.8
572.8
572.8
572.8
572.8
572.8
572.8
572.8
572.8
572.9
572.9
572.9
572.9
572.9
572.9
573.0
573.0
573.0
573.0
573.0
573.0
573.1
573.1
573.1
573.1
573.1
573.1
573.2
573.2
573.3
573.3
573.3
573.3
573.4
573.4
573.4
573.4
573.4
573.5
573.5
573.5
573.5
573.6
573.6
573.6
573.7
573.7
573.7
573.7
573.7
573.7
573.7
573.8
573.9
573.9
573.9
573.9
573.9
574.0
574.1
574.2
574.2
574.2
574.2
574.4
574.4
574.4
574.6
574.6
574.7
574.7
574.8
575.1
575.2
575.2
575.3
575.4
575.4
575.4
575.6
575.6
576.0
576.0
576.1
576.1
576.7
576.7
577.9
578.0
578.0
578.0
578.0
578.0
578.0
578.1
578.1
578.2
578.2
578.2
578.2
578.2
578.2
578.3
578.3
578.3
578.3
578.3
578.3
578.3
578.4
578.4
578.5
578.5
578.5
578.5
578.5
578.5
578.5
578.6
578.6
578.6
578.6
578.6
578.6
578.7
578.7
578.7
578.7
578.7
578.8
578.8
578.8
578.8
578.9
578.9
578.9
578.9
578.9
578.9
578.9
579.0
579.0
579.1
579.1
579.2
579.3
579.3
579.3
579.3
579.4
579.5
579.5
579.6
579.6
579.7
579.8
579.8
580.0
580.0
580.0
580.1
580.2
580.3
580.3
580.4
580.4
580.4
580.5
581.4
581.4
581.5
581.7
581.8
581.9
582.0
582.5
582.6
582.9
583.2
583.2
583.7
584.0
584.3
584.3
584.4
584.5
584.5
584.7
584.7
584.8
584.8
584.8
584.9
584.9
584.9
585.0
585.0
585.1
585.1
585.3
585.4
585.4
585.4
585.4
585.4
585.4
585.4
585.6
585.6
585.6
585.6
585.7
585.7
585.8
585.8
585.8
585.9
585.9
585.9
586.1
586.1
586.2
586.2
586.2
586.3
586.3
586.5
586.6
586.6
586.7
586.7
586.7
586.8
586.8
586.8
586.8
586.9
587.0
587.0
587.1
587.2
587.5
587.5
587.7
587.7
587.7
587.7
587.8
587.8
588.0
588.3
588.5
588.5
588.6
588.7
588.9
589.1
589.3
589.8
590.2
590.5
590.7
591.4
591.4
591.5
592.1
592.3
592.3
593.7
593.8
594.4
594.9
596.0
596.5
597.5
597.7
607.1
609.5
693.3
693.3
693.3
693.3
693.3
693.3
693.3
693.3
693.3
693.3
693.3
693.3
693.3
693.3
693.3
693.3
693.3
693.3
693.3
693.3
693.4
693.4
693.4
693.4
693.4
693.4
693.4
693.4
693.4
693.4
693.4
693.4
693.4
693.4
693.4
693.4
693.4
693.4
693.4
693.4
693.4
693.4
693.4
693.4
693.4
693.4
693.4
693.4
693.4
693.4
693.4
693.4
693.4
693.4
693.4
693.4
693.4
693.4
693.5
693.5
693.5
693.5
693.5
693.5
693.5
693.5
693.5
693.5
693.5
693.5
693.5
693.5
693.5
693.5
693.5
693.5
693.5
693.5
693.6
693.7
693.7
693.8
693.8
693.8
693.8
693.9
694.0
694.0
694.0
694.0
694.1
694.2
694.2
694.3
694.4
694.5
694.5
694.5
694.6
694.9
701.0
701.0
701.0
701.0
701.0
701.0
701.0
701.1
701.1
701.2
701.2
701.3
701.3
701.3
701.3
701.3
701.3
701.3
701.3
701.3
701.3
701.4
701.4
701.4
701.4
701.4
701.4
701.4
701.4
701.4
701.4
701.4
701.4
701.4
701.4
701.4
701.4
701.5
701.5
701.5
701.5
701.5
701.5
701.5
701.5
701.5
701.6
701.6
701.6
701.6
701.6
701.6
701.7
701.7
701.7
701.7
701.7
701.7
701.7
701.8
701.8
701.8
701.8
701.8
701.8
701.8
701.8
701.8
701.8
701.9
701.9
701.9
701.9
701.9
702.0
702.0
702.0
702.0
702.2
702.5
702.6
702.9
702.9
702.9
703.0
703.1
703.3
703.4
703.6
703.7
703.8
704.0
704.3
704.4
704.9
705.2
705.3
705.4
705.5
706.0
708.9
708.9
708.9
708.9
709.0
709.0
709.0
709.0
709.0
709.0
709.0
709.0
709.0
709.0
709.0
709.0
709.1
709.1
709.1
709.1
709.1
709.1
709.1
709.1
709.1
709.1
709.1
709.1
709.1
709.1
709.1
709.1
709.1
709.1
709.1
709.1
709.1
709.1
709.2
709.2
709.2
709.2
709.2
709.2
709.2
709.2
709.2
709.2
709.2
709.2
709.2
709.3
709.3
709.3
709.3
709.3
709.3
709.4
709.4
709.4
709.4
709.4
709.4
709.4
709.4
709.4
709.4
709.5
709.5
709.5
709.5
709.5
709.5
709.5
709.6
709.7
709.8
709.8
710.0
710.2
710.2
710.5
710.5
710.5
710.6
710.6
710.8
710.8
710.9
710.9
710.9
711.3
711.4
711.5
711.9
711.9
712.0
712.2
712.3
712.9
712.9
713.0
713.0
713.0
713.1
713.1
713.1
713.1
713.1
713.2
713.2
713.2
713.2
713.2
713.2
713.2
713.2
713.2
713.3
713.3
713.3
713.3
713.3
713.3
713.3
713.3
713.4
713.4
713.4
713.4
713.4
713.4
713.4
713.4
713.4
713.5
713.5
713.5
713.5
713.5
713.5
713.5
713.5
713.6
713.6
713.6
713.6
713.6
713.6
713.6
713.6
713.6
713.7
713.7
713.7
713.7
713.7
713.8
713.8
713.8
713.8
713.9
714.0
714.1
714.1
714.1
714.1
714.2
714.3
714.3
714.4
714.5
714.5
714.6
714.6
715.1
715.2
715.8
715.8
716.0
716.0
716.1
716.1
716.2
716.7
717.1
717.3
717.7
717.7
718.3
718.5
718.5
718.6
718.6
718.6
718.7
718.8
718.9
719.0
719.0
719.0
719.1
719.1
719.1
719.1
719.1
719.2
719.2
719.2
719.2
719.2
719.3
719.3
719.4
719.4
719.4
719.4
719.5
719.5
719.5
719.6
719.6
719.6
719.7
719.7
719.7
719.7
719.7
719.8
719.8
719.9
719.9
720.0
720.0
720.0
720.1
720.1
720.1
720.1
720.1
720.2
720.2
720.2
720.3
720.3
720.3
720.4
720.4
720.4
720.5
720.6
720.6
720.7
720.8
720.8
720.8
720.8
720.8
720.8
720.8
721.0
721.0
721.1
721.5
721.6
721.7
721.8
722.0
722.2
722.5
722.6
722.8
723.0
723.1
723.2
724.0
724.1
724.2
724.5
725.0
725.2
725.3
725.6
725.9
730.1
730.1
730.5
732.2
732.8
734.3
734.4
734.4
734.4
734.4
734.5
734.5
734.5
734.5
734.5
734.6
734.6
734.6
734.6
734.6
734.6
734.6
734.6
734.6
734.6
734.6
734.6
734.7
734.7
734.7
734.7
734.7
734.7
734.7
734.7
734.8
734.8
734.8
734.8
734.8
734.8
734.8
734.8
734.8
734.8
734.8
734.8
734.8
734.8
734.9
734.9
734.9
734.9
734.9
734.9
734.9
734.9
734.9
734.9
734.9
734.9
734.9
734.9
734.9
734.9
735.0
735.0
735.0
735.0
735.0
735.0
735.0
735.0
735.0
735.0
735.0
735.1
735.1
735.1
735.1
735.1
735.2
735.2
735.2
735.3
735.3
735.3
735.3
735.4
735.5
735.5
735.6
735.6
735.6
735.6
735.7
735.8
735.8
735.9
736.1
736.1
736.2
736.5
737.9
738.0
740.7
741.0
741.1
741.1
741.2
741.2
741.3
741.3
741.3
741.4
741.4
741.4
741.4
741.5
741.5
741.6
741.6
741.6
741.6
741.7
741.7
741.7
741.7
741.7
741.8
741.8
741.9
741.9
741.9
741.9
742.0
742.0
742.0
742.0
742.1
742.1
742.1
742.1
742.1
742.2
742.2
742.2
742.2
742.2
742.2
742.2
742.2
742.2
742.3
742.3
742.3
742.3
742.3
742.3
742.3
742.4
742.4
742.4
742.4
742.4
742.4
742.5
742.5
742.5
742.7
742.7
742.8
742.8
742.8
742.8
742.9
742.9
743.0
743.1
743.1
743.2
743.3
743.4
743.5
743.8
744.1
744.3
744.5
744.6
744.7
744.8
745.0
745.2
745.8
746.1
746.1
746.2
747.8
748.0
748.4
748.7
749.0
749.2
749.3
749.6
753.1
753.3
753.6
753.7
753.7
753.7
753.7
753.8
753.8
753.8
753.9
753.9
753.9
753.9
753.9
754.0
754.0
754.0
754.0
754.0
754.0
754.0
754.1
754.1
754.1
754.1
754.1
754.2
754.2
754.2
754.2
754.2
754.2
754.2
754.3
754.3
754.3
754.3
754.3
754.3
754.3
754.3
754.4
754.4
754.4
754.4
754.4
754.4
754.4
754.4
754.4
754.4
754.5
754.5
754.5
754.5
754.5
754.5
754.5
754.6
754.6
754.6
754.6
754.6
754.6
754.6
754.6
754.7
754.7
754.7
754.7
754.8
754.8
754.8
754.8
754.8
754.9
755.0
755.3
755.7
755.8
755.8
755.9
756.2
756.5
756.5
756.8
757.3
757.4
757.5
758.0
758.9
759.0
759.5
760.4
760.6
761.6
761.8
761.8
762.4
762.5
762.8
762.8
762.9
763.1
763.2
763.3
763.3
763.5
763.5
763.5
763.6
763.6
763.7
763.7
763.7
763.8
763.8
763.9
763.9
764.1
764.1
764.1
764.1
764.3
764.3
764.4
764.4
764.4
764.4
764.4
764.5
764.6
764.7
764.8
764.9
765.0
765.2
765.2
765.4
765.4
766.1
766.3
766.3
766.4
766.5
767.0
767.5
767.5
767.8
768.0
768.0
768.0
768.3
768.7
768.8
769.1
769.1
769.3
769.6
770.2
770.3
770.4
770.7
770.8
770.9
770.9
771.6
772.0
772.0
773.1
773.5
773.6
774.0
774.1
774.2
774.2
774.5
774.8
774.8
774.9
775.0
775.0
775.3
775.6
775.7
775.9
776.0
776.1
776.5
776.6
776.6
776.6
776.7
777.7
778.5
778.8
779.0
780.4
780.8
781.1
781.8
783.3
783.6
783.8
784.7
786.4
789.1
790.1
791.6
794.4
863.9
863.9
863.9
863.9
863.9
863.9
863.9
864.0
864.0
864.0
864.0
864.0
864.0
864.0
864.0
864.0
864.0
864.0
864.0
864.0
864.0
864.1
864.1
864.1
864.1
864.1
864.1
864.1
864.1
864.1
864.1
864.1
864.1
864.2
864.2
864.2
864.2
864.2
864.2
864.2
864.2
864.2
864.2
864.2
864.2
864.2
864.2
864.2
864.2
864.2
864.2
864.2
864.2
864.2
864.2
864.2
864.2
864.2
864.2
864.2
864.2
864.2
864.2
864.2
864.2
864.3
864.3
864.3
864.3
864.3
864.3
864.3
864.3
864.3
864.3
864.5
864.6
864.6
864.7
864.7
864.7
864.8
864.8
864.8
864.8
865.1
865.2
865.5
865.6
865.8
865.9
866.1
866.4
866.5
866.6
866.9
867.0
867.0
867.0
867.1
868.4
868.4
868.4
868.4
868.4
868.4
868.4
868.4
868.4
868.5
868.5
868.5
868.5
868.5
868.5
868.5
868.5
868.5
868.5
868.5
868.5
868.5
868.5
868.5
868.5
868.5
868.5
868.5
868.5
868.5
868.5
868.5
868.5
868.5
868.5
868.5
868.5
868.5
868.5
868.5
868.5
868.5
868.5
868.5
868.5
868.5
868.5
868.5
868.5
868.5
868.5
868.5
868.5
868.5
868.5
868.5
868.5
868.5
868.5
868.5
868.5
868.5
868.5
868.5
868.5
868.5
868.5
868.5
868.5
868.5
868.6
868.6
868.6
868.8
868.8
868.8
868.9
868.9
869.0
869.0
869.0
869.1
869.2
869.3
869.4
869.4
869.9
870.0
870.1
870.6
870.9
871.1
871.9
872.2
872.5
872.9
873.2
873.2
873.2
873.2
873.2
873.2
873.2
873.2
873.2
873.2
873.3
873.3
873.3
873.3
873.3
873.3
873.3
873.3
873.3
873.3
873.3
873.3
873.3
873.3
873.3
873.3
873.3
873.3
873.3
873.3
873.3
873.3
873.3
873.3
873.3
873.3
873.3
873.3
873.4
873.4
873.4
873.4
873.4
873.4
873.4
873.4
873.4
873.4
873.4
873.4
873.4
873.4
873.5
873.5
873.5
873.5
873.5
873.5
873.5
873.5
873.5
873.5
873.5
873.5
873.5
873.5
873.5
873.5
873.5
873.5
873.6
873.6
873.6
873.6
873.6
873.6
873.7
873.9
873.9
874.0
874.0
874.0
874.1
874.1
874.2
874.2
874.3
874.3
874.5
874.7
875.1
875.3
875.6
875.8
876.1
876.3
877.4
877.4
877.4
877.5
877.6
877.6
877.6
877.6
877.6
877.6
877.6
877.7
877.7
877.7
877.7
877.7
877.7
877.7
877.7
877.7
877.7
877.7
877.7
877.7
877.7
877.8
877.8
877.8
877.8
877.8
877.8
877.8
877.8
877.8
877.9
877.9
877.9
877.9
877.9
877.9
878.0
878.0
878.0
878.1
878.1
878.1
878.1
878.1
878.1
878.1
878.1
878.2
878.2
878.2
878.2
878.2
878.2
878.3
878.3
878.3
878.3
878.3
878.4
878.4
878.4
878.5
878.5
878.6
878.6
878.6
878.7
878.7
878.8
878.9
879.0
879.1
879.1
879.1
879.4
879.5
879.5
879.6
879.6
879.9
879.9
880.0
880.0
880.1
880.1
880.5
880.6
880.7
881.4
881.6
881.7
882.5
883.3
883.9
883.9
884.0
884.0
884.1
884.2
884.5
884.5
884.5
884.5
884.5
884.6
884.6
884.6
884.7
884.8
884.8
884.8
884.9
884.9
885.0
885.0
885.0
885.1
885.1
885.2
885.2
885.2
885.3
885.3
885.4
885.4
885.4
885.5
885.5
885.5
885.6
885.7
885.7
885.8
885.8
885.8
885.8
886.0
886.0
886.0
886.0
886.1
886.2
886.2
886.2
886.3
886.5
886.6
886.6
886.6
886.7
886.7
886.8
886.9
887.1
887.1
887.2
887.3
887.4
887.5
887.6
888.2
888.4
888.4
888.8
888.8
888.9
889.0
889.2
890.2
890.5
890.9
891.1
891.3
891.6
892.1
892.2
892.6
892.9
893.6
893.6
895.0
895.2
895.2
895.3
896.4
905.7
907.9
908.1
908.9
908.9
908.9
908.9
908.9
908.9
908.9
908.9
908.9
909.0
909.0
909.0
909.0
909.0
909.0
909.0
909.0
909.0
909.0
909.0
909.0
909.0
909.1
909.1
909.1
909.1
909.1
909.1
909.1
909.1
909.1
909.1
909.1
909.2
909.2
909.2
909.2
909.2
909.2
909.2
909.2
909.2
909.2
909.2
909.2
909.2
909.2
909.2
909.2
909.2
909.2
909.2
909.2
909.2
909.2
909.2
909.3
909.3
909.3
909.3
909.3
909.3
909.3
909.3
909.3
909.4
909.4
909.4
909.4
909.4
909.4
909.5
909.6
909.7
909.8
909.9
909.9
909.9
910.0
910.0
910.0
910.0
910.0
910.1
910.1
910.2
910.2
910.4
910.6
910.6
910.6
910.7
912.0
912.0
912.3
913.2
913.4
917.7
917.7
917.7
917.7
917.8
917.8
917.8
917.8
917.8
917.8
917.8
917.8
917.8
917.8
917.8
917.8
917.8
917.8
917.8
917.8
917.8
917.8
917.8
917.8
917.8
917.8
917.8
917.8
917.8
917.8
917.8
917.8
917.8
917.8
917.8
917.8
917.8
917.8
917.8
917.8
917.8
917.8
917.8
917.8
917.8
917.8
917.8
917.8
917.8
917.8
917.8
917.8
917.8
917.8
917.8
917.8
917.8
917.8
917.8
917.8
917.9
917.9
917.9
917.9
917.9
917.9
917.9
917.9
917.9
917.9
917.9
917.9
917.9
917.9
917.9
918.0
918.0
918.0
918.1
918.1
918.2
918.2
918.3
918.3
918.4
918.4
918.4
918.4
918.6
918.6
918.7
918.7
918.8
919.1
919.2
919.2
919.2
919.8
919.9
920.0
924.0
924.0
924.0
924.1
924.1
924.1
924.1
924.1
924.1
924.1
924.1
924.1
924.1
924.1
924.1
924.1
924.1
924.1
924.1
924.1
924.1
924.1
924.1
924.2
924.2
924.2
924.2
924.2
924.2
924.2
924.2
924.2
924.2
924.2
924.2
924.2
924.2
924.2
924.2
924.2
924.2
924.2
924.2
924.2
924.2
924.2
924.3
924.3
924.3
924.3
924.3
924.3
924.3
924.3
924.3
924.3
924.4
924.4
924.4
924.4
924.4
924.4
924.4
924.4
924.4
924.5
924.5
924.5
924.5
924.5
924.5
924.5
924.5
924.6
924.7
924.7
924.7
924.7
925.0
925.1
925.1
925.3
925.3
925.3
925.5
925.5
925.6
925.6
925.6
925.7
925.7
925.9
926.3
926.6
926.6
927.0
927.0
927.1
927.1
927.5
928.5
928.5
928.5
928.5
928.6
928.6
928.6
928.7
928.7
928.7
928.7
928.7
928.7
928.7
928.8
928.8
928.8
928.8
928.8
928.8
928.9
928.9
928.9
928.9
928.9
928.9
928.9
929.0
929.0
929.0
929.0
929.0
929.0
929.1
929.1
929.1
929.1
929.1
929.1
929.1
929.1
929.1
929.1
929.2
929.2
929.2
929.2
929.2
929.2
929.3
929.3
929.4
929.4
929.4
929.4
929.4
929.4
929.5
929.5
929.5
929.6
929.7
929.7
929.7
929.8
929.8
929.9
929.9
929.9
930.0
930.0
930.1
930.2
930.2
930.4
930.4
930.5
930.6
930.8
931.1
931.2
931.3
931.3
931.4
931.5
931.8
932.2
932.4
932.4
932.5
933.1
933.2
933.9
934.2
934.6
934.8
934.8
934.9
934.9
935.3
935.3
935.4
935.4
935.4
935.4
935.4
935.5
935.5
935.5
935.6
935.6
935.6
935.7
935.7
935.8
935.8
935.8
935.9
935.9
935.9
936.0
936.0
936.1
936.1
936.1
936.2
936.2
936.2
936.2
936.3
936.4
936.4
936.4
936.4
936.4
936.4
936.4
936.4
936.4
936.5
936.5
936.6
936.6
936.6
936.7
936.7
936.8
936.9
937.0
937.0
937.0
937.0
937.1
937.1
937.3
937.4
937.4
937.6
937.6
937.7
937.7
937.7
937.9
938.1
938.2
938.3
938.3
938.5
938.5
938.6
938.7
938.9
939.1
939.2
939.4
939.9
940.4
940.8
941.4
941.5
942.2
942.5
942.9
943.2
944.8
945.2
946.8
946.9
950.8
951.4
952.4
953.0
955.4
956.7
956.8
957.1
959.7
960.7
961.9
965.7
968.8
968.9
979.3
984.7
1039.4
1039.4
1039.4
1039.4
1039.4
1039.4
1039.4
1039.5
1039.5
1039.5
1039.5
1039.5
1039.5
1039.5
1039.5
1039.5
1039.5
1039.5
1039.5
1039.5
1039.6
1039.6
1039.6
1039.6
1039.6
1039.6
1039.6
1039.6
1039.6
1039.6
1039.6
1039.6
1039.6
1039.6
1039.6
1039.6
1039.6
1039.6
1039.6
1039.6
1039.6
1039.6
1039.6
1039.6
1039.7
1039.7
1039.7
1039.7
1039.7
1039.7
1039.7
1039.7
1039.8
1039.8
1039.8
1039.8
1039.8
1039.8
1039.8
1039.9
1039.9
1039.9
1039.9
1039.9
1039.9
1040.0
1040.1
1040.1
1040.1
1040.2
1040.2
1040.2
1040.2
1040.4
1040.4
1040.5
1040.5
1040.5
1040.5
1040.6
1040.6
1040.6
1040.6
1040.7
1040.7
1040.7
1040.9
1041.0
1041.0
1041.1
1041.1
1041.2
1041.3
1041.4
1041.5
1041.5
1041.6
1041.6
1041.6
1041.6
1043.7
1043.7
1043.7
1043.7
1043.7
1043.8
1043.8
1043.8
1043.8
1043.8
1043.8
1043.8
1043.8
1043.8
1043.8
1043.9
1043.9
1043.9
1043.9
1043.9
1043.9
1043.9
1043.9
1044.0
1044.0
1044.0
1044.0
1044.0
1044.0
1044.0
1044.0
1044.0
1044.0
1044.0
1044.0
1044.0
1044.1
1044.1
1044.1
1044.1
1044.1
1044.1
1044.1
1044.1
1044.1
1044.2
1044.2
1044.2
1044.2
1044.2
1044.2
1044.2
1044.2
1044.3
1044.3
1044.3
1044.3
1044.3
1044.4
1044.4
1044.5
1044.5
1044.5
1044.5
1044.6
1044.6
1044.6
1044.6
1044.7
1044.7
1044.7
1044.7
1044.8
1045.2
1045.3
1045.3
1045.3
1045.3
1045.4
1045.4
1045.6
1045.7
1045.7
1045.8
1046.0
1046.1
1046.3
1046.4
1046.6
1046.8
1046.9
1047.1
1047.5
1047.6
1048.0
1048.2
1048.2
1048.2
1048.2
1048.2
1048.2
1048.3
1048.3
1048.3
1048.3
1048.3
1048.3
1048.3
1048.3
1048.3
1048.3
1048.3
1048.3
1048.3
1048.4
1048.4
1048.4
1048.4
1048.4
1048.4
1048.4
1048.4
1048.4
1048.4
1048.5
1048.5
1048.5
1048.5
1048.5
1048.5
1048.5
1048.6
1048.6
1048.6
1048.6
1048.6
1048.6
1048.6
1048.6
1048.6
1048.6
1048.6
1048.6
1048.7
1048.7
1048.7
1048.7
1048.7
1048.7
1048.8
1048.8
1048.8
1048.8
1048.8
1048.9
1048.9
1048.9
1048.9
1049.0
1049.1
1049.1
1049.1
1049.1
1049.2
1049.2
1049.2
1049.2
1049.2
1049.2
1049.3
1049.4
1049.4
1049.4
1049.7
1049.7
1050.0
1050.0
1050.3
1050.4
1050.4
1050.4
1050.5
1050.6
1050.6
1051.0
1051.3
1051.4
1051.7
1052.4
1052.5
1052.6
1052.6
1052.7
1052.8
1052.8
1052.8
1052.8
1052.8
1052.8
1052.8
1052.8
1052.9
1052.9
1052.9
1052.9
1053.0
1053.0
1053.0
1053.0
1053.0
1053.1
1053.1
1053.1
1053.1
1053.1
1053.1
1053.1
1053.1
1053.1
1053.2
1053.3
1053.3
1053.3
1053.3
1053.4
1053.4
1053.4
1053.4
1053.4
1053.4
1053.5
1053.5
1053.5
1053.5
1053.5
1053.5
1053.5
1053.6
1053.6
1053.6
1053.6
1053.7
1053.8
1053.8
1053.9
1053.9
1053.9
1053.9
1053.9
1053.9
1054.0
1054.0
1054.1
1054.2
1054.3
1054.3
1054.4
1054.5
1054.5
1054.6
1054.6
1054.6
1054.6
1054.7
1054.7
1054.7
1054.8
1055.1
1055.1
1055.1
1055.4
1055.5
1055.5
1055.7
1056.0
1056.1
1056.2
1056.6
1056.7
1056.8
1056.8
1056.8
1057.0
1057.5
1057.8
1058.8
1059.6
1059.8
1059.8
1059.8
1059.9
1060.4
1060.5
1060.5
1060.5
1060.6
1060.6
1060.6
1060.6
1060.7
1060.9
1061.0
1061.0
1061.1
1061.1
1061.3
1061.3
1061.3
1061.4
1061.4
1061.4
1061.4
1061.5
1061.6
1061.6
1061.7
1061.7
1061.7
1061.7
1061.9
1061.9
1062.0
1062.1
1062.2
1062.3
1062.3
1062.3
1062.4
1062.4
1062.4
1062.7
1062.7
1062.8
1062.9
1063.0
1063.2
1063.2
1063.3
1063.3
1063.3
1063.7
1063.7
1063.7
1063.8
1064.1
1064.1
1064.1
1064.2
1064.2
1064.3
1064.4
1064.6
1064.7
1065.1
1065.1
1065.3
1066.7
1067.0
1067.1
1067.4
1068.1
1068.3
1069.2
1069.6
1070.1
1070.7
1071.0
1071.1
1072.6
1074.3
1075.9
1076.4
1080.3
1081.8
1086.1
1086.4
1205.6
1205.6
1205.6
1205.6
1205.6
1205.6
1205.6
1205.6
1205.6
1205.6
1205.6
1205.6
1205.7
1205.7
1205.7
1205.7
1205.7
1205.7
1205.7
1205.7
1205.7
1205.7
1205.7
1205.7
1205.7
1205.7
1205.7
1205.7
1205.7
1205.7
1205.7
1205.7
1205.7
1205.7
1205.7
1205.7
1205.7
1205.7
1205.7
1205.7
1205.7
1205.7
1205.7
1205.7
1205.7
1205.7
1205.7
1205.7
1205.7
1205.7
1205.7
1205.7
1205.7
1205.7
1205.7
1205.7
1205.7
1205.7
1205.7
1205.7
1205.7
1205.7
1205.7
1205.8
1205.8
1205.8
1205.8
1205.8
1205.8
1205.8
1205.8
1205.8
1205.8
1205.8
1205.8
1205.8
1205.8
1205.8
1205.9
1205.9
1205.9
1206.0
1206.0
1206.0
1206.0
1206.1
1206.1
1206.1
1206.2
1206.2
1206.2
1206.2
1206.3
1206.3
1206.4
1206.5
1206.5
1206.5
1206.5
1206.6
1210.1
1210.2
1210.2
1210.2
1210.2
1210.2
1210.2
1210.2
1210.2
1210.2
1210.2
1210.2
1210.2
1210.2
1210.2
1210.2
1210.2
1210.2
1210.2
1210.2
1210.2
1210.2
1210.2
1210.2
1210.2
1210.2
1210.2
1210.2
1210.2
1210.2
1210.2
1210.2
1210.2
1210.2
1210.2
1210.2
1210.3
1210.3
1210.3
1210.3
1210.3
1210.3
1210.3
1210.3
1210.3
1210.3
1210.3
1210.3
1210.3
1210.3
1210.3
1210.3
1210.3
1210.3
1210.3
1210.3
1210.3
1210.3
1210.3
1210.3
1210.3
1210.3
1210.3
1210.3
1210.3
1210.4
1210.4
1210.4
1210.4
1210.4
1210.4
1210.4
1210.5
1210.6
1210.6
1210.7
1210.8
1210.8
1210.9
1211.0
1211.0
1211.2
1211.3
1211.4
1211.5
1211.5
1211.6
1211.6
1212.0
1212.0
1212.1
1212.1
1212.4
1212.5
1212.8
1212.8
1212.8
1213.0
1213.0
1213.2
1213.8
1213.8
1213.9
1213.9
1213.9
1213.9
1213.9
1213.9
1213.9
1213.9
1213.9
1213.9
1214.0
1214.0
1214.0
1214.0
1214.0
1214.0
1214.0
1214.0
1214.0
1214.0
1214.0
1214.0
1214.0
1214.1
1214.1
1214.1
1214.1
1214.1
1214.1
1214.1
1214.1
1214.2
1214.2
1214.2
1214.2
1214.2
1214.2
1214.2
1214.2
1214.2
1214.2
1214.2
1214.2
1214.2
1214.2
1214.3
1214.3
1214.3
1214.3
1214.3
1214.4
1214.4
1214.4
1214.4
1214.4
1214.4
1214.4
1214.4
1214.5
1214.5
1214.5
1214.6
1214.7
1214.7
1214.7
1214.7
1214.8
1214.8
1214.8
1214.9
1214.9
1215.0
1215.0
1215.3
1215.4
1215.9
1215.9
1215.9
1216.0
1216.1
1216.2
1216.3
1216.7
1217.0
1217.1
1217.2
1217.7
1218.2
1218.3
1218.5
1218.7
1218.7
1218.7
1218.8
1218.9
1218.9
1218.9
1218.9
1219.0
1219.0
1219.0
1219.1
1219.1
1219.1
1219.1
1219.1
1219.2
1219.2
1219.2
1219.2
1219.2
1219.2
1219.3
1219.3
1219.3
1219.3
1219.3
1219.3
1219.4
1219.4
1219.4
1219.4
1219.5
1219.5
1219.5
1219.5
1219.5
1219.5
1219.5
1219.5
1219.6
1219.6
1219.6
1219.7
1219.7
1219.7
1219.7
1219.8
1219.8
1219.8
1219.8
1219.8
1219.9
1219.9
1219.9
1219.9
1220.0
1220.0
1220.0
1220.1
1220.1
1220.1
1220.2
1220.3
1220.3
1220.3
1220.3
1220.3
1220.4
1220.5
1220.6
1220.8
1220.8
1220.9
1221.0
1221.2
1221.3
1221.4
1221.4
1221.5
1221.6
1221.7
1221.7
1222.2
1222.2
1222.9
1222.9
1223.0
1223.1
1223.2
1223.4
1223.9
1224.5
1226.0
1226.5
1227.5
1228.0
1228.3
1228.9
1228.9
1228.9
1229.1
1229.4
1229.6
1229.9
1229.9
1229.9
1230.1
1230.2
1230.3
1230.4
1230.5
1230.5
1230.6
1230.6
1230.8
1230.8
1231.0
1231.3
1231.5
1231.8
1231.9
1231.9
1232.1
1232.1
1232.2
1232.3
1232.4
1232.6
1232.6
1232.6
1232.7
1232.7
1232.7
1232.8
1233.0
1233.0
1233.0
1233.3
1233.3
1233.3
1233.7
1234.0
1234.2
1234.3
1234.9
1235.0
1235.0
1235.1
1235.1
1235.2
1235.2
1235.5
1235.5
1235.7
1236.3
1236.3
1237.1
1237.3
1237.6
1237.9
1238.0
1238.1
1239.7
1240.9
1241.9
1244.8
1245.5
1245.7
1246.3
1246.5
1248.3
1251.9
1253.4
1256.9
1258.5
1258.6
1258.8
1258.8
1259.0
1259.0
1259.0
1259.0
1259.1
1259.1
1259.1
1259.1
1259.1
1259.1
1259.1
1259.1
1259.1
1259.1
1259.1
1259.1
1259.1
1259.1
1259.1
1259.1
1259.1
1259.1
1259.1
1259.2
1259.2
1259.2
1259.2
1259.2
1259.2
1259.2
1259.2
1259.2
1259.2
1259.2
1259.2
1259.2
1259.2
1259.2
1259.2
1259.2
1259.2
1259.2
1259.2
1259.2
1259.2
1259.2
1259.2
1259.2
1259.2
1259.2
1259.2
1259.2
1259.2
1259.2
1259.2
1259.2
1259.3
1259.3
1259.3
1259.3
1259.3
1259.3
1259.3
1259.3
1259.3
1259.3
1259.3
1259.3
1259.3
1259.3
1259.3
1259.3
1259.3
1259.4
1259.4
1259.4
1259.4
1259.4
1259.5
1259.5
1259.6
1259.6
1259.7
1259.7
1259.7
1259.7
1259.8
1259.9
1260.0
1260.0
1260.0
1260.1
1260.3
1260.5
1260.8
1262.1
1266.0
1266.1
1266.1
1266.4
1266.8
1267.0
1267.0
1267.0
1267.1
1267.1
1267.1
1267.1
1267.2
1267.3
1267.3
1267.3
1267.4
1267.4
1267.4
1267.4
1267.4
1267.4
1267.4
1267.4
1267.4
1267.4
1267.5
1267.5
1267.5
1267.5
1267.5
1267.5
1267.5
1267.6
1267.6
1267.6
1267.6
1267.6
1267.7
1267.7
1267.7
1267.7
1267.7
1267.8
1267.8
1267.8
1267.8
1267.8
1267.8
1267.8
1267.8
1267.9
1267.9
1268.0
1268.0
1268.1
1268.1
1268.1
1268.2
1268.2
1268.2
1268.2
1268.2
1268.3
1268.3
1268.4
1268.4
1268.4
1268.4
1268.5
1268.5
1268.6
1268.7
1268.7
1268.8
1268.9
1269.1
1269.2
1269.3
1269.8
1270.2
1270.5
1271.0
1271.1
1271.1
1272.2
1273.3
1273.8
1273.9
1274.1
1274.9
1276.7
1277.6
1277.7
1278.2
1279.4
1279.8
1282.2
1286.2
1293.0
1294.0
1308.6
1312.2
1375.1
1375.2
1375.2
1375.2
1375.2
1375.2
1375.2
1375.2
1375.2
1375.2
1375.2
1375.2
1375.2
1375.2
1375.2
1375.2
1375.2
1375.2
1375.2
1375.2
1375.2
1375.2
1375.2
1375.2
1375.2
1375.2
1375.2
1375.2
1375.2
1375.2
1375.2
1375.2
1375.2
1375.2
1375.2
1375.2
1375.2
1375.2
1375.2
1375.2
1375.2
1375.2
1375.2
1375.2
1375.2
1375.2
1375.3
1375.3
1375.3
1375.3
1375.3
1375.3
1375.3
1375.3
1375.3
1375.3
1375.3
1375.3
1375.3
1375.3
1375.3
1375.3
1375.3
1375.3
1375.3
1375.3
1375.3
1375.4
1375.4
1375.4
1375.4
1375.4
1375.4
1375.4
1375.5
1375.6
1375.6
1375.6
1375.6
1375.6
1375.6
1375.7
1375.7
1375.7
1375.7
1375.8
1376.0
1376.1
1376.1
1376.3
1376.4
1376.4
1376.7
1376.7
1376.8
1377.0
1377.1
1377.1
1377.2
1377.3
1379.4
1379.5
1379.5
1379.5
1379.5
1379.5
1379.5
1379.5
1379.5
1379.5
1379.5
1379.5
1379.5
1379.5
1379.5
1379.5
1379.5
1379.5
1379.5
1379.5
1379.5
1379.5
1379.5
1379.5
1379.5
1379.5
1379.5
1379.5
1379.5
1379.5
1379.5
1379.5
1379.5
1379.5
1379.5
1379.5
1379.5
1379.5
1379.5
1379.5
1379.5
1379.5
1379.5
1379.5
1379.5
1379.5
1379.5
1379.5
1379.5
1379.5
1379.5
1379.5
1379.5
1379.5
1379.5
1379.5
1379.5
1379.5
1379.5
1379.5
1379.5
1379.5
1379.5
1379.5
1379.5
1379.5
1379.5
1379.6
1379.6
1379.6
1379.6
1379.6
1379.6
1379.9
1379.9
1380.0
1380.0
1380.0
1380.1
1380.1
1380.2
1380.3
1380.3
1380.4
1380.5
1380.6
1380.9
1381.0
1381.2
1381.5
1381.7
1381.8
1382.4
1382.5
1382.9
1383.0
1383.3
1383.3
1383.3
1383.5
1383.5
1383.5
1383.5
1383.6
1383.6
1383.6
1383.6
1383.6
1383.6
1383.6
1383.6
1383.6
1383.6
1383.6
1383.6
1383.6
1383.6
1383.6
1383.6
1383.6
1383.6
1383.6
1383.6
1383.6
1383.6
1383.6
1383.6
1383.7
1383.7
1383.7
1383.7
1383.7
1383.7
1383.7
1383.7
1383.7
1383.7
1383.7
1383.7
1383.7
1383.7
1383.7
1383.7
1383.7
1383.8
1383.8
1383.8
1383.8
1383.8
1383.8
1383.8
1383.8
1383.8
1383.8
1383.8
1383.9
1383.9
1383.9
1383.9
1383.9
1383.9
1383.9
1383.9
1384.0
1384.0
1384.0
1384.0
1384.0
1384.1
1384.1
1384.1
1384.1
1384.1
1384.3
1384.3
1384.5
1384.5
1384.7
1384.8
1384.8
1384.8
1384.9
1384.9
1384.9
1385.2
1385.5
1385.6
1385.9
1386.6
1386.6
1387.0
1387.0
1387.8
1387.8
1387.8
1387.9
1388.0
1388.0
1388.0
1388.0
1388.0
1388.0
1388.0
1388.1
1388.1
1388.1
1388.1
1388.1
1388.1
1388.1
1388.1
1388.2
1388.2
1388.2
1388.2
1388.2
1388.2
1388.2
1388.2
1388.2
1388.3
1388.3
1388.3
1388.3
1388.3
1388.3
1388.3
1388.4
1388.4
1388.4
1388.4
1388.4
1388.4
1388.4
1388.5
1388.5
1388.5
1388.5
1388.5
1388.6
1388.6
1388.6
1388.6
1388.6
1388.7
1388.7
1388.7
1388.7
1388.8
1388.8
1388.8
1388.8
1388.8
1388.8
1388.9
1388.9
1389.0
1389.0
1389.0
1389.2
1389.2
1389.3
1389.3
1389.3
1389.3
1389.4
1389.5
1389.5
1389.6
1389.6
1389.7
1389.7
1389.8
1390.1
1390.1
1390.5
1390.6
1390.6
1390.7
1390.7
1390.7
1390.9
1391.0
1391.3
1391.3
1392.2
1392.8
1393.3
1394.6
1394.6
1394.8
1394.8
1394.8
1395.3
1395.3
1395.3
1395.4
1395.4
1395.4
1395.4
1395.4
1395.4
1395.5
1395.6
1395.6
1395.7
1395.8
1395.8
1395.8
1395.8
1395.9
1396.0
1396.0
1396.0
1396.1
1396.1
1396.2
1396.2
1396.2
1396.2
1396.2
1396.4
1396.5
1396.6
1396.6
1396.6
1396.6
1396.7
1396.7
1396.7
1396.8
1396.8
1396.8
1396.8
1396.9
1397.0
1397.0
1397.2
1397.2
1397.2
1397.3
1397.4
1397.4
1397.5
1397.5
1397.7
1397.8
1397.9
1398.0
1398.4
1398.4
1398.5
1398.6
1398.6
1398.6
1398.9
1399.3
1399.3
1399.3
1400.0
1400.1
1400.4
1400.5
1401.0
1401.1
1401.1
1401.7
1401.7
1402.6
1402.7
1402.8
1402.8
1404.1
1404.2
1404.4
1404.5
1404.6
1405.0
1405.4
1406.1
1406.1
1406.5
1542.2
1542.2
1542.2
1542.2
1542.2
1542.2
1542.2
1542.2
1542.2
1542.2
1542.2
1542.2
1542.2
1542.2
1542.2
1542.2
1542.2
1542.2
1542.2
1542.2
1542.2
1542.2
1542.2
1542.2
1542.2
1542.2
1542.2
1542.2
1542.2
1542.2
1542.2
1542.2
1542.2
1542.2
1542.2
1542.2
1542.2
1542.2
1542.2
1542.2
1542.2
1542.2
1542.2
1542.2
1542.2
1542.2
1542.2
1542.2
1542.2
1542.2
1542.2
1542.2
1542.2
1542.2
1542.2
1542.2
1542.2
1542.2
1542.2
1542.2
1542.2
1542.2
1542.2
1542.2
1542.2
1542.2
1542.2
1542.2
1542.2
1542.3
1542.3
1542.3
1542.3
1542.3
1542.3
1542.3
1542.3
1542.3
1542.4
1542.4
1542.4
1542.4
1542.5
1542.5
1542.5
1542.5
1542.5
1542.5
1542.6
1542.6
1542.7
1542.7
1542.8
1542.8
1542.9
1542.9
1542.9
1542.9
1543.0
1543.0
1546.7
1546.7
1546.7
1546.7
1546.7
1546.7
1546.7
1546.7
1546.7
1546.7
1546.7
1546.7
1546.7
1546.7
1546.7
1546.7
1546.7
1546.7
1546.8
1546.8
1546.8
1546.8
1546.8
1546.8
1546.8
1546.8
1546.8
1546.8
1546.8
1546.8
1546.8
1546.8
1546.8
1546.8
1546.8
1546.8
1546.8
1546.8
1546.8
1546.8
1546.8
1546.8
1546.8
1546.8
1546.8
1546.8
1546.8
1546.8
1546.8
1546.8
1546.8
1546.8
1546.8
1546.8
1546.8
1546.8
1546.8
1546.8
1546.8
1546.8
1546.8
1546.8
1546.8
1546.9
1546.9
1546.9
1546.9
1546.9
1546.9
1546.9
1546.9
1546.9
1547.0
1547.1
1547.1
1547.2
1547.3
1547.3
1547.4
1547.5
1547.5
1547.7
1547.7
1547.8
1548.0
1548.0
1548.0
1548.0
1548.4
1548.5
1548.5
1548.5
1548.9
1548.9
1549.2
1549.3
1549.3
1549.4
1549.5
1549.6
1550.4
1550.4
1550.4
1550.4
1550.4
1550.5
1550.5
1550.5
1550.5
1550.5
1550.5
1550.5
1550.5
1550.5
1550.6
1550.6
1550.6
1550.6
1550.6
1550.6
1550.6
1550.6
1550.6
1550.6
1550.6
1550.6
1550.6
1550.7
1550.7
1550.7
1550.7
1550.7
1550.7
1550.7
1550.7
1550.7
1550.7
1550.7
1550.7
1550.7
1550.7
1550.8
1550.8
1550.8
1550.8
1550.8
1550.8
1550.8
1550.8
1550.8
1550.9
1550.9
1550.9
1550.9
1550.9
1550.9
1550.9
1551.0
1551.0
1551.0
1551.0
1551.0
1551.1
1551.1
1551.2
1551.2
1551.2
1551.3
1551.3
1551.3
1551.3
1551.4
1551.4
1551.5
1551.5
1551.9
1551.9
1552.4
1552.4
1552.4
1552.5
1552.6
1552.7
1552.8
1553.1
1553.5
1553.6
1553.7
1554.1
1554.6
1554.8
1554.9
1555.3
1555.3
1555.3
1555.4
1555.5
1555.5
1555.6
1555.6
1555.6
1555.7
1555.7
1555.7
1555.7
1555.7
1555.7
1555.8
1555.8
1555.8
1555.8
1555.8
1555.8
1555.9
1555.9
1555.9
1555.9
1555.9
1555.9
1555.9
1556.0
1556.0
1556.0
1556.0
1556.0
1556.1
1556.1
1556.1
1556.1
1556.2
1556.2
1556.2
1556.2
1556.3
1556.3
1556.3
1556.3
1556.3
1556.3
1556.4
1556.4
1556.4
1556.5
1556.5
1556.5
1556.6
1556.6
1556.6
1556.6
1556.6
1556.7
1556.8
1556.8
1556.8
1556.9
1556.9
1556.9
1556.9
1557.0
1557.0
1557.0
1557.1
1557.3
1557.4
1557.5
1557.6
1557.7
1557.8
1557.9
1557.9
1558.1
1558.1
1558.2
1558.4
1558.5
1559.0
1559.0
1559.7
1560.0
1560.0
1560.1
1560.2
1560.2
1561.1
1561.3
1562.8
1563.4
1564.7
1564.8
1565.3
1566.0
1566.1
1566.1
1566.5
1566.9
1567.0
1567.2
1567.2
1567.4
1567.5
1567.5
1567.6
1567.6
1567.8
1567.8
1567.8
1567.9
1568.1
1568.1
1568.2
1568.3
1569.0
1569.0
1569.1
1569.4
1569.4
1569.5
1569.6
1569.6
1569.7
1569.8
1569.9
1569.9
1570.0
1570.2
1570.3
1570.3
1570.5
1570.8
1570.8
1571.1
1571.2
1571.4
1571.4
1571.7
1571.8
1572.1
1572.2
1572.3
1572.6
1573.0
1573.2
1573.4
1573.5
1573.5
1573.7
1574.2
1574.2
1574.9
1575.0
1575.1
1575.2
1576.5
1576.6
1576.8
1576.9
1577.8
1580.2
1582.1
1583.9
1593.4
1594.6
1594.6
1595.3
1595.3
1595.4
1595.4
1595.5
1595.6
1595.6
1595.7
1595.7
1595.8
1595.8
1595.8
1595.8
1595.8
1595.8
1595.8
1595.8
1595.8
1595.8
1595.8
1595.9
1595.9
1595.9
1595.9
1595.9
1595.9
1595.9
1595.9
1595.9
1595.9
1595.9
1595.9
1595.9
1595.9
1595.9
1595.9
1595.9
1595.9
1595.9
1595.9
1595.9
1595.9
1595.9
1595.9
1595.9
1595.9
1595.9
1595.9
1595.9
1595.9
1595.9
1595.9
1595.9
1595.9
1595.9
1595.9
1595.9
1596.0
1596.0
1596.0
1596.0
1596.0
1596.0
1596.0
1596.0
1596.0
1596.0
1596.0
1596.0
1596.0
1596.0
1596.0
1596.0
1596.0
1596.1
1596.1
1596.1
1596.1
1596.1
1596.1
1596.1
1596.2
1596.2
1596.2
1596.3
1596.4
1596.4
1596.4
1596.5
1596.6
1596.8
1596.8
1596.8
1596.8
1597.0
1597.2
1597.6
1598.6
1600.7
1600.7
1602.3
1602.7
1602.8
1602.8
1603.0
1603.5
1603.6
1603.7
1603.7
1603.7
1603.8
1603.8
1603.8
1603.9
1603.9
1604.0
1604.0
1604.1
1604.1
1604.1
1604.1
1604.1
1604.1
1604.1
1604.2
1604.2
1604.2
1604.2
1604.2
1604.2
1604.2
1604.3
1604.3
1604.3
1604.3
1604.3
1604.3
1604.3
1604.3
1604.3
1604.4
1604.4
1604.4
1604.5
1604.5
1604.5
1604.5
1604.5
1604.5
1604.6
1604.6
1604.6
1604.7
1604.7
1604.8
1604.8
1604.8
1604.9
1604.9
1604.9
1604.9
1604.9
1605.0
1605.0
1605.1
1605.1
1605.1
1605.1
1605.2
1605.2
1605.3
1605.3
1605.4
1605.5
1605.6
1605.7
1605.8
1606.3
1606.5
1607.1
1607.9
1607.9
1608.0
1608.9
1610.2
1610.5
1610.5
1611.5
1612.1
1612.8
1615.9
1616.4
1616.8
1618.4
1623.0
1638.9
1711.5
1711.5
1711.5
1711.5
1711.5
1711.5
1711.5
1711.5
1711.5
1711.5
1711.5
1711.5
1711.5
1711.5
1711.5
1711.5
1711.5
1711.5
1711.5
1711.5
1711.5
1711.5
1711.5
1711.5
1711.5
1711.5
1711.5
1711.5
1711.5
1711.5
1711.5
1711.5
1711.5
1711.5
1711.5
1711.5
1711.5
1711.5
1711.5
1711.5
1711.5
1711.5
1711.5
1711.5
1711.5
1711.5
1711.5
1711.6
1711.6
1711.6
1711.6
1711.6
1711.6
1711.6
1711.6
1711.6
1711.6
1711.6
1711.6
1711.6
1711.6
1711.6
1711.6
1711.6
1711.6
1711.6
1711.6
1711.6
1711.7
1711.7
1711.7
1711.7
1711.7
1711.7
1711.8
1711.8
1711.8
1711.8
1711.9
1711.9
1711.9
1711.9
1711.9
1712.0
1712.0
1712.0
1712.2
1712.3
1712.3
1712.5
1712.6
1712.6
1712.8
1712.9
1712.9
1713.1
1713.2
1713.2
1713.2
1713.3
1715.8
1715.8
1715.8
1715.8
1715.8
1715.8
1715.8
1715.8
1715.8
1715.8
1715.8
1715.8
1715.8
1715.8
1715.8
1715.8
1715.8
1715.8
1715.8
1715.8
1715.8
1715.8
1715.8
1715.8
1715.8
1715.8
1715.8
1715.8
1715.8
1715.8
1715.8
1715.8
1715.8
1715.8
1715.8
1715.8
1715.8
1715.8
1715.8
1715.8
1715.8
1715.8
1715.8
1715.8
1715.8
1715.9
1715.9
1715.9
1715.9
1715.9
1715.9
1715.9
1715.9
1715.9
1715.9
1715.9
1715.9
1715.9
1715.9
1715.9
1715.9
1715.9
1715.9
1715.9
1715.9
1715.9
1715.9
1715.9
1715.9
1715.9
1715.9
1715.9
1716.0
1716.1
1716.2
1716.2
1716.3
1716.3
1716.3
1716.3
1716.5
1716.5
1716.5
1716.6
1716.8
1716.8
1716.9
1717.0
1717.3
1717.5
1717.6
1717.7
1718.2
1718.4
1718.9
1719.0
1719.1
1719.2
1719.2
1719.3
1719.7
1719.7
1719.8
1719.8
1719.8
1719.8
1719.8
1719.8
1719.8
1719.8
1719.8
1719.8
1719.8
1719.8
1719.8
1719.8
1719.8
1719.8
1719.8
1719.8
1719.8
1719.8
1719.9
1719.9
1719.9
1719.9
1719.9
1719.9
1719.9
1719.9
1719.9
1719.9
1719.9
1719.9
1719.9
1719.9
1719.9
1719.9
1720.0
1720.0
1720.0
1720.0
1720.0
1720.0
1720.0
1720.0
1720.0
1720.0
1720.0
1720.0
1720.1
1720.1
1720.1
1720.1
1720.1
1720.1
1720.1
1720.1
1720.1
1720.2
1720.2
1720.2
1720.2
1720.2
1720.2
1720.3
1720.3
1720.3
1720.3
1720.4
1720.4
1720.4
1720.4
1720.5
1720.5
1720.7
1720.7
1720.9
1721.0
1721.0
1721.0
1721.1
1721.2
1721.2
1721.5
1721.7
1721.7
1721.9
1722.5
1722.8
1722.8
1722.9
1724.1
1724.1
1724.1
1724.1
1724.1
1724.2
1724.2
1724.3
1724.3
1724.3
1724.3
1724.3
1724.3
1724.4
1724.4
1724.4
1724.4
1724.4
1724.4
1724.4
1724.4
1724.4
1724.5
1724.5
1724.5
1724.5
1724.5
1724.5
1724.5
1724.5
1724.5
1724.6
1724.6
1724.6
1724.6
1724.7
1724.7
1724.7
1724.7
1724.7
1724.7
1724.8
1724.8
1724.8
1724.8
1724.8
1724.8
1724.9
1724.9
1724.9
1724.9
1725.0
1725.0
1725.0
1725.0
1725.0
1725.1
1725.1
1725.1
1725.1
1725.1
1725.2
1725.2
1725.2
1725.2
1725.2
1725.2
1725.3
1725.4
1725.4
1725.5
1725.6
1725.7
1725.7
1725.7
1725.7
1725.9
1725.9
1726.1
1726.1
1726.1
1726.3
1726.4
1726.4
1726.6
1726.7
1726.9
1727.0
1727.1
1727.1
1727.2
1727.5
1727.7
1728.2
1729.1
1729.4
1730.3
1731.1
1731.2
1731.3
1731.3
1731.4
1731.5
1731.8
1731.8
1731.9
1731.9
1731.9
1731.9
1731.9
1731.9
1731.9
1732.0
1732.2
1732.3
1732.3
1732.4
1732.4
1732.4
1732.5
1732.5
1732.6
1732.6
1732.7
1732.7
1732.8
1732.8
1732.8
1732.9
1733.0
1733.2
1733.2
1733.3
1733.3
1733.3
1733.3
1733.3
1733.4
1733.4
1733.5
1733.5
1733.5
1733.6
1733.7
1733.7
1733.9
1733.9
1734.0
1734.1
1734.1
1734.2
1734.4
1734.4
1734.4
1734.5
1734.5
1734.9
1735.3
1735.3
1735.4
1735.4
1735.5
1735.5
1735.7
1736.0
1736.2
1736.3
1736.4
1736.5
1736.8
1737.0
1737.1
1737.3
1737.5
1737.8
1737.9
1739.1
1739.3
1740.1
1740.5
1740.5
1740.9
1741.5
1741.6
1742.3
1743.0
1743.2
1744.0
1744.9
1746.2
1759.6
1763.2
1878.5
1878.5
1878.5
1878.5
1878.5
1878.5
1878.5
1878.5
1878.5
1878.5
1878.5
1878.5
1878.5
1878.5
1878.5
1878.5
1878.5
1878.5
1878.5
1878.5
1878.5
1878.5
1878.5
1878.5
1878.5
1878.5
1878.5
1878.5
1878.5
1878.5
1878.5
1878.5
1878.5
1878.5
1878.5
1878.5
1878.5
1878.5
1878.5
1878.5
1878.5
1878.5
1878.5
1878.5
1878.5
1878.5
1878.5
1878.5
1878.5
1878.5
1878.5
1878.5
1878.5
1878.5
1878.5
1878.5
1878.5
1878.5
1878.5
1878.5
1878.5
1878.5
1878.5
1878.5
1878.6
1878.6
1878.6
1878.6
1878.6
1878.6
1878.6
1878.6
1878.6
1878.6
1878.6
1878.6
1878.6
1878.6
1878.7
1878.7
1878.7
1878.8
1878.8
1878.8
1878.8
1878.9
1878.9
1878.9
1879.0
1879.0
1879.0
1879.0
1879.1
1879.1
1879.2
1879.3
1879.3
1879.3
1879.3
1879.4
1883.1
1883.1
1883.1
1883.1
1883.1
1883.1
1883.1
1883.1
1883.1
1883.1
1883.1
1883.1
1883.1
1883.1
1883.1
1883.1
1883.1
1883.1
1883.1
1883.1
1883.1
1883.1
1883.1
1883.1
1883.1
1883.1
1883.1
1883.1
1883.1
1883.1
1883.1
1883.1
1883.2
1883.2
1883.2
1883.2
1883.2
1883.2
1883.2
1883.2
1883.2
1883.2
1883.2
1883.2
1883.2
1883.2
1883.2
1883.2
1883.2
1883.2
1883.2
1883.2
1883.2
1883.2
1883.2
1883.2
1883.2
1883.2
1883.2
1883.2
1883.2
1883.2
1883.2
1883.2
1883.2
1883.2
1883.3
1883.3
1883.3
1883.3
1883.3
1883.3
1883.4
1883.5
1883.5
1883.6
1883.7
1883.7
1883.8
1883.9
1883.9
1884.1
1884.2
1884.3
1884.5
1884.5
1884.5
1884.5
1884.9
1885.0
1885.0
1885.0
1885.4
1885.4
1885.8
1885.8
1885.8
1886.0
1886.0
1886.1
1886.7
1886.7
1886.8
1886.8
1886.8
1886.8
1886.9
1886.9
1886.9
1886.9
1886.9
1886.9
1886.9
1886.9
1886.9
1886.9
1886.9
1886.9
1886.9
1886.9
1886.9
1886.9
1886.9
1887.0
1887.0
1887.0
1887.0
1887.0
1887.0
1887.0
1887.0
1887.0
1887.1
1887.1
1887.1
1887.1
1887.1
1887.1
1887.1
1887.1
1887.1
1887.1
1887.1
1887.1
1887.1
1887.1
1887.1
1887.2
1887.2
1887.2
1887.2
1887.2
1887.3
1887.3
1887.3
1887.3
1887.3
1887.3
1887.3
1887.3
1887.4
1887.4
1887.4
1887.5
1887.5
1887.5
1887.6
1887.6
1887.7
1887.7
1887.7
1887.8
1887.8
1887.9
1887.9
1888.2
1888.3
1888.7
1888.8
1888.8
1888.8
1889.0
1889.0
1889.2
1889.6
1889.9
1890.0
1890.1
1890.6
1891.1
1891.2
1891.4
1891.5
1891.5
1891.6
1891.6
1891.7
1891.8
1891.8
1891.8
1891.8
1891.9
1891.9
1891.9
1891.9
1891.9
1892.0
1892.0
1892.0
1892.0
1892.0
1892.0
1892.1
1892.1
1892.1
1892.1
1892.1
1892.2
1892.2
1892.2
1892.2
1892.2
1892.2
1892.2
1892.3
1892.3
1892.3
1892.3
1892.3
1892.4
1892.4
1892.4
1892.4
1892.5
1892.5
1892.5
1892.5
1892.5
1892.6
1892.6
1892.6
1892.6
1892.7
1892.7
1892.7
1892.8
1892.8
1892.8
1892.8
1892.8
1893.0
1893.0
1893.0
1893.1
1893.1
1893.1
1893.1
1893.1
1893.2
1893.2
1893.3
1893.3
1893.5
1893.6
1893.7
1893.8
1893.9
1894.1
1894.2
1894.3
1894.3
1894.4
1894.4
1894.5
1894.6
1895.1
1895.1
1895.8
1896.0
1896.1
1896.3
1896.3
1896.4
1897.0
1897.2
1898.8
1899.5
1900.5
1900.7
1900.7
1901.2
1901.3
1901.3
1901.8
1901.8
1902.2
1902.2
1902.2
1902.4
1902.4
1902.5
1902.6
1902.6
1902.6
1902.7
1902.8
1902.8
1902.9
1903.0
1903.3
1903.8
1903.9
1903.9
1903.9
1904.0
1904.1
1904.2
1904.2
1904.3
1904.4
1904.4
1904.5
1904.5
1904.5
1904.6
1904.6
1904.8
1904.8
1904.9
1904.9
1905.1
1905.3
1905.4
1905.4
1905.7
1905.8
1906.2
1906.2
1906.3
1906.4
1906.5
1906.5
1906.6
1906.8
1906.9
1907.0
1907.1
1907.2
1907.2
1907.7
1908.3
1908.6
1908.6
1908.7
1909.4
1909.8
1911.2
1911.6
1911.7
1912.8
1913.3
1913.6
1914.0
1914.6
1914.9
1915.8
1917.6
1919.2
1922.0
1925.7
1930.2
1930.7
1930.8
1930.8
1930.8
1931.0
1931.0
1931.1
1931.1
1931.1
1931.1
1931.1
1931.1
1931.1
1931.1
1931.1
1931.1
1931.1
1931.1
1931.1
1931.1
1931.1
1931.2
1931.2
1931.2
1931.2
1931.2
1931.2
1931.2
1931.2
1931.2
1931.2
1931.2
1931.2
1931.2
1931.2
1931.2
1931.2
1931.2
1931.2
1931.2
1931.2
1931.2
1931.2
1931.2
1931.2
1931.2
1931.2
1931.2
1931.2
1931.2
1931.2
1931.2
1931.2
1931.2
1931.2
1931.2
1931.2
1931.2
1931.3
1931.3
1931.3
1931.3
1931.3
1931.3
1931.3
1931.3
1931.3
1931.3
1931.3
1931.3
1931.3
1931.3
1931.3
1931.3
1931.3
1931.3
1931.4
1931.4
1931.4
1931.4
1931.4
1931.4
1931.5
1931.5
1931.5
1931.5
1931.5
1931.6
1931.7
1931.7
1931.7
1931.8
1932.0
1932.0
1932.1
1932.1
1932.3
1932.5
1932.7
1936.6
1938.8
1938.8
1938.8
1938.9
1938.9
1938.9
1939.0
1939.0
1939.1
1939.1
1939.1
1939.2
1939.2
1939.3
1939.4
1939.4
1939.4
1939.4
1939.4
1939.4
1939.4
1939.4
1939.4
1939.4
1939.5
1939.5
1939.5
1939.5
1939.5
1939.5
1939.5
1939.5
1939.5
1939.6
1939.6
1939.6
1939.7
1939.7
1939.7
1939.7
1939.7
1939.7
1939.7
1939.7
1939.8
1939.8
1939.8
1939.8
1939.8
1939.8
1939.8
1939.9
1940.0
1940.0
1940.1
1940.1
1940.1
1940.2
1940.2
1940.2
1940.2
1940.2
1940.2
1940.3
1940.3
1940.3
1940.3
1940.4
1940.4
1940.4
1940.4
1940.5
1940.6
1940.6
1940.7
1940.8
1940.8
1940.8
1940.9
1941.3
1941.7
1942.3
1942.5
1942.9
1943.2
1943.8
1945.1
1945.6
1946.0
1947.3
1947.5
1949.9
1951.4
1951.9
1952.7
1956.1
1979.7
2047.8
2047.9
2047.9
2047.9
2047.9
2047.9
2047.9
2047.9
2047.9
2047.9
2047.9
2047.9
2047.9
2047.9
2047.9
2047.9
2047.9
2047.9
2047.9
2047.9
2047.9
2047.9
2047.9
2047.9
2047.9
2047.9
2047.9
2047.9
2047.9
2047.9
2047.9
2047.9
2047.9
2047.9
2047.9
2047.9
2047.9
2047.9
2047.9
2047.9
2047.9
2047.9
2047.9
2047.9
2047.9
2047.9
2047.9
2047.9
2047.9
2047.9
2048.0
2048.0
2048.0
2048.0
2048.0
2048.0
2048.0
2048.0
2048.0
2048.0
2048.0
2048.0
2048.0
2048.0
2048.0
2048.0
2048.0
2048.0
2048.1
2048.1
2048.1
2048.1
2048.1
2048.1
2048.1
2048.2
2048.2
2048.2
2048.3
2048.3
2048.3
2048.3
2048.3
2048.4
2048.4
2048.4
2048.6
2048.7
2048.7
2048.9
2049.0
2049.0
2049.2
2049.3
2049.3
2049.5
2049.6
2049.6
2049.6
2049.7
2052.1
2052.1
2052.1
2052.1
2052.1
2052.1
2052.1
2052.1
2052.1
2052.1
2052.1
2052.1
2052.1
2052.1
2052.1
2052.1
2052.1
2052.1
2052.1
2052.1
2052.1
2052.1
2052.1
2052.1
2052.1
2052.1
2052.1
2052.1
2052.1
2052.1
2052.1
2052.1
2052.1
2052.1
2052.1
2052.1
2052.1
2052.1
2052.1
2052.1
2052.2
2052.2
2052.2
2052.2
2052.2
2052.2
2052.2
2052.2
2052.2
2052.2
2052.2
2052.2
2052.2
2052.2
2052.2
2052.2
2052.2
2052.2
2052.2
2052.2
2052.2
2052.2
2052.2
2052.2
2052.2
2052.2
2052.2
2052.2
2052.2
2052.2
2052.2
2052.2
2052.3
2052.5
2052.5
2052.6
2052.6
2052.6
2052.6
2052.7
2052.8
2052.8
2052.9
2053.0
2053.1
2053.2
2053.4
2053.4
2053.7
2054.0
2054.1
2054.2
2054.7
2054.9
2055.4
2055.4
2055.6
2055.6
2055.6
2055.8
2056.0
2056.0
2056.1
2056.1
2056.1
2056.1
2056.1
2056.1
2056.1
2056.1
2056.1
2056.1
2056.1
2056.1
2056.1
2056.1
2056.1
2056.1
2056.1
2056.1
2056.1
2056.1
2056.1
2056.1
2056.1
2056.2
2056.2
2056.2
2056.2
2056.2
2056.2
2056.2
2056.2
2056.2
2056.2
2056.2
2056.2
2056.2
2056.2
2056.2
2056.3
2056.3
2056.3
2056.3
2056.3
2056.3
2056.3
2056.3
2056.3
2056.3
2056.3
2056.3
2056.3
2056.4
2056.4
2056.4
2056.4
2056.4
2056.4
2056.5
2056.5
2056.5
2056.5
2056.5
2056.5
2056.5
2056.6
2056.6
2056.6
2056.7
2056.7
2056.7
2056.7
2056.8
2056.8
2057.1
2057.1
2057.3
2057.3
2057.3
2057.4
2057.4
2057.5
2057.5
2057.8
2058.1
2058.1
2058.4
2059.0
2059.2
2059.3
2059.4
2060.4
2060.4
2060.4
2060.5
2060.5
2060.5
2060.5
2060.6
2060.6
2060.6
2060.6
2060.6
2060.7
2060.7
2060.7
2060.7
2060.7
2060.7
2060.7
2060.7
2060.7
2060.7
2060.8
2060.8
2060.8
2060.8
2060.8
2060.8
2060.8
2060.8
2060.8
2060.8
2060.9
2060.9
2060.9
2060.9
2060.9
2061.0
2061.0
2061.0
2061.0
2061.0
2061.1
2061.1
2061.1
2061.1
2061.1
2061.2
2061.2
2061.2
2061.2
2061.3
2061.3
2061.3
2061.3
2061.4
2061.4
2061.4
2061.4
2061.4
2061.5
2061.5
2061.5
2061.5
2061.6
2061.6
2061.7
2061.7
2061.8
2061.8
2061.8
2061.9
2062.0
2062.0
2062.0
2062.0
2062.2
2062.2
2062.4
2062.4
2062.6
2062.7
2062.7
2062.8
2063.1
2063.2
2063.3
2063.4
2063.4
2063.4
2063.6
2063.9
2064.0
2064.7
2065.6
2066.0
2067.2
2067.4
2067.6
2067.6
2067.6
2068.1
2068.1
2068.2
2068.2
2068.2
2068.2
2068.2
2068.2
2068.2
2068.3
2068.3
2068.5
2068.6
2068.7
2068.7
2068.7
2068.7
2068.7
2068.9
2068.9
2068.9
2068.9
2069.0
2069.0
2069.1
2069.1
2069.2
2069.2
2069.4
2069.5
2069.5
2069.6
2069.6
2069.6
2069.6
2069.7
2069.7
2069.8
2069.8
2069.8
2069.8
2069.9
2070.0
2070.0
2070.2
2070.3
2070.4
2070.4
2070.4
2070.5
2070.7
2070.7
2070.8
2070.9
2070.9
2071.2
2071.6
2071.7
2071.7
2071.9
2071.9
2071.9
2072.2
2072.6
2072.7
2072.9
2073.2
2073.4
2073.5
2073.6
2074.1
2074.3
2074.4
2074.9
2075.6
2075.7
2076.6
2076.9
2077.3
2077.3
2077.4
2077.8
2078.3
2078.9
2079.0
2079.1
2080.3
2080.3
2081.1
2214.9
2214.9
2214.9
2214.9
2214.9
2214.9
2214.9
2214.9
2214.9
2214.9
2214.9
2214.9
2214.9
2214.9
2214.9
2214.9
2214.9
2214.9
2214.9
2214.9
2214.9
2214.9
2214.9
2214.9
2214.9
2214.9
2214.9
2214.9
2214.9
2214.9
2214.9
2214.9
2214.9
2214.9
2214.9
2214.9
2214.9
2214.9
2214.9
2214.9
2214.9
2214.9
2214.9
2214.9
2214.9
2214.9
2214.9
2214.9
2214.9
2214.9
2214.9
2214.9
2214.9
2214.9
2214.9
2214.9
2214.9
2214.9
2214.9
2214.9
2215.0
2215.0
2215.0
2215.0
2215.0
2215.0
2215.0
2215.0
2215.0
2215.0
2215.0
2215.0
2215.0
2215.0
2215.0
2215.0
2215.0
2215.1
2215.1
2215.1
2215.1
2215.2
2215.2
2215.2
2215.2
2215.3
2215.3
2215.3
2215.4
2215.4
2215.4
2215.4
2215.5
2215.5
2215.6
2215.6
2215.7
2215.7
2215.7
2215.8
2219.4
2219.4
2219.4
2219.4
2219.4
2219.4
2219.4
2219.5
2219.5
2219.5
2219.5
2219.5
2219.5
2219.5
2219.5
2219.5
2219.5
2219.5
2219.5
2219.5
2219.5
2219.5
2219.5
2219.5
2219.5
2219.5
2219.5
2219.5
2219.5
2219.5
2219.5
2219.5
2219.5
2219.5
2219.5
2219.5
2219.5
2219.5
2219.5
2219.5
2219.5
2219.5
2219.5
2219.5
2219.5
2219.5
2219.5
2219.5
2219.5
2219.5
2219.5
2219.5
2219.5
2219.5
2219.5
2219.6
2219.6
2219.6
2219.6
2219.6
2219.6
2219.6
2219.6
2219.6
2219.6
2219.6
2219.6
2219.6
2219.7
2219.7
2219.7
2219.7
2219.7
2219.8
2219.9
2219.9
2220.0
2220.0
2220.2
2220.2
2220.2
2220.4
2220.5
2220.6
2220.7
2220.7
2220.8
2220.8
2221.1
2221.2
2221.3
2221.3
2221.6
2221.6
2222.0
2222.0
2222.0
2222.1
2222.2
2222.3
2223.1
2223.1
2223.2
2223.2
2223.2
2223.2
2223.2
2223.2
2223.2
2223.2
2223.2
2223.2
2223.3
2223.3
2223.3
2223.3
2223.3
2223.3
2223.3
2223.3
2223.3
2223.3
2223.3
2223.3
2223.4
2223.4
2223.4
2223.4
2223.4
2223.4
2223.4
2223.4
2223.4
2223.4
2223.4
2223.5
2223.5
2223.5
2223.5
2223.5
2223.5
2223.5
2223.5
2223.5
2223.5
2223.5
2223.5
2223.5
2223.6
2223.6
2223.6
2223.6
2223.7
2223.7
2223.7
2223.7
2223.7
2223.7
2223.7
2223.7
2223.7
2223.8
2223.8
2223.9
2223.9
2223.9
2224.0
2224.0
2224.1
2224.1
2224.1
2224.2
2224.2
2224.2
2224.3
2224.6
2224.7
2225.1
2225.1
2225.2
2225.2
2225.3
2225.4
2225.5
2225.9
2226.2
2226.4
2226.4
2226.9
2227.4
2227.5
2227.7
2228.0
2228.0
2228.1
2228.1
2228.3
2228.3
2228.3
2228.3
2228.4
2228.4
2228.4
2228.4
2228.4
2228.5
2228.5
2228.5
2228.5
2228.6
2228.6
2228.6
2228.6
2228.6
2228.6
2228.6
2228.6
2228.6
2228.7
2228.7
2228.7
2228.7
2228.7
2228.8
2228.8
2228.8
2228.8
2228.9
2228.9
2228.9
2228.9
2228.9
2229.0
2229.0
2229.0
2229.0
2229.1
2229.1
2229.1
2229.1
2229.1
2229.2
2229.2
2229.2
2229.2
2229.3
2229.3
2229.3
2229.3
2229.4
2229.4
2229.5
2229.5
2229.5
2229.6
2229.6
2229.6
2229.7
2229.7
2229.7
2229.8
2229.9
2230.1
2230.2
2230.3
2230.3
2230.4
2230.5
2230.6
2230.6
2230.8
2230.8
2231.0
2231.1
2231.3
2231.6
2231.7
2232.3
2232.6
2232.7
2232.8
2232.9
2232.9
2233.7
2234.0
2235.5
2236.0
2237.5
2237.5
2238.1
2238.6
2238.8
2238.9
2239.2
2239.6
2239.7
2239.8
2240.1
2240.2
2240.2
2240.3
2240.3
2240.3
2240.5
2240.5
2240.5
2240.6
2240.6
2240.8
2240.9
2240.9
2241.6
2241.6
2241.7
2241.8
2241.9
2242.0
2242.2
2242.4
2242.4
2242.4
2242.6
2242.7
2242.8
2242.9
2243.0
2243.0
2243.0
2243.2
2243.5
2243.6
2243.6
2243.8
2243.9
2244.2
2244.5
2244.9
2245.0
2245.3
2245.7
2245.9
2246.3
2246.3
2246.3
2246.4
2246.5
2247.0
2247.1
2247.4
2247.4
2247.5
2247.7
2247.8
2249.0
2249.7
2250.4
2251.4
2255.0
2255.8
2256.9
2264.9
2265.9
2266.4
2266.5
2266.5
2266.5
2266.8
2266.8
2266.9
2267.0
2267.0
2267.1
2267.1
2267.2
2267.2
2267.2
2267.2
2267.2
2267.2
2267.2
2267.2
2267.2
2267.2
2267.3
2267.3
2267.3
2267.3
2267.3
2267.3
2267.3
2267.3
2267.3
2267.3
2267.3
2267.3
2267.3
2267.3
2267.3
2267.3
2267.3
2267.3
2267.3
2267.3
2267.3
2267.3
2267.3
2267.3
2267.3
2267.3
2267.3
2267.3
2267.3
2267.3
2267.3
2267.3
2267.3
2267.3
2267.3
2267.3
2267.3
2267.3
2267.3
2267.4
2267.4
2267.4
2267.4
2267.4
2267.4
2267.4
2267.4
2267.4
2267.4
2267.4
2267.4
2267.4
2267.4
2267.4
2267.4
2267.4
2267.5
2267.5
2267.5
2267.5
2267.6
2267.6
2267.6
2267.7
2267.7
2267.8
2267.8
2267.9
2268.0
2268.0
2268.1
2268.1
2268.2
2268.2
2268.4
2268.6
2268.9
2270.0
2272.1
2273.1
2273.4
2273.6
2273.6
2274.0
2274.2
2274.7
2274.8
2275.0
2275.1
2275.1
2275.2
2275.2
2275.3
2275.3
2275.3
2275.4
2275.5
2275.5
2275.5
2275.5
2275.5
2275.5
2275.5
2275.6
2275.6
2275.6
2275.6
2275.6
2275.6
2275.6
2275.6
2275.6
2275.7
2275.7
2275.7
2275.7
2275.7
2275.7
2275.7
2275.8
2275.8
2275.8
2275.8
2275.8
2275.9
2275.9
2275.9
2275.9
2276.0
2276.0
2276.0
2276.0
2276.0
2276.1
2276.2
2276.2
2276.2
2276.2
2276.3
2276.3
2276.3
2276.3
2276.4
2276.5
2276.5
2276.5
2276.5
2276.5
2276.6
2276.6
2276.7
2276.7
2276.9
2276.9
2277.1
2277.2
2277.3
2277.7
2277.8
2278.4
2279.2
2279.3
2279.4
2280.2
2281.3
2281.5
2281.9
2282.5
2283.1
2283.9
2287.8
2287.9
2288.2
2291.0
2291.9
2296.6
2384.3
2384.3
2384.3
2384.3
2384.3
2384.3
2384.3
2384.3
2384.3
2384.3
2384.3
2384.3
2384.3
2384.3
2384.3
2384.3
2384.3
2384.3
2384.3
2384.3
2384.3
2384.3
2384.3
2384.3
2384.4
2384.4
2384.4
2384.4
2384.4
2384.4
2384.4
2384.4
2384.4
2384.4
2384.4
2384.4
2384.4
2384.4
2384.4
2384.4
2384.4
2384.4
2384.4
2384.4
2384.4
2384.4
2384.4
2384.4
2384.4
2384.4
2384.4
2384.4
2384.4
2384.4
2384.4
2384.4
2384.4
2384.4
2384.4
2384.4
2384.4
2384.5
2384.5
2384.5
2384.5
2384.5
2384.5
2384.5
2384.5
2384.5
2384.5
2384.5
2384.6
2384.6
2384.6
2384.7
2384.7
2384.7
2384.7
2384.7
2384.8
2384.8
2384.8
2384.8
2384.8
2384.9
2385.1
2385.1
2385.2
2385.4
2385.5
2385.5
2385.7
2385.7
2385.8
2386.0
2386.1
2386.1
2386.1
2386.2
2388.5
2388.5
2388.5
2388.5
2388.5
2388.5
2388.5
2388.5
2388.5
2388.5
2388.5
2388.5
2388.5
2388.5
2388.5
2388.5
2388.5
2388.5
2388.5
2388.5
2388.5
2388.5
2388.5
2388.5
2388.5
2388.5
2388.5
2388.5
2388.5
2388.5
2388.5
2388.5
2388.5
2388.5
2388.5
2388.5
2388.5
2388.5
2388.5
2388.5
2388.5
2388.6
2388.6
2388.6
2388.6
2388.6
2388.6
2388.6
2388.6
2388.6
2388.6
2388.6
2388.6
2388.6
2388.6
2388.6
2388.6
2388.6
2388.6
2388.6
2388.6
2388.6
2388.6
2388.6
2388.6
2388.6
2388.6
2388.6
2388.6
2388.6
2388.6
2388.6
2388.6
2388.9
2389.0
2389.0
2389.0
2389.0
2389.1
2389.2
2389.2
2389.3
2389.4
2389.4
2389.6
2389.6
2389.9
2390.0
2390.2
2390.6
2390.7
2390.8
2391.4
2391.5
2392.0
2392.0
2392.2
2392.2
2392.3
2392.4
2392.4
2392.4
2392.4
2392.4
2392.4
2392.4
2392.4
2392.4
2392.4
2392.5
2392.5
2392.5
2392.5
2392.5
2392.5
2392.5
2392.5
2392.5
2392.5
2392.5
2392.5
2392.5
2392.5
2392.5
2392.5
2392.5
2392.5
2392.5
2392.5
2392.6
2392.6
2392.6
2392.6
2392.6
2392.6
2392.6
2392.6
2392.6
2392.6
2392.6
2392.6
2392.6
2392.6
2392.6
2392.7
2392.7
2392.7
2392.7
2392.7
2392.7
2392.7
2392.7
2392.7
2392.7
2392.7
2392.8
2392.8
2392.8
2392.8
2392.8
2392.9
2392.9
2392.9
2392.9
2392.9
2392.9
2392.9
2393.0
2393.0
2393.0
2393.1
2393.1
2393.1
2393.2
2393.2
2393.5
2393.5
2393.7
2393.7
2393.8
2393.8
2393.9
2393.9
2393.9
2394.3
2394.5
2394.7
2395.0
2395.7
2395.7
2396.1
2396.2
2396.7
2396.7
2396.7
2396.8
2396.9
2396.9
2396.9
2396.9
2396.9
2396.9
2397.0
2397.0
2397.0
2397.0
2397.0
2397.0
2397.1
2397.1
2397.1
2397.1
2397.1
2397.1
2397.2
2397.2
2397.2
2397.2
2397.2
2397.2
2397.2
2397.2
2397.2
2397.2
2397.3
2397.3
2397.3
2397.3
2397.4
2397.4
2397.4
2397.4
2397.4
2397.4
2397.4
2397.5
2397.5
2397.5
2397.5
2397.5
2397.5
2397.6
2397.6
2397.6
2397.6
2397.6
2397.7
2397.7
2397.7
2397.8
2397.8
2397.8
2397.8
2397.8
2397.9
2397.9
2398.0
2398.0
2398.2
2398.2
2398.2
2398.3
2398.3
2398.3
2398.4
2398.4
2398.5
2398.6
2398.6
2398.7
2398.7
2398.7
2398.9
2399.1
2399.2
2399.5
2399.6
2399.7
2399.8
2399.8
2399.8
2400.0
2400.1
2400.4
2400.5
2401.5
2402.1
2402.7
2403.7
2403.8
2403.9
2403.9
2404.1
2404.4
2404.4
2404.5
2404.5
2404.5
2404.5
2404.5
2404.5
2404.6
2404.7
2404.8
2404.9
2404.9
2405.0
2405.0
2405.0
2405.1
2405.1
2405.1
2405.2
2405.3
2405.3
2405.3
2405.3
2405.4
2405.4
2405.4
2405.6
2405.7
2405.8
2405.8
2405.8
2405.8
2405.8
2405.9
2405.9
2406.0
2406.0
2406.1
2406.1
2406.1
2406.2
2406.3
2406.3
2406.4
2406.5
2406.6
2406.6
2406.7
2406.7
2406.9
2406.9
2407.0
2407.1
2407.2
2407.4
2407.8
2407.8
2407.9
2408.0
2408.1
2408.1
2408.4
2408.8
2408.9
2409.2
2409.5
2409.5
2410.2
2410.2
2410.7
2411.5
2411.8
2411.8
2412.7
2412.8
2413.1
2413.4
2413.4
2414.2
2414.5
2415.1
2415.2
2415.2
2415.4
2417.0
2417.1
2420.6
2421.6
2551.2
2551.2
2551.2
2551.2
2551.2
2551.2
2551.2
2551.2
2551.2
2551.2
2551.2
2551.2
2551.2
2551.2
2551.2
2551.2
2551.2
2551.2
2551.2
2551.2
2551.2
2551.2
2551.2
2551.2
2551.2
2551.2
2551.2
2551.2
2551.2
2551.2
2551.2
2551.2
2551.2
2551.2
2551.2
2551.2
2551.2
2551.3
2551.3
2551.3
2551.3
2551.3
2551.3
2551.3
2551.3
2551.3
2551.3
2551.3
2551.3
2551.3
2551.3
2551.3
2551.3
2551.3
2551.3
2551.3
2551.3
2551.3
2551.3
2551.3
2551.3
2551.3
2551.3
2551.3
2551.3
2551.3
2551.3
2551.3
2551.3
2551.3
2551.3
2551.3
2551.4
2551.4
2551.4
2551.4
2551.4
2551.4
2551.4
2551.5
2551.5
2551.5
2551.6
2551.6
2551.6
2551.6
2551.6
2551.6
2551.7
2551.7
2551.7
2551.8
2551.8
2551.9
2552.0
2552.0
2552.0
2552.0
2552.0
2552.1
2555.8
2555.8
2555.8
2555.8
2555.8
2555.8
2555.8
2555.8
2555.8
2555.8
2555.8
2555.8
2555.8
2555.8
2555.8
2555.8
2555.8
2555.8
2555.8
2555.8
2555.8
2555.8
2555.8
2555.8
2555.8
2555.8
2555.8
2555.8
2555.8
2555.8
2555.8
2555.8
2555.8
2555.8
2555.8
2555.8
2555.8
2555.8
2555.8
2555.8
2555.9
2555.9
2555.9
2555.9
2555.9
2555.9
2555.9
2555.9
2555.9
2555.9
2555.9
2555.9
2555.9
2555.9
2555.9
2555.9
2555.9
2555.9
2555.9
2555.9
2555.9
2555.9
2555.9
2555.9
2555.9
2555.9
2556.0
2556.0
2556.0
2556.0
2556.0
2556.0
2556.1
2556.2
2556.2
2556.3
2556.3
2556.4
2556.5
2556.5
2556.6
2556.8
2556.8
2556.9
2557.1
2557.1
2557.1
2557.1
2557.5
2557.5
2557.6
2557.6
2557.9
2558.0
2558.3
2558.3
2558.3
2558.5
2558.5
2558.6
2559.4
2559.4
2559.5
2559.5
2559.5
2559.5
2559.5
2559.6
2559.6
2559.6
2559.6
2559.6
2559.6
2559.6
2559.6
2559.6
2559.6
2559.6
2559.6
2559.6
2559.6
2559.6
2559.6
2559.7
2559.7
2559.7
2559.7
2559.7
2559.7
2559.7
2559.8
2559.8
2559.8
2559.8
2559.8
2559.8
2559.8
2559.8
2559.8
2559.8
2559.8
2559.8
2559.8
2559.8
2559.8
2559.9
2559.9
2559.9
2559.9
2559.9
2559.9
2559.9
2560.0
2560.0
2560.0
2560.0
2560.0
2560.0
2560.0
2560.0
2560.1
2560.1
2560.1
2560.2
2560.3
2560.3
2560.3
2560.3
2560.4
2560.4
2560.4
2560.5
2560.5
2560.6
2560.6
2560.9
2561.0
2561.4
2561.5
2561.5
2561.5
2561.7
2561.7
2561.9
2562.2
2562.6
2562.7
2562.8
2563.2
2563.7
2563.8
2564.0
2564.4
2564.4
2564.4
2564.4
2564.6
2564.6
2564.7
2564.7
2564.7
2564.7
2564.7
2564.7
2564.8
2564.8
2564.8
2564.8
2564.8
2564.9
2564.9
2564.9
2564.9
2564.9
2564.9
2564.9
2565.0
2565.0
2565.0
2565.0
2565.0
2565.1
2565.1
2565.1
2565.1
2565.2
2565.2
2565.2
2565.2
2565.2
2565.2
2565.2
2565.3
2565.3
2565.3
2565.4
2565.4
2565.4
2565.4
2565.4
2565.5
2565.5
2565.5
2565.5
2565.6
2565.6
2565.6
2565.7
2565.7
2565.7
2565.7
2565.8
2565.8
2565.9
2565.9
2566.0
2566.0
2566.0
2566.0
2566.1
2566.1
2566.2
2566.4
2566.5
2566.6
2566.6
2566.8
2566.9
2566.9
2567.0
2567.2
2567.2
2567.3
2567.4
2567.5
2568.0
2568.0
2568.7
2568.8
2568.9
2569.0
2569.1
2569.2
2569.8
2570.3
2571.6
2572.4
2573.4
2573.8
2574.0
2574.8
2574.9
2575.1
2575.2
2575.5
2576.0
2576.0
2576.2
2576.4
2576.5
2576.6
2576.6
2576.6
2576.8
2576.8
2576.8
2576.8
2576.9
2577.1
2577.1
2577.4
2577.4
2577.7
2577.8
2578.1
2578.3
2578.4
2578.6
2578.6
2578.6
2578.6
2578.8
2578.9
2579.0
2579.1
2579.3
2579.3
2579.4
2579.4
2579.8
2579.8
2579.8
2580.0
2580.4
2580.6
2580.7
2580.7
2580.9
2581.4
2581.5
2581.8
2581.9
2582.0
2582.1
2582.5
2582.5
2582.5
2582.7
2583.2
2583.2
2583.7
2584.0
2584.4
2585.4
2585.6
2586.0
2586.1
2590.7
2591.9
2592.8
2597.9
2600.7
2603.0
2603.1
2603.2
2603.4
2603.7
2603.9
2603.9
2604.0
2604.0
2604.1
2604.1
2604.2
2604.2
2604.2
2604.2
2604.2
2604.2
2604.2
2604.2
2604.3
2604.3
2604.3
2604.3
2604.3
2604.3
2604.3
2604.3
2604.3
2604.3
2604.3
2604.3
2604.3
2604.3
2604.3
2604.3
2604.3
2604.3
2604.3
2604.3
2604.3
2604.3
2604.3
2604.3
2604.3
2604.3
2604.3
2604.3
2604.3
2604.3
2604.3
2604.3
2604.3
2604.3
2604.3
2604.3
2604.3
2604.3
2604.3
2604.4
2604.4
2604.4
2604.4
2604.4
2604.4
2604.4
2604.4
2604.4
2604.4
2604.4
2604.4
2604.4
2604.4
2604.4
2604.4
2604.5
2604.5
2604.5
2604.5
2604.5
2604.5
2604.5
2604.5
2604.6
2604.6
2604.7
2604.7
2604.8
2604.8
2604.8
2604.8
2604.9
2605.0
2605.2
2605.2
2605.2
2605.2
2605.4
2605.5
2605.6
2606.0
2609.4
2609.5
2609.5
2610.0
2610.7
2611.2
2611.9
2612.0
2612.0
2612.1
2612.1
2612.2
2612.2
2612.3
2612.3
2612.3
2612.4
2612.4
2612.4
2612.4
2612.5
2612.5
2612.5
2612.5
2612.5
2612.5
2612.6
2612.6
2612.6
2612.6
2612.6
2612.6
2612.6
2612.7
2612.7
2612.7
2612.7
2612.7
2612.7
2612.7
2612.7
2612.8
2612.8
2612.8
2612.8
2612.9
2612.9
2612.9
2612.9
2612.9
2613.0
2613.0
2613.0
2613.0
2613.1
2613.1
2613.2
2613.2
2613.2
2613.3
2613.3
2613.3
2613.3
2613.4
2613.4
2613.5
2613.5
2613.5
2613.5
2613.5
2613.6
2613.6
2613.7
2613.7
2613.9
2613.9
2614.1
2614.1
2614.2
2614.9
2615.1
2615.2
2615.7
2616.3
2616.3
2616.4
2617.5
2618.3
2619.1
2619.4
2620.7
2623.0
2625.3
2625.9
2625.9
2626.3
2630.4
2645.1
2720.5
2720.5
2720.5
2720.5
2720.5
2720.5
2720.5
2720.5
2720.5
2720.5
2720.5
2720.5
2720.5
2720.5
2720.5
2720.5
2720.5
2720.5
2720.5
2720.5
2720.5
2720.5
2720.5
2720.5
2720.5
2720.5
2720.5
2720.5
2720.5
2720.5
2720.6
2720.6
2720.6
2720.6
2720.6
2720.6
2720.6
2720.6
2720.6
2720.6
2720.6
2720.6
2720.6
2720.6
2720.6
2720.6
2720.6
2720.6
2720.6
2720.6
2720.6
2720.6
2720.6
2720.6
2720.6
2720.6
2720.6
2720.6
2720.6
2720.6
2720.6
2720.6
2720.6
2720.6
2720.6
2720.6
2720.7
2720.7
2720.7
2720.7
2720.7
2720.7
2720.7
2720.8
2720.8
2720.9
2720.9
2720.9
2720.9
2720.9
2720.9
2721.0
2721.0
2721.0
2721.0
2721.1
2721.3
2721.3
2721.3
2721.6
2721.6
2721.6
2721.8
2721.9
2721.9
2722.1
2722.2
2722.2
2722.2
2722.3
2724.7
2724.7
2724.8
2724.8
2724.8
2724.8
2724.8
2724.8
2724.8
2724.8
2724.8
2724.8
2724.8
2724.8
2724.8
2724.8
2724.8
2724.8
2724.8
2724.8
2724.8
2724.8
2724.8
2724.8
2724.8
2724.8
2724.8
2724.8
2724.8
2724.8
2724.8
2724.8
2724.8
2724.8
2724.8
2724.8
2724.8
2724.8
2724.8
2724.8
2724.8
2724.8
2724.8
2724.8
2724.8
2724.8
2724.8
2724.8
2724.8
2724.8
2724.8
2724.8
2724.8
2724.8
2724.8
2724.8
2724.8
2724.8
2724.8
2724.8
2724.8
2724.8
2724.8
2724.8
2724.8
2724.8
2724.9
2724.9
2724.9
2724.9
2724.9
2724.9
2724.9
2725.1
2725.2
2725.2
2725.3
2725.3
2725.3
2725.3
2725.5
2725.5
2725.5
2725.6
2725.8
2725.8
2726.0
2726.1
2726.3
2726.6
2726.7
2726.8
2727.3
2727.5
2728.0
2728.0
2728.2
2728.2
2728.2
2728.4
2728.7
2728.7
2728.7
2728.7
2728.7
2728.7
2728.7
2728.7
2728.7
2728.7
2728.7
2728.7
2728.8
2728.8
2728.8
2728.8
2728.8
2728.8
2728.8
2728.8
2728.8
2728.8
2728.8
2728.8
2728.8
2728.8
2728.8
2728.8
2728.8
2728.9
2728.9
2728.9
2728.9
2728.9
2728.9
2728.9
2728.9
2728.9
2728.9
2728.9
2728.9
2728.9
2728.9
2728.9
2728.9
2728.9
2729.0
2729.0
2729.0
2729.0
2729.0
2729.0
2729.0
2729.0
2729.0
2729.1
2729.1
2729.1
2729.1
2729.1
2729.1
2729.2
2729.2
2729.2
2729.2
2729.2
2729.2
2729.3
2729.3
2729.3
2729.4
2729.4
2729.4
2729.4
2729.5
2729.7
2729.7
2729.9
2729.9
2730.0
2730.0
2730.1
2730.1
2730.2
2730.5
2730.7
2730.7
2731.0
2731.6
2731.8
2731.9
2732.0
2733.0
2733.0
2733.1
2733.1
2733.2
2733.2
2733.2
2733.2
2733.2
2733.2
2733.2
2733.3
2733.3
2733.3
2733.3
2733.3
2733.3
2733.3
2733.4
2733.4
2733.4
2733.4
2733.4
2733.4
2733.5
2733.5
2733.5
2733.5
2733.5
2733.5
2733.5
2733.5
2733.5
2733.5
2733.6
2733.6
2733.6
2733.6
2733.7
2733.7
2733.7
2733.7
2733.7
2733.7
2733.8
2733.8
2733.8
2733.8
2733.9
2733.9
2733.9
2733.9
2734.0
2734.0
2734.0
2734.0
2734.0
2734.1
2734.1
2734.1
2734.1
2734.1
2734.1
2734.2
2734.2
2734.2
2734.3
2734.3
2734.4
2734.4
2734.5
2734.5
2734.6
2734.6
2734.7
2734.7
2734.8
2734.8
2735.0
2735.0
2735.2
2735.3
2735.4
2735.4
2735.7
2735.8
2735.9
2736.0
2736.1
2736.1
2736.2
2736.6
2736.7
2737.3
2738.2
2738.5
2739.6
2740.0
2740.2
2740.2
2740.3
2740.6
2740.7
2740.7
2740.8
2740.8
2740.9
2740.9
2740.9
2740.9
2740.9
2741.0
2741.1
2741.2
2741.2
2741.3
2741.3
2741.3
2741.4
2741.5
2741.5
2741.5
2741.5
2741.7
2741.7
2741.7
2741.7
2741.8
2741.9
2741.9
2742.1
2742.2
2742.2
2742.2
2742.3
2742.3
2742.3
2742.3
2742.4
2742.4
2742.5
2742.5
2742.6
2742.7
2742.7
2742.8
2742.8
2743.0
2743.0
2743.1
2743.1
2743.3
2743.3
2743.3
2743.4
2743.4
2743.9
2744.3
2744.3
2744.4
2744.4
2744.5
2744.5
2744.7
2745.2
2745.3
2745.5
2745.7
2745.7
2745.8
2746.0
2746.4
2746.9
2746.9
2747.0
2747.1
2748.1
2748.3
2749.0
2749.1
2749.2
2749.2
2750.5
2750.6
2750.6
2750.6
2751.4
2752.0
2752.4
2753.3
2765.1
2776.1
2887.5
2887.5
2887.5
2887.5
2887.5
2887.5
2887.5
2887.5
2887.5
2887.5
2887.5
2887.5
2887.5
2887.5
2887.5
2887.5
2887.5
2887.5
2887.5
2887.5
2887.5
2887.5
2887.5
2887.5
2887.5
2887.5
2887.5
2887.5
2887.5
2887.5
2887.5
2887.5
2887.5
2887.5
2887.5
2887.5
2887.5
2887.5
2887.5
2887.5
2887.5
2887.5
2887.5
2887.5
2887.5
2887.5
2887.5
2887.5
2887.6
2887.6
2887.6
2887.6
2887.6
2887.6
2887.6
2887.6
2887.6
2887.6
2887.6
2887.6
2887.6
2887.6
2887.6
2887.6
2887.6
2887.6
2887.6
2887.6
2887.6
2887.6
2887.6
2887.7
2887.7
2887.7
2887.7
2887.7
2887.7
2887.7
2887.8
2887.8
2887.8
2887.9
2887.9
2887.9
2887.9
2887.9
2888.0
2888.0
2888.0
2888.1
2888.1
2888.1
2888.2
2888.2
2888.3
2888.4
2888.4
2888.4
2888.4
2888.5
2892.1
2892.1
2892.1
2892.1
2892.1
2892.1
2892.1
2892.1
2892.1
2892.1
2892.1
2892.1
2892.1
2892.1
2892.1
2892.1
2892.1
2892.1
2892.1
2892.1
2892.1
2892.1
2892.1
2892.1
2892.1
2892.1
2892.1
2892.1
2892.1
2892.1
2892.1
2892.2
2892.2
2892.2
2892.2
2892.2
2892.2
2892.2
2892.2
2892.2
2892.2
2892.2
2892.2
2892.2
2892.2
2892.2
2892.2
2892.2
2892.2
2892.2
2892.2
2892.2
2892.2
2892.2
2892.2
2892.2
2892.2
2892.2
2892.2
2892.2
2892.2
2892.2
2892.2
2892.3
2892.3
2892.3
2892.3
2892.3
2892.3
2892.3
2892.3
2892.4
2892.4
2892.5
2892.5
2892.6
2892.7
2892.7
2892.9
2892.9
2892.9
2893.1
2893.2
2893.3
2893.5
2893.5
2893.5
2893.5
2893.9
2894.0
2894.0
2894.0
2894.4
2894.4
2894.8
2894.8
2894.8
2895.0
2895.0
2895.1
2895.7
2895.7
2895.8
2895.8
2895.8
2895.8
2895.8
2895.8
2895.9
2895.9
2895.9
2895.9
2895.9
2895.9
2895.9
2895.9
2895.9
2895.9
2895.9
2895.9
2895.9
2895.9
2895.9
2896.0
2896.0
2896.0
2896.0
2896.0
2896.0
2896.0
2896.0
2896.1
2896.1
2896.1
2896.1
2896.1
2896.1
2896.1
2896.1
2896.1
2896.1
2896.1
2896.1
2896.1
2896.1
2896.1
2896.2
2896.2
2896.2
2896.2
2896.2
2896.2
2896.3
2896.3
2896.3
2896.3
2896.3
2896.3
2896.3
2896.3
2896.4
2896.4
2896.4
2896.5
2896.6
2896.6
2896.6
2896.6
2896.7
2896.7
2896.7
2896.8
2896.8
2896.9
2896.9
2897.2
2897.3
2897.7
2897.8
2897.8
2897.9
2898.0
2898.1
2898.2
2898.6
2898.9
2899.0
2899.1
2899.6
2900.1
2900.2
2900.4
2900.5
2900.6
2900.6
2900.6
2900.8
2900.8
2900.8
2900.8
2900.9
2900.9
2900.9
2900.9
2901.0
2901.0
2901.0
2901.0
2901.1
2901.1
2901.1
2901.1
2901.1
2901.1
2901.2
2901.2
2901.2
2901.2
2901.2
2901.2
2901.2
2901.2
2901.2
2901.3
2901.3
2901.3
2901.4
2901.4
2901.4
2901.4
2901.4
2901.4
2901.5
2901.5
2901.5
2901.5
2901.6
2901.6
2901.6
2901.7
2901.7
2901.7
2901.7
2901.7
2901.8
2901.8
2901.8
2901.8
2901.8
2901.8
2902.0
2902.0
2902.0
2902.0
2902.1
2902.1
2902.1
2902.1
2902.2
2902.3
2902.3
2902.4
2902.5
2902.6
2902.7
2902.8
2902.9
2903.1
2903.2
2903.3
2903.3
2903.4
2903.4
2903.5
2903.7
2904.1
2904.2
2904.9
2905.1
2905.1
2905.2
2905.4
2905.5
2906.2
2906.3
2907.9
2908.6
2909.7
2909.9
2910.1
2910.5
2910.6
2910.6
2911.0
2911.3
2911.4
2911.6
2911.7
2911.7
2911.8
2911.8
2911.9
2911.9
2912.0
2912.0
2912.2
2912.2
2912.2
2912.3
2912.3
2913.1
2913.1
2913.2
2913.3
2913.4
2913.5
2913.6
2913.6
2913.6
2913.7
2913.7
2913.8
2913.9
2913.9
2914.0
2914.0
2914.0
2914.2
2914.3
2914.4
2914.5
2914.7
2914.7
2914.8
2915.3
2915.3
2915.5
2915.8
2916.2
2916.2
2916.2
2916.3
2916.3
2916.4
2916.5
2916.6
2916.7
2916.8
2917.1
2917.8
2918.0
2918.1
2918.3
2918.3
2918.9
2919.9
2920.4
2921.3
2921.4
2922.8
2923.4
2923.6
2923.8
2925.4
2925.7
2926.0
2926.2
2929.6
2930.3
2935.8
2939.1
2939.4
2939.5
2939.6
2939.6
2939.7
2939.7
2939.8
2939.8
2939.8
2939.8
2939.8
2939.8
2939.8
2939.8
2939.8
2939.8
2939.8
2939.9
2939.9
2939.9
2939.9
2939.9
2939.9
2939.9
2939.9
2939.9
2939.9
2939.9
2939.9
2939.9
2939.9
2939.9
2939.9
2939.9
2939.9
2939.9
2939.9
2939.9
2939.9
2939.9
2939.9
2939.9
2939.9
2939.9
2939.9
2939.9
2939.9
2939.9
2939.9
2939.9
2939.9
2939.9
2939.9
2939.9
2939.9
2940.0
2940.0
2940.0
2940.0
2940.0
2940.0
2940.0
2940.0
2940.0
2940.0
2940.0
2940.0
2940.0
2940.0
2940.0
2940.0
2940.0
2940.0
2940.0
2940.0
2940.0
2940.0
2940.1
2940.1
2940.1
2940.1
2940.1
2940.2
2940.2
2940.2
2940.2
2940.3
2940.4
2940.4
2940.4
2940.5
2940.6
2940.7
2940.7
2940.8
2940.8
2941.0
2941.2
2941.5
2946.8
2947.2
2947.5
2947.6
2947.7
2947.7
2947.7
2947.8
2947.8
2947.8
2947.8
2947.8
2947.8
2948.0
2948.0
2948.0
2948.1
2948.1
2948.1
2948.1
2948.1
2948.1
2948.1
2948.1
2948.1
2948.1
2948.2
2948.2
2948.2
2948.2
2948.2
2948.3
2948.3
2948.3
2948.3
2948.3
2948.3
2948.3
2948.3
2948.4
2948.4
2948.4
2948.4
2948.4
2948.4
2948.5
2948.5
2948.5
2948.5
2948.5
2948.5
2948.5
2948.5
2948.6
2948.7
2948.7
2948.8
2948.8
2948.8
2948.9
2948.9
2948.9
2948.9
2948.9
2949.0
2949.0
2949.0
2949.1
2949.1
2949.1
2949.1
2949.2
2949.3
2949.3
2949.3
2949.4
2949.5
2949.5
2949.6
2949.6
2950.1
2950.2
2950.6
2951.2
2951.7
2951.8
2952.0
2953.9
2954.2
2954.4
2955.2
2955.7
2959.3
2960.1
2960.3
2960.5
2963.7
2970.6
